1351	782
1352	782
1352	783
1353	783
1353	784
1357	784
1357	786
1356	786
1356	790
1355	790
1355	791
1356	791
1356	792
1355	792
1355	793
1356	793
1356	794
1355	794
1355	797
1356	797
1356	798
1357	798
1357	803
1359	803
1359	804
1360	804
1360	808
1361	808
1361	813
1360	813
1360	815
1361	815
1361	816
1357	816
1357	836
1358	836
1358	838
1361	838
1361	840
1362	840
1362	852
1363	852
1363	853
1365	853
1365	859
1366	859
1366	860
1367	860
1367	861
1366	861
1366	862
1367	862
1367	866
1368	866
1368	867
1369	867
1369	868
1371	868
1371	873
1372	873
1372	882
1373	882
1373	883
1374	883
1374	887
1375	887
1375	890
1376	890
1376	891
1375	891
1375	893
1373	893
1373	894
1370	894
1370	902
1371	902
1371	904
1372	904
1372	907
1373	907
1373	908
1374	908
1374	910
1377	910
1377	917
1380	917
1380	920
1381	920
1381	922
1382	922
1382	937
1385	937
1385	938
1386	938
1386	943
1387	943
1387	944
1386	944
1386	946
1387	946
1387	952
1390	952
1390	958
1391	958
1391	960
1388	960
1388	961
1387	961
1387	964
1386	964
1386	966
1385	966
1385	973
1386	973
1386	975
1387	975
1387	977
1389	977
1389	981
1390	981
1390	983
1391	983
1391	984
1392	984
1392	991
1393	991
1393	992
1395	992
1395	996
1396	996
1396	1001
1397	1001
1397	1007
1400	1007
1400	1010
1399	1010
1399	1015
1392	1015
1392	1027
1393	1027
1393	1028
1394	1028
1394	1029
1395	1029
1395	1032
1396	1032
1396	1034
1397	1034
1397	1037
1398	1037
1398	1041
1399	1041
1399	1042
1400	1042
1400	1044
1401	1044
1401	1049
1402	1049
1402	1056
1403	1056
1403	1057
1404	1057
1404	1058
1405	1058
1405	1072
1406	1072
1406	1077
1404	1077
1404	1078
1400	1078
1400	1091
1401	1091
1401	1094
1402	1094
1402	1096
1404	1096
1404	1098
1405	1098
1405	1103
1406	1103
1406	1105
1407	1105
1407	1111
1409	1111
1409	1112
1410	1112
1410	1118
1411	1118
1411	1120
1412	1120
1412	1126
1414	1126
1414	1128
1415	1128
1415	1140
1416	1140
1416	1149
1415	1149
1415	1152
1414	1152
1414	1150
1413	1150
1413	1149
1405	1149
1405	1154
1404	1154
1404	1155
1405	1155
1405	1156
1404	1156
1404	1157
1405	1157
1405	1161
1406	1161
1406	1162
1407	1162
1407	1166
1409	1166
1409	1167
1410	1167
1410	1168
1411	1168
1411	1169
1412	1169
1412	1175
1414	1175
1414	1176
1415	1176
1415	1183
1414	1183
1414	1185
1415	1185
1415	1186
1416	1186
1416	1200
1417	1200
1417	1205
1419	1205
1419	1225
1414	1225
1414	1224
1413	1224
1413	1225
1411	1225
1411	1245
1412	1245
1412	1250
1414	1250
1414	1251
1415	1251
1415	1264
1416	1264
1416	1274
1417	1274
1417	1280
1419	1280
1419	1284
1420	1284
1420	1286
1419	1286
1419	1288
1420	1288
1420	1293
1419	1293
1419	1291
1416	1291
1416	1289
1415	1289
1415	1288
1407	1288
1407	1289
1406	1289
1406	1299
1407	1299
1407	1300
1411	1300
1411	1307
1412	1307
1412	1324
1413	1324
1413	1325
1414	1325
1414	1326
1415	1326
1415	1338
1416	1338
1416	1344
1417	1344
1417	1356
1416	1356
1416	1357
1405	1357
1405	1358
1404	1358
1404	1369
1405	1369
1405	1370
1406	1370
1406	1372
1405	1372
1405	1373
1406	1373
1406	1375
1407	1375
1407	1379
1406	1379
1406	1387
1407	1387
1407	1414
1401	1414
1401	1417
1400	1417
1400	1419
1401	1419
1401	1421
1400	1421
1400	1422
1401	1422
1401	1424
1402	1424
1402	1429
1401	1429
1401	1462
1400	1462
1400	1463
1401	1463
1401	1465
1400	1465
1400	1466
1399	1466
1399	1467
1394	1467
1394	1488
1395	1488
1395	1491
1393	1491
1393	1492
1392	1492
1392	1510
1391	1510
1391	1530
1392	1530
1392	1537
1391	1537
1391	1548
1392	1548
1392	1582
1391	1582
1391	1592
1392	1592
1392	1657
1393	1657
1393	1658
1395	1658
1395	1670
1394	1670
1394	1682
1395	1682
1395	1698
1396	1698
1396	1700
1395	1700
1395	1702
1396	1702
1396	1704
1395	1704
1395	1705
1396	1705
1396	1709
1395	1709
1395	1710
1396	1710
1396	1720
1397	1720
1397	1731
1398	1731
1398	1732
1399	1732
1399	1737
1400	1737
1400	1757
1401	1757
1401	1759
1400	1759
1400	1760
1401	1760
1401	1764
1402	1764
1402	1772
1403	1772
1403	1776
1404	1776
1404	1777
1406	1777
1406	1780
1407	1780
1407	1781
1406	1781
1406	1783
1407	1783
1407	1796
1408	1796
1408	1797
1410	1797
1410	1798
1409	1798
1409	1799
1410	1799
1410	1800
1409	1800
1409	1803
1410	1803
1410	1804
1411	1804
1411	1805
1412	1805
1412	1806
1411	1806
1411	1816
1412	1816
1412	1826
1411	1826
1411	1824
1410	1824
1410	1821
1409	1821
1409	1820
1408	1820
1408	1818
1407	1818
1407	1815
1406	1815
1406	1814
1405	1814
1405	1812
1404	1812
1404	1810
1403	1810
1403	1809
1402	1809
1402	1800
1400	1800
1400	1798
1399	1798
1399	1795
1398	1795
1398	1790
1397	1790
1397	1788
1396	1788
1396	1786
1394	1786
1394	1775
1392	1775
1392	1774
1391	1774
1391	1773
1392	1773
1392	1771
1391	1771
1391	1769
1390	1769
1390	1768
1391	1768
1391	1766
1390	1766
1390	1765
1389	1765
1389	1756
1388	1756
1388	1755
1387	1755
1387	1746
1386	1746
1386	1741
1385	1741
1385	1739
1384	1739
1384	1730
1383	1730
1383	1725
1382	1725
1382	1716
1381	1716
1381	1712
1380	1712
1380	1705
1379	1705
1379	1686
1378	1686
1378	1685
1377	1685
1377	1677
1376	1677
1376	1675
1375	1675
1375	1666
1374	1666
1374	1651
1373	1651
1373	1647
1372	1647
1372	1637
1371	1637
1371	1627
1370	1627
1370	1625
1369	1625
1369	1606
1367	1606
1367	1604
1366	1604
1366	1590
1365	1590
1365	1589
1366	1589
1366	1587
1365	1587
1365	1585
1364	1585
1364	1584
1365	1584
1365	1583
1364	1583
1364	1580
1365	1580
1365	1578
1364	1578
1364	1571
1362	1571
1362	1566
1361	1566
1361	1565
1360	1565
1360	1564
1361	1564
1361	1563
1360	1563
1360	1561
1359	1561
1359	1542
1358	1542
1358	1541
1357	1541
1357	1538
1356	1538
1356	1532
1355	1532
1355	1531
1354	1531
1354	1512
1352	1512
1352	1497
1351	1497
1351	1496
1350	1496
1350	1489
1349	1489
1349	1482
1347	1482
1347	1481
1346	1481
1346	1480
1347	1480
1347	1479
1346	1479
1346	1473
1345	1473
1345	1458
1344	1458
1344	1457
1337	1457
1337	1456
1336	1456
1336	1447
1335	1447
1335	1437
1334	1437
1334	1427
1331	1427
1331	1426
1330	1426
1330	1424
1332	1424
1332	1414
1334	1414
1334	1402
1325	1402
1325	1378
1324	1378
1324	1372
1322	1372
1322	1345
1317	1345
1317	1317
1306	1317
1306	1314
1305	1314
1305	1308
1304	1308
1304	1303
1302	1303
1302	1294
1301	1294
1301	1279
1300	1279
1300	1273
1299	1273
1299	1259
1300	1259
1300	1249
1299	1249
1299	1248
1288	1248
1288	1244
1287	1244
1287	1229
1286	1229
1286	1219
1285	1219
1285	1190
1286	1190
1286	1185
1287	1185
1287	1174
1278	1174
1278	1176
1277	1176
1277	1177
1276	1177
1276	1178
1274	1178
1274	1177
1275	1177
1275	1170
1274	1170
1274	1168
1275	1168
1275	1159
1274	1159
1274	1158
1275	1158
1275	1154
1273	1154
1273	1153
1270	1153
1270	1151
1274	1151
1274	1148
1275	1148
1275	1147
1274	1147
1274	1145
1275	1145
1275	1144
1274	1144
1274	1141
1275	1141
1275	1124
1276	1124
1276	1123
1275	1123
1275	1117
1276	1117
1276	1116
1275	1116
1275	1114
1266	1114
1266	1110
1265	1110
1265	1052
1266	1052
1266	1051
1267	1051
1267	1038
1257	1038
1257	1029
1256	1029
1256	1027
1257	1027
1257	1000
1255	1000
1255	998
1257	998
1257	997
1258	997
1258	989
1257	989
1257	988
1256	988
1256	987
1255	987
1255	986
1253	986
1253	987
1251	987
1251	986
1249	986
1249	987
1248	987
1248	989
1246	989
1246	990
1240	990
1240	989
1239	989
1239	990
1237	990
1237	1002
1238	1002
1238	1017
1243	1017
1243	1019
1239	1019
1239	1020
1238	1020
1238	1038
1229	1038
1229	1039
1228	1039
1228	1046
1229	1046
1229	1051
1230	1051
1230	1052
1231	1052
1231	1056
1232	1056
1232	1061
1233	1061
1233	1092
1232	1092
1232	1100
1231	1100
1231	1105
1230	1105
1230	1109
1229	1109
1229	1110
1228	1110
1228	1114
1221	1114
1221	1127
1222	1127
1222	1130
1223	1130
1223	1131
1218	1131
1218	1176
1217	1176
1217	1177
1216	1177
1216	1179
1207	1179
1207	1191
1208	1191
1208	1240
1207	1240
1207	1250
1206	1250
1206	1251
1205	1251
1205	1249
1204	1249
1204	1248
1202	1248
1202	1247
1194	1247
1194	1248
1193	1248
1193	1264
1194	1264
1194	1266
1198	1266
1198	1268
1196	1268
1196	1283
1193	1283
1193	1318
1192	1318
1192	1329
1191	1329
1191	1332
1190	1332
1190	1333
1188	1333
1188	1331
1186	1331
1186	1330
1185	1330
1185	1331
1184	1331
1184	1330
1179	1330
1179	1339
1180	1339
1180	1340
1181	1340
1181	1344
1180	1344
1180	1353
1181	1353
1181	1377
1179	1377
1179	1380
1178	1380
1178	1381
1179	1381
1179	1383
1178	1383
1178	1388
1177	1388
1177	1404
1175	1404
1175	1402
1172	1402
1172	1400
1163	1400
1163	1412
1162	1412
1162	1413
1161	1413
1161	1432
1159	1432
1159	1437
1158	1437
1158	1442
1157	1442
1157	1447
1156	1447
1156	1452
1154	1452
1154	1463
1153	1463
1153	1464
1154	1464
1154	1465
1153	1465
1153	1466
1154	1466
1154	1467
1153	1467
1153	1470
1150	1470
1150	1471
1144	1471
1144	1472
1143	1472
1143	1488
1142	1488
1142	1497
1141	1497
1141	1502
1140	1502
1140	1506
1139	1506
1139	1512
1138	1512
1138	1515
1137	1515
1137	1517
1136	1517
1136	1521
1135	1521
1135	1522
1134	1522
1134	1541
1133	1541
1133	1542
1131	1542
1131	1543
1130	1543
1130	1542
1129	1542
1129	1543
1128	1543
1128	1542
1127	1542
1127	1543
1126	1543
1126	1556
1125	1556
1125	1557
1124	1557
1124	1563
1123	1563
1123	1571
1122	1571
1122	1572
1121	1572
1121	1576
1122	1576
1122	1578
1121	1578
1121	1581
1119	1581
1119	1611
1118	1611
1118	1616
1117	1616
1117	1620
1116	1620
1116	1622
1117	1622
1117	1624
1116	1624
1116	1626
1114	1626
1114	1637
1113	1637
1113	1652
1112	1652
1112	1655
1113	1655
1113	1656
1112	1656
1112	1657
1113	1657
1113	1659
1112	1659
1112	1670
1110	1670
1110	1671
1109	1671
1109	1687
1108	1687
1108	1696
1109	1696
1109	1698
1108	1698
1108	1710
1107	1710
1107	1711
1106	1711
1106	1727
1107	1727
1107	1730
1106	1730
1106	1735
1104	1735
1104	1743
1103	1743
1103	1744
1104	1744
1104	1745
1103	1745
1103	1747
1104	1747
1104	1748
1103	1748
1103	1754
1102	1754
1102	1756
1101	1756
1101	1766
1100	1766
1100	1770
1099	1770
1099	1785
1098	1785
1098	1797
1097	1797
1097	1800
1095	1800
1095	1804
1094	1804
1094	1811
1093	1811
1093	1814
1092	1814
1092	1815
1091	1815
1091	1824
1090	1824
1090	1825
1089	1825
1089	1831
1088	1831
1088	1835
1087	1835
1087	1838
1086	1838
1086	1844
1084	1844
1084	1848
1083	1848
1083	1849
1084	1849
1084	1850
1083	1850
1083	1853
1082	1853
1082	1854
1081	1854
1081	1858
1080	1858
1080	1860
1079	1860
1079	1874
1075	1874
1075	1875
1074	1875
1074	1880
1073	1880
1073	1882
1072	1882
1072	1886
1071	1886
1071	1887
1070	1887
1070	1888
1069	1888
1069	1892
1068	1892
1068	1894
1067	1894
1067	1896
1066	1896
1066	1898
1065	1898
1065	1900
1064	1900
1064	1902
1063	1902
1063	1905
1062	1905
1062	1908
1060	1908
1060	1909
1059	1909
1059	1913
1058	1913
1058	1914
1057	1914
1057	1915
1056	1915
1056	1916
1054	1916
1054	1919
1053	1919
1053	1921
1052	1921
1052	1923
1051	1923
1051	1925
1052	1925
1052	1926
1051	1926
1051	1925
1049	1925
1049	1922
1048	1922
1048	1921
1049	1921
1049	1920
1050	1920
1050	1916
1051	1916
1051	1901
1055	1901
1055	1900
1056	1900
1056	1898
1057	1898
1057	1896
1058	1896
1058	1895
1059	1895
1059	1892
1060	1892
1060	1891
1061	1891
1061	1878
1062	1878
1062	1877
1063	1877
1063	1875
1064	1875
1064	1874
1063	1874
1063	1871
1066	1871
1066	1866
1067	1866
1067	1856
1068	1856
1068	1855
1069	1855
1069	1854
1068	1854
1068	1852
1069	1852
1069	1851
1071	1851
1071	1846
1072	1846
1072	1836
1073	1836
1073	1827
1074	1827
1074	1826
1076	1826
1076	1811
1077	1811
1077	1801
1078	1801
1078	1798
1079	1798
1079	1789
1078	1789
1078	1783
1079	1783
1079	1782
1078	1782
1078	1779
1077	1779
1077	1776
1076	1776
1076	1773
1077	1773
1077	1772
1081	1772
1081	1757
1082	1757
1082	1732
1083	1732
1083	1687
1084	1687
1084	1670
1083	1670
1083	1601
1082	1601
1082	1600
1081	1600
1081	1599
1082	1599
1082	1597
1083	1597
1083	1581
1082	1581
1082	1577
1083	1577
1083	1576
1082	1576
1082	1574
1083	1574
1083	1573
1082	1573
1082	1571
1081	1571
1081	1552
1080	1552
1080	1551
1079	1551
1079	1550
1078	1550
1078	1549
1077	1549
1077	1547
1078	1547
1078	1526
1076	1526
1076	1523
1078	1523
1078	1506
1077	1506
1077	1505
1076	1505
1076	1501
1072	1501
1072	1496
1071	1496
1071	1492
1072	1492
1072	1488
1071	1488
1071	1487
1072	1487
1072	1484
1071	1484
1071	1474
1072	1474
1072	1472
1073	1472
1073	1458
1072	1458
1072	1456
1071	1456
1071	1455
1072	1455
1072	1454
1076	1454
1076	1442
1065	1442
1065	1441
1064	1441
1064	1442
1062	1442
1062	1440
1061	1440
1061	1439
1062	1439
1062	1438
1061	1438
1061	1437
1060	1437
1060	1434
1067	1434
1067	1433
1068	1433
1068	1417
1067	1417
1067	1410
1070	1410
1070	1409
1071	1409
1071	1399
1072	1399
1072	1398
1073	1398
1073	1394
1076	1394
1076	1383
1075	1383
1075	1382
1067	1382
1067	1378
1066	1378
1066	1373
1067	1373
1067	1368
1068	1368
1068	1367
1067	1367
1067	1365
1068	1365
1068	1363
1069	1363
1069	1362
1068	1362
1068	1359
1069	1359
1069	1358
1068	1358
1068	1352
1067	1352
1067	1350
1071	1350
1071	1347
1072	1347
1072	1344
1074	1344
1074	1339
1076	1339
1076	1328
1069	1328
1069	1322
1068	1322
1068	1319
1069	1319
1069	1316
1068	1316
1068	1313
1067	1313
1067	1305
1071	1305
1071	1295
1073	1295
1073	1285
1076	1285
1076	1279
1077	1279
1077	1277
1078	1277
1078	1269
1079	1269
1079	1268
1078	1268
1078	1266
1069	1266
1069	1267
1067	1267
1067	1268
1063	1268
1063	1266
1064	1266
1064	1265
1066	1265
1066	1260
1067	1260
1067	1246
1070	1246
1070	1245
1071	1245
1071	1240
1073	1240
1073	1231
1074	1231
1074	1230
1076	1230
1076	1223
1077	1223
1077	1221
1078	1221
1078	1216
1079	1216
1079	1215
1081	1215
1081	1206
1072	1206
1072	1207
1070	1207
1070	1208
1068	1208
1068	1207
1069	1207
1069	1206
1068	1206
1068	1203
1067	1203
1067	1201
1071	1201
1071	1195
1072	1195
1072	1190
1073	1190
1073	1176
1075	1176
1075	1175
1076	1175
1076	1171
1077	1171
1077	1170
1078	1170
1078	1152
1079	1152
1079	1151
1081	1151
1081	1148
1082	1148
1082	1138
1081	1138
1081	1135
1071	1135
1071	1131
1072	1131
1072	1129
1071	1129
1071	1128
1072	1128
1072	1127
1071	1127
1071	1123
1072	1123
1072	1121
1073	1121
1073	1122
1075	1122
1075	1121
1076	1121
1076	1116
1077	1116
1077	1104
1076	1104
1076	1102
1080	1102
1080	1101
1081	1101
1081	1098
1082	1098
1082	1096
1083	1096
1083	1082
1085	1082
1085	1081
1086	1081
1086	1079
1087	1079
1087	1069
1086	1069
1086	1065
1085	1065
1085	1064
1083	1064
1083	1052
1085	1052
1085	1051
1086	1051
1086	1046
1087	1046
1087	1042
1088	1042
1088	1037
1089	1037
1089	1036
1091	1036
1091	1031
1092	1031
1092	1022
1091	1022
1091	1012
1096	1012
1096	1010
1097	1010
1097	1008
1098	1008
1098	1007
1100	1007
1100	1006
1101	1006
1101	996
1100	996
1100	995
1093	995
1093	987
1095	987
1095	986
1096	986
1096	970
1098	970
1098	969
1099	969
1099	967
1101	967
1101	957
1103	957
1103	954
1104	954
1104	952
1106	952
1106	947
1107	947
1107	944
1108	944
1108	942
1110	942
1110	941
1111	941
1111	931
1110	931
1110	930
1108	930
1108	929
1106	929
1106	926
1107	926
1107	924
1108	924
1108	918
1109	918
1109	917
1110	917
1110	916
1111	916
1111	912
1112	912
1112	907
1113	907
1113	903
1115	903
1115	902
1116	902
1116	888
1120	888
1120	887
1121	887
1121	876
1118	876
1118	861
1116	861
1116	858
1120	858
1120	857
1121	857
1121	846
1122	846
1122	836
1121	836
1121	833
1122	833
1122	834
1123	834
1123	833
1126	833
1126	828
1127	828
1127	823
1130	823
1130	820
1131	820
1131	816
1132	816
1132	815
1133	815
1133	807
1132	807
1132	806
1128	806
1128	793
1131	793
1131	787
1132	787
1132	783
1133	783
1133	779
1134	779
1134	778
1135	778
1135	777
1136	777
1136	776
1135	776
1135	773
1136	773
1136	771
1137	771
1137	768
1138	768
1138	764
1139	764
1139	763
1141	763
1141	757
1142	757
1142	755
1143	755
1143	754
1144	754
1144	753
1146	753
1146	752
1145	752
1145	749
1146	749
1146	735
1145	735
1145	731
1141	731
1141	729
1145	729
1145	724
1146	724
1146	714
1147	714
1147	713
1148	713
1148	704
1150	704
1150	701
1151	701
1151	684
1156	684
1156	660
1157	660
1157	659
1158	659
1158	654
1160	654
1160	649
1161	649
1161	644
1163	644
1163	639
1165	639
1165	634
1166	634
1166	629
1168	629
1168	624
1170	624
1170	621
1171	621
1171	618
1172	618
1172	615
1173	615
1173	614
1175	614
1175	608
1176	608
1176	600
1180	600
1180	599
1181	599
1181	597
1180	597
1180	592
1181	592
1181	591
1180	591
1180	588
1181	588
1181	585
1182	585
1182	584
1183	584
1183	583
1182	583
1182	582
1183	582
1183	580
1185	580
1185	578
1186	578
1186	577
1185	577
1185	575
1187	575
1187	568
1188	568
1188	565
1190	565
1190	562
1191	562
1191	559
1192	559
1192	550
1184	550
1184	551
1183	551
1183	552
1182	552
1182	553
1181	553
1181	557
1180	557
1180	558
1179	558
1179	560
1178	560
1178	561
1177	561
1177	565
1176	565
1176	568
1174	568
1174	569
1173	569
1173	576
1172	576
1172	578
1169	578
1169	579
1168	579
1168	581
1167	581
1167	588
1164	588
1164	590
1163	590
1163	596
1162	596
1162	602
1161	602
1161	603
1159	603
1159	604
1158	604
1158	610
1157	610
1157	611
1156	611
1156	613
1154	613
1154	614
1153	614
1153	615
1154	615
1154	616
1153	616
1153	617
1154	617
1154	618
1153	618
1153	627
1149	627
1149	628
1148	628
1148	629
1147	629
1147	632
1145	632
1145	633
1144	633
1144	638
1143	638
1143	640
1141	640
1141	641
1140	641
1140	642
1138	642
1138	643
1136	643
1136	642
1135	642
1135	643
1134	643
1134	650
1133	650
1133	652
1132	652
1132	654
1131	654
1131	657
1129	657
1129	664
1128	664
1128	667
1125	667
1125	672
1124	672
1124	673
1123	673
1123	676
1122	676
1122	677
1120	677
1120	678
1119	678
1119	684
1118	684
1118	685
1117	685
1117	686
1116	686
1116	687
1114	687
1114	694
1112	694
1112	696
1111	696
1111	697
1109	697
1109	704
1107	704
1107	705
1104	705
1104	707
1099	707
1099	715
1098	715
1098	717
1097	717
1097	720
1096	720
1096	722
1094	722
1094	726
1093	726
1093	734
1094	734
1094	736
1090	736
1090	737
1089	737
1089	746
1088	746
1088	747
1087	747
1087	746
1086	746
1086	747
1084	747
1084	752
1083	752
1083	753
1082	753
1082	756
1081	756
1081	757
1079	757
1079	762
1077	762
1077	766
1074	766
1074	764
1073	764
1073	762
1064	762
1064	767
1063	767
1063	771
1062	771
1062	776
1061	776
1061	777
1060	777
1060	778
1059	778
1059	783
1058	783
1058	786
1057	786
1057	789
1056	789
1056	792
1054	792
1054	798
1053	798
1053	801
1051	801
1051	802
1050	802
1050	803
1049	803
1049	811
1048	811
1048	812
1047	812
1047	816
1045	816
1045	822
1044	822
1044	826
1043	826
1043	828
1042	828
1042	831
1040	831
1040	832
1039	832
1039	833
1040	833
1040	834
1039	834
1039	835
1038	835
1038	836
1036	836
1036	835
1037	835
1037	834
1036	834
1036	832
1037	832
1037	831
1027	831
1027	838
1026	838
1026	845
1025	845
1025	852
1024	852
1024	854
1023	854
1023	855
1022	855
1022	856
1020	856
1020	857
1019	857
1019	864
1018	864
1018	865
1017	865
1017	871
1015	871
1015	875
1014	875
1014	877
1013	877
1013	879
1012	879
1012	881
1011	881
1011	885
1010	885
1010	888
1008	888
1008	890
1007	890
1007	891
1005	891
1005	894
1004	894
1004	896
1003	896
1003	898
1001	898
1001	896
992	896
992	901
990	901
990	908
989	908
989	915
988	915
988	918
987	918
987	921
985	921
985	926
984	926
984	932
983	932
983	934
982	934
982	936
980	936
980	941
979	941
979	943
978	943
978	945
977	945
977	946
976	946
976	950
975	950
975	952
974	952
974	953
973	953
973	954
972	954
972	956
970	956
970	960
967	960
967	957
958	957
958	962
957	962
957	965
956	965
956	966
955	966
955	973
954	973
954	976
953	976
953	979
952	979
952	980
951	980
951	981
950	981
950	987
949	987
949	990
948	990
948	995
946	995
946	996
945	996
945	999
944	999
944	1001
943	1001
943	1004
942	1004
942	1005
941	1005
941	1006
940	1006
940	1013
939	1013
939	1014
938	1014
938	1015
937	1015
937	1011
936	1011
936	1010
935	1010
935	1009
934	1009
934	1008
926	1008
926	1009
925	1009
925	1015
924	1015
924	1027
925	1027
925	1029
922	1029
922	1030
921	1030
921	1031
920	1031
920	1037
919	1037
919	1038
918	1038
918	1039
915	1039
915	1048
914	1048
914	1050
913	1050
913	1054
911	1054
911	1055
910	1055
910	1059
909	1059
909	1061
908	1061
908	1065
905	1065
905	1068
906	1068
906	1069
905	1069
905	1071
904	1071
904	1074
903	1074
903	1076
902	1076
902	1079
901	1079
901	1080
900	1080
900	1082
899	1082
899	1083
898	1083
898	1085
896	1085
896	1086
894	1086
894	1083
893	1083
893	1081
892	1081
892	1079
883	1079
883	1081
882	1081
882	1083
883	1083
883	1084
882	1084
882	1085
881	1085
881	1088
880	1088
880	1092
879	1092
879	1096
878	1096
878	1099
876	1099
876	1105
875	1105
875	1108
874	1108
874	1110
873	1110
873	1112
871	1112
871	1115
870	1115
870	1122
868	1122
868	1124
866	1124
866	1125
865	1125
865	1127
864	1127
864	1128
863	1128
863	1129
861	1129
861	1134
860	1134
860	1140
859	1140
859	1141
858	1141
858	1142
857	1142
857	1143
855	1143
855	1145
854	1145
854	1146
853	1146
853	1145
852	1145
852	1143
851	1143
851	1142
850	1142
850	1141
848	1141
848	1140
840	1140
840	1143
839	1143
839	1154
836	1154
836	1157
831	1157
831	1162
830	1162
830	1165
829	1165
829	1169
826	1169
826	1175
825	1175
825	1178
824	1178
824	1179
823	1179
823	1184
820	1184
820	1185
819	1185
819	1188
818	1188
818	1189
816	1189
816	1192
815	1192
815	1193
814	1193
814	1196
813	1196
813	1199
811	1199
811	1202
808	1202
808	1199
806	1199
806	1198
801	1198
801	1199
799	1199
799	1198
797	1198
797	1199
796	1199
796	1203
795	1203
795	1206
794	1206
794	1209
793	1209
793	1213
792	1213
792	1214
791	1214
791	1215
790	1215
790	1218
789	1218
789	1219
788	1219
788	1223
787	1223
787	1224
785	1224
785	1226
784	1226
784	1228
782	1228
782	1229
781	1229
781	1233
779	1233
779	1234
778	1234
778	1238
777	1238
777	1239
776	1239
776	1240
775	1240
775	1241
774	1241
774	1242
773	1242
773	1243
772	1243
772	1244
771	1244
771	1248
770	1248
770	1247
769	1247
769	1249
768	1249
768	1253
767	1253
767	1254
766	1254
766	1257
765	1257
765	1256
755	1256
755	1261
754	1261
754	1262
752	1262
752	1264
751	1264
751	1269
747	1269
747	1271
746	1271
746	1275
745	1275
745	1276
744	1276
744	1277
742	1277
742	1279
741	1279
741	1281
740	1281
740	1282
739	1282
739	1283
737	1283
737	1285
736	1285
736	1286
735	1286
735	1287
734	1287
734	1288
732	1288
732	1291
731	1291
731	1292
730	1292
730	1293
729	1293
729	1298
727	1298
727	1299
726	1299
726	1302
725	1302
725	1303
716	1303
716	1306
715	1306
715	1309
714	1309
714	1310
713	1310
713	1311
712	1311
712	1313
711	1313
711	1315
710	1315
710	1316
709	1316
709	1317
708	1317
708	1318
707	1318
707	1320
705	1320
705	1323
702	1323
702	1326
701	1326
701	1328
700	1328
700	1329
699	1329
699	1330
697	1330
697	1332
696	1332
696	1333
697	1333
697	1334
696	1334
696	1335
693	1335
693	1336
692	1336
692	1337
691	1337
691	1340
690	1340
690	1343
688	1343
688	1348
681	1348
681	1350
680	1350
680	1352
679	1352
679	1353
677	1353
677	1356
676	1356
676	1362
671	1362
671	1363
670	1363
670	1364
671	1364
671	1365
670	1365
670	1366
667	1366
667	1369
666	1369
666	1370
665	1370
665	1371
664	1371
664	1372
663	1372
663	1373
662	1373
662	1374
661	1374
661	1375
660	1375
660	1376
659	1376
659	1377
658	1377
658	1378
657	1378
657	1381
656	1381
656	1382
655	1382
655	1384
654	1384
654	1385
653	1385
653	1386
652	1386
652	1388
650	1388
650	1390
649	1390
649	1391
648	1391
648	1392
647	1392
647	1394
646	1394
646	1396
645	1396
645	1397
644	1397
644	1398
643	1398
643	1399
642	1399
642	1401
641	1401
641	1402
640	1402
640	1404
639	1404
639	1406
638	1406
638	1407
637	1407
637	1409
636	1409
636	1410
635	1410
635	1412
633	1412
633	1414
632	1414
632	1416
631	1416
631	1417
630	1417
630	1418
629	1418
629	1421
628	1421
628	1423
627	1423
627	1424
626	1424
626	1425
625	1425
625	1426
624	1426
624	1427
623	1427
623	1429
622	1429
622	1430
621	1430
621	1432
619	1432
619	1433
618	1433
618	1436
617	1436
617	1439
616	1439
616	1440
615	1440
615	1441
614	1441
614	1442
613	1442
613	1443
612	1443
612	1445
611	1445
611	1447
610	1447
610	1449
609	1449
609	1450
608	1450
608	1451
607	1451
607	1454
606	1454
606	1455
605	1455
605	1456
604	1456
604	1457
603	1457
603	1458
602	1458
602	1462
601	1462
601	1463
600	1463
600	1464
599	1464
599	1465
598	1465
598	1466
597	1466
597	1469
596	1469
596	1471
595	1471
595	1472
593	1472
593	1474
592	1474
592	1475
591	1475
591	1477
590	1477
590	1479
589	1479
589	1480
588	1480
588	1482
587	1482
587	1484
586	1484
586	1485
585	1485
585	1486
584	1486
584	1487
583	1487
583	1489
582	1489
582	1490
581	1490
581	1492
578	1492
578	1496
577	1496
577	1498
576	1498
576	1500
574	1500
574	1501
573	1501
573	1503
572	1503
572	1504
571	1504
571	1505
570	1505
570	1507
568	1507
568	1509
567	1509
567	1510
566	1510
566	1511
564	1511
564	1512
565	1512
565	1513
563	1513
563	1515
562	1515
562	1516
561	1516
561	1518
560	1518
560	1519
559	1519
559	1520
558	1520
558	1521
557	1521
557	1522
556	1522
556	1525
555	1525
555	1526
553	1526
553	1529
551	1529
551	1531
549	1531
549	1532
548	1532
548	1534
547	1534
547	1535
546	1535
546	1537
545	1537
545	1539
542	1539
542	1540
541	1540
541	1542
540	1542
540	1544
538	1544
538	1546
536	1546
536	1549
534	1549
534	1550
533	1550
533	1552
532	1552
532	1553
531	1553
531	1554
530	1554
530	1555
529	1555
529	1561
521	1561
521	1563
520	1563
520	1564
519	1564
519	1565
518	1565
518	1566
516	1566
516	1567
515	1567
515	1569
512	1569
512	1570
511	1570
511	1571
509	1571
509	1572
508	1572
508	1573
507	1573
507	1574
505	1574
505	1575
503	1575
503	1576
502	1576
502	1577
501	1577
501	1579
499	1579
499	1580
498	1580
498	1581
497	1581
497	1582
496	1582
496	1584
494	1584
494	1585
492	1585
492	1586
489	1586
489	1587
488	1587
488	1590
487	1590
487	1592
482	1592
482	1593
479	1593
479	1594
477	1594
477	1595
476	1595
476	1596
474	1596
474	1597
473	1597
473	1599
470	1599
470	1600
466	1600
466	1601
464	1601
464	1602
463	1602
463	1603
461	1603
461	1598
465	1598
465	1595
466	1595
466	1593
469	1593
469	1592
470	1592
470	1588
476	1588
476	1586
477	1586
477	1584
480	1584
480	1582
481	1582
481	1581
482	1581
482	1580
483	1580
483	1579
484	1579
484	1578
485	1578
485	1575
490	1575
490	1573
491	1573
491	1572
490	1572
490	1570
491	1570
491	1568
492	1568
492	1569
494	1569
494	1568
495	1568
495	1564
496	1564
496	1563
497	1563
497	1564
498	1564
498	1563
500	1563
500	1559
506	1559
506	1558
509	1558
509	1557
510	1557
510	1554
511	1554
511	1553
514	1553
514	1552
515	1552
515	1549
516	1549
516	1548
519	1548
519	1546
520	1546
520	1539
524	1539
524	1538
525	1538
525	1537
526	1537
526	1536
527	1536
527	1535
528	1535
528	1534
529	1534
529	1533
530	1533
530	1531
531	1531
531	1530
532	1530
532	1529
534	1529
534	1528
535	1528
535	1524
536	1524
536	1523
537	1523
537	1519
538	1519
538	1518
540	1518
540	1517
541	1517
541	1515
543	1515
543	1514
544	1514
544	1512
545	1512
545	1508
549	1508
549	1504
550	1504
550	1503
551	1503
551	1501
552	1501
552	1499
554	1499
554	1498
555	1498
555	1496
556	1496
556	1494
557	1494
557	1493
559	1493
559	1489
560	1489
560	1487
561	1487
561	1485
562	1485
562	1484
564	1484
564	1482
565	1482
565	1474
569	1474
569	1473
570	1473
570	1471
571	1471
571	1470
572	1470
572	1469
573	1469
573	1468
575	1468
575	1464
576	1464
576	1463
577	1463
577	1459
579	1459
579	1458
580	1458
580	1456
581	1456
581	1454
583	1454
583	1453
584	1453
584	1448
585	1448
585	1439
589	1439
589	1437
591	1437
591	1436
592	1436
592	1434
594	1434
594	1430
595	1430
595	1429
596	1429
596	1424
598	1424
598	1423
599	1423
599	1420
600	1420
600	1417
601	1417
601	1415
602	1415
602	1414
604	1414
604	1412
605	1412
605	1405
608	1405
608	1404
609	1404
609	1401
610	1401
610	1400
611	1400
611	1395
612	1395
612	1394
614	1394
614	1393
615	1393
615	1390
616	1390
616	1389
617	1389
617	1384
620	1384
620	1382
621	1382
621	1379
622	1379
622	1376
623	1376
623	1375
624	1375
624	1374
626	1374
626	1370
628	1370
628	1369
629	1369
629	1366
630	1366
630	1364
631	1364
631	1353
630	1353
630	1350
636	1350
636	1349
639	1349
639	1341
640	1341
640	1340
643	1340
643	1339
644	1339
644	1336
646	1336
646	1335
645	1335
645	1334
646	1334
646	1329
649	1329
649	1315
654	1315
654	1308
655	1308
655	1307
654	1307
654	1306
655	1306
655	1305
659	1305
659	1301
660	1301
660	1300
661	1300
661	1295
663	1295
663	1294
664	1294
664	1285
669	1285
669	1273
664	1273
664	1266
666	1266
666	1265
669	1265
669	1264
670	1264
670	1262
669	1262
669	1261
670	1261
670	1260
671	1260
671	1255
673	1255
673	1254
674	1254
674	1241
678	1241
678	1240
679	1240
679	1238
681	1238
681	1236
682	1236
682	1235
684	1235
684	1218
679	1218
679	1216
683	1216
683	1215
684	1215
684	1212
685	1212
685	1210
686	1210
686	1206
688	1206
688	1205
689	1205
689	1204
690	1204
690	1202
691	1202
691	1201
693	1201
693	1198
694	1198
694	1197
693	1197
693	1196
695	1196
695	1194
696	1194
696	1191
697	1191
697	1190
698	1190
698	1189
699	1189
699	1188
700	1188
700	1185
702	1185
702	1186
704	1186
704	1185
703	1185
703	1180
704	1180
704	1178
706	1178
706	1176
708	1176
708	1175
709	1175
709	1174
710	1174
710	1172
712	1172
712	1171
713	1171
713	1170
714	1170
714	1159
707	1159
707	1156
708	1156
708	1155
709	1155
709	1152
710	1152
710	1151
712	1151
712	1152
713	1152
713	1146
714	1146
714	1145
715	1145
715	1143
716	1143
716	1141
718	1141
718	1140
719	1140
719	1139
720	1139
720	1137
721	1137
721	1136
723	1136
723	1133
724	1133
724	1131
726	1131
726	1126
730	1126
730	1121
733	1121
733	1118
735	1118
735	1116
738	1116
738	1114
739	1114
739	1113
740	1113
740	1111
743	1111
743	1099
734	1099
734	1092
738	1092
738	1091
739	1091
739	1089
740	1089
740	1088
741	1088
741	1087
742	1087
742	1086
743	1086
743	1083
744	1083
744	1082
745	1082
745	1081
748	1081
748	1077
749	1077
749	1072
750	1072
750	1071
753	1071
753	1068
754	1068
754	1067
755	1067
755	1066
758	1066
758	1061
759	1061
759	1057
763	1057
763	1055
764	1055
764	1052
769	1052
769	1051
770	1051
770	1049
771	1049
771	1047
772	1047
772	1046
774	1046
774	1044
776	1044
776	1043
777	1043
777	1034
768	1034
768	1032
769	1032
769	1031
770	1031
770	1027
773	1027
773	1024
774	1024
774	1023
775	1023
775	1021
776	1021
776	1022
777	1022
777	1021
778	1021
778	1015
779	1015
779	1014
780	1014
780	1013
781	1013
781	1012
783	1012
783	1011
784	1011
784	1009
785	1009
785	1007
787	1007
787	1006
788	1006
788	998
789	998
789	997
793	997
793	992
794	992
794	991
795	991
795	987
797	987
797	986
798	986
798	985
799	985
799	984
801	984
801	983
803	983
803	982
807	982
807	981
808	981
808	976
807	976
807	975
808	975
808	972
807	972
807	970
800	970
800	967
802	967
802	966
803	966
803	962
805	962
805	958
806	958
806	957
809	957
809	956
810	956
810	954
809	954
809	953
810	953
810	952
812	952
812	951
813	951
813	947
815	947
815	943
816	943
816	942
818	942
818	941
819	941
819	940
820	940
820	939
821	939
821	938
823	938
823	935
824	935
824	934
825	934
825	933
826	933
826	932
828	932
828	931
829	931
829	928
830	928
830	922
832	922
832	921
833	921
833	920
834	920
834	919
835	919
835	918
836	918
836	917
838	917
838	915
841	915
841	914
842	914
842	906
838	906
838	904
839	904
839	903
840	903
840	898
842	898
842	897
843	897
843	895
844	895
844	894
845	894
845	893
847	893
847	892
848	892
848	891
849	891
849	888
850	888
850	887
852	887
852	883
855	883
855	882
856	882
856	883
857	883
857	879
858	879
858	878
857	878
857	876
859	876
859	875
860	875
860	874
861	874
861	873
862	873
862	872
863	872
863	871
864	871
864	868
866	868
866	867
867	867
867	866
868	866
868	857
867	857
867	856
865	856
865	853
867	853
867	852
868	852
868	851
869	851
869	849
870	849
870	848
871	848
871	847
872	847
872	846
873	846
873	845
874	845
874	844
875	844
875	843
877	843
877	841
878	841
878	840
879	840
879	839
880	839
880	838
882	838
882	833
883	833
883	828
892	828
892	822
893	822
893	821
895	821
895	820
894	820
894	819
897	819
897	816
899	816
899	815
901	815
901	814
902	814
902	813
903	813
903	812
902	812
902	811
903	811
903	805
904	805
904	804
903	804
903	802
902	802
902	801
900	801
900	798
902	798
902	796
903	796
903	795
905	795
905	793
907	793
907	790
908	790
908	789
909	789
909	788
912	788
912	784
913	784
913	783
914	783
914	781
916	781
916	780
917	780
917	776
918	776
918	774
922	774
922	773
923	773
923	771
924	771
924	770
925	770
925	769
927	769
927	766
928	766
928	765
927	765
927	764
932	764
932	759
937	759
937	752
938	752
938	751
937	751
937	748
939	748
939	746
940	746
940	745
942	745
942	743
943	743
943	742
944	742
944	739
947	739
947	738
948	738
948	736
949	736
949	734
950	734
950	733
952	733
952	731
953	731
953	730
954	730
954	729
956	729
956	728
957	728
957	726
958	726
958	725
959	725
959	724
961	724
961	723
962	723
962	722
963	722
963	720
965	720
965	719
966	719
966	718
967	718
967	716
968	716
968	715
970	715
970	714
971	714
971	713
972	713
972	711
973	711
973	710
976	710
976	708
977	708
977	696
983	696
983	695
984	695
984	694
985	694
985	693
986	693
986	691
987	691
987	689
991	689
991	686
992	686
992	685
991	685
991	684
994	684
994	683
995	683
995	679
996	679
996	678
997	678
997	677
999	677
999	675
1000	675
1000	674
1002	674
1002	673
1003	673
1003	672
1004	672
1004	670
1005	670
1005	669
1006	669
1006	667
1007	667
1007	666
1010	666
1010	665
1011	665
1011	664
1012	664
1012	655
1015	655
1015	654
1016	654
1016	653
1017	653
1017	650
1022	650
1022	649
1024	649
1024	648
1025	648
1025	638
1024	638
1024	637
1023	637
1023	635
1024	635
1024	634
1026	634
1026	631
1027	631
1027	630
1031	630
1031	628
1032	628
1032	626
1034	626
1034	625
1036	625
1036	624
1037	624
1037	622
1038	622
1038	621
1039	621
1039	620
1040	620
1040	619
1042	619
1042	618
1043	618
1043	615
1044	615
1044	614
1046	614
1046	612
1047	612
1047	610
1048	610
1048	609
1051	609
1051	606
1054	606
1054	605
1055	605
1055	604
1056	604
1056	603
1057	603
1057	602
1058	602
1058	600
1060	600
1060	599
1061	599
1061	597
1062	597
1062	595
1064	595
1064	594
1067	594
1067	593
1068	593
1068	592
1069	592
1069	591
1070	591
1070	585
1071	585
1071	584
1070	584
1070	583
1069	583
1069	582
1067	582
1067	581
1066	581
1066	580
1076	580
1076	579
1077	579
1077	577
1078	577
1078	576
1079	576
1079	575
1085	575
1085	574
1086	574
1086	568
1087	568
1087	565
1091	565
1091	560
1096	560
1096	555
1105	555
1105	554
1106	554
1106	551
1107	551
1107	550
1110	550
1110	549
1111	549
1111	547
1113	547
1113	543
1117	543
1117	542
1118	542
1118	541
1119	541
1119	538
1122	538
1122	537
1123	537
1123	536
1128	536
1128	535
1130	535
1130	533
1131	533
1131	531
1132	531
1132	522
1122	522
1122	523
1119	523
1119	524
1118	524
1118	525
1117	525
1117	526
1116	526
1116	527
1114	527
1114	533
1109	533
1109	534
1108	534
1108	535
1109	535
1109	536
1108	536
1108	538
1102	538
1102	540
1101	540
1101	541
1099	541
1099	543
1090	543
1090	544
1089	544
1089	546
1088	546
1088	547
1087	547
1087	548
1085	548
1085	549
1084	549
1084	551
1083	551
1083	553
1080	553
1080	555
1079	555
1079	556
1077	556
1077	557
1076	557
1076	558
1075	558
1075	559
1074	559
1074	560
1073	560
1073	561
1069	561
1069	563
1065	563
1065	565
1064	565
1064	566
1062	566
1062	568
1058	568
1058	571
1053	571
1053	572
1052	572
1052	573
1050	573
1050	574
1049	574
1049	576
1050	576
1050	577
1049	577
1049	580
1046	580
1046	578
1038	578
1038	581
1037	581
1037	582
1035	582
1035	583
1034	583
1034	585
1033	585
1033	586
1031	586
1031	585
1030	585
1030	587
1029	587
1029	588
1027	588
1027	590
1026	590
1026	589
1025	589
1025	591
1024	591
1024	592
1023	592
1023	593
1020	593
1020	595
1019	595
1019	596
1018	596
1018	597
1017	597
1017	598
1014	598
1014	599
1013	599
1013	601
1012	601
1012	602
1010	602
1010	603
1005	603
1005	605
1004	605
1004	604
1003	604
1003	606
1002	606
1002	607
1001	607
1001	608
999	608
999	609
998	609
998	610
996	610
996	611
994	611
994	612
992	612
992	611
984	611
984	612
983	612
983	613
980	613
980	616
979	616
979	617
977	617
977	618
975	618
975	620
974	620
974	621
973	621
973	622
972	622
972	623
970	623
970	626
967	626
967	627
965	627
965	629
963	629
963	630
960	630
960	631
958	631
958	632
957	632
957	633
955	633
955	634
954	634
954	635
951	635
951	636
950	636
950	639
949	639
949	640
946	640
946	641
945	641
945	643
943	643
943	644
942	644
942	643
941	643
941	642
930	642
930	643
929	643
929	645
928	645
928	646
924	646
924	647
923	647
923	649
921	649
921	650
920	650
920	651
919	651
919	652
918	652
918	653
917	653
917	652
916	652
916	653
915	653
915	655
914	655
914	656
913	656
913	657
910	657
910	658
909	658
909	660
908	660
908	661
906	661
906	662
901	662
901	663
900	663
900	665
899	665
899	666
898	666
898	667
895	667
895	669
894	669
894	670
891	670
891	671
890	671
890	672
889	672
889	673
888	673
888	674
887	674
887	675
885	675
885	674
884	674
884	667
877	667
877	668
875	668
875	670
873	670
873	671
872	671
872	672
869	672
869	674
868	674
868	675
866	675
866	676
864	676
864	677
861	677
861	680
859	680
859	681
858	681
858	682
856	682
856	683
855	683
855	684
852	684
852	685
850	685
850	686
849	686
849	687
846	687
846	689
845	689
845	690
842	690
842	691
841	691
841	692
840	692
840	693
836	693
836	695
835	695
835	696
833	696
833	695
832	695
832	694
824	694
824	695
822	695
822	696
821	696
821	697
819	697
819	698
818	698
818	701
817	701
817	702
814	702
814	704
813	704
813	705
811	705
811	706
810	706
810	707
806	707
806	709
805	709
805	710
803	710
803	712
801	712
801	713
800	713
800	714
797	714
797	715
796	715
796	717
791	717
791	720
787	720
787	721
784	721
784	720
783	720
783	716
782	716
782	715
780	715
780	716
776	716
776	715
775	715
775	716
774	716
774	717
772	717
772	718
771	718
771	720
770	720
770	721
769	721
769	722
767	722
767	723
766	723
766	725
765	725
765	726
764	726
764	727
762	727
762	728
761	728
761	730
757	730
757	731
756	731
756	732
755	732
755	733
754	733
754	734
753	734
753	735
750	735
750	736
749	736
749	737
747	737
747	739
745	739
745	740
744	740
744	741
742	741
742	743
741	743
741	744
737	744
737	745
735	745
735	746
732	746
732	747
730	747
730	746
729	746
729	744
720	744
720	745
719	745
719	746
717	746
717	748
716	748
716	749
715	749
715	750
712	750
712	751
711	751
711	752
707	752
707	754
706	754
706	755
705	755
705	756
703	756
703	757
700	757
700	759
699	759
699	760
695	760
695	761
692	761
692	763
691	763
691	765
687	765
687	766
685	766
685	767
682	767
682	769
680	769
680	770
678	770
678	771
674	771
674	764
665	764
665	765
663	765
663	766
662	766
662	767
661	767
661	768
660	768
660	769
659	769
659	770
656	770
656	771
655	771
655	772
652	772
652	775
642	775
642	776
641	776
641	777
640	777
640	779
638	779
638	780
636	780
636	781
634	781
634	782
631	782
631	784
630	784
630	785
629	785
629	786
626	786
626	787
622	787
622	790
618	790
618	791
617	791
617	790
616	790
616	792
615	792
615	793
614	793
614	794
611	794
611	795
608	795
608	796
604	796
604	789
596	789
596	790
595	790
595	791
593	791
593	796
584	796
584	797
583	797
583	798
582	798
582	800
579	800
579	801
577	801
577	802
576	802
576	801
575	801
575	802
573	802
573	804
571	804
571	805
570	805
570	806
568	806
568	808
563	808
563	809
562	809
562	810
560	810
560	811
554	811
554	810
553	810
553	812
552	812
552	813
553	813
553	814
548	814
548	815
547	815
547	816
541	816
541	811
539	811
539	810
531	810
531	811
529	811
529	812
528	812
528	813
526	813
526	814
523	814
523	815
521	815
521	816
519	816
519	817
518	817
518	818
517	818
517	819
513	819
513	820
510	820
510	821
508	821
508	823
504	823
504	824
499	824
499	825
497	825
497	826
496	826
496	825
494	825
494	826
488	826
488	827
486	827
486	829
485	829
485	830
483	830
483	829
481	829
481	828
474	828
474	829
473	829
473	831
472	831
472	830
464	830
464	831
459	831
459	832
455	832
455	833
453	833
453	836
444	836
444	837
443	837
443	838
439	838
439	839
435	839
435	840
433	840
433	841
429	841
429	842
428	842
428	841
427	841
427	843
425	843
425	845
418	845
418	846
409	846
409	848
405	848
405	849
404	849
404	850
400	850
400	851
394	851
394	853
393	853
393	854
389	854
389	855
388	855
388	856
387	856
387	855
385	855
385	856
384	856
384	857
379	857
379	859
374	859
374	860
373	860
373	861
369	861
369	863
368	863
368	864
369	864
369	865
360	865
360	866
359	866
359	867
354	867
354	869
350	869
350	870
349	870
349	871
344	871
344	874
339	874
339	875
338	875
338	876
333	876
333	877
332	877
332	878
331	878
331	879
327	879
327	880
324	880
324	881
320	881
320	882
319	882
319	884
316	884
316	885
313	885
313	886
307	886
307	888
306	888
306	889
302	889
302	890
301	890
301	891
294	891
294	892
295	892
295	893
293	893
293	894
290	894
290	895
289	895
289	896
284	896
284	897
282	897
282	898
280	898
280	899
278	899
278	900
276	900
276	901
274	901
274	902
270	902
270	903
269	903
269	904
268	904
268	903
267	903
267	904
265	904
265	905
261	905
261	906
260	906
260	907
259	907
259	908
256	908
256	909
255	909
255	910
253	910
253	911
249	911
249	912
248	912
248	913
247	913
247	914
241	914
241	915
237	915
237	916
235	916
235	917
230	917
230	918
229	918
229	919
226	919
226	920
223	920
223	921
218	921
218	922
217	922
217	923
216	923
216	924
213	924
213	925
206	925
206	926
205	926
205	927
201	927
201	928
200	928
200	930
191	930
191	931
190	931
190	932
187	932
187	933
182	933
182	934
181	934
181	935
174	935
174	936
170	936
170	937
169	937
169	938
168	938
168	937
167	937
167	938
160	938
160	939
156	939
156	940
152	940
152	941
150	941
150	942
147	942
147	943
145	943
145	945
127	945
127	946
126	946
126	947
120	947
120	948
116	948
116	949
115	949
115	950
110	950
110	947
112	947
112	945
114	945
114	942
117	942
117	941
118	941
118	940
122	940
122	939
123	939
123	940
124	940
124	939
125	939
125	938
126	938
126	937
133	937
133	933
140	933
140	932
141	932
141	933
142	933
142	932
143	932
143	928
152	928
152	927
153	927
153	928
155	928
155	927
162	927
162	925
165	925
165	924
166	924
166	925
167	925
167	924
170	924
170	923
172	923
172	922
177	922
177	920
183	920
183	919
185	919
185	918
186	918
186	917
187	917
187	915
188	915
188	913
200	913
200	912
202	912
202	908
216	908
216	907
217	907
217	905
219	905
219	904
224	904
224	903
226	903
226	902
227	902
227	900
233	900
233	899
235	899
235	898
237	898
237	897
242	897
242	896
243	896
243	895
245	895
245	892
251	892
251	891
252	891
252	890
253	890
253	889
255	889
255	888
259	888
259	887
260	887
260	888
261	888
261	885
264	885
264	884
267	884
267	883
271	883
271	881
272	881
272	880
274	880
274	879
275	879
275	878
277	878
277	877
279	877
279	878
280	878
280	877
281	877
281	874
286	874
286	873
290	873
290	872
291	872
291	870
293	870
293	869
295	869
295	868
296	868
296	867
297	867
297	863
309	863
309	862
311	862
311	859
312	859
312	858
316	858
316	856
317	856
317	855
318	855
318	854
319	854
319	853
326	853
326	850
331	850
331	848
335	848
335	847
336	847
336	844
341	844
341	843
346	843
346	842
347	842
347	840
348	840
348	839
350	839
350	838
351	838
351	836
352	836
352	835
357	835
357	834
358	834
358	833
360	833
360	832
361	832
361	830
362	830
362	829
367	829
367	828
370	828
370	827
371	827
371	825
376	825
376	824
377	824
377	823
380	823
380	821
381	821
381	820
385	820
385	819
386	819
386	818
390	818
390	815
395	815
395	814
396	814
396	813
400	813
400	811
401	811
401	810
402	810
402	809
403	809
403	808
410	808
410	805
415	805
415	803
420	803
420	801
424	801
424	800
425	800
425	799
426	799
426	793
430	793
430	792
433	792
433	791
436	791
436	790
440	790
440	789
441	789
441	788
445	788
445	784
446	784
446	783
453	783
453	784
454	784
454	783
455	783
455	781
460	781
460	780
464	780
464	779
465	779
465	774
471	774
471	773
472	773
472	774
473	774
473	773
475	773
475	770
480	770
480	767
481	767
481	765
480	765
480	764
489	764
489	763
490	763
490	761
491	761
491	760
490	760
490	759
491	759
491	751
492	751
492	750
494	750
494	749
500	749
500	748
505	748
505	746
510	746
510	744
514	744
514	743
515	743
515	741
519	741
519	740
520	740
520	739
525	739
525	738
527	738
527	739
528	739
528	738
530	738
530	735
534	735
534	734
539	734
539	733
540	733
540	722
541	722
541	720
543	720
543	719
548	719
548	718
550	718
550	716
554	716
554	715
555	715
555	714
559	714
559	712
560	712
560	711
565	711
565	710
566	710
566	709
574	709
574	706
582	706
582	705
583	705
583	704
589	704
589	699
594	699
594	698
595	698
595	688
596	688
596	686
597	686
597	685
601	685
601	684
608	684
608	683
609	683
609	681
613	681
613	680
615	680
615	679
619	679
619	677
620	677
620	674
621	674
621	675
624	675
624	674
626	674
626	675
628	675
628	674
633	674
633	673
634	673
634	672
635	672
635	671
644	671
644	670
648	670
648	669
649	669
649	665
650	665
650	664
651	664
651	656
653	656
653	655
654	655
654	654
656	654
656	655
657	655
657	654
659	654
659	652
660	652
660	653
661	653
661	652
662	652
662	653
663	653
663	652
664	652
664	651
669	651
669	649
674	649
674	647
675	647
675	646
677	646
677	645
679	645
679	644
684	644
684	643
688	643
688	642
690	642
690	641
694	641
694	640
695	640
695	639
696	639
696	640
697	640
697	639
704	639
704	627
705	627
705	626
707	626
707	625
712	625
712	624
713	624
713	623
718	623
718	622
719	622
719	621
722	621
722	620
723	620
723	619
724	619
724	615
734	615
734	614
738	614
738	612
743	612
743	611
744	611
744	610
748	610
748	609
749	609
749	605
752	605
752	606
763	606
763	598
762	598
762	597
759	597
759	595
758	595
758	592
759	592
759	591
763	591
763	590
764	590
764	589
769	589
769	590
770	590
770	589
771	589
771	590
772	590
772	589
773	589
773	587
778	587
778	586
783	586
783	585
792	585
792	584
793	584
793	580
797	580
797	579
798	579
798	575
799	575
799	574
800	574
800	575
802	575
802	574
803	574
803	572
808	572
808	571
809	571
809	570
817	570
817	569
818	569
818	568
823	568
823	566
827	566
827	565
832	565
832	563
833	563
833	562
834	562
834	560
841	560
841	559
843	559
843	557
853	557
853	556
858	556
858	547
857	547
857	545
862	545
862	543
863	543
863	542
868	542
868	541
870	541
870	540
877	540
877	539
878	539
878	538
879	538
879	537
884	537
884	536
886	536
886	535
892	535
892	533
893	533
893	532
897	532
897	531
900	531
900	530
907	530
907	527
909	527
909	526
922	526
922	524
923	524
923	522
922	522
922	521
923	521
923	520
924	520
924	517
925	517
925	516
926	516
926	515
941	515
941	514
942	514
942	512
944	512
944	511
947	511
947	510
951	510
951	509
956	509
956	508
961	508
961	507
962	507
962	506
967	506
967	505
983	505
983	497
986	497
986	496
987	496
987	495
996	495
996	494
997	494
997	493
1000	493
1000	492
1002	492
1002	491
1004	491
1004	490
1006	490
1006	489
1010	489
1010	488
1015	488
1015	487
1016	487
1016	486
1024	486
1024	485
1036	485
1036	483
1037	483
1037	481
1036	481
1036	480
1041	480
1041	478
1046	478
1046	477
1056	477
1056	476
1058	476
1058	475
1061	475
1061	473
1065	473
1065	472
1071	472
1071	470
1072	470
1072	471
1075	471
1075	470
1080	470
1080	469
1081	469
1081	468
1085	468
1085	467
1096	467
1096	461
1102	461
1102	460
1111	460
1111	446
1101	446
1101	444
1074	444
1074	443
1073	443
1073	444
1056	444
1056	441
1042	441
1042	440
1041	440
1041	439
1012	439
1012	434
1000	434
1000	436
987	436
987	435
982	435
982	434
950	434
950	435
947	435
947	433
948	433
948	431
949	431
949	424
948	424
948	423
931	423
931	424
926	424
926	423
908	423
908	422
902	422
902	421
897	421
897	419
879	419
879	409
871	409
871	410
870	410
870	411
866	411
866	412
862	412
862	411
848	411
848	410
847	410
847	409
832	409
832	408
830	408
830	409
829	409
829	408
823	408
823	406
822	406
822	405
818	405
818	397
792	397
792	396
783	396
783	394
772	394
772	393
758	393
758	392
753	392
753	384
752	384
752	383
743	383
743	382
733	382
733	381
728	381
728	379
714	379
714	378
710	378
710	377
708	377
708	376
703	376
703	375
702	375
702	374
693	374
693	373
688	373
688	372
689	372
689	366
688	366
688	364
682	364
682	363
678	363
678	362
673	362
673	361
669	361
669	360
667	360
667	359
665	359
665	360
664	360
664	359
660	359
660	358
657	358
657	357
654	357
654	355
652	355
652	354
647	354
647	353
646	353
646	352
644	352
644	350
643	350
643	349
642	349
642	350
641	350
641	349
640	349
640	350
638	350
638	349
636	349
636	348
635	348
635	347
629	347
629	345
627	345
627	344
626	344
626	345
624	345
624	344
619	344
619	343
618	343
618	342
613	342
613	341
609	341
609	339
604	339
604	338
603	338
603	337
599	337
599	335
594	335
594	334
589	334
589	333
587	333
587	332
584	332
584	330
582	330
582	329
581	329
581	330
578	330
578	329
574	329
574	327
570	327
570	326
569	326
569	325
563	325
563	324
559	324
559	323
557	323
557	322
555	322
555	320
551	320
551	319
544	319
544	318
543	318
543	317
542	317
542	318
540	318
540	317
539	317
539	315
534	315
534	314
529	314
529	313
524	313
524	312
520	312
520	310
519	310
519	309
514	309
514	308
505	308
505	305
502	305
502	304
499	304
499	303
498	303
498	302
495	302
495	301
490	301
490	300
487	300
487	299
485	299
485	298
480	298
480	296
475	296
475	295
474	295
474	294
469	294
469	293
468	293
468	292
464	292
464	291
463	291
463	292
462	292
462	291
460	291
460	290
456	290
456	289
455	289
455	288
453	288
453	287
450	287
450	285
446	285
446	284
445	284
445	283
442	283
442	282
440	282
440	281
435	281
435	280
434	280
434	279
433	279
433	278
432	278
432	277
431	277
431	278
428	278
428	276
427	276
427	275
425	275
425	274
424	274
424	273
418	273
418	271
417	271
417	270
411	270
411	269
410	269
410	268
408	268
408	267
406	267
406	266
405	266
405	265
402	265
402	263
416	263
416	262
418	262
418	265
419	265
419	266
424	266
424	267
430	267
430	268
433	268
433	269
434	269
434	270
438	270
438	271
440	271
440	272
448	272
448	273
452	273
452	274
458	274
458	276
459	276
459	277
465	277
465	278
468	278
468	279
473	279
473	280
478	280
478	282
484	282
484	283
488	283
488	284
494	284
494	285
498	285
498	287
509	287
509	288
510	288
510	289
513	289
513	290
518	290
518	292
524	292
524	293
533	293
533	294
537	294
537	295
542	295
542	296
547	296
547	297
553	297
553	298
563	298
563	299
568	299
568	300
572	300
572	301
573	301
573	302
574	302
574	301
575	301
575	302
576	302
576	301
577	301
577	302
583	302
583	303
589	303
589	304
593	304
593	305
597	305
597	306
608	306
608	307
618	307
618	308
623	308
623	309
637	309
637	310
642	310
642	311
647	311
647	312
663	312
663	313
682	313
682	314
688	314
688	315
692	315
692	316
693	316
693	317
700	317
700	316
701	316
701	311
703	311
703	310
707	310
707	312
712	312
712	313
722	313
722	314
730	314
730	315
731	315
731	316
732	316
732	317
738	317
738	318
748	318
748	317
756	317
756	312
757	312
757	313
760	313
760	314
762	314
762	315
766	315
766	316
767	316
767	317
771	317
771	318
778	318
778	319
791	319
791	320
792	320
792	321
796	321
796	322
801	322
801	323
802	323
802	322
803	322
803	323
805	323
805	324
806	324
806	323
807	323
807	324
818	324
818	323
819	323
819	319
822	319
822	318
824	318
824	319
831	319
831	321
836	321
836	322
841	322
841	323
847	323
847	324
851	324
851	325
856	325
856	326
862	326
862	327
864	327
864	326
865	326
865	327
866	327
866	328
872	328
872	329
875	329
875	330
876	330
876	331
883	331
883	332
886	332
886	331
889	331
889	332
890	332
890	331
892	331
892	324
893	324
893	323
892	323
892	322
893	322
893	321
896	321
896	322
900	322
900	324
902	324
902	325
903	325
903	324
904	324
904	325
906	325
906	326
911	326
911	327
916	327
916	328
921	328
921	329
925	329
925	331
932	331
932	332
942	332
942	330
945	330
945	331
951	331
951	332
952	332
952	331
953	331
953	332
955	332
955	334
965	334
965	335
970	335
970	336
978	336
978	337
980	337
980	338
985	338
985	339
996	339
996	338
997	338
997	333
998	333
998	332
999	332
999	333
1004	333
1004	334
1006	334
1006	335
1009	335
1009	336
1010	336
1010	337
1012	337
1012	339
1015	339
1015	341
1021	341
1021	342
1025	342
1025	343
1026	343
1026	344
1029	344
1029	345
1030	345
1030	346
1034	346
1034	347
1039	347
1039	348
1040	348
1040	349
1041	349
1041	350
1044	350
1044	351
1046	351
1046	352
1048	352
1048	353
1049	353
1049	354
1052	354
1052	355
1056	355
1056	354
1057	354
1057	355
1058	355
1058	354
1061	354
1061	348
1062	348
1062	349
1064	349
1064	350
1065	350
1065	351
1067	351
1067	352
1069	352
1069	354
1071	354
1071	355
1072	355
1072	354
1073	354
1073	355
1074	355
1074	357
1077	357
1077	358
1079	358
1079	360
1080	360
1080	361
1085	361
1085	362
1086	362
1086	363
1089	363
1089	364
1093	364
1093	365
1094	365
1094	366
1096	366
1096	367
1098	367
1098	368
1099	368
1099	369
1104	369
1104	372
1107	372
1107	373
1108	373
1108	374
1109	374
1109	376
1114	376
1114	377
1116	377
1116	378
1117	378
1117	379
1119	379
1119	380
1120	380
1120	381
1129	381
1129	382
1130	382
1130	383
1131	383
1131	384
1132	384
1132	385
1134	385
1134	386
1138	386
1138	387
1139	387
1139	389
1143	389
1143	391
1147	391
1147	392
1148	392
1148	394
1149	394
1149	396
1155	396
1155	397
1158	397
1158	399
1159	399
1159	400
1160	400
1160	401
1164	401
1164	403
1167	403
1167	404
1168	404
1168	405
1169	405
1169	407
1174	407
1174	408
1178	408
1178	410
1179	410
1179	411
1188	411
1188	402
1187	402
1187	398
1186	398
1186	397
1185	397
1185	394
1182	394
1182	392
1181	392
1181	389
1180	389
1180	388
1177	388
1177	386
1176	386
1176	385
1177	385
1177	384
1176	384
1176	383
1175	383
1175	380
1174	380
1174	379
1172	379
1172	378
1171	378
1171	377
1170	377
1170	376
1171	376
1171	375
1170	375
1170	373
1169	373
1169	372
1170	372
1170	370
1169	370
1169	369
1167	369
1167	368
1166	368
1166	366
1165	366
1165	364
1163	364
1163	362
1162	362
1162	359
1161	359
1161	357
1160	357
1160	354
1159	354
1159	353
1158	353
1158	352
1157	352
1157	351
1156	351
1156	346
1155	346
1155	340
1154	340
1154	339
1152	339
1152	335
1151	335
1151	331
1150	331
1150	325
1148	325
1148	324
1147	324
1147	323
1146	323
1146	310
1144	310
1144	309
1143	309
1143	306
1142	306
1142	300
1141	300
1141	290
1139	290
1139	282
1138	282
1138	280
1137	280
1137	275
1136	275
1136	273
1135	273
1135	272
1136	272
1136	271
1135	271
1135	270
1132	270
1132	269
1131	269
1131	267
1133	267
1133	266
1134	266
1134	267
1135	267
1135	265
1136	265
1136	264
1135	264
1135	251
1134	251
1134	250
1133	250
1133	236
1134	236
1134	216
1133	216
1133	205
1131	205
1131	203
1135	203
1135	201
1136	201
1136	200
1135	200
1135	192
1136	192
1136	173
1137	173
1137	168
1138	168
1138	157
1139	157
1139	153
1140	153
1140	152
1141	152
1141	143
1142	143
1142	137
1143	137
1143	133
1145	133
1145	127
1146	127
1146	123
1147	123
1147	121
1148	121
1148	119
1149	119
1149	118
1150	118
1150	113
1151	113
1151	110
1150	110
1150	109
1151	109
1151	106
1155	106
1155	103
1157	103
1157	101
1158	101
1158	100
1160	100
1160	102
1161	102
1161	106
1160	106
1160	111
1159	111
1159	123
1158	123
1158	151
1159	151
1159	152
1158	152
1158	171
1159	171
1159	182
1160	182
1160	196
1161	196
1161	202
1162	202
1162	212
1163	212
1163	222
1164	222
1164	227
1165	227
1165	232
1166	232
1166	234
1165	234
1165	236
1166	236
1166	237
1167	237
1167	242
1168	242
1168	251
1169	251
1169	256
1170	256
1170	258
1171	258
1171	263
1172	263
1172	266
1173	266
1173	269
1174	269
1174	270
1173	270
1173	271
1174	271
1174	272
1176	272
1176	281
1177	281
1177	286
1178	286
1178	296
1179	296
1179	299
1183	299
1183	306
1184	306
1184	307
1186	307
1186	311
1187	311
1187	316
1188	316
1188	317
1189	317
1189	322
1191	322
1191	326
1192	326
1192	327
1193	327
1193	331
1194	331
1194	332
1196	332
1196	338
1197	338
1197	341
1198	341
1198	345
1199	345
1199	346
1200	346
1200	350
1201	350
1201	351
1202	351
1202	353
1203	353
1203	360
1204	360
1204	361
1207	361
1207	363
1208	363
1208	365
1209	365
1209	367
1210	367
1210	368
1211	368
1211	369
1212	369
1212	371
1213	371
1213	375
1214	375
1214	376
1216	376
1216	377
1217	377
1217	379
1218	379
1218	381
1219	381
1219	382
1220	382
1220	383
1221	383
1221	384
1222	384
1222	385
1223	385
1223	391
1224	391
1224	392
1225	392
1225	393
1226	393
1226	394
1227	394
1227	398
1228	398
1228	401
1229	401
1229	402
1230	402
1230	403
1231	403
1231	404
1232	404
1232	405
1233	405
1233	411
1234	411
1234	415
1235	415
1235	416
1236	416
1236	421
1237	421
1237	425
1238	425
1238	430
1239	430
1239	431
1241	431
1241	438
1242	438
1242	439
1249	439
1249	438
1250	438
1250	436
1251	436
1251	435
1252	435
1252	433
1254	433
1254	432
1255	432
1255	431
1256	431
1256	430
1257	430
1257	428
1259	428
1259	427
1260	427
1260	426
1264	426
1264	425
1265	425
1265	422
1267	422
1267	421
1269	421
1269	420
1270	420
1270	418
1275	418
1275	416
1279	416
1279	414
1280	414
1280	412
1285	412
1285	408
1289	408
1289	407
1291	407
1291	406
1292	406
1292	407
1293	407
1293	406
1294	406
1294	405
1295	405
1295	403
1299	403
1299	402
1304	402
1304	401
1305	401
1305	399
1310	399
1310	397
1314	397
1314	396
1319	396
1319	394
1321	394
1321	393
1323	393
1323	391
1329	391
1329	389
1330	389
1330	388
1332	388
1332	387
1334	387
1334	386
1339	386
1339	383
1341	383
1341	382
1344	382
1344	381
1349	381
1349	379
1350	379
1350	378
1352	378
1352	377
1354	377
1354	376
1359	376
1359	373
1361	373
1361	372
1363	372
1363	371
1364	371
1364	370
1365	370
1365	369
1366	369
1366	370
1367	370
1367	368
1369	368
1369	367
1370	367
1370	366
1373	366
1373	365
1375	365
1375	363
1376	363
1376	362
1379	362
1379	361
1384	361
1384	359
1386	359
1386	358
1388	358
1388	357
1389	357
1389	356
1393	356
1393	355
1394	355
1394	354
1396	354
1396	353
1398	353
1398	352
1399	352
1399	351
1403	351
1403	350
1404	350
1404	349
1406	349
1406	347
1407	347
1407	346
1414	346
1414	344
1418	344
1418	343
1419	343
1419	342
1423	342
1423	341
1424	341
1424	339
1426	339
1426	338
1427	338
1427	336
1429	336
1429	334
1432	334
1432	335
1435	335
1435	334
1436	334
1436	335
1438	335
1438	334
1440	334
1440	333
1441	333
1441	332
1443	332
1443	331
1444	331
1444	330
1445	330
1445	329
1446	329
1446	328
1447	328
1447	327
1451	327
1451	326
1453	326
1453	324
1456	324
1456	322
1459	322
1459	321
1462	321
1462	317
1467	317
1467	316
1469	316
1469	315
1470	315
1470	314
1472	314
1472	313
1473	313
1473	312
1478	312
1478	310
1479	310
1479	308
1480	308
1480	307
1483	307
1483	306
1484	306
1484	304
1488	304
1488	303
1489	303
1489	302
1490	302
1490	301
1493	301
1493	299
1495	299
1495	298
1496	298
1496	297
1498	297
1498	295
1499	295
1499	294
1504	294
1504	293
1505	293
1505	292
1508	292
1508	290
1509	290
1509	288
1510	288
1510	287
1512	287
1512	286
1513	286
1513	284
1514	284
1514	283
1515	283
1515	282
1518	282
1518	280
1519	280
1519	279
1520	279
1520	278
1521	278
1521	277
1522	277
1522	278
1523	278
1523	276
1524	276
1524	275
1525	275
1525	274
1527	274
1527	273
1528	273
1528	272
1530	272
1530	271
1531	271
1531	267
1537	267
1537	266
1538	266
1538	265
1539	265
1539	264
1542	264
1542	263
1543	263
1543	260
1545	260
1545	259
1547	259
1547	258
1549	258
1549	257
1548	257
1548	254
1553	254
1553	252
1555	252
1555	251
1556	251
1556	248
1557	248
1557	247
1562	247
1562	244
1563	244
1563	242
1567	242
1567	241
1568	241
1568	237
1572	237
1572	236
1573	236
1573	235
1572	235
1572	234
1573	234
1573	232
1575	232
1575	231
1576	231
1576	227
1579	227
1579	226
1580	226
1580	224
1582	224
1582	223
1583	223
1583	222
1584	222
1584	220
1585	220
1585	217
1587	217
1587	216
1588	216
1588	215
1590	215
1590	214
1589	214
1589	213
1590	213
1590	212
1592	212
1592	210
1593	210
1593	209
1594	209
1594	207
1597	207
1597	203
1598	203
1598	202
1599	202
1599	198
1600	198
1600	197
1602	197
1602	196
1603	196
1603	192
1604	192
1604	191
1605	191
1605	188
1606	188
1606	187
1607	187
1607	182
1608	182
1608	176
1609	176
1609	169
1610	169
1610	166
1611	166
1611	167
1612	167
1612	170
1613	170
1613	173
1612	173
1612	175
1613	175
1613	176
1612	176
1612	177
1613	177
1613	180
1611	180
1611	186
1610	186
1610	191
1609	191
1609	196
1608	196
1608	200
1607	200
1607	201
1606	201
1606	206
1605	206
1605	211
1604	211
1604	216
1603	216
1603	220
1601	220
1601	222
1600	222
1600	225
1599	225
1599	228
1598	228
1598	230
1596	230
1596	233
1595	233
1595	235
1594	235
1594	238
1593	238
1593	240
1591	240
1591	243
1590	243
1590	247
1589	247
1589	248
1588	248
1588	249
1586	249
1586	251
1585	251
1585	253
1584	253
1584	254
1583	254
1583	255
1582	255
1582	256
1581	256
1581	258
1580	258
1580	260
1579	260
1579	263
1578	263
1578	265
1576	265
1576	266
1575	266
1575	268
1574	268
1574	269
1573	269
1573	270
1571	270
1571	273
1570	273
1570	274
1569	274
1569	276
1568	276
1568	277
1567	277
1567	278
1566	278
1566	280
1564	280
1564	284
1563	284
1563	285
1561	285
1561	287
1560	287
1560	288
1559	288
1559	289
1557	289
1557	290
1556	290
1556	292
1555	292
1555	293
1554	293
1554	294
1553	294
1553	295
1551	295
1551	297
1550	297
1550	298
1549	298
1549	299
1548	299
1548	300
1546	300
1546	303
1545	303
1545	304
1544	304
1544	305
1541	305
1541	311
1540	311
1540	312
1537	312
1537	313
1536	313
1536	315
1534	315
1534	317
1533	317
1533	318
1531	318
1531	320
1530	320
1530	322
1529	322
1529	323
1527	323
1527	324
1526	324
1526	325
1525	325
1525	327
1524	327
1524	328
1522	328
1522	329
1521	329
1521	330
1520	330
1520	331
1519	331
1519	332
1518	332
1518	333
1516	333
1516	334
1515	334
1515	335
1514	335
1514	337
1513	337
1513	345
1512	345
1512	349
1506	349
1506	351
1504	351
1504	352
1502	352
1502	353
1501	353
1501	354
1497	354
1497	356
1496	356
1496	358
1495	358
1495	359
1493	359
1493	360
1492	360
1492	361
1491	361
1491	362
1490	362
1490	363
1489	363
1489	364
1486	364
1486	365
1484	365
1484	367
1481	367
1481	368
1480	368
1480	369
1477	369
1477	370
1476	370
1476	374
1475	374
1475	378
1474	378
1474	379
1467	379
1467	380
1466	380
1466	381
1463	381
1463	382
1461	382
1461	383
1460	383
1460	384
1457	384
1457	385
1456	385
1456	387
1452	387
1452	388
1451	388
1451	389
1447	389
1447	392
1445	392
1445	393
1443	393
1443	394
1436	394
1436	395
1437	395
1437	396
1436	396
1436	397
1432	397
1432	404
1427	404
1427	406
1422	406
1422	407
1420	407
1420	408
1418	408
1418	409
1412	409
1412	412
1410	412
1410	413
1408	413
1408	414
1402	414
1402	416
1399	416
1399	417
1397	417
1397	418
1394	418
1394	419
1387	419
1387	420
1386	420
1386	421
1381	421
1381	422
1378	422
1378	429
1368	429
1368	428
1362	428
1362	429
1358	429
1358	430
1357	430
1357	431
1355	431
1355	433
1354	433
1354	434
1343	434
1343	435
1342	435
1342	447
1353	447
1353	446
1358	446
1358	447
1363	447
1363	448
1388	448
1388	449
1390	449
1390	450
1404	450
1404	451
1415	451
1415	450
1419	450
1419	448
1422	448
1422	450
1424	450
1424	453
1437	453
1437	454
1446	454
1446	455
1455	455
1455	456
1460	456
1460	457
1480	457
1480	456
1481	456
1481	461
1482	461
1482	462
1499	462
1499	463
1503	463
1503	462
1505	462
1505	463
1516	463
1516	464
1521	464
1521	465
1546	465
1546	466
1548	466
1548	473
1552	473
1552	474
1561	474
1561	475
1573	475
1573	476
1586	476
1586	477
1590	477
1590	478
1601	478
1601	480
1604	480
1604	481
1605	481
1605	482
1602	482
1602	483
1601	483
1601	492
1605	492
1605	493
1611	493
1611	494
1613	494
1613	493
1614	493
1614	494
1616	494
1616	495
1629	495
1629	496
1631	496
1631	497
1635	497
1635	498
1641	498
1641	500
1645	500
1645	501
1650	501
1650	502
1651	502
1651	503
1655	503
1655	504
1656	504
1656	505
1660	505
1660	506
1663	506
1663	507
1665	507
1665	520
1670	520
1670	521
1680	521
1680	522
1683	522
1683	523
1686	523
1686	524
1690	524
1690	525
1695	525
1695	527
1705	527
1705	530
1713	530
1713	531
1718	531
1718	532
1720	532
1720	535
1721	535
1721	536
1722	536
1722	538
1724	538
1724	539
1725	539
1725	546
1730	546
1730	547
1739	547
1739	548
1740	548
1740	550
1749	550
1749	551
1754	551
1754	552
1759	552
1759	553
1760	553
1760	555
1768	555
1768	556
1769	556
1769	557
1774	557
1774	559
1775	559
1775	560
1787	560
1787	571
1788	571
1788	570
1789	570
1789	571
1800	571
1800	572
1804	572
1804	574
1806	574
1806	575
1809	575
1809	576
1814	576
1814	577
1819	577
1819	579
1820	579
1820	580
1821	580
1821	579
1822	579
1822	580
1824	580
1824	581
1825	581
1825	582
1839	582
1839	590
1840	590
1840	591
1849	591
1849	592
1854	592
1854	594
1855	594
1855	595
1860	595
1860	596
1864	596
1864	597
1869	597
1869	599
1874	599
1874	600
1876	600
1876	601
1877	601
1877	600
1878	600
1878	601
1879	601
1879	602
1880	602
1880	603
1884	603
1884	604
1888	604
1888	605
1889	605
1889	606
1894	606
1894	607
1902	607
1902	608
1903	608
1903	611
1904	611
1904	612
1911	612
1911	613
1914	613
1914	614
1918	614
1918	615
1924	615
1924	616
1925	616
1925	617
1929	617
1929	619
1936	619
1936	620
1939	620
1939	621
1944	621
1944	622
1948	622
1948	623
1949	623
1949	624
1959	624
1959	625
1964	625
1964	626
1970	626
1970	627
1973	627
1973	629
1984	629
1984	630
1989	630
1989	631
1993	631
1993	632
1998	632
1998	634
2005	634
2005	635
2007	635
2007	634
2010	634
2010	635
2013	635
2013	636
2018	636
2018	639
2024	639
2024	640
2028	640
2028	641
2033	641
2033	642
2034	642
2034	643
2038	643
2038	644
2039	644
2039	645
2040	645
2040	644
2042	644
2042	645
2048	645
2048	646
2050	646
2050	647
2051	647
2051	646
2052	646
2052	647
2055	647
2055	648
2057	648
2057	649
2061	649
2061	650
2063	650
2063	651
2068	651
2068	654
2078	654
2078	655
2080	655
2080	656
2085	656
2085	657
2086	657
2086	658
2088	658
2088	659
2091	659
2091	661
2092	661
2092	660
2093	660
2093	661
2104	661
2104	660
2107	660
2107	664
2124	664
2124	662
2125	662
2125	660
2126	660
2126	659
2128	659
2128	658
2129	658
2129	652
2130	652
2130	651
2131	651
2131	647
2133	647
2133	646
2134	646
2134	645
2136	645
2136	644
2137	644
2137	652
2135	652
2135	657
2134	657
2134	661
2133	661
2133	662
2132	662
2132	663
2131	663
2131	664
2132	664
2132	666
2131	666
2131	667
2128	667
2128	668
2127	668
2127	670
2123	670
2123	671
2122	671
2122	673
2118	673
2118	674
2117	674
2117	675
2102	675
2102	676
2100	676
2100	675
2097	675
2097	677
2095	677
2095	676
2094	676
2094	674
2088	674
2088	673
2084	673
2084	672
2073	672
2073	671
2069	671
2069	670
2064	670
2064	669
2059	669
2059	667
2045	667
2045	666
2040	666
2040	665
2034	665
2034	664
2031	664
2031	663
2029	663
2029	662
2018	662
2018	661
2016	661
2016	662
2015	662
2015	661
2005	661
2005	660
1999	660
1999	659
1993	659
1993	658
1990	658
1990	657
1948	657
1948	656
1945	656
1945	655
1916	655
1916	654
1909	654
1909	653
1905	653
1905	652
1860	652
1860	651
1859	651
1859	650
1857	650
1857	649
1856	649
1856	650
1849	650
1849	657
1848	657
1848	658
1847	658
1847	657
1842	657
1842	656
1840	656
1840	655
1834	655
1834	654
1831	654
1831	653
1830	653
1830	652
1821	652
1821	651
1816	651
1816	650
1815	650
1815	649
1811	649
1811	648
1810	648
1810	647
1806	647
1806	646
1801	646
1801	645
1799	645
1799	644
1789	644
1789	648
1787	648
1787	650
1786	650
1786	648
1784	648
1784	647
1776	647
1776	646
1772	646
1772	645
1771	645
1771	644
1767	644
1767	643
1763	643
1763	642
1759	642
1759	641
1752	641
1752	638
1751	638
1751	637
1748	637
1748	636
1746	636
1746	635
1737	635
1737	636
1736	636
1736	637
1735	637
1735	638
1732	638
1732	637
1730	637
1730	636
1727	636
1727	635
1726	635
1726	634
1724	634
1724	633
1721	633
1721	632
1712	632
1712	631
1711	631
1711	630
1709	630
1709	629
1707	629
1707	628
1706	628
1706	627
1702	627
1702	626
1701	626
1701	625
1697	625
1697	624
1696	624
1696	623
1695	623
1695	622
1685	622
1685	623
1684	623
1684	624
1685	624
1685	629
1683	629
1683	630
1682	630
1682	629
1678	629
1678	628
1676	628
1676	627
1674	627
1674	626
1672	626
1672	625
1667	625
1667	623
1662	623
1662	622
1661	622
1661	621
1658	621
1658	620
1653	620
1653	619
1652	619
1652	618
1650	618
1650	617
1648	617
1648	616
1647	616
1647	615
1645	615
1645	614
1642	614
1642	613
1640	613
1640	612
1633	612
1633	608
1632	608
1632	606
1630	606
1630	605
1628	605
1628	606
1624	606
1624	605
1623	605
1623	606
1621	606
1621	611
1620	611
1620	612
1616	612
1616	611
1615	611
1615	610
1614	610
1614	609
1613	609
1613	608
1610	608
1610	607
1608	607
1608	606
1606	606
1606	605
1603	605
1603	604
1602	604
1602	603
1600	603
1600	602
1598	602
1598	603
1596	603
1596	602
1595	602
1595	600
1594	600
1594	599
1592	599
1592	598
1590	598
1590	597
1586	597
1586	596
1585	596
1585	595
1584	595
1584	594
1583	594
1583	593
1581	593
1581	592
1580	592
1580	591
1579	591
1579	590
1578	590
1578	589
1577	589
1577	588
1574	588
1574	587
1567	587
1567	588
1566	588
1566	589
1565	589
1565	588
1564	588
1564	589
1563	589
1563	588
1559	588
1559	587
1558	587
1558	586
1556	586
1556	585
1555	585
1555	584
1554	584
1554	583
1548	583
1548	581
1543	581
1543	578
1537	578
1537	577
1534	577
1534	576
1533	576
1533	575
1528	575
1528	573
1526	573
1526	572
1525	572
1525	571
1524	571
1524	570
1522	570
1522	569
1514	569
1514	573
1510	573
1510	572
1509	572
1509	571
1508	571
1508	570
1506	570
1506	569
1505	569
1505	568
1502	568
1502	567
1499	567
1499	566
1496	566
1496	565
1495	565
1495	563
1489	563
1489	562
1487	562
1487	561
1486	561
1486	560
1485	560
1485	559
1483	559
1483	558
1480	558
1480	557
1479	557
1479	556
1478	556
1478	555
1473	555
1473	553
1472	553
1472	552
1470	552
1470	551
1469	551
1469	550
1468	550
1468	548
1465	548
1465	547
1457	547
1457	548
1452	548
1452	547
1449	547
1449	546
1448	546
1448	545
1444	545
1444	544
1443	544
1443	543
1436	543
1436	541
1434	541
1434	540
1433	540
1433	538
1424	538
1424	537
1422	537
1422	536
1420	536
1420	534
1419	534
1419	533
1416	533
1416	532
1415	532
1415	531
1413	531
1413	530
1410	530
1410	529
1409	529
1409	528
1408	528
1408	527
1406	527
1406	526
1405	526
1405	525
1404	525
1404	524
1402	524
1402	523
1396	523
1396	522
1389	522
1389	521
1385	521
1385	520
1384	520
1384	519
1383	519
1383	518
1376	518
1376	517
1374	517
1374	513
1362	513
1362	512
1361	512
1361	511
1360	511
1360	510
1359	510
1359	509
1358	509
1358	508
1356	508
1356	507
1355	507
1355	508
1354	508
1354	507
1353	507
1353	506
1350	506
1350	505
1349	505
1349	504
1348	504
1348	503
1347	503
1347	502
1335	502
1335	501
1334	501
1334	498
1333	498
1333	497
1332	497
1332	496
1331	496
1331	495
1330	495
1330	494
1328	494
1328	493
1321	493
1321	489
1319	489
1319	488
1318	488
1318	489
1314	489
1314	487
1313	487
1313	486
1306	486
1306	487
1305	487
1305	494
1306	494
1306	495
1311	495
1311	496
1310	496
1310	497
1311	497
1311	498
1312	498
1312	499
1313	499
1313	500
1315	500
1315	504
1316	504
1316	505
1318	505
1318	506
1321	506
1321	507
1322	507
1322	508
1323	508
1323	510
1326	510
1326	511
1327	511
1327	512
1328	512
1328	515
1333	515
1333	516
1337	516
1337	520
1338	520
1338	522
1342	522
1342	524
1343	524
1343	525
1344	525
1344	526
1345	526
1345	527
1346	527
1346	528
1347	528
1347	529
1348	529
1348	530
1349	530
1349	531
1351	531
1351	532
1352	532
1352	534
1353	534
1353	535
1355	535
1355	536
1356	536
1356	537
1357	537
1357	539
1358	539
1358	540
1362	540
1362	544
1363	544
1363	545
1371	545
1371	546
1373	546
1373	547
1375	547
1375	549
1376	549
1376	550
1377	550
1377	559
1378	559
1378	560
1384	560
1384	562
1385	562
1385	563
1386	563
1386	564
1387	564
1387	565
1389	565
1389	566
1390	566
1390	567
1391	567
1391	569
1392	569
1392	570
1394	570
1394	571
1395	571
1395	572
1396	572
1396	573
1397	573
1397	574
1398	574
1398	575
1400	575
1400	576
1401	576
1401	577
1402	577
1402	579
1403	579
1403	580
1406	580
1406	581
1407	581
1407	584
1409	584
1409	585
1411	585
1411	587
1412	587
1412	589
1415	589
1415	591
1416	591
1416	592
1417	592
1417	594
1418	594
1418	595
1420	595
1420	596
1421	596
1421	597
1422	597
1422	599
1424	599
1424	600
1427	600
1427	604
1429	604
1429	605
1430	605
1430	613
1431	613
1431	614
1433	614
1433	615
1435	615
1435	616
1437	616
1437	619
1440	619
1440	620
1441	620
1441	622
1442	622
1442	624
1445	624
1445	626
1446	626
1446	628
1447	628
1447	629
1449	629
1449	630
1451	630
1451	631
1452	631
1452	634
1456	634
1456	636
1457	636
1457	639
1461	639
1461	640
1463	640
1463	641
1464	641
1464	643
1466	643
1466	644
1467	644
1467	645
1468	645
1468	646
1469	646
1469	647
1470	647
1470	648
1471	648
1471	649
1474	649
1474	653
1475	653
1475	654
1476	654
1476	655
1477	655
1477	656
1478	656
1478	655
1479	655
1479	656
1481	656
1481	658
1482	658
1482	659
1485	659
1485	660
1487	660
1487	664
1486	664
1486	668
1487	668
1487	669
1488	669
1488	673
1489	673
1489	674
1491	674
1491	675
1492	675
1492	676
1495	676
1495	678
1496	678
1496	679
1498	679
1498	680
1499	680
1499	681
1500	681
1500	682
1501	682
1501	684
1502	684
1502	685
1504	685
1504	686
1506	686
1506	689
1507	689
1507	690
1509	690
1509	691
1511	691
1511	694
1513	694
1513	695
1515	695
1515	697
1516	697
1516	699
1519	699
1519	701
1520	701
1520	703
1521	703
1521	704
1522	704
1522	705
1524	705
1524	707
1525	707
1525	708
1526	708
1526	710
1527	710
1527	711
1529	711
1529	712
1526	712
1526	723
1527	723
1527	724
1528	724
1528	723
1529	723
1529	724
1530	724
1530	723
1531	723
1531	724
1532	724
1532	725
1533	725
1533	726
1535	726
1535	727
1536	727
1536	729
1538	729
1538	730
1539	730
1539	731
1540	731
1540	732
1541	732
1541	733
1542	733
1542	734
1543	734
1543	735
1544	735
1544	736
1546	736
1546	738
1548	738
1548	739
1549	739
1549	741
1550	741
1550	743
1551	743
1551	744
1553	744
1553	745
1554	745
1554	747
1556	747
1556	749
1560	749
1560	754
1561	754
1561	758
1562	758
1562	759
1563	759
1563	760
1564	760
1564	765
1563	765
1563	766
1562	766
1562	774
1563	774
1563	775
1564	775
1564	776
1565	776
1565	777
1566	777
1566	778
1567	778
1567	779
1568	779
1568	780
1569	780
1569	781
1571	781
1571	783
1573	783
1573	785
1574	785
1574	786
1575	786
1575	787
1576	787
1576	788
1577	788
1577	789
1578	789
1578	791
1580	791
1580	792
1581	792
1581	794
1582	794
1582	795
1584	795
1584	796
1585	796
1585	797
1586	797
1586	799
1587	799
1587	800
1589	800
1589	801
1590	801
1590	802
1591	802
1591	803
1592	803
1592	804
1594	804
1594	806
1595	806
1595	808
1596	808
1596	811
1595	811
1595	816
1596	816
1596	817
1595	817
1595	818
1596	818
1596	819
1595	819
1595	820
1596	820
1596	823
1601	823
1601	824
1603	824
1603	823
1604	823
1604	824
1605	824
1605	828
1607	828
1607	829
1608	829
1608	830
1609	830
1609	831
1610	831
1610	832
1611	832
1611	833
1613	833
1613	835
1614	835
1614	836
1615	836
1615	837
1616	837
1616	838
1618	838
1618	839
1619	839
1619	841
1620	841
1620	843
1623	843
1623	845
1625	845
1625	847
1626	847
1626	848
1627	848
1627	849
1628	849
1628	850
1629	850
1629	851
1630	851
1630	852
1631	852
1631	853
1633	853
1633	857
1634	857
1634	860
1633	860
1633	861
1630	861
1630	871
1631	871
1631	872
1632	872
1632	873
1634	873
1634	874
1635	874
1635	875
1636	875
1636	877
1637	877
1637	878
1638	878
1638	877
1639	877
1639	878
1642	878
1642	879
1644	879
1644	880
1645	880
1645	885
1646	885
1646	886
1650	886
1650	889
1651	889
1651	890
1654	890
1654	891
1655	891
1655	892
1656	892
1656	893
1657	893
1657	894
1658	894
1658	895
1659	895
1659	896
1660	896
1660	897
1661	897
1661	898
1662	898
1662	899
1663	899
1663	900
1664	900
1664	901
1665	901
1665	902
1666	902
1666	903
1667	903
1667	904
1668	904
1668	907
1669	907
1669	908
1670	908
1670	912
1672	912
1672	913
1673	913
1673	914
1674	914
1674	915
1675	915
1675	920
1670	920
1670	932
1671	932
1671	933
1672	933
1672	932
1674	932
1674	933
1677	933
1677	937
1680	937
1680	941
1681	941
1681	942
1685	942
1685	947
1689	947
1689	949
1690	949
1690	952
1692	952
1692	954
1693	954
1693	955
1694	955
1694	957
1696	957
1696	958
1697	958
1697	959
1698	959
1698	960
1699	960
1699	961
1700	961
1700	962
1702	962
1702	963
1703	963
1703	964
1702	964
1702	965
1703	965
1703	968
1704	968
1704	969
1703	969
1703	970
1700	970
1700	972
1699	972
1699	974
1700	974
1700	975
1699	975
1699	977
1700	977
1700	979
1699	979
1699	980
1700	980
1700	983
1702	983
1702	984
1704	984
1704	985
1705	985
1705	987
1708	987
1708	988
1709	988
1709	990
1710	990
1710	992
1711	992
1711	993
1713	993
1713	994
1715	994
1715	997
1718	997
1718	998
1720	998
1720	1001
1721	1001
1721	1002
1724	1002
1724	1004
1725	1004
1725	1007
1728	1007
1728	1009
1729	1009
1729	1012
1730	1012
1730	1013
1731	1013
1731	1014
1733	1014
1733	1015
1734	1015
1734	1016
1735	1016
1735	1018
1740	1018
1740	1021
1741	1021
1741	1022
1742	1022
1742	1023
1744	1023
1744	1024
1745	1024
1745	1026
1740	1026
1740	1027
1739	1027
1739	1028
1737	1028
1737	1037
1744	1037
1744	1041
1745	1041
1745	1043
1746	1043
1746	1044
1748	1044
1748	1046
1749	1046
1749	1047
1752	1047
1752	1048
1753	1048
1753	1049
1754	1049
1754	1050
1755	1050
1755	1051
1757	1051
1757	1052
1758	1052
1758	1055
1759	1055
1759	1056
1760	1056
1760	1057
1762	1057
1762	1059
1763	1059
1763	1060
1764	1060
1764	1061
1765	1061
1765	1062
1767	1062
1767	1064
1769	1064
1769	1066
1770	1066
1770	1067
1774	1067
1774	1092
1779	1092
1779	1099
1780	1099
1780	1101
1783	1101
1783	1103
1784	1103
1784	1106
1787	1106
1787	1111
1791	1111
1791	1112
1794	1112
1794	1116
1796	1116
1796	1120
1797	1120
1797	1121
1798	1121
1798	1122
1799	1122
1799	1125
1800	1125
1800	1126
1801	1126
1801	1127
1802	1127
1802	1130
1803	1130
1803	1131
1808	1131
1808	1132
1809	1132
1809	1141
1819	1141
1819	1146
1821	1146
1821	1147
1822	1147
1822	1156
1824	1156
1824	1165
1825	1165
1825	1166
1827	1166
1827	1167
1828	1167
1828	1169
1829	1169
1829	1171
1832	1171
1832	1173
1833	1173
1833	1174
1834	1174
1834	1176
1839	1176
1839	1185
1841	1185
1841	1186
1842	1186
1842	1187
1843	1187
1843	1188
1844	1188
1844	1190
1847	1190
1847	1191
1848	1191
1848	1192
1849	1192
1849	1196
1852	1196
1852	1200
1854	1200
1854	1201
1857	1201
1857	1204
1856	1204
1856	1205
1858	1205
1858	1206
1859	1206
1859	1210
1861	1210
1861	1211
1862	1211
1862	1212
1863	1212
1863	1213
1864	1213
1864	1215
1866	1215
1866	1217
1867	1217
1867	1219
1869	1219
1869	1220
1872	1220
1872	1223
1873	1223
1873	1226
1874	1226
1874	1230
1877	1230
1877	1232
1878	1232
1878	1234
1879	1234
1879	1235
1880	1235
1880	1236
1881	1236
1881	1237
1882	1237
1882	1238
1884	1238
1884	1240
1886	1240
1886	1245
1888	1245
1888	1246
1889	1246
1889	1250
1891	1250
1891	1251
1892	1251
1892	1252
1893	1252
1893	1253
1894	1253
1894	1255
1895	1255
1895	1256
1896	1256
1896	1257
1897	1257
1897	1258
1898	1258
1898	1260
1899	1260
1899	1261
1900	1261
1900	1262
1902	1262
1902	1264
1903	1264
1903	1265
1905	1265
1905	1267
1906	1267
1906	1268
1907	1268
1907	1269
1908	1269
1908	1270
1911	1270
1911	1274
1912	1274
1912	1275
1914	1275
1914	1280
1917	1280
1917	1282
1918	1282
1918	1283
1919	1283
1919	1285
1921	1285
1921	1287
1923	1287
1923	1289
1924	1289
1924	1290
1925	1290
1925	1291
1926	1291
1926	1292
1927	1292
1927	1293
1928	1293
1928	1295
1929	1295
1929	1296
1931	1296
1931	1297
1932	1297
1932	1299
1933	1299
1933	1302
1934	1302
1934	1304
1935	1304
1935	1305
1937	1305
1937	1304
1938	1304
1938	1309
1939	1309
1939	1310
1943	1310
1943	1313
1944	1313
1944	1315
1947	1315
1947	1317
1948	1317
1948	1319
1949	1319
1949	1320
1950	1320
1950	1321
1951	1321
1951	1322
1953	1322
1953	1324
1954	1324
1954	1326
1958	1326
1958	1328
1968	1328
1968	1334
1969	1334
1969	1335
1971	1335
1971	1339
1972	1339
1972	1340
1983	1340
1983	1345
1988	1345
1988	1346
1987	1346
1987	1348
1988	1348
1988	1350
1989	1350
1989	1351
1993	1351
1993	1352
1998	1352
1998	1355
2012	1355
2012	1359
2013	1359
2013	1360
2014	1360
2014	1359
2015	1359
2015	1360
2018	1360
2018	1364
2024	1364
2024	1365
2025	1365
2025	1364
2026	1364
2026	1365
2027	1365
2027	1366
2028	1366
2028	1369
2032	1369
2032	1370
2033	1370
2033	1371
2022	1371
2022	1370
2018	1370
2018	1369
2016	1369
2016	1370
2015	1370
2015	1369
2012	1369
2012	1370
2010	1370
2010	1368
2006	1368
2006	1367
1998	1367
1998	1366
1995	1366
1995	1365
1992	1365
1992	1364
1990	1364
1990	1363
1989	1363
1989	1362
1985	1362
1985	1361
1980	1361
1980	1360
1976	1360
1976	1359
1975	1359
1975	1357
1974	1357
1974	1356
1966	1356
1966	1355
1965	1355
1965	1352
1963	1352
1963	1351
1961	1351
1961	1350
1960	1350
1960	1348
1957	1348
1957	1346
1956	1346
1956	1347
1955	1347
1955	1346
1953	1346
1953	1345
1951	1345
1951	1344
1950	1344
1950	1343
1949	1343
1949	1342
1948	1342
1948	1341
1947	1341
1947	1340
1946	1340
1946	1339
1945	1339
1945	1338
1943	1338
1943	1337
1942	1337
1942	1336
1941	1336
1941	1335
1940	1335
1940	1333
1938	1333
1938	1332
1937	1332
1937	1331
1936	1331
1936	1330
1935	1330
1935	1328
1933	1328
1933	1327
1932	1327
1932	1326
1931	1326
1931	1325
1932	1325
1932	1324
1930	1324
1930	1323
1928	1323
1928	1322
1926	1322
1926	1321
1925	1321
1925	1318
1923	1318
1923	1317
1922	1317
1922	1316
1920	1316
1920	1313
1917	1313
1917	1311
1916	1311
1916	1309
1915	1309
1915	1308
1912	1308
1912	1306
1911	1306
1911	1305
1910	1305
1910	1303
1908	1303
1908	1302
1907	1302
1907	1301
1906	1301
1906	1300
1905	1300
1905	1298
1903	1298
1903	1297
1902	1297
1902	1296
1901	1296
1901	1293
1900	1293
1900	1292
1898	1292
1898	1291
1896	1291
1896	1289
1895	1289
1895	1288
1894	1288
1894	1287
1893	1287
1893	1286
1892	1286
1892	1285
1891	1285
1891	1284
1890	1284
1890	1283
1889	1283
1889	1282
1888	1282
1888	1281
1887	1281
1887	1278
1883	1278
1883	1276
1882	1276
1882	1273
1880	1273
1880	1271
1877	1271
1877	1268
1873	1268
1873	1267
1872	1267
1872	1266
1871	1266
1871	1265
1870	1265
1870	1263
1868	1263
1868	1262
1867	1262
1867	1261
1866	1261
1866	1259
1865	1259
1865	1258
1864	1258
1864	1257
1863	1257
1863	1256
1861	1256
1861	1254
1860	1254
1860	1253
1858	1253
1858	1251
1856	1251
1856	1249
1855	1249
1855	1248
1853	1248
1853	1246
1852	1246
1852	1245
1851	1245
1851	1244
1850	1244
1850	1243
1848	1243
1848	1242
1847	1242
1847	1241
1846	1241
1846	1239
1845	1239
1845	1238
1844	1238
1844	1237
1842	1237
1842	1236
1841	1236
1841	1234
1840	1234
1840	1233
1838	1233
1838	1232
1837	1232
1837	1231
1836	1231
1836	1229
1834	1229
1834	1228
1832	1228
1832	1227
1831	1227
1831	1224
1828	1224
1828	1223
1827	1223
1827	1222
1826	1222
1826	1219
1823	1219
1823	1218
1822	1218
1822	1217
1821	1217
1821	1214
1818	1214
1818	1213
1814	1213
1814	1210
1813	1210
1813	1209
1812	1209
1812	1208
1811	1208
1811	1207
1808	1207
1808	1206
1807	1206
1807	1205
1806	1205
1806	1204
1803	1204
1803	1203
1800	1203
1800	1199
1797	1199
1797	1198
1796	1198
1796	1197
1795	1197
1795	1196
1793	1196
1793	1194
1792	1194
1792	1193
1791	1193
1791	1192
1789	1192
1789	1191
1787	1191
1787	1190
1786	1190
1786	1188
1784	1188
1784	1187
1783	1187
1783	1186
1782	1186
1782	1184
1780	1184
1780	1183
1779	1183
1779	1182
1778	1182
1778	1181
1776	1181
1776	1179
1773	1179
1773	1177
1763	1177
1763	1176
1762	1176
1762	1174
1760	1174
1760	1173
1759	1173
1759	1172
1758	1172
1758	1171
1757	1171
1757	1170
1756	1170
1756	1168
1755	1168
1755	1167
1754	1167
1754	1166
1753	1166
1753	1165
1752	1165
1752	1163
1750	1163
1750	1162
1742	1162
1742	1164
1739	1164
1739	1162
1738	1162
1738	1160
1736	1160
1736	1159
1734	1159
1734	1158
1733	1158
1733	1157
1732	1157
1732	1154
1729	1154
1729	1153
1728	1153
1728	1152
1727	1152
1727	1151
1726	1151
1726	1149
1724	1149
1724	1148
1723	1148
1723	1147
1722	1147
1722	1146
1721	1146
1721	1144
1719	1144
1719	1143
1718	1143
1718	1142
1717	1142
1717	1140
1716	1140
1716	1139
1714	1139
1714	1138
1713	1138
1713	1137
1712	1137
1712	1135
1711	1135
1711	1134
1709	1134
1709	1130
1708	1130
1708	1129
1706	1129
1706	1128
1698	1128
1698	1129
1697	1129
1697	1134
1696	1134
1696	1133
1695	1133
1695	1132
1694	1132
1694	1129
1692	1129
1692	1125
1691	1125
1691	1124
1689	1124
1689	1122
1688	1122
1688	1121
1687	1121
1687	1118
1686	1118
1686	1117
1684	1117
1684	1115
1683	1115
1683	1113
1682	1113
1682	1110
1681	1110
1681	1109
1679	1109
1679	1108
1678	1108
1678	1106
1677	1106
1677	1105
1676	1105
1676	1104
1675	1104
1675	1101
1674	1101
1674	1095
1672	1095
1672	1094
1669	1094
1669	1095
1668	1095
1668	1094
1666	1094
1666	1095
1664	1095
1664	1097
1663	1097
1663	1096
1662	1096
1662	1093
1661	1093
1661	1092
1659	1092
1659	1089
1658	1089
1658	1088
1657	1088
1657	1084
1655	1084
1655	1083
1654	1083
1654	1081
1653	1081
1653	1080
1652	1080
1652	1077
1651	1077
1651	1076
1650	1076
1650	1075
1649	1075
1649	1073
1648	1073
1648	1070
1647	1070
1647	1065
1645	1065
1645	1064
1637	1064
1637	1063
1636	1063
1636	1062
1634	1062
1634	1061
1633	1061
1633	1060
1632	1060
1632	1058
1631	1058
1631	1057
1630	1057
1630	1056
1629	1056
1629	1054
1628	1054
1628	1053
1627	1053
1627	1050
1625	1050
1625	1049
1624	1049
1624	1048
1623	1048
1623	1046
1622	1046
1622	1045
1621	1045
1621	1044
1620	1044
1620	1043
1619	1043
1619	1042
1618	1042
1618	1040
1617	1040
1617	1038
1616	1038
1616	1037
1615	1037
1615	1036
1614	1036
1614	1034
1613	1034
1613	1031
1612	1031
1612	1026
1611	1026
1611	1025
1610	1025
1610	1024
1609	1024
1609	1022
1601	1022
1601	1023
1600	1023
1600	1024
1597	1024
1597	1020
1594	1020
1594	1019
1593	1019
1593	1017
1592	1017
1592	1015
1590	1015
1590	1014
1589	1014
1589	1013
1588	1013
1588	1011
1587	1011
1587	1009
1585	1009
1585	1008
1584	1008
1584	1007
1583	1007
1583	1003
1582	1003
1582	1000
1579	1000
1579	997
1578	997
1578	995
1577	995
1577	993
1578	993
1578	991
1577	991
1577	990
1575	990
1575	987
1574	987
1574	985
1573	985
1573	980
1572	980
1572	979
1565	979
1565	980
1564	980
1564	982
1563	982
1563	984
1562	984
1562	985
1561	985
1561	984
1560	984
1560	983
1559	983
1559	981
1558	981
1558	980
1556	980
1556	976
1555	976
1555	974
1554	974
1554	973
1553	973
1553	971
1552	971
1552	970
1550	970
1550	966
1549	966
1549	964
1548	964
1548	961
1547	961
1547	960
1546	960
1546	959
1545	959
1545	958
1544	958
1544	955
1542	955
1542	950
1541	950
1541	949
1540	949
1540	948
1539	948
1539	947
1538	947
1538	940
1536	940
1536	937
1535	937
1535	934
1526	934
1526	935
1523	935
1523	931
1522	931
1522	930
1520	930
1520	929
1519	929
1519	928
1518	928
1518	926
1517	926
1517	925
1515	925
1515	921
1513	921
1513	919
1512	919
1512	918
1511	918
1511	917
1510	917
1510	913
1508	913
1508	909
1506	909
1506	908
1505	908
1505	906
1504	906
1504	905
1503	905
1503	900
1502	900
1502	899
1501	899
1501	898
1500	898
1500	895
1499	895
1499	893
1498	893
1498	886
1486	886
1486	887
1484	887
1484	883
1483	883
1483	881
1482	881
1482	880
1481	880
1481	879
1480	879
1480	876
1479	876
1479	874
1478	874
1478	870
1477	870
1477	869
1475	869
1475	867
1474	867
1474	865
1473	865
1473	864
1474	864
1474	862
1473	862
1473	861
1471	861
1471	860
1470	860
1470	857
1469	857
1469	856
1468	856
1468	851
1465	851
1465	847
1464	847
1464	845
1463	845
1463	841
1461	841
1461	837
1460	837
1460	834
1459	834
1459	832
1448	832
1448	831
1447	831
1447	830
1446	830
1446	829
1445	829
1445	828
1444	828
1444	825
1443	825
1443	821
1441	821
1441	819
1440	819
1440	817
1439	817
1439	816
1438	816
1438	811
1436	811
1436	808
1435	808
1435	805
1434	805
1434	804
1433	804
1433	801
1432	801
1432	800
1431	800
1431	798
1430	798
1430	796
1429	796
1429	793
1428	793
1428	791
1426	791
1426	787
1425	787
1425	786
1424	786
1424	783
1423	783
1423	780
1424	780
1424	778
1423	778
1423	777
1422	777
1422	776
1421	776
1421	772
1420	772
1420	770
1419	770
1419	769
1411	769
1411	771
1410	771
1410	770
1409	770
1409	763
1408	763
1408	762
1407	762
1407	761
1406	761
1406	759
1405	759
1405	757
1404	757
1404	752
1403	752
1403	751
1402	751
1402	750
1401	750
1401	749
1400	749
1400	748
1399	748
1399	743
1398	743
1398	742
1396	742
1396	741
1395	741
1395	737
1394	737
1394	732
1391	732
1391	730
1390	730
1390	729
1389	729
1389	722
1388	722
1388	717
1378	717
1378	716
1377	716
1377	713
1376	713
1376	710
1375	710
1375	709
1374	709
1374	707
1373	707
1373	706
1372	706
1372	704
1371	704
1371	702
1370	702
1370	700
1369	700
1369	697
1366	697
1366	693
1365	693
1365	692
1364	692
1364	688
1363	688
1363	687
1362	687
1362	686
1361	686
1361	685
1359	685
1359	680
1357	680
1357	679
1356	679
1356	676
1355	676
1355	674
1354	674
1354	668
1353	668
1353	667
1352	667
1352	665
1351	665
1351	663
1350	663
1350	662
1343	662
1343	663
1341	663
1341	662
1340	662
1340	653
1339	653
1339	648
1338	648
1338	647
1336	647
1336	644
1335	644
1335	640
1334	640
1334	637
1332	637
1332	636
1331	636
1331	631
1330	631
1330	629
1329	629
1329	623
1326	623
1326	622
1325	622
1325	619
1324	619
1324	613
1323	613
1323	612
1322	612
1322	609
1321	609
1321	607
1320	607
1320	604
1319	604
1319	603
1317	603
1317	600
1316	600
1316	596
1315	596
1315	592
1314	592
1314	588
1312	588
1312	585
1311	585
1311	584
1309	584
1309	583
1307	583
1307	580
1306	580
1306	579
1305	579
1305	574
1304	574
1304	568
1301	568
1301	565
1300	565
1300	563
1299	563
1299	558
1295	558
1295	555
1294	555
1294	553
1292	553
1292	550
1291	550
1291	546
1290	546
1290	544
1289	544
1289	543
1287	543
1287	539
1286	539
1286	538
1278	538
1278	555
1280	555
1280	556
1281	556
1281	557
1280	557
1280	559
1281	559
1281	560
1282	560
1282	563
1283	563
1283	565
1287	565
1287	575
1288	575
1288	584
1289	584
1289	585
1290	585
1290	589
1291	589
1291	592
1292	592
1292	595
1293	595
1293	597
1292	597
1292	599
1293	599
1293	600
1294	600
1294	605
1295	605
1295	609
1296	609
1296	614
1297	614
1297	615
1302	615
1302	621
1301	621
1301	629
1302	629
1302	630
1305	630
1305	634
1306	634
1306	636
1307	636
1307	637
1308	637
1308	640
1312	640
1312	649
1313	649
1313	654
1315	654
1315	659
1317	659
1317	664
1319	664
1319	665
1322	665
1322	674
1323	674
1323	679
1325	679
1325	680
1326	680
1326	683
1327	683
1327	698
1328	698
1328	699
1332	699
1332	709
1337	709
1337	723
1338	723
1338	724
1342	724
1342	727
1341	727
1341	735
1342	735
1342	744
1343	744
1343	745
1342	745
1342	763
1343	763
1343	764
1347	764
1347	773
1350	773
1350	778
1351	778
