1262	684
1268	684
1268	698
1269	698
1269	703
1270	703
1270	705
1271	705
1271	708
1272	708
1272	712
1273	712
1273	715
1274	715
1274	720
1275	720
1275	722
1276	722
1276	724
1277	724
1277	725
1276	725
1276	727
1277	727
1277	728
1278	728
1278	732
1279	732
1279	734
1280	734
1280	750
1281	750
1281	751
1280	751
1280	759
1279	759
1279	760
1278	760
1278	763
1277	763
1277	764
1274	764
1274	765
1272	765
1272	764
1271	764
1271	765
1270	765
1270	764
1269	764
1269	765
1264	765
1264	767
1263	767
1263	776
1264	776
1264	781
1265	781
1265	783
1266	783
1266	789
1267	789
1267	790
1268	790
1268	792
1269	792
1269	799
1270	799
1270	800
1269	800
1269	801
1270	801
1270	802
1272	802
1272	804
1273	804
1273	808
1274	808
1274	809
1275	809
1275	810
1274	810
1274	812
1275	812
1275	813
1276	813
1276	818
1277	818
1277	820
1278	820
1278	822
1279	822
1279	824
1280	824
1280	833
1281	833
1281	835
1282	835
1282	838
1283	838
1283	848
1282	848
1282	854
1281	854
1281	855
1280	855
1280	865
1278	865
1278	864
1277	864
1277	863
1276	863
1276	862
1275	862
1275	861
1273	861
1273	860
1272	860
1272	859
1263	859
1263	860
1262	860
1262	859
1257	859
1257	860
1256	860
1256	862
1255	862
1255	875
1256	875
1256	878
1257	878
1257	883
1258	883
1258	890
1259	890
1259	898
1260	898
1260	899
1262	899
1262	902
1263	902
1263	908
1264	908
1264	910
1265	910
1265	914
1266	914
1266	920
1267	920
1267	921
1268	921
1268	931
1269	931
1269	947
1268	947
1268	950
1267	950
1267	952
1266	952
1266	954
1265	954
1265	955
1264	955
1264	960
1263	960
1263	961
1262	961
1262	962
1246	962
1246	963
1245	963
1245	977
1246	977
1246	984
1247	984
1247	996
1248	996
1248	1017
1250	1017
1250	1037
1249	1037
1249	1038
1248	1038
1248	1041
1247	1041
1247	1046
1246	1046
1246	1050
1245	1050
1245	1052
1244	1052
1244	1054
1243	1054
1243	1056
1242	1056
1242	1058
1241	1058
1241	1059
1225	1059
1225	1071
1224	1071
1224	1072
1225	1072
1225	1073
1224	1073
1224	1075
1225	1075
1225	1079
1226	1079
1226	1104
1227	1104
1227	1145
1226	1145
1226	1151
1225	1151
1225	1154
1224	1154
1224	1155
1223	1155
1223	1156
1219	1156
1219	1155
1218	1155
1218	1154
1217	1154
1217	1153
1216	1153
1216	1152
1215	1152
1215	1151
1214	1151
1214	1150
1213	1150
1213	1149
1212	1149
1212	1148
1211	1148
1211	1147
1197	1147
1197	1148
1196	1148
1196	1150
1195	1150
1195	1151
1196	1151
1196	1165
1195	1165
1195	1178
1194	1178
1194	1210
1195	1210
1195	1211
1197	1211
1197	1228
1198	1228
1198	1230
1197	1230
1197	1237
1196	1237
1196	1242
1195	1242
1195	1243
1194	1243
1194	1252
1193	1252
1193	1253
1192	1253
1192	1257
1191	1257
1191	1260
1189	1260
1189	1262
1188	1262
1188	1263
1185	1263
1185	1262
1170	1262
1170	1264
1169	1264
1169	1279
1170	1279
1170	1282
1169	1282
1169	1301
1168	1301
1168	1323
1167	1323
1167	1326
1166	1326
1166	1331
1165	1331
1165	1338
1164	1338
1164	1339
1163	1339
1163	1340
1162	1340
1162	1345
1161	1345
1161	1351
1160	1351
1160	1353
1159	1353
1159	1355
1158	1355
1158	1354
1157	1354
1157	1353
1156	1353
1156	1352
1155	1352
1155	1353
1144	1353
1144	1352
1143	1352
1143	1353
1141	1353
1141	1355
1140	1355
1140	1372
1139	1372
1139	1373
1138	1373
1138	1375
1137	1375
1137	1381
1136	1381
1136	1389
1135	1389
1135	1390
1134	1390
1134	1393
1133	1393
1133	1396
1132	1396
1132	1400
1131	1400
1131	1403
1130	1403
1130	1407
1129	1407
1129	1411
1128	1411
1128	1413
1127	1413
1127	1414
1126	1414
1126	1415
1125	1415
1125	1416
1126	1416
1126	1420
1125	1420
1125	1421
1124	1421
1124	1432
1122	1432
1122	1434
1121	1434
1121	1436
1119	1436
1119	1445
1118	1445
1118	1457
1117	1457
1117	1458
1116	1458
1116	1464
1115	1464
1115	1465
1114	1465
1114	1470
1113	1470
1113	1473
1112	1473
1112	1476
1111	1476
1111	1479
1109	1479
1109	1480
1108	1480
1108	1485
1107	1485
1107	1489
1108	1489
1108	1491
1107	1491
1107	1493
1106	1493
1106	1501
1105	1501
1105	1508
1104	1508
1104	1515
1103	1515
1103	1517
1102	1517
1102	1524
1101	1524
1101	1529
1100	1529
1100	1530
1099	1530
1099	1532
1098	1532
1098	1533
1097	1533
1097	1543
1096	1543
1096	1544
1094	1544
1094	1552
1093	1552
1093	1558
1092	1558
1092	1561
1091	1561
1091	1564
1090	1564
1090	1568
1089	1568
1089	1576
1087	1576
1087	1587
1086	1587
1086	1589
1085	1589
1085	1591
1084	1591
1084	1592
1085	1592
1085	1595
1084	1595
1084	1598
1083	1598
1083	1607
1082	1607
1082	1608
1081	1608
1081	1614
1080	1614
1080	1617
1079	1617
1079	1619
1076	1619
1076	1633
1075	1633
1075	1635
1074	1635
1074	1645
1073	1645
1073	1648
1072	1648
1072	1649
1073	1649
1073	1656
1072	1656
1072	1660
1071	1660
1071	1667
1070	1667
1070	1675
1069	1675
1069	1678
1068	1678
1068	1679
1069	1679
1069	1680
1068	1680
1068	1683
1066	1683
1066	1684
1065	1684
1065	1706
1064	1706
1064	1712
1063	1712
1063	1715
1062	1715
1062	1721
1061	1721
1061	1728
1060	1728
1060	1729
1061	1729
1061	1730
1060	1730
1060	1732
1059	1732
1059	1749
1058	1749
1058	1753
1057	1753
1057	1754
1056	1754
1056	1767
1055	1767
1055	1771
1054	1771
1054	1792
1056	1792
1056	1799
1057	1799
1057	1800
1056	1800
1056	1802
1057	1802
1057	1806
1058	1806
1058	1816
1059	1816
1059	1817
1060	1817
1060	1823
1061	1823
1061	1840
1060	1840
1060	1846
1058	1846
1058	1845
1057	1845
1057	1846
1056	1846
1056	1844
1055	1844
1055	1843
1051	1843
1051	1840
1050	1840
1050	1838
1049	1838
1049	1835
1048	1835
1048	1833
1047	1833
1047	1832
1046	1832
1046	1830
1045	1830
1045	1825
1044	1825
1044	1824
1043	1824
1043	1822
1042	1822
1042	1820
1041	1820
1041	1816
1040	1816
1040	1815
1039	1815
1039	1813
1038	1813
1038	1809
1037	1809
1037	1807
1035	1807
1035	1797
1034	1797
1034	1796
1033	1796
1033	1795
1032	1795
1032	1792
1031	1792
1031	1789
1030	1789
1030	1787
1029	1787
1029	1782
1028	1782
1028	1781
1027	1781
1027	1778
1026	1778
1026	1775
1025	1775
1025	1769
1024	1769
1024	1760
1023	1760
1023	1756
1022	1756
1022	1752
1021	1752
1021	1748
1020	1748
1020	1745
1021	1745
1021	1741
1020	1741
1020	1737
1021	1737
1021	1735
1020	1735
1020	1734
1018	1734
1018	1732
1019	1732
1019	1731
1021	1731
1021	1729
1020	1729
1020	1728
1021	1728
1021	1718
1022	1718
1022	1717
1023	1717
1023	1663
1024	1663
1024	1646
1025	1646
1025	1642
1026	1642
1026	1627
1027	1627
1027	1616
1028	1616
1028	1583
1029	1583
1029	1578
1030	1578
1030	1577
1031	1577
1031	1573
1030	1573
1030	1572
1031	1572
1031	1569
1032	1569
1032	1566
1034	1566
1034	1555
1035	1555
1035	1537
1034	1537
1034	1533
1035	1533
1035	1517
1036	1517
1036	1516
1037	1516
1037	1512
1038	1512
1038	1496
1039	1496
1039	1491
1040	1491
1040	1486
1041	1486
1041	1470
1042	1470
1042	1447
1041	1447
1041	1445
1042	1445
1042	1443
1043	1443
1043	1440
1044	1440
1044	1437
1045	1437
1045	1431
1046	1431
1046	1426
1047	1426
1047	1350
1048	1350
1048	1349
1047	1349
1047	1347
1048	1347
1048	1341
1049	1341
1049	1318
1048	1318
1048	1317
1033	1317
1033	1318
1032	1318
1032	1321
1030	1321
1030	1322
1029	1322
1029	1319
1028	1319
1028	1318
1027	1318
1027	1306
1028	1306
1028	1299
1029	1299
1029	1287
1030	1287
1030	1286
1031	1286
1031	1265
1033	1265
1033	1264
1034	1264
1034	1250
1035	1250
1035	1227
1036	1227
1036	1224
1037	1224
1037	1204
1036	1204
1036	1203
1034	1203
1034	1202
1033	1202
1033	1203
1030	1203
1030	1202
1024	1202
1024	1203
1022	1203
1022	1202
1021	1202
1021	1203
1020	1203
1020	1204
1018	1204
1018	1203
1017	1203
1017	1200
1016	1200
1016	1199
1015	1199
1015	1198
1013	1198
1013	1179
1015	1179
1015	1178
1016	1178
1016	1166
1017	1166
1017	1164
1018	1164
1018	1158
1019	1158
1019	1153
1018	1153
1018	1151
1019	1151
1019	1133
1018	1133
1018	1132
1019	1132
1019	1130
1020	1130
1020	1129
1021	1129
1021	1126
1022	1126
1022	1125
1023	1125
1023	1103
1022	1103
1022	1102
1007	1102
1007	1104
1006	1104
1006	1105
1005	1105
1005	1106
1002	1106
1002	1103
1001	1103
1001	1102
1000	1102
1000	1095
999	1095
999	1093
998	1093
998	1083
999	1083
999	1073
1000	1073
1000	1071
1001	1071
1001	1070
1002	1070
1002	1062
1003	1062
1003	1060
1004	1060
1004	1056
1005	1056
1005	1054
1006	1054
1006	1051
1007	1051
1007	1049
1008	1049
1008	1044
1009	1044
1009	1042
1010	1042
1010	1040
1011	1040
1011	1039
1012	1039
1012	1033
1013	1033
1013	1032
1012	1032
1012	1022
997	1022
997	1020
996	1020
996	1019
995	1019
995	1013
994	1013
994	1004
993	1004
993	999
994	999
994	998
995	998
995	995
996	995
996	989
997	989
997	987
998	987
998	983
999	983
999	981
1000	981
1000	975
1001	975
1001	973
1002	973
1002	967
1003	967
1003	965
1004	965
1004	964
1005	964
1005	963
1006	963
1006	959
1007	959
1007	958
1008	958
1008	952
1009	952
1009	950
1010	950
1010	947
1011	947
1011	946
1012	946
1012	928
1010	928
1010	927
997	927
997	926
995	926
995	925
996	925
996	924
994	924
994	907
995	907
995	904
996	904
996	899
997	899
997	892
998	892
998	888
999	888
999	886
1000	886
1000	883
1001	883
1001	879
1002	879
1002	878
1003	878
1003	876
1004	876
1004	869
1005	869
1005	868
1006	868
1006	864
1007	864
1007	863
1008	863
1008	862
1009	862
1009	859
1010	859
1010	857
1011	857
1011	856
1012	856
1012	854
1013	854
1013	848
1014	848
1014	833
1012	833
1012	832
1000	832
1000	828
999	828
999	825
998	825
998	814
999	814
999	813
1001	813
1001	812
1002	812
1002	803
1003	803
1003	802
1004	802
1004	800
1005	800
1005	798
1006	798
1006	793
1007	793
1007	791
1008	791
1008	790
1009	790
1009	785
1010	785
1010	781
1011	781
1011	780
1012	780
1012	778
1013	778
1013	770
1017	770
1017	767
1018	767
1018	763
1019	763
1019	761
1020	761
1020	759
1023	759
1023	751
1024	751
1024	748
1025	748
1025	747
1026	747
1026	746
1027	746
1027	743
1028	743
1028	741
1029	741
1029	740
1030	740
1030	739
1031	739
1031	722
1029	722
1029	721
1025	721
1025	722
1024	722
1024	721
1016	721
1016	722
1013	722
1013	720
1012	720
1012	704
1013	704
1013	703
1012	703
1012	701
1013	701
1013	692
1014	692
1014	690
1015	690
1015	687
1016	687
1016	684
1017	684
1017	682
1018	682
1018	680
1019	680
1019	676
1020	676
1020	675
1021	675
1021	673
1022	673
1022	672
1023	672
1023	669
1024	669
1024	665
1025	665
1025	663
1027	663
1027	658
1028	658
1028	657
1029	657
1029	654
1030	654
1030	653
1031	653
1031	652
1032	652
1032	651
1034	651
1034	646
1035	646
1035	645
1034	645
1034	644
1035	644
1035	643
1036	643
1036	642
1037	642
1037	625
1031	625
1031	624
1030	624
1030	622
1029	622
1029	618
1028	618
1028	614
1027	614
1027	607
1028	607
1028	605
1029	605
1029	600
1030	600
1030	597
1031	597
1031	595
1032	595
1032	594
1033	594
1033	590
1034	590
1034	588
1035	588
1035	587
1036	587
1036	584
1037	584
1037	580
1038	580
1038	565
1045	565
1045	564
1046	564
1046	562
1047	562
1047	560
1048	560
1048	558
1049	558
1049	555
1050	555
1050	553
1051	553
1051	549
1052	549
1052	532
1045	532
1045	520
1046	520
1046	519
1045	519
1045	516
1046	516
1046	514
1047	514
1047	509
1048	509
1048	508
1050	508
1050	507
1051	507
1051	502
1052	502
1052	501
1054	501
1054	500
1055	500
1055	499
1056	499
1056	497
1055	497
1055	496
1056	496
1056	492
1057	492
1057	491
1058	491
1058	474
1059	474
1059	472
1060	472
1060	471
1061	471
1061	469
1062	469
1062	468
1061	468
1061	466
1062	466
1062	455
1061	455
1061	452
1060	452
1060	448
1061	448
1061	446
1062	446
1062	439
1063	439
1063	437
1064	437
1064	436
1066	436
1066	431
1068	431
1068	430
1069	430
1069	429
1070	429
1070	428
1071	428
1071	424
1072	424
1072	422
1074	422
1074	420
1075	420
1075	419
1077	419
1077	418
1076	418
1076	417
1077	417
1077	416
1078	416
1078	413
1079	413
1079	411
1081	411
1081	409
1082	409
1082	407
1083	407
1083	403
1084	403
1084	402
1085	402
1085	400
1086	400
1086	397
1087	397
1087	396
1088	396
1088	371
1089	371
1089	370
1090	370
1090	368
1092	368
1092	367
1093	367
1093	366
1094	366
1094	363
1095	363
1095	362
1096	362
1096	361
1098	361
1098	358
1099	358
1099	354
1100	354
1100	352
1101	352
1101	350
1102	350
1102	347
1103	347
1103	346
1102	346
1102	345
1103	345
1103	344
1102	344
1102	343
1103	343
1103	342
1104	342
1104	340
1105	340
1105	335
1106	335
1106	330
1107	330
1107	328
1109	328
1109	326
1110	326
1110	325
1109	325
1109	323
1110	323
1110	296
1111	296
1111	291
1112	291
1112	290
1113	290
1113	288
1114	288
1114	285
1115	285
1115	279
1116	279
1116	277
1117	277
1117	267
1118	267
1118	264
1119	264
1119	263
1120	263
1120	251
1121	251
1121	222
1122	222
1122	215
1123	215
1123	208
1124	208
1124	195
1125	195
1125	189
1126	189
1126	179
1127	179
1127	166
1128	166
1128	147
1112	147
1112	148
1111	148
1111	150
1110	150
1110	151
1109	151
1109	154
1108	154
1108	156
1107	156
1107	158
1106	158
1106	162
1105	162
1105	165
1102	165
1102	167
1101	167
1101	172
1100	172
1100	173
1099	173
1099	176
1098	176
1098	177
1097	177
1097	176
1096	176
1096	177
1095	177
1095	179
1094	179
1094	180
1093	180
1093	184
1092	184
1092	186
1091	186
1091	187
1090	187
1090	191
1089	191
1089	194
1088	194
1088	196
1087	196
1087	198
1086	198
1086	201
1085	201
1085	203
1084	203
1084	205
1083	205
1083	206
1082	206
1082	207
1081	207
1081	208
1082	208
1082	209
1081	209
1081	212
1080	212
1080	213
1079	213
1079	214
1078	214
1078	217
1077	217
1077	219
1073	219
1073	220
1072	220
1072	222
1071	222
1071	223
1070	223
1070	227
1069	227
1069	230
1068	230
1068	235
1067	235
1067	237
1066	237
1066	240
1065	240
1065	241
1064	241
1064	243
1063	243
1063	245
1062	245
1062	251
1060	251
1060	252
1059	252
1059	254
1058	254
1058	255
1057	255
1057	257
1056	257
1056	258
1055	258
1055	259
1054	259
1054	261
1052	261
1052	262
1051	262
1051	263
1049	263
1049	265
1048	265
1048	266
1047	266
1047	269
1046	269
1046	271
1045	271
1045	274
1044	274
1044	275
1043	275
1043	276
1044	276
1044	278
1043	278
1043	279
1041	279
1041	281
1040	281
1040	285
1039	285
1039	286
1038	286
1038	287
1037	287
1037	293
1036	293
1036	294
1035	294
1035	295
1033	295
1033	307
1031	307
1031	310
1030	310
1030	311
1027	311
1027	312
1025	312
1025	313
1023	313
1023	314
1022	314
1022	315
1021	315
1021	323
1019	323
1019	324
1018	324
1018	327
1017	327
1017	330
1016	330
1016	332
1015	332
1015	335
1014	335
1014	337
1013	337
1013	338
1012	338
1012	339
1011	339
1011	346
1010	346
1010	347
1009	347
1009	351
1008	351
1008	352
1007	352
1007	357
1006	357
1006	369
1001	369
1001	372
1000	372
1000	374
998	374
998	375
995	375
995	376
994	376
994	377
993	377
993	376
990	376
990	377
989	377
989	389
986	389
986	390
985	390
985	391
982	391
982	392
979	392
979	398
978	398
978	408
976	408
976	411
975	411
975	414
974	414
974	416
973	416
973	419
972	419
972	423
970	423
970	424
968	424
968	430
967	430
967	432
965	432
965	433
966	433
966	434
965	434
965	435
964	435
964	436
962	436
962	437
961	437
961	438
958	438
958	439
947	439
947	442
946	442
946	446
945	446
945	448
944	448
944	449
943	449
943	453
942	453
942	456
941	456
941	457
939	457
939	461
938	461
938	466
937	466
937	467
935	467
935	472
934	472
934	473
935	473
935	475
934	475
934	477
933	477
933	480
932	480
932	482
930	482
930	483
929	483
929	486
928	486
928	487
929	487
929	488
927	488
927	489
925	489
925	493
924	493
924	494
923	494
923	495
922	495
922	497
920	497
920	498
919	498
919	499
917	499
917	500
914	500
914	501
915	501
915	502
914	502
914	503
913	503
913	504
912	504
912	505
911	505
911	506
910	506
910	507
897	507
897	509
896	509
896	510
893	510
893	519
891	519
891	522
890	522
890	524
889	524
889	525
888	525
888	526
886	526
886	529
885	529
885	530
884	530
884	531
882	531
882	533
881	533
881	535
882	535
882	536
881	536
881	537
880	537
880	540
878	540
878	546
877	546
877	547
876	547
876	548
875	548
875	550
874	550
874	551
873	551
873	552
872	552
872	553
871	553
871	557
870	557
870	558
869	558
869	561
867	561
867	562
866	562
866	563
864	563
864	564
861	564
861	566
860	566
860	568
859	568
859	569
857	569
857	570
856	570
856	571
854	571
854	572
852	572
852	573
851	573
851	574
839	574
839	575
838	575
838	577
837	577
837	579
836	579
836	582
835	582
835	585
834	585
834	587
833	587
833	588
832	588
832	589
831	589
831	590
830	590
830	593
829	593
829	594
828	594
828	598
827	598
827	600
825	600
825	602
824	602
824	606
823	606
823	607
822	607
822	612
819	612
819	613
818	613
818	617
817	617
817	620
816	620
816	621
815	621
815	622
814	622
814	623
813	623
813	625
812	625
812	626
810	626
810	627
809	627
809	628
807	628
807	629
806	629
806	630
805	630
805	632
803	632
803	633
801	633
801	634
800	634
800	635
798	635
798	636
797	636
797	635
796	635
796	636
793	636
793	637
785	637
785	638
784	638
784	637
779	637
779	638
777	638
777	639
776	639
776	640
775	640
775	641
774	641
774	642
775	642
775	643
774	643
774	645
773	645
773	648
772	648
772	650
771	650
771	654
770	654
770	655
769	655
769	656
768	656
768	659
766	659
766	660
764	660
764	661
763	661
763	665
762	665
762	667
761	667
761	669
760	669
760	671
758	671
758	673
757	673
757	676
756	676
756	678
755	678
755	680
753	680
753	681
752	681
752	685
750	685
750	686
749	686
749	687
748	687
748	688
747	688
747	691
746	691
746	692
745	692
745	693
743	693
743	694
742	694
742	695
741	695
741	696
740	696
740	697
738	697
738	698
737	698
737	699
736	699
736	700
735	700
735	701
733	701
733	703
728	703
728	704
727	704
727	703
724	703
724	694
723	694
723	693
707	693
707	694
706	694
706	695
704	695
704	697
703	697
703	698
702	698
702	700
699	700
699	704
698	704
698	705
697	705
697	708
696	708
696	709
695	709
695	710
694	710
694	713
692	713
692	714
689	714
689	715
688	715
688	719
687	719
687	720
685	720
685	723
683	723
683	724
682	724
682	725
678	725
678	726
677	726
677	730
676	730
676	731
675	731
675	732
674	732
674	733
672	733
672	735
671	735
671	736
668	736
668	737
667	737
667	741
666	741
666	743
664	743
664	744
663	744
663	745
661	745
661	747
657	747
657	748
656	748
656	753
654	753
654	754
652	754
652	756
651	756
651	757
650	757
650	758
646	758
646	759
645	759
645	763
644	763
644	764
642	764
642	765
640	765
640	766
638	766
638	768
634	768
634	769
631	769
631	766
615	766
615	767
614	767
614	768
613	768
613	769
612	769
612	772
611	772
611	773
610	773
610	774
609	774
609	776
608	776
608	777
607	777
607	778
606	778
606	779
604	779
604	780
602	780
602	784
601	784
601	785
600	785
600	787
598	787
598	789
597	789
597	790
592	790
592	792
591	792
591	793
592	793
592	794
591	794
591	796
590	796
590	797
587	797
587	798
588	798
588	799
587	799
587	800
586	800
586	801
581	801
581	805
580	805
580	806
577	806
577	807
576	807
576	808
574	808
574	809
572	809
572	810
570	810
570	811
562	811
562	801
561	801
561	800
545	800
545	801
544	801
544	802
543	802
543	803
542	803
542	804
540	804
540	805
538	805
538	806
537	806
537	807
536	807
536	808
534	808
534	809
533	809
533	810
532	810
532	811
530	811
530	812
527	812
527	816
524	816
524	817
523	817
523	818
520	818
520	819
519	819
519	820
517	820
517	821
516	821
516	822
515	822
515	823
514	823
514	822
513	822
513	825
511	825
511	826
510	826
510	827
508	827
508	828
507	828
507	830
505	830
505	831
504	831
504	832
501	832
501	833
495	833
495	837
494	837
494	838
493	838
493	840
492	840
492	841
490	841
490	842
489	842
489	843
485	843
485	844
484	844
484	845
483	845
483	848
482	848
482	849
479	849
479	850
478	850
478	851
477	851
477	852
476	852
476	853
474	853
474	854
472	854
472	856
471	856
471	857
468	857
468	858
465	858
465	860
464	860
464	861
462	861
462	862
457	862
457	863
453	863
453	861
452	861
452	860
437	860
437	861
435	861
435	862
433	862
433	863
432	863
432	864
430	864
430	865
428	865
428	866
427	866
427	867
426	867
426	868
424	868
424	870
422	870
422	869
421	869
421	870
418	870
418	872
415	872
415	873
414	873
414	874
412	874
412	875
411	875
411	876
410	876
410	875
409	875
409	876
406	876
406	877
404	877
404	879
403	879
403	880
402	880
402	881
400	881
400	882
399	882
399	883
395	883
395	884
394	884
394	885
393	885
393	886
391	886
391	887
387	887
387	888
386	888
386	889
385	889
385	891
382	891
382	892
381	892
381	893
380	893
380	894
378	894
378	895
374	895
374	896
372	896
372	897
365	897
365	902
364	902
364	903
362	903
362	904
360	904
360	905
357	905
357	906
358	906
358	907
355	907
355	909
353	909
353	915
352	915
352	916
338	916
338	917
333	917
333	919
330	919
330	920
329	920
329	921
328	921
328	922
327	922
327	923
324	923
324	924
322	924
322	925
321	925
321	926
320	926
320	927
317	927
317	928
316	928
316	929
312	929
312	930
311	930
311	931
310	931
310	932
309	932
309	933
307	933
307	934
304	934
304	935
300	935
300	937
299	937
299	938
298	938
298	939
297	939
297	940
294	940
294	941
290	941
290	942
289	942
289	944
288	944
288	945
286	945
286	946
284	946
284	945
283	945
283	948
282	948
282	949
281	949
281	950
280	950
280	951
275	951
275	952
273	952
273	951
272	951
272	952
269	952
269	954
268	954
268	955
267	955
267	956
263	956
263	957
262	957
262	959
260	959
260	960
258	960
258	961
257	961
257	962
248	962
248	963
246	963
246	966
242	966
242	967
241	967
241	968
240	968
240	969
237	969
237	970
236	970
236	972
234	972
234	973
233	973
233	972
227	972
227	973
225	973
225	977
223	977
223	978
221	978
221	979
219	979
219	980
217	980
217	981
212	981
212	982
211	982
211	983
208	983
208	984
204	984
204	986
203	986
203	987
201	987
201	988
200	988
200	989
197	989
197	990
195	990
195	991
192	991
192	992
190	992
190	993
187	993
187	994
183	994
183	996
181	996
181	997
180	997
180	998
177	998
177	999
174	999
174	1000
173	1000
173	1001
163	1001
163	1002
161	1002
161	1004
160	1004
160	1005
150	1005
150	1007
149	1007
149	1009
146	1009
146	1010
142	1010
142	1011
141	1011
141	1012
139	1012
139	1013
138	1013
138	1014
134	1014
134	1015
118	1015
118	1016
114	1016
114	1015
112	1015
112	1014
110	1014
110	1011
111	1011
111	1009
112	1009
112	1008
113	1008
113	1007
119	1007
119	1004
120	1004
120	1003
121	1003
121	1002
124	1002
124	1001
126	1001
126	1000
127	1000
127	999
128	999
128	998
130	998
130	997
131	997
131	996
132	996
132	995
133	995
133	994
135	994
135	993
136	993
136	992
138	992
138	991
139	991
139	990
140	990
140	989
143	989
143	988
146	988
146	987
147	987
147	986
148	986
148	985
151	985
151	983
152	983
152	982
153	982
153	983
154	983
154	981
155	981
155	980
157	980
157	978
159	978
159	977
162	977
162	976
163	976
163	975
167	975
167	974
170	974
170	975
171	975
171	974
173	974
173	970
174	970
174	969
175	969
175	968
176	968
176	967
178	967
178	966
179	966
179	965
180	965
180	964
183	964
183	963
184	963
184	960
186	960
186	959
189	959
189	958
190	958
190	957
192	957
192	956
194	956
194	955
195	955
195	953
197	953
197	952
198	952
198	951
200	951
200	950
203	950
203	949
205	949
205	948
207	948
207	946
209	946
209	945
211	945
211	943
213	943
213	942
215	942
215	941
216	941
216	940
217	940
217	939
219	939
219	936
222	936
222	935
224	935
224	934
226	934
226	933
227	933
227	932
228	932
228	930
229	930
229	929
231	929
231	928
232	928
232	927
234	927
234	926
236	926
236	925
237	925
237	924
239	924
239	922
240	922
240	921
243	921
243	920
248	920
248	916
249	916
249	915
251	915
251	914
252	914
252	912
253	912
253	910
258	910
258	909
259	909
259	908
260	908
260	907
261	907
261	906
262	906
262	905
263	905
263	904
265	904
265	903
270	903
270	900
271	900
271	898
274	898
274	897
275	897
275	896
276	896
276	894
279	894
279	893
280	893
280	892
281	892
281	891
282	891
282	890
284	890
284	889
290	889
290	888
291	888
291	884
293	884
293	883
296	883
296	882
297	882
297	881
301	881
301	880
302	880
302	876
303	876
303	874
304	874
304	873
307	873
307	872
308	872
308	871
313	871
313	868
314	868
314	866
316	866
316	865
318	865
318	864
319	864
319	863
320	863
320	862
321	862
321	861
323	861
323	859
324	859
324	858
325	858
325	857
327	857
327	856
328	856
328	857
333	857
333	856
335	856
335	850
338	850
338	847
339	847
339	846
343	846
343	845
344	845
344	844
346	844
346	843
347	843
347	841
348	841
348	840
350	840
350	839
351	839
351	838
352	838
352	837
353	837
353	835
356	835
356	834
357	834
357	833
359	833
359	832
361	832
361	831
362	831
362	828
366	828
366	827
367	827
367	824
370	824
370	823
371	823
371	822
372	822
372	821
373	821
373	819
374	819
374	818
375	818
375	817
377	817
377	816
378	816
378	814
380	814
380	813
381	813
381	812
382	812
382	808
383	808
383	807
385	807
385	806
387	806
387	805
388	805
388	804
389	804
389	803
390	803
390	802
391	802
391	801
393	801
393	800
395	800
395	799
396	799
396	798
397	798
397	797
398	797
398	796
400	796
400	795
401	795
401	794
402	794
402	793
404	793
404	792
406	792
406	791
409	791
409	790
410	790
410	783
412	783
412	782
415	782
415	781
418	781
418	780
420	780
420	775
421	775
421	772
423	772
423	771
426	771
426	770
430	770
430	769
431	769
431	766
432	766
432	764
433	764
433	763
435	763
435	747
434	747
434	746
431	746
431	743
432	743
432	740
433	740
433	739
434	739
434	738
435	738
435	737
436	737
436	736
437	736
437	735
438	735
438	734
439	734
439	733
442	733
442	732
443	732
443	731
446	731
446	728
447	728
447	727
449	727
449	728
450	728
450	727
451	727
451	728
452	728
452	727
453	727
453	721
457	721
457	720
459	720
459	717
461	717
461	716
463	716
463	714
464	714
464	710
465	710
465	709
468	709
468	708
469	708
469	707
470	707
470	708
471	708
471	706
474	706
474	705
475	705
475	702
476	702
476	701
480	701
480	699
481	699
481	698
482	698
482	697
483	697
483	694
485	694
485	693
486	693
486	692
488	692
488	691
492	691
492	690
493	690
493	688
495	688
495	687
496	687
496	686
497	686
497	684
505	684
505	683
506	683
506	682
507	682
507	679
510	679
510	680
511	680
511	677
512	677
512	676
513	676
513	662
512	662
512	661
511	661
511	660
507	660
507	659
506	659
506	658
507	658
507	655
508	655
508	654
509	654
509	653
510	653
510	652
512	652
512	651
517	651
517	647
521	647
521	646
528	646
528	645
539	645
539	644
541	644
541	642
542	642
542	641
549	641
549	640
550	640
550	622
551	622
551	621
552	621
552	620
553	620
553	616
555	616
555	613
556	613
556	612
557	612
557	595
558	595
558	592
559	592
559	590
560	590
560	589
561	589
561	587
562	587
562	586
563	586
563	585
566	585
566	582
569	582
569	581
571	581
571	580
572	580
572	577
573	577
573	576
574	576
574	577
575	577
575	576
577	576
577	573
579	573
579	571
580	571
580	569
582	569
582	568
584	568
584	566
587	566
587	565
592	565
592	564
593	564
593	561
594	561
594	560
596	560
596	559
597	559
597	558
599	558
599	557
602	557
602	556
603	556
603	555
604	555
604	554
605	554
605	553
607	553
607	552
609	552
609	537
608	537
608	536
604	536
604	532
605	532
605	530
606	530
606	529
607	529
607	525
608	525
608	524
610	524
610	523
611	523
611	522
614	522
614	518
615	518
615	517
616	517
616	516
620	516
620	512
627	512
627	511
628	511
628	510
630	510
630	509
631	509
631	505
634	505
634	504
636	504
636	503
639	503
639	502
640	502
640	501
646	501
646	499
647	499
647	497
648	497
648	496
651	496
651	495
653	495
653	492
655	492
655	491
659	491
659	490
660	490
660	489
661	489
661	480
660	480
660	479
661	479
661	473
660	473
660	472
662	472
662	471
663	471
663	469
664	469
664	468
668	468
668	464
669	464
669	463
670	463
670	460
672	460
672	459
674	459
674	458
678	458
678	457
679	457
679	455
681	455
681	453
682	453
682	452
684	452
684	450
689	450
689	449
690	449
690	448
691	448
691	447
694	447
694	448
695	448
695	445
696	445
696	443
701	443
701	442
702	442
702	440
703	440
703	439
707	439
707	438
708	438
708	437
711	437
711	436
713	436
713	435
714	435
714	434
715	434
715	419
716	419
716	418
717	418
717	416
718	416
718	415
721	415
721	413
722	413
722	412
723	412
723	410
724	410
724	409
725	409
725	408
726	408
726	407
727	407
727	406
730	406
730	405
732	405
732	404
733	404
733	403
735	403
735	402
736	402
736	401
740	401
740	399
743	399
743	398
745	398
745	397
748	397
748	396
752	396
752	395
753	395
753	394
758	394
758	393
759	393
759	392
760	392
760	391
762	391
762	390
765	390
765	389
768	389
768	388
772	388
772	387
775	387
775	386
776	386
776	376
777	376
777	374
778	374
778	373
779	373
779	370
781	370
781	369
782	369
782	367
783	367
783	366
784	366
784	365
788	365
788	364
789	364
789	363
790	363
790	362
792	362
792	361
796	361
796	360
797	360
797	359
800	359
800	358
802	358
802	357
803	357
803	356
805	356
805	355
808	355
808	353
810	353
810	352
815	352
815	351
819	351
819	350
820	350
820	348
823	348
823	347
824	347
824	346
828	346
828	345
832	345
832	344
833	344
833	343
838	343
838	342
840	342
840	322
839	322
839	321
823	321
823	322
822	322
822	324
821	324
821	325
820	325
820	326
819	326
819	327
817	327
817	326
816	326
816	327
808	327
808	328
807	328
807	330
806	330
806	331
797	331
797	332
795	332
795	331
775	331
775	332
773	332
773	333
772	333
772	335
771	335
771	336
770	336
770	337
764	337
764	338
762	338
762	339
761	339
761	342
760	342
760	343
756	343
756	344
755	344
755	345
752	345
752	349
742	349
742	353
741	353
741	354
739	354
739	355
738	355
738	356
736	356
736	357
734	357
734	359
731	359
731	360
730	360
730	361
726	361
726	362
725	362
725	363
721	363
721	364
707	364
707	362
706	362
706	359
689	359
689	360
688	360
688	361
687	361
687	362
686	362
686	364
683	364
683	365
682	365
682	366
681	366
681	367
680	367
680	368
678	368
678	369
677	369
677	370
672	370
672	371
671	371
671	373
668	373
668	375
661	375
661	377
658	377
658	378
657	378
657	379
656	379
656	380
652	380
652	381
645	381
645	382
644	382
644	383
643	383
643	384
634	384
634	385
626	385
626	384
625	384
625	381
622	381
622	380
605	380
605	381
602	381
602	383
600	383
600	384
599	384
599	385
598	385
598	384
595	384
595	385
594	385
594	386
593	386
593	388
592	388
592	389
580	389
580	390
579	390
579	391
570	391
570	392
569	392
569	394
568	394
568	395
564	395
564	396
562	396
562	397
560	397
560	401
554	401
554	400
553	400
553	401
538	401
538	402
537	402
537	403
526	403
526	402
525	402
525	399
508	399
508	400
506	400
506	401
503	401
503	402
494	402
494	405
493	405
493	407
474	407
474	408
472	408
472	409
467	409
467	410
465	410
465	411
458	411
458	412
451	412
451	413
431	413
431	414
430	414
430	416
424	416
424	417
422	417
422	418
416	418
416	419
412	419
412	420
406	420
406	421
399	421
399	422
398	422
398	423
396	423
396	424
395	424
395	423
392	423
392	424
377	424
377	425
376	425
376	427
375	427
375	428
371	428
371	429
369	429
369	430
368	430
368	431
364	431
364	432
362	432
362	433
361	433
361	434
344	434
344	435
333	435
333	437
332	437
332	440
321	440
321	441
317	441
317	442
315	442
315	441
314	441
314	442
304	442
304	443
300	443
300	444
296	444
296	445
290	445
290	446
280	446
280	447
279	447
279	448
273	448
273	449
267	449
267	451
266	451
266	452
256	452
256	453
252	453
252	456
241	456
241	457
240	457
240	456
238	456
238	457
234	457
234	458
232	458
232	459
224	459
224	460
216	460
216	461
210	461
210	460
206	460
206	461
205	461
205	460
201	460
201	459
200	459
200	453
201	453
201	452
203	452
203	451
205	451
205	450
206	450
206	449
207	449
207	448
208	448
208	447
209	447
209	446
212	446
212	445
213	445
213	444
215	444
215	443
216	443
216	442
218	442
218	441
221	441
221	440
223	440
223	439
226	439
226	438
227	438
227	437
228	437
228	436
229	436
229	435
232	435
232	434
234	434
234	433
237	433
237	432
239	432
239	431
243	431
243	430
244	430
244	432
245	432
245	429
247	429
247	428
249	428
249	427
250	427
250	426
252	426
252	425
259	425
259	422
261	422
261	421
264	421
264	420
270	420
270	419
271	419
271	417
275	417
275	416
278	416
278	415
281	415
281	413
282	413
282	412
283	412
283	411
284	411
284	410
293	410
293	409
294	409
294	408
297	408
297	407
300	407
300	406
302	406
302	405
305	405
305	404
312	404
312	403
313	403
313	401
314	401
314	400
316	400
316	399
324	399
324	395
329	395
329	394
335	394
335	393
336	393
336	392
338	392
338	391
345	391
345	390
346	390
346	389
348	389
348	388
353	388
353	387
355	387
355	386
357	386
357	385
358	385
358	384
359	384
359	383
367	383
367	382
371	382
371	381
373	381
373	380
375	380
375	379
377	379
377	378
378	378
378	376
380	376
380	375
384	375
384	374
383	374
383	373
388	373
388	372
398	372
398	371
399	371
399	368
400	368
400	367
402	367
402	366
403	366
403	365
409	365
409	364
411	364
411	363
412	363
412	361
420	361
420	360
422	360
422	359
423	359
423	357
430	357
430	356
431	356
431	355
432	355
432	354
435	354
435	353
438	353
438	352
440	352
440	351
441	351
441	349
444	349
444	348
448	348
448	347
450	347
450	346
451	346
451	345
452	345
452	343
454	343
454	342
456	342
456	343
457	343
457	342
459	342
459	341
460	341
460	340
463	340
463	339
464	339
464	338
468	338
468	337
472	337
472	336
474	336
474	335
475	335
475	334
477	334
477	333
478	333
478	332
482	332
482	333
483	333
483	332
485	332
485	331
486	331
486	328
489	328
489	327
490	327
490	325
491	325
491	324
499	324
499	323
500	323
500	322
502	322
502	323
503	323
503	322
506	322
506	321
507	321
507	320
509	320
509	319
511	319
511	318
512	318
512	317
513	317
513	318
516	318
516	317
518	317
518	316
521	316
521	315
522	315
522	313
534	313
534	312
535	312
535	311
536	311
536	310
538	310
538	309
539	309
539	308
541	308
541	307
549	307
549	306
550	306
550	302
555	302
555	301
556	301
556	300
560	300
560	299
562	299
562	297
568	297
568	296
570	296
570	295
572	295
572	294
573	294
573	292
576	292
576	291
575	291
575	275
576	275
576	274
577	274
577	273
578	273
578	272
579	272
579	271
582	271
582	270
584	270
584	269
590	269
590	268
592	268
592	267
593	267
593	265
594	265
594	264
595	264
595	265
597	265
597	264
603	264
603	263
604	263
604	261
605	261
605	260
606	260
606	259
612	259
612	258
614	258
614	257
615	257
615	256
618	256
618	254
623	254
623	253
624	253
624	252
628	252
628	251
631	251
631	250
634	250
634	248
635	248
635	247
643	247
643	245
645	245
645	244
649	244
649	243
656	243
656	242
669	242
669	221
671	221
671	220
672	220
672	219
674	219
674	218
676	218
676	217
677	217
677	216
682	216
682	215
685	215
685	214
686	214
686	213
688	213
688	212
690	212
690	211
692	211
692	210
700	210
700	209
704	209
704	208
706	208
706	207
707	207
707	206
716	206
716	205
723	205
723	203
737	203
737	202
743	202
743	201
752	201
752	200
753	200
753	199
754	199
754	186
755	186
755	185
756	185
756	184
759	184
759	183
762	183
762	182
764	182
764	181
765	181
765	180
767	180
767	179
769	179
769	178
775	178
775	177
778	177
778	176
787	176
787	175
789	175
789	174
790	174
790	173
803	173
803	172
810	172
810	171
815	171
815	170
828	170
828	169
829	169
829	159
830	159
830	157
835	157
835	156
840	156
840	155
841	155
841	154
842	154
842	153
843	153
843	152
845	152
845	151
850	151
850	152
851	152
851	151
853	151
853	152
854	152
854	151
857	151
857	150
886	150
886	149
898	149
898	142
899	142
899	140
900	140
900	139
901	139
901	138
904	138
904	137
909	137
909	136
912	136
912	135
936	135
936	136
939	136
939	137
954	137
954	136
956	136
956	135
957	135
957	136
958	136
958	133
959	133
959	130
960	130
960	129
959	129
959	128
962	128
962	129
970	129
970	130
978	130
978	131
1013	131
1013	130
1037	130
1037	129
1040	129
1040	128
1041	128
1041	127
1042	127
1042	126
1043	126
1043	125
1045	125
1045	124
1047	124
1047	123
1054	123
1054	122
1056	122
1056	121
1061	121
1061	120
1063	120
1063	119
1067	119
1067	117
1069	117
1069	116
1072	116
1072	115
1075	115
1075	114
1077	114
1077	113
1078	113
1078	112
1079	112
1079	111
1081	111
1081	110
1083	110
1083	109
1085	109
1085	108
1086	108
1086	107
1088	107
1088	104
1089	104
1089	103
1088	103
1088	102
1089	102
1089	101
1090	101
1090	100
1095	100
1095	101
1096	101
1096	100
1106	100
1106	99
1115	99
1115	98
1119	98
1119	97
1122	97
1122	96
1126	96
1126	97
1128	97
1128	98
1129	98
1129	102
1134	102
1134	103
1136	103
1136	102
1137	102
1137	103
1139	103
1139	104
1140	104
1140	105
1141	105
1141	106
1143	106
1143	107
1144	107
1144	106
1145	106
1145	107
1150	107
1150	108
1152	108
1152	110
1153	110
1153	109
1165	109
1165	110
1168	110
1168	111
1176	111
1176	112
1184	112
1184	113
1193	113
1193	112
1202	112
1202	111
1206	111
1206	110
1207	110
1207	111
1210	111
1210	112
1216	112
1216	113
1218	113
1218	114
1232	114
1232	113
1240	113
1240	114
1242	114
1242	115
1261	115
1261	114
1269	114
1269	113
1275	113
1275	114
1301	114
1301	113
1303	113
1303	111
1304	111
1304	110
1306	110
1306	109
1307	109
1307	108
1309	108
1309	107
1311	107
1311	105
1312	105
1312	104
1334	104
1334	103
1356	103
1356	102
1357	102
1357	100
1358	100
1358	99
1359	99
1359	98
1387	98
1387	99
1388	99
1388	102
1390	102
1390	103
1391	103
1391	105
1392	105
1392	106
1394	106
1394	107
1395	107
1395	106
1398	106
1398	107
1399	107
1399	106
1403	106
1403	107
1406	107
1406	106
1408	106
1408	105
1411	105
1411	104
1412	104
1412	103
1416	103
1416	102
1421	102
1421	99
1427	99
1427	98
1434	98
1434	97
1436	97
1436	96
1442	96
1442	97
1443	97
1443	98
1452	98
1452	99
1457	99
1457	100
1461	100
1461	102
1462	102
1462	108
1464	108
1464	109
1467	109
1467	108
1474	108
1474	109
1476	109
1476	108
1479	108
1479	107
1480	107
1480	106
1483	106
1483	107
1484	107
1484	106
1485	106
1485	105
1495	105
1495	104
1500	104
1500	103
1509	103
1509	102
1520	102
1520	103
1531	103
1531	104
1532	104
1532	105
1534	105
1534	106
1536	106
1536	107
1541	107
1541	108
1542	108
1542	109
1543	109
1543	110
1544	110
1544	118
1545	118
1545	119
1584	119
1584	118
1586	118
1586	119
1589	119
1589	118
1594	118
1594	119
1595	119
1595	118
1597	118
1597	117
1599	117
1599	118
1603	118
1603	119
1612	119
1612	120
1616	120
1616	121
1619	121
1619	122
1620	122
1620	123
1625	123
1625	124
1631	124
1631	126
1632	126
1632	127
1631	127
1631	128
1632	128
1632	141
1634	141
1634	142
1635	142
1635	141
1656	141
1656	140
1659	140
1659	141
1678	141
1678	142
1679	142
1679	143
1689	143
1689	145
1699	145
1699	146
1700	146
1700	147
1714	147
1714	148
1716	148
1716	147
1717	147
1717	154
1716	154
1716	171
1717	171
1717	172
1720	172
1720	173
1732	173
1732	175
1735	175
1735	176
1742	176
1742	177
1743	177
1743	178
1753	178
1753	179
1755	179
1755	180
1764	180
1764	182
1765	182
1765	183
1766	183
1766	184
1780	184
1780	186
1786	186
1786	188
1788	188
1788	189
1796	189
1796	190
1801	190
1801	191
1802	191
1802	192
1806	192
1806	193
1810	193
1810	194
1812	194
1812	195
1815	195
1815	196
1816	196
1816	197
1819	197
1819	199
1828	199
1828	200
1829	200
1829	201
1832	201
1832	202
1834	202
1834	203
1839	203
1839	204
1840	204
1840	205
1846	205
1846	206
1853	206
1853	207
1854	207
1854	208
1855	208
1855	209
1862	209
1862	210
1863	210
1863	211
1875	211
1875	212
1876	212
1876	213
1887	213
1887	214
1901	214
1901	215
1916	215
1916	214
1937	214
1937	213
1964	213
1964	212
1974	212
1974	211
2003	211
2003	212
2036	212
2036	211
2057	211
2057	210
2067	210
2067	208
2068	208
2068	207
2072	207
2072	206
2073	206
2073	205
2078	205
2078	204
2082	204
2082	203
2084	203
2084	202
2086	202
2086	201
2091	201
2091	200
2094	200
2094	199
2099	199
2099	198
2100	198
2100	197
2102	197
2102	196
2105	196
2105	195
2110	195
2110	194
2111	194
2111	193
2120	193
2120	192
2122	192
2122	191
2124	191
2124	190
2132	190
2132	189
2136	189
2136	190
2137	190
2137	192
2136	192
2136	193
2135	193
2135	196
2134	196
2134	197
2133	197
2133	198
2132	198
2132	199
2131	199
2131	202
2130	202
2130	203
2129	203
2129	204
2128	204
2128	205
2127	205
2127	206
2126	206
2126	207
2125	207
2125	208
2122	208
2122	209
2120	209
2120	212
2118	212
2118	213
2116	213
2116	214
2114	214
2114	216
2113	216
2113	217
2110	217
2110	218
2108	218
2108	219
2105	219
2105	220
2099	220
2099	221
2098	221
2098	224
2094	224
2094	225
2092	225
2092	226
2091	226
2091	227
2088	227
2088	228
2087	228
2087	229
2085	229
2085	231
2083	231
2083	232
2079	232
2079	233
2078	233
2078	235
2077	235
2077	236
2076	236
2076	237
2067	237
2067	238
2059	238
2059	239
2057	239
2057	240
2053	240
2053	241
2045	241
2045	242
2044	242
2044	243
2043	243
2043	244
2042	244
2042	245
2041	245
2041	246
2034	246
2034	247
2024	247
2024	248
2023	248
2023	249
2021	249
2021	250
2017	250
2017	251
2002	251
2002	253
2001	253
2001	255
1998	255
1998	256
1993	256
1993	257
1990	257
1990	256
1989	256
1989	257
1985	257
1985	258
1982	258
1982	259
1975	259
1975	260
1973	260
1973	261
1959	261
1959	262
1958	262
1958	263
1948	263
1948	265
1947	265
1947	266
1944	266
1944	267
1927	267
1927	268
1919	268
1919	269
1912	269
1912	270
1907	270
1907	271
1894	271
1894	272
1881	272
1881	273
1792	273
1792	283
1791	283
1791	284
1789	284
1789	283
1787	283
1787	284
1785	284
1785	285
1783	285
1783	286
1779	286
1779	285
1777	285
1777	284
1766	284
1766	283
1758	283
1758	284
1756	284
1756	283
1754	283
1754	282
1737	282
1737	281
1722	281
1722	280
1721	280
1721	279
1720	279
1720	278
1712	278
1712	277
1704	277
1704	278
1703	278
1703	277
1702	277
1702	278
1701	278
1701	277
1697	277
1697	278
1696	278
1696	283
1680	283
1680	284
1673	284
1673	285
1670	285
1670	284
1668	284
1668	283
1667	283
1667	284
1663	284
1663	283
1661	283
1661	284
1659	284
1659	283
1651	283
1651	282
1648	282
1648	280
1646	280
1646	279
1645	279
1645	278
1642	278
1642	277
1638	277
1638	276
1637	276
1637	274
1635	274
1635	273
1622	273
1622	272
1618	272
1618	271
1615	271
1615	270
1614	270
1614	269
1594	269
1594	272
1593	272
1593	275
1592	275
1592	277
1587	277
1587	278
1584	278
1584	277
1577	277
1577	276
1573	276
1573	274
1571	274
1571	273
1569	273
1569	274
1568	274
1568	273
1567	273
1567	274
1565	274
1565	273
1562	273
1562	272
1559	272
1559	271
1557	271
1557	270
1555	270
1555	269
1553	269
1553	268
1552	268
1552	267
1551	267
1551	266
1546	266
1546	265
1544	265
1544	263
1541	263
1541	262
1540	262
1540	261
1536	261
1536	260
1534	260
1534	259
1533	259
1533	258
1532	258
1532	257
1528	257
1528	256
1513	256
1513	257
1512	257
1512	262
1498	262
1498	261
1487	261
1487	260
1485	260
1485	258
1484	258
1484	259
1480	259
1480	258
1476	258
1476	257
1477	257
1477	256
1475	256
1475	254
1471	254
1471	252
1470	252
1470	251
1467	251
1467	250
1465	250
1465	249
1462	249
1462	246
1460	246
1460	245
1458	245
1458	244
1456	244
1456	243
1455	243
1455	242
1454	242
1454	241
1453	241
1453	240
1447	240
1447	239
1432	239
1432	240
1431	240
1431	241
1420	241
1420	240
1417	240
1417	241
1416	241
1416	240
1415	240
1415	239
1413	239
1413	238
1411	238
1411	237
1410	237
1410	236
1408	236
1408	235
1406	235
1406	234
1403	234
1403	233
1402	233
1402	232
1400	232
1400	230
1397	230
1397	229
1396	229
1396	228
1395	228
1395	227
1392	227
1392	226
1391	226
1391	225
1390	225
1390	224
1388	224
1388	223
1386	223
1386	222
1384	222
1384	221
1383	221
1383	220
1381	220
1381	219
1379	219
1379	218
1378	218
1378	217
1375	217
1375	216
1368	216
1368	215
1361	215
1361	216
1359	216
1359	215
1355	215
1355	214
1353	214
1353	213
1350	213
1350	212
1349	212
1349	211
1347	211
1347	209
1346	209
1346	208
1344	208
1344	207
1343	207
1343	206
1342	206
1342	205
1339	205
1339	204
1338	204
1338	203
1337	203
1337	202
1336	202
1336	201
1335	201
1335	198
1332	198
1332	197
1330	197
1330	196
1327	196
1327	194
1325	194
1325	193
1324	193
1324	192
1321	192
1321	191
1319	191
1319	189
1317	189
1317	188
1316	188
1316	187
1315	187
1315	186
1313	186
1313	185
1305	185
1305	184
1303	184
1303	183
1300	183
1300	182
1298	182
1298	181
1297	181
1297	180
1295	180
1295	179
1294	179
1294	177
1293	177
1293	176
1291	176
1291	175
1290	175
1290	173
1286	173
1286	171
1285	171
1285	170
1283	170
1283	169
1281	169
1281	168
1278	168
1278	167
1277	167
1277	166
1276	166
1276	165
1265	165
1265	164
1263	164
1263	163
1261	163
1261	162
1259	162
1259	163
1258	163
1258	162
1257	162
1257	160
1255	160
1255	159
1253	159
1253	157
1251	157
1251	156
1250	156
1250	155
1248	155
1248	154
1246	154
1246	153
1244	153
1244	152
1242	152
1242	151
1239	151
1239	150
1215	150
1215	151
1214	151
1214	160
1215	160
1215	168
1216	168
1216	170
1217	170
1217	172
1218	172
1218	173
1219	173
1219	174
1220	174
1220	175
1222	175
1222	176
1224	176
1224	177
1225	177
1225	178
1226	178
1226	180
1228	180
1228	181
1230	181
1230	182
1231	182
1231	183
1232	183
1232	184
1233	184
1233	185
1235	185
1235	186
1236	186
1236	187
1238	187
1238	188
1239	188
1239	189
1240	189
1240	190
1242	190
1242	191
1243	191
1243	192
1245	192
1245	193
1246	193
1246	194
1247	194
1247	195
1248	195
1248	198
1249	198
1249	199
1254	199
1254	200
1257	200
1257	201
1258	201
1258	203
1259	203
1259	210
1262	210
1262	211
1264	211
1264	212
1265	212
1265	213
1267	213
1267	214
1268	214
1268	215
1269	215
1269	216
1270	216
1270	217
1271	217
1271	218
1273	218
1273	219
1274	219
1274	220
1275	220
1275	221
1278	221
1278	222
1279	222
1279	223
1281	223
1281	224
1283	224
1283	225
1284	225
1284	226
1285	226
1285	227
1286	227
1286	228
1289	228
1289	230
1290	230
1290	231
1291	231
1291	232
1294	232
1294	233
1295	233
1295	234
1297	234
1297	235
1298	235
1298	236
1299	236
1299	237
1300	237
1300	238
1301	238
1301	239
1302	239
1302	242
1304	242
1304	244
1305	244
1305	245
1307	245
1307	246
1309	246
1309	247
1311	247
1311	248
1315	248
1315	249
1316	249
1316	250
1317	250
1317	253
1318	253
1318	254
1319	254
1319	255
1320	255
1320	254
1321	254
1321	255
1322	255
1322	256
1324	256
1324	257
1326	257
1326	258
1327	258
1327	259
1330	259
1330	260
1331	260
1331	261
1334	261
1334	263
1335	263
1335	264
1338	264
1338	265
1340	265
1340	266
1342	266
1342	267
1345	267
1345	268
1347	268
1347	269
1349	269
1349	270
1355	270
1355	272
1356	272
1356	274
1357	274
1357	275
1365	275
1365	276
1364	276
1364	277
1366	277
1366	278
1367	278
1367	280
1366	280
1366	281
1367	281
1367	283
1366	283
1366	284
1367	284
1367	286
1368	286
1368	287
1370	287
1370	288
1371	288
1371	289
1373	289
1373	290
1375	290
1375	291
1376	291
1376	292
1377	292
1377	291
1378	291
1378	292
1380	292
1380	293
1381	293
1381	294
1384	294
1384	295
1387	295
1387	296
1388	296
1388	297
1390	297
1390	298
1391	298
1391	299
1393	299
1393	300
1394	300
1394	301
1396	301
1396	303
1397	303
1397	304
1398	304
1398	305
1401	305
1401	306
1409	306
1409	307
1410	307
1410	308
1414	308
1414	309
1415	309
1415	310
1420	310
1420	311
1421	311
1421	312
1425	312
1425	313
1427	313
1427	314
1428	314
1428	315
1429	315
1429	316
1431	316
1431	331
1432	331
1432	332
1434	332
1434	333
1436	333
1436	334
1440	334
1440	335
1441	335
1441	336
1443	336
1443	337
1447	337
1447	338
1452	338
1452	339
1453	339
1453	347
1454	347
1454	348
1458	348
1458	349
1463	349
1463	350
1464	350
1464	351
1465	351
1465	352
1466	352
1466	351
1467	351
1467	352
1468	352
1468	353
1472	353
1472	354
1473	354
1473	356
1474	356
1474	357
1475	357
1475	358
1476	358
1476	357
1480	357
1480	358
1484	358
1484	359
1485	359
1485	360
1486	360
1486	361
1492	361
1492	362
1493	362
1493	363
1494	363
1494	364
1495	364
1495	365
1496	365
1496	366
1497	366
1497	367
1501	367
1501	369
1505	369
1505	371
1506	371
1506	373
1507	373
1507	374
1508	374
1508	375
1509	375
1509	376
1510	376
1510	377
1511	377
1511	396
1512	396
1512	397
1515	397
1515	398
1517	398
1517	399
1520	399
1520	400
1521	400
1521	401
1523	401
1523	402
1524	402
1524	403
1525	403
1525	404
1527	404
1527	405
1528	405
1528	406
1530	406
1530	407
1532	407
1532	408
1536	408
1536	409
1537	409
1537	410
1539	410
1539	411
1541	411
1541	412
1542	412
1542	413
1544	413
1544	415
1549	415
1549	418
1552	418
1552	420
1554	420
1554	421
1556	421
1556	422
1558	422
1558	423
1559	423
1559	425
1560	425
1560	427
1561	427
1561	428
1563	428
1563	430
1564	430
1564	431
1565	431
1565	433
1566	433
1566	434
1567	434
1567	436
1568	436
1568	438
1569	438
1569	439
1570	439
1570	455
1571	455
1571	457
1572	457
1572	458
1579	458
1579	460
1581	460
1581	462
1583	462
1583	463
1585	463
1585	464
1586	464
1586	465
1588	465
1588	466
1592	466
1592	469
1595	469
1595	470
1596	470
1596	471
1597	471
1597	472
1601	472
1601	473
1603	473
1603	476
1606	476
1606	477
1611	477
1611	480
1614	480
1614	481
1616	481
1616	483
1619	483
1619	486
1621	486
1621	487
1622	487
1622	488
1623	488
1623	490
1624	490
1624	491
1626	491
1626	492
1627	492
1627	495
1628	495
1628	496
1630	496
1630	497
1631	497
1631	498
1632	498
1632	501
1633	501
1633	502
1634	502
1634	503
1635	503
1635	509
1634	509
1634	510
1633	510
1633	509
1632	509
1632	510
1628	510
1628	521
1627	521
1627	525
1628	525
1628	526
1629	526
1629	527
1630	527
1630	528
1632	528
1632	529
1633	529
1633	530
1635	530
1635	532
1637	532
1637	533
1640	533
1640	534
1641	534
1641	535
1643	535
1643	536
1645	536
1645	538
1646	538
1646	539
1647	539
1647	540
1646	540
1646	542
1647	542
1647	544
1652	544
1652	545
1654	545
1654	546
1655	546
1655	547
1656	547
1656	548
1657	548
1657	549
1658	549
1658	550
1660	550
1660	551
1661	551
1661	552
1662	552
1662	553
1663	553
1663	554
1664	554
1664	555
1667	555
1667	557
1668	557
1668	559
1671	559
1671	560
1673	560
1673	562
1675	562
1675	563
1676	563
1676	564
1678	564
1678	565
1679	565
1679	566
1681	566
1681	567
1682	567
1682	568
1683	568
1683	570
1684	570
1684	571
1685	571
1685	572
1686	572
1686	573
1689	573
1689	576
1690	576
1690	577
1692	577
1692	579
1693	579
1693	582
1694	582
1694	583
1695	583
1695	584
1696	584
1696	590
1697	590
1697	591
1698	591
1698	592
1699	592
1699	593
1697	593
1697	595
1688	595
1688	597
1687	597
1687	610
1688	610
1688	611
1689	611
1689	614
1691	614
1691	615
1693	615
1693	616
1694	616
1694	618
1695	618
1695	619
1696	619
1696	620
1699	620
1699	624
1700	624
1700	626
1702	626
1702	627
1704	627
1704	628
1705	628
1705	629
1706	629
1706	630
1709	630
1709	631
1711	631
1711	634
1712	634
1712	636
1714	636
1714	640
1715	640
1715	642
1722	642
1722	643
1724	643
1724	646
1725	646
1725	647
1727	647
1727	648
1726	648
1726	650
1727	650
1727	651
1728	651
1728	652
1732	652
1732	653
1733	653
1733	655
1735	655
1735	656
1736	656
1736	657
1737	657
1737	660
1738	660
1738	661
1739	661
1739	662
1740	662
1740	663
1742	663
1742	664
1743	664
1743	672
1742	672
1742	673
1737	673
1737	676
1734	676
1734	677
1733	677
1733	678
1732	678
1732	679
1733	679
1733	681
1732	681
1732	689
1733	689
1733	690
1732	690
1732	693
1733	693
1733	694
1735	694
1735	695
1737	695
1737	696
1738	696
1738	697
1740	697
1740	698
1741	698
1741	699
1743	699
1743	704
1744	704
1744	705
1746	705
1746	706
1748	706
1748	708
1750	708
1750	709
1752	709
1752	715
1753	715
1753	716
1756	716
1756	717
1759	717
1759	718
1761	718
1761	720
1762	720
1762	721
1774	721
1774	720
1775	720
1775	738
1779	738
1779	739
1780	739
1780	742
1782	742
1782	743
1785	743
1785	744
1786	744
1786	749
1787	749
1787	750
1788	750
1788	751
1789	751
1789	752
1790	752
1790	755
1791	755
1791	756
1792	756
1792	757
1793	757
1793	759
1794	759
1794	760
1796	760
1796	770
1795	770
1795	771
1786	771
1786	784
1785	784
1785	785
1786	785
1786	790
1787	790
1787	791
1790	791
1790	792
1792	792
1792	793
1793	793
1793	794
1794	794
1794	795
1795	795
1795	796
1797	796
1797	802
1801	802
1801	803
1802	803
1802	805
1804	805
1804	808
1805	808
1805	809
1806	809
1806	812
1807	812
1807	813
1810	813
1810	814
1811	814
1811	818
1812	818
1812	819
1813	819
1813	820
1815	820
1815	823
1817	823
1817	825
1818	825
1818	827
1819	827
1819	828
1821	828
1821	829
1822	829
1822	830
1823	830
1823	832
1824	832
1824	834
1827	834
1827	835
1829	835
1829	844
1830	844
1830	845
1832	845
1832	846
1833	846
1833	850
1834	850
1834	852
1833	852
1833	853
1832	853
1832	854
1829	854
1829	855
1828	855
1828	871
1829	871
1829	876
1830	876
1830	878
1832	878
1832	877
1833	877
1833	879
1834	879
1834	881
1836	881
1836	882
1837	882
1837	883
1838	883
1838	884
1839	884
1839	887
1840	887
1840	889
1843	889
1843	890
1844	890
1844	891
1845	891
1845	892
1846	892
1846	896
1847	896
1847	897
1848	897
1848	898
1849	898
1849	900
1850	900
1850	904
1851	904
1851	905
1854	905
1854	906
1855	906
1855	907
1856	907
1856	910
1857	910
1857	911
1858	911
1858	913
1859	913
1859	920
1862	920
1862	921
1864	921
1864	925
1865	925
1865	927
1866	927
1866	929
1867	929
1867	930
1868	930
1868	931
1869	931
1869	932
1870	932
1870	933
1871	933
1871	934
1872	934
1872	941
1873	941
1873	942
1875	942
1875	943
1876	943
1876	945
1877	945
1877	947
1878	947
1878	948
1879	948
1879	952
1880	952
1880	953
1881	953
1881	955
1882	955
1882	958
1883	958
1883	963
1884	963
1884	964
1886	964
1886	965
1887	965
1887	966
1888	966
1888	967
1889	967
1889	968
1891	968
1891	972
1892	972
1892	973
1893	973
1893	974
1894	974
1894	975
1897	975
1897	977
1898	977
1898	979
1899	979
1899	981
1900	981
1900	982
1901	982
1901	984
1902	984
1902	986
1903	986
1903	987
1904	987
1904	990
1905	990
1905	996
1910	996
1910	997
1911	997
1911	1000
1912	1000
1912	1002
1913	1002
1913	1004
1914	1004
1914	1006
1915	1006
1915	1007
1916	1007
1916	1008
1918	1008
1918	1010
1919	1010
1919	1011
1920	1011
1920	1012
1921	1012
1921	1013
1922	1013
1922	1015
1921	1015
1921	1016
1922	1016
1922	1018
1926	1018
1926	1021
1928	1021
1928	1023
1929	1023
1929	1025
1930	1025
1930	1026
1931	1026
1931	1028
1932	1028
1932	1029
1935	1029
1935	1028
1936	1028
1936	1029
1937	1029
1937	1030
1938	1030
1938	1032
1937	1032
1937	1030
1936	1030
1936	1029
1935	1029
1935	1031
1936	1031
1936	1035
1937	1035
1937	1038
1938	1038
1938	1039
1942	1039
1942	1042
1943	1042
1943	1044
1944	1044
1944	1046
1945	1046
1945	1047
1944	1047
1944	1048
1945	1048
1945	1049
1946	1049
1946	1050
1949	1050
1949	1051
1950	1051
1950	1052
1952	1052
1952	1055
1953	1055
1953	1058
1955	1058
1955	1059
1957	1059
1957	1060
1958	1060
1958	1062
1959	1062
1959	1063
1960	1063
1960	1065
1961	1065
1961	1066
1962	1066
1962	1067
1964	1067
1964	1068
1965	1068
1965	1069
1966	1069
1966	1071
1967	1071
1967	1072
1968	1072
1968	1073
1969	1073
1969	1075
1970	1075
1970	1076
1971	1076
1971	1078
1972	1078
1972	1079
1976	1079
1976	1082
1977	1082
1977	1084
1979	1084
1979	1086
1980	1086
1980	1087
1979	1087
1979	1088
1980	1088
1980	1092
1981	1092
1981	1093
1987	1093
1987	1094
1988	1094
1988	1095
1989	1095
1989	1096
1990	1096
1990	1098
1991	1098
1991	1103
1995	1103
1995	1104
1996	1104
1996	1106
1998	1106
1998	1109
1999	1109
1999	1110
2000	1110
2000	1112
2001	1112
2001	1114
2002	1114
2002	1115
2005	1115
2005	1116
2006	1116
2006	1119
2007	1119
2007	1120
2008	1120
2008	1122
2009	1122
2009	1125
2012	1125
2012	1126
2014	1126
2014	1127
2016	1127
2016	1129
2017	1129
2017	1132
2018	1132
2018	1133
2020	1133
2020	1136
2022	1136
2022	1137
2024	1137
2024	1139
2025	1139
2025	1141
2026	1141
2026	1143
2027	1143
2027	1144
2029	1144
2029	1146
2030	1146
2030	1147
2031	1147
2031	1148
2032	1148
2032	1149
2033	1149
2033	1150
2034	1150
2034	1157
2038	1157
2038	1158
2039	1158
2039	1159
2040	1159
2040	1160
2041	1160
2041	1162
2042	1162
2042	1163
2043	1163
2043	1164
2044	1164
2044	1165
2045	1165
2045	1168
2047	1168
2047	1169
2048	1169
2048	1170
2049	1170
2049	1171
2050	1171
2050	1172
2051	1172
2051	1174
2053	1174
2053	1176
2055	1176
2055	1181
2056	1181
2056	1182
2060	1182
2060	1186
2061	1186
2061	1188
2062	1188
2062	1189
2063	1189
2063	1191
2064	1191
2064	1192
2066	1192
2066	1195
2067	1195
2067	1196
2069	1196
2069	1197
2070	1197
2070	1198
2071	1198
2071	1200
2072	1200
2072	1201
2073	1201
2073	1202
2074	1202
2074	1203
2075	1203
2075	1205
2076	1205
2076	1207
2077	1207
2077	1211
2082	1211
2082	1214
2084	1214
2084	1215
2085	1215
2085	1216
2086	1216
2086	1219
2087	1219
2087	1220
2088	1220
2088	1221
2089	1221
2089	1223
2090	1223
2090	1224
2091	1224
2091	1226
2092	1226
2092	1227
2093	1227
2093	1229
2094	1229
2094	1230
2095	1230
2095	1233
2096	1233
2096	1236
2092	1236
2092	1235
2083	1235
2083	1233
2082	1233
2082	1232
2080	1232
2080	1231
2078	1231
2078	1230
2076	1230
2076	1229
2075	1229
2075	1228
2073	1228
2073	1227
2071	1227
2071	1226
2070	1226
2070	1225
2069	1225
2069	1224
2068	1224
2068	1221
2067	1221
2067	1220
2064	1220
2064	1219
2063	1219
2063	1218
2062	1218
2062	1216
2060	1216
2060	1214
2058	1214
2058	1213
2057	1213
2057	1211
2056	1211
2056	1210
2051	1210
2051	1209
2050	1209
2050	1208
2049	1208
2049	1207
2048	1207
2048	1206
2047	1206
2047	1205
2046	1205
2046	1203
2044	1203
2044	1202
2045	1202
2045	1201
2040	1201
2040	1200
2039	1200
2039	1199
2038	1199
2038	1198
2037	1198
2037	1199
2036	1199
2036	1198
2034	1198
2034	1197
2032	1197
2032	1195
2029	1195
2029	1194
2028	1194
2028	1193
2026	1193
2026	1192
2025	1192
2025	1189
2024	1189
2024	1188
2019	1188
2019	1186
2017	1186
2017	1185
2016	1185
2016	1184
2014	1184
2014	1178
2013	1178
2013	1177
2005	1177
2005	1176
2003	1176
2003	1174
2001	1174
2001	1173
1998	1173
1998	1172
1997	1172
1997	1171
1996	1171
1996	1170
1993	1170
1993	1164
1992	1164
1992	1162
1991	1162
1991	1161
1986	1161
1986	1160
1985	1160
1985	1159
1984	1159
1984	1157
1983	1157
1983	1156
1981	1156
1981	1154
1979	1154
1979	1152
1978	1152
1978	1151
1976	1151
1976	1150
1975	1150
1975	1149
1974	1149
1974	1148
1973	1148
1973	1145
1971	1145
1971	1144
1970	1144
1970	1142
1968	1142
1968	1141
1966	1141
1966	1139
1964	1139
1964	1138
1963	1138
1963	1137
1961	1137
1961	1134
1959	1134
1959	1133
1957	1133
1957	1132
1955	1132
1955	1130
1954	1130
1954	1129
1952	1129
1952	1128
1951	1128
1951	1127
1949	1127
1949	1125
1948	1125
1948	1124
1946	1124
1946	1123
1945	1123
1945	1122
1944	1122
1944	1120
1941	1120
1941	1118
1939	1118
1939	1114
1938	1114
1938	1113
1937	1113
1937	1112
1933	1112
1933	1110
1932	1110
1932	1109
1930	1109
1930	1107
1928	1107
1928	1103
1927	1103
1927	1101
1922	1101
1922	1100
1921	1100
1921	1099
1919	1099
1919	1098
1917	1098
1917	1092
1914	1092
1914	1091
1913	1091
1913	1092
1911	1092
1911	1091
1907	1091
1907	1089
1906	1089
1906	1088
1907	1088
1907	1087
1906	1087
1906	1081
1899	1081
1899	1080
1897	1080
1897	1078
1896	1078
1896	1071
1895	1071
1895	1070
1894	1070
1894	1069
1891	1069
1891	1068
1889	1068
1889	1067
1888	1067
1888	1066
1886	1066
1886	1064
1884	1064
1884	1063
1882	1063
1882	1062
1878	1062
1878	1061
1877	1061
1877	1058
1875	1058
1875	1057
1874	1057
1874	1055
1873	1055
1873	1054
1871	1054
1871	1053
1872	1053
1872	1052
1868	1052
1868	1051
1865	1051
1865	1049
1864	1049
1864	1048
1863	1048
1863	1045
1862	1045
1862	1044
1860	1044
1860	1043
1859	1043
1859	1040
1858	1040
1858	1039
1856	1039
1856	1038
1855	1038
1855	1037
1854	1037
1854	1035
1853	1035
1853	1034
1851	1034
1851	1033
1849	1033
1849	1031
1848	1031
1848	1030
1847	1030
1847	1027
1846	1027
1846	1026
1845	1026
1845	1025
1844	1025
1844	1024
1843	1024
1843	1023
1842	1023
1842	1022
1841	1022
1841	1021
1839	1021
1839	1020
1838	1020
1838	1017
1837	1017
1837	1016
1835	1016
1835	1014
1834	1014
1834	1013
1833	1013
1833	1012
1831	1012
1831	1006
1830	1006
1830	1005
1826	1005
1826	1003
1825	1003
1825	1002
1823	1002
1823	1001
1822	1001
1822	1000
1821	1000
1821	998
1820	998
1820	995
1818	995
1818	994
1815	994
1815	992
1812	992
1812	990
1811	990
1811	988
1810	988
1810	987
1809	987
1809	984
1806	984
1806	983
1804	983
1804	982
1803	982
1803	981
1802	981
1802	979
1801	979
1801	978
1800	978
1800	977
1799	977
1799	975
1778	975
1778	974
1777	974
1777	973
1776	973
1776	972
1774	972
1774	971
1773	971
1773	970
1772	970
1772	969
1770	969
1770	968
1769	968
1769	967
1768	967
1768	966
1767	966
1767	963
1766	963
1766	962
1765	962
1765	961
1763	961
1763	960
1761	960
1761	958
1760	958
1760	957
1759	957
1759	956
1758	956
1758	954
1757	954
1757	953
1756	953
1756	952
1755	952
1755	951
1753	951
1753	949
1752	949
1752	946
1750	946
1750	945
1748	945
1748	944
1747	944
1747	942
1746	942
1746	941
1745	941
1745	939
1744	939
1744	937
1741	937
1741	935
1740	935
1740	933
1739	933
1739	931
1738	931
1738	930
1737	930
1737	929
1736	929
1736	928
1735	928
1735	927
1720	927
1720	928
1719	928
1719	929
1715	929
1715	928
1714	928
1714	927
1712	927
1712	926
1711	926
1711	925
1709	925
1709	924
1707	924
1707	922
1706	922
1706	920
1705	920
1705	919
1704	919
1704	918
1703	918
1703	917
1701	917
1701	914
1700	914
1700	913
1698	913
1698	911
1697	911
1697	909
1696	909
1696	908
1695	908
1695	906
1694	906
1694	904
1693	904
1693	902
1692	902
1692	901
1691	901
1691	899
1690	899
1690	898
1689	898
1689	896
1688	896
1688	895
1687	895
1687	893
1686	893
1686	892
1685	892
1685	891
1684	891
1684	890
1681	890
1681	884
1680	884
1680	877
1679	877
1679	876
1676	876
1676	875
1675	875
1675	871
1674	871
1674	870
1673	870
1673	868
1670	868
1670	867
1659	867
1659	868
1657	868
1657	869
1656	869
1656	870
1655	870
1655	871
1654	871
1654	872
1651	872
1651	871
1648	871
1648	869
1647	869
1647	868
1648	868
1648	867
1647	867
1647	866
1646	866
1646	865
1643	865
1643	864
1641	864
1641	863
1640	863
1640	860
1639	860
1639	859
1638	859
1638	858
1637	858
1637	856
1636	856
1636	855
1634	855
1634	853
1633	853
1633	850
1632	850
1632	848
1631	848
1631	847
1630	847
1630	846
1629	846
1629	844
1628	844
1628	843
1627	843
1627	839
1626	839
1626	833
1622	833
1622	832
1621	832
1621	830
1620	830
1620	827
1619	827
1619	825
1618	825
1618	824
1619	824
1619	823
1618	823
1618	822
1617	822
1617	821
1616	821
1616	817
1615	817
1615	816
1614	816
1614	815
1613	815
1613	814
1612	814
1612	812
1611	812
1611	811
1609	811
1609	806
1600	806
1600	805
1599	805
1599	806
1597	806
1597	805
1595	805
1595	806
1592	806
1592	807
1591	807
1591	806
1589	806
1589	805
1587	805
1587	802
1586	802
1586	803
1585	803
1585	802
1584	802
1584	801
1583	801
1583	800
1582	800
1582	799
1581	799
1581	798
1579	798
1579	797
1578	797
1578	795
1577	795
1577	794
1575	794
1575	792
1574	792
1574	790
1573	790
1573	789
1572	789
1572	785
1571	785
1571	784
1570	784
1570	783
1569	783
1569	782
1568	782
1568	781
1567	781
1567	779
1566	779
1566	778
1565	778
1565	777
1564	777
1564	775
1563	775
1563	774
1562	774
1562	768
1560	768
1560	767
1559	767
1559	765
1558	765
1558	764
1557	764
1557	763
1555	763
1555	762
1554	762
1554	761
1555	761
1555	760
1554	760
1554	756
1553	756
1553	754
1552	754
1552	752
1551	752
1551	748
1550	748
1550	747
1549	747
1549	745
1548	745
1548	744
1547	744
1547	741
1545	741
1545	740
1544	740
1544	733
1543	733
1543	732
1528	732
1528	733
1524	733
1524	732
1522	732
1522	730
1520	730
1520	729
1518	729
1518	726
1516	726
1516	725
1512	725
1512	723
1511	723
1511	722
1510	722
1510	720
1509	720
1509	719
1508	719
1508	716
1507	716
1507	715
1506	715
1506	714
1505	714
1505	712
1504	712
1504	710
1503	710
1503	709
1502	709
1502	706
1501	706
1501	703
1500	703
1500	702
1499	702
1499	699
1498	699
1498	697
1497	697
1497	696
1498	696
1498	694
1497	694
1497	693
1496	693
1496	689
1495	689
1495	688
1494	688
1494	685
1493	685
1493	684
1492	684
1492	683
1491	683
1491	677
1490	677
1490	676
1488	676
1488	674
1487	674
1487	670
1486	670
1486	669
1485	669
1485	666
1484	666
1484	665
1482	665
1482	661
1480	661
1480	660
1464	660
1464	659
1461	659
1461	657
1458	657
1458	656
1457	656
1457	655
1455	655
1455	654
1454	654
1454	650
1452	650
1452	649
1450	649
1450	648
1448	648
1448	647
1447	647
1447	646
1445	646
1445	645
1444	645
1444	644
1443	644
1443	643
1444	643
1444	640
1443	640
1443	639
1442	639
1442	637
1441	637
1441	634
1440	634
1440	632
1439	632
1439	629
1438	629
1438	628
1437	628
1437	626
1436	626
1436	622
1435	622
1435	618
1434	618
1434	617
1433	617
1433	616
1432	616
1432	608
1431	608
1431	607
1428	607
1428	604
1427	604
1427	600
1426	600
1426	596
1425	596
1425	595
1424	595
1424	594
1423	594
1423	593
1424	593
1424	591
1423	591
1423	589
1409	589
1409	588
1407	588
1407	586
1406	586
1406	585
1402	585
1402	583
1400	583
1400	581
1398	581
1398	579
1397	579
1397	578
1395	578
1395	574
1394	574
1394	573
1393	573
1393	572
1392	572
1392	570
1391	570
1391	567
1390	567
1390	564
1389	564
1389	563
1388	563
1388	560
1387	560
1387	558
1386	558
1386	551
1385	551
1385	548
1384	548
1384	545
1383	545
1383	544
1382	544
1382	538
1379	538
1379	531
1375	531
1375	515
1374	515
1374	514
1361	514
1361	513
1359	513
1359	512
1358	512
1358	510
1357	510
1357	509
1355	509
1355	508
1354	508
1354	507
1353	507
1353	505
1352	505
1352	503
1350	503
1350	500
1347	500
1347	489
1346	489
1346	488
1345	488
1345	485
1344	485
1344	478
1343	478
1343	477
1341	477
1341	476
1342	476
1342	471
1341	471
1341	465
1340	465
1340	464
1339	464
1339	459
1338	459
1338	458
1337	458
1337	456
1336	456
1336	451
1335	451
1335	446
1320	446
1320	443
1319	443
1319	442
1316	442
1316	441
1315	441
1315	439
1314	439
1314	436
1313	436
1313	435
1311	435
1311	434
1310	434
1310	433
1309	433
1309	429
1308	429
1308	428
1307	428
1307	426
1306	426
1306	421
1305	421
1305	414
1304	414
1304	413
1303	413
1303	403
1302	403
1302	397
1299	397
1299	396
1298	396
1298	395
1296	395
1296	394
1297	394
1297	393
1296	393
1296	392
1295	392
1295	391
1294	391
1294	389
1293	389
1293	377
1292	377
1292	376
1287	376
1287	375
1286	375
1286	376
1282	376
1282	371
1280	371
1280	370
1279	370
1279	368
1278	368
1278	365
1276	365
1276	359
1275	359
1275	355
1274	355
1274	343
1273	343
1273	338
1272	338
1272	337
1271	337
1271	336
1272	336
1272	333
1271	333
1271	329
1267	329
1267	328
1266	328
1266	327
1264	327
1264	326
1263	326
1263	322
1262	322
1262	321
1263	321
1263	320
1261	320
1261	315
1259	315
1259	314
1255	314
1255	313
1253	313
1253	311
1252	311
1252	309
1251	309
1251	307
1250	307
1250	302
1249	302
1249	295
1248	295
1248	293
1247	293
1247	285
1246	285
1246	284
1244	284
1244	282
1245	282
1245	281
1244	281
1244	280
1243	280
1243	278
1242	278
1242	275
1241	275
1241	273
1239	273
1239	268
1238	268
1238	267
1237	267
1237	266
1236	266
1236	265
1235	265
1235	264
1234	264
1234	263
1235	263
1235	261
1234	261
1234	259
1231	259
1231	258
1229	258
1229	257
1228	257
1228	256
1226	256
1226	255
1225	255
1225	254
1224	254
1224	249
1223	249
1223	248
1222	248
1222	244
1221	244
1221	241
1220	241
1220	239
1219	239
1219	235
1218	235
1218	234
1217	234
1217	231
1216	231
1216	230
1215	230
1215	227
1214	227
1214	225
1212	225
1212	220
1210	220
1210	218
1209	218
1209	216
1208	216
1208	215
1207	215
1207	211
1206	211
1206	209
1202	209
1202	208
1200	208
1200	207
1199	207
1199	206
1198	206
1198	205
1197	205
1197	201
1196	201
1196	199
1195	199
1195	198
1194	198
1194	197
1193	197
1193	192
1192	192
1192	191
1191	191
1191	187
1189	187
1189	186
1188	186
1188	185
1187	185
1187	182
1186	182
1186	181
1185	181
1185	178
1184	178
1184	177
1183	177
1183	175
1182	175
1182	174
1181	174
1181	173
1180	173
1180	171
1179	171
1179	169
1178	169
1178	168
1176	168
1176	167
1175	167
1175	165
1174	165
1174	163
1172	163
1172	162
1171	162
1171	160
1170	160
1170	158
1169	158
1169	155
1168	155
1168	154
1153	154
1153	155
1152	155
1152	171
1153	171
1153	176
1154	176
1154	179
1155	179
1155	183
1154	183
1154	184
1155	184
1155	188
1156	188
1156	189
1157	189
1157	190
1158	190
1158	210
1159	210
1159	213
1160	213
1160	220
1161	220
1161	226
1162	226
1162	227
1163	227
1163	228
1164	228
1164	233
1165	233
1165	242
1166	242
1166	244
1167	244
1167	249
1168	249
1168	252
1169	252
1169	264
1170	264
1170	265
1169	265
1169	271
1170	271
1170	272
1171	272
1171	275
1172	275
1172	279
1173	279
1173	280
1174	280
1174	282
1175	282
1175	286
1176	286
1176	287
1177	287
1177	289
1178	289
1178	292
1179	292
1179	293
1178	293
1178	294
1180	294
1180	298
1181	298
1181	301
1182	301
1182	304
1183	304
1183	307
1184	307
1184	309
1185	309
1185	311
1186	311
1186	314
1190	314
1190	333
1191	333
1191	340
1192	340
1192	341
1193	341
1193	345
1194	345
1194	349
1195	349
1195	350
1196	350
1196	352
1197	352
1197	356
1198	356
1198	360
1199	360
1199	363
1200	363
1200	365
1202	365
1202	366
1203	366
1203	371
1204	371
1204	372
1205	372
1205	382
1207	382
1207	383
1209	383
1209	384
1210	384
1210	387
1212	387
1212	389
1214	389
1214	390
1215	390
1215	393
1216	393
1216	408
1215	408
1215	425
1216	425
1216	428
1217	428
1217	431
1218	431
1218	432
1219	432
1219	434
1220	434
1220	435
1221	435
1221	437
1222	437
1222	439
1223	439
1223	443
1224	443
1224	444
1225	444
1225	447
1226	447
1226	449
1228	449
1228	452
1229	452
1229	453
1230	453
1230	455
1231	455
1231	456
1232	456
1232	457
1233	457
1233	460
1234	460
1234	463
1235	463
1235	464
1236	464
1236	465
1237	465
1237	467
1238	467
1238	468
1239	468
1239	470
1240	470
1240	471
1241	471
1241	473
1242	473
1242	481
1243	481
1243	484
1244	484
1244	485
1243	485
1243	486
1242	486
1242	488
1240	488
1240	489
1238	489
1238	490
1237	490
1237	511
1240	511
1240	512
1241	512
1241	514
1242	514
1242	517
1243	517
1243	518
1244	518
1244	521
1245	521
1245	523
1247	523
1247	527
1248	527
1248	532
1249	532
1249	533
1253	533
1253	536
1254	536
1254	539
1255	539
1255	542
1256	542
1256	545
1257	545
1257	546
1258	546
1258	549
1259	549
1259	565
1258	565
1258	571
1252	571
1252	572
1251	572
1251	586
1252	586
1252	588
1253	588
1253	590
1254	590
1254	591
1255	591
1255	596
1256	596
1256	597
1257	597
1257	602
1258	602
1258	605
1259	605
1259	608
1261	608
1261	609
1262	609
1262	610
1263	610
1263	611
1264	611
1264	614
1265	614
1265	615
1266	615
1266	619
1267	619
1267	623
1268	623
1268	625
1269	625
1269	628
1270	628
1270	631
1271	631
1271	637
1272	637
1272	643
1273	643
1273	653
1272	653
1272	658
1271	658
1271	661
1270	661
1270	662
1262	662
