1037	1051
1038	1051
1038	1052
1042	1052
1042	1053
1044	1053
1044	1065
1046	1065
1046	1066
1047	1066
1047	1068
1048	1068
1048	1069
1049	1069
1049	1070
1050	1070
1050	1084
1049	1084
1049	1085
1048	1085
1048	1086
1047	1086
1047	1087
1046	1087
1046	1088
1044	1088
1044	1089
1026	1089
1026	1090
1023	1090
1023	1117
1022	1117
1022	1156
1023	1156
1023	1170
1024	1170
1024	1171
1025	1171
1025	1192
1009	1192
1009	1193
1008	1193
1008	1194
1007	1194
1007	1211
1008	1211
1008	1212
1009	1212
1009	1222
1008	1222
1008	1224
1007	1224
1007	1248
1008	1248
1008	1249
1009	1249
1009	1250
1010	1250
1010	1264
1011	1264
1011	1278
1010	1278
1010	1279
1008	1279
1008	1280
1007	1280
1007	1282
1006	1282
1006	1283
1005	1283
1005	1285
1004	1285
1004	1287
1000	1287
1000	1284
999	1284
999	1283
998	1283
998	1282
980	1282
980	1283
979	1283
979	1301
980	1301
980	1303
981	1303
981	1314
980	1314
980	1315
979	1315
979	1343
978	1343
978	1344
979	1344
979	1377
978	1377
978	1380
979	1380
979	1386
978	1386
978	1388
976	1388
976	1389
973	1389
973	1390
972	1390
972	1392
971	1392
971	1393
969	1393
969	1392
968	1392
968	1393
957	1393
957	1420
956	1420
956	1443
957	1443
957	1444
956	1444
956	1445
955	1445
955	1446
954	1446
954	1447
953	1447
953	1472
954	1472
954	1475
955	1475
955	1484
954	1484
954	1488
953	1488
953	1491
952	1491
952	1492
951	1492
951	1493
948	1493
948	1494
936	1494
936	1495
935	1495
935	1513
936	1513
936	1514
937	1514
937	1524
933	1524
933	1525
931	1525
931	1538
929	1538
929	1540
928	1540
928	1565
927	1565
927	1577
926	1577
926	1578
925	1578
925	1579
924	1579
924	1590
922	1590
922	1591
920	1591
920	1592
919	1592
919	1632
918	1632
918	1643
917	1643
917	1644
915	1644
915	1657
914	1657
914	1658
913	1658
913	1660
914	1660
914	1662
913	1662
913	1668
914	1668
914	1669
913	1669
913	1682
912	1682
912	1684
911	1684
911	1709
908	1709
908	1710
906	1710
906	1736
905	1736
905	1803
906	1803
906	1816
905	1816
905	1847
904	1847
904	1849
896	1849
896	1850
895	1850
895	1849
896	1849
896	1847
895	1847
895	1842
893	1842
893	1841
887	1841
887	1836
886	1836
886	1831
885	1831
885	1830
884	1830
884	1828
881	1828
881	1816
879	1816
879	1815
877	1815
877	1814
876	1814
876	1800
875	1800
875	1790
874	1790
874	1789
873	1789
873	1787
872	1787
872	1786
873	1786
873	1785
872	1785
872	1776
870	1776
870	1775
869	1775
869	1774
868	1774
868	1761
867	1761
867	1753
868	1753
868	1752
867	1752
867	1748
865	1748
865	1747
864	1747
864	1749
863	1749
863	1748
861	1748
861	1736
860	1736
860	1723
859	1723
859	1722
858	1722
858	1684
857	1684
857	1672
856	1672
856	1670
855	1670
855	1669
854	1669
854	1659
855	1659
855	1630
854	1630
854	1592
853	1592
853	1591
851	1591
851	1588
850	1588
850	1586
849	1586
849	1578
848	1578
848	1526
847	1526
847	1485
846	1485
846	1484
842	1484
842	1482
841	1482
841	1461
842	1461
842	1459
843	1459
843	1446
844	1446
844	1435
845	1435
845	1434
846	1434
846	1410
845	1410
845	1409
830	1409
830	1408
829	1408
829	1406
828	1406
828	1395
829	1395
829	1394
830	1394
830	1391
831	1391
831	1390
832	1390
832	1389
833	1389
833	1386
834	1386
834	1384
835	1384
835	1369
840	1369
840	1368
841	1368
841	1354
842	1354
842	1341
843	1341
843	1329
846	1329
846	1328
847	1328
847	1309
846	1309
846	1308
831	1308
831	1307
830	1307
830	1306
829	1306
829	1301
828	1301
828	1300
825	1300
825	1299
824	1299
824	1291
826	1291
826	1290
827	1290
827	1289
828	1289
828	1276
829	1276
829	1274
830	1274
830	1263
833	1263
833	1262
834	1262
834	1251
835	1251
835	1249
836	1249
836	1237
840	1237
840	1236
842	1236
842	1209
829	1209
829	1208
828	1208
828	1206
827	1206
827	1205
824	1205
824	1204
822	1204
822	1202
821	1202
821	1184
822	1184
822	1183
823	1183
823	1182
824	1182
824	1172
826	1172
826	1171
828	1171
828	1170
829	1170
829	1169
830	1169
830	1158
832	1158
832	1157
833	1157
833	1156
834	1156
834	1144
840	1144
840	1143
841	1143
841	1130
842	1130
842	1111
841	1111
841	1110
824	1110
824	1109
822	1109
822	1107
821	1107
821	1094
820	1094
820	1093
821	1093
821	1091
823	1091
823	1080
824	1080
824	1079
828	1079
828	1078
832	1078
832	1077
833	1077
833	1065
836	1065
836	1064
837	1064
837	1054
839	1054
839	1053
840	1053
840	1052
842	1052
842	1051
844	1051
844	1025
843	1025
843	1024
839	1024
839	1023
834	1023
834	1017
833	1017
833	1016
832	1016
832	1015
831	1015
831	1013
830	1013
830	1012
829	1012
829	1006
830	1006
830	1005
832	1005
832	1004
833	1004
833	1003
834	1003
834	1000
835	1000
835	999
840	999
840	998
841	998
841	987
845	987
845	986
847	986
847	985
848	985
848	974
849	974
849	973
854	973
854	972
855	972
855	960
858	960
858	959
860	959
860	932
859	932
859	931
851	931
851	930
850	930
850	908
854	908
854	907
855	907
855	902
858	902
858	901
859	901
859	900
860	900
860	899
862	899
862	898
866	898
866	897
867	897
867	895
868	895
868	893
869	893
869	882
881	882
881	881
882	881
882	879
881	879
881	876
882	876
882	874
881	874
881	871
882	871
882	870
883	870
883	871
884	871
884	870
885	870
885	868
886	868
886	867
893	867
893	866
894	866
894	853
895	853
895	835
894	835
894	834
893	834
893	833
889	833
889	832
886	832
886	831
883	831
883	830
882	830
882	829
881	829
881	828
882	828
882	827
883	827
883	815
884	815
884	816
885	816
885	814
890	814
890	815
892	815
892	814
894	814
894	802
895	802
895	801
903	801
903	789
909	789
909	788
912	788
912	787
913	787
913	775
919	775
919	774
920	774
920	762
921	762
921	761
922	761
922	725
921	725
921	719
923	719
923	718
924	718
924	717
925	717
925	716
927	716
927	715
928	715
928	712
930	712
930	710
933	710
933	709
934	709
934	699
935	699
935	698
939	698
939	697
941	697
941	696
946	696
946	695
947	695
947	685
946	685
946	684
947	684
947	682
948	682
948	671
949	671
949	670
951	670
951	669
952	669
952	641
951	641
951	638
950	638
950	636
948	636
948	635
947	635
947	628
948	628
948	627
949	627
949	626
950	626
950	625
951	625
951	624
953	624
953	623
954	623
954	621
955	621
955	620
956	620
956	618
957	618
957	617
963	617
963	616
964	616
964	615
965	615
965	604
966	604
966	603
967	603
967	604
971	604
971	603
973	603
973	590
975	590
975	589
976	589
976	587
975	587
975	579
977	579
977	578
979	578
979	577
980	577
980	567
979	567
979	566
980	566
980	564
986	564
986	539
987	539
987	538
988	538
988	539
989	539
989	538
991	538
991	537
992	537
992	524
996	524
996	525
997	525
997	524
999	524
999	513
1000	513
1000	512
1002	512
1002	511
1004	511
1004	498
1005	498
1005	496
1006	496
1006	495
1007	495
1007	486
1008	486
1008	485
1013	485
1013	479
1015	479
1015	478
1016	478
1016	476
1017	476
1017	475
1018	475
1018	473
1019	473
1019	459
1020	459
1020	458
1021	458
1021	447
1023	447
1023	446
1026	446
1026	445
1028	445
1028	436
1029	436
1029	435
1030	435
1030	432
1031	432
1031	430
1032	430
1032	429
1031	429
1031	426
1032	426
1032	425
1031	425
1031	424
1032	424
1032	423
1031	423
1031	420
1032	420
1032	419
1038	419
1038	418
1039	418
1039	404
1040	404
1040	394
1041	394
1041	393
1042	393
1042	392
1043	392
1043	390
1044	390
1044	385
1045	385
1045	383
1046	383
1046	382
1047	382
1047	380
1048	380
1048	379
1052	379
1052	361
1053	361
1053	355
1054	355
1054	354
1056	354
1056	353
1057	353
1057	352
1058	352
1058	342
1059	342
1059	340
1064	340
1064	339
1065	339
1065	329
1066	329
1066	328
1067	328
1067	327
1068	327
1068	326
1069	326
1069	319
1068	319
1068	318
1069	318
1069	315
1070	315
1070	314
1071	314
1071	313
1072	313
1072	301
1073	301
1073	300
1075	300
1075	301
1076	301
1076	300
1078	300
1078	277
1079	277
1079	274
1081	274
1081	273
1082	273
1082	262
1083	262
1083	261
1085	261
1085	234
1083	234
1083	233
1081	233
1081	234
1080	234
1080	233
1070	233
1070	234
1069	234
1069	233
1065	233
1065	234
1064	234
1064	241
1062	241
1062	242
1061	242
1061	241
1060	241
1060	243
1059	243
1059	244
1058	244
1058	246
1057	246
1057	247
1051	247
1051	255
1049	255
1049	256
1048	256
1048	264
1047	264
1047	265
1046	265
1046	266
1045	266
1045	267
1044	267
1044	268
1043	268
1043	269
1042	269
1042	270
1041	270
1041	269
1040	269
1040	270
1038	270
1038	272
1037	272
1037	277
1036	277
1036	278
1035	278
1035	279
1034	279
1034	280
1033	280
1033	282
1032	282
1032	283
1029	283
1029	285
1026	285
1026	286
1022	286
1022	287
1021	287
1021	292
1020	292
1020	293
1019	293
1019	294
1018	294
1018	296
1017	296
1017	298
1016	298
1016	299
1013	299
1013	300
1011	300
1011	305
1012	305
1012	306
1011	306
1011	310
1010	310
1010	311
1009	311
1009	312
1005	312
1005	313
1004	313
1004	314
1003	314
1003	325
999	325
999	326
997	326
997	327
996	327
996	328
997	328
997	329
996	329
996	330
995	330
995	331
994	331
994	332
993	332
993	334
990	334
990	336
989	336
989	337
987	337
987	338
985	338
985	339
984	339
984	340
983	340
983	344
982	344
982	346
981	346
981	347
980	347
980	348
979	348
979	351
977	351
977	352
973	352
973	353
972	353
972	357
971	357
971	362
970	362
970	363
969	363
969	364
967	364
967	365
965	365
965	366
964	366
964	377
962	377
962	378
959	378
959	379
958	379
958	385
957	385
957	386
954	386
954	388
953	388
953	389
952	389
952	391
947	391
947	392
942	392
942	393
940	393
940	398
939	398
939	399
938	399
938	400
937	400
937	401
936	401
936	402
934	402
934	403
931	403
931	404
928	404
928	405
926	405
926	409
925	409
925	411
923	411
923	412
922	412
922	411
920	411
920	413
919	413
919	414
917	414
917	415
916	415
916	417
914	417
914	418
913	418
913	429
912	429
912	430
908	430
908	431
906	431
906	432
905	432
905	441
904	441
904	442
903	442
903	449
901	449
901	451
900	451
900	453
899	453
899	454
898	454
898	456
897	456
897	457
879	457
879	460
878	460
878	461
877	461
877	462
876	462
876	463
875	463
875	465
874	465
874	466
873	466
873	468
872	468
872	470
867	470
867	471
866	471
866	477
865	477
865	478
862	478
862	480
861	480
861	481
860	481
860	483
854	483
854	484
853	484
853	485
852	485
852	487
853	487
853	489
852	489
852	496
849	496
849	497
848	497
848	500
847	500
847	503
848	503
848	504
847	504
847	508
848	508
848	509
842	509
842	510
840	510
840	516
839	516
839	519
820	519
820	520
819	520
819	521
818	521
818	522
816	522
816	523
814	523
814	524
813	524
813	530
812	530
812	531
811	531
811	532
810	532
810	533
809	533
809	534
808	534
808	536
802	536
802	537
801	537
801	541
800	541
800	549
799	549
799	550
796	550
796	553
795	553
795	555
794	555
794	557
793	557
793	558
792	558
792	560
791	560
791	562
788	562
788	563
787	563
787	569
786	569
786	570
785	570
785	569
784	569
784	571
783	571
783	572
782	572
782	573
781	573
781	575
776	575
776	576
774	576
774	577
773	577
773	578
772	578
772	579
762	579
762	580
761	580
761	582
760	582
760	583
758	583
758	584
757	584
757	585
756	585
756	586
755	586
755	588
754	588
754	589
752	589
752	588
750	588
750	589
749	589
749	590
748	590
748	592
747	592
747	597
745	597
745	598
744	598
744	599
743	599
743	600
742	600
742	602
738	602
738	603
735	603
735	611
734	611
734	620
732	620
732	621
731	621
731	622
729	622
729	623
728	623
728	624
727	624
727	626
726	626
726	628
722	628
722	629
721	629
721	633
720	633
720	634
719	634
719	635
718	635
718	636
717	636
717	637
716	637
716	638
715	638
715	639
714	639
714	640
713	640
713	641
710	641
710	638
709	638
709	629
690	629
690	630
689	630
689	632
690	632
690	633
689	633
689	634
688	634
688	636
687	636
687	637
686	637
686	638
685	638
685	639
684	639
684	640
683	640
683	641
682	641
682	642
681	642
681	645
680	645
680	646
679	646
679	647
678	647
678	648
676	648
676	649
675	649
675	651
674	651
674	652
673	652
673	653
672	653
672	654
670	654
670	655
669	655
669	656
668	656
668	660
666	660
666	661
664	661
664	662
663	662
663	663
662	663
662	664
661	664
661	666
660	666
660	667
659	667
659	668
656	668
656	673
655	673
655	677
654	677
654	678
652	678
652	680
651	680
651	688
650	688
650	689
649	689
649	692
648	692
648	694
643	694
643	695
642	695
642	697
641	697
641	698
642	698
642	701
639	701
639	702
638	702
638	703
636	703
636	704
634	704
634	705
631	705
631	699
612	699
612	700
611	700
611	702
610	702
610	704
609	704
609	708
603	708
603	714
602	714
602	725
590	725
590	731
589	731
589	734
585	734
585	735
584	735
584	738
583	738
583	742
582	742
582	744
581	744
581	746
580	746
580	747
579	747
579	746
578	746
578	747
576	747
576	748
575	748
575	749
574	749
574	750
573	750
573	751
572	751
572	752
571	752
571	753
570	753
570	754
569	754
569	755
568	755
568	756
567	756
567	757
566	757
566	758
565	758
565	759
564	759
564	760
561	760
561	761
556	761
556	760
554	760
554	755
553	755
553	754
535	754
535	755
533	755
533	756
532	756
532	757
531	757
531	759
530	759
530	760
525	760
525	761
523	761
523	767
522	767
522	768
520	768
520	769
519	769
519	770
518	770
518	772
517	772
517	773
512	773
512	774
510	774
510	778
509	778
509	779
510	779
510	780
509	780
509	781
507	781
507	782
506	782
506	783
505	783
505	785
504	785
504	786
499	786
499	787
497	787
497	790
496	790
496	792
494	792
494	793
492	793
492	795
490	795
490	797
489	797
489	799
486	799
486	800
485	800
485	801
484	801
484	802
483	802
483	805
481	805
481	806
479	806
479	808
478	808
478	809
477	809
477	810
476	810
476	811
475	811
475	813
467	813
467	812
465	812
465	809
464	809
464	808
463	808
463	807
462	807
462	806
444	806
444	807
442	807
442	808
440	808
440	809
439	809
439	811
438	811
438	812
437	812
437	813
432	813
432	814
431	814
431	817
430	817
430	818
429	818
429	819
427	819
427	820
426	820
426	821
425	821
425	822
424	822
424	824
423	824
423	826
419	826
419	827
418	827
418	829
417	829
417	831
406	831
406	832
405	832
405	834
403	834
403	835
401	835
401	836
400	836
400	837
399	837
399	838
398	838
398	839
393	839
393	840
392	840
392	841
391	841
391	845
379	845
379	846
378	846
378	847
377	847
377	848
374	848
374	852
371	852
371	853
365	853
365	858
363	858
363	859
362	859
362	860
361	860
361	861
360	861
360	862
359	862
359	863
358	863
358	865
353	865
353	867
352	867
352	868
351	868
351	869
352	869
352	870
351	870
351	871
348	871
348	872
346	872
346	873
341	873
341	874
340	874
340	875
339	875
339	877
338	877
338	878
337	878
337	879
336	879
336	878
328	878
328	879
326	879
326	880
325	880
325	881
324	881
324	882
323	882
323	883
322	883
322	884
321	884
321	885
320	885
320	886
318	886
318	888
317	888
317	889
315	889
315	890
314	890
314	891
300	891
300	892
298	892
298	893
297	893
297	892
296	892
296	893
289	893
289	892
288	892
288	893
287	893
287	894
286	894
286	900
285	900
285	901
284	901
284	902
280	902
280	901
279	901
279	902
277	902
277	901
276	901
276	902
273	902
273	905
261	905
261	906
260	906
260	907
259	907
259	911
257	911
257	912
256	912
256	913
254	913
254	914
253	914
253	915
252	915
252	916
251	916
251	917
250	917
250	918
243	918
243	920
242	920
242	924
241	924
241	925
239	925
239	926
234	926
234	927
229	927
229	928
227	928
227	929
226	929
226	930
223	930
223	931
220	931
220	936
219	936
219	937
216	937
216	938
214	938
214	939
210	939
210	940
208	940
208	941
206	941
206	942
205	942
205	943
203	943
203	944
196	944
196	945
194	945
194	947
193	947
193	949
194	949
194	950
193	950
193	952
187	952
187	953
183	953
183	954
178	954
178	955
176	955
176	956
174	956
174	957
173	957
173	958
171	958
171	957
170	957
170	958
167	958
167	959
166	959
166	961
165	961
165	962
164	962
164	963
163	963
163	964
162	964
162	965
160	965
160	966
158	966
158	967
154	967
154	968
152	968
152	969
151	969
151	970
150	970
150	971
149	971
149	972
146	972
146	974
145	974
145	976
143	976
143	977
142	977
142	979
140	979
140	980
139	980
139	981
138	981
138	982
137	982
137	984
133	984
133	985
129	985
129	986
128	986
128	987
127	987
127	988
128	988
128	989
125	989
125	990
121	990
121	991
111	991
111	990
110	990
110	986
111	986
111	985
112	985
112	974
116	974
116	972
117	972
117	966
118	966
118	965
119	965
119	964
120	964
120	963
121	963
121	962
122	962
122	960
124	960
124	959
126	959
126	960
127	960
127	959
129	959
129	954
130	954
130	953
131	953
131	952
133	952
133	951
134	951
134	952
135	952
135	949
136	949
136	948
137	948
137	947
138	947
138	946
142	946
142	945
143	945
143	940
144	940
144	939
147	939
147	938
148	938
148	936
149	936
149	935
151	935
151	933
155	933
155	932
156	932
156	927
158	927
158	926
160	926
160	925
161	925
161	923
162	923
162	921
163	921
163	920
169	920
169	919
170	919
170	914
172	914
172	911
173	911
173	909
174	909
174	908
175	908
175	907
181	907
181	906
182	906
182	902
183	902
183	901
185	901
185	900
186	900
186	899
187	899
187	898
188	898
188	897
189	897
189	896
190	896
190	895
191	895
191	894
192	894
192	895
193	895
193	894
195	894
195	892
196	892
196	886
208	886
208	884
209	884
209	868
227	868
227	867
234	867
234	866
235	866
235	855
236	855
236	854
247	854
247	853
248	853
248	848
249	848
249	847
250	847
250	846
251	846
251	844
255	844
255	843
261	843
261	840
262	840
262	835
264	835
264	832
265	832
265	831
266	831
266	828
269	828
269	827
270	827
270	828
273	828
273	827
274	827
274	823
275	823
275	822
276	822
276	819
278	819
278	818
280	818
280	817
282	817
282	816
283	816
283	815
287	815
287	813
288	813
288	808
289	808
289	805
294	805
294	804
295	804
295	805
299	805
299	804
300	804
300	803
301	803
301	802
304	802
304	801
305	801
305	800
306	800
306	796
307	796
307	795
308	795
308	793
311	793
311	792
312	792
312	790
314	790
314	789
315	789
315	788
320	788
320	785
321	785
321	776
327	776
327	775
330	775
330	774
331	774
331	772
332	772
332	770
333	770
333	769
334	769
334	768
335	768
335	766
334	766
334	763
336	763
336	762
337	762
337	763
338	763
338	762
341	762
341	757
352	757
352	756
353	756
353	747
354	747
354	741
355	741
355	740
356	740
356	739
358	739
358	738
366	738
366	737
367	737
367	732
368	732
368	731
371	731
371	730
374	730
374	729
375	729
375	728
379	728
379	727
380	727
380	724
381	724
381	723
382	723
382	722
384	722
384	721
385	721
385	718
387	718
387	717
388	717
388	716
389	716
389	715
390	715
390	712
391	712
391	711
392	711
392	710
394	710
394	709
406	709
406	696
407	696
407	697
418	697
418	696
419	696
419	675
415	675
415	674
413	674
413	670
415	670
415	669
416	669
416	670
417	670
417	669
419	669
419	659
420	659
420	657
432	657
432	656
445	656
445	655
446	655
446	651
447	651
447	650
449	650
449	648
450	648
450	647
451	647
451	646
453	646
453	643
458	643
458	642
459	642
459	636
460	636
460	632
462	632
462	631
463	631
463	632
465	632
465	631
466	631
466	632
470	632
470	631
472	631
472	627
473	627
473	625
479	625
479	624
481	624
481	623
485	623
485	595
486	595
486	590
496	590
496	591
497	591
497	590
498	590
498	588
499	588
499	586
498	586
498	583
500	583
500	582
499	582
499	581
507	581
507	582
508	582
508	581
511	581
511	580
512	580
512	577
513	577
513	575
514	575
514	574
516	574
516	573
518	573
518	570
520	570
520	569
522	569
522	568
525	568
525	567
526	567
526	565
528	565
528	564
537	564
537	563
538	563
538	558
539	558
539	557
540	557
540	556
542	556
542	555
543	555
543	554
545	554
545	553
547	553
547	552
550	552
550	551
552	551
552	545
553	545
553	544
555	544
555	543
564	543
564	515
565	515
565	512
578	512
578	509
579	509
579	507
590	507
590	506
603	506
603	505
604	505
604	504
605	504
605	503
611	503
611	502
617	502
617	501
618	501
618	500
619	500
619	499
629	499
629	498
631	498
631	487
644	487
644	467
645	467
645	466
646	466
646	465
647	465
647	462
649	462
649	461
650	461
650	460
651	460
651	459
653	459
653	460
654	460
654	459
697	459
697	458
698	458
698	453
702	453
702	452
703	452
703	451
704	451
704	450
706	450
706	449
707	449
707	447
711	447
711	446
712	446
712	445
722	445
722	443
723	443
723	441
722	441
722	439
723	439
723	423
724	423
724	422
725	422
725	421
726	421
726	420
728	420
728	419
735	419
735	417
736	417
736	413
747	413
747	412
750	412
750	411
752	411
752	412
761	412
761	411
762	411
762	410
763	410
763	408
769	408
769	406
774	406
774	405
775	405
775	402
778	402
778	401
788	401
788	398
789	398
789	397
790	397
790	396
791	396
791	385
793	385
793	384
794	384
794	383
795	383
795	382
796	382
796	381
797	381
797	380
803	380
803	379
808	379
808	380
810	380
810	379
813	379
813	380
814	380
814	379
815	379
815	378
816	378
816	375
822	375
822	374
823	374
823	373
824	373
824	374
825	374
825	373
826	373
826	372
829	372
829	371
831	371
831	370
840	370
840	369
841	369
841	361
844	361
844	360
845	360
845	361
846	361
846	360
848	360
848	359
854	359
854	356
855	356
855	353
867	353
867	345
868	345
868	344
867	344
867	339
868	339
868	333
870	333
870	332
871	332
871	333
879	333
879	332
884	332
884	331
887	331
887	330
888	330
888	329
890	329
890	328
893	328
893	326
895	326
895	323
896	323
896	321
895	321
895	320
906	320
906	319
907	319
907	318
908	318
908	316
910	316
910	315
911	315
911	314
918	314
918	313
920	313
920	310
921	310
921	309
922	309
922	308
923	308
923	305
924	305
924	304
925	304
925	303
926	303
926	301
933	301
933	298
934	298
934	297
935	297
935	296
936	296
936	294
940	294
940	293
941	293
941	292
945	292
945	291
947	291
947	290
948	290
948	289
952	289
952	288
953	288
953	287
959	287
959	286
960	286
960	281
962	281
962	280
964	280
964	279
965	279
965	278
966	278
966	277
967	277
967	276
971	276
971	275
973	275
973	274
976	274
976	273
977	273
977	271
978	271
978	267
979	267
979	266
980	266
980	265
979	265
979	264
980	264
980	261
985	261
985	260
986	260
986	256
987	256
987	253
994	253
994	252
998	252
998	251
999	251
999	249
1000	249
1000	247
1001	247
1001	236
1012	236
1012	235
1013	235
1013	234
1014	234
1014	223
1025	223
1025	222
1026	222
1026	221
1027	221
1027	210
1040	210
1040	208
1041	208
1041	190
1040	190
1040	188
1039	188
1039	187
1020	187
1020	188
1019	188
1019	189
1018	189
1018	190
1017	190
1017	193
1008	193
1008	194
986	194
986	195
985	195
985	200
975	200
975	201
974	201
974	200
973	200
973	201
971	201
971	203
969	203
969	204
966	204
966	205
964	205
964	206
933	206
933	207
932	207
932	210
933	210
933	211
932	211
932	213
931	213
931	214
928	214
928	215
926	215
926	216
924	216
924	217
923	217
923	218
904	218
904	219
896	219
896	218
895	218
895	219
893	219
893	220
892	220
892	225
881	225
881	226
880	226
880	227
879	227
879	229
854	229
854	230
852	230
852	231
851	231
851	232
841	232
841	233
828	233
828	234
826	234
826	240
815	240
815	241
813	241
813	245
786	245
786	246
774	246
774	247
761	247
761	248
760	248
760	253
748	253
748	254
747	254
747	257
736	257
736	255
735	255
735	254
730	254
730	253
729	253
729	252
728	252
728	245
709	245
709	246
707	246
707	247
694	247
694	250
693	250
693	251
682	251
682	253
681	253
681	255
680	255
680	256
668	256
668	257
656	257
656	256
652	256
652	257
648	257
648	256
646	256
646	257
645	257
645	256
644	256
644	254
643	254
643	247
603	247
603	252
602	252
602	253
591	253
591	252
590	252
590	251
580	251
580	250
579	250
579	249
578	249
578	247
551	247
551	245
538	245
538	244
524	244
524	243
511	243
511	242
507	242
507	241
506	241
506	242
498	242
498	241
486	241
486	240
460	240
460	239
459	239
459	238
431	238
431	239
430	239
430	240
394	240
394	238
393	238
393	237
392	237
392	236
381	236
381	235
380	235
380	234
379	234
379	233
377	233
377	234
376	234
376	233
350	233
350	232
347	232
347	223
348	223
348	222
353	222
353	221
354	221
354	220
355	220
355	219
357	219
357	218
358	218
358	216
359	216
359	215
360	215
360	214
361	214
361	213
363	213
363	211
365	211
365	210
368	210
368	209
379	209
379	208
392	208
392	207
393	207
393	202
395	202
395	201
396	201
396	202
398	202
398	201
418	201
418	200
419	200
419	199
421	199
421	198
423	198
423	197
432	197
432	196
445	196
445	195
446	195
446	193
448	193
448	192
453	192
453	190
458	190
458	189
463	189
463	188
466	188
466	189
486	189
486	188
487	188
487	187
496	187
496	188
497	188
497	187
498	187
498	186
499	186
499	185
500	185
500	184
511	184
511	183
520	183
520	182
521	182
521	183
524	183
524	182
537	182
537	181
538	181
538	177
542	177
542	176
543	176
543	175
552	175
552	174
564	174
564	173
566	173
566	172
577	172
577	171
590	171
590	170
591	170
591	169
616	169
616	168
617	168
617	166
618	166
618	164
623	164
623	163
626	163
626	162
630	162
630	161
643	161
643	160
645	160
645	159
657	159
657	148
660	148
660	147
661	147
661	146
664	146
664	144
665	144
665	143
676	143
676	142
682	142
682	143
708	143
708	144
709	144
709	145
710	145
710	146
711	146
711	145
726	145
726	146
729	146
729	145
730	145
730	143
731	143
731	140
732	140
732	135
731	135
731	133
732	133
732	130
736	130
736	129
741	129
741	131
742	131
742	132
743	132
743	133
744	133
744	134
749	134
749	135
760	135
760	140
761	140
761	142
762	142
762	143
774	143
774	144
776	144
776	145
780	145
780	146
802	146
802	144
807	144
807	143
808	143
808	138
809	138
809	137
810	137
810	136
821	136
821	137
825	137
825	138
826	138
826	139
827	139
827	144
828	144
828	145
840	145
840	147
841	147
841	148
843	148
843	149
845	149
845	150
850	150
850	149
851	149
851	150
880	150
880	149
881	149
881	148
891	148
891	149
893	149
893	155
894	155
894	156
896	156
896	155
918	155
918	156
945	156
945	157
946	157
946	158
947	158
947	159
972	159
972	158
974	158
974	157
1010	157
1010	156
1054	156
1054	155
1079	155
1079	154
1080	154
1080	153
1082	153
1082	152
1085	152
1085	151
1087	151
1087	150
1104	150
1104	149
1118	149
1118	148
1143	148
1143	147
1145	147
1145	146
1158	146
1158	145
1159	145
1159	144
1181	144
1181	154
1182	154
1182	155
1183	155
1183	156
1184	156
1184	155
1237	155
1237	154
1238	154
1238	152
1239	152
1239	151
1262	151
1262	150
1263	150
1263	148
1277	148
1277	147
1278	147
1278	146
1280	146
1280	145
1314	145
1314	144
1316	144
1316	143
1319	143
1319	142
1328	142
1328	141
1329	141
1329	135
1340	135
1340	136
1343	136
1343	137
1344	137
1344	136
1362	136
1362	135
1368	135
1368	134
1369	134
1369	133
1370	133
1370	132
1371	132
1371	131
1372	131
1372	130
1381	130
1381	129
1382	129
1382	125
1383	125
1383	124
1386	124
1386	123
1389	123
1389	122
1390	122
1390	121
1391	121
1391	122
1394	122
1394	121
1395	121
1395	120
1397	120
1397	119
1405	119
1405	120
1406	120
1406	122
1407	122
1407	123
1408	123
1408	124
1433	124
1433	123
1435	123
1435	122
1436	122
1436	121
1437	121
1437	122
1446	122
1446	121
1447	121
1447	120
1455	120
1455	119
1461	119
1461	118
1463	118
1463	117
1486	117
1486	129
1539	129
1539	128
1540	128
1540	124
1552	124
1552	123
1554	123
1554	122
1558	122
1558	123
1600	123
1600	122
1603	122
1603	123
1606	123
1606	122
1644	122
1644	121
1645	121
1645	120
1646	120
1646	119
1647	119
1647	118
1671	118
1671	117
1683	117
1683	116
1685	116
1685	114
1686	114
1686	113
1692	113
1692	112
1701	112
1701	111
1704	111
1704	110
1724	110
1724	109
1726	109
1726	108
1727	108
1727	109
1728	109
1728	108
1746	108
1746	109
1748	109
1748	108
1751	108
1751	107
1763	107
1763	106
1764	106
1764	105
1765	105
1765	104
1766	104
1766	103
1784	103
1784	104
1785	104
1785	103
1787	103
1787	104
1788	104
1788	103
1802	103
1802	102
1803	102
1803	99
1804	99
1804	98
1806	98
1806	99
1809	99
1809	98
1816	98
1816	97
1818	97
1818	96
1819	96
1819	95
1828	95
1828	96
1829	96
1829	97
1830	97
1830	98
1841	98
1841	99
1842	99
1842	106
1841	106
1841	109
1839	109
1839	110
1838	110
1838	111
1837	111
1837	112
1836	112
1836	113
1835	113
1835	114
1831	114
1831	115
1828	115
1828	123
1819	123
1819	124
1816	124
1816	125
1814	125
1814	126
1812	126
1812	127
1806	127
1806	128
1803	128
1803	129
1802	129
1802	132
1800	132
1800	133
1795	133
1795	134
1792	134
1792	135
1789	135
1789	136
1788	136
1788	137
1786	137
1786	138
1784	138
1784	139
1782	139
1782	140
1776	140
1776	141
1764	141
1764	142
1763	142
1763	147
1762	147
1762	149
1752	149
1752	148
1751	148
1751	149
1750	149
1750	150
1749	150
1749	152
1748	152
1748	153
1736	153
1736	154
1735	154
1735	153
1728	153
1728	154
1724	154
1724	155
1723	155
1723	156
1722	156
1722	159
1723	159
1723	160
1722	160
1722	161
1720	161
1720	162
1718	162
1718	163
1716	163
1716	164
1714	164
1714	165
1711	165
1711	166
1710	166
1710	168
1709	168
1709	170
1708	170
1708	171
1697	171
1697	173
1696	173
1696	174
1685	174
1685	175
1683	175
1683	177
1681	177
1681	178
1680	178
1680	177
1672	177
1672	178
1671	178
1671	179
1670	179
1670	181
1658	181
1658	182
1657	182
1657	187
1645	187
1645	188
1632	188
1632	189
1631	189
1631	190
1630	190
1630	192
1619	192
1619	193
1605	193
1605	194
1604	194
1604	200
1603	200
1603	201
1602	201
1602	200
1598	200
1598	201
1597	201
1597	200
1594	200
1594	201
1591	201
1591	202
1590	202
1590	203
1578	203
1578	204
1565	204
1565	205
1564	205
1564	206
1552	206
1552	207
1521	207
1521	208
1520	208
1520	219
1514	219
1514	220
1475	220
1475	219
1440	219
1440	218
1436	218
1436	219
1433	219
1433	220
1407	220
1407	219
1395	219
1395	218
1394	218
1394	217
1366	217
1366	219
1360	219
1360	220
1354	220
1354	219
1342	219
1342	217
1341	217
1341	216
1330	216
1330	215
1329	215
1329	208
1328	208
1328	207
1290	207
1290	206
1289	206
1289	204
1278	204
1278	203
1277	203
1277	201
1275	201
1275	200
1254	200
1254	201
1253	201
1253	200
1250	200
1250	199
1249	199
1249	198
1237	198
1237	194
1236	194
1236	193
1203	193
1203	189
1202	189
1202	188
1183	188
1183	189
1182	189
1182	207
1183	207
1183	208
1198	208
1198	213
1199	213
1199	214
1201	214
1201	216
1202	216
1202	217
1204	217
1204	219
1205	219
1205	220
1206	220
1206	222
1207	222
1207	223
1221	223
1221	234
1222	234
1222	235
1226	235
1226	238
1228	238
1228	239
1231	239
1231	240
1232	240
1232	241
1233	241
1233	242
1234	242
1234	243
1244	243
1244	244
1245	244
1245	245
1247	245
1247	246
1249	246
1249	260
1250	260
1250	261
1256	261
1256	262
1257	262
1257	261
1258	261
1258	262
1260	262
1260	263
1261	263
1261	264
1262	264
1262	266
1263	266
1263	267
1274	267
1274	274
1275	274
1275	275
1301	275
1301	292
1314	292
1314	298
1315	298
1315	301
1320	301
1320	303
1321	303
1321	305
1324	305
1324	306
1327	306
1327	307
1328	307
1328	313
1330	313
1330	314
1337	314
1337	313
1339	313
1339	314
1343	314
1343	315
1344	315
1344	314
1360	314
1360	315
1362	315
1362	325
1361	325
1361	326
1362	326
1362	328
1363	328
1363	329
1365	329
1365	330
1366	330
1366	331
1368	331
1368	332
1370	332
1370	333
1372	333
1372	332
1373	332
1373	335
1374	335
1374	336
1375	336
1375	337
1377	337
1377	338
1380	338
1380	341
1381	341
1381	342
1384	342
1384	343
1385	343
1385	342
1389	342
1389	343
1411	343
1411	342
1412	342
1412	341
1432	341
1432	346
1431	346
1431	349
1430	349
1430	350
1429	350
1429	351
1427	351
1427	370
1429	370
1429	371
1430	371
1430	370
1433	370
1433	371
1434	371
1434	372
1459	372
1459	379
1465	379
1465	380
1468	380
1468	381
1470	381
1470	382
1473	382
1473	393
1482	393
1482	394
1483	394
1483	393
1484	393
1484	394
1485	394
1485	405
1486	405
1486	406
1498	406
1498	407
1499	407
1499	408
1500	408
1500	409
1509	409
1509	410
1512	410
1512	411
1514	411
1514	412
1520	412
1520	411
1521	411
1521	412
1525	412
1525	413
1526	413
1526	414
1538	414
1538	419
1540	419
1540	420
1546	420
1546	444
1547	444
1547	445
1551	445
1551	446
1553	446
1553	447
1554	447
1554	448
1555	448
1555	449
1561	449
1561	450
1563	450
1563	451
1564	451
1564	452
1565	452
1565	453
1569	453
1569	454
1570	454
1570	455
1577	455
1577	457
1578	457
1578	458
1579	458
1579	459
1582	459
1582	458
1583	458
1583	459
1586	459
1586	458
1587	458
1587	459
1591	459
1591	460
1592	460
1592	461
1604	461
1604	463
1605	463
1605	471
1606	471
1606	472
1618	472
1618	484
1619	484
1619	485
1625	485
1625	486
1630	486
1630	491
1631	491
1631	498
1643	498
1643	501
1644	501
1644	503
1645	503
1645	504
1658	504
1658	505
1665	505
1665	506
1666	506
1666	505
1667	505
1667	506
1668	506
1668	507
1670	507
1670	510
1671	510
1671	511
1673	511
1673	512
1678	512
1678	538
1682	538
1682	539
1684	539
1684	541
1706	541
1706	540
1707	540
1707	539
1708	539
1708	548
1707	548
1707	549
1708	549
1708	551
1710	551
1710	553
1711	553
1711	554
1722	554
1722	555
1723	555
1723	556
1724	556
1724	557
1735	557
1735	558
1736	558
1736	562
1737	562
1737	564
1739	564
1739	565
1744	565
1744	566
1745	566
1745	567
1746	567
1746	568
1747	568
1747	569
1750	569
1750	571
1749	571
1749	591
1750	591
1750	593
1751	593
1751	594
1760	594
1760	593
1761	593
1761	594
1762	594
1762	596
1775	596
1775	603
1777	603
1777	604
1782	604
1782	606
1783	606
1783	605
1789	605
1789	608
1790	608
1790	609
1795	609
1795	611
1799	611
1799	612
1800	612
1800	613
1801	613
1801	615
1802	615
1802	617
1804	617
1804	618
1805	618
1805	617
1807	617
1807	618
1827	618
1827	619
1828	619
1828	620
1833	620
1833	621
1834	621
1834	623
1835	623
1835	624
1841	624
1841	636
1842	636
1842	643
1852	643
1852	644
1867	644
1867	645
1868	645
1868	655
1869	655
1869	656
1876	656
1876	657
1878	657
1878	658
1879	658
1879	659
1881	659
1881	661
1882	661
1882	662
1883	662
1883	663
1888	663
1888	664
1892	664
1892	665
1894	665
1894	666
1895	666
1895	667
1894	667
1894	668
1895	668
1895	669
1896	669
1896	670
1897	670
1897	669
1898	669
1898	670
1900	670
1900	669
1904	669
1904	670
1907	670
1907	671
1908	671
1908	672
1909	672
1909	673
1919	673
1919	674
1920	674
1920	675
1921	675
1921	682
1923	682
1923	683
1928	683
1928	684
1929	684
1929	683
1935	683
1935	684
1936	684
1936	683
1956	683
1956	684
1958	684
1958	685
1960	685
1960	696
1961	696
1961	697
1960	697
1960	698
1961	698
1961	700
1964	700
1964	701
1968	701
1968	702
1970	702
1970	703
1971	703
1971	702
1972	702
1972	703
1973	703
1973	704
1974	704
1974	709
1984	709
1984	712
1985	712
1985	713
1987	713
1987	714
1988	714
1988	715
1992	715
1992	716
1999	716
1999	717
2000	717
2000	721
2001	721
2001	722
2014	722
2014	723
2019	723
2019	725
2021	725
2021	726
2024	726
2024	727
2025	727
2025	728
2026	728
2026	734
2027	734
2027	736
2035	736
2035	737
2038	737
2038	738
2039	738
2039	740
2040	740
2040	741
2046	741
2046	742
2047	742
2047	743
2052	743
2052	744
2053	744
2053	748
2055	748
2055	749
2066	749
2066	750
2067	750
2067	751
2070	751
2070	752
2072	752
2072	753
2074	753
2074	754
2075	754
2075	755
2078	755
2078	756
2079	756
2079	761
2080	761
2080	762
2082	762
2082	763
2085	763
2085	762
2086	762
2086	763
2088	763
2088	764
2090	764
2090	765
2091	765
2091	766
2092	766
2092	767
2093	767
2093	768
2105	768
2105	771
2106	771
2106	775
2113	775
2113	777
2115	777
2115	778
2118	778
2118	779
2124	779
2124	780
2131	780
2131	783
2132	783
2132	787
2133	787
2133	788
2137	788
2137	800
2136	800
2136	799
2078	799
2078	798
2077	798
2077	797
2076	797
2076	796
2074	796
2074	795
2072	795
2072	794
2069	794
2069	793
2068	793
2068	791
2067	791
2067	787
2054	787
2054	786
2044	786
2044	785
2041	785
2041	783
2040	783
2040	782
2027	782
2027	781
2025	781
2025	780
2022	780
2022	781
2021	781
2021	780
2016	780
2016	779
2015	779
2015	774
2014	774
2014	773
1997	773
1997	772
1994	772
1994	771
1991	771
1991	770
1989	770
1989	765
1988	765
1988	766
1963	766
1963	765
1962	765
1962	763
1963	763
1963	761
1962	761
1962	759
1961	759
1961	758
1960	758
1960	757
1936	757
1936	755
1935	755
1935	753
1934	753
1934	752
1925	752
1925	753
1924	753
1924	752
1923	752
1923	751
1922	751
1922	748
1920	748
1920	747
1912	747
1912	748
1911	748
1911	747
1908	747
1908	746
1896	746
1896	745
1897	745
1897	744
1896	744
1896	741
1895	741
1895	740
1882	740
1882	739
1872	739
1872	738
1871	738
1871	739
1870	739
1870	738
1869	738
1869	735
1868	735
1868	734
1854	734
1854	733
1849	733
1849	734
1848	734
1848	733
1824	733
1824	734
1823	734
1823	733
1817	733
1817	730
1816	730
1816	729
1809	729
1809	728
1808	728
1808	729
1806	729
1806	728
1805	728
1805	729
1804	729
1804	728
1803	728
1803	721
1790	721
1790	718
1778	718
1778	717
1777	717
1777	716
1776	716
1776	715
1765	715
1765	709
1764	709
1764	708
1751	708
1751	707
1748	707
1748	706
1745	706
1745	705
1743	705
1743	704
1741	704
1741	703
1739	703
1739	702
1738	702
1738	701
1737	701
1737	700
1724	700
1724	695
1719	695
1719	694
1718	694
1718	693
1717	693
1717	691
1716	691
1716	690
1697	690
1697	703
1696	703
1696	704
1694	704
1694	703
1691	703
1691	702
1690	702
1690	701
1685	701
1685	699
1686	699
1686	698
1685	698
1685	696
1684	696
1684	695
1680	695
1680	694
1669	694
1669	693
1667	693
1667	692
1666	692
1666	691
1667	691
1667	683
1666	683
1666	682
1665	682
1665	681
1659	681
1659	680
1657	680
1657	679
1656	679
1656	678
1653	678
1653	675
1652	675
1652	669
1650	669
1650	668
1648	668
1648	667
1646	667
1646	668
1645	668
1645	667
1644	667
1644	668
1642	668
1642	665
1641	665
1641	664
1639	664
1639	662
1638	662
1638	661
1636	661
1636	660
1635	660
1635	659
1634	659
1634	658
1632	658
1632	656
1631	656
1631	655
1628	655
1628	654
1627	654
1627	652
1626	652
1626	651
1625	651
1625	650
1624	650
1624	649
1623	649
1623	648
1622	648
1622	647
1621	647
1621	646
1619	646
1619	645
1601	645
1601	646
1600	646
1600	647
1599	647
1599	648
1598	648
1598	649
1597	649
1597	650
1596	650
1596	651
1595	651
1595	652
1594	652
1594	653
1593	653
1593	652
1592	652
1592	654
1589	654
1589	653
1588	653
1588	651
1586	651
1586	650
1585	650
1585	649
1583	649
1583	648
1582	648
1582	647
1580	647
1580	643
1579	643
1579	642
1578	642
1578	641
1574	641
1574	640
1573	640
1573	635
1572	635
1572	633
1571	633
1571	630
1570	630
1570	629
1566	629
1566	628
1562	628
1562	616
1560	616
1560	615
1559	615
1559	614
1551	614
1551	613
1550	613
1550	612
1549	612
1549	611
1548	611
1548	610
1547	610
1547	609
1546	609
1546	608
1545	608
1545	607
1544	607
1544	606
1543	606
1543	605
1542	605
1542	604
1541	604
1541	603
1540	603
1540	602
1539	602
1539	601
1538	601
1538	600
1537	600
1537	599
1536	599
1536	598
1535	598
1535	597
1508	597
1508	596
1504	596
1504	595
1502	595
1502	594
1501	594
1501	590
1500	590
1500	589
1496	589
1496	588
1495	588
1495	584
1494	584
1494	581
1493	581
1493	577
1492	577
1492	576
1490	576
1490	575
1488	575
1488	566
1487	566
1487	563
1486	563
1486	562
1482	562
1482	560
1480	560
1480	559
1479	559
1479	557
1478	557
1478	556
1477	556
1477	555
1475	555
1475	551
1474	551
1474	550
1473	550
1473	549
1470	549
1470	548
1469	548
1469	547
1468	547
1468	546
1467	546
1467	545
1466	545
1466	544
1465	544
1465	543
1447	543
1447	542
1448	542
1448	541
1447	541
1447	540
1448	540
1448	539
1447	539
1447	537
1439	537
1439	536
1438	536
1438	537
1436	537
1436	536
1434	536
1434	524
1433	524
1433	523
1430	523
1430	522
1429	522
1429	521
1428	521
1428	520
1427	520
1427	519
1426	519
1426	517
1424	517
1424	516
1423	516
1423	515
1422	515
1422	511
1421	511
1421	510
1419	510
1419	509
1418	509
1418	508
1417	508
1417	498
1416	498
1416	497
1414	497
1414	496
1409	496
1409	489
1408	489
1408	485
1407	485
1407	484
1392	484
1392	482
1391	482
1391	483
1387	483
1387	481
1386	481
1386	480
1385	480
1385	479
1384	479
1384	478
1383	478
1383	477
1382	477
1382	471
1381	471
1381	470
1375	470
1375	467
1374	467
1374	465
1373	465
1373	462
1372	462
1372	461
1371	461
1371	459
1370	459
1370	458
1369	458
1369	457
1368	457
1368	456
1364	456
1364	445
1363	445
1363	444
1362	444
1362	443
1361	443
1361	442
1360	442
1360	441
1359	441
1359	440
1358	440
1358	439
1357	439
1357	438
1356	438
1356	433
1355	433
1355	431
1354	431
1354	430
1350	430
1350	428
1348	428
1348	426
1347	426
1347	425
1339	425
1339	424
1335	424
1335	423
1334	423
1334	421
1333	421
1333	419
1332	419
1332	418
1331	418
1331	417
1330	417
1330	406
1329	406
1329	405
1328	405
1328	404
1324	404
1324	403
1323	403
1323	401
1322	401
1322	400
1320	400
1320	398
1319	398
1319	397
1317	397
1317	396
1316	396
1316	393
1315	393
1315	392
1312	392
1312	391
1311	391
1311	389
1309	389
1309	388
1308	388
1308	387
1307	387
1307	386
1306	386
1306	385
1305	385
1305	384
1304	384
1304	383
1303	383
1303	378
1302	378
1302	374
1301	374
1301	373
1300	373
1300	372
1299	372
1299	373
1297	373
1297	372
1293	372
1293	371
1290	371
1290	366
1289	366
1289	365
1287	365
1287	364
1283	364
1283	362
1282	362
1282	361
1281	361
1281	357
1280	357
1280	356
1279	356
1279	353
1277	353
1277	352
1276	352
1276	351
1275	351
1275	350
1265	350
1265	336
1264	336
1264	335
1262	335
1262	334
1261	334
1261	333
1259	333
1259	331
1257	331
1257	330
1256	330
1256	329
1255	329
1255	327
1254	327
1254	325
1253	325
1253	324
1246	324
1246	323
1245	323
1245	322
1244	322
1244	321
1242	321
1242	319
1241	319
1241	318
1240	318
1240	317
1239	317
1239	316
1238	316
1238	313
1237	313
1237	308
1236	308
1236	306
1234	306
1234	305
1232	305
1232	304
1231	304
1231	302
1230	302
1230	300
1229	300
1229	299
1227	299
1227	301
1226	301
1226	299
1225	299
1225	297
1226	297
1226	299
1227	299
1227	296
1226	296
1226	295
1224	295
1224	293
1223	293
1223	286
1215	286
1215	285
1214	285
1214	283
1213	283
1213	282
1212	282
1212	281
1209	281
1209	280
1207	280
1207	281
1206	281
1206	280
1202	280
1202	279
1199	279
1199	277
1198	277
1198	273
1197	273
1197	270
1192	270
1192	268
1191	268
1191	265
1190	265
1190	264
1191	264
1191	263
1190	263
1190	260
1189	260
1189	257
1188	257
1188	256
1187	256
1187	255
1186	255
1186	254
1185	254
1185	253
1184	253
1184	248
1183	248
1183	247
1180	247
1180	246
1178	246
1178	245
1177	245
1177	244
1176	244
1176	243
1174	243
1174	242
1167	242
1167	241
1165	241
1165	240
1164	240
1164	239
1163	239
1163	237
1162	237
1162	235
1161	235
1161	233
1160	233
1160	231
1159	231
1159	230
1158	230
1158	227
1157	227
1157	225
1158	225
1158	222
1157	222
1157	221
1156	221
1156	220
1151	220
1151	219
1150	219
1150	218
1149	218
1149	216
1148	216
1148	214
1145	214
1145	209
1144	209
1144	207
1141	207
1141	206
1123	206
1123	207
1122	207
1122	235
1124	235
1124	246
1125	246
1125	248
1126	248
1126	259
1124	259
1124	261
1123	261
1123	263
1124	263
1124	272
1123	272
1123	273
1118	273
1118	274
1117	274
1117	300
1118	300
1118	301
1122	301
1122	323
1121	323
1121	324
1122	324
1122	326
1123	326
1123	327
1124	327
1124	338
1122	338
1122	339
1117	339
1117	340
1116	340
1116	364
1114	364
1114	365
1113	365
1113	384
1112	384
1112	416
1113	416
1113	418
1112	418
1112	419
1111	419
1111	457
1110	457
1110	458
1109	458
1109	470
1108	470
1108	471
1104	471
1104	518
1101	518
1101	519
1100	519
1100	536
1099	536
1099	537
1098	537
1098	563
1097	563
1097	590
1099	590
1099	591
1101	591
1101	609
1099	609
1099	610
1096	610
1096	611
1089	611
1089	612
1088	612
1088	616
1087	616
1087	636
1088	636
1088	638
1087	638
1087	642
1086	642
1086	670
1087	670
1087	671
1088	671
1088	682
1089	682
1089	683
1090	683
1090	696
1091	696
1091	698
1090	698
1090	700
1091	700
1091	701
1090	701
1090	702
1089	702
1089	703
1088	703
1088	705
1087	705
1087	706
1086	706
1086	707
1078	707
1078	708
1077	708
1077	734
1076	734
1076	735
1075	735
1075	774
1076	774
1076	775
1078	775
1078	776
1082	776
1082	787
1083	787
1083	788
1085	788
1085	799
1066	799
1066	800
1065	800
1065	801
1064	801
1064	826
1065	826
1065	828
1067	828
1067	829
1068	829
1068	831
1069	831
1069	853
1070	853
1070	854
1071	854
1071	855
1072	855
1072	867
1073	867
1073	879
1074	879
1074	880
1076	880
1076	884
1075	884
1075	885
1073	885
1073	886
1070	886
1070	887
1056	887
1056	888
1055	888
1055	891
1054	891
1054	892
1050	892
1050	907
1049	907
1049	945
1050	945
1050	946
1051	946
1051	959
1053	959
1053	960
1055	960
1055	959
1056	959
1056	960
1057	960
1057	962
1058	962
1058	964
1059	964
1059	965
1060	965
1060	968
1061	968
1061	970
1062	970
1062	976
1061	976
1061	980
1060	980
1060	984
1059	984
1059	985
1037	985
1037	993
1036	993
1036	994
1035	994
1035	1025
1036	1025
1036	1037
1037	1037
