2010	641
2017	641
2017	643
2027	643
2027	644
2030	644
2030	645
2033	645
2033	646
2040	646
2040	647
2046	647
2046	648
2055	648
2055	650
2059	650
2059	651
2065	651
2065	652
2074	652
2074	653
2082	653
2082	654
2085	654
2085	655
2091	655
2091	656
2099	656
2099	657
2100	657
2100	656
2101	656
2101	657
2109	657
2109	658
2112	658
2112	657
2113	657
2113	658
2116	658
2116	659
2118	659
2118	660
2119	660
2119	661
2117	661
2117	662
2116	662
2116	661
2115	661
2115	662
2114	662
2114	663
2112	663
2112	665
2111	665
2111	666
2108	666
2108	667
2104	667
2104	668
2102	668
2102	669
2096	669
2096	670
2090	670
2090	671
2086	671
2086	672
2068	672
2068	673
2057	673
2057	674
2048	674
2048	673
2044	673
2044	674
2027	674
2027	675
2026	675
2026	674
2024	674
2024	675
2005	675
2005	676
2004	676
2004	677
2001	677
2001	676
1999	676
1999	677
1991	677
1991	678
1986	678
1986	679
1965	679
1965	680
1962	680
1962	681
1959	681
1959	682
1954	682
1954	683
1949	683
1949	684
1944	684
1944	685
1939	685
1939	686
1935	686
1935	687
1932	687
1932	688
1920	688
1920	687
1910	687
1910	690
1909	690
1909	691
1910	691
1910	693
1909	693
1909	695
1910	695
1910	696
1911	696
1911	698
1898	698
1898	699
1897	699
1897	700
1893	700
1893	701
1889	701
1889	702
1883	702
1883	703
1879	703
1879	704
1875	704
1875	705
1870	705
1870	706
1868	706
1868	707
1860	707
1860	708
1856	708
1856	709
1825	709
1825	708
1824	708
1824	707
1811	707
1811	717
1812	717
1812	724
1813	724
1813	726
1814	726
1814	727
1815	727
1815	728
1816	728
1816	730
1805	730
1805	731
1797	731
1797	730
1788	730
1788	729
1787	729
1787	728
1769	728
1769	727
1768	727
1768	726
1758	726
1758	725
1756	725
1756	726
1755	726
1755	724
1754	724
1754	723
1746	723
1746	722
1745	722
1745	720
1746	720
1746	719
1739	719
1739	718
1738	718
1738	719
1736	719
1736	734
1737	734
1737	736
1738	736
1738	740
1724	740
1724	739
1718	739
1718	738
1716	738
1716	737
1712	737
1712	736
1707	736
1707	735
1699	735
1699	734
1698	734
1698	733
1697	733
1697	732
1696	732
1696	733
1693	733
1693	732
1689	732
1689	730
1684	730
1684	729
1680	729
1680	728
1677	728
1677	725
1676	725
1676	724
1672	724
1672	723
1670	723
1670	724
1669	724
1669	723
1668	723
1668	724
1667	724
1667	741
1665	741
1665	740
1658	740
1658	739
1656	739
1656	737
1651	737
1651	736
1647	736
1647	735
1643	735
1643	734
1642	734
1642	733
1635	733
1635	732
1632	732
1632	731
1630	731
1630	732
1628	732
1628	731
1623	731
1623	730
1618	730
1618	729
1614	729
1614	728
1605	728
1605	726
1600	726
1600	725
1597	725
1597	724
1595	724
1595	723
1593	723
1593	722
1586	722
1586	723
1585	723
1585	724
1584	724
1584	733
1583	733
1583	744
1584	744
1584	745
1581	745
1581	744
1578	744
1578	743
1577	743
1577	742
1572	742
1572	741
1571	741
1571	740
1568	740
1568	739
1567	739
1567	737
1565	737
1565	738
1564	738
1564	737
1563	737
1563	736
1562	736
1562	735
1556	735
1556	734
1554	734
1554	733
1553	733
1553	732
1550	732
1550	731
1549	731
1549	730
1544	730
1544	728
1540	728
1540	727
1539	727
1539	726
1535	726
1535	725
1528	725
1528	722
1525	722
1525	720
1522	720
1522	719
1519	719
1519	718
1518	718
1518	717
1517	717
1517	716
1516	716
1516	714
1514	714
1514	713
1513	713
1513	714
1507	714
1507	729
1508	729
1508	730
1507	730
1507	731
1503	731
1503	730
1498	730
1498	729
1497	729
1497	728
1493	728
1493	727
1492	727
1492	726
1488	726
1488	724
1485	724
1485	723
1483	723
1483	722
1479	722
1479	720
1478	720
1478	721
1474	721
1474	719
1470	719
1470	718
1469	718
1469	717
1463	717
1463	716
1462	716
1462	715
1461	715
1461	714
1455	714
1455	712
1450	712
1450	711
1448	711
1448	710
1445	710
1445	709
1444	709
1444	708
1441	708
1441	707
1438	707
1438	705
1437	705
1437	704
1435	704
1435	703
1434	703
1434	702
1430	702
1430	701
1429	701
1429	702
1427	702
1427	701
1426	701
1426	705
1425	705
1425	715
1426	715
1426	716
1427	716
1427	717
1428	717
1428	719
1429	719
1429	720
1430	720
1430	721
1435	721
1435	722
1441	722
1441	723
1446	723
1446	724
1447	724
1447	725
1453	725
1453	727
1454	727
1454	728
1458	728
1458	729
1459	729
1459	730
1460	730
1460	731
1462	731
1462	732
1463	732
1463	735
1460	735
1460	736
1459	736
1459	737
1457	737
1457	738
1455	738
1455	740
1454	740
1454	741
1453	741
1453	742
1449	742
1449	745
1448	745
1448	746
1447	746
1447	755
1448	755
1448	756
1458	756
1458	757
1459	757
1459	758
1464	758
1464	759
1465	759
1465	760
1470	760
1470	761
1472	761
1472	762
1473	762
1473	763
1482	763
1482	764
1488	764
1488	765
1489	765
1489	766
1495	766
1495	768
1496	768
1496	769
1504	769
1504	771
1509	771
1509	772
1512	772
1512	773
1516	773
1516	774
1518	774
1518	775
1519	775
1519	776
1520	776
1520	777
1523	777
1523	778
1527	778
1527	779
1532	779
1532	780
1533	780
1533	781
1534	781
1534	782
1535	782
1535	783
1537	783
1537	786
1540	786
1540	787
1541	787
1541	789
1536	789
1536	790
1537	790
1537	791
1534	791
1534	792
1533	792
1533	793
1529	793
1529	794
1528	794
1528	796
1527	796
1527	804
1528	804
1528	805
1533	805
1533	807
1539	807
1539	808
1542	808
1542	809
1548	809
1548	810
1549	810
1549	811
1550	811
1550	812
1554	812
1554	813
1556	813
1556	815
1560	815
1560	816
1561	816
1561	817
1562	817
1562	818
1567	818
1567	819
1570	819
1570	821
1571	821
1571	822
1575	822
1575	823
1580	823
1580	825
1581	825
1581	826
1582	826
1582	827
1585	827
1585	828
1589	828
1589	829
1590	829
1590	830
1593	830
1593	831
1594	831
1594	832
1595	832
1595	833
1598	833
1598	834
1599	834
1599	835
1600	835
1600	836
1601	836
1601	837
1602	837
1602	838
1603	838
1603	839
1604	839
1604	840
1605	840
1605	841
1606	841
1606	844
1599	844
1599	845
1598	845
1598	846
1597	846
1597	847
1596	847
1596	848
1594	848
1594	849
1593	849
1593	850
1592	850
1592	860
1593	860
1593	861
1597	861
1597	862
1598	862
1598	863
1605	863
1605	864
1608	864
1608	865
1609	865
1609	866
1612	866
1612	867
1617	867
1617	869
1618	869
1618	870
1621	870
1621	871
1622	871
1622	872
1626	872
1626	874
1627	874
1627	875
1631	875
1631	876
1632	876
1632	877
1636	877
1636	878
1639	878
1639	879
1642	879
1642	880
1645	880
1645	882
1646	882
1646	883
1650	883
1650	884
1652	884
1652	885
1654	885
1654	886
1655	886
1655	887
1656	887
1656	888
1658	888
1658	890
1659	890
1659	893
1660	893
1660	894
1661	894
1661	895
1662	895
1662	896
1663	896
1663	898
1660	898
1660	899
1655	899
1655	900
1654	900
1654	901
1653	901
1653	902
1652	902
1652	903
1650	903
1650	904
1649	904
1649	905
1647	905
1647	906
1645	906
1645	908
1641	908
1641	909
1640	909
1640	916
1641	916
1641	917
1652	917
1652	918
1653	918
1653	919
1663	919
1663	922
1667	922
1667	923
1670	923
1670	924
1671	924
1671	925
1672	925
1672	926
1676	926
1676	927
1681	927
1681	928
1682	928
1682	930
1683	930
1683	931
1688	931
1688	933
1690	933
1690	934
1691	934
1691	936
1697	936
1697	937
1701	937
1701	940
1707	940
1707	941
1708	941
1708	942
1710	942
1710	945
1717	945
1717	946
1719	946
1719	947
1720	947
1720	949
1721	949
1721	950
1722	950
1722	949
1724	949
1724	951
1725	951
1725	952
1728	952
1728	953
1729	953
1729	955
1731	955
1731	957
1732	957
1732	958
1733	958
1733	959
1734	959
1734	963
1736	963
1736	964
1737	964
1737	965
1736	965
1736	966
1725	966
1725	967
1724	967
1724	968
1723	968
1723	969
1721	969
1721	970
1720	970
1720	972
1718	972
1718	973
1716	973
1716	974
1715	974
1715	982
1722	982
1722	983
1729	983
1729	984
1734	984
1734	987
1739	987
1739	988
1740	988
1740	989
1741	989
1741	991
1742	991
1742	992
1745	992
1745	994
1746	994
1746	993
1748	993
1748	994
1750	994
1750	996
1753	996
1753	997
1757	997
1757	1000
1758	1000
1758	1001
1762	1001
1762	1002
1763	1002
1763	1003
1765	1003
1765	1004
1766	1004
1766	1005
1767	1005
1767	1006
1769	1006
1769	1007
1772	1007
1772	1009
1773	1009
1773	1010
1776	1010
1776	1011
1777	1011
1777	1013
1780	1013
1780	1014
1781	1014
1781	1016
1784	1016
1784	1017
1785	1017
1785	1018
1787	1018
1787	1019
1789	1019
1789	1020
1790	1020
1790	1021
1791	1021
1791	1022
1793	1022
1793	1023
1795	1023
1795	1025
1797	1025
1797	1026
1798	1026
1798	1027
1799	1027
1799	1028
1800	1028
1800	1029
1801	1029
1801	1031
1802	1031
1802	1032
1803	1032
1803	1034
1801	1034
1801	1033
1800	1033
1800	1034
1795	1034
1795	1036
1791	1036
1791	1037
1790	1037
1790	1039
1789	1039
1789	1040
1788	1040
1788	1041
1786	1041
1786	1042
1785	1042
1785	1043
1783	1043
1783	1044
1781	1044
1781	1052
1782	1052
1782	1053
1789	1053
1789	1054
1793	1054
1793	1056
1795	1056
1795	1057
1798	1057
1798	1058
1799	1058
1799	1059
1801	1059
1801	1060
1804	1060
1804	1062
1808	1062
1808	1063
1809	1063
1809	1064
1810	1064
1810	1065
1811	1065
1811	1066
1813	1066
1813	1067
1814	1067
1814	1068
1816	1068
1816	1069
1817	1069
1817	1070
1818	1070
1818	1071
1821	1071
1821	1072
1822	1072
1822	1074
1823	1074
1823	1075
1824	1075
1824	1074
1826	1074
1826	1075
1827	1075
1827	1077
1828	1077
1828	1078
1830	1078
1830	1079
1832	1079
1832	1080
1833	1080
1833	1081
1836	1081
1836	1082
1839	1082
1839	1083
1840	1083
1840	1084
1842	1084
1842	1085
1843	1085
1843	1087
1846	1087
1846	1088
1848	1088
1848	1089
1849	1089
1849	1090
1850	1090
1850	1092
1851	1092
1851	1094
1852	1094
1852	1095
1855	1095
1855	1098
1856	1098
1856	1099
1852	1099
1852	1100
1850	1100
1850	1101
1846	1101
1846	1102
1845	1102
1845	1103
1844	1103
1844	1104
1842	1104
1842	1105
1841	1105
1841	1106
1840	1106
1840	1107
1837	1107
1837	1109
1836	1109
1836	1118
1838	1118
1838	1119
1840	1119
1840	1120
1841	1120
1841	1119
1842	1119
1842	1120
1844	1120
1844	1121
1845	1121
1845	1122
1849	1122
1849	1123
1853	1123
1853	1125
1854	1125
1854	1127
1861	1127
1861	1129
1862	1129
1862	1130
1865	1130
1865	1132
1867	1132
1867	1133
1869	1133
1869	1135
1870	1135
1870	1137
1874	1137
1874	1138
1876	1138
1876	1140
1877	1140
1877	1141
1878	1141
1878	1142
1879	1142
1879	1143
1881	1143
1881	1144
1884	1144
1884	1146
1886	1146
1886	1147
1888	1147
1888	1148
1889	1148
1889	1149
1890	1149
1890	1150
1893	1150
1893	1152
1894	1152
1894	1153
1896	1153
1896	1154
1897	1154
1897	1156
1899	1156
1899	1157
1901	1157
1901	1158
1902	1158
1902	1160
1904	1160
1904	1161
1906	1161
1906	1162
1907	1162
1907	1165
1908	1165
1908	1167
1909	1167
1909	1169
1911	1169
1911	1170
1912	1170
1912	1171
1915	1171
1915	1175
1914	1175
1914	1179
1912	1179
1912	1178
1902	1178
1902	1179
1898	1179
1898	1180
1897	1180
1897	1181
1894	1181
1894	1182
1893	1182
1893	1183
1892	1183
1892	1184
1890	1184
1890	1191
1891	1191
1891	1192
1894	1192
1894	1193
1897	1193
1897	1194
1898	1194
1898	1195
1899	1195
1899	1196
1902	1196
1902	1199
1907	1199
1907	1201
1908	1201
1908	1202
1909	1202
1909	1203
1912	1203
1912	1205
1914	1205
1914	1206
1915	1206
1915	1207
1916	1207
1916	1208
1918	1208
1918	1211
1920	1211
1920	1212
1921	1212
1921	1215
1922	1215
1922	1216
1924	1216
1924	1217
1926	1217
1926	1218
1927	1218
1927	1219
1929	1219
1929	1222
1932	1222
1932	1223
1934	1223
1934	1224
1936	1224
1936	1225
1937	1225
1937	1226
1940	1226
1940	1229
1943	1229
1943	1230
1944	1230
1944	1234
1947	1234
1947	1235
1952	1235
1952	1239
1953	1239
1953	1241
1955	1241
1955	1247
1949	1247
1949	1249
1944	1249
1944	1251
1943	1251
1943	1258
1944	1258
1944	1259
1947	1259
1947	1261
1949	1261
1949	1262
1950	1262
1950	1263
1952	1263
1952	1264
1953	1264
1953	1265
1954	1265
1954	1266
1958	1266
1958	1271
1959	1271
1959	1272
1961	1272
1961	1273
1963	1273
1963	1276
1964	1276
1964	1277
1966	1277
1966	1279
1968	1279
1968	1281
1970	1281
1970	1282
1972	1282
1972	1285
1973	1285
1973	1286
1977	1286
1977	1288
1978	1288
1978	1289
1979	1289
1979	1290
1980	1290
1980	1291
1982	1291
1982	1293
1985	1293
1985	1294
1986	1294
1986	1297
1989	1297
1989	1299
1991	1299
1991	1300
1993	1300
1993	1301
1994	1301
1994	1302
1995	1302
1995	1303
1996	1303
1996	1304
1997	1304
1997	1305
2000	1305
2000	1306
2002	1306
2002	1307
2003	1307
2003	1308
2005	1308
2005	1311
2007	1311
2007	1312
2009	1312
2009	1313
2010	1313
2010	1314
2011	1314
2011	1315
2013	1315
2013	1316
2014	1316
2014	1318
2015	1318
2015	1319
2018	1319
2018	1320
2019	1320
2019	1321
2020	1321
2020	1322
2022	1322
2022	1323
2023	1323
2023	1324
2025	1324
2025	1326
2026	1326
2026	1328
2027	1328
2027	1329
2029	1329
2029	1330
2030	1330
2030	1332
2032	1332
2032	1333
2034	1333
2034	1335
2035	1335
2035	1336
2037	1336
2037	1338
2040	1338
2040	1339
2048	1339
2048	1343
2049	1343
2049	1345
2050	1345
2050	1347
2055	1347
2055	1348
2056	1348
2056	1351
2057	1351
2057	1352
2061	1352
2061	1354
2063	1354
2063	1355
2065	1355
2065	1356
2066	1356
2066	1357
2067	1357
2067	1358
2068	1358
2068	1359
2070	1359
2070	1360
2071	1360
2071	1361
2074	1361
2074	1362
2075	1362
2075	1363
2077	1363
2077	1364
2079	1364
2079	1365
2080	1365
2080	1367
2082	1367
2082	1368
2084	1368
2084	1369
2085	1369
2085	1370
2088	1370
2088	1371
2089	1371
2089	1372
2091	1372
2091	1373
2092	1373
2092	1374
2093	1374
2093	1375
2095	1375
2095	1376
2096	1376
2096	1375
2097	1375
2097	1376
2099	1376
2099	1379
2100	1379
2100	1380
2101	1380
2101	1381
2102	1381
2102	1382
2103	1382
2103	1384
2110	1384
2110	1388
2111	1388
2111	1389
2113	1389
2113	1390
2117	1390
2117	1394
2121	1394
2121	1395
2123	1395
2123	1396
2124	1396
2124	1397
2125	1397
2125	1398
2126	1398
2126	1399
2128	1399
2128	1400
2129	1400
2129	1401
2130	1401
2130	1402
2131	1402
2131	1403
2134	1403
2134	1406
2132	1406
2132	1407
2130	1407
2130	1406
2123	1406
2123	1405
2116	1405
2116	1404
2115	1404
2115	1403
2113	1403
2113	1402
2106	1402
2106	1401
2104	1401
2104	1400
2103	1400
2103	1401
2102	1401
2102	1400
2100	1400
2100	1399
2096	1399
2096	1397
2095	1397
2095	1396
2087	1396
2087	1395
2086	1395
2086	1394
2081	1394
2081	1392
2074	1392
2074	1391
2072	1391
2072	1389
2068	1389
2068	1388
2067	1388
2067	1387
2063	1387
2063	1385
2057	1385
2057	1384
2054	1384
2054	1383
2053	1383
2053	1382
2049	1382
2049	1381
2043	1381
2043	1380
2041	1380
2041	1379
2039	1379
2039	1377
2035	1377
2035	1376
2033	1376
2033	1375
2030	1375
2030	1373
2024	1373
2024	1372
2021	1372
2021	1371
2014	1371
2014	1369
2013	1369
2013	1368
2007	1368
2007	1366
1998	1366
1998	1364
1996	1364
1996	1363
1994	1363
1994	1362
1993	1362
1993	1363
1988	1363
1988	1362
1987	1362
1987	1361
1983	1361
1983	1359
1978	1359
1978	1358
1974	1358
1974	1357
1970	1357
1970	1355
1969	1355
1969	1354
1965	1354
1965	1353
1962	1353
1962	1352
1959	1352
1959	1351
1956	1351
1956	1350
1954	1350
1954	1349
1952	1349
1952	1350
1951	1350
1951	1348
1950	1348
1950	1347
1946	1347
1946	1346
1945	1346
1945	1345
1941	1345
1941	1344
1938	1344
1938	1343
1932	1343
1932	1340
1924	1340
1924	1339
1923	1339
1923	1338
1918	1338
1918	1335
1909	1335
1909	1330
1908	1330
1908	1329
1905	1329
1905	1328
1900	1328
1900	1329
1898	1329
1898	1331
1896	1331
1896	1338
1892	1338
1892	1337
1890	1337
1890	1335
1885	1335
1885	1334
1883	1334
1883	1333
1882	1333
1882	1332
1881	1332
1881	1331
1875	1331
1875	1327
1874	1327
1874	1326
1869	1326
1869	1324
1867	1324
1867	1322
1866	1322
1866	1321
1862	1321
1862	1318
1861	1318
1861	1317
1859	1317
1859	1316
1858	1316
1858	1317
1857	1317
1857	1316
1855	1316
1855	1314
1854	1314
1854	1313
1852	1313
1852	1312
1848	1312
1848	1311
1847	1311
1847	1310
1846	1310
1846	1309
1845	1309
1845	1308
1843	1308
1843	1307
1839	1307
1839	1306
1837	1306
1837	1305
1835	1305
1835	1304
1834	1304
1834	1303
1831	1303
1831	1301
1830	1301
1830	1300
1829	1300
1829	1298
1827	1298
1827	1297
1825	1297
1825	1296
1824	1296
1824	1294
1820	1294
1820	1292
1818	1292
1818	1291
1817	1291
1817	1289
1815	1289
1815	1285
1814	1285
1814	1284
1803	1284
1803	1285
1802	1285
1802	1289
1801	1289
1801	1293
1800	1293
1800	1294
1799	1294
1799	1303
1797	1303
1797	1301
1796	1301
1796	1300
1787	1300
1787	1298
1785	1298
1785	1297
1783	1297
1783	1294
1782	1294
1782	1293
1778	1293
1778	1292
1776	1292
1776	1290
1775	1290
1775	1289
1773	1289
1773	1285
1772	1285
1772	1284
1767	1284
1767	1283
1765	1283
1765	1282
1764	1282
1764	1280
1763	1280
1763	1279
1761	1279
1761	1278
1760	1278
1760	1277
1759	1277
1759	1275
1755	1275
1755	1274
1754	1274
1754	1273
1746	1273
1746	1272
1745	1272
1745	1267
1741	1267
1741	1265
1740	1265
1740	1262
1737	1262
1737	1261
1735	1261
1735	1260
1733	1260
1733	1259
1732	1259
1732	1256
1730	1256
1730	1255
1728	1255
1728	1254
1727	1254
1727	1253
1726	1253
1726	1252
1724	1252
1724	1247
1722	1247
1722	1246
1721	1246
1721	1245
1720	1245
1720	1244
1719	1244
1719	1243
1718	1243
1718	1241
1717	1241
1717	1240
1716	1240
1716	1239
1710	1239
1710	1240
1709	1240
1709	1241
1708	1241
1708	1242
1707	1242
1707	1243
1706	1243
1706	1247
1705	1247
1705	1250
1704	1250
1704	1256
1703	1256
1703	1261
1701	1261
1701	1266
1699	1266
1699	1265
1698	1265
1698	1264
1697	1264
1697	1263
1695	1263
1695	1262
1694	1262
1694	1261
1692	1261
1692	1260
1691	1260
1691	1259
1689	1259
1689	1257
1688	1257
1688	1256
1684	1256
1684	1254
1682	1254
1682	1253
1680	1253
1680	1251
1678	1251
1678	1250
1677	1250
1677	1249
1676	1249
1676	1248
1675	1248
1675	1247
1674	1247
1674	1245
1672	1245
1672	1244
1671	1244
1671	1243
1670	1243
1670	1242
1669	1242
1669	1241
1668	1241
1668	1240
1667	1240
1667	1239
1666	1239
1666	1237
1664	1237
1664	1236
1663	1236
1663	1235
1662	1235
1662	1234
1661	1234
1661	1232
1658	1232
1658	1231
1657	1231
1657	1230
1656	1230
1656	1228
1654	1228
1654	1226
1652	1226
1652	1224
1651	1224
1651	1223
1650	1223
1650	1222
1649	1222
1649	1220
1645	1220
1645	1216
1644	1216
1644	1214
1643	1214
1643	1213
1641	1213
1641	1210
1640	1210
1640	1209
1639	1209
1639	1208
1638	1208
1638	1205
1637	1205
1637	1204
1636	1204
1636	1203
1635	1203
1635	1200
1633	1200
1633	1196
1629	1196
1629	1195
1627	1195
1627	1196
1622	1196
1622	1200
1620	1200
1620	1202
1619	1202
1619	1206
1618	1206
1618	1208
1617	1208
1617	1209
1616	1209
1616	1211
1615	1211
1615	1216
1616	1216
1616	1218
1613	1218
1613	1217
1611	1217
1611	1216
1610	1216
1610	1214
1606	1214
1606	1213
1605	1213
1605	1212
1604	1212
1604	1211
1601	1211
1601	1210
1600	1210
1600	1208
1599	1208
1599	1207
1597	1207
1597	1205
1596	1205
1596	1204
1595	1204
1595	1203
1594	1203
1594	1202
1592	1202
1592	1201
1591	1201
1591	1200
1590	1200
1590	1199
1589	1199
1589	1196
1588	1196
1588	1195
1586	1195
1586	1194
1585	1194
1585	1193
1583	1193
1583	1192
1582	1192
1582	1193
1579	1193
1579	1192
1578	1192
1578	1191
1579	1191
1579	1188
1578	1188
1578	1186
1576	1186
1576	1185
1575	1185
1575	1183
1574	1183
1574	1182
1573	1182
1573	1181
1572	1181
1572	1177
1568	1177
1568	1175
1567	1175
1567	1174
1568	1174
1568	1173
1567	1173
1567	1172
1565	1172
1565	1171
1563	1171
1563	1168
1562	1168
1562	1167
1561	1167
1561	1166
1560	1166
1560	1165
1559	1165
1559	1163
1556	1163
1556	1157
1555	1157
1555	1156
1554	1156
1554	1153
1553	1153
1553	1152
1552	1152
1552	1148
1551	1148
1551	1147
1550	1147
1550	1146
1543	1146
1543	1147
1542	1147
1542	1148
1541	1148
1541	1149
1540	1149
1540	1153
1538	1153
1538	1155
1537	1155
1537	1157
1536	1157
1536	1158
1535	1158
1535	1159
1534	1159
1534	1161
1533	1161
1533	1167
1532	1167
1532	1166
1530	1166
1530	1163
1528	1163
1528	1162
1525	1162
1525	1161
1524	1161
1524	1160
1523	1160
1523	1159
1522	1159
1522	1158
1521	1158
1521	1154
1519	1154
1519	1153
1517	1153
1517	1152
1516	1152
1516	1149
1515	1149
1515	1148
1514	1148
1514	1147
1513	1147
1513	1146
1512	1146
1512	1144
1510	1144
1510	1143
1509	1143
1509	1140
1508	1140
1508	1139
1507	1139
1507	1135
1504	1135
1504	1133
1503	1133
1503	1132
1502	1132
1502	1130
1500	1130
1500	1129
1499	1129
1499	1125
1496	1125
1496	1124
1495	1124
1495	1123
1494	1123
1494	1121
1493	1121
1493	1120
1492	1120
1492	1116
1489	1116
1489	1113
1488	1113
1488	1111
1486	1111
1486	1109
1485	1109
1485	1107
1484	1107
1484	1105
1483	1105
1483	1102
1482	1102
1482	1101
1481	1101
1481	1097
1480	1097
1480	1093
1472	1093
1472	1094
1471	1094
1471	1095
1470	1095
1470	1097
1468	1097
1468	1098
1467	1098
1467	1102
1466	1102
1466	1104
1465	1104
1465	1106
1464	1106
1464	1107
1463	1107
1463	1109
1462	1109
1462	1111
1460	1111
1460	1109
1458	1109
1458	1108
1457	1108
1457	1107
1456	1107
1456	1106
1455	1106
1455	1104
1454	1104
1454	1103
1453	1103
1453	1102
1452	1102
1452	1101
1451	1101
1451	1100
1450	1100
1450	1097
1447	1097
1447	1093
1446	1093
1446	1088
1443	1088
1443	1086
1442	1086
1442	1084
1441	1084
1441	1083
1439	1083
1439	1079
1437	1079
1437	1078
1436	1078
1436	1077
1435	1077
1435	1075
1434	1075
1434	1070
1433	1070
1433	1069
1432	1069
1432	1068
1431	1068
1431	1067
1429	1067
1429	1066
1428	1066
1428	1065
1427	1065
1427	1060
1426	1060
1426	1059
1425	1059
1425	1056
1424	1056
1424	1054
1423	1054
1423	1047
1422	1047
1422	1046
1421	1046
1421	1044
1412	1044
1412	1046
1411	1046
1411	1048
1409	1048
1409	1049
1408	1049
1408	1050
1407	1050
1407	1052
1406	1052
1406	1055
1405	1055
1405	1054
1404	1054
1404	1053
1403	1053
1403	1052
1402	1052
1402	1051
1401	1051
1401	1050
1400	1050
1400	1048
1399	1048
1399	1046
1398	1046
1398	1044
1396	1044
1396	1043
1395	1043
1395	1040
1394	1040
1394	1039
1390	1039
1390	1032
1389	1032
1389	1031
1388	1031
1388	1030
1387	1030
1387	1027
1385	1027
1385	1025
1384	1025
1384	1024
1383	1024
1383	1023
1382	1023
1382	1022
1381	1022
1381	1018
1380	1018
1380	1017
1378	1017
1378	1015
1377	1015
1377	1014
1376	1014
1376	1013
1375	1013
1375	1012
1374	1012
1374	1009
1373	1009
1373	1008
1372	1008
1372	1004
1370	1004
1370	1003
1369	1003
1369	1000
1368	1000
1368	998
1367	998
1367	994
1365	994
1365	991
1364	991
1364	989
1363	989
1363	988
1364	988
1364	987
1363	987
1363	985
1362	985
1362	981
1353	981
1353	982
1352	982
1352	983
1351	983
1351	984
1350	984
1350	985
1349	985
1349	987
1348	987
1348	989
1347	989
1347	990
1346	990
1346	994
1344	994
1344	993
1343	993
1343	992
1342	992
1342	990
1339	990
1339	987
1338	987
1338	985
1334	985
1334	983
1333	983
1333	981
1332	981
1332	978
1330	978
1330	976
1329	976
1329	971
1326	971
1326	969
1325	969
1325	967
1324	967
1324	963
1323	963
1323	961
1322	961
1322	960
1321	960
1321	957
1320	957
1320	956
1319	956
1319	955
1318	955
1318	953
1317	953
1317	952
1316	952
1316	948
1313	948
1313	944
1312	944
1312	943
1311	943
1311	942
1310	942
1310	941
1311	941
1311	939
1310	939
1310	938
1309	938
1309	934
1307	934
1307	930
1306	930
1306	929
1305	929
1305	923
1304	923
1304	920
1303	920
1303	919
1296	919
1296	920
1295	920
1295	921
1294	921
1294	922
1293	922
1293	923
1292	923
1292	924
1291	924
1291	925
1289	925
1289	926
1288	926
1288	928
1287	928
1287	929
1285	929
1285	932
1283	932
1283	930
1282	930
1282	929
1281	929
1281	928
1277	928
1277	924
1276	924
1276	921
1275	921
1275	920
1274	920
1274	918
1273	918
1273	915
1270	915
1270	912
1269	912
1269	910
1268	910
1268	906
1266	906
1266	902
1265	902
1265	901
1264	901
1264	897
1263	897
1263	896
1260	896
1260	890
1259	890
1259	888
1258	888
1258	885
1257	885
1257	882
1256	882
1256	878
1255	878
1255	873
1253	873
1253	871
1252	871
1252	869
1251	869
1251	864
1250	864
1250	860
1249	860
1249	856
1248	856
1248	850
1247	850
1247	849
1239	849
1239	850
1238	850
1238	852
1237	852
1237	853
1238	853
1238	854
1236	854
1236	855
1235	855
1235	858
1234	858
1234	864
1232	864
1232	863
1231	863
1231	859
1222	859
1222	869
1224	869
1224	872
1225	872
1225	875
1226	875
1226	876
1227	876
1227	878
1228	878
1228	880
1229	880
1229	883
1230	883
1230	884
1231	884
1231	887
1232	887
1232	890
1233	890
1233	892
1234	892
1234	904
1233	904
1233	905
1231	905
1231	904
1230	904
1230	903
1224	903
1224	902
1216	902
1216	903
1215	903
1215	902
1214	902
1214	903
1212	903
1212	911
1213	911
1213	912
1214	912
1214	915
1215	915
1215	917
1216	917
1216	919
1218	919
1218	922
1219	922
1219	924
1220	924
1220	927
1221	927
1221	929
1222	929
1222	931
1223	931
1223	934
1224	934
1224	936
1225	936
1225	940
1226	940
1226	941
1227	941
1227	942
1228	942
1228	946
1229	946
1229	949
1230	949
1230	952
1231	952
1231	956
1232	956
1232	957
1233	957
1233	960
1234	960
1234	964
1235	964
1235	967
1236	967
1236	970
1237	970
1237	973
1238	973
1238	977
1239	977
1239	982
1240	982
1240	987
1241	987
1241	995
1240	995
1240	999
1239	999
1239	1000
1237	1000
1237	998
1236	998
1236	997
1233	997
1233	996
1231	996
1231	995
1230	995
1230	994
1215	994
1215	1002
1216	1002
1216	1003
1217	1003
1217	1005
1220	1005
1220	1011
1221	1011
1221	1015
1222	1015
1222	1016
1223	1016
1223	1019
1224	1019
1224	1023
1225	1023
1225	1024
1226	1024
1226	1027
1227	1027
1227	1030
1228	1030
1228	1034
1229	1034
1229	1047
1230	1047
1230	1048
1231	1048
1231	1054
1232	1054
1232	1062
1233	1062
1233	1073
1232	1073
1232	1083
1231	1083
1231	1088
1228	1088
1228	1087
1227	1087
1227	1084
1226	1084
1226	1083
1222	1083
1222	1082
1221	1082
1221	1081
1209	1081
1209	1089
1210	1089
1210	1090
1211	1090
1211	1092
1212	1092
1212	1094
1213	1094
1213	1096
1214	1096
1214	1099
1215	1099
1215	1104
1217	1104
1217	1108
1218	1108
1218	1109
1219	1109
1219	1110
1218	1110
1218	1111
1219	1111
1219	1118
1220	1118
1220	1123
1221	1123
1221	1129
1222	1129
1222	1136
1223	1136
1223	1142
1224	1142
1224	1159
1225	1159
1225	1165
1226	1165
1226	1167
1225	1167
1225	1168
1224	1168
1224	1177
1223	1177
1223	1178
1222	1178
1222	1177
1221	1177
1221	1176
1219	1176
1219	1175
1218	1175
1218	1174
1217	1174
1217	1172
1212	1172
1212	1171
1207	1171
1207	1170
1199	1170
1199	1179
1200	1179
1200	1181
1201	1181
1201	1183
1202	1183
1202	1184
1203	1184
1203	1188
1204	1188
1204	1192
1205	1192
1205	1193
1206	1193
1206	1202
1207	1202
1207	1206
1208	1206
1208	1210
1209	1210
1209	1215
1210	1215
1210	1220
1211	1220
1211	1224
1212	1224
1212	1227
1213	1227
1213	1234
1214	1234
1214	1240
1215	1240
1215	1256
1214	1256
1214	1261
1213	1261
1213	1265
1212	1265
1212	1266
1211	1266
1211	1267
1209	1267
1209	1266
1208	1266
1208	1263
1207	1263
1207	1262
1203	1262
1203	1261
1204	1261
1204	1260
1198	1260
1198	1259
1195	1259
1195	1258
1194	1258
1194	1257
1193	1257
1193	1256
1185	1256
1185	1257
1184	1257
1184	1265
1186	1265
1186	1267
1187	1267
1187	1272
1189	1272
1189	1274
1190	1274
1190	1275
1191	1275
1191	1280
1192	1280
1192	1282
1193	1282
1193	1284
1194	1284
1194	1293
1195	1293
1195	1300
1196	1300
1196	1327
1197	1327
1197	1329
1198	1329
1198	1340
1199	1340
1199	1352
1198	1352
1198	1354
1197	1354
1197	1355
1196	1355
1196	1361
1195	1361
1195	1363
1194	1363
1194	1360
1193	1360
1193	1359
1191	1359
1191	1358
1190	1358
1190	1357
1189	1357
1189	1355
1188	1355
1188	1354
1187	1354
1187	1355
1186	1355
1186	1354
1184	1354
1184	1353
1180	1353
1180	1352
1177	1352
1177	1351
1169	1351
1169	1352
1168	1352
1168	1360
1169	1360
1169	1361
1170	1361
1170	1362
1171	1362
1171	1366
1172	1366
1172	1368
1173	1368
1173	1374
1174	1374
1174	1375
1175	1375
1175	1377
1176	1377
1176	1391
1177	1391
1177	1392
1176	1392
1176	1396
1177	1396
1177	1397
1176	1397
1176	1402
1177	1402
1177	1404
1178	1404
1178	1412
1179	1412
1179	1416
1178	1416
1178	1427
1177	1427
1177	1429
1178	1429
1178	1433
1177	1433
1177	1435
1176	1435
1176	1440
1175	1440
1175	1443
1174	1443
1174	1444
1173	1444
1173	1446
1171	1446
1171	1444
1170	1444
1170	1443
1169	1443
1169	1442
1168	1442
1168	1441
1166	1441
1166	1439
1165	1439
1165	1438
1152	1438
1152	1439
1151	1439
1151	1445
1152	1445
1152	1447
1153	1447
1153	1450
1154	1450
1154	1454
1155	1454
1155	1457
1156	1457
1156	1459
1157	1459
1157	1468
1158	1468
1158	1472
1159	1472
1159	1491
1160	1491
1160	1492
1161	1492
1161	1504
1162	1504
1162	1506
1161	1506
1161	1513
1159	1513
1159	1518
1157	1518
1157	1522
1155	1522
1155	1523
1154	1523
1154	1526
1152	1526
1152	1522
1151	1522
1151	1521
1149	1521
1149	1520
1148	1520
1148	1519
1147	1519
1147	1518
1138	1518
1138	1529
1139	1529
1139	1533
1140	1533
1140	1538
1141	1538
1141	1542
1142	1542
1142	1544
1143	1544
1143	1551
1144	1551
1144	1554
1145	1554
1145	1571
1144	1571
1144	1578
1143	1578
1143	1581
1142	1581
1142	1583
1141	1583
1141	1584
1140	1584
1140	1586
1139	1586
1139	1588
1138	1588
1138	1585
1137	1585
1137	1583
1135	1583
1135	1582
1134	1582
1134	1581
1130	1581
1130	1580
1129	1580
1129	1579
1128	1579
1128	1578
1118	1578
1118	1588
1120	1588
1120	1590
1121	1590
1121	1591
1120	1591
1120	1592
1121	1592
1121	1594
1122	1594
1122	1599
1123	1599
1123	1605
1124	1605
1124	1616
1125	1616
1125	1646
1124	1646
1124	1653
1122	1653
1122	1656
1121	1656
1121	1657
1122	1657
1122	1658
1121	1658
1121	1660
1120	1660
1120	1662
1118	1662
1118	1663
1117	1663
1117	1665
1115	1665
1115	1663
1114	1663
1114	1658
1109	1658
1109	1657
1108	1657
1108	1656
1106	1656
1106	1655
1098	1655
1098	1658
1097	1658
1097	1659
1098	1659
1098	1660
1097	1660
1097	1661
1098	1661
1098	1698
1097	1698
1097	1705
1096	1705
1096	1718
1094	1718
1094	1720
1093	1720
1093	1721
1094	1721
1094	1723
1093	1723
1093	1725
1092	1725
1092	1731
1091	1731
1091	1733
1090	1733
1090	1735
1089	1735
1089	1736
1088	1736
1088	1737
1087	1737
1087	1735
1086	1735
1086	1733
1082	1733
1082	1732
1081	1732
1081	1731
1073	1731
1073	1752
1072	1752
1072	1753
1073	1753
1073	1754
1072	1754
1072	1758
1071	1758
1071	1760
1070	1760
1070	1766
1069	1766
1069	1771
1068	1771
1068	1775
1066	1775
1066	1780
1065	1780
1065	1785
1066	1785
1066	1786
1065	1786
1065	1788
1064	1788
1064	1790
1063	1790
1063	1794
1062	1794
1062	1798
1061	1798
1061	1805
1060	1805
1060	1808
1059	1808
1059	1818
1058	1818
1058	1821
1057	1821
1057	1822
1056	1822
1056	1830
1055	1830
1055	1832
1054	1832
1054	1838
1053	1838
1053	1840
1052	1840
1052	1841
1051	1841
1051	1851
1050	1851
1050	1865
1049	1865
1049	1868
1048	1868
1048	1873
1047	1873
1047	1882
1046	1882
1046	1888
1045	1888
1045	1896
1044	1896
1044	1906
1043	1906
1043	1907
1042	1907
1042	1925
1041	1925
1041	1926
1042	1926
1042	1929
1041	1929
1041	1935
1040	1935
1040	1942
1039	1942
1039	1943
1038	1943
1038	1945
1039	1945
1039	1949
1036	1949
1036	1948
1035	1948
1035	1947
1034	1947
1034	1946
1033	1946
1033	1943
1032	1943
1032	1941
1031	1941
1031	1939
1030	1939
1030	1934
1029	1934
1029	1933
1028	1933
1028	1929
1027	1929
1027	1925
1026	1925
1026	1922
1025	1922
1025	1915
1024	1915
1024	1913
1023	1913
1023	1907
1022	1907
1022	1905
1021	1905
1021	1887
1019	1887
1019	1881
1018	1881
1018	1875
1017	1875
1017	1862
1016	1862
1016	1846
1015	1846
1015	1842
1014	1842
1014	1837
1013	1837
1013	1826
1012	1826
1012	1821
1011	1821
1011	1813
1010	1813
1010	1810
1009	1810
1009	1808
1008	1808
1008	1797
1007	1797
1007	1795
1006	1795
1006	1794
1005	1794
1005	1793
1004	1793
1004	1792
1005	1792
1005	1781
1004	1781
1004	1776
1003	1776
1003	1772
1002	1772
1002	1761
1001	1761
1001	1760
1000	1760
1000	1750
999	1750
999	1745
998	1745
998	1744
990	1744
990	1734
989	1734
989	1733
988	1733
988	1728
987	1728
987	1718
986	1718
986	1711
985	1711
985	1704
984	1704
984	1703
983	1703
983	1681
973	1681
973	1682
970	1682
970	1683
967	1683
967	1684
963	1684
963	1686
962	1686
962	1685
961	1685
961	1688
960	1688
960	1691
959	1691
959	1690
958	1690
958	1689
957	1689
957	1688
956	1688
956	1683
955	1683
955	1677
954	1677
954	1672
953	1672
953	1640
952	1640
952	1624
953	1624
953	1617
954	1617
954	1616
955	1616
955	1611
956	1611
956	1609
955	1609
955	1605
954	1605
954	1604
946	1604
946	1605
944	1605
944	1606
940	1606
940	1607
935	1607
935	1608
934	1608
934	1609
932	1609
932	1610
931	1610
931	1611
930	1611
930	1612
929	1612
929	1614
928	1614
928	1615
926	1615
926	1613
925	1613
925	1607
924	1607
924	1601
923	1601
923	1600
924	1600
924	1584
925	1584
925	1572
927	1572
927	1570
928	1570
928	1569
927	1569
927	1562
928	1562
928	1547
929	1547
929	1542
930	1542
930	1539
931	1539
931	1538
933	1538
933	1537
932	1537
932	1533
933	1533
933	1531
934	1531
934	1529
935	1529
935	1520
922	1520
922	1521
917	1521
917	1522
916	1522
916	1523
914	1523
914	1524
913	1524
913	1525
912	1525
912	1526
911	1526
911	1528
909	1528
909	1527
908	1527
908	1523
907	1523
907	1522
906	1522
906	1517
905	1517
905	1503
906	1503
906	1499
907	1499
907	1496
908	1496
908	1494
909	1494
909	1474
910	1474
910	1466
911	1466
911	1463
912	1463
912	1461
913	1461
913	1458
914	1458
914	1454
915	1454
915	1452
916	1452
916	1451
917	1451
917	1450
918	1450
918	1440
917	1440
917	1439
908	1439
908	1440
901	1440
901	1441
900	1441
900	1442
899	1442
899	1443
898	1443
898	1444
897	1444
897	1445
896	1445
896	1444
895	1444
895	1434
894	1434
894	1429
893	1429
893	1426
894	1426
894	1424
895	1424
895	1422
894	1422
894	1420
895	1420
895	1415
896	1415
896	1411
897	1411
897	1404
898	1404
898	1403
899	1403
899	1399
900	1399
900	1397
901	1397
901	1384
902	1384
902	1380
903	1380
903	1379
904	1379
904	1371
905	1371
905	1366
906	1366
906	1364
907	1364
907	1362
908	1362
908	1360
909	1360
909	1359
910	1359
910	1358
911	1358
911	1356
913	1356
913	1354
914	1354
914	1353
915	1353
915	1352
916	1352
916	1351
917	1351
917	1344
916	1344
916	1343
901	1343
901	1344
897	1344
897	1345
895	1345
895	1344
894	1344
894	1345
892	1345
892	1346
891	1346
891	1347
890	1347
890	1348
888	1348
888	1350
887	1350
887	1349
886	1349
886	1336
887	1336
887	1334
886	1334
886	1332
887	1332
887	1328
888	1328
888	1324
890	1324
890	1317
891	1317
891	1314
892	1314
892	1310
893	1310
893	1307
894	1307
894	1305
895	1305
895	1304
896	1304
896	1299
897	1299
897	1294
898	1294
898	1292
899	1292
899	1288
900	1288
900	1286
901	1286
901	1282
902	1282
902	1278
903	1278
903	1276
904	1276
904	1274
905	1274
905	1270
906	1270
906	1268
907	1268
907	1267
908	1267
908	1266
909	1266
909	1263
910	1263
910	1261
912	1261
912	1259
913	1259
913	1258
914	1258
914	1257
915	1257
915	1256
916	1256
916	1251
917	1251
917	1246
913	1246
913	1245
909	1245
909	1246
901	1246
901	1247
893	1247
893	1248
892	1248
892	1249
890	1249
890	1250
889	1250
889	1251
887	1251
887	1247
886	1247
886	1235
887	1235
887	1233
888	1233
888	1228
889	1228
889	1225
891	1225
891	1219
892	1219
892	1217
893	1217
893	1216
894	1216
894	1214
895	1214
895	1209
896	1209
896	1207
897	1207
897	1203
899	1203
899	1200
900	1200
900	1197
901	1197
901	1195
902	1195
902	1193
903	1193
903	1192
904	1192
904	1188
905	1188
905	1187
906	1187
906	1186
907	1186
907	1183
908	1183
908	1181
909	1181
909	1178
911	1178
911	1176
912	1176
912	1174
913	1174
913	1173
914	1173
914	1170
915	1170
915	1169
917	1169
917	1168
918	1168
918	1167
919	1167
919	1165
922	1165
922	1164
923	1164
923	1161
922	1161
922	1156
921	1156
921	1155
920	1155
920	1156
919	1156
919	1155
914	1155
914	1156
907	1156
907	1157
902	1157
902	1158
901	1158
901	1159
898	1159
898	1160
897	1160
897	1161
895	1161
895	1158
894	1158
894	1156
895	1156
895	1141
896	1141
896	1139
897	1139
897	1135
898	1135
898	1134
899	1134
899	1132
900	1132
900	1128
901	1128
901	1126
902	1126
902	1122
904	1122
904	1118
905	1118
905	1114
906	1114
906	1112
907	1112
907	1109
908	1109
908	1108
909	1108
909	1106
910	1106
910	1103
911	1103
911	1101
912	1101
912	1099
913	1099
913	1095
915	1095
915	1093
916	1093
916	1091
917	1091
917	1089
918	1089
918	1087
919	1087
919	1086
920	1086
920	1083
922	1083
922	1081
923	1081
923	1080
924	1080
924	1078
928	1078
928	1076
929	1076
929	1069
928	1069
928	1068
913	1068
913	1069
911	1069
911	1068
908	1068
908	1069
906	1069
906	1070
905	1070
905	1071
904	1071
904	1072
903	1072
903	1070
902	1070
902	1066
901	1066
901	1057
902	1057
902	1053
903	1053
903	1052
904	1052
904	1048
905	1048
905	1047
906	1047
906	1043
907	1043
907	1039
909	1039
909	1037
910	1037
910	1034
912	1034
912	1033
913	1033
913	1030
914	1030
914	1028
915	1028
915	1026
916	1026
916	1024
918	1024
918	1020
920	1020
920	1018
921	1018
921	1015
922	1015
922	1013
924	1013
924	1012
925	1012
925	1010
927	1010
927	1006
928	1006
928	1005
929	1005
929	1002
930	1002
930	1001
931	1001
931	1000
932	1000
932	997
933	997
933	995
934	995
934	993
935	993
935	992
936	992
936	991
937	991
937	989
938	989
938	988
939	988
939	987
941	987
941	984
942	984
942	983
943	983
943	982
946	982
946	978
948	978
948	970
938	970
938	969
933	969
933	970
932	970
932	969
931	969
931	970
930	970
930	971
923	971
923	968
924	968
924	959
925	959
925	957
926	957
926	955
927	955
927	952
928	952
928	950
929	950
929	948
930	948
930	947
931	947
931	946
932	946
932	945
933	945
933	941
934	941
934	939
935	939
935	938
936	938
936	936
937	936
937	935
938	935
938	926
935	926
935	925
934	925
934	922
933	922
933	920
931	920
931	919
930	919
930	918
929	918
929	913
928	913
928	912
927	912
927	910
926	910
926	909
925	909
925	908
916	908
916	918
915	918
915	923
914	923
914	925
913	925
913	928
912	928
912	929
911	929
911	932
910	932
910	934
909	934
909	936
908	936
908	938
906	938
906	939
905	939
905	943
904	943
904	946
903	946
903	948
901	948
901	950
900	950
900	953
898	953
898	955
897	955
897	956
898	956
898	957
896	957
896	959
895	959
895	962
894	962
894	965
893	965
893	967
891	967
891	971
890	971
890	975
889	975
889	976
888	976
888	979
887	979
887	980
886	980
886	981
884	981
884	982
885	982
885	983
884	983
884	985
882	985
882	986
881	986
881	987
880	987
880	988
879	988
879	989
878	989
878	990
877	990
877	993
873	993
873	986
872	986
872	985
871	985
871	981
870	981
870	980
869	980
869	978
867	978
867	976
866	976
866	975
859	975
859	976
858	976
858	984
857	984
857	985
856	985
856	986
855	986
855	990
854	990
854	993
853	993
853	996
852	996
852	998
851	998
851	1000
850	1000
850	1002
849	1002
849	1004
846	1004
846	1008
845	1008
845	1009
844	1009
844	1013
842	1013
842	1014
841	1014
841	1018
839	1018
839	1022
837	1022
837	1023
836	1023
836	1024
837	1024
837	1025
836	1025
836	1027
835	1027
835	1028
834	1028
834	1032
832	1032
832	1033
831	1033
831	1035
830	1035
830	1036
829	1036
829	1037
828	1037
828	1038
827	1038
827	1039
826	1039
826	1040
825	1040
825	1041
823	1041
823	1042
822	1042
822	1043
821	1043
821	1044
820	1044
820	1045
818	1045
818	1046
817	1046
817	1045
816	1045
816	1044
817	1044
817	1043
816	1043
816	1039
815	1039
815	1037
814	1037
814	1035
813	1035
813	1032
812	1032
812	1031
811	1031
811	1029
810	1029
810	1027
802	1027
802	1035
801	1035
801	1041
799	1041
799	1045
798	1045
798	1047
797	1047
797	1051
796	1051
796	1055
795	1055
795	1056
794	1056
794	1057
793	1057
793	1058
792	1058
792	1059
791	1059
791	1060
790	1060
790	1064
789	1064
789	1066
788	1066
788	1068
787	1068
787	1069
785	1069
785	1072
784	1072
784	1073
783	1073
783	1074
781	1074
781	1077
780	1077
780	1081
778	1081
778	1082
777	1082
777	1083
776	1083
776	1085
775	1085
775	1086
774	1086
774	1087
773	1087
773	1088
771	1088
771	1093
770	1093
770	1095
769	1095
769	1096
768	1096
768	1097
767	1097
767	1098
766	1098
766	1099
765	1099
765	1100
763	1100
763	1101
762	1101
762	1103
761	1103
761	1104
760	1104
760	1106
758	1106
758	1107
757	1107
757	1108
755	1108
755	1109
754	1109
754	1110
751	1110
751	1111
750	1111
750	1102
749	1102
749	1100
748	1100
748	1097
747	1097
747	1093
746	1093
746	1092
744	1092
744	1091
737	1091
737	1095
736	1095
736	1097
734	1097
734	1105
733	1105
733	1107
731	1107
731	1111
729	1111
729	1112
728	1112
728	1116
726	1116
726	1124
723	1124
723	1126
722	1126
722	1128
721	1128
721	1130
719	1130
719	1134
718	1134
718	1135
716	1135
716	1139
714	1139
714	1140
713	1140
713	1144
710	1144
710	1151
707	1151
707	1152
706	1152
706	1154
705	1154
705	1155
704	1155
704	1157
702	1157
702	1158
700	1158
700	1161
697	1161
697	1162
696	1162
696	1165
694	1165
694	1166
693	1166
693	1167
691	1167
691	1168
690	1168
690	1162
689	1162
689	1160
688	1160
688	1158
687	1158
687	1157
686	1157
686	1156
685	1156
685	1154
684	1154
684	1153
683	1153
683	1152
682	1152
682	1150
681	1150
681	1149
680	1149
680	1148
679	1148
679	1147
672	1147
672	1149
671	1149
671	1154
670	1154
670	1157
669	1157
669	1159
668	1159
668	1163
664	1163
664	1169
662	1169
662	1170
661	1170
661	1172
660	1172
660	1173
659	1173
659	1178
654	1178
654	1181
650	1181
650	1183
649	1183
649	1184
650	1184
650	1185
649	1185
649	1186
648	1186
648	1187
647	1187
647	1190
645	1190
645	1192
644	1192
644	1193
641	1193
641	1194
640	1194
640	1198
639	1198
639	1200
636	1200
636	1201
635	1201
635	1202
636	1202
636	1203
635	1203
635	1205
631	1205
631	1214
627	1214
627	1216
626	1216
626	1217
625	1217
625	1218
624	1218
624	1219
622	1219
622	1220
621	1220
621	1222
620	1222
620	1223
617	1223
617	1225
616	1225
616	1226
615	1226
615	1227
614	1227
614	1228
610	1228
610	1227
611	1227
611	1226
610	1226
610	1223
611	1223
611	1221
610	1221
610	1219
609	1219
609	1218
608	1218
608	1217
607	1217
607	1215
606	1215
606	1214
604	1214
604	1212
603	1212
603	1211
596	1211
596	1212
595	1212
595	1214
594	1214
594	1215
593	1215
593	1219
592	1219
592	1223
590	1223
590	1224
589	1224
589	1228
587	1228
587	1229
586	1229
586	1232
585	1232
585	1233
584	1233
584	1235
583	1235
583	1236
582	1236
582	1237
580	1237
580	1239
579	1239
579	1240
578	1240
578	1241
577	1241
577	1242
576	1242
576	1245
575	1245
575	1246
574	1246
574	1247
573	1247
573	1248
572	1248
572	1250
570	1250
570	1252
568	1252
568	1254
567	1254
567	1255
566	1255
566	1256
565	1256
565	1257
563	1257
563	1258
564	1258
564	1259
561	1259
561	1261
560	1261
560	1262
559	1262
559	1263
557	1263
557	1264
556	1264
556	1265
555	1265
555	1266
554	1266
554	1267
553	1267
553	1269
552	1269
552	1271
547	1271
547	1273
546	1273
546	1274
545	1274
545	1275
538	1275
538	1277
535	1277
535	1275
536	1275
536	1267
535	1267
535	1264
533	1264
533	1263
532	1263
532	1260
531	1260
531	1258
530	1258
530	1256
521	1256
521	1260
520	1260
520	1261
519	1261
519	1265
518	1265
518	1266
517	1266
517	1269
516	1269
516	1270
514	1270
514	1272
513	1272
513	1274
512	1274
512	1275
510	1275
510	1276
509	1276
509	1278
507	1278
507	1279
506	1279
506	1280
505	1280
505	1281
503	1281
503	1283
501	1283
501	1284
500	1284
500	1285
499	1285
499	1286
497	1286
497	1287
496	1287
496	1288
495	1288
495	1291
492	1291
492	1292
491	1292
491	1293
490	1293
490	1294
488	1294
488	1295
487	1295
487	1296
486	1296
486	1298
483	1298
483	1299
482	1299
482	1302
481	1302
481	1303
480	1303
480	1304
478	1304
478	1307
476	1307
476	1308
475	1308
475	1309
474	1309
474	1311
473	1311
473	1315
471	1315
471	1314
470	1314
470	1315
468	1315
468	1316
467	1316
467	1317
463	1317
463	1320
462	1320
462	1321
460	1321
460	1322
458	1322
458	1324
456	1324
456	1323
455	1323
455	1322
456	1322
456	1321
455	1321
455	1312
451	1312
451	1307
450	1307
450	1306
449	1306
449	1305
443	1305
443	1306
441	1306
441	1307
439	1307
439	1316
436	1316
436	1317
430	1317
430	1319
429	1319
429	1320
428	1320
428	1321
426	1321
426	1322
425	1322
425	1324
424	1324
424	1325
423	1325
423	1326
421	1326
421	1327
420	1327
420	1329
419	1329
419	1330
417	1330
417	1329
416	1329
416	1331
414	1331
414	1333
412	1333
412	1334
411	1334
411	1335
409	1335
409	1336
407	1336
407	1340
402	1340
402	1342
401	1342
401	1343
400	1343
400	1344
399	1344
399	1345
397	1345
397	1348
393	1348
393	1351
390	1351
390	1352
387	1352
387	1350
386	1350
386	1345
373	1345
373	1349
372	1349
372	1350
371	1350
371	1349
370	1349
370	1350
369	1350
369	1352
366	1352
366	1353
365	1353
365	1355
364	1355
364	1356
363	1356
363	1357
360	1357
360	1359
357	1359
357	1360
356	1360
356	1361
355	1361
355	1362
354	1362
354	1363
352	1363
352	1364
351	1364
351	1368
345	1368
345	1369
344	1369
344	1370
343	1370
343	1371
342	1371
342	1373
336	1373
336	1374
335	1374
335	1375
334	1375
334	1376
333	1376
333	1377
332	1377
332	1379
330	1379
330	1380
328	1380
328	1381
326	1381
326	1382
323	1382
323	1383
322	1383
322	1384
321	1384
321	1385
318	1385
318	1387
314	1387
314	1388
313	1388
313	1394
306	1394
306	1395
305	1395
305	1397
304	1397
304	1399
305	1399
305	1400
304	1400
304	1401
303	1401
303	1400
302	1400
302	1401
295	1401
295	1405
294	1405
294	1406
290	1406
290	1408
289	1408
289	1409
288	1409
288	1410
286	1410
286	1411
285	1411
285	1413
284	1413
284	1414
283	1414
283	1415
281	1415
281	1416
280	1416
280	1418
278	1418
278	1420
277	1420
277	1423
275	1423
275	1422
274	1422
274	1423
272	1423
272	1424
271	1424
271	1426
267	1426
267	1427
266	1427
266	1429
264	1429
264	1430
262	1430
262	1431
259	1431
259	1432
257	1432
257	1435
255	1435
255	1436
254	1436
254	1435
253	1435
253	1437
251	1437
251	1438
250	1438
250	1439
249	1439
249	1438
248	1438
248	1441
246	1441
246	1442
245	1442
245	1443
243	1443
243	1444
242	1444
242	1445
241	1445
241	1446
240	1446
240	1447
238	1447
238	1450
236	1450
236	1451
234	1451
234	1452
233	1452
233	1453
229	1453
229	1455
225	1455
225	1456
224	1456
224	1457
220	1457
220	1459
219	1459
219	1460
216	1460
216	1461
215	1461
215	1462
211	1462
211	1463
208	1463
208	1459
210	1459
210	1458
211	1458
211	1455
212	1455
212	1453
213	1453
213	1452
214	1452
214	1450
217	1450
217	1445
218	1445
218	1444
219	1444
219	1441
220	1441
220	1440
222	1440
222	1439
223	1439
223	1438
224	1438
224	1436
225	1436
225	1435
226	1435
226	1434
227	1434
227	1431
230	1431
230	1430
231	1430
231	1426
233	1426
233	1425
234	1425
234	1421
235	1421
235	1420
237	1420
237	1419
238	1419
238	1417
239	1417
239	1414
240	1414
240	1412
245	1412
245	1407
246	1407
246	1406
249	1406
249	1404
250	1404
250	1403
252	1403
252	1402
251	1402
251	1401
252	1401
252	1400
253	1400
253	1399
254	1399
254	1400
255	1400
255	1394
256	1394
256	1393
257	1393
257	1394
258	1394
258	1393
260	1393
260	1389
261	1389
261	1388
262	1388
262	1387
263	1387
263	1384
265	1384
265	1381
266	1381
266	1380
267	1380
267	1379
268	1379
268	1375
271	1375
271	1372
272	1372
272	1371
273	1371
273	1370
274	1370
274	1369
275	1369
275	1365
279	1365
279	1362
280	1362
280	1361
282	1361
282	1359
283	1359
283	1357
284	1357
284	1356
285	1356
285	1355
286	1355
286	1353
287	1353
287	1343
289	1343
289	1342
290	1342
290	1343
291	1343
291	1342
293	1342
293	1341
294	1341
294	1338
295	1338
295	1332
296	1332
296	1333
297	1333
297	1331
299	1331
299	1330
300	1330
300	1329
301	1329
301	1327
302	1327
302	1325
303	1325
303	1324
305	1324
305	1323
306	1323
306	1322
307	1322
307	1320
308	1320
308	1319
310	1319
310	1316
311	1316
311	1309
310	1309
310	1308
309	1308
309	1307
304	1307
304	1306
303	1306
303	1305
304	1305
304	1304
306	1304
306	1302
307	1302
307	1301
308	1301
308	1300
310	1300
310	1298
311	1298
311	1295
315	1295
315	1293
316	1293
316	1291
317	1291
317	1290
318	1290
318	1286
321	1286
321	1285
322	1285
322	1283
323	1283
323	1282
324	1282
324	1281
326	1281
326	1278
327	1278
327	1275
328	1275
328	1273
329	1273
329	1272
331	1272
331	1271
330	1271
330	1270
331	1270
331	1268
332	1268
332	1267
334	1267
334	1265
335	1265
335	1263
338	1263
338	1261
339	1261
339	1258
340	1258
340	1256
341	1256
341	1255
342	1255
342	1254
343	1254
343	1253
344	1253
344	1252
345	1252
345	1250
346	1250
346	1249
347	1249
347	1248
349	1248
349	1245
353	1245
353	1242
357	1242
357	1233
354	1233
354	1232
343	1232
343	1228
336	1228
336	1227
337	1227
337	1221
338	1221
338	1220
339	1220
339	1218
341	1218
341	1217
342	1217
342	1216
344	1216
344	1215
345	1215
345	1212
346	1212
346	1211
348	1211
348	1209
349	1209
349	1208
351	1208
351	1206
354	1206
354	1204
355	1204
355	1202
357	1202
357	1200
359	1200
359	1199
360	1199
360	1197
362	1197
362	1195
364	1195
364	1193
366	1193
366	1191
367	1191
367	1189
369	1189
369	1188
371	1188
371	1183
376	1183
376	1179
377	1179
377	1178
378	1178
378	1175
381	1175
381	1174
382	1174
382	1173
383	1173
383	1171
385	1171
385	1170
386	1170
386	1169
387	1169
387	1168
388	1168
388	1166
390	1166
390	1165
391	1165
391	1163
395	1163
395	1162
396	1162
396	1163
397	1163
397	1162
399	1162
399	1161
400	1161
400	1159
404	1159
404	1158
405	1158
405	1157
409	1157
409	1147
405	1147
405	1145
404	1145
404	1144
400	1144
400	1143
399	1143
399	1141
394	1141
394	1140
386	1140
386	1141
384	1141
384	1137
385	1137
385	1136
387	1136
387	1132
390	1132
390	1128
391	1128
391	1127
392	1127
392	1126
393	1126
393	1124
394	1124
394	1123
396	1123
396	1121
397	1121
397	1120
398	1120
398	1119
399	1119
399	1118
403	1118
403	1117
404	1117
404	1114
407	1114
407	1113
408	1113
408	1112
409	1112
409	1110
412	1110
412	1108
413	1108
413	1107
414	1107
414	1106
416	1106
416	1104
417	1104
417	1103
419	1103
419	1102
420	1102
420	1101
421	1101
421	1100
422	1100
422	1099
424	1099
424	1097
425	1097
425	1095
426	1095
426	1094
428	1094
428	1093
429	1093
429	1092
430	1092
430	1091
432	1091
432	1090
436	1090
436	1087
438	1087
438	1085
441	1085
441	1084
442	1084
442	1083
443	1083
443	1084
444	1084
444	1083
446	1083
446	1082
449	1082
449	1081
450	1081
450	1080
452	1080
452	1073
451	1073
451	1072
445	1072
445	1069
442	1069
442	1067
438	1067
438	1066
431	1066
431	1067
428	1067
428	1066
427	1066
427	1061
428	1061
428	1060
429	1060
429	1059
430	1059
430	1057
432	1057
432	1055
433	1055
433	1054
434	1054
434	1053
435	1053
435	1052
437	1052
437	1051
438	1051
438	1048
439	1048
439	1047
442	1047
442	1045
443	1045
443	1044
446	1044
446	1041
448	1041
448	1040
450	1040
450	1038
454	1038
454	1037
455	1037
455	1034
459	1034
459	1033
460	1033
460	1032
461	1032
461	1031
462	1031
462	1029
464	1029
464	1028
465	1028
465	1026
468	1026
468	1025
470	1025
470	1020
477	1020
477	1019
479	1019
479	1017
480	1017
480	1016
484	1016
484	1015
488	1015
488	1013
492	1013
492	1012
493	1012
493	1011
495	1011
495	1003
494	1003
494	1002
493	1002
493	1001
492	1001
492	999
488	999
488	998
487	998
487	997
486	997
486	996
484	996
484	995
478	995
478	994
477	994
477	993
478	993
478	991
479	991
479	989
481	989
481	988
483	988
483	985
484	985
484	984
486	984
486	983
488	983
488	980
492	980
492	979
493	979
493	977
496	977
496	976
497	976
497	974
500	974
500	973
502	973
502	971
505	971
505	970
506	970
506	969
508	969
508	968
511	968
511	966
513	966
513	965
516	965
516	963
517	963
517	962
518	962
518	961
519	961
519	960
520	960
520	959
525	959
525	958
526	958
526	957
527	957
527	956
529	956
529	955
531	955
531	953
536	953
536	952
538	952
538	951
544	951
544	942
543	942
543	941
540	941
540	940
536	940
536	939
535	939
535	940
533	940
533	937
532	937
532	936
528	936
528	934
529	934
529	933
530	933
530	932
529	932
529	931
531	931
531	929
533	929
533	928
532	928
532	927
533	927
533	926
534	926
534	925
535	925
535	924
536	924
536	923
538	923
538	922
539	922
539	921
540	921
540	919
545	919
545	917
548	917
548	916
549	916
549	914
550	914
550	913
554	913
554	911
558	911
558	910
557	910
557	909
559	909
559	908
561	908
561	907
562	907
562	906
563	906
563	905
566	905
566	904
567	904
567	903
571	903
571	902
572	902
572	901
574	901
574	900
575	900
575	899
577	899
577	900
578	900
578	898
581	898
581	896
583	896
583	895
586	895
586	894
589	894
589	893
592	893
592	891
596	891
596	890
595	890
595	889
596	889
596	883
595	883
595	882
590	882
590	880
589	880
589	879
588	879
588	878
586	878
586	877
579	877
579	874
580	874
580	871
581	871
581	870
582	870
582	869
583	869
583	868
585	868
585	867
586	867
586	865
587	865
587	864
589	864
589	863
590	863
590	862
591	862
591	861
595	861
595	858
599	858
599	857
600	857
600	856
604	856
604	855
605	855
605	854
606	854
606	853
609	853
609	852
610	852
610	851
614	851
614	848
615	848
615	849
616	849
616	848
619	848
619	847
623	847
623	845
624	845
624	844
627	844
627	843
628	843
628	842
632	842
632	841
633	841
633	839
636	839
636	838
641	838
641	837
644	837
644	836
645	836
645	835
649	835
649	834
652	834
652	827
651	827
651	826
650	826
650	825
649	825
649	824
647	824
647	821
644	821
644	820
641	820
641	819
638	819
638	816
639	816
639	815
641	815
641	814
642	814
642	813
643	813
643	812
645	812
645	811
646	811
646	809
648	809
648	808
650	808
650	807
654	807
654	806
655	806
655	805
658	805
658	804
659	804
659	803
662	803
662	802
664	802
664	801
665	801
665	800
670	800
670	797
675	797
675	796
676	796
676	795
680	795
680	794
681	794
681	792
685	792
685	791
688	791
688	790
690	790
690	788
695	788
695	787
698	787
698	786
702	786
702	785
703	785
703	784
708	784
708	783
710	783
710	782
716	782
716	781
717	781
717	772
716	772
716	771
714	771
714	770
712	770
712	768
709	768
709	767
708	767
708	766
705	766
705	765
702	765
702	764
701	764
701	762
703	762
703	759
705	759
705	758
707	758
707	757
708	757
708	755
712	755
712	753
715	753
715	752
716	752
716	751
721	751
721	750
723	750
723	749
729	749
729	748
731	748
731	747
734	747
734	746
735	746
735	745
736	745
736	744
745	744
745	741
750	741
750	739
757	739
757	738
758	738
758	736
763	736
763	735
771	735
771	734
773	734
773	733
781	733
781	732
791	732
791	731
792	731
792	722
791	722
791	720
790	720
790	719
789	719
789	718
788	718
788	717
787	717
787	714
784	714
784	713
783	713
783	712
782	712
782	711
783	711
783	710
784	710
784	709
785	709
785	707
790	707
790	708
791	708
791	706
792	706
792	705
795	705
795	703
801	703
801	702
805	702
805	701
808	701
808	700
809	700
809	699
811	699
811	691
812	691
812	689
813	689
813	678
805	678
805	679
804	679
804	681
800	681
800	682
799	682
799	683
798	683
798	684
795	684
795	686
791	686
791	687
790	687
790	690
786	690
786	691
785	691
785	692
783	692
783	693
781	693
781	694
777	694
777	695
772	695
772	696
771	696
771	697
769	697
769	698
766	698
766	699
762	699
762	701
757	701
757	703
754	703
754	704
752	704
752	705
751	705
751	704
750	704
750	705
748	705
748	707
742	707
742	708
730	708
730	706
731	706
731	704
732	704
732	702
733	702
733	692
732	692
732	691
724	691
724	693
720	693
720	695
718	695
718	696
715	696
715	698
711	698
711	699
710	699
710	700
702	700
702	701
701	701
701	702
699	702
699	703
688	703
688	704
687	704
687	705
681	705
681	706
680	706
680	705
679	705
679	706
678	706
678	708
669	708
669	709
660	709
660	710
659	710
659	711
654	711
654	710
653	710
653	711
652	711
652	710
651	710
651	708
652	708
652	707
653	707
653	706
654	706
654	692
645	692
645	694
644	694
644	695
641	695
641	696
635	696
635	697
636	697
636	698
631	698
631	700
627	700
627	701
626	701
626	702
625	702
625	703
617	703
617	704
616	704
616	705
615	705
615	704
614	704
614	705
610	705
610	706
609	706
609	707
607	707
607	708
602	708
602	709
594	709
594	711
592	711
592	712
584	712
584	713
581	713
581	712
572	712
572	711
573	711
573	710
574	710
574	709
575	709
575	708
576	708
576	707
577	707
577	691
569	691
569	692
567	692
567	693
565	693
565	695
558	695
558	696
556	696
556	698
547	698
547	700
542	700
542	701
533	701
533	703
530	703
530	704
525	704
525	705
523	705
523	704
520	704
520	705
519	705
519	706
509	706
509	707
504	707
504	706
498	706
498	705
497	705
497	704
496	704
496	703
497	703
497	702
499	702
499	692
498	692
498	687
489	687
489	688
486	688
486	689
482	689
482	690
476	690
476	691
475	691
475	690
474	690
474	691
472	691
472	692
462	692
462	693
451	693
451	694
449	694
449	693
445	693
445	694
444	694
444	695
417	695
417	693
418	693
418	692
419	692
419	689
420	689
420	674
415	674
415	673
414	673
414	674
411	674
411	676
410	676
410	677
409	677
409	676
408	676
408	677
398	677
398	676
397	676
397	678
395	678
395	677
394	677
394	676
393	676
393	677
391	677
391	676
385	676
385	677
372	677
372	676
370	676
370	675
349	675
349	674
340	674
340	672
341	672
341	671
343	671
343	668
344	668
344	658
331	658
331	659
330	659
330	660
323	660
323	659
311	659
311	658
309	658
309	657
308	657
308	658
301	658
301	657
292	657
292	656
291	656
291	655
281	655
281	654
279	654
279	653
272	653
272	652
269	652
269	651
268	651
268	650
269	650
269	649
268	649
268	648
269	648
269	646
268	646
268	644
254	644
254	643
250	643
250	642
245	642
245	641
241	641
241	640
240	640
240	639
236	639
236	637
235	637
235	636
232	636
232	635
231	635
231	636
227	636
227	635
226	635
226	634
223	634
223	633
221	633
221	632
217	632
217	631
214	631
214	630
212	630
212	629
208	629
208	628
204	628
204	627
203	627
203	626
198	626
198	625
197	625
197	624
194	624
194	623
189	623
189	621
186	621
186	620
184	620
184	619
180	619
180	618
178	618
178	617
177	617
177	618
176	618
176	617
175	617
175	616
174	616
174	615
170	615
170	613
166	613
166	612
165	612
165	611
161	611
161	610
160	610
160	609
156	609
156	608
153	608
153	607
151	607
151	606
147	606
147	605
146	605
146	604
142	604
142	602
138	602
138	601
137	601
137	600
133	600
133	599
132	599
132	598
128	598
128	595
124	595
124	593
123	593
123	592
121	592
121	593
120	593
120	592
119	592
119	591
118	591
118	590
117	590
117	589
115	589
115	588
114	588
114	586
112	586
112	585
111	585
111	583
120	583
120	582
121	582
121	583
132	583
132	585
144	585
144	586
145	586
145	587
154	587
154	588
160	588
160	589
165	589
165	590
178	590
178	591
180	591
180	592
192	592
192	591
194	591
194	590
196	590
196	591
207	591
207	590
220	590
220	591
229	591
229	590
247	590
247	589
248	589
248	585
272	585
272	584
273	584
273	583
276	583
276	582
284	582
284	581
285	581
285	580
296	580
296	579
303	579
303	578
309	578
309	579
316	579
316	580
317	580
317	579
318	579
318	571
317	571
317	569
316	569
316	567
315	567
315	565
314	565
314	564
313	564
313	562
312	562
312	561
311	561
311	560
312	560
312	559
317	559
317	558
318	558
318	557
324	557
324	556
332	556
332	555
333	555
333	554
337	554
337	555
347	555
347	554
348	554
348	553
360	553
360	552
367	552
367	551
370	551
370	550
379	550
379	549
381	549
381	548
382	548
382	549
383	549
383	548
385	548
385	549
394	549
394	550
395	550
395	551
404	551
404	542
403	542
403	540
402	540
402	539
401	539
401	537
400	537
400	535
399	535
399	532
397	532
397	531
396	531
396	530
394	530
394	528
395	528
395	527
399	527
399	525
400	525
400	524
401	524
401	525
402	525
402	524
404	524
404	523
407	523
407	522
412	522
412	521
413	521
413	522
428	522
428	521
430	521
430	522
444	522
444	521
448	521
448	522
459	522
459	524
470	524
470	515
469	515
469	509
468	509
468	508
466	508
466	507
465	507
465	506
463	506
463	505
464	505
464	504
473	504
473	503
486	503
486	502
488	502
488	503
489	503
489	502
503	502
503	503
504	503
504	504
514	504
514	505
516	505
516	506
523	506
523	507
533	507
533	509
541	509
541	500
540	500
540	498
539	498
539	497
540	497
540	496
539	496
539	495
538	495
538	494
537	494
537	493
536	493
536	492
535	492
535	491
534	491
534	489
535	489
535	488
539	488
539	487
543	487
543	486
565	486
565	487
578	487
578	488
580	488
580	489
582	489
582	488
584	488
584	489
591	489
591	490
596	490
596	492
604	492
604	493
605	493
605	494
614	494
614	481
613	481
613	480
612	480
612	478
611	478
611	476
609	476
609	475
608	475
608	474
607	474
607	473
610	473
610	472
617	472
617	471
626	471
626	472
627	472
627	473
635	473
635	474
641	474
641	475
649	475
649	477
653	477
653	478
657	478
657	479
667	479
667	480
669	480
669	481
673	481
673	482
676	482
676	483
678	483
678	484
679	484
679	485
682	485
682	486
681	486
681	487
685	487
685	488
696	488
696	478
695	478
695	476
696	476
696	472
695	472
695	469
694	469
694	467
696	467
696	468
708	468
708	469
710	469
710	470
712	470
712	471
715	471
715	472
716	472
716	473
721	473
721	475
730	475
730	476
731	476
731	477
734	477
734	478
738	478
738	479
739	479
739	480
746	480
746	482
757	482
757	484
763	484
763	485
764	485
764	486
765	486
765	487
771	487
771	488
774	488
774	489
775	489
775	490
776	490
776	491
777	491
777	492
778	492
778	493
783	493
783	494
784	494
784	495
785	495
785	496
794	496
794	481
793	481
793	477
792	477
792	472
800	472
800	473
806	473
806	474
808	474
808	475
810	475
810	476
811	476
811	477
813	477
813	478
817	478
817	479
819	479
819	480
820	480
820	481
822	481
822	482
826	482
826	483
827	483
827	484
828	484
828	485
830	485
830	486
831	486
831	487
832	487
832	488
838	488
838	490
839	490
839	491
842	491
842	492
844	492
844	493
845	493
845	494
848	494
848	496
851	496
851	497
852	497
852	499
855	499
855	500
856	500
856	501
858	501
858	502
860	502
860	503
861	503
861	504
871	504
871	492
874	492
874	493
878	493
878	494
880	494
880	495
883	495
883	496
893	496
893	495
894	495
894	494
895	494
895	493
896	493
896	492
897	492
897	483
894	483
894	482
888	482
888	481
885	481
885	479
879	479
879	478
877	478
877	477
876	477
876	476
874	476
874	475
871	475
871	474
869	474
869	473
868	473
868	472
866	472
866	471
863	471
863	470
862	470
862	467
860	467
860	466
857	466
857	465
855	465
855	464
854	464
854	463
853	463
853	462
852	462
852	460
849	460
849	459
848	459
848	458
847	458
847	457
846	457
846	456
845	456
845	455
843	455
843	452
839	452
839	449
838	449
838	448
837	448
837	447
835	447
835	446
834	446
834	444
837	444
837	443
838	443
838	442
842	442
842	441
843	441
843	432
841	432
841	431
836	431
836	430
829	430
829	427
827	427
827	426
826	426
826	425
824	425
824	423
823	423
823	422
820	422
820	420
819	420
819	419
816	419
816	418
815	418
815	415
810	415
810	414
809	414
809	411
808	411
808	410
806	410
806	409
805	409
805	408
804	408
804	407
803	407
803	406
801	406
801	405
799	405
799	403
798	403
798	402
797	402
797	401
796	401
796	400
795	400
795	399
793	399
793	398
792	398
792	397
791	397
791	396
790	396
790	395
788	395
788	393
787	393
787	392
786	392
786	390
784	390
784	388
783	388
783	386
782	386
782	385
783	385
783	383
784	383
784	382
787	382
787	380
789	380
789	379
790	379
790	380
791	380
791	378
792	378
792	371
791	371
791	370
792	370
792	369
790	369
790	368
788	368
788	366
786	366
786	365
782	365
782	363
780	363
780	361
779	361
779	360
778	360
778	359
776	359
776	358
775	358
775	357
774	357
774	356
773	356
773	354
771	354
771	353
770	353
770	350
769	350
769	349
768	349
768	345
765	345
765	343
764	343
764	341
763	341
763	340
764	340
764	339
762	339
762	338
761	338
761	337
760	337
760	336
759	336
759	332
755	332
755	327
754	327
754	326
751	326
751	324
749	324
749	322
748	322
748	321
747	321
747	320
745	320
745	317
743	317
743	316
742	316
742	315
741	315
741	314
740	314
740	313
739	313
739	312
737	312
737	308
736	308
736	307
735	307
735	305
734	305
734	301
733	301
733	300
737	300
737	290
736	290
736	284
733	284
733	281
732	281
732	280
731	280
731	279
730	279
730	274
729	274
729	275
728	275
728	274
729	274
729	273
727	273
727	270
726	270
726	268
725	268
725	265
724	265
724	261
722	261
722	259
721	259
721	258
722	258
722	257
721	257
721	256
718	256
718	252
717	252
717	251
716	251
716	248
715	248
715	247
714	247
714	243
713	243
713	242
712	242
712	238
711	238
711	236
710	236
710	235
709	235
709	233
707	233
707	232
705	232
705	227
704	227
704	224
703	224
703	223
702	223
702	221
701	221
701	219
700	219
700	218
699	218
699	217
698	217
698	214
697	214
697	213
696	213
696	211
695	211
695	209
694	209
694	207
695	207
695	206
694	206
694	205
693	205
693	204
692	204
692	202
691	202
691	200
689	200
689	195
686	195
686	191
684	191
684	190
682	190
682	186
681	186
681	185
682	185
682	184
680	184
680	183
679	183
679	181
678	181
678	177
676	177
676	176
675	176
675	172
673	172
673	169
672	169
672	167
670	167
670	163
669	163
669	157
668	157
668	156
669	156
669	155
670	155
670	156
673	156
673	157
674	157
674	158
677	158
677	159
678	159
678	161
680	161
680	162
682	162
682	163
683	163
683	166
686	166
686	168
687	168
687	169
690	169
690	170
691	170
691	171
692	171
692	172
693	172
693	173
694	173
694	174
696	174
696	175
697	175
697	176
698	176
698	177
699	177
699	178
700	178
700	179
701	179
701	181
705	181
705	182
706	182
706	183
707	183
707	185
709	185
709	186
710	186
710	187
711	187
711	188
713	188
713	189
714	189
714	190
715	190
715	192
716	192
716	193
718	193
718	194
719	194
719	195
721	195
721	196
722	196
722	198
725	198
725	201
726	201
726	203
728	203
728	204
731	204
731	205
734	205
734	207
736	207
736	209
737	209
737	210
738	210
738	211
741	211
741	214
743	214
743	215
744	215
744	214
745	214
745	215
747	215
747	216
748	216
748	217
749	217
749	218
752	218
752	219
753	219
753	220
754	220
754	222
755	222
755	223
758	223
758	224
760	224
760	225
762	225
762	226
763	226
763	227
766	227
766	229
767	229
767	230
771	230
771	232
772	232
772	233
775	233
775	234
776	234
776	235
777	235
777	236
779	236
779	239
780	239
780	240
782	240
782	241
784	241
784	243
785	243
785	245
796	245
796	244
798	244
798	242
799	242
799	235
800	235
800	238
801	238
801	240
802	240
802	241
808	241
808	242
809	242
809	243
810	243
810	244
813	244
813	246
815	246
815	247
816	247
816	248
818	248
818	251
821	251
821	253
823	253
823	254
824	254
824	255
825	255
825	256
827	256
827	258
830	258
830	259
831	259
831	260
832	260
832	262
833	262
833	263
836	263
836	264
837	264
837	265
838	265
838	266
839	266
839	267
840	267
840	268
841	268
841	269
843	269
843	271
844	271
844	272
846	272
846	273
849	273
849	274
850	274
850	275
851	275
851	276
852	276
852	277
853	277
853	278
854	278
854	279
855	279
855	281
857	281
857	282
858	282
858	285
859	285
859	286
860	286
860	287
867	287
867	286
869	286
869	284
870	284
870	283
871	283
871	282
872	282
872	280
873	280
873	279
874	279
874	278
876	278
876	277
877	277
877	276
886	276
886	281
890	281
890	284
892	284
892	286
893	286
893	287
895	287
895	288
894	288
894	289
895	289
895	290
896	290
896	291
898	291
898	293
900	293
900	295
901	295
901	296
904	296
904	301
905	301
905	302
906	302
906	303
907	303
907	305
909	305
909	307
910	307
910	308
911	308
911	311
912	311
912	312
915	312
915	314
916	314
916	316
917	316
917	318
919	318
919	320
920	320
920	322
921	322
921	324
922	324
922	325
923	325
923	326
924	326
924	328
925	328
925	331
926	331
926	334
935	334
935	332
936	332
936	331
937	331
937	330
938	330
938	329
939	329
939	327
940	327
940	324
941	324
941	322
943	322
943	323
944	323
944	325
945	325
945	326
948	326
948	327
949	327
949	328
951	328
951	330
953	330
953	332
954	332
954	333
956	333
956	334
957	334
957	335
958	335
958	337
960	337
960	339
961	339
961	340
963	340
963	342
966	342
966	346
967	346
967	347
969	347
969	349
970	349
970	348
971	348
971	350
970	350
970	351
973	351
973	352
974	352
974	353
976	353
976	355
977	355
977	356
978	356
978	357
979	357
979	359
981	359
981	361
982	361
982	363
984	363
984	366
985	366
985	367
986	367
986	369
987	369
987	370
988	370
988	372
989	372
989	373
990	373
990	374
991	374
991	377
993	377
993	381
994	381
994	382
995	382
995	383
996	383
996	384
998	384
998	383
999	383
999	384
1002	384
1002	383
1004	383
1004	382
1005	382
1005	381
1006	381
1006	379
1007	379
1007	376
1008	376
1008	375
1009	375
1009	373
1010	373
1010	371
1011	371
1011	373
1012	373
1012	374
1013	374
1013	375
1016	375
1016	376
1018	376
1018	378
1019	378
1019	379
1020	379
1020	381
1021	381
1021	383
1022	383
1022	384
1023	384
1023	386
1024	386
1024	388
1025	388
1025	389
1026	389
1026	390
1027	390
1027	393
1028	393
1028	395
1029	395
1029	396
1030	396
1030	397
1031	397
1031	399
1032	399
1032	401
1033	401
1033	402
1034	402
1034	403
1035	403
1035	405
1036	405
1036	407
1037	407
1037	408
1038	408
1038	412
1040	412
1040	414
1041	414
1041	416
1042	416
1042	418
1043	418
1043	420
1044	420
1044	422
1045	422
1045	423
1046	423
1046	426
1047	426
1047	427
1048	427
1048	429
1049	429
1049	431
1050	431
1050	433
1051	433
1051	435
1052	435
1052	436
1053	436
1053	440
1054	440
1054	442
1055	442
1055	444
1056	444
1056	446
1057	446
1057	447
1058	447
1058	446
1061	446
1061	447
1063	447
1063	446
1064	446
1064	445
1067	445
1067	443
1068	443
1068	440
1069	440
1069	441
1070	441
1070	443
1071	443
1071	445
1073	445
1073	447
1074	447
1074	449
1075	449
1075	450
1076	450
1076	451
1078	451
1078	461
1079	461
1079	466
1080	466
1080	468
1081	468
1081	471
1082	471
1082	476
1083	476
1083	478
1084	478
1084	485
1085	485
1085	487
1087	487
1087	492
1088	492
1088	496
1089	496
1089	501
1090	501
1090	505
1091	505
1091	506
1092	506
1092	510
1093	510
1093	511
1094	511
1094	515
1098	515
1098	519
1099	519
1099	520
1100	520
1100	524
1101	524
1101	526
1102	526
1102	538
1103	538
1103	547
1104	547
1104	550
1105	550
1105	562
1104	562
1104	580
1105	580
1105	581
1106	581
1106	580
1107	580
1107	581
1112	581
1112	580
1114	580
1114	581
1115	581
1115	580
1116	580
1116	579
1117	579
1117	578
1119	578
1119	565
1117	565
1117	563
1116	563
1116	556
1115	556
1115	555
1114	555
1114	540
1113	540
1113	536
1114	536
1114	525
1115	525
1115	522
1116	522
1116	516
1117	516
1117	515
1120	515
1120	513
1121	513
1121	511
1120	511
1120	504
1119	504
1119	503
1120	503
1120	501
1125	501
1125	497
1126	497
1126	494
1127	494
1127	491
1128	491
1128	487
1129	487
1129	486
1130	486
1130	483
1131	483
1131	482
1133	482
1133	478
1134	478
1134	475
1135	475
1135	473
1137	473
1137	470
1138	470
1138	462
1140	462
1140	460
1142	460
1142	457
1143	457
1143	454
1144	454
1144	452
1145	452
1145	450
1146	450
1146	449
1147	449
1147	446
1148	446
1148	443
1149	443
1149	440
1151	440
1151	439
1152	439
1152	438
1151	438
1151	436
1152	436
1152	434
1153	434
1153	430
1154	430
1154	427
1155	427
1155	426
1156	426
1156	423
1157	423
1157	421
1158	421
1158	417
1159	417
1159	416
1161	416
1161	410
1163	410
1163	407
1165	407
1165	406
1166	406
1166	405
1167	405
1167	403
1169	403
1169	405
1170	405
1170	408
1171	408
1171	410
1172	410
1172	412
1173	412
1173	413
1174	413
1174	414
1175	414
1175	416
1176	416
1176	417
1184	417
1184	415
1185	415
1185	412
1186	412
1186	411
1187	411
1187	408
1188	408
1188	407
1189	407
1189	403
1190	403
1190	401
1192	401
1192	398
1194	398
1194	396
1195	396
1195	394
1196	394
1196	393
1198	393
1198	391
1199	391
1199	390
1200	390
1200	389
1202	389
1202	388
1203	388
1203	385
1204	385
1204	383
1207	383
1207	382
1208	382
1208	379
1209	379
1209	378
1210	378
1210	377
1211	377
1211	376
1212	376
1212	375
1213	375
1213	373
1214	373
1214	372
1215	372
1215	370
1217	370
1217	369
1218	369
1218	367
1219	367
1219	366
1220	366
1220	365
1221	365
1221	363
1222	363
1222	362
1223	362
1223	361
1224	361
1224	360
1225	360
1225	358
1226	358
1226	356
1230	356
1230	355
1231	355
1231	354
1232	354
1232	353
1234	353
1234	352
1239	352
1239	351
1240	351
1240	350
1241	350
1241	355
1242	355
1242	357
1243	357
1243	359
1251	359
1251	356
1252	356
1252	355
1253	355
1253	354
1254	354
1254	352
1255	352
1255	351
1256	351
1256	349
1257	349
1257	348
1258	348
1258	347
1259	347
1259	345
1260	345
1260	344
1261	344
1261	343
1262	343
1262	342
1264	342
1264	339
1265	339
1265	338
1266	338
1266	336
1267	336
1267	334
1268	334
1268	333
1270	333
1270	330
1271	330
1271	328
1272	328
1272	327
1273	327
1273	325
1274	325
1274	323
1275	323
1275	322
1276	322
1276	321
1277	321
1277	319
1279	319
1279	317
1280	317
1280	314
1282	314
1282	313
1283	313
1283	312
1282	312
1282	311
1283	311
1283	310
1284	310
1284	309
1285	309
1285	308
1287	308
1287	305
1288	305
1288	304
1290	304
1290	302
1291	302
1291	301
1292	301
1292	300
1293	300
1293	299
1294	299
1294	300
1295	300
1295	304
1296	304
1296	306
1297	306
1297	309
1298	309
1298	310
1299	310
1299	314
1308	314
1308	313
1309	313
1309	306
1310	306
1310	304
1311	304
1311	302
1312	302
1312	300
1313	300
1313	298
1314	298
1314	297
1315	297
1315	295
1317	295
1317	293
1318	293
1318	290
1320	290
1320	287
1321	287
1321	286
1322	286
1322	284
1323	284
1323	283
1324	283
1324	282
1325	282
1325	281
1326	281
1326	277
1328	277
1328	276
1329	276
1329	272
1330	272
1330	271
1331	271
1331	269
1332	269
1332	268
1333	268
1333	266
1334	266
1334	263
1335	263
1335	260
1336	260
1336	258
1338	258
1338	257
1339	257
1339	258
1342	258
1342	259
1343	259
1343	261
1345	261
1345	262
1347	262
1347	263
1348	263
1348	262
1350	262
1350	263
1351	263
1351	262
1353	262
1353	261
1354	261
1354	260
1355	260
1355	259
1356	259
1356	258
1357	258
1357	257
1358	257
1358	255
1359	255
1359	254
1360	254
1360	253
1362	253
1362	251
1363	251
1363	250
1364	250
1364	249
1365	249
1365	250
1366	250
1366	252
1367	252
1367	254
1375	254
1375	253
1376	253
1376	251
1377	251
1377	250
1378	250
1378	248
1379	248
1379	247
1380	247
1380	246
1381	246
1381	242
1382	242
1382	240
1385	240
1385	236
1386	236
1386	235
1390	235
1390	234
1391	234
1391	233
1392	233
1392	232
1394	232
1394	230
1395	230
1395	228
1398	228
1398	229
1399	229
1399	227
1400	227
1400	225
1402	225
1402	223
1403	223
1403	221
1406	221
1406	219
1407	219
1407	218
1409	218
1409	217
1410	217
1410	215
1413	215
1413	212
1414	212
1414	211
1415	211
1415	208
1416	208
1416	207
1418	207
1418	205
1419	205
1419	203
1420	203
1420	202
1421	202
1421	200
1422	200
1422	198
1423	198
1423	197
1424	197
1424	196
1425	196
1425	195
1426	195
1426	193
1427	193
1427	191
1428	191
1428	189
1429	189
1429	188
1430	188
1430	186
1431	186
1431	185
1432	185
1432	183
1433	183
1433	182
1434	182
1434	179
1435	179
1435	178
1436	178
1436	177
1437	177
1437	174
1438	174
1438	173
1439	173
1439	171
1440	171
1440	170
1441	170
1441	167
1442	167
1442	165
1444	165
1444	162
1445	162
1445	160
1446	160
1446	156
1447	156
1447	154
1448	154
1448	151
1449	151
1449	150
1450	150
1450	149
1451	149
1451	146
1452	146
1452	145
1453	145
1453	140
1454	140
1454	138
1455	138
1455	134
1456	134
1456	128
1457	128
1457	125
1458	125
1458	122
1460	122
1460	115
1461	115
1461	111
1462	111
1462	103
1461	103
1461	102
1460	102
1460	100
1461	100
1461	101
1463	101
1463	104
1465	104
1465	105
1467	105
1467	107
1468	107
1468	108
1469	108
1469	111
1470	111
1470	113
1471	113
1471	115
1472	115
1472	116
1471	116
1471	117
1472	117
1472	126
1473	126
1473	131
1472	131
1472	154
1471	154
1471	163
1470	163
1470	175
1469	175
1469	180
1468	180
1468	187
1467	187
1467	199
1466	199
1466	211
1465	211
1465	213
1464	213
1464	218
1463	218
1463	229
1462	229
1462	233
1461	233
1461	238
1460	238
1460	246
1459	246
1459	247
1458	247
1458	260
1463	260
1463	262
1462	262
1462	266
1461	266
1461	270
1460	270
1460	274
1459	274
1459	275
1458	275
1458	277
1457	277
1457	280
1456	280
1456	284
1454	284
1454	285
1453	285
1453	289
1452	289
1452	290
1451	290
1451	293
1449	293
1449	298
1447	298
1447	302
1446	302
1446	303
1444	303
1444	307
1443	307
1443	315
1438	315
1438	316
1437	316
1437	318
1436	318
1436	319
1435	319
1435	320
1434	320
1434	328
1435	328
1435	329
1436	329
1436	330
1438	330
1438	331
1443	331
1443	336
1442	336
1442	340
1440	340
1440	342
1439	342
1439	346
1438	346
1438	349
1437	349
1437	350
1435	350
1435	354
1434	354
1434	355
1433	355
1433	357
1432	357
1432	359
1430	359
1430	362
1429	362
1429	364
1428	364
1428	366
1427	366
1427	368
1426	368
1426	369
1425	369
1425	372
1424	372
1424	373
1423	373
1423	374
1422	374
1422	376
1421	376
1421	377
1420	377
1420	378
1419	378
1419	381
1417	381
1417	382
1415	382
1415	383
1414	383
1414	384
1413	384
1413	385
1414	385
1414	386
1413	386
1413	387
1411	387
1411	389
1410	389
1410	388
1409	388
1409	391
1408	391
1408	392
1407	392
1407	393
1406	393
1406	394
1403	394
1403	395
1402	395
1402	398
1397	398
1397	399
1396	399
1396	408
1397	408
1397	409
1398	409
1398	410
1400	410
1400	411
1401	411
1401	412
1402	412
1402	413
1407	413
1407	416
1405	416
1405	418
1404	418
1404	419
1403	419
1403	420
1402	420
1402	422
1401	422
1401	424
1398	424
1398	425
1397	425
1397	428
1395	428
1395	429
1393	429
1393	431
1392	431
1392	432
1390	432
1390	433
1389	433
1389	434
1387	434
1387	435
1386	435
1386	436
1385	436
1385	437
1384	437
1384	438
1379	438
1379	440
1377	440
1377	441
1376	441
1376	442
1374	442
1374	444
1371	444
1371	446
1370	446
1370	447
1368	447
1368	448
1365	448
1365	449
1364	449
1364	450
1361	450
1361	451
1360	451
1360	453
1356	453
1356	454
1355	454
1355	455
1352	455
1352	456
1347	456
1347	457
1345	457
1345	459
1344	459
1344	465
1345	465
1345	466
1346	466
1346	467
1350	467
1350	468
1352	468
1352	469
1353	469
1353	470
1352	470
1352	471
1351	471
1351	472
1350	472
1350	475
1346	475
1346	476
1342	476
1342	477
1341	477
1341	479
1337	479
1337	481
1336	481
1336	482
1335	482
1335	483
1334	483
1334	484
1333	484
1333	485
1328	485
1328	486
1327	486
1327	487
1326	487
1326	488
1323	488
1323	489
1321	489
1321	490
1318	490
1318	491
1317	491
1317	492
1316	492
1316	493
1315	493
1315	492
1314	492
1314	494
1313	494
1313	495
1312	495
1312	494
1310	494
1310	495
1309	495
1309	496
1308	496
1308	497
1304	497
1304	499
1300	499
1300	500
1299	500
1299	501
1298	501
1298	502
1295	502
1295	503
1289	503
1289	504
1280	504
1280	512
1281	512
1281	513
1285	513
1285	514
1286	514
1286	515
1287	515
1287	519
1289	519
1289	520
1290	520
1290	519
1292	519
1292	520
1293	520
1293	519
1296	519
1296	518
1302	518
1302	516
1303	516
1303	515
1307	515
1307	514
1310	514
1310	512
1312	512
1312	513
1311	513
1311	524
1312	524
1312	526
1313	526
1313	525
1314	525
1314	526
1315	526
1315	525
1316	525
1316	526
1319	526
1319	525
1321	525
1321	524
1323	524
1323	522
1324	522
1324	520
1330	520
1330	519
1331	519
1331	518
1332	518
1332	517
1333	517
1333	516
1334	516
1334	515
1340	515
1340	514
1341	514
1341	512
1348	512
1348	510
1352	510
1352	509
1353	509
1353	508
1358	508
1358	506
1359	506
1359	505
1363	505
1363	504
1364	504
1364	503
1367	503
1367	501
1371	501
1371	500
1372	500
1372	499
1375	499
1375	498
1380	498
1380	497
1382	497
1382	496
1393	496
1393	495
1394	495
1394	494
1396	494
1396	496
1395	496
1395	514
1403	514
1403	511
1406	511
1406	510
1409	510
1409	508
1412	508
1412	507
1417	507
1417	506
1421	506
1421	505
1423	505
1423	504
1428	504
1428	503
1435	503
1435	502
1436	502
1436	501
1445	501
1445	500
1447	500
1447	499
1448	499
1448	498
1451	498
1451	499
1454	499
1454	498
1456	498
1456	496
1464	496
1464	495
1469	495
1469	494
1478	494
1478	493
1480	493
1480	492
1485	492
1485	494
1483	494
1483	495
1482	495
1482	496
1481	496
1481	502
1480	502
1480	515
1487	515
1487	514
1488	514
1488	511
1495	511
1495	510
1497	510
1497	508
1498	508
1498	507
1506	507
1506	506
1511	506
1511	504
1518	504
1518	503
1519	503
1519	501
1520	501
1520	502
1528	502
1528	501
1531	501
1531	500
1533	500
1533	499
1538	499
1538	498
1544	498
1544	497
1545	497
1545	496
1554	496
1554	495
1561	495
1561	494
1562	494
1562	495
1565	495
1565	494
1566	494
1566	497
1565	497
1565	501
1564	501
1564	505
1563	505
1563	515
1577	515
1577	514
1578	514
1578	513
1580	513
1580	512
1581	512
1581	511
1582	511
1582	512
1585	512
1585	511
1587	511
1587	510
1590	510
1590	511
1593	511
1593	510
1599	510
1599	511
1600	511
1600	510
1610	510
1610	511
1611	511
1611	510
1613	510
1613	509
1618	509
1618	508
1622	508
1622	509
1626	509
1626	510
1630	510
1630	511
1638	511
1638	512
1640	512
1640	514
1638	514
1638	516
1636	516
1636	518
1635	518
1635	521
1634	521
1634	523
1633	523
1633	526
1632	526
1632	534
1642	534
1642	533
1643	533
1643	534
1646	534
1646	533
1647	533
1647	532
1657	532
1657	531
1659	531
1659	530
1670	530
1670	529
1688	529
1688	528
1694	528
1694	527
1702	527
1702	528
1706	528
1706	529
1710	529
1710	530
1711	530
1711	531
1717	531
1717	532
1720	532
1720	535
1717	535
1717	536
1716	536
1716	537
1714	537
1714	539
1713	539
1713	541
1711	541
1711	542
1710	542
1710	546
1709	546
1709	548
1708	548
1708	557
1716	557
1716	556
1718	556
1718	554
1735	554
1735	555
1744	555
1744	556
1753	556
1753	557
1775	557
1775	558
1780	558
1780	559
1782	559
1782	560
1784	560
1784	559
1785	559
1785	560
1787	560
1787	561
1790	561
1790	563
1788	563
1788	564
1786	564
1786	565
1785	565
1785	569
1783	569
1783	570
1782	570
1782	580
1783	580
1783	581
1814	581
1814	582
1848	582
1848	583
1849	583
1849	584
1850	584
1850	583
1852	583
1852	584
1855	584
1855	585
1856	585
1856	586
1855	586
1855	587
1854	587
1854	588
1853	588
1853	591
1852	591
1852	593
1851	593
1851	597
1850	597
1850	598
1851	598
1851	604
1862	604
1862	603
1865	603
1865	602
1867	602
1867	603
1871	603
1871	604
1883	604
1883	605
1887	605
1887	606
1888	606
1888	605
1893	605
1893	606
1897	606
1897	607
1905	607
1905	605
1907	605
1907	608
1914	608
1914	609
1917	609
1917	610
1922	610
1922	611
1930	611
1930	614
1929	614
1929	622
1930	622
1930	623
1937	623
1937	624
1945	624
1945	625
1951	625
1951	626
1954	626
1954	627
1957	627
1957	628
1960	628
1960	629
1961	629
1961	630
1963	630
1963	631
1964	631
1964	632
1976	632
1976	634
1981	634
1981	635
1985	635
1985	636
1992	636
1992	637
2000	637
2000	638
2002	638
2002	639
2003	639
2003	638
2004	638
2004	639
2008	639
2008	640
2010	640
