1553	690
1552	690
1552	691
1553	691
1553	702
1555	702
1555	703
1561	703
1561	704
1562	704
1562	707
1566	707
1566	708
1570	708
1570	710
1572	710
1572	711
1574	711
1574	712
1575	712
1575	714
1578	714
1578	715
1579	715
1579	716
1580	716
1580	718
1582	718
1582	719
1584	719
1584	720
1586	720
1586	721
1589	721
1589	725
1590	725
1590	726
1593	726
1593	730
1595	730
1595	731
1596	731
1596	733
1597	733
1597	734
1602	734
1602	736
1606	736
1606	737
1607	737
1607	738
1609	738
1609	739
1610	739
1610	741
1611	741
1611	742
1614	742
1614	743
1615	743
1615	744
1616	744
1616	746
1617	746
1617	747
1619	747
1619	748
1620	748
1620	751
1622	751
1622	752
1623	752
1623	753
1624	753
1624	758
1625	758
1625	757
1626	757
1626	758
1627	758
1627	759
1628	759
1628	762
1625	762
1625	763
1624	763
1624	766
1623	766
1623	767
1622	767
1622	768
1617	768
1617	769
1616	769
1616	772
1615	772
1615	773
1614	773
1614	774
1613	774
1613	775
1608	775
1608	776
1607	776
1607	790
1613	790
1613	791
1614	791
1614	792
1615	792
1615	793
1616	793
1616	796
1617	796
1617	797
1620	797
1620	796
1621	796
1621	797
1625	797
1625	799
1626	799
1626	800
1628	800
1628	801
1629	801
1629	802
1631	802
1631	801
1632	801
1632	802
1633	802
1633	804
1634	804
1634	805
1635	805
1635	806
1637	806
1637	807
1639	807
1639	808
1641	808
1641	809
1642	809
1642	813
1643	813
1643	814
1649	814
1649	815
1651	815
1651	818
1656	818
1656	819
1657	819
1657	820
1659	820
1659	821
1660	821
1660	823
1661	823
1661	824
1663	824
1663	826
1664	826
1664	828
1666	828
1666	831
1667	831
1667	832
1672	832
1672	833
1675	833
1675	834
1676	834
1676	836
1677	836
1677	837
1678	837
1678	841
1681	841
1681	842
1687	842
1687	849
1688	849
1688	850
1689	850
1689	851
1690	851
1690	853
1689	853
1689	854
1688	854
1688	855
1687	855
1687	856
1686	856
1686	857
1685	857
1685	858
1678	858
1678	865
1675	865
1675	866
1674	866
1674	867
1669	867
1669	870
1668	870
1668	871
1667	871
1667	872
1665	872
1665	873
1662	873
1662	874
1660	874
1660	875
1659	875
1659	876
1660	876
1660	888
1661	888
1661	889
1664	889
1664	890
1665	890
1665	891
1668	891
1668	892
1669	892
1669	893
1670	893
1670	895
1673	895
1673	896
1675	896
1675	897
1676	897
1676	899
1677	899
1677	900
1678	900
1678	903
1679	903
1679	904
1683	904
1683	905
1684	905
1684	906
1685	906
1685	908
1686	908
1686	909
1687	909
1687	912
1688	912
1688	913
1696	913
1696	915
1695	915
1695	916
1696	916
1696	921
1698	921
1698	922
1704	922
1704	923
1705	923
1705	925
1710	925
1710	930
1711	930
1711	931
1713	931
1713	933
1714	933
1714	939
1720	939
1720	940
1722	940
1722	941
1723	941
1723	943
1724	943
1724	944
1725	944
1725	945
1726	945
1726	946
1727	946
1727	947
1728	947
1728	948
1729	948
1729	949
1731	949
1731	952
1732	952
1732	957
1736	957
1736	959
1737	959
1737	962
1738	962
1738	964
1739	964
1739	965
1740	965
1740	971
1741	971
1741	976
1740	976
1740	978
1736	978
1736	979
1735	979
1735	980
1734	980
1734	981
1732	981
1732	982
1728	982
1728	983
1723	983
1723	985
1722	985
1722	986
1720	986
1720	987
1713	987
1713	988
1709	988
1709	989
1708	989
1708	1002
1707	1002
1707	1003
1710	1003
1710	1004
1713	1004
1713	1006
1714	1006
1714	1010
1715	1010
1715	1011
1719	1011
1719	1012
1720	1012
1720	1013
1721	1013
1721	1015
1722	1015
1722	1016
1723	1016
1723	1020
1726	1020
1726	1021
1727	1021
1727	1024
1728	1024
1728	1025
1729	1025
1729	1026
1728	1026
1728	1028
1729	1028
1729	1029
1732	1029
1732	1030
1733	1030
1733	1031
1734	1031
1734	1032
1735	1032
1735	1034
1736	1034
1736	1035
1737	1035
1737	1036
1738	1036
1738	1037
1739	1037
1739	1038
1740	1038
1740	1040
1741	1040
1741	1041
1742	1041
1742	1042
1743	1042
1743	1043
1744	1043
1744	1044
1745	1044
1745	1045
1746	1045
1746	1047
1749	1047
1749	1054
1750	1054
1750	1055
1751	1055
1751	1056
1754	1056
1754	1057
1755	1057
1755	1059
1756	1059
1756	1061
1757	1061
1757	1062
1758	1062
1758	1063
1759	1063
1759	1064
1760	1064
1760	1066
1761	1066
1761	1067
1762	1067
1762	1068
1763	1068
1763	1071
1764	1071
1764	1073
1765	1073
1765	1074
1767	1074
1767	1081
1768	1081
1768	1082
1769	1082
1769	1087
1770	1087
1770	1093
1771	1093
1771	1095
1769	1095
1769	1096
1768	1096
1768	1097
1767	1097
1767	1098
1759	1098
1759	1099
1758	1099
1758	1101
1755	1101
1755	1102
1753	1102
1753	1103
1747	1103
1747	1104
1746	1104
1746	1105
1745	1105
1745	1106
1744	1106
1744	1119
1745	1119
1745	1120
1746	1120
1746	1122
1747	1122
1747	1123
1748	1123
1748	1124
1749	1124
1749	1126
1750	1126
1750	1127
1751	1127
1751	1128
1753	1128
1753	1131
1754	1131
1754	1134
1755	1134
1755	1136
1757	1136
1757	1137
1758	1137
1758	1142
1759	1142
1759	1144
1760	1144
1760	1145
1761	1145
1761	1146
1762	1146
1762	1150
1763	1150
1763	1151
1764	1151
1764	1152
1765	1152
1765	1154
1766	1154
1766	1155
1767	1155
1767	1160
1768	1160
1768	1163
1773	1163
1773	1164
1774	1164
1774	1167
1775	1167
1775	1168
1776	1168
1776	1172
1777	1172
1777	1173
1778	1173
1778	1174
1779	1174
1779	1178
1780	1178
1780	1180
1784	1180
1784	1181
1785	1181
1785	1198
1786	1198
1786	1199
1787	1199
1787	1204
1777	1204
1777	1205
1776	1205
1776	1206
1768	1206
1768	1207
1766	1207
1766	1208
1763	1208
1763	1210
1762	1210
1762	1212
1763	1212
1763	1216
1762	1216
1762	1217
1763	1217
1763	1218
1762	1218
1762	1220
1763	1220
1763	1222
1765	1222
1765	1224
1766	1224
1766	1226
1767	1226
1767	1232
1768	1232
1768	1234
1771	1234
1771	1238
1772	1238
1772	1239
1773	1239
1773	1243
1774	1243
1774	1244
1776	1244
1776	1251
1777	1251
1777	1252
1778	1252
1778	1256
1779	1256
1779	1260
1780	1260
1780	1261
1781	1261
1781	1262
1782	1262
1782	1267
1783	1267
1783	1270
1785	1270
1785	1273
1788	1273
1788	1280
1789	1280
1789	1284
1791	1284
1791	1294
1792	1294
1792	1306
1785	1306
1785	1307
1783	1307
1783	1308
1778	1308
1778	1309
1777	1309
1777	1310
1776	1310
1776	1320
1777	1320
1777	1321
1776	1321
1776	1322
1777	1322
1777	1323
1778	1323
1778	1324
1777	1324
1777	1325
1779	1325
1779	1327
1780	1327
1780	1332
1781	1332
1781	1333
1782	1333
1782	1335
1783	1335
1783	1337
1784	1337
1784	1341
1785	1341
1785	1349
1786	1349
1786	1350
1788	1350
1788	1352
1789	1352
1789	1356
1790	1356
1790	1358
1791	1358
1791	1360
1792	1360
1792	1361
1794	1361
1794	1368
1795	1368
1795	1370
1796	1370
1796	1378
1798	1378
1798	1387
1799	1387
1799	1390
1800	1390
1800	1394
1801	1394
1801	1396
1802	1396
1802	1397
1803	1397
1803	1403
1804	1403
1804	1404
1806	1404
1806	1405
1807	1405
1807	1408
1808	1408
1808	1409
1809	1409
1809	1412
1810	1412
1810	1413
1811	1413
1811	1414
1812	1414
1812	1416
1811	1416
1811	1417
1812	1417
1812	1418
1814	1418
1814	1419
1815	1419
1815	1421
1816	1421
1816	1423
1817	1423
1817	1424
1818	1424
1818	1425
1819	1425
1819	1429
1820	1429
1820	1430
1821	1430
1821	1431
1823	1431
1823	1432
1824	1432
1824	1437
1825	1437
1825	1440
1829	1440
1829	1443
1830	1443
1830	1448
1833	1448
1833	1449
1834	1449
1834	1451
1835	1451
1835	1453
1836	1453
1836	1454
1837	1454
1837	1455
1838	1455
1838	1457
1842	1457
1842	1458
1843	1458
1843	1463
1844	1463
1844	1464
1845	1464
1845	1466
1846	1466
1846	1467
1847	1467
1847	1471
1848	1471
1848	1475
1852	1475
1852	1476
1853	1476
1853	1477
1854	1477
1854	1480
1856	1480
1856	1482
1857	1482
1857	1484
1860	1484
1860	1485
1861	1485
1861	1487
1863	1487
1863	1488
1864	1488
1864	1490
1865	1490
1865	1492
1866	1492
1866	1493
1867	1493
1867	1494
1868	1494
1868	1495
1869	1495
1869	1498
1870	1498
1870	1499
1872	1499
1872	1501
1873	1501
1873	1503
1874	1503
1874	1504
1875	1504
1875	1506
1876	1506
1876	1507
1881	1507
1881	1511
1883	1511
1883	1517
1884	1517
1884	1518
1883	1518
1883	1519
1884	1519
1884	1520
1886	1520
1886	1521
1887	1521
1887	1522
1888	1522
1888	1523
1890	1523
1890	1526
1891	1526
1891	1527
1892	1527
1892	1529
1893	1529
1893	1530
1894	1530
1894	1531
1895	1531
1895	1532
1896	1532
1896	1535
1897	1535
1897	1536
1898	1536
1898	1537
1899	1537
1899	1538
1900	1538
1900	1539
1901	1539
1901	1545
1902	1545
1902	1547
1905	1547
1905	1548
1906	1548
1906	1549
1907	1549
1907	1551
1905	1551
1905	1552
1904	1552
1904	1551
1897	1551
1897	1550
1894	1550
1894	1549
1893	1549
1893	1548
1885	1548
1885	1546
1884	1546
1884	1545
1876	1545
1876	1544
1875	1544
1875	1543
1872	1543
1872	1542
1869	1542
1869	1541
1867	1541
1867	1540
1864	1540
1864	1539
1862	1539
1862	1538
1859	1538
1859	1536
1856	1536
1856	1535
1855	1535
1855	1534
1854	1534
1854	1533
1852	1533
1852	1532
1851	1532
1851	1531
1850	1531
1850	1528
1848	1528
1848	1527
1844	1527
1844	1526
1843	1526
1843	1525
1841	1525
1841	1524
1840	1524
1840	1519
1839	1519
1839	1518
1834	1518
1834	1517
1832	1517
1832	1516
1831	1516
1831	1514
1829	1514
1829	1513
1828	1513
1828	1512
1827	1512
1827	1510
1825	1510
1825	1509
1822	1509
1822	1508
1821	1508
1821	1507
1819	1507
1819	1504
1818	1504
1818	1502
1817	1502
1817	1501
1816	1501
1816	1500
1814	1500
1814	1498
1813	1498
1813	1494
1805	1494
1805	1488
1804	1488
1804	1486
1801	1486
1801	1485
1799	1485
1799	1484
1798	1484
1798	1483
1797	1483
1797	1481
1795	1481
1795	1480
1794	1480
1794	1479
1791	1479
1791	1478
1790	1478
1790	1475
1789	1475
1789	1474
1788	1474
1788	1471
1786	1471
1786	1470
1785	1470
1785	1469
1783	1469
1783	1468
1782	1468
1782	1467
1780	1467
1780	1465
1779	1465
1779	1463
1776	1463
1776	1461
1775	1461
1775	1458
1774	1458
1774	1456
1772	1456
1772	1455
1770	1455
1770	1451
1769	1451
1769	1447
1768	1447
1768	1446
1765	1446
1765	1445
1764	1445
1764	1444
1763	1444
1763	1443
1762	1443
1762	1442
1761	1442
1761	1441
1760	1441
1760	1438
1755	1438
1755	1434
1754	1434
1754	1433
1753	1433
1753	1432
1752	1432
1752	1430
1751	1430
1751	1429
1750	1429
1750	1428
1749	1428
1749	1427
1748	1427
1748	1426
1746	1426
1746	1425
1745	1425
1745	1421
1744	1421
1744	1420
1742	1420
1742	1419
1740	1419
1740	1417
1739	1417
1739	1415
1738	1415
1738	1414
1737	1414
1737	1413
1736	1413
1736	1412
1735	1412
1735	1411
1734	1411
1734	1410
1733	1410
1733	1403
1732	1403
1732	1402
1729	1402
1729	1401
1728	1401
1728	1400
1727	1400
1727	1398
1726	1398
1726	1396
1725	1396
1725	1390
1721	1390
1721	1389
1720	1389
1720	1390
1710	1390
1710	1391
1708	1391
1708	1390
1706	1390
1706	1389
1704	1389
1704	1388
1703	1388
1703	1387
1702	1387
1702	1385
1698	1385
1698	1380
1697	1380
1697	1376
1696	1376
1696	1375
1694	1375
1694	1374
1693	1374
1693	1373
1692	1373
1692	1372
1691	1372
1691	1371
1690	1371
1690	1370
1689	1370
1689	1368
1690	1368
1690	1367
1689	1367
1689	1366
1687	1366
1687	1365
1686	1365
1686	1363
1685	1363
1685	1361
1684	1361
1684	1360
1683	1360
1683	1359
1682	1359
1682	1355
1681	1355
1681	1353
1675	1353
1675	1344
1674	1344
1674	1343
1675	1343
1675	1341
1674	1341
1674	1340
1673	1340
1673	1339
1672	1339
1672	1336
1671	1336
1671	1332
1670	1332
1670	1329
1669	1329
1669	1328
1660	1328
1660	1327
1658	1327
1658	1326
1655	1326
1655	1323
1654	1323
1654	1324
1653	1324
1653	1323
1652	1323
1652	1322
1650	1322
1650	1321
1649	1321
1649	1313
1647	1313
1647	1311
1646	1311
1646	1305
1645	1305
1645	1304
1644	1304
1644	1296
1643	1296
1643	1295
1642	1295
1642	1294
1641	1294
1641	1293
1642	1293
1642	1292
1641	1292
1641	1290
1640	1290
1640	1286
1625	1286
1625	1287
1624	1287
1624	1289
1623	1289
1623	1290
1622	1290
1622	1291
1621	1291
1621	1292
1620	1292
1620	1293
1619	1293
1619	1294
1618	1294
1618	1295
1614	1295
1614	1297
1613	1297
1613	1298
1612	1298
1612	1299
1611	1299
1611	1301
1608	1301
1608	1299
1606	1299
1606	1298
1604	1298
1604	1297
1602	1297
1602	1295
1599	1295
1599	1294
1598	1294
1598	1293
1597	1293
1597	1292
1596	1292
1596	1291
1594	1291
1594	1289
1593	1289
1593	1287
1592	1287
1592	1286
1590	1286
1590	1285
1589	1285
1589	1282
1588	1282
1588	1280
1586	1280
1586	1277
1585	1277
1585	1274
1584	1274
1584	1273
1583	1273
1583	1270
1582	1270
1582	1269
1581	1269
1581	1260
1578	1260
1578	1259
1577	1259
1577	1258
1576	1258
1576	1256
1575	1256
1575	1253
1574	1253
1574	1251
1573	1251
1573	1249
1572	1249
1572	1242
1567	1242
1567	1241
1566	1241
1566	1233
1565	1233
1565	1232
1564	1232
1564	1228
1563	1228
1563	1224
1562	1224
1562	1220
1561	1220
1561	1218
1560	1218
1560	1216
1559	1216
1559	1213
1558	1213
1558	1206
1557	1206
1557	1197
1555	1197
1555	1196
1554	1196
1554	1197
1553	1197
1553	1196
1543	1196
1543	1197
1540	1197
1540	1199
1539	1199
1539	1200
1536	1200
1536	1201
1534	1201
1534	1202
1531	1202
1531	1203
1530	1203
1530	1204
1528	1204
1528	1205
1527	1205
1527	1206
1525	1206
1525	1207
1522	1207
1522	1208
1521	1208
1521	1209
1519	1209
1519	1210
1517	1210
1517	1211
1515	1211
1515	1210
1513	1210
1513	1209
1512	1209
1512	1206
1510	1206
1510	1204
1508	1204
1508	1203
1507	1203
1507	1201
1505	1201
1505	1200
1504	1200
1504	1190
1503	1190
1503	1188
1502	1188
1502	1187
1500	1187
1500	1183
1499	1183
1499	1181
1498	1181
1498	1178
1497	1178
1497	1177
1498	1177
1498	1175
1497	1175
1497	1173
1496	1173
1496	1165
1495	1165
1495	1161
1494	1161
1494	1153
1493	1153
1493	1152
1492	1152
1492	1144
1490	1144
1490	1143
1489	1143
1489	1140
1488	1140
1488	1135
1487	1135
1487	1133
1486	1133
1486	1128
1485	1128
1485	1125
1484	1125
1484	1119
1483	1119
1483	1116
1482	1116
1482	1115
1481	1115
1481	1114
1480	1114
1480	1113
1481	1113
1481	1096
1480	1096
1480	1095
1475	1095
1475	1096
1474	1096
1474	1095
1472	1095
1472	1096
1471	1096
1471	1095
1468	1095
1468	1096
1467	1096
1467	1097
1465	1097
1465	1098
1463	1098
1463	1099
1462	1099
1462	1100
1461	1100
1461	1101
1459	1101
1459	1102
1456	1102
1456	1103
1454	1103
1454	1104
1448	1104
1448	1105
1446	1105
1446	1108
1439	1108
1439	1107
1438	1107
1438	1106
1437	1106
1437	1105
1436	1105
1436	1104
1435	1104
1435	1103
1434	1103
1434	1102
1433	1102
1433	1101
1432	1101
1432	1099
1431	1099
1431	1098
1430	1098
1430	1094
1429	1094
1429	1090
1427	1090
1427	1089
1426	1089
1426	1086
1425	1086
1425	1084
1424	1084
1424	1079
1423	1079
1423	1072
1422	1072
1422	1064
1421	1064
1421	1055
1422	1055
1422	1054
1419	1054
1419	1053
1418	1053
1418	1047
1417	1047
1417	1043
1416	1043
1416	1041
1415	1041
1415	1038
1414	1038
1414	1028
1413	1028
1413	1027
1412	1027
1412	1019
1411	1019
1411	1018
1409	1018
1409	992
1408	992
1408	991
1393	991
1393	992
1392	992
1392	995
1390	995
1390	996
1388	996
1388	997
1385	997
1385	998
1376	998
1376	999
1374	999
1374	1000
1373	1000
1373	999
1372	999
1372	998
1370	998
1370	995
1369	995
1369	992
1368	992
1368	991
1367	991
1367	983
1363	983
1363	982
1360	982
1360	980
1361	980
1361	957
1360	957
1360	948
1359	948
1359	946
1358	946
1358	938
1356	938
1356	934
1355	934
1355	929
1340	929
1340	930
1339	930
1339	931
1338	931
1338	932
1337	932
1337	933
1334	933
1334	934
1331	934
1331	935
1330	935
1330	936
1326	936
1326	937
1321	937
1321	938
1305	938
1305	952
1306	952
1306	953
1309	953
1309	954
1310	954
1310	957
1311	957
1311	958
1312	958
1312	959
1313	959
1313	961
1314	961
1314	962
1315	962
1315	964
1316	964
1316	966
1317	966
1317	967
1318	967
1318	969
1320	969
1320	971
1321	971
1321	974
1322	974
1322	975
1324	975
1324	976
1325	976
1325	977
1327	977
1327	983
1328	983
1328	984
1332	984
1332	986
1333	986
1333	989
1334	989
1334	991
1335	991
1335	995
1336	995
1336	998
1337	998
1337	999
1338	999
1338	1001
1339	1001
1339	1007
1342	1007
1342	1009
1343	1009
1343	1011
1344	1011
1344	1012
1345	1012
1345	1013
1346	1013
1346	1018
1347	1018
1347	1020
1348	1020
1348	1021
1349	1021
1349	1023
1350	1023
1350	1026
1351	1026
1351	1027
1352	1027
1352	1030
1354	1030
1354	1031
1355	1031
1355	1033
1356	1033
1356	1039
1357	1039
1357	1046
1358	1046
1358	1047
1360	1047
1360	1051
1361	1051
1361	1052
1363	1052
1363	1054
1362	1054
1362	1062
1360	1062
1360	1063
1359	1063
1359	1062
1358	1062
1358	1063
1357	1063
1357	1064
1356	1064
1356	1065
1354	1065
1354	1066
1347	1066
1347	1067
1345	1067
1345	1069
1342	1069
1342	1070
1336	1070
1336	1068
1322	1068
1322	1069
1321	1069
1321	1082
1327	1082
1327	1084
1328	1084
1328	1086
1330	1086
1330	1091
1333	1091
1333	1092
1334	1092
1334	1094
1335	1094
1335	1095
1336	1095
1336	1096
1337	1096
1337	1097
1338	1097
1338	1098
1339	1098
1339	1101
1340	1101
1340	1102
1341	1102
1341	1103
1344	1103
1344	1107
1345	1107
1345	1109
1346	1109
1346	1110
1347	1110
1347	1114
1348	1114
1348	1118
1352	1118
1352	1119
1354	1119
1354	1127
1356	1127
1356	1132
1357	1132
1357	1136
1360	1136
1360	1139
1361	1139
1361	1142
1362	1142
1362	1143
1363	1143
1363	1145
1364	1145
1364	1146
1365	1146
1365	1148
1366	1148
1366	1153
1367	1153
1367	1154
1369	1154
1369	1155
1370	1155
1370	1157
1371	1157
1371	1160
1372	1160
1372	1163
1373	1163
1373	1167
1374	1167
1374	1174
1375	1174
1375	1184
1374	1184
1374	1186
1372	1186
1372	1187
1368	1187
1368	1186
1366	1186
1366	1187
1365	1187
1365	1188
1361	1188
1361	1187
1359	1187
1359	1188
1357	1188
1357	1189
1356	1189
1356	1192
1355	1192
1355	1191
1330	1191
1330	1207
1334	1207
1334	1210
1335	1210
1335	1211
1336	1211
1336	1213
1337	1213
1337	1214
1338	1214
1338	1216
1339	1216
1339	1217
1341	1217
1341	1219
1342	1219
1342	1222
1343	1222
1343	1223
1344	1223
1344	1224
1345	1224
1345	1225
1346	1225
1346	1226
1347	1226
1347	1231
1348	1231
1348	1234
1349	1234
1349	1235
1350	1235
1350	1236
1351	1236
1351	1239
1352	1239
1352	1240
1353	1240
1353	1242
1354	1242
1354	1244
1355	1244
1355	1246
1356	1246
1356	1249
1357	1249
1357	1252
1359	1252
1359	1255
1360	1255
1360	1258
1361	1258
1361	1262
1362	1262
1362	1263
1363	1263
1363	1264
1362	1264
1362	1265
1363	1265
1363	1270
1365	1270
1365	1276
1366	1276
1366	1279
1367	1279
1367	1280
1368	1280
1368	1284
1369	1284
1369	1288
1371	1288
1371	1289
1372	1289
1372	1291
1371	1291
1371	1310
1372	1310
1372	1311
1358	1311
1358	1312
1340	1312
1340	1311
1327	1311
1327	1312
1325	1312
1325	1326
1326	1326
1326	1327
1327	1327
1327	1329
1328	1329
1328	1330
1329	1330
1329	1333
1330	1333
1330	1341
1333	1341
1333	1342
1334	1342
1334	1346
1335	1346
1335	1347
1336	1347
1336	1348
1337	1348
1337	1350
1338	1350
1338	1354
1339	1354
1339	1359
1341	1359
1341	1360
1342	1360
1342	1362
1343	1362
1343	1364
1344	1364
1344	1367
1345	1367
1345	1368
1346	1368
1346	1369
1347	1369
1347	1374
1348	1374
1348	1376
1349	1376
1349	1377
1350	1377
1350	1378
1351	1378
1351	1379
1352	1379
1352	1382
1353	1382
1353	1383
1354	1383
1354	1384
1355	1384
1355	1386
1356	1386
1356	1389
1357	1389
1357	1390
1358	1390
1358	1392
1359	1392
1359	1395
1360	1395
1360	1397
1361	1397
1361	1401
1362	1401
1362	1404
1363	1404
1363	1411
1364	1411
1364	1412
1365	1412
1365	1417
1366	1417
1366	1420
1365	1420
1365	1429
1364	1429
1364	1435
1362	1435
1362	1437
1361	1437
1361	1438
1340	1438
1340	1437
1330	1437
1330	1436
1328	1436
1328	1437
1322	1437
1322	1436
1318	1436
1318	1437
1317	1437
1317	1451
1318	1451
1318	1454
1319	1454
1319	1455
1320	1455
1320	1459
1321	1459
1321	1466
1324	1466
1324	1471
1325	1471
1325	1475
1326	1475
1326	1478
1327	1478
1327	1480
1328	1480
1328	1484
1329	1484
1329	1486
1330	1486
1330	1493
1333	1493
1333	1495
1334	1495
1334	1507
1335	1507
1335	1510
1336	1510
1336	1511
1335	1511
1335	1512
1336	1512
1336	1515
1337	1515
1337	1520
1338	1520
1338	1528
1339	1528
1339	1546
1338	1546
1338	1552
1337	1552
1337	1553
1336	1553
1336	1556
1335	1556
1335	1557
1334	1557
1334	1558
1330	1558
1330	1557
1329	1557
1329	1558
1327	1558
1327	1557
1324	1557
1324	1555
1323	1555
1323	1556
1322	1556
1322	1554
1314	1554
1314	1553
1313	1553
1313	1552
1297	1552
1297	1553
1296	1553
1296	1556
1297	1556
1297	1557
1296	1557
1296	1568
1297	1568
1297	1570
1298	1570
1298	1571
1299	1571
1299	1573
1300	1573
1300	1582
1301	1582
1301	1583
1302	1583
1302	1587
1303	1587
1303	1600
1307	1600
1307	1610
1308	1610
1308	1611
1309	1611
1309	1615
1310	1615
1310	1617
1311	1617
1311	1621
1312	1621
1312	1635
1313	1635
1313	1636
1314	1636
1314	1646
1315	1646
1315	1653
1314	1653
1314	1657
1313	1657
1313	1661
1312	1661
1312	1662
1311	1662
1311	1666
1309	1666
1309	1667
1308	1667
1308	1668
1306	1668
1306	1669
1302	1669
1302	1665
1295	1665
1295	1664
1289	1664
1289	1663
1288	1663
1288	1662
1287	1662
1287	1661
1270	1661
1270	1675
1272	1675
1272	1676
1273	1676
1273	1677
1274	1677
1274	1680
1273	1680
1273	1681
1274	1681
1274	1694
1275	1694
1275	1712
1276	1712
1276	1732
1277	1732
1277	1733
1276	1733
1276	1734
1277	1734
1277	1735
1278	1735
1278	1739
1277	1739
1277	1743
1276	1743
1276	1756
1275	1756
1275	1758
1274	1758
1274	1760
1273	1760
1273	1762
1271	1762
1271	1763
1269	1763
1269	1762
1261	1762
1261	1761
1260	1761
1260	1760
1259	1760
1259	1759
1240	1759
1240	1793
1239	1793
1239	1800
1238	1800
1238	1852
1237	1852
1237	1864
1238	1864
1238	1870
1239	1870
1239	1876
1240	1876
1240	1912
1241	1912
1241	1922
1242	1922
1242	1929
1243	1929
1243	1932
1244	1932
1244	1935
1245	1935
1245	1946
1246	1946
1246	1950
1247	1950
1247	1957
1248	1957
1248	1958
1249	1958
1249	1976
1250	1976
1250	1977
1249	1977
1249	1978
1250	1978
1250	1981
1249	1981
1249	1982
1250	1982
1250	1984
1251	1984
1251	1985
1252	1985
1252	1989
1253	1989
1253	1991
1254	1991
1254	1992
1253	1992
1253	1995
1254	1995
1254	1997
1255	1997
1255	1999
1256	1999
1256	2002
1257	2002
1257	2003
1258	2003
1258	2017
1259	2017
1259	2020
1260	2020
1260	2024
1261	2024
1261	2028
1262	2028
1262	2037
1263	2037
1263	2038
1264	2038
1264	2040
1265	2040
1265	2064
1266	2064
1266	2080
1265	2080
1265	2081
1264	2081
1264	2083
1262	2083
1262	2081
1261	2081
1261	2080
1260	2080
1260	2079
1258	2079
1258	2078
1257	2078
1257	2077
1253	2077
1253	2073
1252	2073
1252	2071
1251	2071
1251	2070
1250	2070
1250	2069
1249	2069
1249	2068
1248	2068
1248	2066
1247	2066
1247	2065
1246	2065
1246	2064
1245	2064
1245	2062
1244	2062
1244	2061
1243	2061
1243	2060
1242	2060
1242	2059
1239	2059
1239	2057
1238	2057
1238	2054
1237	2054
1237	2052
1236	2052
1236	2050
1235	2050
1235	2048
1234	2048
1234	2045
1232	2045
1232	2044
1229	2044
1229	2039
1228	2039
1228	2037
1227	2037
1227	2035
1225	2035
1225	2033
1224	2033
1224	2032
1225	2032
1225	2031
1224	2031
1224	2028
1223	2028
1223	2027
1220	2027
1220	2026
1219	2026
1219	2025
1221	2025
1221	2024
1219	2024
1219	2023
1218	2023
1218	2022
1217	2022
1217	2021
1216	2021
1216	2019
1215	2019
1215	2017
1214	2017
1214	2016
1213	2016
1213	2014
1212	2014
1212	2012
1211	2012
1211	2010
1210	2010
1210	2009
1209	2009
1209	2004
1208	2004
1208	2001
1207	2001
1207	2000
1206	2000
1206	1999
1205	1999
1205	1998
1204	1998
1204	1993
1203	1993
1203	1992
1202	1992
1202	1991
1201	1991
1201	1989
1200	1989
1200	1986
1199	1986
1199	1985
1198	1985
1198	1983
1197	1983
1197	1981
1194	1981
1194	1980
1193	1980
1193	1968
1192	1968
1192	1964
1191	1964
1191	1961
1190	1961
1190	1960
1191	1960
1191	1957
1190	1957
1190	1956
1189	1956
1189	1953
1188	1953
1188	1947
1187	1947
1187	1945
1186	1945
1186	1946
1185	1946
1185	1939
1184	1939
1184	1937
1183	1937
1183	1933
1182	1933
1182	1931
1181	1931
1181	1929
1180	1929
1180	1924
1179	1924
1179	1920
1178	1920
1178	1919
1177	1919
1177	1918
1176	1918
1176	1916
1175	1916
1175	1915
1174	1915
1174	1910
1173	1910
1173	1903
1172	1903
1172	1902
1171	1902
1171	1894
1170	1894
1170	1893
1167	1893
1167	1886
1166	1886
1166	1884
1165	1884
1165	1880
1164	1880
1164	1876
1163	1876
1163	1875
1162	1875
1162	1868
1161	1868
1161	1867
1158	1867
1158	1857
1157	1857
1157	1856
1156	1856
1156	1854
1155	1854
1155	1849
1154	1849
1154	1847
1153	1847
1153	1823
1152	1823
1152	1822
1150	1822
1150	1821
1148	1821
1148	1822
1147	1822
1147	1821
1141	1821
1141	1822
1133	1822
1133	1825
1127	1825
1127	1824
1126	1824
1126	1823
1125	1823
1125	1822
1124	1822
1124	1820
1123	1820
1123	1817
1122	1817
1122	1816
1121	1816
1121	1813
1120	1813
1120	1809
1119	1809
1119	1804
1117	1804
1117	1802
1118	1802
1118	1801
1117	1801
1117	1800
1116	1800
1116	1799
1117	1799
1117	1746
1118	1746
1118	1744
1117	1744
1117	1736
1118	1736
1118	1733
1116	1733
1116	1732
1104	1732
1104	1733
1089	1733
1089	1735
1088	1735
1088	1736
1083	1736
1083	1733
1082	1733
1082	1729
1081	1729
1081	1724
1079	1724
1079	1718
1078	1718
1078	1714
1077	1714
1077	1708
1076	1708
1076	1699
1077	1699
1077	1691
1078	1691
1078	1685
1079	1685
1079	1682
1080	1682
1080	1680
1081	1680
1081	1676
1082	1676
1082	1668
1083	1668
1083	1665
1084	1665
1084	1663
1085	1663
1085	1652
1084	1652
1084	1650
1063	1650
1063	1651
1062	1651
1062	1652
1050	1652
1050	1650
1049	1650
1049	1648
1048	1648
1048	1644
1047	1644
1047	1643
1046	1643
1046	1627
1047	1627
1047	1617
1048	1617
1048	1607
1049	1607
1049	1603
1050	1603
1050	1600
1051	1600
1051	1593
1052	1593
1052	1591
1054	1591
1054	1584
1055	1584
1055	1582
1056	1582
1056	1574
1057	1574
1057	1570
1058	1570
1058	1548
1057	1548
1057	1547
1046	1547
1046	1548
1041	1548
1041	1549
1021	1549
1021	1548
1019	1548
1019	1537
1018	1537
1018	1536
1016	1536
1016	1528
1015	1528
1015	1511
1018	1511
1018	1509
1019	1509
1019	1500
1020	1500
1020	1494
1021	1494
1021	1492
1022	1492
1022	1485
1023	1485
1023	1484
1024	1484
1024	1476
1025	1476
1025	1474
1026	1474
1026	1469
1027	1469
1027	1465
1028	1465
1028	1461
1029	1461
1029	1458
1030	1458
1030	1438
1028	1438
1028	1437
1025	1437
1025	1438
1021	1438
1021	1437
1019	1437
1019	1436
1015	1436
1015	1437
1012	1437
1012	1436
1003	1436
1003	1435
989	1435
989	1434
988	1434
988	1433
989	1433
989	1432
987	1432
987	1429
986	1429
986	1423
985	1423
985	1395
986	1395
986	1391
988	1391
988	1386
991	1386
991	1385
992	1385
992	1380
993	1380
993	1377
994	1377
994	1372
995	1372
995	1369
996	1369
996	1366
997	1366
997	1362
998	1362
998	1359
1000	1359
1000	1358
1001	1358
1001	1351
1002	1351
1002	1350
1003	1350
1003	1345
1004	1345
1004	1341
1005	1341
1005	1340
1006	1340
1006	1338
1007	1338
1007	1334
1008	1334
1008	1333
1009	1333
1009	1331
1010	1331
1010	1329
1011	1329
1011	1327
1012	1327
1012	1324
1014	1324
1014	1310
1002	1310
1002	1309
982	1309
982	1310
980	1310
980	1308
978	1308
978	1307
973	1307
973	1306
966	1306
966	1288
967	1288
967	1281
968	1281
968	1278
969	1278
969	1277
970	1277
970	1275
971	1275
971	1271
972	1271
972	1270
973	1270
973	1269
974	1269
974	1265
975	1265
975	1261
977	1261
977	1258
978	1258
978	1256
979	1256
979	1254
980	1254
980	1252
982	1252
982	1251
983	1251
983	1248
984	1248
984	1247
985	1247
985	1244
986	1244
986	1242
987	1242
987	1240
988	1240
988	1237
989	1237
989	1235
990	1235
990	1234
995	1234
995	1223
996	1223
996	1222
997	1222
997	1217
1000	1217
1000	1216
1003	1216
1003	1201
988	1201
988	1200
963	1200
963	1199
962	1199
962	1197
961	1197
961	1192
960	1192
960	1190
961	1190
961	1177
960	1177
960	1176
961	1176
961	1171
962	1171
962	1168
963	1168
963	1165
964	1165
964	1163
965	1163
965	1162
966	1162
966	1154
968	1154
968	1152
969	1152
969	1151
968	1151
968	1150
969	1150
969	1149
970	1149
970	1148
971	1148
971	1146
972	1146
972	1145
973	1145
973	1144
974	1144
974	1141
975	1141
975	1136
977	1136
977	1132
979	1132
979	1127
980	1127
980	1119
982	1119
982	1118
985	1118
985	1111
986	1111
986	1110
987	1110
987	1109
988	1109
988	1107
989	1107
989	1105
990	1105
990	1104
991	1104
991	1102
992	1102
992	1100
993	1100
993	1096
995	1096
995	1081
967	1081
967	1080
965	1080
965	1079
956	1079
956	1078
954	1078
954	1074
953	1074
953	1061
954	1061
954	1055
956	1055
956	1049
957	1049
957	1047
958	1047
958	1046
959	1046
959	1037
960	1037
960	1036
961	1036
961	1032
962	1032
962	1030
963	1030
963	1029
964	1029
964	1028
965	1028
965	1024
966	1024
966	1021
967	1021
967	1020
968	1020
968	1018
969	1018
969	1017
970	1017
970	1012
972	1012
972	1011
973	1011
973	1010
974	1010
974	1005
975	1005
975	1002
976	1002
976	999
977	999
977	995
978	995
978	993
979	993
979	991
980	991
980	987
981	987
981	986
982	986
982	984
985	984
985	980
986	980
986	978
987	978
987	976
988	976
988	975
989	975
989	973
990	973
990	971
991	971
991	955
986	955
986	956
984	956
984	955
975	955
975	954
974	954
974	953
971	953
971	952
970	952
970	951
966	951
966	948
965	948
965	947
957	947
957	946
952	946
952	947
951	947
951	946
949	946
949	947
948	947
948	946
946	946
946	947
944	947
944	962
942	962
942	963
941	963
941	964
938	964
938	965
937	965
937	966
936	966
936	968
937	968
937	969
936	969
936	970
937	970
937	972
936	972
936	974
935	974
935	975
934	975
934	977
933	977
933	978
931	978
931	979
932	979
932	980
931	980
931	981
930	981
930	982
926	982
926	981
920	981
920	979
913	979
913	978
911	978
911	977
909	977
909	976
905	976
905	975
894	975
894	976
893	976
893	978
892	978
892	1001
891	1001
891	1009
890	1009
890	1012
889	1012
889	1015
888	1015
888	1019
889	1019
889	1020
888	1020
888	1024
886	1024
886	1026
885	1026
885	1027
884	1027
884	1028
883	1028
883	1037
882	1037
882	1044
881	1044
881	1045
880	1045
880	1053
879	1053
879	1054
878	1054
878	1057
877	1057
877	1062
876	1062
876	1063
875	1063
875	1066
874	1066
874	1068
873	1068
873	1071
872	1071
872	1073
870	1073
870	1074
869	1074
869	1076
868	1076
868	1077
867	1077
867	1078
866	1078
866	1079
865	1079
865	1080
862	1080
862	1079
859	1079
859	1078
850	1078
850	1077
834	1077
834	1100
833	1100
833	1101
832	1101
832	1108
830	1108
830	1113
829	1113
829	1117
828	1117
828	1120
827	1120
827	1124
826	1124
826	1125
825	1125
825	1127
824	1127
824	1128
825	1128
825	1129
824	1129
824	1130
823	1130
823	1134
822	1134
822	1135
821	1135
821	1138
820	1138
820	1143
819	1143
819	1146
818	1146
818	1147
817	1147
817	1152
813	1152
813	1153
812	1153
812	1161
811	1161
811	1162
808	1162
808	1163
809	1163
809	1165
808	1165
808	1166
807	1166
807	1167
805	1167
805	1168
804	1168
804	1169
803	1169
803	1170
802	1170
802	1172
797	1172
797	1171
796	1171
796	1170
787	1170
787	1168
785	1168
785	1167
783	1167
783	1166
782	1166
782	1165
778	1165
778	1161
777	1161
777	1160
773	1160
773	1159
771	1159
771	1158
769	1158
769	1153
767	1153
767	1152
749	1152
749	1164
748	1164
748	1172
747	1172
747	1174
746	1174
746	1177
745	1177
745	1179
741	1179
741	1187
740	1187
740	1189
739	1189
739	1190
738	1190
738	1193
737	1193
737	1195
736	1195
736	1196
733	1196
733	1197
731	1197
731	1206
728	1206
728	1209
727	1209
727	1211
726	1211
726	1212
725	1212
725	1213
724	1213
724	1214
722	1214
722	1215
719	1215
719	1223
718	1223
718	1230
714	1230
714	1231
713	1231
713	1232
711	1232
711	1233
710	1233
710	1234
709	1234
709	1241
706	1241
706	1242
705	1242
705	1245
704	1245
704	1246
703	1246
703	1249
702	1249
702	1252
701	1252
701	1253
700	1253
700	1254
699	1254
699	1255
698	1255
698	1257
697	1257
697	1258
696	1258
696	1260
695	1260
695	1261
694	1261
694	1262
693	1262
693	1264
691	1264
691	1265
690	1265
690	1266
689	1266
689	1267
688	1267
688	1268
687	1268
687	1269
686	1269
686	1270
685	1270
685	1271
683	1271
683	1272
681	1272
681	1273
680	1273
680	1274
679	1274
679	1275
676	1275
676	1274
675	1274
675	1273
673	1273
673	1272
671	1272
671	1270
670	1270
670	1268
667	1268
667	1269
665	1269
665	1268
663	1268
663	1269
662	1269
662	1267
661	1267
661	1265
660	1265
660	1264
658	1264
658	1263
657	1263
657	1262
656	1262
656	1260
655	1260
655	1259
641	1259
641	1260
640	1260
640	1264
639	1264
639	1270
638	1270
638	1273
637	1273
637	1277
634	1277
634	1279
633	1279
633	1286
632	1286
632	1287
630	1287
630	1290
629	1290
629	1293
630	1293
630	1295
629	1295
629	1296
630	1296
630	1298
629	1298
629	1300
621	1300
621	1301
619	1301
619	1303
618	1303
618	1304
615	1304
615	1309
614	1309
614	1311
613	1311
613	1313
612	1313
612	1317
611	1317
611	1320
610	1320
610	1321
607	1321
607	1322
605	1322
605	1324
603	1324
603	1325
602	1325
602	1326
601	1326
601	1327
600	1327
600	1328
598	1328
598	1329
597	1329
597	1339
581	1339
581	1340
580	1340
580	1341
579	1341
579	1343
578	1343
578	1344
577	1344
577	1345
573	1345
573	1341
572	1341
572	1339
569	1339
569	1337
568	1337
568	1336
567	1336
567	1335
566	1335
566	1334
565	1334
565	1333
564	1333
564	1331
563	1331
563	1330
561	1330
561	1329
547	1329
547	1330
545	1330
545	1331
544	1331
544	1332
543	1332
543	1333
542	1333
542	1335
543	1335
543	1337
542	1337
542	1346
532	1346
532	1348
531	1348
531	1349
527	1349
527	1350
526	1350
526	1355
523	1355
523	1357
522	1357
522	1358
521	1358
521	1361
520	1361
520	1362
519	1362
519	1365
518	1365
518	1366
514	1366
514	1367
513	1367
513	1370
512	1370
512	1371
511	1371
511	1374
510	1374
510	1375
508	1375
508	1377
506	1377
506	1379
505	1379
505	1380
504	1380
504	1381
503	1381
503	1382
502	1382
502	1384
500	1384
500	1385
499	1385
499	1386
500	1386
500	1387
499	1387
499	1388
500	1388
500	1389
499	1389
499	1390
496	1390
496	1392
495	1392
495	1393
491	1393
491	1394
490	1394
490	1402
481	1402
481	1406
480	1406
480	1407
479	1407
479	1406
477	1406
477	1405
476	1405
476	1404
475	1404
475	1402
474	1402
474	1401
473	1401
473	1400
458	1400
458	1402
455	1402
455	1407
454	1407
454	1411
447	1411
447	1412
446	1412
446	1419
445	1419
445	1420
444	1420
444	1421
442	1421
442	1422
441	1422
441	1424
439	1424
439	1425
438	1425
438	1427
437	1427
437	1428
434	1428
434	1429
428	1429
428	1431
427	1431
427	1434
428	1434
428	1435
427	1435
427	1438
419	1438
419	1445
418	1445
418	1446
417	1446
417	1447
414	1447
414	1448
413	1448
413	1452
411	1452
411	1453
410	1453
410	1456
409	1456
409	1457
408	1457
408	1459
406	1459
406	1461
405	1461
405	1462
403	1462
403	1464
402	1464
402	1465
401	1465
401	1466
400	1466
400	1467
399	1467
399	1469
398	1469
398	1470
397	1470
397	1471
396	1471
396	1473
393	1473
393	1474
392	1474
392	1478
391	1478
391	1479
390	1479
390	1480
389	1480
389	1481
388	1481
388	1482
385	1482
385	1483
383	1483
383	1488
382	1488
382	1489
381	1489
381	1490
380	1490
380	1492
379	1492
379	1494
378	1494
378	1496
377	1496
377	1498
376	1498
376	1500
374	1500
374	1502
373	1502
373	1504
372	1504
372	1505
371	1505
371	1507
370	1507
370	1509
366	1509
366	1511
365	1511
365	1513
366	1513
366	1514
365	1514
365	1516
364	1516
364	1517
363	1517
363	1518
358	1518
358	1519
357	1519
357	1525
356	1525
356	1527
354	1527
354	1529
353	1529
353	1531
352	1531
352	1532
351	1532
351	1533
350	1533
350	1534
349	1534
349	1535
348	1535
348	1536
347	1536
347	1538
346	1538
346	1540
344	1540
344	1541
343	1541
343	1542
342	1542
342	1543
341	1543
341	1545
340	1545
340	1546
339	1546
339	1547
338	1547
338	1548
337	1548
337	1549
336	1549
336	1550
334	1550
334	1552
333	1552
333	1554
330	1554
330	1555
329	1555
329	1558
328	1558
328	1559
326	1559
326	1561
325	1561
325	1563
323	1563
323	1562
322	1562
322	1563
321	1563
321	1564
320	1564
320	1571
318	1571
318	1572
317	1572
317	1573
316	1573
316	1575
315	1575
315	1576
314	1576
314	1575
313	1575
313	1576
312	1576
312	1584
309	1584
309	1585
307	1585
307	1586
306	1586
306	1588
305	1588
305	1589
304	1589
304	1590
303	1590
303	1591
302	1591
302	1593
300	1593
300	1594
298	1594
298	1596
297	1596
297	1598
296	1598
296	1599
294	1599
294	1601
293	1601
293	1602
292	1602
292	1603
291	1603
291	1604
290	1604
290	1605
289	1605
289	1606
288	1606
288	1607
286	1607
286	1608
285	1608
285	1610
283	1610
283	1611
279	1611
279	1609
278	1609
278	1587
279	1587
279	1581
280	1581
280	1574
281	1574
281	1560
282	1560
282	1559
281	1559
281	1558
286	1558
286	1557
287	1557
287	1556
288	1556
288	1555
289	1555
289	1551
290	1551
290	1549
291	1549
291	1546
292	1546
292	1544
293	1544
293	1541
294	1541
294	1539
295	1539
295	1538
296	1538
296	1532
297	1532
297	1530
298	1530
298	1529
299	1529
299	1523
300	1523
300	1522
301	1522
301	1518
302	1518
302	1514
303	1514
303	1511
306	1511
306	1510
307	1510
307	1505
308	1505
308	1503
309	1503
309	1494
311	1494
311	1493
312	1493
312	1494
313	1494
313	1493
314	1493
314	1490
315	1490
315	1488
316	1488
316	1487
317	1487
317	1484
319	1484
319	1480
320	1480
320	1479
321	1479
321	1475
322	1475
322	1474
323	1474
323	1470
324	1470
324	1468
325	1468
325	1464
326	1464
326	1462
327	1462
327	1461
328	1461
328	1459
329	1459
329	1458
330	1458
330	1457
331	1457
331	1453
332	1453
332	1451
333	1451
333	1449
334	1449
334	1448
335	1448
335	1445
336	1445
336	1443
337	1443
337	1440
338	1440
338	1439
340	1439
340	1434
341	1434
341	1431
342	1431
342	1430
343	1430
343	1427
344	1427
344	1426
345	1426
345	1423
347	1423
347	1422
348	1422
348	1421
349	1421
349	1416
350	1416
350	1415
349	1415
349	1413
351	1413
351	1412
352	1412
352	1410
353	1410
353	1408
354	1408
354	1405
355	1405
355	1404
357	1404
357	1403
358	1403
358	1400
359	1400
359	1399
358	1399
358	1397
359	1397
359	1395
360	1395
360	1394
361	1394
361	1391
362	1391
362	1390
363	1390
363	1386
366	1386
366	1385
367	1385
367	1379
368	1379
368	1378
369	1378
369	1377
370	1377
370	1376
371	1376
371	1362
369	1362
369	1361
367	1361
367	1360
368	1360
368	1359
367	1359
367	1358
366	1358
366	1357
365	1357
365	1352
366	1352
366	1351
367	1351
367	1350
368	1350
368	1348
369	1348
369	1343
370	1343
370	1342
371	1342
371	1341
372	1341
372	1338
373	1338
373	1335
374	1335
374	1333
376	1333
376	1329
377	1329
377	1328
378	1328
378	1327
379	1327
379	1324
380	1324
380	1323
381	1323
381	1320
382	1320
382	1317
383	1317
383	1315
384	1315
384	1314
385	1314
385	1311
386	1311
386	1310
387	1310
387	1307
388	1307
388	1306
389	1306
389	1305
390	1305
390	1302
391	1302
391	1301
392	1301
392	1299
393	1299
393	1298
394	1298
394	1297
396	1297
396	1294
398	1294
398	1293
399	1293
399	1292
400	1292
400	1291
402	1291
402	1290
403	1290
403	1277
402	1277
402	1276
399	1276
399	1275
396	1275
396	1274
394	1274
394	1269
393	1269
393	1268
391	1268
391	1269
390	1269
390	1268
389	1268
389	1269
387	1269
387	1268
385	1268
385	1262
386	1262
386	1261
387	1261
387	1260
389	1260
389	1259
390	1259
390	1256
391	1256
391	1252
393	1252
393	1251
394	1251
394	1248
395	1248
395	1246
396	1246
396	1245
398	1245
398	1243
402	1243
402	1242
403	1242
403	1235
405	1235
405	1234
406	1234
406	1232
407	1232
407	1231
409	1231
409	1230
412	1230
412	1228
413	1228
413	1221
415	1221
415	1220
416	1220
416	1219
417	1219
417	1218
420	1218
420	1217
423	1217
423	1216
425	1216
425	1192
429	1192
429	1191
430	1191
430	1189
431	1189
431	1187
433	1187
433	1186
434	1186
434	1185
436	1185
436	1182
438	1182
438	1181
439	1181
439	1180
440	1180
440	1179
441	1179
441	1178
443	1178
443	1177
447	1177
447	1174
448	1174
448	1172
451	1172
451	1171
456	1171
456	1169
457	1169
457	1157
456	1157
456	1156
452	1156
452	1155
449	1155
449	1154
448	1154
448	1153
447	1153
447	1152
444	1152
444	1151
442	1151
442	1150
440	1150
440	1149
439	1149
439	1148
438	1148
438	1147
436	1147
436	1146
435	1146
435	1145
431	1145
431	1144
430	1144
430	1140
431	1140
431	1137
432	1137
432	1136
433	1136
433	1134
434	1134
434	1132
435	1132
435	1131
434	1131
434	1129
435	1129
435	1128
436	1128
436	1127
438	1127
438	1125
439	1125
439	1121
440	1121
440	1119
441	1119
441	1118
443	1118
443	1116
444	1116
444	1115
445	1115
445	1114
446	1114
446	1113
447	1113
447	1111
450	1111
450	1109
456	1109
456	1104
457	1104
457	1101
460	1101
460	1100
465	1100
465	1096
466	1096
466	1095
467	1095
467	1094
468	1094
468	1093
469	1093
469	1094
470	1094
470	1093
474	1093
474	1086
475	1086
475	1083
478	1083
478	1082
483	1082
483	1077
484	1077
484	1074
486	1074
486	1073
492	1073
492	1069
493	1069
493	1068
495	1068
495	1067
500	1067
500	1066
501	1066
501	1065
503	1065
503	1063
504	1063
504	1061
503	1061
503	1060
504	1060
504	1058
503	1058
503	1057
504	1057
504	1051
503	1051
503	1050
502	1050
502	1049
501	1049
501	1046
500	1046
500	1045
493	1045
493	1044
492	1044
492	1043
491	1043
491	1042
490	1042
490	1041
489	1041
489	1040
488	1040
488	1038
485	1038
485	1036
484	1036
484	1034
481	1034
481	1033
480	1033
480	1032
479	1032
479	1029
482	1029
482	1028
483	1028
483	1022
484	1022
484	1020
485	1020
485	1019
487	1019
487	1018
488	1018
488	1014
489	1014
489	1012
491	1012
491	1011
493	1011
493	1010
494	1010
494	1009
495	1009
495	1008
496	1008
496	1007
497	1007
497	1005
498	1005
498	1004
499	1004
499	1003
502	1003
502	1002
503	1002
503	1001
504	1001
504	1000
505	1000
505	999
506	999
506	998
507	998
507	997
508	997
508	996
510	996
510	995
511	995
511	994
512	994
512	993
518	993
518	992
519	992
519	989
520	989
520	988
522	988
522	987
527	987
527	986
528	986
528	984
527	984
527	983
528	983
528	982
529	982
529	981
530	981
530	980
532	980
532	978
533	978
533	977
534	977
534	976
537	976
537	975
538	975
538	974
539	974
539	972
541	972
541	970
542	970
542	969
545	969
545	968
547	968
547	967
548	967
548	966
554	966
554	965
556	965
556	964
555	964
555	963
556	963
556	962
559	962
559	961
562	961
562	960
563	960
563	959
564	959
564	958
567	958
567	957
572	957
572	943
571	943
571	942
567	942
567	940
566	940
566	939
565	939
565	938
563	938
563	936
562	936
562	935
559	935
559	933
555	933
555	931
554	931
554	929
550	929
550	924
552	924
552	922
554	922
554	919
555	919
555	916
556	916
556	915
557	915
557	914
558	914
558	913
562	913
562	912
563	912
563	908
564	908
564	907
565	907
565	904
571	904
571	903
572	903
572	900
573	900
573	899
574	899
574	897
576	897
576	896
577	896
577	895
580	895
580	894
581	894
581	891
584	891
584	890
586	890
586	889
590	889
590	887
591	887
591	886
592	886
592	884
594	884
594	883
595	883
595	882
597	882
597	880
599	880
599	879
600	879
600	878
603	878
603	877
607	877
607	876
608	876
608	874
609	874
609	873
610	873
610	872
612	872
612	871
617	871
617	869
618	869
618	868
619	868
619	855
618	855
618	854
617	854
617	849
614	849
614	848
609	848
609	845
608	845
608	838
610	838
610	837
611	837
611	834
612	834
612	832
616	832
616	831
617	831
617	826
618	826
618	825
620	825
620	824
622	824
622	823
626	823
626	819
627	819
627	818
629	818
629	817
630	817
630	816
631	816
631	815
635	815
635	811
640	811
640	810
642	810
642	809
643	809
643	808
644	808
644	807
645	807
645	806
646	806
646	805
652	805
652	804
653	804
653	798
657	798
657	797
660	797
660	796
661	796
661	795
662	795
662	792
663	792
663	791
664	791
664	790
666	790
666	791
667	791
667	790
670	790
670	788
671	788
671	786
674	786
674	785
676	785
676	784
678	784
678	783
679	783
679	784
680	784
680	783
685	783
685	782
686	782
686	769
685	769
685	768
684	768
684	769
683	769
683	768
682	768
682	767
680	767
680	766
679	766
679	765
677	765
677	764
676	764
676	763
673	763
673	762
671	762
671	761
672	761
672	760
673	760
673	759
674	759
674	758
675	758
675	757
676	757
676	756
677	756
677	754
679	754
679	752
680	752
680	747
681	747
681	744
683	744
683	743
687	743
687	742
688	742
688	739
689	739
689	736
690	736
690	735
692	735
692	734
697	734
697	729
698	729
698	727
701	727
701	726
703	726
703	725
705	725
705	726
706	726
706	722
707	722
707	721
709	721
709	719
715	719
715	716
716	716
716	712
723	712
723	711
724	711
724	710
725	710
725	708
729	708
729	707
733	707
733	706
734	706
734	705
735	705
735	704
738	704
738	703
739	703
739	702
741	702
741	701
743	701
743	699
747	699
747	698
748	698
748	685
747	685
747	683
745	683
745	682
744	682
744	681
742	681
742	680
741	680
741	679
738	679
738	673
739	673
739	672
740	672
740	671
741	671
741	658
740	658
740	655
738	655
738	654
736	654
736	653
735	653
735	652
723	652
723	653
722	653
722	663
718	663
718	666
717	666
717	667
716	667
716	668
715	668
715	670
714	670
714	671
713	671
713	672
712	672
712	674
711	674
711	675
710	675
710	676
709	676
709	677
708	677
708	678
707	678
707	679
705	679
705	680
704	680
704	683
703	683
703	684
702	684
702	685
701	685
701	686
700	686
700	688
696	688
696	690
695	690
695	696
694	696
694	697
693	697
693	698
692	698
692	699
691	699
691	700
690	700
690	701
689	701
689	704
688	704
688	705
687	705
687	707
685	707
685	708
684	708
684	709
683	709
683	710
682	710
682	712
681	712
681	713
680	713
680	714
679	714
679	715
678	715
678	717
677	717
677	718
676	718
676	719
673	719
673	722
671	722
671	723
669	723
669	725
668	725
668	726
665	726
665	727
661	727
661	729
659	729
659	728
657	728
657	727
656	727
656	726
655	726
655	724
654	724
654	723
653	723
653	721
651	721
651	719
650	719
650	718
647	718
647	715
646	715
646	714
629	714
629	716
628	716
628	719
627	719
627	721
625	721
625	722
624	722
624	724
623	724
623	726
622	726
622	727
621	727
621	728
620	728
620	729
619	729
619	730
618	730
618	732
616	732
616	733
615	733
615	736
613	736
613	737
611	737
611	741
607	741
607	742
606	742
606	745
605	745
605	746
604	746
604	747
602	747
602	748
601	748
601	750
598	750
598	751
597	751
597	753
596	753
596	754
595	754
595	755
594	755
594	756
593	756
593	757
592	757
592	759
589	759
589	760
588	760
588	762
587	762
587	763
586	763
586	765
584	765
584	767
582	767
582	768
580	768
580	771
578	771
578	772
576	772
576	773
574	773
574	774
571	774
571	777
570	777
570	779
568	779
568	780
565	780
565	781
563	781
563	782
560	782
560	783
559	783
559	784
557	784
557	783
555	783
555	778
554	778
554	777
552	777
552	776
551	776
551	775
550	775
550	774
549	774
549	773
548	773
548	771
547	771
547	770
546	770
546	769
545	769
545	768
544	768
544	766
541	766
541	765
540	765
540	766
529	766
529	767
528	767
528	768
527	768
527	769
526	769
526	773
524	773
524	774
523	774
523	775
522	775
522	777
517	777
517	787
515	787
515	788
513	788
513	789
512	789
512	790
511	790
511	791
510	791
510	793
509	793
509	794
508	794
508	795
506	795
506	797
504	797
504	798
503	798
503	799
502	799
502	801
500	801
500	802
499	802
499	804
497	804
497	805
496	805
496	806
495	806
495	807
494	807
494	808
493	808
493	809
491	809
491	810
490	810
490	814
487	814
487	815
486	815
486	816
485	816
485	817
484	817
484	819
482	819
482	821
480	821
480	822
478	822
478	824
477	824
477	825
476	825
476	826
475	826
475	827
474	827
474	828
473	828
473	829
472	829
472	830
466	830
466	831
464	831
464	832
463	832
463	836
461	836
461	837
456	837
456	838
452	838
452	831
451	831
451	830
448	830
448	826
447	826
447	825
446	825
446	823
445	823
445	822
443	822
443	821
441	821
441	820
429	820
429	821
427	821
427	824
426	824
426	826
425	826
425	828
424	828
424	829
423	829
423	830
422	830
422	831
420	831
420	832
419	832
419	834
418	834
418	835
417	835
417	836
416	836
416	838
414	838
414	840
411	840
411	841
410	841
410	843
409	843
409	844
407	844
407	845
406	845
406	846
405	846
405	847
404	847
404	848
402	848
402	849
401	849
401	851
400	851
400	852
398	852
398	853
397	853
397	855
395	855
395	857
393	857
393	859
391	859
391	860
390	860
390	861
388	861
388	862
387	862
387	864
385	864
385	865
384	865
384	866
383	866
383	869
377	869
377	870
375	870
375	871
374	871
374	872
371	872
371	873
368	873
368	874
357	874
357	873
356	873
356	869
355	869
355	868
354	868
354	863
353	863
353	862
352	862
352	861
350	861
350	860
349	860
349	861
348	861
348	860
346	860
346	861
338	861
338	862
337	862
337	863
336	863
336	864
335	864
335	865
333	865
333	866
330	866
330	867
329	867
329	868
328	868
328	869
327	869
327	870
325	870
325	871
323	871
323	872
321	872
321	873
319	873
319	874
313	874
313	875
312	875
312	877
309	877
309	878
307	878
307	879
306	879
306	880
303	880
303	881
295	881
295	882
294	882
294	886
289	886
289	893
276	893
276	898
269	898
269	899
267	899
267	901
266	901
266	902
259	902
259	903
258	903
258	906
256	906
256	907
255	907
255	908
251	908
251	909
250	909
250	910
249	910
249	911
244	911
244	912
241	912
241	916
240	916
240	917
238	917
238	918
236	918
236	919
234	919
234	920
232	920
232	921
231	921
231	922
229	922
229	923
227	923
227	924
223	924
223	925
222	925
222	927
220	927
220	928
218	928
218	929
213	929
213	932
210	932
210	933
208	933
208	934
205	934
205	935
204	935
204	937
202	937
202	938
201	938
201	937
200	937
200	938
198	938
198	937
197	937
197	938
196	938
196	941
195	941
195	942
194	942
194	943
192	943
192	944
191	944
191	945
190	945
190	946
187	946
187	948
186	948
186	949
185	949
185	950
186	950
186	951
185	951
185	952
182	952
182	953
181	953
181	954
178	954
178	955
176	955
176	956
169	956
169	960
168	960
168	961
167	961
167	962
165	962
165	963
164	963
164	964
161	964
161	965
160	965
160	967
159	967
159	969
151	969
151	972
150	972
150	973
147	973
147	974
142	974
142	976
141	976
141	977
140	977
140	978
138	978
138	979
137	979
137	982
125	982
125	983
124	983
124	984
120	984
120	985
116	985
116	986
114	986
114	987
109	987
109	985
108	985
108	984
110	984
110	983
111	983
111	977
112	977
112	976
113	976
113	975
117	975
117	966
119	966
119	962
120	962
120	959
122	959
122	957
125	957
125	956
126	956
126	951
127	951
127	949
128	949
128	948
129	948
129	947
130	947
130	946
131	946
131	945
132	945
132	944
133	944
133	942
134	942
134	941
135	941
135	940
136	940
136	939
137	939
137	936
138	936
138	935
139	935
139	934
140	934
140	931
145	931
145	930
147	930
147	925
149	925
149	924
150	924
150	923
151	923
151	922
153	922
153	921
155	921
155	917
156	917
156	916
157	916
157	915
158	915
158	913
160	913
160	912
161	912
161	910
162	910
162	909
163	909
163	908
164	908
164	907
165	907
165	906
170	906
170	905
171	905
171	904
170	904
170	903
171	903
171	901
172	901
172	899
173	899
173	897
175	897
175	896
177	896
177	895
178	895
178	894
179	894
179	893
180	893
180	892
181	892
181	891
182	891
182	890
183	890
183	889
184	889
184	888
188	888
188	885
189	885
189	882
190	882
190	881
191	881
191	880
192	880
192	879
197	879
197	873
199	873
199	872
200	872
200	871
201	871
201	870
206	870
206	864
207	864
207	862
208	862
208	861
210	861
210	859
215	859
215	853
216	853
216	851
218	851
218	849
219	849
219	848
220	848
220	847
221	847
221	846
224	846
224	845
225	845
225	842
226	842
226	841
232	841
232	840
233	840
233	832
235	832
235	831
236	831
236	828
237	828
237	827
238	827
238	824
240	824
240	823
242	823
242	818
243	818
243	816
245	816
245	815
249	815
249	814
251	814
251	809
253	809
253	808
254	808
254	807
255	807
255	805
256	805
256	804
257	804
257	802
258	802
258	798
260	798
260	797
265	797
265	796
267	796
267	797
268	797
268	796
269	796
269	788
271	788
271	786
273	786
273	785
274	785
274	783
275	783
275	781
278	781
278	777
280	777
280	776
281	776
281	775
282	775
282	773
285	773
285	771
286	771
286	772
287	772
287	766
289	766
289	765
294	765
294	764
295	764
295	763
296	763
296	761
304	761
304	747
303	747
303	746
300	746
300	745
299	745
299	746
296	746
296	741
295	741
295	739
290	739
290	737
287	737
287	734
286	734
286	733
283	733
283	731
284	731
284	729
285	729
285	727
286	727
286	726
287	726
287	725
288	725
288	724
289	724
289	722
290	722
290	719
291	719
291	716
295	716
295	714
296	714
296	711
297	711
297	710
299	710
299	709
300	709
300	708
304	708
304	707
305	707
305	703
307	703
307	702
308	702
308	701
309	701
309	700
310	700
310	699
312	699
312	698
313	698
313	697
314	697
314	696
315	696
315	694
316	694
316	693
317	693
317	692
319	692
319	691
321	691
321	690
323	690
323	686
324	686
324	685
325	685
325	686
326	686
326	684
332	684
332	683
331	683
331	680
332	680
332	679
336	679
336	678
337	678
337	677
339	677
339	676
341	676
341	673
343	673
343	672
345	672
345	671
346	671
346	672
347	672
347	671
349	671
349	668
353	668
353	667
354	667
354	666
358	666
358	663
366	663
366	662
367	662
367	659
371	659
371	658
375	658
375	657
378	657
378	655
379	655
379	648
378	648
378	647
379	647
379	644
378	644
378	643
376	643
376	642
375	642
375	641
374	641
374	638
372	638
372	635
371	635
371	634
367	634
367	629
365	629
365	628
364	628
364	624
366	624
366	623
367	623
367	620
368	620
368	619
369	619
369	618
375	618
375	617
376	617
376	610
380	610
380	609
384	609
384	608
385	608
385	602
394	602
394	601
395	601
395	598
396	598
396	597
401	597
401	596
404	596
404	595
407	595
407	594
410	594
410	593
411	593
411	592
414	592
414	591
420	591
420	589
421	589
421	587
422	587
422	586
424	586
424	585
429	585
429	584
430	584
430	583
434	583
434	582
438	582
438	579
439	579
439	578
443	578
443	577
446	577
446	576
447	576
447	574
452	574
452	573
456	573
456	571
457	571
457	570
459	570
459	569
461	569
461	568
463	568
463	554
459	554
459	553
460	553
460	551
459	551
459	549
458	549
458	545
456	545
456	544
453	544
453	543
452	543
452	541
451	541
451	530
457	530
457	529
458	529
458	527
461	527
461	520
473	520
473	519
474	519
474	516
478	516
478	515
479	515
479	514
483	514
483	513
491	513
491	512
492	512
492	511
493	511
493	510
496	510
496	509
499	509
499	508
501	508
501	507
508	507
508	506
509	506
509	505
511	505
511	504
513	504
513	503
515	503
515	502
517	502
517	503
518	503
518	502
527	502
527	501
528	501
528	500
533	500
533	499
537	499
537	498
539	498
539	483
538	483
538	477
537	477
537	471
536	471
536	469
537	469
537	468
540	468
540	467
545	467
545	466
546	466
546	465
549	465
549	464
553	464
553	463
554	463
554	462
562	462
562	460
566	460
566	459
576	459
576	460
577	460
577	459
581	459
581	457
590	457
590	456
594	456
594	455
596	455
596	454
598	454
598	455
600	455
600	454
603	454
603	453
606	453
606	452
608	452
608	451
613	451
613	449
624	449
624	448
626	448
626	447
629	447
629	446
634	446
634	444
648	444
648	429
647	429
647	427
646	427
646	425
645	425
645	424
644	424
644	418
651	418
651	417
652	417
652	416
653	416
653	415
654	415
654	414
656	414
656	413
661	413
661	412
662	412
662	410
664	410
664	409
669	409
669	408
671	408
671	407
672	407
672	408
673	408
673	407
675	407
675	408
677	408
677	407
679	407
679	406
680	406
680	405
687	405
687	404
697	404
697	403
698	403
698	401
700	401
700	400
705	400
705	399
707	399
707	398
717	398
717	397
718	397
718	396
723	396
723	395
747	395
747	392
748	392
748	390
747	390
747	379
746	379
746	376
745	376
745	375
743	375
743	372
742	372
742	371
744	371
744	370
750	370
750	369
751	369
751	368
759	368
759	367
761	367
761	366
767	366
767	365
776	365
776	364
784	364
784	363
786	363
786	362
791	362
791	363
792	363
792	362
806	362
806	361
807	361
807	360
808	360
808	361
823	361
823	360
824	360
824	359
825	359
825	360
831	360
831	359
832	359
832	349
833	349
833	348
835	348
835	347
836	347
836	346
838	346
838	345
839	345
839	344
841	344
841	332
840	332
840	331
839	331
839	330
822	330
822	331
821	331
821	332
819	332
819	333
817	333
817	334
812	334
812	335
806	335
806	336
805	336
805	337
795	337
795	338
777	338
777	337
775	337
775	338
770	338
770	337
768	337
768	336
765	336
765	335
761	335
761	333
760	333
760	322
758	322
758	321
733	321
733	322
732	322
732	323
731	323
731	325
720	325
720	326
713	326
713	327
696	327
696	326
689	326
689	323
688	323
688	322
680	322
680	307
679	307
679	306
662	306
662	307
657	307
657	308
656	308
656	307
654	307
654	308
647	308
647	309
645	309
645	310
644	310
644	309
631	309
631	310
595	310
595	309
592	309
592	308
588	308
588	307
586	307
586	306
582	306
582	304
581	304
581	300
582	300
582	283
581	283
581	282
558	282
558	281
543	281
543	277
536	277
536	276
530	276
530	275
528	275
528	274
516	274
516	273
514	273
514	272
496	272
496	271
494	271
494	270
493	270
493	269
492	269
492	264
490	264
490	263
466	263
466	260
465	260
465	259
452	259
452	258
447	258
447	256
440	256
440	255
438	255
438	254
430	254
430	253
429	253
429	251
428	251
428	250
421	250
421	249
420	249
420	247
412	247
412	246
410	246
410	245
407	245
407	246
405	246
405	245
403	245
403	242
402	242
402	241
385	241
385	239
382	239
382	238
381	238
381	237
376	237
376	236
371	236
371	235
367	235
367	232
358	232
358	228
357	228
357	229
354	229
354	228
352	228
352	227
350	227
350	225
349	225
349	224
348	224
348	223
343	223
343	222
342	222
342	220
341	220
341	215
339	215
339	214
336	214
336	213
334	213
334	211
332	211
332	208
331	208
331	207
332	207
332	206
339	206
339	205
344	205
344	204
349	204
349	203
352	203
352	202
357	202
357	201
366	201
366	200
385	200
385	199
403	199
403	198
411	198
411	199
438	199
438	198
439	198
439	195
443	195
443	196
444	196
444	195
449	195
449	194
459	194
459	193
465	193
465	192
466	192
466	191
468	191
468	192
469	192
469	191
470	191
470	190
478	190
478	189
492	189
492	186
493	186
493	187
494	187
494	186
495	186
495	185
501	185
501	184
514	184
514	185
527	185
527	183
528	183
528	165
527	165
527	164
528	164
528	163
539	163
539	162
541	162
541	163
545	163
545	162
546	162
546	160
561	160
561	161
577	161
577	160
578	160
578	161
579	161
579	162
581	162
581	163
592	163
592	162
595	162
595	163
597	163
597	164
615	164
615	143
614	143
614	140
615	140
615	139
616	139
616	138
618	138
618	137
623	137
623	138
624	138
624	137
632	137
632	138
634	138
634	139
638	139
638	138
639	138
639	139
640	139
640	138
641	138
641	139
643	139
643	140
645	140
645	141
651	141
651	144
652	144
652	145
678	145
678	147
679	147
679	148
687	148
687	149
690	149
690	150
694	150
694	151
696	151
696	153
697	153
697	154
714	154
714	153
715	153
715	128
716	128
716	129
717	129
717	128
720	128
720	127
728	127
728	128
730	128
730	129
741	129
741	130
746	130
746	131
748	131
748	132
749	132
749	133
758	133
758	135
759	135
759	136
767	136
767	138
768	138
768	139
773	139
773	141
776	141
776	144
777	144
777	145
784	145
784	146
798	146
798	140
799	140
799	128
801	128
801	127
804	127
804	128
807	128
807	129
808	129
808	128
809	128
809	129
813	129
813	130
816	130
816	131
825	131
825	132
826	132
826	133
829	133
829	134
830	134
830	136
835	136
835	138
836	138
836	139
837	139
837	140
838	140
838	141
840	141
840	142
846	142
846	143
847	143
847	144
848	144
848	145
850	145
850	148
853	148
853	149
855	149
855	150
857	150
857	153
858	153
858	154
863	154
863	155
864	155
864	156
865	156
865	158
868	158
868	159
869	159
869	160
870	160
870	162
872	162
872	163
873	163
873	164
874	164
874	166
891	166
891	165
892	165
892	163
893	163
893	162
894	162
894	148
897	148
897	149
898	149
898	150
903	150
903	151
909	151
909	152
910	152
910	153
911	153
911	154
912	154
912	153
913	153
913	154
914	154
914	156
916	156
916	157
920	157
920	162
921	162
921	163
924	163
924	164
925	164
925	166
926	166
926	171
927	171
927	172
930	172
930	173
931	173
931	174
932	174
932	175
935	175
935	176
936	176
936	178
937	178
937	180
936	180
936	181
937	181
937	183
938	183
938	184
940	184
940	189
941	189
941	190
945	190
945	191
946	191
946	192
947	192
947	193
948	193
948	194
949	194
949	198
950	198
950	199
951	199
951	200
954	200
954	202
955	202
955	207
957	207
957	208
958	208
958	211
959	211
959	213
960	213
960	214
961	214
961	215
962	215
962	217
965	217
965	218
966	218
966	219
969	219
969	222
970	222
970	224
971	224
971	226
972	226
972	228
973	228
973	229
974	229
974	230
975	230
975	231
976	231
976	232
977	232
977	235
978	235
978	236
979	236
979	237
980	237
980	244
981	244
981	247
982	247
982	248
984	248
984	249
985	249
985	250
986	250
986	252
988	252
988	254
989	254
989	253
993	253
993	254
995	254
995	257
999	257
999	260
1000	260
1000	261
1001	261
1001	262
1002	262
1002	264
1004	264
1004	266
1007	266
1007	268
1008	268
1008	270
1013	270
1013	273
1014	273
1014	274
1017	274
1017	278
1018	278
1018	279
1022	279
1022	282
1024	282
1024	284
1025	284
1025	285
1026	285
1026	287
1027	287
1027	288
1029	288
1029	289
1030	289
1030	292
1031	292
1031	293
1033	293
1033	292
1034	292
1034	293
1035	293
1035	296
1036	296
1036	297
1037	297
1037	301
1038	301
1038	302
1039	302
1039	304
1041	304
1041	306
1043	306
1043	307
1044	307
1044	308
1045	308
1045	309
1047	309
1047	310
1048	310
1048	312
1049	312
1049	313
1050	313
1050	314
1053	314
1053	315
1056	315
1056	316
1059	316
1059	317
1061	317
1061	318
1063	318
1063	317
1064	317
1064	318
1079	318
1079	319
1093	319
1093	318
1095	318
1095	317
1100	317
1100	316
1107	316
1107	315
1108	315
1108	314
1112	314
1112	313
1114	313
1114	312
1115	312
1115	311
1116	311
1116	310
1117	310
1117	307
1118	307
1118	306
1120	306
1120	305
1121	305
1121	304
1122	304
1122	302
1123	302
1123	300
1124	300
1124	299
1125	299
1125	298
1127	298
1127	297
1128	297
1128	295
1129	295
1129	294
1130	294
1130	292
1131	292
1131	288
1133	288
1133	287
1135	287
1135	285
1136	285
1136	284
1137	284
1137	283
1138	283
1138	282
1139	282
1139	280
1140	280
1140	279
1143	279
1143	278
1144	278
1144	271
1145	271
1145	270
1146	270
1146	268
1147	268
1147	266
1148	266
1148	265
1149	265
1149	261
1152	261
1152	260
1153	260
1153	254
1154	254
1154	252
1155	252
1155	251
1156	251
1156	250
1157	250
1157	249
1161	249
1161	248
1162	248
1162	243
1163	243
1163	244
1164	244
1164	243
1170	243
1170	241
1171	241
1171	235
1172	235
1172	234
1173	234
1173	232
1175	232
1175	231
1176	231
1176	227
1177	227
1177	225
1181	225
1181	224
1182	224
1182	218
1183	218
1183	216
1188	216
1188	211
1189	211
1189	210
1190	210
1190	207
1191	207
1191	206
1192	206
1192	205
1193	205
1193	204
1194	204
1194	203
1195	203
1195	202
1196	202
1196	201
1198	201
1198	199
1203	199
1203	198
1206	198
1206	196
1208	196
1208	195
1209	195
1209	197
1210	197
1210	198
1224	198
1224	199
1225	199
1225	198
1226	198
1226	194
1227	194
1227	191
1228	191
1228	190
1229	190
1229	189
1233	189
1233	184
1234	184
1234	181
1241	181
1241	180
1242	180
1242	177
1243	177
1243	175
1245	175
1245	174
1250	174
1250	173
1251	173
1251	172
1252	172
1252	171
1254	171
1254	169
1255	169
1255	168
1256	168
1256	165
1257	165
1257	163
1260	163
1260	161
1262	161
1262	160
1265	160
1265	157
1266	157
1266	155
1269	155
1269	153
1272	153
1272	152
1273	152
1273	151
1274	151
1274	150
1277	150
1277	149
1278	149
1278	147
1279	147
1279	145
1285	145
1285	144
1287	144
1287	143
1290	143
1290	142
1292	142
1292	141
1295	141
1295	140
1297	140
1297	141
1298	141
1298	142
1299	142
1299	152
1300	152
1300	158
1301	158
1301	161
1315	161
1315	160
1317	160
1317	159
1318	159
1318	158
1319	158
1319	157
1320	157
1320	158
1321	158
1321	157
1322	157
1322	155
1323	155
1323	154
1324	154
1324	153
1325	153
1325	152
1327	152
1327	151
1328	151
1328	150
1329	150
1329	149
1331	149
1331	148
1332	148
1332	146
1333	146
1333	145
1338	145
1338	144
1340	144
1340	143
1341	143
1341	141
1342	141
1342	140
1344	140
1344	139
1343	139
1343	138
1347	138
1347	137
1349	137
1349	136
1350	136
1350	133
1356	133
1356	132
1357	132
1357	130
1358	130
1358	128
1359	128
1359	127
1367	127
1367	125
1368	125
1368	123
1375	123
1375	122
1376	122
1376	120
1377	120
1377	119
1379	119
1379	118
1384	118
1384	117
1388	117
1388	116
1393	116
1393	115
1400	115
1400	116
1401	116
1401	141
1402	141
1402	142
1416	142
1416	141
1419	141
1419	139
1420	139
1420	138
1421	138
1421	137
1423	137
1423	136
1428	136
1428	135
1430	135
1430	134
1431	134
1431	133
1432	133
1432	132
1437	132
1437	131
1438	131
1438	130
1440	130
1440	129
1443	129
1443	128
1445	128
1445	127
1447	127
1447	125
1451	125
1451	124
1456	124
1456	123
1457	123
1457	119
1458	119
1458	118
1459	118
1459	119
1462	119
1462	118
1463	118
1463	119
1465	119
1465	118
1474	118
1474	114
1493	114
1493	113
1501	113
1501	114
1502	114
1502	115
1506	115
1506	116
1508	116
1508	130
1509	130
1509	131
1526	131
1526	130
1528	130
1528	128
1534	128
1534	133
1535	133
1535	138
1537	138
1537	139
1548	139
1548	138
1550	138
1550	137
1551	137
1551	136
1563	136
1563	135
1564	135
1564	134
1565	134
1565	133
1571	133
1571	132
1573	132
1573	131
1574	131
1574	130
1582	130
1582	129
1590	129
1590	128
1591	128
1591	127
1598	127
1598	126
1603	126
1603	125
1608	125
1608	124
1609	124
1609	123
1616	123
1616	122
1617	122
1617	121
1618	121
1618	119
1623	119
1623	118
1625	118
1625	117
1631	117
1631	116
1632	116
1632	115
1634	115
1634	114
1640	114
1640	113
1651	113
1651	115
1652	115
1652	116
1651	116
1651	117
1652	117
1652	118
1653	118
1653	119
1652	119
1652	120
1653	120
1653	122
1654	122
1654	133
1655	133
1655	134
1661	134
1661	133
1671	133
1671	132
1675	132
1675	131
1679	131
1679	130
1680	130
1680	129
1688	129
1688	128
1690	128
1690	127
1723	127
1723	126
1724	126
1724	125
1729	125
1729	124
1735	124
1735	123
1736	123
1736	124
1738	124
1738	123
1740	123
1740	124
1742	124
1742	123
1744	123
1744	122
1756	122
1756	121
1759	121
1759	120
1765	120
1765	119
1767	119
1767	118
1777	118
1777	117
1782	117
1782	116
1783	116
1783	115
1792	115
1792	114
1793	114
1793	115
1794	115
1794	114
1800	114
1800	113
1801	113
1801	112
1808	112
1808	111
1812	111
1812	110
1814	110
1814	109
1819	109
1819	110
1822	110
1822	109
1824	109
1824	108
1825	108
1825	107
1844	107
1844	106
1852	106
1852	107
1857	107
1857	108
1856	108
1856	109
1862	109
1862	110
1864	110
1864	109
1867	109
1867	111
1866	111
1866	113
1865	113
1865	119
1863	119
1863	120
1861	120
1861	121
1860	121
1860	123
1857	123
1857	125
1856	125
1856	126
1855	126
1855	127
1854	127
1854	128
1853	128
1853	129
1851	129
1851	130
1850	130
1850	131
1849	131
1849	132
1848	132
1848	133
1847	133
1847	134
1846	134
1846	135
1845	135
1845	136
1843	136
1843	137
1839	137
1839	139
1838	139
1838	141
1836	141
1836	142
1834	142
1834	143
1830	143
1830	145
1829	145
1829	147
1826	147
1826	148
1825	148
1825	149
1822	149
1822	150
1821	150
1821	151
1820	151
1820	152
1812	152
1812	155
1811	155
1811	157
1810	157
1810	158
1808	158
1808	159
1807	159
1807	158
1805	158
1805	159
1803	159
1803	162
1802	162
1802	163
1800	163
1800	164
1797	164
1797	165
1794	165
1794	167
1791	167
1791	168
1789	168
1789	170
1787	170
1787	171
1785	171
1785	172
1782	172
1782	173
1780	173
1780	174
1779	174
1779	175
1778	175
1778	178
1775	178
1775	179
1773	179
1773	178
1771	178
1771	179
1768	179
1768	182
1767	182
1767	183
1766	183
1766	184
1759	184
1759	185
1758	185
1758	187
1754	187
1754	188
1752	188
1752	187
1751	187
1751	188
1750	188
1750	189
1749	189
1749	192
1747	192
1747	193
1741	193
1741	196
1740	196
1740	197
1738	197
1738	198
1736	198
1736	201
1729	201
1729	202
1728	202
1728	203
1726	203
1726	202
1725	202
1725	203
1721	203
1721	204
1717	204
1717	217
1718	217
1718	218
1717	218
1717	221
1716	221
1716	223
1714	223
1714	224
1713	224
1713	225
1712	225
1712	227
1710	227
1710	228
1708	228
1708	229
1704	229
1704	231
1699	231
1699	232
1695	232
1695	233
1687	233
1687	235
1684	235
1684	236
1681	236
1681	237
1676	237
1676	238
1675	238
1675	239
1657	239
1657	254
1656	254
1656	256
1655	256
1655	257
1654	257
1654	259
1651	259
1651	260
1650	260
1650	262
1649	262
1649	263
1648	263
1648	264
1646	264
1646	265
1642	265
1642	266
1641	266
1641	267
1635	267
1635	268
1625	268
1625	269
1624	269
1624	272
1619	272
1619	273
1617	273
1617	274
1616	274
1616	273
1614	273
1614	274
1608	274
1608	275
1587	275
1587	276
1586	276
1586	275
1573	275
1573	274
1572	274
1572	275
1570	275
1570	276
1569	276
1569	289
1570	289
1570	295
1569	295
1569	297
1568	297
1568	298
1567	298
1567	299
1564	299
1564	300
1562	300
1562	301
1558	301
1558	302
1554	302
1554	303
1532	303
1532	304
1529	304
1529	303
1528	303
1528	304
1526	304
1526	303
1521	303
1521	304
1516	304
1516	303
1512	303
1512	304
1509	304
1509	305
1507	305
1507	306
1495	306
1495	305
1492	305
1492	304
1489	304
1489	303
1471	303
1471	304
1469	304
1469	305
1468	305
1468	317
1469	317
1469	324
1470	324
1470	328
1469	328
1469	329
1468	329
1468	330
1465	330
1465	331
1455	331
1455	334
1447	334
1447	333
1446	333
1446	332
1445	332
1445	333
1443	333
1443	332
1442	332
1442	333
1439	333
1439	332
1438	332
1438	331
1419	331
1419	334
1418	334
1418	335
1417	335
1417	350
1474	350
1474	351
1491	351
1491	352
1494	352
1494	353
1496	353
1496	354
1497	354
1497	355
1503	355
1503	356
1504	356
1504	357
1505	357
1505	361
1504	361
1504	363
1503	363
1503	364
1504	364
1504	365
1503	365
1503	367
1500	367
1500	380
1499	380
1499	382
1500	382
1500	384
1509	384
1509	386
1535	386
1535	387
1536	387
1536	388
1547	388
1547	389
1551	389
1551	388
1552	388
1552	389
1553	389
1553	388
1554	388
1554	389
1556	389
1556	390
1561	390
1561	391
1567	391
1567	392
1570	392
1570	394
1571	394
1571	395
1580	395
1580	397
1581	397
1581	398
1582	398
1582	397
1583	397
1583	398
1587	398
1587	400
1589	400
1589	407
1588	407
1588	409
1587	409
1587	412
1586	412
1586	425
1594	425
1594	426
1596	426
1596	427
1599	427
1599	426
1600	426
1600	427
1620	427
1620	429
1624	429
1624	430
1625	430
1625	431
1633	431
1633	432
1635	432
1635	433
1651	433
1651	435
1654	435
1654	436
1655	436
1655	435
1657	435
1657	436
1658	436
1658	435
1660	435
1660	438
1661	438
1661	439
1668	439
1668	440
1669	440
1669	441
1671	441
1671	442
1676	442
1676	443
1677	443
1677	444
1678	444
1678	447
1679	447
1679	448
1682	448
1682	449
1684	449
1684	451
1682	451
1682	455
1681	455
1681	456
1679	456
1679	457
1678	457
1678	472
1677	472
1677	473
1678	473
1678	475
1679	475
1679	476
1686	476
1686	477
1696	477
1696	478
1698	478
1698	479
1700	479
1700	478
1701	478
1701	479
1703	479
1703	478
1704	478
1704	479
1711	479
1711	480
1712	480
1712	481
1718	481
1718	483
1723	483
1723	484
1728	484
1728	485
1730	485
1730	484
1731	484
1731	485
1732	485
1732	486
1733	486
1733	487
1739	487
1739	488
1742	488
1742	489
1743	489
1743	490
1745	490
1745	491
1749	491
1749	492
1750	492
1750	493
1757	493
1757	494
1758	494
1758	496
1760	496
1760	497
1761	497
1761	498
1762	498
1762	499
1763	499
1763	500
1767	500
1767	503
1766	503
1766	504
1765	504
1765	506
1764	506
1764	507
1763	507
1763	510
1762	510
1762	512
1761	512
1761	514
1760	514
1760	518
1758	518
1758	520
1757	520
1757	521
1756	521
1756	522
1755	522
1755	537
1756	537
1756	538
1761	538
1761	537
1765	537
1765	538
1773	538
1773	539
1775	539
1775	540
1776	540
1776	541
1780	541
1780	542
1782	542
1782	543
1786	543
1786	544
1794	544
1794	548
1795	548
1795	549
1801	549
1801	550
1804	550
1804	551
1806	551
1806	552
1808	552
1808	553
1812	553
1812	555
1814	555
1814	556
1821	556
1821	558
1822	558
1822	559
1824	559
1824	560
1830	560
1830	564
1833	564
1833	565
1837	565
1837	566
1840	566
1840	567
1841	567
1841	568
1842	568
1842	569
1843	569
1843	571
1845	571
1845	572
1847	572
1847	573
1848	573
1848	574
1849	574
1849	575
1851	575
1851	576
1852	576
1852	577
1853	577
1853	578
1854	578
1854	579
1855	579
1855	580
1857	580
1857	581
1856	581
1856	585
1854	585
1854	589
1853	589
1853	590
1852	590
1852	591
1851	591
1851	595
1850	595
1850	598
1849	598
1849	609
1850	609
1850	610
1856	610
1856	611
1857	611
1857	612
1862	612
1862	613
1863	613
1863	614
1869	614
1869	615
1872	615
1872	616
1873	616
1873	617
1874	617
1874	618
1875	618
1875	620
1879	620
1879	621
1881	621
1881	622
1882	622
1882	623
1883	623
1883	624
1884	624
1884	627
1891	627
1891	628
1893	628
1893	629
1895	629
1895	630
1896	630
1896	631
1897	631
1897	632
1899	632
1899	633
1901	633
1901	635
1902	635
1902	636
1906	636
1906	637
1908	637
1908	638
1909	638
1909	639
1910	639
1910	640
1912	640
1912	642
1913	642
1913	643
1916	643
1916	644
1917	644
1917	645
1919	645
1919	647
1920	647
1920	650
1922	650
1922	651
1923	651
1923	652
1921	652
1921	653
1919	653
1919	656
1918	656
1918	657
1917	657
1917	658
1916	658
1916	659
1915	659
1915	661
1912	661
1912	662
1910	662
1910	676
1912	676
1912	677
1915	677
1915	678
1919	678
1919	680
1920	680
1920	681
1922	681
1922	682
1926	682
1926	689
1936	689
1936	691
1937	691
1937	692
1939	692
1939	693
1940	693
1940	694
1941	694
1941	695
1942	695
1942	696
1943	696
1943	697
1944	697
1944	698
1945	698
1945	699
1946	699
1946	702
1951	702
1951	703
1952	703
1952	704
1954	704
1954	706
1955	706
1955	709
1957	709
1957	710
1961	710
1961	711
1963	711
1963	712
1964	712
1964	716
1968	716
1968	717
1971	717
1971	718
1972	718
1972	720
1973	720
1973	722
1974	722
1974	723
1975	723
1975	724
1976	724
1976	723
1978	723
1978	724
1981	724
1981	726
1982	726
1982	727
1985	727
1985	729
1988	729
1988	731
1990	731
1990	732
1991	732
1991	734
1994	734
1994	735
1998	735
1998	736
1999	736
1999	737
2000	737
2000	738
2001	738
2001	739
2004	739
2004	740
2005	740
2005	741
2008	741
2008	742
2007	742
2007	743
2011	743
2011	744
2012	744
2012	746
2014	746
2014	747
2015	747
2015	749
2017	749
2017	750
2018	750
2018	752
2024	752
2024	753
2025	753
2025	754
2026	754
2026	755
2027	755
2027	756
2031	756
2031	757
2032	757
2032	758
2034	758
2034	759
2035	759
2035	760
2036	760
2036	761
2039	761
2039	762
2041	762
2041	763
2043	763
2043	764
2044	764
2044	765
2047	765
2047	766
2049	766
2049	767
2052	767
2052	768
2053	768
2053	769
2054	769
2054	770
2061	770
2061	771
2062	771
2062	772
2064	772
2064	773
2068	773
2068	774
2070	774
2070	775
2075	775
2075	777
2078	777
2078	778
2080	778
2080	779
2081	779
2081	780
2086	780
2086	781
2088	781
2088	782
2090	782
2090	783
2091	783
2091	784
2094	784
2094	785
2097	785
2097	786
2098	786
2098	787
2099	787
2099	788
2103	788
2103	789
2105	789
2105	791
2106	791
2106	792
2107	792
2107	796
2109	796
2109	797
2111	797
2111	796
2112	796
2112	797
2113	797
2113	800
2112	800
2112	802
2111	802
2111	804
2107	804
2107	806
2106	806
2106	808
2104	808
2104	809
2099	809
2099	810
2096	810
2096	811
2058	811
2058	810
2052	810
2052	809
2044	809
2044	808
2036	808
2036	807
2032	807
2032	806
2028	806
2028	804
2015	804
2015	803
2014	803
2014	804
2013	804
2013	803
2012	803
2012	804
2011	804
2011	803
2010	803
2010	802
2000	802
2000	801
1999	801
1999	800
1997	800
1997	799
1985	799
1985	798
1984	798
1984	796
1983	796
1983	795
1982	795
1982	794
1981	794
1981	795
1972	795
1972	794
1966	794
1966	793
1963	793
1963	792
1957	792
1957	790
1954	790
1954	789
1950	789
1950	788
1948	788
1948	787
1947	787
1947	786
1939	786
1939	785
1937	785
1937	784
1936	784
1936	783
1933	783
1933	782
1932	782
1932	781
1917	781
1917	784
1916	784
1916	786
1915	786
1915	787
1914	787
1914	788
1904	788
1904	787
1903	787
1903	785
1896	785
1896	784
1893	784
1893	783
1885	783
1885	778
1884	778
1884	777
1876	777
1876	776
1874	776
1874	775
1871	775
1871	774
1869	774
1869	773
1868	773
1868	770
1867	770
1867	769
1866	769
1866	768
1864	768
1864	769
1863	769
1863	768
1858	768
1858	767
1856	767
1856	766
1850	766
1850	765
1849	765
1849	760
1848	760
1848	759
1847	759
1847	760
1845	760
1845	759
1842	759
1842	758
1828	758
1828	759
1823	759
1823	760
1821	760
1821	768
1820	768
1820	769
1818	769
1818	770
1815	770
1815	769
1813	769
1813	768
1802	768
1802	767
1801	767
1801	766
1800	766
1800	765
1799	765
1799	764
1787	764
1787	758
1786	758
1786	756
1783	756
1783	755
1782	755
1782	754
1781	754
1781	753
1778	753
1778	750
1775	750
1775	749
1773	749
1773	747
1771	747
1771	746
1770	746
1770	745
1769	745
1769	742
1768	742
1768	741
1759	741
1759	739
1758	739
1758	738
1757	738
1757	737
1755	737
1755	736
1754	736
1754	735
1753	735
1753	734
1752	734
1752	733
1751	733
1751	732
1747	732
1747	730
1746	730
1746	729
1745	729
1745	728
1744	728
1744	726
1743	726
1743	725
1742	725
1742	723
1739	723
1739	722
1727	722
1727	723
1724	723
1724	724
1723	724
1723	725
1722	725
1722	730
1721	730
1721	732
1719	732
1719	733
1718	733
1718	740
1717	740
1717	741
1708	741
1708	740
1707	740
1707	739
1706	739
1706	738
1699	738
1699	737
1697	737
1697	736
1694	736
1694	733
1691	733
1691	732
1687	732
1687	731
1686	731
1686	730
1685	730
1685	729
1684	729
1684	728
1683	728
1683	727
1681	727
1681	726
1680	726
1680	723
1679	723
1679	721
1676	721
1676	720
1673	720
1673	718
1671	718
1671	715
1669	715
1669	714
1666	714
1666	713
1665	713
1665	712
1664	712
1664	711
1663	711
1663	710
1662	710
1662	707
1661	707
1661	706
1657	706
1657	705
1655	705
1655	704
1653	704
1653	701
1652	701
1652	700
1651	700
1651	699
1649	699
1649	697
1647	697
1647	696
1644	696
1644	692
1643	692
1643	691
1642	691
1642	689
1640	689
1640	688
1638	688
1638	687
1626	687
1626	688
1624	688
1624	691
1623	691
1623	693
1621	693
1621	694
1620	694
1620	697
1616	697
1616	700
1615	700
1615	705
1614	705
1614	706
1608	706
1608	705
1607	705
1607	704
1602	704
1602	703
1600	703
1600	702
1599	702
1599	701
1597	701
1597	700
1596	700
1596	699
1594	699
1594	698
1593	698
1593	697
1591	697
1591	695
1590	695
1590	694
1588	694
1588	693
1587	693
1587	692
1585	692
1585	690
1584	690
1584	689
1583	689
1583	688
1582	688
1582	687
1581	687
1581	686
1580	686
1580	685
1579	685
1579	683
1578	683
1578	680
1577	680
1577	679
1562	679
1562	680
1561	680
1561	681
1560	681
1560	682
1559	682
1559	683
1558	683
1558	684
1557	684
1557	686
1556	686
1556	687
1555	687
1555	688
1553	688
