1231	1309
1230	1309
1230	1311
1229	1311
1229	1312
1227	1312
1227	1313
1224	1313
1224	1325
1225	1325
1225	1331
1224	1331
1224	1333
1223	1333
1223	1334
1221	1334
1221	1335
1218	1335
1218	1338
1219	1338
1219	1342
1218	1342
1218	1344
1219	1344
1219	1345
1221	1345
1221	1347
1222	1347
1222	1350
1223	1350
1223	1351
1224	1351
1224	1357
1225	1357
1225	1364
1226	1364
1226	1368
1227	1368
1227	1392
1226	1392
1226	1394
1223	1394
1223	1389
1222	1389
1222	1388
1217	1388
1217	1387
1215	1387
1215	1386
1213	1386
1213	1385
1205	1385
1205	1384
1204	1384
1204	1385
1202	1385
1202	1396
1203	1396
1203	1399
1204	1399
1204	1400
1205	1400
1205	1405
1206	1405
1206	1410
1207	1410
1207	1411
1208	1411
1208	1417
1209	1417
1209	1419
1208	1419
1208	1420
1209	1420
1209	1421
1210	1421
1210	1423
1211	1423
1211	1428
1212	1428
1212	1436
1213	1436
1213	1446
1214	1446
1214	1453
1215	1453
1215	1465
1214	1465
1214	1471
1213	1471
1213	1472
1211	1472
1211	1473
1212	1473
1212	1474
1211	1474
1211	1475
1210	1475
1210	1476
1208	1476
1208	1474
1207	1474
1207	1472
1206	1472
1206	1471
1205	1471
1205	1470
1195	1470
1195	1484
1196	1484
1196	1486
1197	1486
1197	1487
1198	1487
1198	1493
1199	1493
1199	1498
1200	1498
1200	1503
1201	1503
1201	1504
1202	1504
1202	1516
1203	1516
1203	1521
1204	1521
1204	1527
1205	1527
1205	1541
1203	1541
1203	1542
1202	1542
1202	1547
1201	1547
1201	1550
1200	1550
1200	1551
1198	1551
1198	1546
1196	1546
1196	1545
1195	1545
1195	1544
1194	1544
1194	1542
1193	1542
1193	1541
1192	1541
1192	1540
1191	1540
1191	1539
1181	1539
1181	1540
1180	1540
1180	1549
1181	1549
1181	1552
1182	1552
1182	1555
1183	1555
1183	1561
1186	1561
1186	1562
1187	1562
1187	1573
1188	1573
1188	1575
1189	1575
1189	1607
1187	1607
1187	1608
1186	1608
1186	1609
1185	1609
1185	1610
1184	1610
1184	1609
1182	1609
1182	1605
1181	1605
1181	1603
1180	1603
1180	1602
1179	1602
1179	1601
1169	1601
1169	1603
1168	1603
1168	1611
1169	1611
1169	1612
1170	1612
1170	1625
1172	1625
1172	1630
1173	1630
1173	1644
1174	1644
1174	1649
1173	1649
1173	1652
1172	1652
1172	1655
1170	1655
1170	1665
1169	1665
1169	1666
1168	1666
1168	1667
1167	1667
1167	1668
1163	1668
1163	1665
1162	1665
1162	1661
1153	1661
1153	1662
1151	1662
1151	1708
1150	1708
1150	1710
1149	1710
1149	1712
1148	1712
1148	1713
1147	1713
1147	1724
1148	1724
1148	1727
1149	1727
1149	1736
1148	1736
1148	1738
1149	1738
1149	1741
1148	1741
1148	1742
1147	1742
1147	1748
1146	1748
1146	1750
1145	1750
1145	1752
1144	1752
1144	1753
1143	1753
1143	1754
1141	1754
1141	1755
1135	1755
1135	1785
1136	1785
1136	1791
1135	1791
1135	1792
1134	1792
1134	1793
1133	1793
1133	1794
1132	1794
1132	1840
1131	1840
1131	1847
1130	1847
1130	1859
1129	1859
1129	1899
1128	1899
1128	1903
1126	1903
1126	1922
1125	1922
1125	1941
1124	1941
1124	1947
1123	1947
1123	1951
1122	1951
1122	1960
1121	1960
1121	1961
1122	1961
1122	1963
1121	1963
1121	1967
1120	1967
1120	1968
1119	1968
1119	1979
1118	1979
1118	1980
1117	1980
1117	1985
1116	1985
1116	1991
1115	1991
1115	1997
1114	1997
1114	1998
1113	1998
1113	2005
1112	2005
1112	2006
1111	2006
1111	2011
1110	2011
1110	2014
1109	2014
1109	2017
1108	2017
1108	2018
1107	2018
1107	2023
1106	2023
1106	2027
1105	2027
1105	2030
1103	2030
1103	2034
1102	2034
1102	2035
1101	2035
1101	2037
1100	2037
1100	2039
1099	2039
1099	2040
1098	2040
1098	2042
1096	2042
1096	2043
1095	2043
1095	2044
1094	2044
1094	2046
1093	2046
1093	2048
1092	2048
1092	2049
1091	2049
1091	2050
1089	2050
1089	2043
1090	2043
1090	2038
1091	2038
1091	2035
1092	2035
1092	2033
1091	2033
1091	2032
1092	2032
1092	2029
1093	2029
1093	2017
1094	2017
1094	2009
1095	2009
1095	2006
1096	2006
1096	2001
1095	2001
1095	1965
1096	1965
1096	1962
1095	1962
1095	1961
1096	1961
1096	1960
1095	1960
1095	1944
1096	1944
1096	1915
1097	1915
1097	1898
1096	1898
1096	1891
1095	1891
1095	1890
1096	1890
1096	1864
1095	1864
1095	1855
1096	1855
1096	1854
1095	1854
1095	1852
1093	1852
1093	1850
1094	1850
1094	1848
1093	1848
1093	1847
1094	1847
1094	1846
1093	1846
1093	1839
1092	1839
1092	1821
1091	1821
1091	1817
1090	1817
1090	1796
1089	1796
1089	1795
1088	1795
1088	1794
1087	1794
1087	1793
1088	1793
1088	1792
1087	1792
1087	1787
1086	1787
1086	1774
1077	1774
1077	1772
1076	1772
1076	1771
1077	1771
1077	1769
1076	1769
1076	1757
1075	1757
1075	1755
1074	1755
1074	1747
1073	1747
1073	1744
1072	1744
1072	1742
1073	1742
1073	1741
1072	1741
1072	1738
1071	1738
1071	1736
1070	1736
1070	1734
1071	1734
1071	1731
1070	1731
1070	1725
1071	1725
1071	1722
1070	1722
1070	1718
1071	1718
1071	1717
1070	1717
1070	1715
1061	1715
1061	1714
1059	1714
1059	1712
1058	1712
1058	1706
1057	1706
1057	1705
1055	1705
1055	1698
1054	1698
1054	1696
1055	1696
1055	1686
1054	1686
1054	1682
1055	1682
1055	1671
1054	1671
1054	1670
1045	1670
1045	1669
1044	1669
1044	1668
1042	1668
1042	1667
1041	1667
1041	1662
1040	1662
1040	1661
1039	1661
1039	1658
1038	1658
1038	1657
1039	1657
1039	1650
1038	1650
1038	1638
1039	1638
1039	1621
1040	1621
1040	1619
1039	1619
1039	1614
1040	1614
1040	1612
1039	1612
1039	1610
1033	1610
1033	1611
1031	1611
1031	1610
1029	1610
1029	1611
1027	1611
1027	1612
1026	1612
1026	1616
1025	1616
1025	1617
1024	1617
1024	1619
1023	1619
1023	1622
1020	1622
1020	1619
1019	1619
1019	1617
1016	1617
1016	1609
1015	1609
1015	1601
1014	1601
1014	1594
1015	1594
1015	1586
1016	1586
1016	1573
1015	1573
1015	1560
1016	1560
1016	1541
1014	1541
1014	1540
1011	1540
1011	1541
1008	1541
1008	1540
1007	1540
1007	1541
1005	1541
1005	1542
1004	1542
1004	1543
1003	1543
1003	1544
1001	1544
1001	1545
999	1545
999	1547
997	1547
997	1548
996	1548
996	1550
995	1550
995	1552
994	1552
994	1553
993	1553
993	1554
992	1554
992	1555
991	1555
991	1554
990	1554
990	1553
989	1553
989	1552
988	1552
988	1520
989	1520
989	1512
990	1512
990	1499
991	1499
991	1492
992	1492
992	1491
994	1491
994	1485
996	1485
996	1484
997	1484
997	1479
998	1479
998	1469
986	1469
986	1471
985	1471
985	1472
984	1472
984	1473
983	1473
983	1474
982	1474
982	1475
981	1475
981	1476
980	1476
980	1477
979	1477
979	1480
977	1480
977	1479
976	1479
976	1477
975	1477
975	1475
974	1475
974	1474
975	1474
975	1471
974	1471
974	1470
972	1470
972	1458
973	1458
973	1453
975	1453
975	1428
977	1428
977	1413
978	1413
978	1408
979	1408
979	1397
977	1397
977	1396
975	1396
975	1397
972	1397
972	1396
971	1396
971	1397
967	1397
967	1398
966	1398
966	1399
961	1399
961	1402
960	1402
960	1404
959	1404
959	1406
957	1406
957	1404
956	1404
956	1401
955	1401
955	1400
954	1400
954	1397
955	1397
955	1395
956	1395
956	1384
957	1384
957	1379
958	1379
958	1378
959	1378
959	1372
960	1372
960	1371
961	1371
961	1370
962	1370
962	1365
963	1365
963	1364
964	1364
964	1358
965	1358
965	1357
966	1357
966	1355
965	1355
965	1349
966	1349
966	1343
967	1343
967	1339
968	1339
968	1338
969	1338
969	1332
970	1332
970	1326
971	1326
971	1316
970	1316
970	1315
960	1315
960	1316
955	1316
955	1317
954	1317
954	1318
953	1318
953	1319
952	1319
952	1320
951	1320
951	1321
950	1321
950	1323
949	1323
949	1324
948	1324
948	1325
946	1325
946	1324
945	1324
945	1323
944	1323
944	1321
943	1321
943	1302
944	1302
944	1299
945	1299
945	1295
946	1295
946	1292
947	1292
947	1288
949	1288
949	1287
950	1287
950	1285
949	1285
949	1284
950	1284
950	1281
951	1281
951	1279
952	1279
952	1278
953	1278
953	1276
954	1276
954	1275
955	1275
955	1273
956	1273
956	1272
955	1272
955	1271
956	1271
956	1267
957	1267
957	1262
958	1262
958	1261
959	1261
959	1257
960	1257
960	1256
961	1256
961	1255
962	1255
962	1253
963	1253
963	1252
964	1252
964	1250
968	1250
968	1245
969	1245
969	1236
968	1236
968	1234
957	1234
957	1235
948	1235
948	1236
947	1236
947	1237
946	1237
946	1238
943	1238
943	1239
942	1239
942	1241
940	1241
940	1240
939	1240
939	1231
940	1231
940	1229
941	1229
941	1225
942	1225
942	1224
943	1224
943	1219
944	1219
944	1215
945	1215
945	1212
946	1212
946	1210
947	1210
947	1205
955	1205
955	1203
956	1203
956	1202
955	1202
955	1201
956	1201
956	1187
957	1187
957	1186
958	1186
958	1183
959	1183
959	1181
960	1181
960	1180
961	1180
961	1179
962	1179
962	1175
963	1175
963	1174
964	1174
964	1171
965	1171
965	1170
966	1170
966	1168
967	1168
967	1167
971	1167
971	1162
972	1162
972	1161
971	1161
971	1155
972	1155
972	1154
971	1154
971	1153
970	1153
970	1152
967	1152
967	1153
962	1153
962	1152
960	1152
960	1153
959	1153
959	1152
952	1152
952	1153
950	1153
950	1154
949	1154
949	1155
948	1155
948	1156
947	1156
947	1155
946	1155
946	1154
945	1154
945	1153
946	1153
946	1151
945	1151
945	1147
946	1147
946	1144
947	1144
947	1143
948	1143
948	1142
949	1142
949	1141
950	1141
950	1137
951	1137
951	1136
952	1136
952	1132
954	1132
954	1129
956	1129
956	1128
957	1128
957	1125
958	1125
958	1123
961	1123
961	1122
962	1122
962	1117
963	1117
963	1115
965	1115
965	1114
964	1114
964	1113
965	1113
965	1112
966	1112
966	1110
967	1110
967	1109
968	1109
968	1107
969	1107
969	1104
970	1104
970	1103
975	1103
975	1097
978	1097
978	1091
981	1091
981	1080
980	1080
980	1079
967	1079
967	1080
965	1080
965	1081
963	1081
963	1082
961	1082
961	1081
960	1081
960	1079
959	1079
959	1075
960	1075
960	1073
961	1073
961	1071
962	1071
962	1068
963	1068
963	1067
964	1067
964	1066
965	1066
965	1062
967	1062
967	1060
969	1060
969	1059
971	1059
971	1053
974	1053
974	1052
975	1052
975	1050
976	1050
976	1046
977	1046
977	1045
978	1045
978	1044
977	1044
977	1043
978	1043
978	1042
979	1042
979	1040
980	1040
980	1039
981	1039
981	1035
982	1035
982	1034
983	1034
983	1033
984	1033
984	1031
985	1031
985	1028
986	1028
986	1027
987	1027
987	1023
986	1023
986	1022
987	1022
987	1018
986	1018
986	1017
976	1017
976	1018
973	1018
973	1019
971	1019
971	1021
969	1021
969	1019
968	1019
968	1018
969	1018
969	1011
970	1011
970	1009
971	1009
971	1005
972	1005
972	1004
973	1004
973	1002
975	1002
975	1001
976	1001
976	997
977	997
977	996
978	996
978	1000
977	1000
977	1001
991	1001
991	987
990	987
990	986
989	986
989	981
990	981
990	980
991	980
991	977
992	977
992	976
994	976
994	971
995	971
995	970
996	970
996	969
997	969
997	961
998	961
998	958
999	958
999	957
1000	957
1000	954
1001	954
1001	952
1002	952
1002	951
1003	951
1003	949
1004	949
1004	940
1003	940
1003	939
989	939
989	940
988	940
988	941
983	941
983	942
982	942
982	943
981	943
981	942
980	942
980	938
981	938
981	935
982	935
982	933
983	933
983	932
984	932
984	931
985	931
985	930
986	930
986	929
987	929
987	927
989	927
989	926
990	926
990	925
991	925
991	922
992	922
992	919
994	919
994	918
995	918
995	917
996	917
996	915
997	915
997	914
999	914
999	913
1000	913
1000	908
1001	908
1001	907
1002	907
1002	905
1003	905
1003	903
1004	903
1004	900
1009	900
1009	899
1010	899
1010	894
1013	894
1013	888
1014	888
1014	887
1015	887
1015	885
1016	885
1016	883
1017	883
1017	882
1018	882
1018	881
1019	881
1019	880
1018	880
1018	876
1019	876
1019	874
1018	874
1018	872
1017	872
1017	871
1006	871
1006	872
1005	872
1005	873
1004	873
1004	874
1002	874
1002	869
1003	869
1003	868
1004	868
1004	865
1006	865
1006	862
1009	862
1009	860
1011	860
1011	857
1013	857
1013	858
1022	858
1022	857
1023	857
1023	854
1024	854
1024	853
1025	853
1025	852
1026	852
1026	841
1028	841
1028	840
1029	840
1029	838
1031	838
1031	837
1032	837
1032	824
1034	824
1034	823
1035	823
1035	818
1038	818
1038	812
1039	812
1039	811
1040	811
1040	809
1041	809
1041	808
1042	808
1042	806
1043	806
1043	805
1044	805
1044	806
1045	806
1045	804
1046	804
1046	801
1047	801
1047	800
1048	800
1048	799
1049	799
1049	789
1036	789
1036	790
1032	790
1032	787
1033	787
1033	784
1034	784
1034	783
1035	783
1035	782
1036	782
1036	781
1037	781
1037	780
1039	780
1039	779
1044	779
1044	778
1045	778
1045	776
1048	776
1048	772
1050	772
1050	768
1051	768
1051	766
1052	766
1052	765
1053	765
1053	757
1054	757
1054	755
1055	755
1055	754
1057	754
1057	753
1058	753
1058	752
1057	752
1057	751
1058	751
1058	747
1059	747
1059	746
1060	746
1060	743
1061	743
1061	741
1065	741
1065	734
1066	734
1066	732
1067	732
1067	731
1068	731
1068	720
1064	720
1064	712
1065	712
1065	711
1066	711
1066	710
1067	710
1067	709
1070	709
1070	708
1071	708
1071	704
1070	704
1070	703
1071	703
1071	702
1072	702
1072	700
1073	700
1073	697
1074	697
1074	696
1076	696
1076	691
1077	691
1077	690
1078	690
1078	686
1079	686
1079	685
1080	685
1080	684
1082	684
1082	683
1083	683
1083	678
1084	678
1084	662
1085	662
1085	658
1089	658
1089	652
1091	652
1091	650
1092	650
1092	647
1093	647
1093	646
1094	646
1094	645
1095	645
1095	643
1096	643
1096	639
1097	639
1097	634
1098	634
1098	630
1099	630
1099	627
1100	627
1100	624
1101	624
1101	619
1102	619
1102	613
1103	613
1103	607
1104	607
1104	604
1105	604
1105	601
1106	601
1106	595
1107	595
1107	594
1108	594
1108	588
1109	588
1109	575
1108	575
1108	574
1099	574
1099	575
1097	575
1097	577
1096	577
1096	579
1095	579
1095	580
1094	580
1094	585
1093	585
1093	586
1092	586
1092	588
1091	588
1091	589
1090	589
1090	592
1089	592
1089	593
1088	593
1088	595
1087	595
1087	598
1086	598
1086	600
1085	600
1085	601
1084	601
1084	604
1083	604
1083	606
1082	606
1082	607
1081	607
1081	612
1079	612
1079	613
1078	613
1078	615
1079	615
1079	618
1078	618
1078	622
1077	622
1077	624
1076	624
1076	625
1075	625
1075	627
1074	627
1074	628
1075	628
1075	629
1074	629
1074	630
1072	630
1072	631
1069	631
1069	632
1068	632
1068	633
1069	633
1069	637
1068	637
1068	640
1067	640
1067	642
1065	642
1065	643
1066	643
1066	644
1065	644
1065	650
1063	650
1063	651
1062	651
1062	656
1061	656
1061	658
1060	658
1060	661
1059	661
1059	665
1058	665
1058	668
1057	668
1057	670
1056	670
1056	676
1054	676
1054	677
1053	677
1053	680
1052	680
1052	681
1049	681
1049	682
1047	682
1047	686
1046	686
1046	688
1045	688
1045	689
1044	689
1044	695
1041	695
1041	702
1040	702
1040	704
1039	704
1039	707
1038	707
1038	708
1037	708
1037	713
1036	713
1036	718
1035	718
1035	721
1034	721
1034	731
1033	731
1033	735
1032	735
1032	737
1031	737
1031	740
1030	740
1030	741
1029	741
1029	742
1017	742
1017	743
1016	743
1016	744
1017	744
1017	745
1016	745
1016	746
1015	746
1015	752
1014	752
1014	757
1013	757
1013	758
1011	758
1011	763
1010	763
1010	766
1009	766
1009	770
1008	770
1008	771
1007	771
1007	774
1006	774
1006	777
1005	777
1005	787
1004	787
1004	791
1003	791
1003	797
1002	797
1002	798
1001	798
1001	800
1000	800
1000	802
998	802
998	800
997	800
997	798
996	798
996	797
986	797
986	806
985	806
985	808
984	808
984	810
983	810
983	813
982	813
982	815
980	815
980	817
979	817
979	819
980	819
980	821
979	821
979	822
980	822
980	823
979	823
979	826
978	826
978	829
977	829
977	835
976	835
976	850
975	850
975	853
974	853
974	855
973	855
973	860
972	860
972	861
971	861
971	862
968	862
968	860
957	860
957	861
956	861
956	866
954	866
954	871
953	871
953	872
952	872
952	874
951	874
951	880
950	880
950	897
951	897
951	898
950	898
950	904
949	904
949	905
948	905
948	910
947	910
947	911
945	911
945	917
944	917
944	919
943	919
943	920
941	920
941	918
940	918
940	914
939	914
939	911
926	911
926	914
925	914
925	920
924	920
924	924
922	924
922	934
921	934
921	937
920	937
920	947
919	947
919	949
918	949
918	953
917	953
917	956
916	956
916	959
915	959
915	960
916	960
916	961
915	961
915	962
914	962
914	968
912	968
912	969
913	969
913	970
912	970
912	972
911	972
911	974
910	974
910	975
909	975
909	979
908	979
908	980
907	980
907	981
906	981
906	982
905	982
905	981
904	981
904	980
903	980
903	978
902	978
902	977
901	977
901	975
900	975
900	974
890	974
890	975
888	975
888	977
889	977
889	978
888	978
888	984
887	984
887	987
884	987
884	994
882	994
882	1000
881	1000
881	1003
880	1003
880	1006
878	1006
878	1008
877	1008
877	1013
875	1013
875	1017
874	1017
874	1019
872	1019
872	1021
871	1021
871	1024
870	1024
870	1025
869	1025
869	1026
868	1026
868	1028
867	1028
867	1029
865	1029
865	1030
864	1030
864	1029
863	1029
863	1028
862	1028
862	1025
851	1025
851	1026
850	1026
850	1033
849	1033
849	1038
847	1038
847	1039
846	1039
846	1047
845	1047
845	1049
844	1049
844	1051
843	1051
843	1055
842	1055
842	1057
839	1057
839	1064
837	1064
837	1068
836	1068
836	1070
835	1070
835	1072
834	1072
834	1075
833	1075
833	1076
832	1076
832	1077
830	1077
830	1079
829	1079
829	1077
828	1077
828	1076
827	1076
827	1075
826	1075
826	1073
825	1073
825	1072
824	1072
824	1071
823	1071
823	1070
813	1070
813	1071
812	1071
812	1078
811	1078
811	1081
810	1081
810	1082
809	1082
809	1083
808	1083
808	1091
807	1091
807	1094
806	1094
806	1096
805	1096
805	1098
804	1098
804	1101
803	1101
803	1102
802	1102
802	1103
801	1103
801	1104
802	1104
802	1105
801	1105
801	1108
800	1108
800	1111
799	1111
799	1113
798	1113
798	1115
797	1115
797	1118
796	1118
796	1121
794	1121
794	1122
793	1122
793	1126
792	1126
792	1127
790	1127
790	1128
789	1128
789	1131
788	1131
788	1133
787	1133
787	1132
786	1132
786	1134
785	1134
785	1136
782	1136
782	1135
781	1135
781	1132
780	1132
780	1128
778	1128
778	1127
770	1127
770	1128
769	1128
769	1130
768	1130
768	1136
767	1136
767	1140
766	1140
766	1143
765	1143
765	1144
764	1144
764	1145
763	1145
763	1146
762	1146
762	1145
761	1145
761	1146
754	1146
754	1147
753	1147
753	1152
752	1152
752	1153
750	1153
750	1159
748	1159
748	1163
747	1163
747	1166
746	1166
746	1170
745	1170
745	1172
744	1172
744	1174
743	1174
743	1176
742	1176
742	1178
739	1178
739	1179
738	1179
738	1185
737	1185
737	1186
736	1186
736	1187
735	1187
735	1188
734	1188
734	1189
733	1189
733	1190
732	1190
732	1191
731	1191
731	1192
730	1192
730	1193
729	1193
729	1194
728	1194
728	1195
724	1195
724	1194
723	1194
723	1192
722	1192
722	1189
721	1189
721	1186
720	1186
720	1185
719	1185
719	1183
708	1183
708	1184
707	1184
707	1185
706	1185
706	1194
705	1194
705	1197
703	1197
703	1198
702	1198
702	1201
701	1201
701	1203
700	1203
700	1204
698	1204
698	1207
697	1207
697	1208
696	1208
696	1210
693	1210
693	1215
692	1215
692	1216
691	1216
691	1217
690	1217
690	1219
689	1219
689	1222
688	1222
688	1223
687	1223
687	1226
686	1226
686	1228
685	1228
685	1229
684	1229
684	1231
683	1231
683	1233
682	1233
682	1235
680	1235
680	1236
679	1236
679	1237
678	1237
678	1242
677	1242
677	1245
676	1245
676	1246
674	1246
674	1248
672	1248
672	1249
671	1249
671	1251
670	1251
670	1252
669	1252
669	1253
668	1253
668	1254
667	1254
667	1255
665	1255
665	1256
663	1256
663	1255
662	1255
662	1251
661	1251
661	1250
660	1250
660	1246
659	1246
659	1245
655	1245
655	1244
654	1244
654	1245
649	1245
649	1250
648	1250
648	1258
647	1258
647	1261
646	1261
646	1264
645	1264
645	1265
643	1265
643	1266
636	1266
636	1267
634	1267
634	1268
633	1268
633	1273
630	1273
630	1274
629	1274
629	1278
630	1278
630	1279
629	1279
629	1280
627	1280
627	1283
626	1283
626	1285
625	1285
625	1286
624	1286
624	1288
623	1288
623	1289
622	1289
622	1290
621	1290
621	1288
620	1288
620	1292
618	1292
618	1293
617	1293
617	1295
616	1295
616	1297
617	1297
617	1298
616	1298
616	1299
615	1299
615	1301
614	1301
614	1303
613	1303
613	1304
612	1304
612	1305
611	1305
611	1306
610	1306
610	1307
609	1307
609	1308
608	1308
608	1309
606	1309
606	1310
604	1310
604	1311
602	1311
602	1310
601	1310
601	1306
600	1306
600	1301
599	1301
599	1299
589	1299
589	1300
588	1300
588	1305
586	1305
586	1306
585	1306
585	1311
584	1311
584	1313
583	1313
583	1316
582	1316
582	1317
581	1317
581	1318
579	1318
579	1319
578	1319
578	1325
577	1325
577	1326
576	1326
576	1327
575	1327
575	1329
574	1329
574	1330
573	1330
573	1331
570	1331
570	1332
569	1332
569	1337
567	1337
567	1338
566	1338
566	1341
565	1341
565	1343
564	1343
564	1344
563	1344
563	1345
562	1345
562	1347
561	1347
561	1349
560	1349
560	1350
559	1350
559	1351
558	1351
558	1352
557	1352
557	1353
555	1353
555	1355
553	1355
553	1356
534	1356
534	1363
532	1363
532	1368
531	1368
531	1369
530	1369
530	1372
529	1372
529	1374
528	1374
528	1375
526	1375
526	1376
525	1376
525	1380
524	1380
524	1382
520	1382
520	1384
519	1384
519	1385
520	1385
520	1386
519	1386
519	1387
518	1387
518	1388
515	1388
515	1392
514	1392
514	1393
513	1393
513	1394
509	1394
509	1395
508	1395
508	1399
503	1399
503	1400
502	1400
502	1401
500	1401
500	1400
499	1400
499	1399
490	1399
490	1400
489	1400
489	1402
488	1402
488	1403
487	1403
487	1404
486	1404
486	1405
485	1405
485	1406
484	1406
484	1407
483	1407
483	1408
482	1408
482	1409
481	1409
481	1411
480	1411
480	1413
477	1413
477	1416
476	1416
476	1417
471	1417
471	1419
470	1419
470	1422
469	1422
469	1423
465	1423
465	1424
464	1424
464	1427
463	1427
463	1429
458	1429
458	1432
457	1432
457	1433
455	1433
455	1436
454	1436
454	1438
453	1438
453	1439
451	1439
451	1442
449	1442
449	1444
447	1444
447	1445
444	1445
444	1446
443	1446
443	1451
439	1451
439	1452
438	1452
438	1457
437	1457
437	1458
432	1458
432	1463
430	1463
430	1464
428	1464
428	1465
426	1465
426	1470
424	1470
424	1471
423	1471
423	1474
422	1474
422	1475
421	1475
421	1477
414	1477
414	1478
413	1478
413	1485
412	1485
412	1486
411	1486
411	1487
410	1487
410	1488
409	1488
409	1489
407	1489
407	1492
406	1492
406	1494
405	1494
405	1495
404	1495
404	1496
401	1496
401	1497
400	1497
400	1502
395	1502
395	1503
394	1503
394	1507
393	1507
393	1509
388	1509
388	1513
387	1513
387	1515
382	1515
382	1521
381	1521
381	1522
380	1522
380	1523
375	1523
375	1527
374	1527
374	1528
373	1528
373	1529
369	1529
369	1530
368	1530
368	1534
364	1534
364	1535
363	1535
363	1539
362	1539
362	1540
361	1540
361	1539
360	1539
360	1541
356	1541
356	1545
355	1545
355	1546
354	1546
354	1547
350	1547
350	1548
349	1548
349	1552
348	1552
348	1551
347	1551
347	1552
344	1552
344	1553
343	1553
343	1555
341	1555
341	1557
339	1557
339	1559
338	1559
338	1560
337	1560
337	1561
335	1561
335	1563
333	1563
333	1565
331	1565
331	1566
329	1566
329	1568
325	1568
325	1569
324	1569
324	1572
319	1572
319	1573
318	1573
318	1576
317	1576
317	1577
316	1577
316	1578
314	1578
314	1579
310	1579
310	1581
309	1581
309	1583
306	1583
306	1584
305	1584
305	1585
304	1585
304	1586
302	1586
302	1588
300	1588
300	1589
299	1589
299	1590
298	1590
298	1591
295	1591
295	1592
293	1592
293	1593
292	1593
292	1594
291	1594
291	1595
290	1595
290	1596
289	1596
289	1597
286	1597
286	1593
287	1593
287	1592
288	1592
288	1589
289	1589
289	1586
290	1586
290	1584
291	1584
291	1582
293	1582
293	1581
294	1581
294	1579
295	1579
295	1578
296	1578
296	1575
298	1575
298	1574
300	1574
300	1572
301	1572
301	1569
302	1569
302	1568
306	1568
306	1567
307	1567
307	1562
309	1562
309	1561
310	1561
310	1558
312	1558
312	1557
314	1557
314	1555
316	1555
316	1552
317	1552
317	1551
318	1551
318	1552
319	1552
319	1549
321	1549
321	1548
322	1548
322	1546
324	1546
324	1545
325	1545
325	1543
326	1543
326	1542
327	1542
327	1539
328	1539
328	1537
330	1537
330	1536
332	1536
332	1533
333	1533
333	1531
336	1531
336	1530
339	1530
339	1526
340	1526
340	1524
344	1524
344	1523
345	1523
345	1519
346	1519
346	1518
348	1518
348	1517
349	1517
349	1516
348	1516
348	1515
349	1515
349	1514
350	1514
350	1513
351	1513
351	1512
352	1512
352	1511
353	1511
353	1510
354	1510
354	1507
356	1507
356	1506
358	1506
358	1498
364	1498
364	1496
365	1496
365	1494
366	1494
366	1493
368	1493
368	1492
370	1492
370	1491
371	1491
371	1487
372	1487
372	1486
375	1486
375	1485
377	1485
377	1476
378	1476
378	1475
379	1475
379	1474
380	1474
380	1473
382	1473
382	1472
383	1472
383	1468
386	1468
386	1467
387	1467
387	1466
389	1466
389	1465
390	1465
390	1464
389	1464
389	1462
390	1462
390	1460
389	1460
389	1458
390	1458
390	1456
391	1456
391	1454
392	1454
392	1453
395	1453
395	1454
396	1454
396	1447
397	1447
397	1445
398	1445
398	1444
399	1444
399	1441
403	1441
403	1438
404	1438
404	1439
405	1439
405	1438
406	1438
406	1437
404	1437
404	1436
405	1436
405	1435
408	1435
408	1434
409	1434
409	1426
410	1426
410	1425
411	1425
411	1424
412	1424
412	1422
415	1422
415	1417
416	1417
416	1415
417	1415
417	1414
418	1414
418	1411
419	1411
419	1409
420	1409
420	1408
421	1408
421	1405
422	1405
422	1403
423	1403
423	1401
424	1401
424	1400
425	1400
425	1397
426	1397
426	1396
427	1396
427	1395
428	1395
428	1394
427	1394
427	1393
428	1393
428	1390
429	1390
429	1388
430	1388
430	1385
431	1385
431	1384
433	1384
433	1383
434	1383
434	1378
435	1378
435	1375
436	1375
436	1374
437	1374
437	1373
438	1373
438	1372
439	1372
439	1371
440	1371
440	1370
441	1370
441	1365
443	1365
443	1363
444	1363
444	1359
446	1359
446	1357
447	1357
447	1355
446	1355
446	1354
447	1354
447	1352
449	1352
449	1347
450	1347
450	1346
451	1346
451	1345
453	1345
453	1335
449	1335
449	1334
448	1334
448	1335
447	1335
447	1334
445	1334
445	1335
442	1335
442	1334
441	1334
441	1333
440	1333
440	1326
441	1326
441	1325
442	1325
442	1324
443	1324
443	1323
444	1323
444	1321
446	1321
446	1320
447	1320
447	1316
448	1316
448	1314
453	1314
453	1307
455	1307
455	1306
456	1306
456	1293
448	1293
448	1292
447	1292
447	1290
448	1290
448	1288
449	1288
449	1286
450	1286
450	1283
451	1283
451	1282
452	1282
452	1281
453	1281
453	1277
454	1277
454	1276
455	1276
455	1275
459	1275
459	1271
460	1271
460	1266
461	1266
461	1265
462	1265
462	1264
463	1264
463	1263
466	1263
466	1258
467	1258
467	1255
469	1255
469	1254
470	1254
470	1253
471	1253
471	1251
472	1251
472	1250
478	1250
478	1249
479	1249
479	1238
478	1238
478	1236
474	1236
474	1237
473	1237
473	1236
469	1236
469	1237
467	1237
467	1238
465	1238
465	1239
464	1239
464	1240
463	1240
463	1239
462	1239
462	1230
463	1230
463	1229
464	1229
464	1228
465	1228
465	1226
466	1226
466	1225
467	1225
467	1224
468	1224
468	1223
469	1223
469	1222
470	1222
470	1220
471	1220
471	1218
473	1218
473	1215
475	1215
475	1212
478	1212
478	1210
479	1210
479	1209
478	1209
478	1208
479	1208
479	1206
484	1206
484	1205
485	1205
485	1198
486	1198
486	1197
487	1197
487	1196
488	1196
488	1194
490	1194
490	1193
493	1193
493	1192
494	1192
494	1190
495	1190
495	1187
497	1187
497	1186
498	1186
498	1185
499	1185
499	1184
501	1184
501	1181
502	1181
502	1171
486	1171
486	1172
481	1172
481	1167
482	1167
482	1162
483	1162
483	1161
484	1161
484	1160
485	1160
485	1155
489	1155
489	1154
491	1154
491	1153
492	1153
492	1150
493	1150
493	1149
494	1149
494	1150
495	1150
495	1149
496	1149
496	1148
498	1148
498	1142
500	1142
500	1143
501	1143
501	1142
504	1142
504	1137
506	1137
506	1136
509	1136
509	1135
511	1135
511	1129
517	1129
517	1123
522	1123
522	1122
523	1122
523	1115
525	1115
525	1114
526	1114
526	1113
528	1113
528	1112
530	1112
530	1110
536	1110
536	1100
535	1100
535	1099
533	1099
533	1098
531	1098
531	1097
530	1097
530	1096
529	1096
529	1095
518	1095
518	1094
516	1094
516	1093
507	1093
507	1089
508	1089
508	1087
509	1087
509	1085
517	1085
517	1081
518	1081
518	1080
519	1080
519	1078
523	1078
523	1076
524	1076
524	1075
525	1075
525	1074
526	1074
526	1073
528	1073
528	1072
529	1072
529	1071
530	1071
530	1068
534	1068
534	1066
537	1066
537	1065
543	1065
543	1063
542	1063
542	1060
543	1060
543	1059
548	1059
548	1056
549	1056
549	1053
555	1053
555	1050
556	1050
556	1049
557	1049
557	1047
561	1047
561	1046
562	1046
562	1044
564	1044
564	1043
568	1043
568	1033
567	1033
567	1032
560	1032
560	1031
558	1031
558	1030
555	1030
555	1029
552	1029
552	1028
544	1028
544	1027
545	1027
545	1023
548	1023
548	1022
547	1022
547	1021
549	1021
549	1020
550	1020
550	1018
555	1018
555	1016
560	1016
560	1015
564	1015
564	1014
565	1014
565	1009
567	1009
567	1008
568	1008
568	1005
571	1005
571	1002
581	1002
581	998
583	998
583	996
592	996
592	995
593	995
593	992
597	992
597	991
598	991
598	990
602	990
602	979
600	979
600	978
594	978
594	977
588	977
588	978
584	978
584	973
586	973
586	972
587	972
587	969
589	969
589	967
590	967
590	966
591	966
591	965
592	965
592	964
599	964
599	963
600	963
600	957
603	957
603	958
604	958
604	957
606	957
606	956
607	956
607	955
608	955
608	954
609	954
609	952
610	952
610	951
618	951
618	950
619	950
619	948
620	948
620	946
623	946
623	944
625	944
625	940
626	940
626	939
630	939
630	938
638	938
638	934
640	934
640	933
642	933
642	932
644	932
644	930
645	930
645	929
644	929
644	921
640	921
640	920
626	920
626	917
627	917
627	914
632	914
632	913
631	913
631	912
632	912
632	910
645	910
645	909
652	909
652	901
653	901
653	898
654	898
654	897
656	897
656	896
657	896
657	892
658	892
658	891
660	891
660	890
665	890
665	889
666	889
666	888
667	888
667	887
669	887
669	886
670	886
670	884
673	884
673	883
676	883
676	882
682	882
682	880
683	880
683	879
688	879
688	878
689	878
689	867
688	867
688	866
682	866
682	865
678	865
678	864
677	864
677	863
674	863
674	862
670	862
670	859
669	859
669	856
672	856
672	855
675	855
675	854
676	854
676	851
683	851
683	850
684	850
684	851
685	851
685	853
695	853
695	844
701	844
701	843
707	843
707	839
708	839
708	838
709	838
709	837
710	837
710	836
712	836
712	837
713	837
713	836
714	836
714	834
715	834
715	833
716	833
716	832
717	832
717	831
720	831
720	830
726	830
726	829
727	829
727	828
729	828
729	827
732	827
732	828
734	828
734	827
737	827
737	826
739	826
739	816
736	816
736	815
734	815
734	814
733	814
733	813
732	813
732	812
728	812
728	810
729	810
729	809
730	809
730	808
732	808
732	807
733	807
733	806
734	806
734	805
735	805
735	806
736	806
736	805
745	805
745	804
747	804
747	805
748	805
748	806
757	806
757	807
758	807
758	808
767	808
767	807
768	807
768	799
769	799
769	798
770	798
770	799
772	799
772	798
774	798
774	796
775	796
775	795
776	795
776	794
777	794
777	792
778	792
778	791
779	791
779	790
780	790
780	789
784	789
784	787
785	787
785	786
790	786
790	785
791	785
791	777
790	777
790	775
789	775
789	774
786	774
786	773
784	773
784	772
783	772
783	771
776	771
776	770
768	770
768	771
763	771
763	775
762	775
762	776
761	776
761	777
757	777
757	780
756	780
756	782
751	782
751	783
750	783
750	784
749	784
749	783
747	783
747	784
746	784
746	778
745	778
745	776
744	776
744	775
735	775
735	776
734	776
734	777
731	777
731	780
730	780
730	781
729	781
729	782
728	782
728	783
726	783
726	784
725	784
725	787
723	787
723	788
719	788
719	791
717	791
717	792
715	792
715	794
714	794
714	795
712	795
712	796
711	796
711	797
710	797
710	798
709	798
709	799
708	799
708	801
707	801
707	802
705	802
705	803
700	803
700	808
699	808
699	809
697	809
697	810
696	810
696	809
695	809
695	810
693	810
693	812
690	812
690	813
688	813
688	814
684	814
684	811
683	811
683	809
672	809
672	810
670	810
670	813
669	813
669	814
667	814
667	816
666	816
666	818
665	818
665	821
661	821
661	822
655	822
655	828
653	828
653	829
652	829
652	831
651	831
651	832
649	832
649	833
647	833
647	835
643	835
643	836
642	836
642	837
640	837
640	838
638	838
638	839
636	839
636	840
633	840
633	841
631	841
631	834
630	834
630	825
619	825
619	826
618	826
618	828
615	828
615	829
614	829
614	830
613	830
613	831
612	831
612	832
611	832
611	833
610	833
610	834
606	834
606	835
604	835
604	837
603	837
603	838
602	838
602	839
601	839
601	840
600	840
600	841
598	841
598	843
596	843
596	844
594	844
594	845
592	845
592	847
585	847
585	852
583	852
583	853
579	853
579	854
578	854
578	856
577	856
577	857
573	857
573	858
572	858
572	860
566	860
566	862
562	862
562	857
561	857
561	855
562	855
562	850
561	850
561	849
552	849
552	850
551	850
551	851
549	851
549	853
547	853
547	855
546	855
546	856
545	856
545	857
541	857
541	858
540	858
540	860
534	860
534	862
533	862
533	863
532	863
532	864
531	864
531	865
530	865
530	867
528	867
528	868
527	868
527	869
522	869
522	870
521	870
521	871
515	871
515	874
513	874
513	875
509	875
509	876
508	876
508	877
504	877
504	866
503	866
503	864
502	864
502	863
494	863
494	864
492	864
492	865
489	865
489	866
483	866
483	869
477	869
477	872
475	872
475	873
474	873
474	872
472	872
472	873
470	873
470	875
469	875
469	877
467	877
467	879
464	879
464	881
462	881
462	882
461	882
461	883
459	883
459	884
457	884
457	885
452	885
452	886
451	886
451	888
446	888
446	889
445	889
445	890
439	890
439	891
438	891
438	892
432	892
432	882
431	882
431	881
422	881
422	882
420	882
420	883
417	883
417	884
413	884
413	885
407	885
407	888
402	888
402	889
401	889
401	890
395	890
395	891
394	891
394	892
387	892
387	893
386	893
386	894
380	894
380	895
377	895
377	896
369	896
369	897
367	897
367	898
365	898
365	897
364	897
364	896
363	896
363	890
362	890
362	889
350	889
350	890
349	890
349	892
344	892
344	893
338	893
338	894
331	894
331	895
325	895
325	896
323	896
323	897
321	897
321	896
307	896
307	897
305	897
305	898
293	898
293	899
292	899
292	901
273	901
273	904
262	904
262	905
260	905
260	907
258	907
258	908
256	908
256	907
255	907
255	908
248	908
248	909
236	909
236	910
235	910
235	911
219	911
219	914
198	914
198	915
161	915
161	916
160	916
160	915
144	915
144	914
139	914
139	913
132	913
132	912
129	912
129	911
122	911
122	909
117	909
117	908
115	908
115	907
114	907
114	905
112	905
112	904
110	904
110	903
111	903
111	902
114	902
114	901
120	901
120	900
141	900
141	899
144	899
144	898
146	898
146	897
148	897
148	898
150	898
150	897
160	897
160	896
173	896
173	895
178	895
178	894
187	894
187	893
189	893
189	894
205	894
205	891
206	891
206	890
212	890
212	889
213	889
213	888
218	888
218	887
225	887
225	886
224	886
224	885
229	885
229	884
233	884
233	883
237	883
237	882
245	882
245	881
250	881
250	879
256	879
256	876
262	876
262	875
269	875
269	874
272	874
272	875
274	875
274	874
275	874
275	869
286	869
286	868
294	868
294	864
295	864
295	863
296	863
296	862
301	862
301	857
305	857
305	856
312	856
312	855
313	855
313	854
314	854
314	852
316	852
316	851
318	851
318	850
319	850
319	849
332	849
332	843
333	843
333	842
334	842
334	831
335	831
335	830
345	830
345	828
348	828
348	826
352	826
352	825
353	825
353	826
359	826
359	825
360	825
360	824
370	824
370	823
371	823
371	819
372	819
372	818
376	818
376	817
377	817
377	814
379	814
379	812
380	812
380	810
381	810
381	801
380	801
380	800
378	800
378	799
377	799
377	798
376	798
376	797
371	797
371	794
373	794
373	793
376	793
376	792
377	792
377	790
379	790
379	788
384	788
384	787
385	787
385	788
386	788
386	787
387	787
387	786
391	786
391	785
396	785
396	780
401	780
401	779
408	779
408	778
409	778
409	776
412	776
412	774
416	774
416	763
414	763
414	762
409	762
409	761
408	761
408	760
409	760
409	757
411	757
411	756
415	756
415	753
416	753
416	752
421	752
421	751
427	751
427	750
428	750
428	749
429	749
429	748
435	748
435	749
436	749
436	748
437	748
437	747
441	747
441	746
442	746
442	744
443	744
443	743
445	743
445	742
446	742
446	740
447	740
447	739
449	739
449	738
452	738
452	737
454	737
454	736
457	736
457	735
465	735
465	725
464	725
464	724
463	724
463	723
461	723
461	722
460	722
460	721
458	721
458	720
456	720
456	719
454	719
454	716
456	716
456	715
460	715
460	712
461	712
461	711
465	711
465	710
468	710
468	709
479	709
479	707
480	707
480	706
484	706
484	704
486	704
486	703
503	703
503	702
504	702
504	697
510	697
510	696
525	696
525	686
524	686
524	684
523	684
523	682
520	682
520	681
519	681
519	680
517	680
517	679
514	679
514	677
517	677
517	675
518	675
518	674
520	674
520	675
521	675
521	674
522	674
522	675
525	675
525	674
526	674
526	675
527	675
527	676
528	676
528	677
532	677
532	678
534	678
534	677
535	677
535	678
542	678
542	677
543	677
543	671
548	671
548	670
549	670
549	668
561	668
561	667
566	667
566	666
567	666
567	665
579	665
579	664
581	664
581	663
582	663
582	653
581	653
581	651
580	651
580	650
578	650
578	649
577	649
577	648
574	648
574	647
571	647
571	646
574	646
574	640
581	640
581	639
584	639
584	640
586	640
586	639
589	639
589	638
591	638
591	635
599	635
599	636
600	636
600	634
604	634
604	633
617	633
617	632
622	632
622	630
637	630
637	629
638	629
638	619
637	619
637	617
636	617
636	615
635	615
635	613
634	613
634	612
633	612
633	610
632	610
632	609
631	609
631	604
632	604
632	605
636	605
636	604
640	604
640	605
660	605
660	606
661	606
661	607
662	607
662	608
666	608
666	610
668	610
668	611
670	611
670	610
671	610
671	611
672	611
672	612
673	612
673	613
685	613
685	614
694	614
694	613
695	613
695	600
693	600
693	599
692	599
692	598
691	598
691	597
690	597
690	596
689	596
689	594
688	594
688	593
686	593
686	591
688	591
688	590
687	590
687	589
697	589
697	588
700	588
700	589
705	589
705	590
706	590
706	591
714	591
714	590
731	590
731	589
736	589
736	590
747	590
747	589
748	589
748	588
747	588
747	587
748	587
748	580
747	580
747	578
746	578
746	576
747	576
747	575
748	575
748	576
750	576
750	575
752	575
752	576
753	576
753	575
756	575
756	576
757	576
757	575
763	575
763	576
775	576
775	575
787	575
787	576
789	576
789	577
800	577
800	576
803	576
803	568
804	568
804	567
807	567
807	566
811	566
811	565
812	565
812	566
813	566
813	565
822	565
822	566
824	566
824	565
826	565
826	569
828	569
828	570
830	570
830	569
832	569
832	570
840	570
840	569
848	569
848	570
856	570
856	569
857	569
857	570
860	570
860	569
861	569
861	567
864	567
864	554
838	554
838	553
837	553
837	544
816	544
816	545
811	545
811	546
807	546
807	547
803	547
803	548
801	548
801	549
787	549
787	547
788	547
788	545
789	545
789	544
790	544
790	534
788	534
788	533
785	533
785	534
784	534
784	533
764	533
764	534
763	534
763	535
761	535
761	536
760	536
760	535
756	535
756	536
753	536
753	537
748	537
748	538
737	538
737	537
735	537
735	534
736	534
736	533
737	533
737	532
738	532
738	522
737	522
737	521
726	521
726	522
725	522
725	523
712	523
712	525
710	525
710	526
708	526
708	527
702	527
702	528
700	528
700	529
685	529
685	528
686	528
686	525
688	525
688	524
689	524
689	512
676	512
676	511
675	511
675	510
671	510
671	511
670	511
670	510
650	510
650	511
649	511
649	512
647	512
647	513
643	513
643	514
635	514
635	515
628	515
628	514
625	514
625	511
626	511
626	508
627	508
627	506
628	506
628	504
629	504
629	502
630	502
630	490
629	490
629	489
611	489
611	488
608	488
608	487
606	487
606	486
605	486
605	485
592	485
592	484
587	484
587	483
581	483
581	482
577	482
577	481
570	481
570	480
568	480
568	478
562	478
562	476
560	476
560	475
555	475
555	472
553	472
553	470
555	470
555	469
556	469
556	459
555	459
555	458
554	458
554	457
553	457
553	458
550	458
550	457
548	457
548	456
539	456
539	455
536	455
536	453
531	453
531	452
530	452
530	450
529	450
529	449
519	449
519	448
517	448
517	447
516	447
516	446
513	446
513	445
511	445
511	444
509	444
509	443
508	443
508	442
507	442
507	440
506	440
506	438
505	438
505	436
509	436
509	435
510	435
510	425
504	425
504	421
498	421
498	420
497	420
497	419
491	419
491	418
488	418
488	416
486	416
486	414
485	414
485	412
481	412
481	411
479	411
479	409
478	409
478	408
475	408
475	407
474	407
474	406
473	406
473	405
472	405
472	402
467	402
467	401
466	401
466	400
464	400
464	399
462	399
462	398
461	398
461	397
460	397
460	396
459	396
459	394
454	394
454	391
453	391
453	389
447	389
447	384
446	384
446	383
439	383
439	381
438	381
438	377
436	377
436	376
434	376
434	373
428	373
428	371
427	371
427	370
425	370
425	368
424	368
424	367
423	367
423	366
422	366
422	364
421	364
421	362
419	362
419	361
418	361
418	359
417	359
417	358
414	358
414	357
413	357
413	356
412	356
412	354
410	354
410	353
409	353
409	351
408	351
408	350
407	350
407	349
404	349
404	348
403	348
403	346
402	346
402	345
401	345
401	344
400	344
400	343
399	343
399	342
398	342
398	341
397	341
397	340
396	340
396	339
395	339
395	338
394	338
394	336
393	336
393	332
392	332
392	331
391	331
391	330
390	330
390	327
389	327
389	326
388	326
388	325
387	325
387	324
386	324
386	320
384	320
384	319
383	319
383	314
382	314
382	313
380	313
380	310
379	310
379	307
378	307
378	306
377	306
377	300
375	300
375	298
374	298
374	294
373	294
373	293
372	293
372	288
371	288
371	277
373	277
373	281
374	281
374	283
375	283
375	285
376	285
376	286
377	286
377	287
378	287
378	289
379	289
379	290
380	290
380	292
381	292
381	293
382	293
382	295
383	295
383	296
385	296
385	298
386	298
386	299
387	299
387	300
388	300
388	302
391	302
391	303
393	303
393	304
394	304
394	308
397	308
397	309
398	309
398	310
399	310
399	311
400	311
400	314
401	314
401	315
403	315
403	316
404	316
404	317
406	317
406	319
407	319
407	320
408	320
408	321
409	321
409	322
410	322
410	323
411	323
411	324
412	324
412	325
413	325
413	327
415	327
415	328
416	328
416	329
418	329
418	330
419	330
419	332
420	332
420	333
421	333
421	334
423	334
423	335
424	335
424	336
426	336
426	340
427	340
427	341
431	341
431	342
433	342
433	343
434	343
434	344
437	344
437	346
438	346
438	347
441	347
441	348
443	348
443	351
444	351
444	353
448	353
448	354
449	354
449	355
450	355
450	356
451	356
451	357
450	357
450	358
451	358
451	359
458	359
458	360
459	360
459	361
464	361
464	366
476	366
476	367
477	367
477	368
481	368
481	369
482	369
482	370
483	370
483	372
488	372
488	373
489	373
489	374
495	374
495	375
496	375
496	378
497	378
497	379
507	379
507	378
508	378
508	380
509	380
509	381
512	381
512	382
514	382
514	383
515	383
515	385
521	385
521	386
522	386
522	387
523	387
523	388
524	388
524	389
528	389
528	391
556	391
556	392
557	392
557	391
559	391
559	390
558	390
558	385
561	385
561	384
562	384
562	382
564	382
564	385
580	385
580	386
581	386
581	388
592	388
592	391
604	391
604	392
615	392
615	391
616	391
616	387
615	387
615	386
616	386
616	385
617	385
617	384
618	384
618	383
619	383
619	382
620	382
620	384
624	384
624	385
630	385
630	386
633	386
633	387
637	387
637	388
641	388
641	389
642	389
642	391
653	391
653	393
654	393
654	394
657	394
657	395
663	395
663	396
676	396
676	383
675	383
675	379
678	379
678	380
685	380
685	381
686	381
686	382
687	382
687	383
686	383
686	384
687	384
687	385
694	385
694	386
695	386
695	387
699	387
699	390
700	390
700	391
707	391
707	394
712	394
712	397
713	397
713	398
722	398
722	399
724	399
724	400
734	400
734	399
735	399
735	395
734	395
734	394
735	394
735	390
734	390
734	389
733	389
733	388
734	388
734	387
736	387
736	388
737	388
737	387
739	387
739	388
742	388
742	392
743	392
743	394
745	394
745	395
754	395
754	397
756	397
756	398
757	398
757	397
768	397
768	398
769	398
769	399
774	399
774	400
776	400
776	403
777	403
777	404
790	404
790	403
791	403
791	395
790	395
790	394
791	394
791	393
792	393
792	394
794	394
794	395
795	395
795	397
801	397
801	398
803	398
803	399
804	399
804	400
805	400
805	402
806	402
806	403
807	403
807	404
808	404
808	405
809	405
809	406
810	406
810	407
811	407
811	408
812	408
812	409
813	409
813	410
814	410
814	411
816	411
816	413
817	413
817	415
818	415
818	414
819	414
819	416
822	416
822	417
825	417
825	418
827	418
827	419
833	419
833	422
834	422
834	423
839	423
839	424
840	424
840	425
848	425
848	427
850	427
850	429
852	429
852	430
853	430
853	431
863	431
863	430
867	430
867	431
868	431
868	429
872	429
872	428
873	428
873	427
874	427
874	426
879	426
879	425
880	425
880	424
892	424
892	423
893	423
893	414
892	414
892	413
872	413
872	414
869	414
869	415
867	415
867	413
866	413
866	412
860	412
860	411
858	411
858	410
855	410
855	409
853	409
853	408
852	408
852	407
851	407
851	406
850	406
850	405
848	405
848	403
847	403
847	402
846	402
846	401
844	401
844	399
842	399
842	398
841	398
841	393
835	393
835	390
834	390
834	389
828	389
828	388
826	388
826	387
825	387
825	386
822	386
822	385
823	385
823	384
821	384
821	383
820	383
820	382
819	382
819	381
818	381
818	379
817	379
817	376
823	376
823	375
828	375
828	364
823	364
823	363
821	363
821	361
819	361
819	360
817	360
817	359
816	359
816	356
815	356
815	355
813	355
813	354
810	354
810	352
809	352
809	349
808	349
808	350
807	350
807	349
806	349
806	348
805	348
805	349
804	349
804	348
803	348
803	345
800	345
800	344
798	344
798	342
797	342
797	339
796	339
796	338
795	338
795	337
794	337
794	335
793	335
793	334
791	334
791	333
790	333
790	332
788	332
788	326
785	326
785	325
782	325
782	320
781	320
781	319
778	319
778	318
777	318
777	314
776	314
776	313
772	313
772	312
771	312
771	310
772	310
772	309
771	309
771	307
770	307
770	306
769	306
769	304
768	304
768	303
766	303
766	302
765	302
765	300
763	300
763	299
762	299
762	297
761	297
761	294
759	294
759	293
758	293
758	292
757	292
757	291
756	291
756	290
755	290
755	289
754	289
754	287
753	287
753	286
751	286
751	284
750	284
750	283
749	283
749	281
748	281
748	280
747	280
747	278
746	278
746	275
744	275
744	274
743	274
743	273
742	273
742	269
740	269
740	267
739	267
739	265
736	265
736	264
735	264
735	262
734	262
734	260
733	260
733	256
730	256
730	255
729	255
729	254
728	254
728	251
727	251
727	249
725	249
725	247
723	247
723	245
722	245
722	242
721	242
721	238
720	238
720	237
719	237
719	236
718	236
718	233
717	233
717	230
716	230
716	224
715	224
715	221
714	221
714	220
715	220
715	212
716	212
716	210
717	210
717	208
718	208
718	207
719	207
719	208
720	208
720	209
722	209
722	213
723	213
723	214
724	214
724	215
725	215
725	217
726	217
726	218
727	218
727	219
728	219
728	220
729	220
729	222
730	222
730	223
731	223
731	226
734	226
734	227
736	227
736	228
737	228
737	229
738	229
738	232
740	232
740	233
742	233
742	234
743	234
743	236
744	236
744	238
747	238
747	239
748	239
748	240
749	240
749	241
750	241
750	243
751	243
751	245
754	245
754	246
755	246
755	247
756	247
756	248
757	248
757	251
759	251
759	252
763	252
763	258
768	258
768	259
769	259
769	264
776	264
776	265
777	265
777	266
778	266
778	267
779	267
779	269
782	269
782	270
783	270
783	272
786	272
786	273
787	273
787	275
789	275
789	277
790	277
790	278
792	278
792	279
794	279
794	280
795	280
795	283
799	283
799	284
801	284
801	289
806	289
806	290
808	290
808	291
810	291
810	292
812	292
812	294
814	294
814	295
815	295
815	296
818	296
818	299
820	299
820	302
823	302
823	303
824	303
824	302
827	302
827	303
829	303
829	304
831	304
831	305
832	305
832	306
833	306
833	308
836	308
836	309
840	309
840	311
841	311
841	312
843	312
843	313
854	313
854	312
855	312
855	308
856	308
856	309
859	309
859	310
861	310
861	311
862	311
862	312
863	312
863	313
864	313
864	314
865	314
865	317
866	317
866	319
867	319
867	321
869	321
869	322
870	322
870	323
871	323
871	327
872	327
872	328
877	328
877	332
878	332
878	334
884	334
884	336
887	336
887	339
889	339
889	340
891	340
891	341
894	341
894	342
896	342
896	345
897	345
897	347
904	347
904	349
907	349
907	350
908	350
908	351
909	351
909	353
912	353
912	354
913	354
913	355
915	355
915	356
918	356
918	355
919	355
919	356
923	356
923	355
924	355
924	354
925	354
925	339
928	339
928	340
930	340
930	341
931	341
931	342
933	342
933	343
934	343
934	345
935	345
935	353
939	353
939	354
940	354
940	356
941	356
941	359
943	359
943	360
944	360
944	361
945	361
945	365
948	365
948	366
950	366
950	367
951	367
951	370
953	370
953	371
954	371
954	372
955	372
955	374
957	374
957	375
959	375
959	378
961	378
961	380
963	380
963	381
964	381
964	382
965	382
965	383
975	383
975	382
976	382
976	381
977	381
977	373
976	373
976	371
975	371
975	369
977	369
977	370
979	370
979	374
983	374
983	375
984	375
984	376
985	376
985	377
986	377
986	384
988	384
988	385
990	385
990	386
991	386
991	388
992	388
992	391
994	391
994	394
995	394
995	395
996	395
996	396
997	396
997	398
999	398
999	404
1004	404
1004	405
1008	405
1008	408
1009	408
1009	409
1010	409
1010	410
1013	410
1013	411
1014	411
1014	412
1015	412
1015	413
1016	413
1016	414
1025	414
1025	413
1026	413
1026	414
1027	414
1027	413
1028	413
1028	412
1029	412
1029	410
1030	410
1030	407
1031	407
1031	403
1032	403
1032	401
1033	401
1033	399
1036	399
1036	397
1039	397
1039	399
1040	399
1040	402
1041	402
1041	413
1042	413
1042	419
1043	419
1043	423
1045	423
1045	424
1046	424
1046	426
1047	426
1047	428
1048	428
1048	429
1049	429
1049	435
1050	435
1050	436
1053	436
1053	438
1055	438
1055	439
1056	439
1056	442
1070	442
1070	440
1071	440
1071	439
1073	439
1073	438
1075	438
1075	442
1081	442
1081	448
1082	448
1082	449
1083	449
1083	451
1084	451
1084	452
1085	452
1085	458
1086	458
1086	459
1087	459
1087	464
1088	464
1088	467
1089	467
1089	468
1090	468
1090	476
1091	476
1091	477
1092	477
1092	481
1093	481
1093	494
1100	494
1100	496
1107	496
1107	499
1112	499
1112	500
1116	500
1116	499
1119	499
1119	495
1120	495
1120	492
1121	492
1121	490
1122	490
1122	487
1123	487
1123	486
1124	486
1124	474
1123	474
1123	470
1124	470
1124	466
1125	466
1125	464
1126	464
1126	461
1127	461
1127	457
1128	457
1128	450
1129	450
1129	448
1130	448
1130	446
1131	446
1131	445
1134	445
1134	444
1133	444
1133	443
1134	443
1134	439
1135	439
1135	438
1136	438
1136	434
1137	434
1137	433
1138	433
1138	430
1139	430
1139	429
1140	429
1140	405
1141	405
1141	401
1142	401
1142	398
1143	398
1143	397
1144	397
1144	398
1145	398
1145	397
1146	397
1146	394
1147	394
1147	393
1148	393
1148	392
1150	392
1150	393
1152	393
1152	394
1154	394
1154	395
1161	395
1161	394
1162	394
1162	391
1163	391
1163	388
1164	388
1164	387
1165	387
1165	386
1167	386
1167	385
1166	385
1166	379
1167	379
1167	378
1168	378
1168	364
1169	364
1169	359
1172	359
1172	351
1173	351
1173	348
1174	348
1174	347
1175	347
1175	346
1176	346
1176	344
1177	344
1177	343
1179	343
1179	345
1180	345
1180	346
1181	346
1181	348
1182	348
1182	350
1183	350
1183	352
1184	352
1184	353
1185	353
1185	356
1187	356
1187	357
1190	357
1190	356
1196	356
1196	355
1197	355
1197	353
1200	353
1200	352
1201	352
1201	351
1202	351
1202	347
1205	347
1205	344
1206	344
1206	342
1207	342
1207	341
1209	341
1209	340
1210	340
1210	339
1211	339
1211	335
1213	335
1213	334
1214	334
1214	331
1215	331
1215	328
1216	328
1216	325
1217	325
1217	318
1218	318
1218	316
1219	316
1219	310
1220	310
1220	309
1221	309
1221	308
1223	308
1223	304
1224	304
1224	303
1227	303
1227	305
1228	305
1228	306
1229	306
1229	307
1239	307
1239	305
1240	305
1240	303
1241	303
1241	302
1242	302
1242	298
1243	298
1243	297
1244	297
1244	296
1248	296
1248	294
1249	294
1249	290
1250	290
1250	289
1251	289
1251	283
1254	283
1254	280
1255	280
1255	277
1258	277
1258	271
1259	271
1259	270
1261	270
1261	267
1262	267
1262	265
1263	265
1263	264
1267	264
1267	263
1268	263
1268	260
1269	260
1269	257
1273	257
1273	250
1274	250
1274	245
1275	245
1275	246
1276	246
1276	242
1277	242
1277	239
1278	239
1278	238
1280	238
1280	232
1282	232
1282	231
1283	231
1283	226
1286	226
1286	220
1287	220
1287	219
1288	219
1288	214
1289	214
1289	213
1290	213
1290	210
1291	210
1291	207
1292	207
1292	206
1293	206
1293	199
1294	199
1294	196
1295	196
1295	194
1296	194
1296	190
1297	190
1297	189
1298	189
1298	187
1299	187
1299	185
1300	185
1300	182
1301	182
1301	181
1302	181
1302	175
1303	175
1303	172
1304	172
1304	168
1305	168
1305	166
1306	166
1306	162
1307	162
1307	160
1308	160
1308	156
1309	156
1309	153
1310	153
1310	151
1311	151
1311	149
1312	149
1312	142
1313	142
1313	139
1314	139
1314	135
1315	135
1315	131
1316	131
1316	130
1319	130
1319	126
1318	126
1318	124
1319	124
1319	122
1320	122
1320	120
1321	120
1321	111
1322	111
1322	106
1323	106
1323	107
1325	107
1325	109
1326	109
1326	110
1327	110
1327	112
1328	112
1328	117
1329	117
1329	123
1330	123
1330	124
1331	124
1331	127
1332	127
1332	137
1333	137
1333	138
1334	138
1334	155
1333	155
1333	156
1332	156
1332	186
1331	186
1331	192
1329	192
1329	215
1328	215
1328	218
1327	218
1327	226
1326	226
1326	236
1325	236
1325	242
1324	242
1324	243
1323	243
1323	250
1322	250
1322	252
1321	252
1321	257
1320	257
1320	259
1319	259
1319	271
1328	271
1328	273
1329	273
1329	274
1328	274
1328	275
1327	275
1327	280
1326	280
1326	281
1324	281
1324	282
1323	282
1323	287
1321	287
1321	288
1320	288
1320	295
1319	295
1319	297
1318	297
1318	300
1316	300
1316	301
1315	301
1315	306
1314	306
1314	307
1313	307
1313	312
1312	312
1312	313
1310	313
1310	318
1309	318
1309	320
1308	320
1308	322
1307	322
1307	325
1306	325
1306	326
1304	326
1304	336
1306	336
1306	337
1313	337
1313	343
1312	343
1312	344
1311	344
1311	345
1308	345
1308	350
1307	350
1307	351
1305	351
1305	352
1304	352
1304	356
1303	356
1303	357
1302	357
1302	358
1301	358
1301	360
1300	360
1300	361
1299	361
1299	362
1298	362
1298	363
1297	363
1297	364
1295	364
1295	366
1294	366
1294	367
1293	367
1293	370
1292	370
1292	371
1291	371
1291	372
1290	372
1290	373
1288	373
1288	376
1286	376
1286	377
1285	377
1285	379
1283	379
1283	381
1282	381
1282	390
1283	390
1283	391
1286	391
1286	392
1287	392
1287	393
1286	393
1286	395
1285	395
1285	397
1284	397
1284	398
1283	398
1283	399
1282	399
1282	400
1279	400
1279	402
1277	402
1277	403
1276	403
1276	404
1275	404
1275	405
1273	405
1273	407
1272	407
1272	408
1270	408
1270	409
1266	409
1266	410
1265	410
1265	414
1264	414
1264	415
1259	415
1259	420
1257	420
1257	421
1253	421
1253	423
1252	423
1252	424
1253	424
1253	425
1252	425
1252	435
1253	435
1253	436
1252	436
1252	438
1251	438
1251	439
1250	439
1250	440
1248	440
1248	441
1247	441
1247	443
1245	443
1245	444
1241	444
1241	445
1240	445
1240	447
1234	447
1234	450
1233	450
1233	452
1232	452
1232	453
1228	453
1228	457
1226	457
1226	460
1225	460
1225	461
1223	461
1223	462
1222	462
1222	464
1221	464
1221	465
1220	465
1220	466
1219	466
1219	468
1215	468
1215	470
1214	470
1214	471
1212	471
1212	473
1211	473
1211	482
1224	482
1224	481
1226	481
1226	480
1229	480
1229	478
1230	478
1230	477
1231	477
1231	476
1232	476
1232	475
1234	475
1234	474
1236	474
1236	473
1237	473
1237	471
1239	471
1239	470
1240	470
1240	468
1242	468
1242	467
1245	467
1245	463
1246	463
1246	461
1248	461
1248	458
1250	458
1250	456
1251	456
1251	455
1254	455
1254	453
1255	453
1255	452
1258	452
1258	453
1259	453
1259	456
1260	456
1260	457
1271	457
1271	456
1272	456
1272	455
1274	455
1274	454
1277	454
1277	452
1280	452
1280	451
1282	451
1282	450
1283	450
1283	449
1284	449
1284	448
1287	448
1287	447
1288	447
1288	446
1289	446
1289	445
1290	445
1290	444
1291	444
1291	443
1292	443
1292	442
1293	442
1293	441
1297	441
1297	440
1298	440
1298	438
1299	438
1299	436
1300	436
1300	435
1301	435
1301	434
1302	434
1302	433
1303	433
1303	431
1304	431
1304	430
1305	430
1305	429
1306	429
1306	428
1307	428
1307	427
1310	427
1310	434
1323	434
1323	433
1324	433
1324	431
1325	431
1325	430
1329	430
1329	429
1331	429
1331	428
1332	428
1332	427
1334	427
1334	426
1335	426
1335	427
1336	427
1336	426
1337	426
1337	427
1338	427
1338	426
1341	426
1341	423
1344	423
1344	421
1347	421
1347	419
1348	419
1348	418
1349	418
1349	417
1350	417
1350	416
1351	416
1351	414
1353	414
1353	413
1355	413
1355	411
1359	411
1359	410
1360	410
1360	411
1362	411
1362	410
1363	410
1363	405
1369	405
1369	404
1370	404
1370	405
1371	405
1371	407
1370	407
1370	418
1371	418
1371	419
1372	419
1372	421
1382	421
1382	420
1385	420
1385	418
1386	418
1386	417
1392	417
1392	416
1395	416
1395	415
1399	415
1399	413
1400	413
1400	412
1402	412
1402	411
1403	411
1403	412
1405	412
1405	411
1407	411
1407	410
1413	410
1413	409
1415	409
1415	408
1418	408
1418	407
1419	407
1419	406
1421	406
1421	405
1422	405
1422	404
1426	404
1426	403
1427	403
1427	401
1428	401
1428	400
1430	400
1430	399
1431	399
1431	398
1436	398
1436	397
1439	397
1439	396
1442	396
1442	398
1441	398
1441	399
1440	399
1440	403
1439	403
1439	414
1440	414
1440	415
1439	415
1439	416
1442	416
1442	417
1444	417
1444	416
1448	416
1448	417
1449	417
1449	416
1452	416
1452	415
1454	415
1454	414
1455	414
1455	412
1456	412
1456	411
1481	411
1481	410
1483	410
1483	409
1484	409
1484	408
1483	408
1483	407
1484	407
1484	405
1485	405
1485	404
1489	404
1489	403
1490	403
1490	402
1491	402
1491	401
1492	401
1492	400
1493	400
1493	399
1496	399
1496	398
1505	398
1505	400
1504	400
1504	401
1503	401
1503	402
1502	402
1502	403
1501	403
1501	413
1502	413
1502	414
1513	414
1513	413
1516	413
1516	412
1524	412
1524	411
1526	411
1526	410
1529	410
1529	411
1533	411
1533	410
1541	410
1541	408
1542	408
1542	407
1546	407
1546	406
1547	406
1547	404
1555	404
1555	403
1556	403
1556	402
1557	402
1557	401
1561	401
1561	400
1566	400
1566	399
1571	399
1571	398
1573	398
1573	399
1574	399
1574	401
1573	401
1573	402
1571	402
1571	404
1570	404
1570	406
1569	406
1569	410
1568	410
1568	420
1569	420
1569	421
1579	421
1579	419
1595	419
1595	417
1611	417
1611	414
1613	414
1613	413
1616	413
1616	412
1622	412
1622	411
1627	411
1627	412
1629	412
1629	413
1633	413
1633	414
1635	414
1635	417
1633	417
1633	418
1632	418
1632	420
1631	420
1631	430
1645	430
1645	431
1657	431
1657	430
1680	430
1680	429
1687	429
1687	428
1688	428
1688	429
1702	429
1702	430
1704	430
1704	441
1705	441
1705	442
1708	442
1708	443
1723	443
1723	444
1736	444
1736	443
1739	443
1739	444
1743	444
1743	443
1773	443
1773	442
1783	442
1783	440
1785	440
1785	439
1795	439
1795	436
1820	436
1820	435
1821	435
1821	433
1824	433
1824	432
1825	432
1825	431
1826	431
1826	430
1839	430
1839	429
1840	429
1840	428
1841	428
1841	427
1843	427
1843	426
1844	426
1844	425
1845	425
1845	424
1852	424
1852	423
1871	423
1871	422
1872	422
1872	419
1879	419
1879	418
1880	418
1880	416
1883	416
1883	417
1888	417
1888	416
1890	416
1890	415
1891	415
1891	413
1898	413
1898	412
1901	412
1901	411
1906	411
1906	410
1916	410
1916	409
1917	409
1917	408
1923	408
1923	407
1935	407
1935	406
1950	406
1950	408
1947	408
1947	409
1946	409
1946	411
1945	411
1945	412
1944	412
1944	413
1942	413
1942	414
1940	414
1940	415
1939	415
1939	416
1937	416
1937	418
1935	418
1935	419
1933	419
1933	420
1932	420
1932	421
1927	421
1927	424
1926	424
1926	425
1924	425
1924	426
1923	426
1923	427
1919	427
1919	428
1916	428
1916	430
1915	430
1915	431
1909	431
1909	432
1908	432
1908	435
1906	435
1906	436
1903	436
1903	437
1901	437
1901	438
1897	438
1897	439
1896	439
1896	440
1889	440
1889	441
1888	441
1888	443
1883	443
1883	444
1882	444
1882	445
1876	445
1876	447
1870	447
1870	450
1865	450
1865	451
1864	451
1864	452
1863	452
1863	453
1858	453
1858	454
1857	454
1857	456
1852	456
1852	457
1851	457
1851	459
1845	459
1845	460
1844	460
1844	462
1840	462
1840	463
1838	463
1838	464
1837	464
1837	465
1831	465
1831	466
1829	466
1829	465
1828	465
1828	466
1825	466
1825	468
1820	468
1820	469
1819	469
1819	470
1818	470
1818	469
1817	469
1817	470
1813	470
1813	472
1807	472
1807	473
1806	473
1806	476
1800	476
1800	478
1794	478
1794	479
1793	479
1793	481
1788	481
1788	482
1782	482
1782	483
1781	483
1781	484
1780	484
1780	485
1775	485
1775	488
1770	488
1770	489
1768	489
1768	490
1767	490
1767	491
1756	491
1756	494
1752	494
1752	495
1750	495
1750	494
1749	494
1749	495
1747	495
1747	505
1748	505
1748	506
1752	506
1752	509
1750	509
1750	510
1743	510
1743	511
1742	511
1742	513
1736	513
1736	514
1729	514
1729	515
1717	515
1717	516
1703	516
1703	515
1701	515
1701	516
1681	516
1681	517
1680	517
1680	528
1681	528
1681	529
1682	529
1682	530
1683	530
1683	531
1685	531
1685	534
1684	534
1684	535
1681	535
1681	536
1679	536
1679	537
1677	537
1677	538
1660	538
1660	539
1651	539
1651	538
1638	538
1638	537
1636	537
1636	536
1623	536
1623	546
1624	546
1624	548
1625	548
1625	549
1627	549
1627	550
1628	550
1628	552
1627	552
1627	553
1621	553
1621	554
1612	554
1612	553
1611	553
1611	552
1605	552
1605	551
1600	551
1600	550
1599	550
1599	549
1597	549
1597	548
1581	548
1581	547
1579	547
1579	546
1574	546
1574	545
1573	545
1573	544
1572	544
1572	543
1562	543
1562	558
1563	558
1563	561
1552	561
1552	560
1549	560
1549	559
1546	559
1546	558
1543	558
1543	557
1542	557
1542	556
1541	556
1541	554
1540	554
1540	555
1535	555
1535	554
1529	554
1529	553
1527	553
1527	552
1519	552
1519	551
1509	551
1509	552
1507	552
1507	555
1508	555
1508	557
1507	557
1507	560
1505	560
1505	561
1484	561
1484	560
1482	560
1482	559
1480	559
1480	558
1478	558
1478	559
1472	559
1472	558
1471	558
1471	559
1469	559
1469	567
1467	567
1467	568
1466	568
1466	570
1465	570
1465	578
1466	578
1466	579
1477	579
1477	578
1478	578
1478	580
1479	580
1479	581
1482	581
1482	588
1504	588
1504	585
1509	585
1509	580
1525	580
1525	578
1529	578
1529	579
1531	579
1531	580
1532	580
1532	582
1531	582
1531	591
1532	591
1532	592
1544	592
1544	593
1545	593
1545	594
1546	594
1546	595
1550	595
1550	596
1551	596
1551	598
1563	598
1563	599
1573	599
1573	598
1577	598
1577	601
1592	601
1592	597
1594	597
1594	598
1596	598
1596	601
1599	601
1599	602
1598	602
1598	603
1596	603
1596	604
1595	604
1595	605
1593	605
1593	606
1590	606
1590	617
1591	617
1591	618
1602	618
1602	619
1603	619
1603	620
1616	620
1616	621
1617	621
1617	622
1625	622
1625	623
1627	623
1627	624
1628	624
1628	630
1629	630
1629	631
1639	631
1639	627
1646	627
1646	626
1648	626
1648	625
1652	625
1652	623
1653	623
1653	622
1655	622
1655	623
1656	623
1656	622
1660	622
1660	626
1662	626
1662	627
1660	627
1660	629
1658	629
1658	631
1654	631
1654	643
1655	643
1655	644
1656	644
1656	643
1676	643
1676	644
1679	644
1679	645
1680	645
1680	646
1681	646
1681	647
1687	647
1687	649
1689	649
1689	651
1690	651
1690	652
1702	652
1702	653
1712	653
1712	652
1724	652
1724	653
1726	653
1726	654
1727	654
1727	655
1728	655
1728	657
1722	657
1722	668
1732	668
1732	669
1737	669
1737	672
1738	672
1738	671
1762	671
1762	673
1768	673
1768	674
1771	674
1771	675
1775	675
1775	677
1780	677
1780	678
1781	678
1781	685
1786	685
1786	687
1784	687
1784	686
1782	686
1782	687
1781	687
1781	688
1780	688
1780	689
1779	689
1779	690
1778	690
1778	691
1776	691
1776	693
1775	693
1775	701
1776	701
1776	703
1791	703
1791	704
1793	704
1793	709
1796	709
1796	710
1797	710
1797	709
1800	709
1800	710
1807	710
1807	711
1811	711
1811	712
1812	712
1812	713
1814	713
1814	714
1815	714
1815	715
1818	715
1818	716
1823	716
1823	717
1828	717
1828	719
1829	719
1829	720
1835	720
1835	722
1841	722
1841	723
1842	723
1842	724
1843	724
1843	725
1844	725
1844	726
1845	726
1845	728
1846	728
1846	730
1844	730
1844	731
1840	731
1840	741
1842	741
1842	742
1843	742
1843	743
1844	743
1844	745
1850	745
1850	746
1851	746
1851	747
1853	747
1853	748
1862	748
1862	751
1863	751
1863	752
1864	752
1864	754
1865	754
1865	755
1867	755
1867	756
1871	756
1871	757
1872	757
1872	758
1881	758
1881	760
1890	760
1890	761
1891	761
1891	762
1892	762
1892	763
1893	763
1893	764
1892	764
1892	765
1889	765
1889	766
1888	766
1888	767
1886	767
1886	768
1885	768
1885	769
1883	769
1883	770
1882	770
1882	779
1892	779
1892	780
1894	780
1894	783
1895	783
1895	785
1896	785
1896	786
1901	786
1901	787
1902	787
1902	788
1901	788
1901	790
1902	790
1902	792
1911	792
1911	793
1912	793
1912	792
1914	792
1914	793
1916	793
1916	798
1919	798
1919	799
1929	799
1929	798
1931	798
1931	799
1933	799
1933	800
1934	800
1934	801
1937	801
1937	802
1939	802
1939	804
1938	804
1938	814
1939	814
1939	815
1940	815
1940	817
1947	817
1947	818
1948	818
1948	819
1949	819
1949	820
1951	820
1951	821
1952	821
1952	823
1953	823
1953	824
1964	824
1964	825
1965	825
1965	829
1966	829
1966	830
1974	830
1974	831
1977	831
1977	832
1978	832
1978	836
1986	836
1986	837
1996	837
1996	839
1998	839
1998	840
2001	840
2001	841
2002	841
2002	842
2003	842
2003	843
2005	843
2005	844
2006	844
2006	843
2007	843
2007	844
2010	844
2010	845
2016	845
2016	849
2022	849
2022	850
2024	850
2024	852
2025	852
2025	851
2026	851
2026	852
2029	852
2029	855
2037	855
2037	856
2041	856
2041	857
2046	857
2046	859
2047	859
2047	861
2048	861
2048	862
2059	862
2059	863
2060	863
2060	864
2063	864
2063	865
2066	865
2066	864
2070	864
2070	865
2071	865
2071	867
2074	867
2074	868
2079	868
2079	869
2080	869
2080	870
2081	870
2081	871
2084	871
2084	872
2089	872
2089	873
2091	873
2091	874
2092	874
2092	875
2096	875
2096	876
2099	876
2099	877
2101	877
2101	878
2104	878
2104	879
2106	879
2106	881
2111	881
2111	882
2113	882
2113	883
2114	883
2114	884
2116	884
2116	885
2117	885
2117	886
2118	886
2118	887
2121	887
2121	888
2123	888
2123	889
2124	889
2124	890
2126	890
2126	891
2128	891
2128	892
2130	892
2130	894
2132	894
2132	895
2133	895
2133	896
2134	896
2134	897
2135	897
2135	898
2136	898
2136	899
2137	899
2137	900
2124	900
2124	899
2119	899
2119	898
2109	898
2109	897
2105	897
2105	896
2103	896
2103	897
2102	897
2102	896
2100	896
2100	895
2091	895
2091	894
2088	894
2088	892
2081	892
2081	891
2076	891
2076	890
2075	890
2075	889
2067	889
2067	888
2063	888
2063	886
2062	886
2062	885
2050	885
2050	883
2039	883
2039	882
2037	882
2037	879
2025	879
2025	877
2023	877
2023	876
2018	876
2018	875
2015	875
2015	874
2014	874
2014	875
2013	875
2013	874
2012	874
2012	873
2006	873
2006	871
2005	871
2005	870
1999	870
1999	869
1998	869
1998	868
1993	868
1993	867
1992	867
1992	866
1980	866
1980	865
1974	865
1974	864
1972	864
1972	863
1960	863
1960	861
1959	861
1959	860
1950	860
1950	859
1948	859
1948	857
1942	857
1942	856
1936	856
1936	855
1935	855
1935	854
1934	854
1934	853
1931	853
1931	854
1930	854
1930	853
1928	853
1928	852
1923	852
1923	851
1916	851
1916	848
1913	848
1913	847
1912	847
1912	848
1911	848
1911	847
1888	847
1888	848
1887	848
1887	850
1885	850
1885	851
1884	851
1884	852
1868	852
1868	851
1865	851
1865	850
1860	850
1860	849
1857	849
1857	848
1853	848
1853	846
1851	846
1851	845
1848	845
1848	846
1847	846
1847	845
1843	845
1843	844
1840	844
1840	842
1839	842
1839	841
1826	841
1826	842
1825	842
1825	849
1822	849
1822	850
1814	850
1814	848
1812	848
1812	847
1809	847
1809	848
1808	848
1808	847
1802	847
1802	845
1795	845
1795	844
1791	844
1791	843
1789	843
1789	841
1783	841
1783	840
1782	840
1782	839
1775	839
1775	838
1773	838
1773	837
1770	837
1770	835
1762	835
1762	834
1759	834
1759	833
1755	833
1755	832
1754	832
1754	831
1752	831
1752	830
1751	830
1751	828
1747	828
1747	827
1744	827
1744	825
1741	825
1741	824
1738	824
1738	825
1737	825
1737	824
1734	824
1734	825
1733	825
1733	826
1732	826
1732	827
1733	827
1733	831
1732	831
1732	832
1733	832
1733	835
1732	835
1732	837
1733	837
1733	841
1720	841
1720	840
1718	840
1718	839
1717	839
1717	838
1715	838
1715	837
1713	837
1713	835
1712	835
1712	834
1706	834
1706	829
1705	829
1705	828
1703	828
1703	829
1702	829
1702	828
1700	828
1700	826
1695	826
1695	825
1694	825
1694	822
1688	822
1688	821
1687	821
1687	819
1682	819
1682	818
1681	818
1681	816
1680	816
1680	815
1676	815
1676	814
1674	814
1674	813
1673	813
1673	811
1672	811
1672	812
1668	812
1668	809
1666	809
1666	808
1665	808
1665	807
1664	807
1664	806
1654	806
1654	823
1655	823
1655	824
1656	824
1656	826
1654	826
1654	827
1653	827
1653	826
1645	826
1645	825
1644	825
1644	824
1643	824
1643	821
1642	821
1642	820
1638	820
1638	819
1637	819
1637	817
1636	817
1636	815
1631	815
1631	813
1630	813
1630	809
1624	809
1624	808
1623	808
1623	806
1618	806
1618	803
1613	803
1613	802
1612	802
1612	801
1611	801
1611	800
1610	800
1610	799
1606	799
1606	798
1605	798
1605	794
1600	794
1600	793
1590	793
1590	794
1589	794
1589	796
1588	796
1588	797
1587	797
1587	806
1588	806
1588	811
1586	811
1586	809
1579	809
1579	808
1577	808
1577	807
1576	807
1576	806
1575	806
1575	805
1574	805
1574	804
1572	804
1572	803
1569	803
1569	802
1567	802
1567	800
1566	800
1566	796
1559	796
1559	795
1558	795
1558	794
1559	794
1559	793
1558	793
1558	791
1557	791
1557	790
1554	790
1554	789
1553	789
1553	787
1549	787
1549	786
1548	786
1548	785
1547	785
1547	784
1545	784
1545	783
1544	783
1544	782
1543	782
1543	781
1544	781
1544	780
1542	780
1542	779
1541	779
1541	777
1531	777
1531	778
1530	778
1530	785
1529	785
1529	786
1528	786
1528	787
1526	787
1526	786
1525	786
1525	785
1523	785
1523	783
1522	783
1522	782
1521	782
1521	781
1517	781
1517	780
1516	780
1516	778
1515	778
1515	777
1513	777
1513	776
1512	776
1512	774
1511	774
1511	773
1510	773
1510	771
1509	771
1509	769
1508	769
1508	768
1503	768
1503	764
1499	764
1499	762
1497	762
1497	759
1496	759
1496	758
1492	758
1492	757
1491	757
1491	755
1490	755
1490	752
1480	752
1480	753
1479	753
1479	767
1477	767
1477	765
1475	765
1475	764
1474	764
1474	765
1471	765
1471	764
1470	764
1470	763
1467	763
1467	762
1466	762
1466	761
1465	761
1465	760
1464	760
1464	758
1462	758
1462	757
1461	757
1461	756
1459	756
1459	755
1460	755
1460	754
1458	754
1458	752
1456	752
1456	751
1455	751
1455	750
1454	750
1454	746
1450	746
1450	745
1448	745
1448	743
1447	743
1447	742
1446	742
1446	740
1445	740
1445	739
1443	739
1443	738
1442	738
1442	737
1441	737
1441	736
1440	736
1440	735
1439	735
1439	733
1428	733
1428	734
1427	734
1427	742
1426	742
1426	743
1423	743
1423	742
1420	742
1420	739
1416	739
1416	737
1414	737
1414	735
1413	735
1413	733
1410	733
1410	732
1409	732
1409	731
1410	731
1410	727
1408	727
1408	726
1406	726
1406	725
1405	725
1405	724
1404	724
1404	723
1403	723
1403	721
1402	721
1402	720
1401	720
1401	719
1400	719
1400	718
1399	718
1399	716
1398	716
1398	714
1396	714
1396	713
1395	713
1395	708
1394	708
1394	707
1393	707
1393	708
1391	708
1391	707
1389	707
1389	705
1388	705
1388	701
1377	701
1377	702
1376	702
1376	705
1375	705
1375	706
1374	706
1374	709
1373	709
1373	710
1374	710
1374	712
1373	712
1373	713
1370	713
1370	712
1369	712
1369	710
1366	710
1366	709
1365	709
1365	708
1363	708
1363	706
1362	706
1362	705
1361	705
1361	704
1360	704
1360	703
1359	703
1359	701
1358	701
1358	698
1357	698
1357	695
1356	695
1356	694
1355	694
1355	692
1353	692
1353	689
1351	689
1351	688
1349	688
1349	687
1348	687
1348	686
1347	686
1347	683
1346	683
1346	682
1343	682
1343	681
1341	681
1341	679
1340	679
1340	678
1339	678
1339	677
1337	677
1337	676
1336	676
1336	675
1335	675
1335	673
1334	673
1334	672
1332	672
1332	671
1324	671
1324	672
1323	672
1323	674
1322	674
1322	676
1320	676
1320	675
1319	675
1319	674
1318	674
1318	670
1317	670
1317	669
1312	669
1312	668
1311	668
1311	667
1310	667
1310	666
1309	666
1309	665
1308	665
1308	663
1307	663
1307	662
1306	662
1306	657
1305	657
1305	656
1302	656
1302	654
1301	654
1301	650
1296	650
1296	649
1295	649
1295	647
1294	647
1294	646
1293	646
1293	645
1292	645
1292	644
1290	644
1290	643
1289	643
1289	642
1288	642
1288	641
1273	641
1273	642
1272	642
1272	661
1276	661
1276	662
1277	662
1277	663
1278	663
1278	664
1279	664
1279	665
1283	665
1283	666
1284	666
1284	669
1285	669
1285	671
1290	671
1290	672
1291	672
1291	677
1292	677
1292	678
1297	678
1297	686
1311	686
1311	687
1317	687
1317	688
1319	688
1319	689
1321	689
1321	690
1322	690
1322	691
1324	691
1324	692
1325	692
1325	693
1326	693
1326	695
1327	695
1327	696
1326	696
1326	697
1324	697
1324	698
1316	698
1316	708
1317	708
1317	709
1320	709
1320	710
1322	710
1322	712
1323	712
1323	715
1330	715
1330	716
1331	716
1331	717
1332	717
1332	718
1333	718
1333	719
1334	719
1334	721
1335	721
1335	722
1336	722
1336	723
1339	723
1339	725
1342	725
1342	728
1344	728
1344	732
1345	732
1345	733
1348	733
1348	737
1359	737
1359	739
1361	739
1361	741
1370	741
1370	742
1374	742
1374	743
1375	743
1375	744
1378	744
1378	745
1379	745
1379	746
1380	746
1380	748
1379	748
1379	749
1376	749
1376	748
1375	748
1375	749
1373	749
1373	751
1372	751
1372	750
1371	750
1371	752
1368	752
1368	763
1372	763
1372	764
1373	764
1373	765
1374	765
1374	766
1376	766
1376	767
1378	767
1378	768
1379	768
1379	769
1384	769
1384	771
1386	771
1386	772
1387	772
1387	773
1389	773
1389	774
1390	774
1390	776
1393	776
1393	780
1397	780
1397	781
1398	781
1398	782
1397	782
1397	783
1399	783
1399	788
1405	788
1405	791
1406	791
1406	792
1416	792
1416	790
1417	790
1417	791
1419	791
1419	792
1421	792
1421	793
1422	793
1422	795
1425	795
1425	798
1428	798
1428	799
1430	799
1430	803
1423	803
1423	804
1421	804
1421	805
1418	805
1418	806
1417	806
1417	807
1415	807
1415	808
1414	808
1414	817
1415	817
1415	818
1419	818
1419	819
1420	819
1420	820
1422	820
1422	821
1425	821
1425	823
1426	823
1426	824
1429	824
1429	825
1431	825
1431	829
1432	829
1432	830
1435	830
1435	831
1436	831
1436	832
1437	832
1437	833
1440	833
1440	835
1441	835
1441	837
1443	837
1443	838
1444	838
1444	839
1443	839
1443	840
1444	840
1444	844
1443	844
1443	849
1444	849
1444	850
1443	850
1443	851
1444	851
1444	852
1450	852
1450	853
1453	853
1453	852
1457	852
1457	853
1458	853
1458	852
1459	852
1459	853
1462	853
1462	852
1465	852
1465	853
1466	853
1466	854
1467	854
1467	856
1468	856
1468	859
1469	859
1469	862
1467	862
1467	872
1468	872
1468	874
1469	874
1469	875
1473	875
1473	876
1474	876
1474	877
1476	877
1476	880
1475	880
1475	881
1480	881
1480	883
1481	883
1481	885
1482	885
1482	900
1494	900
1494	902
1504	902
1504	901
1506	901
1506	902
1507	902
1507	904
1508	904
1508	906
1509	906
1509	907
1510	907
1510	910
1506	910
1506	911
1505	911
1505	910
1501	910
1501	911
1496	911
1496	912
1494	912
1494	913
1492	913
1492	923
1493	923
1493	924
1494	924
1494	925
1496	925
1496	926
1500	926
1500	927
1506	927
1506	929
1507	929
1507	930
1508	930
1508	932
1509	932
1509	933
1510	933
1510	932
1511	932
1511	933
1512	933
1512	936
1513	936
1513	937
1514	937
1514	938
1515	938
1515	939
1518	939
1518	941
1520	941
1520	944
1521	944
1521	945
1522	945
1522	944
1523	944
1523	946
1524	946
1524	947
1527	947
1527	951
1530	951
1530	952
1536	952
1536	954
1537	954
1537	955
1536	955
1536	957
1537	957
1537	959
1542	959
1542	960
1544	960
1544	961
1545	961
1545	963
1546	963
1546	965
1545	965
1545	966
1534	966
1534	967
1532	967
1532	977
1533	977
1533	978
1536	978
1536	979
1537	979
1537	982
1540	982
1540	983
1542	983
1542	984
1545	984
1545	989
1550	989
1550	990
1552	990
1552	995
1558	995
1558	997
1561	997
1561	1002
1570	1002
1570	1003
1571	1003
1571	1008
1574	1008
1574	1009
1575	1009
1575	1010
1576	1010
1576	1011
1577	1011
1577	1015
1582	1015
1582	1016
1583	1016
1583	1018
1584	1018
1584	1024
1583	1024
1583	1025
1581	1025
1581	1024
1565	1024
1565	1025
1564	1025
1564	1034
1565	1034
1565	1035
1568	1035
1568	1036
1570	1036
1570	1037
1571	1037
1571	1040
1575	1040
1575	1041
1577	1041
1577	1045
1576	1045
1576	1046
1580	1046
1580	1047
1583	1047
1583	1048
1585	1048
1585	1049
1587	1049
1587	1053
1588	1053
1588	1054
1589	1054
1589	1053
1590	1053
1590	1054
1592	1054
1592	1055
1593	1055
1593	1056
1594	1056
1594	1057
1596	1057
1596	1060
1597	1060
1597	1061
1599	1061
1599	1064
1600	1064
1600	1065
1602	1065
1602	1066
1603	1066
1603	1069
1606	1069
1606	1071
1608	1071
1608	1072
1609	1072
1609	1078
1613	1078
1613	1079
1614	1079
1614	1080
1615	1080
1615	1081
1616	1081
1616	1084
1617	1084
1617	1085
1618	1085
1618	1086
1619	1086
1619	1088
1620	1088
1620	1089
1619	1089
1619	1091
1614	1091
1614	1090
1601	1090
1601	1091
1596	1091
1596	1102
1597	1102
1597	1103
1601	1103
1601	1104
1603	1104
1603	1110
1608	1110
1608	1112
1609	1112
1609	1115
1610	1115
1610	1117
1614	1117
1614	1118
1615	1118
1615	1120
1616	1120
1616	1122
1617	1122
1617	1123
1621	1123
1621	1126
1622	1126
1622	1130
1623	1130
1623	1131
1624	1131
1624	1130
1625	1130
1625	1131
1627	1131
1627	1135
1628	1135
1628	1136
1630	1136
1630	1137
1632	1137
1632	1138
1633	1138
1633	1141
1634	1141
1634	1142
1635	1142
1635	1143
1636	1143
1636	1145
1639	1145
1639	1148
1640	1148
1640	1149
1642	1149
1642	1150
1641	1150
1641	1151
1643	1151
1643	1152
1644	1152
1644	1153
1645	1153
1645	1154
1646	1154
1646	1159
1623	1159
1623	1160
1622	1160
1622	1169
1623	1169
1623	1170
1627	1170
1627	1171
1628	1171
1628	1172
1629	1172
1629	1173
1634	1173
1634	1176
1635	1176
1635	1180
1640	1180
1640	1181
1641	1181
1641	1186
1642	1186
1642	1187
1645	1187
1645	1188
1646	1188
1646	1189
1647	1189
1647	1193
1648	1193
1648	1194
1650	1194
1650	1195
1651	1195
1651	1199
1655	1199
1655	1200
1656	1200
1656	1203
1657	1203
1657	1205
1658	1205
1658	1206
1660	1206
1660	1212
1665	1212
1665	1218
1669	1218
1669	1220
1670	1220
1670	1221
1671	1221
1671	1222
1672	1222
1672	1224
1673	1224
1673	1225
1675	1225
1675	1229
1673	1229
1673	1230
1671	1230
1671	1229
1658	1229
1658	1232
1657	1232
1657	1233
1658	1233
1658	1239
1659	1239
1659	1240
1660	1240
1660	1243
1661	1243
1661	1244
1665	1244
1665	1245
1666	1245
1666	1247
1667	1247
1667	1250
1669	1250
1669	1251
1670	1251
1670	1252
1671	1252
1671	1254
1672	1254
1672	1255
1673	1255
1673	1256
1674	1256
1674	1257
1676	1257
1676	1261
1675	1261
1675	1262
1676	1262
1676	1264
1677	1264
1677	1265
1681	1265
1681	1266
1682	1266
1682	1267
1683	1267
1683	1268
1684	1268
1684	1269
1685	1269
1685	1273
1686	1273
1686	1275
1689	1275
1689	1276
1691	1276
1691	1278
1692	1278
1692	1282
1693	1282
1693	1283
1694	1283
1694	1286
1695	1286
1695	1288
1694	1288
1694	1291
1693	1291
1693	1292
1690	1292
1690	1291
1688	1291
1688	1290
1680	1290
1680	1291
1679	1291
1679	1300
1680	1300
1680	1301
1684	1301
1684	1303
1685	1303
1685	1304
1686	1304
1686	1307
1685	1307
1685	1308
1686	1308
1686	1310
1691	1310
1691	1313
1692	1313
1692	1319
1693	1319
1693	1320
1698	1320
1698	1325
1699	1325
1699	1326
1703	1326
1703	1328
1704	1328
1704	1329
1705	1329
1705	1333
1708	1333
1708	1334
1709	1334
1709	1335
1710	1335
1710	1336
1711	1336
1711	1344
1712	1344
1712	1345
1716	1345
1716	1346
1717	1346
1717	1350
1718	1350
1718	1351
1719	1351
1719	1352
1720	1352
1720	1351
1721	1351
1721	1352
1723	1352
1723	1354
1724	1354
1724	1358
1726	1358
1726	1359
1727	1359
1727	1365
1725	1365
1725	1363
1723	1363
1723	1362
1721	1362
1721	1363
1720	1363
1720	1362
1710	1362
1710	1364
1709	1364
1709	1366
1710	1366
1710	1369
1709	1369
1709	1372
1710	1372
1710	1373
1711	1373
1711	1376
1712	1376
1712	1377
1714	1377
1714	1380
1715	1380
1715	1383
1717	1383
1717	1388
1718	1388
1718	1390
1720	1390
1720	1392
1721	1392
1721	1394
1722	1394
1722	1396
1723	1396
1723	1401
1724	1401
1724	1403
1727	1403
1727	1404
1728	1404
1728	1406
1729	1406
1729	1407
1730	1407
1730	1415
1733	1415
1733	1418
1734	1418
1734	1419
1735	1419
1735	1421
1737	1421
1737	1422
1738	1422
1738	1423
1740	1423
1740	1427
1741	1427
1741	1428
1743	1428
1743	1434
1744	1434
1744	1435
1748	1435
1748	1438
1749	1438
1749	1439
1748	1439
1748	1441
1749	1441
1749	1440
1750	1440
1750	1442
1751	1442
1751	1444
1752	1444
1752	1446
1754	1446
1754	1447
1755	1447
1755	1450
1756	1450
1756	1453
1760	1453
1760	1454
1761	1454
1761	1456
1762	1456
1762	1457
1761	1457
1761	1459
1762	1459
1762	1460
1765	1460
1765	1461
1766	1461
1766	1463
1767	1463
1767	1465
1768	1465
1768	1466
1769	1466
1769	1467
1770	1467
1770	1470
1771	1470
1771	1471
1774	1471
1774	1472
1775	1472
1775	1473
1777	1473
1777	1475
1778	1475
1778	1478
1779	1478
1779	1480
1780	1480
1780	1479
1783	1479
1783	1480
1784	1480
1784	1482
1785	1482
1785	1483
1786	1483
1786	1484
1787	1484
1787	1488
1788	1488
1788	1489
1792	1489
1792	1492
1793	1492
1793	1497
1794	1497
1794	1498
1798	1498
1798	1500
1800	1500
1800	1504
1801	1504
1801	1505
1804	1505
1804	1506
1805	1506
1805	1508
1806	1508
1806	1509
1807	1509
1807	1511
1808	1511
1808	1512
1809	1512
1809	1513
1811	1513
1811	1514
1812	1514
1812	1515
1811	1515
1811	1516
1813	1516
1813	1517
1815	1517
1815	1518
1816	1518
1816	1520
1817	1520
1817	1521
1818	1521
1818	1522
1819	1522
1819	1523
1820	1523
1820	1525
1821	1525
1821	1526
1822	1526
1822	1527
1823	1527
1823	1528
1824	1528
1824	1529
1825	1529
1825	1531
1826	1531
1826	1536
1832	1536
1832	1537
1833	1537
1833	1539
1834	1539
1834	1540
1835	1540
1835	1541
1836	1541
1836	1542
1837	1542
1837	1543
1838	1543
1838	1548
1839	1548
1839	1549
1842	1549
1842	1550
1843	1550
1843	1551
1844	1551
1844	1554
1845	1554
1845	1555
1847	1555
1847	1558
1849	1558
1849	1559
1850	1559
1850	1560
1851	1560
1851	1562
1853	1562
1853	1564
1854	1564
1854	1565
1855	1565
1855	1566
1856	1566
1856	1567
1857	1567
1857	1568
1858	1568
1858	1570
1859	1570
1859	1571
1860	1571
1860	1572
1861	1572
1861	1574
1863	1574
1863	1576
1864	1576
1864	1577
1865	1577
1865	1578
1867	1578
1867	1580
1868	1580
1868	1581
1869	1581
1869	1582
1870	1582
1870	1584
1872	1584
1872	1585
1873	1585
1873	1587
1875	1587
1875	1588
1876	1588
1876	1590
1877	1590
1877	1591
1878	1591
1878	1592
1879	1592
1879	1593
1880	1593
1880	1594
1881	1594
1881	1595
1882	1595
1882	1596
1883	1596
1883	1597
1884	1597
1884	1598
1885	1598
1885	1599
1886	1599
1886	1600
1887	1600
1887	1601
1888	1601
1888	1602
1889	1602
1889	1603
1890	1603
1890	1605
1892	1605
1892	1606
1893	1606
1893	1607
1894	1607
1894	1608
1895	1608
1895	1611
1890	1611
1890	1610
1887	1610
1887	1609
1884	1609
1884	1608
1882	1608
1882	1607
1878	1607
1878	1604
1873	1604
1873	1603
1871	1603
1871	1602
1870	1602
1870	1601
1868	1601
1868	1600
1866	1600
1866	1598
1864	1598
1864	1597
1862	1597
1862	1596
1861	1596
1861	1595
1860	1595
1860	1594
1859	1594
1859	1592
1858	1592
1858	1591
1854	1591
1854	1590
1853	1590
1853	1586
1852	1586
1852	1585
1846	1585
1846	1584
1845	1584
1845	1583
1843	1583
1843	1582
1842	1582
1842	1581
1840	1581
1840	1579
1839	1579
1839	1577
1835	1577
1835	1575
1834	1575
1834	1573
1833	1573
1833	1572
1832	1572
1832	1571
1831	1571
1831	1570
1830	1570
1830	1569
1829	1569
1829	1568
1828	1568
1828	1567
1826	1567
1826	1565
1825	1565
1825	1564
1824	1564
1824	1563
1823	1563
1823	1562
1822	1562
1822	1561
1821	1561
1821	1558
1815	1558
1815	1554
1814	1554
1814	1553
1809	1553
1809	1550
1808	1550
1808	1547
1804	1547
1804	1546
1803	1546
1803	1545
1802	1545
1802	1541
1799	1541
1799	1540
1795	1540
1795	1539
1794	1539
1794	1534
1788	1534
1788	1533
1787	1533
1787	1531
1786	1531
1786	1530
1785	1530
1785	1528
1782	1528
1782	1527
1781	1527
1781	1526
1780	1526
1780	1525
1779	1525
1779	1524
1778	1524
1778	1523
1777	1523
1777	1522
1776	1522
1776	1520
1773	1520
1773	1519
1771	1519
1771	1518
1770	1518
1770	1516
1769	1516
1769	1515
1767	1515
1767	1512
1765	1512
1765	1511
1764	1511
1764	1510
1763	1510
1763	1508
1762	1508
1762	1507
1761	1507
1761	1506
1760	1506
1760	1505
1759	1505
1759	1504
1758	1504
1758	1503
1756	1503
1756	1502
1753	1502
1753	1501
1752	1501
1752	1499
1751	1499
1751	1497
1750	1497
1750	1496
1748	1496
1748	1495
1747	1495
1747	1493
1745	1493
1745	1491
1744	1491
1744	1490
1743	1490
1743	1488
1742	1488
1742	1487
1741	1487
1741	1486
1740	1486
1740	1484
1739	1484
1739	1483
1738	1483
1738	1481
1737	1481
1737	1480
1735	1480
1735	1481
1734	1481
1734	1480
1732	1480
1732	1476
1731	1476
1731	1477
1728	1477
1728	1476
1727	1476
1727	1475
1725	1475
1725	1471
1719	1471
1719	1467
1715	1467
1715	1466
1714	1466
1714	1465
1711	1465
1711	1464
1710	1464
1710	1459
1709	1459
1709	1458
1706	1458
1706	1456
1703	1456
1703	1454
1702	1454
1702	1452
1701	1452
1701	1451
1698	1451
1698	1450
1697	1450
1697	1449
1696	1449
1696	1448
1695	1448
1695	1446
1694	1446
1694	1445
1693	1445
1693	1444
1692	1444
1692	1443
1690	1443
1690	1442
1689	1442
1689	1441
1688	1441
1688	1440
1687	1440
1687	1439
1684	1439
1684	1438
1683	1438
1683	1437
1682	1437
1682	1436
1681	1436
1681	1432
1680	1432
1680	1431
1675	1431
1675	1427
1674	1427
1674	1426
1669	1426
1669	1424
1668	1424
1668	1420
1664	1420
1664	1419
1662	1419
1662	1414
1661	1414
1661	1413
1651	1413
1651	1414
1650	1414
1650	1420
1646	1420
1646	1419
1645	1419
1645	1418
1644	1418
1644	1417
1643	1417
1643	1415
1642	1415
1642	1414
1641	1414
1641	1413
1637	1413
1637	1411
1636	1411
1636	1407
1634	1407
1634	1406
1633	1406
1633	1405
1632	1405
1632	1401
1629	1401
1629	1400
1628	1400
1628	1399
1627	1399
1627	1397
1625	1397
1625	1396
1624	1396
1624	1395
1623	1395
1623	1394
1622	1394
1622	1393
1621	1393
1621	1392
1620	1392
1620	1391
1619	1391
1619	1389
1617	1389
1617	1388
1616	1388
1616	1385
1615	1385
1615	1384
1614	1384
1614	1382
1612	1382
1612	1380
1611	1380
1611	1375
1609	1375
1609	1374
1608	1374
1608	1373
1598	1373
1598	1374
1597	1374
1597	1376
1596	1376
1596	1384
1595	1384
1595	1385
1594	1385
1594	1384
1592	1384
1592	1382
1591	1382
1591	1381
1589	1381
1589	1380
1588	1380
1588	1379
1587	1379
1587	1378
1586	1378
1586	1376
1585	1376
1585	1375
1582	1375
1582	1372
1580	1372
1580	1371
1579	1371
1579	1368
1578	1368
1578	1367
1577	1367
1577	1366
1576	1366
1576	1364
1575	1364
1575	1361
1574	1361
1574	1362
1573	1362
1573	1357
1572	1357
1572	1356
1570	1356
1570	1355
1569	1355
1569	1351
1568	1351
1568	1350
1565	1350
1565	1349
1564	1349
1564	1348
1563	1348
1563	1345
1562	1345
1562	1344
1561	1344
1561	1343
1560	1343
1560	1337
1556	1337
1556	1331
1555	1331
1555	1330
1554	1330
1554	1329
1553	1329
1553	1327
1544	1327
1544	1328
1543	1328
1543	1329
1542	1329
1542	1330
1541	1330
1541	1331
1539	1331
1539	1335
1538	1335
1538	1339
1537	1339
1537	1340
1536	1340
1536	1339
1534	1339
1534	1337
1532	1337
1532	1335
1531	1335
1531	1331
1530	1331
1530	1330
1528	1330
1528	1325
1526	1325
1526	1324
1524	1324
1524	1319
1523	1319
1523	1318
1520	1318
1520	1315
1519	1315
1519	1313
1518	1313
1518	1311
1517	1311
1517	1309
1516	1309
1516	1308
1515	1308
1515	1305
1514	1305
1514	1302
1513	1302
1513	1301
1512	1301
1512	1299
1511	1299
1511	1297
1510	1297
1510	1295
1509	1295
1509	1293
1508	1293
1508	1289
1507	1289
1507	1287
1506	1287
1506	1285
1505	1285
1505	1280
1504	1280
1504	1274
1503	1274
1503	1273
1495	1273
1495	1274
1493	1274
1493	1276
1491	1276
1491	1277
1490	1277
1490	1278
1489	1278
1489	1280
1487	1280
1487	1281
1486	1281
1486	1284
1485	1284
1485	1289
1484	1289
1484	1290
1483	1290
1483	1291
1481	1291
1481	1290
1479	1290
1479	1288
1478	1288
1478	1286
1477	1286
1477	1284
1476	1284
1476	1283
1475	1283
1475	1280
1474	1280
1474	1275
1473	1275
1473	1273
1472	1273
1472	1272
1471	1272
1471	1268
1470	1268
1470	1267
1468	1267
1468	1264
1467	1264
1467	1263
1466	1263
1466	1261
1465	1261
1465	1255
1464	1255
1464	1254
1462	1254
1462	1250
1461	1250
1461	1247
1460	1247
1460	1243
1459	1243
1459	1241
1458	1241
1458	1228
1452	1228
1452	1227
1451	1227
1451	1228
1447	1228
1447	1229
1444	1229
1444	1231
1443	1231
1443	1233
1444	1233
1444	1234
1443	1234
1443	1235
1442	1235
1442	1236
1441	1236
1441	1238
1439	1238
1439	1236
1437	1236
1437	1235
1436	1235
1436	1234
1435	1234
1435	1232
1434	1232
1434	1230
1433	1230
1433	1224
1432	1224
1432	1223
1430	1223
1430	1221
1429	1221
1429	1217
1428	1217
1428	1216
1427	1216
1427	1214
1426	1214
1426	1210
1425	1210
1425	1201
1424	1201
1424	1200
1423	1200
1423	1192
1422	1192
1422	1191
1419	1191
1419	1188
1418	1188
1418	1187
1417	1187
1417	1186
1418	1186
1418	1185
1416	1185
1416	1184
1415	1184
1415	1181
1414	1181
1414	1179
1413	1179
1413	1177
1412	1177
1412	1176
1413	1176
1413	1174
1412	1174
1412	1173
1411	1173
1411	1167
1410	1167
1410	1160
1409	1160
1409	1159
1400	1159
1400	1160
1399	1160
1399	1165
1393	1165
1393	1168
1392	1168
1392	1169
1391	1169
1391	1171
1390	1171
1390	1173
1389	1173
1389	1174
1387	1174
1387	1172
1386	1172
1386	1169
1385	1169
1385	1166
1384	1166
1384	1164
1383	1164
1383	1159
1379	1159
1379	1153
1378	1153
1378	1147
1377	1147
1377	1146
1376	1146
1376	1143
1375	1143
1375	1140
1374	1140
1374	1137
1373	1137
1373	1133
1372	1133
1372	1122
1371	1122
1371	1121
1370	1121
1370	1117
1369	1117
1369	1112
1370	1112
1370	1111
1369	1111
1369	1106
1358	1106
1358	1107
1357	1107
1357	1108
1355	1108
1355	1109
1354	1109
1354	1110
1353	1110
1353	1111
1352	1111
1352	1112
1351	1112
1351	1113
1350	1113
1350	1114
1349	1114
1349	1115
1345	1115
1345	1114
1344	1114
1344	1109
1343	1109
1343	1107
1342	1107
1342	1100
1341	1100
1341	1084
1340	1084
1340	1071
1339	1071
1339	1070
1338	1070
1338	1065
1337	1065
1337	1063
1336	1063
1336	1060
1335	1060
1335	1059
1334	1059
1334	1056
1335	1056
1335	1055
1334	1055
1334	1051
1323	1051
1323	1054
1321	1054
1321	1056
1320	1056
1320	1057
1319	1057
1319	1058
1317	1058
1317	1060
1316	1060
1316	1061
1315	1061
1315	1063
1313	1063
1313	1061
1312	1061
1312	1058
1311	1058
1311	1055
1310	1055
1310	1051
1309	1051
1309	1042
1308	1042
1308	1038
1307	1038
1307	1037
1306	1037
1306	1036
1307	1036
1307	1032
1306	1032
1306	1026
1305	1026
1305	1025
1303	1025
1303	1011
1302	1011
1302	1006
1291	1006
1291	1008
1290	1008
1290	1009
1288	1009
1288	1010
1287	1010
1287	1011
1286	1011
1286	1013
1285	1013
1285	1015
1284	1015
1284	1016
1283	1016
1283	1013
1282	1013
1282	1012
1281	1012
1281	1009
1280	1009
1280	1001
1279	1001
1279	1000
1278	1000
1278	988
1277	988
1277	984
1276	984
1276	949
1267	949
1267	950
1266	950
1266	951
1264	951
1264	952
1262	952
1262	953
1261	953
1261	954
1259	954
1259	956
1258	956
1258	958
1256	958
1256	957
1255	957
1255	956
1254	956
1254	955
1253	955
1253	946
1254	946
1254	942
1255	942
1255	935
1254	935
1254	934
1255	934
1255	931
1254	931
1254	930
1253	930
1253	925
1252	925
1252	918
1251	918
1251	916
1250	916
1250	914
1251	914
1251	892
1241	892
1241	893
1240	893
1240	895
1238	895
1238	896
1234	896
1234	898
1232	898
1232	899
1231	899
1231	900
1230	900
1230	901
1227	901
1227	899
1226	899
1226	896
1225	896
1225	888
1226	888
1226	880
1227	880
1227	878
1228	878
1228	876
1227	876
1227	869
1226	869
1226	861
1225	861
1225	854
1224	854
1224	846
1223	846
1223	836
1211	836
1211	837
1210	837
1210	838
1209	838
1209	839
1208	839
1208	840
1207	840
1207	837
1206	837
1206	823
1207	823
1207	818
1208	818
1208	816
1209	816
1209	803
1208	803
1208	789
1207	789
1207	781
1206	781
1206	777
1205	777
1205	767
1195	767
1195	768
1194	768
1194	767
1193	767
1193	764
1192	764
1192	762
1191	762
1191	726
1189	726
1189	718
1188	718
1188	715
1187	715
1187	706
1183	706
1183	705
1182	705
1182	706
1179	706
1179	705
1178	705
1178	701
1176	701
1176	692
1175	692
1175	682
1174	682
1174	676
1173	676
1173	672
1172	672
1172	657
1171	657
1171	656
1170	656
1170	651
1168	651
1168	649
1167	649
1167	650
1166	650
1166	648
1165	648
1165	646
1166	646
1166	645
1165	645
1165	644
1163	644
1163	641
1162	641
1162	637
1161	637
1161	626
1160	626
1160	623
1159	623
1159	621
1160	621
1160	619
1159	619
1159	617
1158	617
1158	616
1157	616
1157	610
1156	610
1156	608
1155	608
1155	604
1154	604
1154	599
1153	599
1153	598
1152	598
1152	597
1151	597
1151	595
1150	595
1150	593
1149	593
1149	590
1148	590
1148	588
1147	588
1147	586
1146	586
1146	580
1143	580
1143	578
1142	578
1142	574
1140	574
1140	573
1139	573
1139	572
1138	572
1138	571
1137	571
1137	570
1136	570
1136	568
1126	568
1126	570
1125	570
1125	578
1126	578
1126	588
1128	588
1128	591
1129	591
1129	600
1130	600
1130	608
1131	608
1131	614
1132	614
1132	626
1135	626
1135	631
1136	631
1136	634
1137	634
1137	636
1138	636
1138	638
1139	638
1139	642
1138	642
1138	643
1139	643
1139	649
1140	649
1140	650
1141	650
1141	654
1142	654
1142	657
1143	657
1143	659
1144	659
1144	665
1145	665
1145	671
1147	671
1147	674
1148	674
1148	677
1149	677
1149	678
1150	678
1150	680
1151	680
1151	689
1152	689
1152	690
1155	690
1155	692
1157	692
1157	695
1158	695
1158	696
1159	696
1159	697
1160	697
1160	698
1161	698
1161	702
1162	702
1162	703
1163	703
1163	705
1164	705
1164	710
1159	710
1159	711
1158	711
1158	722
1159	722
1159	726
1160	726
1160	727
1161	727
1161	730
1162	730
1162	734
1163	734
1163	735
1164	735
1164	740
1165	740
1165	742
1166	742
1166	743
1167	743
1167	749
1168	749
1168	754
1169	754
1169	758
1170	758
1170	760
1171	760
1171	762
1172	762
1172	763
1173	763
1173	768
1174	768
1174	770
1175	770
1175	771
1176	771
1176	774
1177	774
1177	775
1178	775
1178	776
1179	776
1179	785
1171	785
1171	786
1170	786
1170	790
1171	790
1171	791
1170	791
1170	793
1171	793
1171	794
1170	794
1170	797
1171	797
1171	798
1173	798
1173	799
1174	799
1174	802
1173	802
1173	803
1174	803
1174	805
1175	805
1175	810
1176	810
1176	811
1177	811
1177	817
1178	817
1178	819
1179	819
1179	825
1180	825
1180	829
1181	829
1181	830
1182	830
1182	834
1183	834
1183	836
1185	836
1185	837
1186	837
1186	838
1187	838
1187	840
1188	840
1188	842
1189	842
1189	843
1190	843
1190	844
1192	844
1192	846
1193	846
1193	848
1194	848
1194	849
1195	849
1195	851
1196	851
1196	856
1194	856
1194	855
1193	855
1193	854
1192	854
1192	853
1191	853
1191	854
1190	854
1190	853
1181	853
1181	854
1180	854
1180	864
1181	864
1181	868
1182	868
1182	869
1184	869
1184	870
1185	870
1185	871
1186	871
1186	872
1187	872
1187	874
1188	874
1188	877
1189	877
1189	880
1190	880
1190	882
1192	882
1192	889
1193	889
1193	894
1194	894
1194	896
1195	896
1195	900
1197	900
1197	905
1198	905
1198	906
1199	906
1199	907
1200	907
1200	910
1201	910
1201	911
1202	911
1202	913
1203	913
1203	914
1204	914
1204	915
1205	915
1205	917
1206	917
1206	918
1207	918
1207	920
1208	920
1208	923
1209	923
1209	925
1210	925
1210	926
1211	926
1211	928
1212	928
1212	930
1213	930
1213	932
1214	932
1214	933
1213	933
1213	935
1211	935
1211	934
1210	934
1210	933
1208	933
1208	932
1196	932
1196	945
1198	945
1198	946
1200	946
1200	947
1201	947
1201	948
1202	948
1202	957
1206	957
1206	960
1207	960
1207	962
1208	962
1208	965
1209	965
1209	970
1213	970
1213	971
1214	971
1214	973
1215	973
1215	976
1216	976
1216	978
1217	978
1217	981
1218	981
1218	982
1219	982
1219	986
1220	986
1220	988
1221	988
1221	990
1222	990
1222	991
1223	991
1223	994
1224	994
1224	997
1225	997
1225	998
1226	998
1226	1002
1227	1002
1227	1011
1226	1011
1226	1012
1225	1012
1225	1011
1224	1011
1224	1010
1223	1010
1223	1007
1216	1007
1216	1006
1215	1006
1215	1007
1213	1007
1213	1006
1212	1006
1212	1007
1210	1007
1210	1008
1211	1008
1211	1011
1210	1011
1210	1013
1211	1013
1211	1019
1212	1019
1212	1020
1213	1020
1213	1021
1214	1021
1214	1023
1215	1023
1215	1024
1214	1024
1214	1026
1215	1026
1215	1027
1217	1027
1217	1028
1218	1028
1218	1032
1219	1032
1219	1035
1220	1035
1220	1036
1221	1036
1221	1045
1222	1045
1222	1046
1223	1046
1223	1047
1224	1047
1224	1052
1225	1052
1225	1056
1226	1056
1226	1057
1227	1057
1227	1060
1228	1060
1228	1065
1229	1065
1229	1066
1230	1066
1230	1069
1231	1069
1231	1071
1232	1071
1232	1073
1233	1073
1233	1078
1234	1078
1234	1081
1233	1081
1233	1085
1229	1085
1229	1083
1228	1083
1228	1082
1226	1082
1226	1081
1223	1081
1223	1080
1213	1080
1213	1081
1212	1081
1212	1091
1215	1091
1215	1092
1216	1092
1216	1094
1217	1094
1217	1095
1218	1095
1218	1096
1219	1096
1219	1103
1221	1103
1221	1115
1222	1115
1222	1116
1223	1116
1223	1117
1224	1117
1224	1122
1225	1122
1225	1123
1226	1123
1226	1129
1229	1129
1229	1130
1230	1130
1230	1133
1231	1133
1231	1135
1232	1135
1232	1136
1233	1136
1233	1139
1234	1139
1234	1143
1235	1143
1235	1144
1236	1144
1236	1148
1238	1148
1238	1154
1237	1154
1237	1160
1236	1160
1236	1162
1235	1162
1235	1163
1233	1163
1233	1162
1232	1162
1232	1160
1231	1160
1231	1159
1220	1159
1220	1170
1221	1170
1221	1173
1222	1173
1222	1174
1223	1174
1223	1175
1224	1175
1224	1178
1225	1178
1225	1181
1226	1181
1226	1186
1228	1186
1228	1187
1229	1187
1229	1189
1230	1189
1230	1192
1231	1192
1231	1193
1232	1193
1232	1196
1233	1196
1233	1197
1234	1197
1234	1205
1235	1205
1235	1206
1237	1206
1237	1210
1238	1210
1238	1211
1239	1211
1239	1215
1240	1215
1240	1219
1241	1219
1241	1220
1240	1220
1240	1223
1241	1223
1241	1224
1242	1224
1242	1228
1241	1228
1241	1230
1240	1230
1240	1238
1239	1238
1239	1237
1238	1237
1238	1236
1237	1236
1237	1234
1236	1234
1236	1233
1235	1233
1235	1232
1233	1232
1233	1231
1221	1231
1221	1242
1222	1242
1222	1243
1223	1243
1223	1244
1224	1244
1224	1247
1225	1247
1225	1248
1224	1248
1224	1254
1225	1254
1225	1256
1226	1256
1226	1257
1227	1257
1227	1266
1228	1266
1228	1276
1229	1276
1229	1279
1230	1279
1230	1284
1231	1284
1231	1287
1232	1287
1232	1295
1233	1295
1233	1305
1232	1305
1232	1307
1231	1307
