1351	797
1353	797
1353	798
1356	798
1356	799
1357	799
1357	798
1358	798
1358	800
1360	800
1360	801
1361	801
1361	802
1365	802
1365	803
1366	803
1366	804
1367	804
1367	805
1369	805
1369	807
1370	807
1370	808
1373	808
1373	809
1376	809
1376	810
1377	810
1377	812
1379	812
1379	813
1380	813
1380	814
1381	814
1381	815
1383	815
1383	816
1384	816
1384	818
1385	818
1385	819
1387	819
1387	820
1391	820
1391	823
1393	823
1393	824
1395	824
1395	826
1397	826
1397	827
1398	827
1398	829
1401	829
1401	830
1402	830
1402	831
1403	831
1403	832
1405	832
1405	833
1406	833
1406	834
1407	834
1407	835
1408	835
1408	836
1409	836
1409	837
1411	837
1411	838
1412	838
1412	839
1413	839
1413	840
1414	840
1414	841
1416	841
1416	843
1417	843
1417	844
1418	844
1418	845
1419	845
1419	846
1420	846
1420	847
1421	847
1421	848
1422	848
1422	849
1423	849
1423	850
1424	850
1424	852
1417	852
1417	853
1413	853
1413	855
1412	855
1412	856
1411	856
1411	863
1413	863
1413	864
1416	864
1416	865
1417	865
1417	867
1422	867
1422	868
1424	868
1424	869
1425	869
1425	870
1427	870
1427	871
1431	871
1431	873
1432	873
1432	874
1435	874
1435	877
1438	877
1438	879
1439	879
1439	880
1440	880
1440	881
1442	881
1442	882
1443	882
1443	883
1446	883
1446	886
1449	886
1449	888
1450	888
1450	889
1452	889
1452	890
1453	890
1453	892
1456	892
1456	893
1457	893
1457	895
1460	895
1460	898
1461	898
1461	899
1463	899
1463	901
1464	901
1464	902
1465	902
1465	903
1466	903
1466	905
1467	905
1467	906
1468	906
1468	910
1470	910
1470	911
1462	911
1462	912
1460	912
1460	913
1456	913
1456	914
1455	914
1455	920
1456	920
1456	921
1459	921
1459	922
1460	922
1460	924
1461	924
1461	925
1463	925
1463	926
1467	926
1467	927
1468	927
1468	929
1469	929
1469	930
1471	930
1471	932
1472	932
1472	933
1475	933
1475	935
1477	935
1477	936
1478	936
1478	937
1482	937
1482	942
1483	942
1483	943
1484	943
1484	942
1486	942
1486	946
1489	946
1489	947
1490	947
1490	950
1491	950
1491	949
1492	949
1492	950
1494	950
1494	953
1496	953
1496	954
1497	954
1497	956
1500	956
1500	960
1501	960
1501	961
1503	961
1503	964
1505	964
1505	967
1506	967
1506	969
1507	969
1507	971
1506	971
1506	972
1505	972
1505	971
1497	971
1497	972
1494	972
1494	973
1490	973
1490	974
1489	974
1489	981
1490	981
1490	982
1492	982
1492	983
1493	983
1493	984
1497	984
1497	986
1500	986
1500	987
1501	987
1501	988
1504	988
1504	990
1507	990
1507	991
1509	991
1509	992
1511	992
1511	994
1512	994
1512	995
1515	995
1515	998
1518	998
1518	999
1519	999
1519	1001
1521	1001
1521	1002
1522	1002
1522	1004
1523	1004
1523	1005
1525	1005
1525	1006
1526	1006
1526	1009
1528	1009
1528	1010
1529	1010
1529	1011
1530	1011
1530	1012
1531	1012
1531	1013
1532	1013
1532	1015
1534	1015
1534	1016
1535	1016
1535	1019
1536	1019
1536	1021
1537	1021
1537	1023
1538	1023
1538	1025
1539	1025
1539	1026
1540	1026
1540	1030
1541	1030
1541	1032
1540	1032
1540	1033
1541	1033
1541	1034
1542	1034
1542	1035
1530	1035
1530	1037
1525	1037
1525	1038
1524	1038
1524	1044
1526	1044
1526	1045
1527	1045
1527	1046
1529	1046
1529	1047
1530	1047
1530	1048
1531	1048
1531	1049
1537	1049
1537	1052
1536	1052
1536	1053
1540	1053
1540	1055
1542	1055
1542	1056
1545	1056
1545	1057
1547	1057
1547	1060
1548	1060
1548	1061
1551	1061
1551	1063
1555	1063
1555	1066
1556	1066
1556	1067
1558	1067
1558	1073
1559	1073
1559	1074
1561	1074
1561	1075
1562	1075
1562	1077
1563	1077
1563	1078
1564	1078
1564	1079
1565	1079
1565	1080
1566	1080
1566	1084
1567	1084
1567	1085
1569	1085
1569	1088
1571	1088
1571	1092
1572	1092
1572	1095
1573	1095
1573	1102
1574	1102
1574	1103
1575	1103
1575	1104
1574	1104
1574	1105
1571	1105
1571	1104
1564	1104
1564	1105
1559	1105
1559	1107
1553	1107
1553	1108
1552	1108
1552	1115
1555	1115
1555	1117
1556	1117
1556	1118
1560	1118
1560	1121
1562	1121
1562	1122
1563	1122
1563	1123
1566	1123
1566	1125
1570	1125
1570	1129
1572	1129
1572	1130
1573	1130
1573	1132
1574	1132
1574	1133
1577	1133
1577	1136
1578	1136
1578	1137
1579	1137
1579	1138
1580	1138
1580	1139
1582	1139
1582	1140
1583	1140
1583	1144
1584	1144
1584	1147
1586	1147
1586	1149
1587	1149
1587	1151
1588	1151
1588	1154
1590	1154
1590	1155
1591	1155
1591	1157
1592	1157
1592	1158
1594	1158
1594	1160
1595	1160
1595	1164
1596	1164
1596	1165
1597	1165
1597	1168
1598	1168
1598	1169
1599	1169
1599	1175
1600	1175
1600	1177
1601	1177
1601	1179
1602	1179
1602	1182
1599	1182
1599	1181
1594	1181
1594	1182
1592	1182
1592	1183
1585	1183
1585	1184
1582	1184
1582	1185
1579	1185
1579	1191
1580	1191
1580	1193
1581	1193
1581	1194
1585	1194
1585	1195
1586	1195
1586	1196
1587	1196
1587	1197
1588	1197
1588	1199
1591	1199
1591	1200
1592	1200
1592	1201
1593	1201
1593	1202
1595	1202
1595	1205
1597	1205
1597	1206
1599	1206
1599	1208
1600	1208
1600	1209
1601	1209
1601	1212
1602	1212
1602	1213
1604	1213
1604	1214
1605	1214
1605	1215
1606	1215
1606	1216
1607	1216
1607	1219
1608	1219
1608	1220
1610	1220
1610	1223
1612	1223
1612	1226
1613	1226
1613	1228
1614	1228
1614	1230
1617	1230
1617	1234
1618	1234
1618	1235
1619	1235
1619	1237
1620	1237
1620	1238
1621	1238
1621	1242
1622	1242
1622	1248
1623	1248
1623	1249
1622	1249
1622	1251
1623	1251
1623	1255
1624	1255
1624	1257
1623	1257
1623	1256
1621	1256
1621	1255
1612	1255
1612	1256
1609	1256
1609	1255
1608	1255
1608	1256
1600	1256
1600	1257
1597	1257
1597	1258
1592	1258
1592	1267
1595	1267
1595	1269
1598	1269
1598	1270
1599	1270
1599	1271
1600	1271
1600	1272
1601	1272
1601	1273
1602	1273
1602	1276
1604	1276
1604	1277
1606	1277
1606	1281
1607	1281
1607	1282
1608	1282
1608	1283
1610	1283
1610	1285
1612	1285
1612	1290
1613	1290
1613	1292
1614	1292
1614	1293
1617	1293
1617	1299
1616	1299
1616	1300
1617	1300
1617	1303
1619	1303
1619	1304
1620	1304
1620	1307
1622	1307
1622	1311
1624	1311
1624	1314
1625	1314
1625	1315
1626	1315
1626	1318
1627	1318
1627	1320
1628	1320
1628	1322
1629	1322
1629	1324
1630	1324
1630	1326
1631	1326
1631	1328
1632	1328
1632	1329
1633	1329
1633	1332
1634	1332
1634	1335
1635	1335
1635	1336
1636	1336
1636	1337
1637	1337
1637	1343
1638	1343
1638	1346
1639	1346
1639	1354
1640	1354
1640	1359
1638	1359
1638	1358
1637	1358
1637	1356
1634	1356
1634	1355
1630	1355
1630	1354
1625	1354
1625	1353
1618	1353
1618	1352
1607	1352
1607	1359
1608	1359
1608	1360
1609	1360
1609	1361
1610	1361
1610	1362
1612	1362
1612	1365
1613	1365
1613	1366
1615	1366
1615	1367
1616	1367
1616	1369
1618	1369
1618	1371
1619	1371
1619	1373
1620	1373
1620	1375
1621	1375
1621	1376
1622	1376
1622	1377
1623	1377
1623	1380
1624	1380
1624	1381
1625	1381
1625	1388
1626	1388
1626	1390
1627	1390
1627	1394
1628	1394
1628	1398
1630	1398
1630	1399
1631	1399
1631	1401
1632	1401
1632	1406
1633	1406
1633	1407
1634	1407
1634	1411
1635	1411
1635	1414
1636	1414
1636	1415
1635	1415
1635	1416
1636	1416
1636	1417
1637	1417
1637	1420
1638	1420
1638	1421
1639	1421
1639	1426
1640	1426
1640	1430
1641	1430
1641	1439
1642	1439
1642	1440
1641	1440
1641	1445
1640	1445
1640	1448
1639	1448
1639	1452
1638	1452
1638	1453
1635	1453
1635	1452
1634	1452
1634	1453
1630	1453
1630	1452
1626	1452
1626	1451
1618	1451
1618	1460
1619	1460
1619	1461
1620	1461
1620	1462
1619	1462
1619	1463
1621	1463
1621	1464
1622	1464
1622	1466
1623	1466
1623	1467
1624	1467
1624	1472
1625	1472
1625	1475
1626	1475
1626	1477
1627	1477
1627	1478
1628	1478
1628	1489
1629	1489
1629	1490
1630	1490
1630	1504
1631	1504
1631	1509
1632	1509
1632	1522
1633	1522
1633	1530
1634	1530
1634	1540
1635	1540
1635	1542
1634	1542
1634	1547
1633	1547
1633	1549
1628	1549
1628	1548
1621	1548
1621	1555
1622	1555
1622	1558
1623	1558
1623	1562
1624	1562
1624	1565
1625	1565
1625	1566
1626	1566
1626	1576
1627	1576
1627	1580
1628	1580
1628	1591
1629	1591
1629	1595
1630	1595
1630	1599
1631	1599
1631	1603
1632	1603
1632	1608
1625	1608
1625	1611
1624	1611
1624	1612
1625	1612
1625	1613
1624	1613
1624	1615
1625	1615
1625	1617
1626	1617
1626	1624
1627	1624
1627	1626
1628	1626
1628	1628
1633	1628
1633	1630
1628	1630
1628	1645
1629	1645
1629	1647
1630	1647
1630	1648
1629	1648
1629	1649
1630	1649
1630	1657
1631	1657
1631	1664
1632	1664
1632	1672
1633	1672
1633	1685
1634	1685
1634	1687
1635	1687
1635	1688
1634	1688
1634	1697
1635	1697
1635	1701
1637	1701
1637	1719
1638	1719
1638	1728
1639	1728
1639	1734
1640	1734
1640	1740
1641	1740
1641	1752
1642	1752
1642	1767
1643	1767
1643	1768
1642	1768
1642	1769
1643	1769
1643	1774
1644	1774
1644	1778
1645	1778
1645	1784
1646	1784
1646	1787
1644	1787
1644	1790
1643	1790
1643	1801
1642	1801
1642	1803
1641	1803
1641	1804
1640	1804
1640	1805
1639	1805
1639	1806
1638	1806
1638	1807
1637	1807
1637	1808
1636	1808
1636	1809
1635	1809
1635	1811
1634	1811
1634	1810
1633	1810
1633	1812
1632	1812
1632	1814
1630	1814
1630	1815
1629	1815
1629	1816
1628	1816
1628	1818
1624	1818
1624	1819
1619	1819
1619	1818
1621	1818
1621	1817
1623	1817
1623	1816
1625	1816
1625	1815
1627	1815
1627	1814
1629	1814
1629	1813
1630	1813
1630	1809
1631	1809
1631	1798
1630	1798
1630	1794
1629	1794
1629	1793
1628	1793
1628	1787
1627	1787
1627	1783
1626	1783
1626	1779
1624	1779
1624	1775
1623	1775
1623	1772
1621	1772
1621	1767
1620	1767
1620	1765
1619	1765
1619	1761
1618	1761
1618	1760
1616	1760
1616	1758
1615	1758
1615	1756
1616	1756
1616	1755
1615	1755
1615	1750
1614	1750
1614	1746
1613	1746
1613	1739
1612	1739
1612	1732
1609	1732
1609	1727
1610	1727
1610	1722
1609	1722
1609	1721
1608	1721
1608	1714
1606	1714
1606	1707
1605	1707
1605	1702
1604	1702
1604	1698
1603	1698
1603	1695
1602	1695
1602	1692
1601	1692
1601	1685
1600	1685
1600	1684
1599	1684
1599	1681
1598	1681
1598	1676
1597	1676
1597	1671
1596	1671
1596	1670
1595	1670
1595	1663
1594	1663
1594	1660
1593	1660
1593	1658
1592	1658
1592	1655
1591	1655
1591	1652
1590	1652
1590	1649
1589	1649
1589	1648
1588	1648
1588	1645
1587	1645
1587	1641
1586	1641
1586	1637
1585	1637
1585	1634
1584	1634
1584	1630
1583	1630
1583	1626
1581	1626
1581	1623
1580	1623
1580	1619
1579	1619
1579	1616
1578	1616
1578	1615
1577	1615
1577	1614
1576	1614
1576	1612
1575	1612
1575	1608
1574	1608
1574	1605
1573	1605
1573	1597
1572	1597
1572	1586
1571	1586
1571	1584
1572	1584
1572	1583
1562	1583
1562	1584
1561	1584
1561	1588
1559	1588
1559	1587
1558	1587
1558	1585
1557	1585
1557	1579
1556	1579
1556	1578
1555	1578
1555	1577
1556	1577
1556	1576
1555	1576
1555	1572
1554	1572
1554	1571
1553	1571
1553	1568
1552	1568
1552	1567
1551	1567
1551	1565
1550	1565
1550	1561
1548	1561
1548	1557
1547	1557
1547	1553
1546	1553
1546	1550
1545	1550
1545	1547
1544	1547
1544	1544
1543	1544
1543	1539
1542	1539
1542	1538
1541	1538
1541	1537
1540	1537
1540	1536
1539	1536
1539	1531
1538	1531
1538	1528
1537	1528
1537	1525
1536	1525
1536	1521
1535	1521
1535	1520
1536	1520
1536	1519
1535	1519
1535	1512
1526	1512
1526	1513
1523	1513
1523	1514
1522	1514
1522	1515
1521	1515
1521	1516
1520	1516
1520	1517
1519	1517
1519	1516
1518	1516
1518	1514
1519	1514
1519	1513
1517	1513
1517	1510
1516	1510
1516	1509
1515	1509
1515	1507
1514	1507
1514	1506
1513	1506
1513	1505
1512	1505
1512	1504
1511	1504
1511	1502
1510	1502
1510	1499
1509	1499
1509	1498
1508	1498
1508	1495
1507	1495
1507	1493
1506	1493
1506	1490
1505	1490
1505	1489
1503	1489
1503	1485
1502	1485
1502	1481
1501	1481
1501	1480
1500	1480
1500	1477
1499	1477
1499	1474
1498	1474
1498	1473
1497	1473
1497	1472
1496	1472
1496	1470
1495	1470
1495	1466
1494	1466
1494	1465
1493	1465
1493	1463
1492	1463
1492	1461
1491	1461
1491	1458
1490	1458
1490	1454
1489	1454
1489	1451
1488	1451
1488	1429
1485	1429
1485	1428
1484	1428
1484	1429
1479	1429
1479	1430
1478	1430
1478	1431
1476	1431
1476	1432
1475	1432
1475	1433
1472	1433
1472	1434
1471	1434
1471	1435
1470	1435
1470	1436
1467	1436
1467	1437
1464	1437
1464	1440
1462	1440
1462	1437
1461	1437
1461	1436
1462	1436
1462	1435
1460	1435
1460	1430
1459	1430
1459	1429
1458	1429
1458	1426
1457	1426
1457	1421
1456	1421
1456	1418
1455	1418
1455	1411
1454	1411
1454	1410
1453	1410
1453	1406
1452	1406
1452	1402
1451	1402
1451	1400
1450	1400
1450	1397
1449	1397
1449	1394
1448	1394
1448	1391
1447	1391
1447	1389
1446	1389
1446	1386
1445	1386
1445	1382
1444	1382
1444	1378
1443	1378
1443	1375
1442	1375
1442	1368
1441	1368
1441	1352
1442	1352
1442	1348
1441	1348
1441	1347
1434	1347
1434	1348
1433	1348
1433	1349
1431	1349
1431	1350
1430	1350
1430	1352
1429	1352
1429	1353
1427	1353
1427	1354
1425	1354
1425	1355
1426	1355
1426	1356
1425	1356
1425	1357
1424	1357
1424	1359
1423	1359
1423	1360
1422	1360
1422	1358
1420	1358
1420	1356
1419	1356
1419	1354
1418	1354
1418	1353
1417	1353
1417	1352
1416	1352
1416	1351
1415	1351
1415	1350
1414	1350
1414	1348
1413	1348
1413	1345
1412	1345
1412	1344
1411	1344
1411	1342
1410	1342
1410	1341
1409	1341
1409	1338
1408	1338
1408	1335
1407	1335
1407	1334
1406	1334
1406	1332
1404	1332
1404	1326
1403	1326
1403	1325
1402	1325
1402	1321
1401	1321
1401	1318
1400	1318
1400	1313
1399	1313
1399	1310
1398	1310
1398	1306
1397	1306
1397	1303
1396	1303
1396	1302
1395	1302
1395	1291
1394	1291
1394	1289
1395	1289
1395	1278
1394	1278
1394	1277
1388	1277
1388	1278
1387	1278
1387	1279
1385	1279
1385	1280
1381	1280
1381	1281
1380	1281
1380	1282
1379	1282
1379	1283
1377	1283
1377	1284
1376	1284
1376	1285
1375	1285
1375	1286
1374	1286
1374	1287
1373	1287
1373	1286
1372	1286
1372	1280
1371	1280
1371	1277
1370	1277
1370	1276
1369	1276
1369	1275
1368	1275
1368	1269
1367	1269
1367	1265
1366	1265
1366	1262
1365	1262
1365	1261
1364	1261
1364	1255
1363	1255
1363	1254
1362	1254
1362	1251
1361	1251
1361	1248
1360	1248
1360	1244
1359	1244
1359	1241
1358	1241
1358	1237
1357	1237
1357	1217
1349	1217
1349	1218
1347	1218
1347	1219
1346	1219
1346	1220
1345	1220
1345	1221
1344	1221
1344	1222
1343	1222
1343	1226
1342	1226
1342	1225
1341	1225
1341	1224
1340	1224
1340	1223
1339	1223
1339	1222
1338	1222
1338	1218
1336	1218
1336	1215
1335	1215
1335	1211
1333	1211
1333	1207
1332	1207
1332	1205
1331	1205
1331	1200
1330	1200
1330	1196
1329	1196
1329	1193
1328	1193
1328	1188
1327	1188
1327	1181
1326	1181
1326	1173
1327	1173
1327	1165
1320	1165
1320	1166
1318	1166
1318	1167
1314	1167
1314	1170
1313	1170
1313	1171
1312	1171
1312	1172
1313	1172
1313	1173
1312	1173
1312	1174
1310	1174
1310	1173
1309	1173
1309	1171
1308	1171
1308	1170
1307	1170
1307	1168
1306	1168
1306	1164
1305	1164
1305	1163
1304	1163
1304	1160
1303	1160
1303	1155
1302	1155
1302	1149
1300	1149
1300	1146
1299	1146
1299	1142
1298	1142
1298	1138
1297	1138
1297	1135
1296	1135
1296	1131
1295	1131
1295	1122
1294	1122
1294	1107
1295	1107
1295	1099
1294	1099
1294	1098
1286	1098
1286	1099
1285	1099
1285	1100
1284	1100
1284	1101
1282	1101
1282	1102
1281	1102
1281	1104
1280	1104
1280	1105
1278	1105
1278	1108
1276	1108
1276	1107
1275	1107
1275	1105
1274	1105
1274	1102
1273	1102
1273	1099
1272	1099
1272	1097
1271	1097
1271	1094
1270	1094
1270	1091
1269	1091
1269	1087
1268	1087
1268	1083
1267	1083
1267	1080
1266	1080
1266	1072
1265	1072
1265	1068
1264	1068
1264	1065
1263	1065
1263	1057
1262	1057
1262	1048
1261	1048
1261	1042
1260	1042
1260	1030
1261	1030
1261	1029
1260	1029
1260	1027
1261	1027
1261	1026
1262	1026
1262	1022
1261	1022
1261	1019
1262	1019
1262	1017
1253	1017
1253	1019
1252	1019
1252	1020
1251	1020
1251	1021
1249	1021
1249	1023
1247	1023
1247	1024
1246	1024
1246	1025
1245	1025
1245	1026
1244	1026
1244	1027
1243	1027
1243	1026
1242	1026
1242	1029
1241	1029
1241	1030
1240	1030
1240	1025
1239	1025
1239	1024
1238	1024
1238	1022
1237	1022
1237	1018
1236	1018
1236	1014
1235	1014
1235	1008
1234	1008
1234	1003
1233	1003
1233	1001
1232	1001
1232	1003
1231	1003
1231	1002
1230	1002
1230	1003
1227	1003
1227	1005
1225	1005
1225	1003
1224	1003
1224	1002
1215	1002
1215	1001
1214	1001
1214	1000
1206	1000
1206	1001
1205	1001
1205	1008
1206	1008
1206	1009
1208	1009
1208	1010
1209	1010
1209	1011
1208	1011
1208	1012
1212	1012
1212	1015
1214	1015
1214	1016
1215	1016
1215	1017
1216	1017
1216	1019
1218	1019
1218	1021
1220	1021
1220	1023
1221	1023
1221	1024
1222	1024
1222	1025
1223	1025
1223	1028
1224	1028
1224	1029
1227	1029
1227	1037
1229	1037
1229	1041
1230	1041
1230	1042
1231	1042
1231	1045
1233	1045
1233	1046
1234	1046
1234	1048
1235	1048
1235	1049
1236	1049
1236	1052
1238	1052
1238	1056
1240	1056
1240	1059
1241	1059
1241	1061
1242	1061
1242	1063
1243	1063
1243	1066
1244	1066
1244	1070
1245	1070
1245	1074
1246	1074
1246	1075
1247	1075
1247	1086
1245	1086
1245	1085
1243	1085
1243	1083
1227	1083
1227	1092
1229	1092
1229	1093
1231	1093
1231	1095
1232	1095
1232	1096
1233	1096
1233	1098
1234	1098
1234	1099
1235	1099
1235	1100
1236	1100
1236	1102
1237	1102
1237	1103
1239	1103
1239	1106
1240	1106
1240	1108
1241	1108
1241	1110
1243	1110
1243	1112
1244	1112
1244	1114
1245	1114
1245	1117
1246	1117
1246	1118
1248	1118
1248	1124
1249	1124
1249	1126
1250	1126
1250	1128
1251	1128
1251	1129
1252	1129
1252	1132
1254	1132
1254	1139
1255	1139
1255	1143
1256	1143
1256	1153
1255	1153
1255	1156
1253	1156
1253	1155
1252	1155
1252	1154
1251	1154
1251	1153
1250	1153
1250	1152
1240	1152
1240	1151
1232	1151
1232	1159
1233	1159
1233	1160
1234	1160
1234	1161
1235	1161
1235	1162
1236	1162
1236	1163
1237	1163
1237	1165
1238	1165
1238	1166
1239	1166
1239	1167
1240	1167
1240	1168
1241	1168
1241	1169
1242	1169
1242	1172
1244	1172
1244	1173
1245	1173
1245	1176
1246	1176
1246	1177
1247	1177
1247	1179
1248	1179
1248	1183
1250	1183
1250	1187
1251	1187
1251	1190
1252	1190
1252	1192
1253	1192
1253	1195
1255	1195
1255	1196
1256	1196
1256	1198
1259	1198
1259	1200
1260	1200
1260	1205
1261	1205
1261	1208
1262	1208
1262	1212
1263	1212
1263	1215
1264	1215
1264	1216
1265	1216
1265	1221
1266	1221
1266	1230
1267	1230
1267	1241
1265	1241
1265	1240
1263	1240
1263	1239
1262	1239
1262	1238
1258	1238
1258	1236
1254	1236
1254	1235
1242	1235
1242	1242
1243	1242
1243	1244
1244	1244
1244	1245
1246	1245
1246	1246
1247	1246
1247	1247
1248	1247
1248	1249
1251	1249
1251	1252
1252	1252
1252	1253
1253	1253
1253	1256
1254	1256
1254	1257
1255	1257
1255	1258
1256	1258
1256	1260
1257	1260
1257	1261
1258	1261
1258	1262
1259	1262
1259	1265
1260	1265
1260	1268
1262	1268
1262	1271
1263	1271
1263	1276
1264	1276
1264	1278
1267	1278
1267	1285
1268	1285
1268	1286
1269	1286
1269	1288
1270	1288
1270	1290
1271	1290
1271	1293
1273	1293
1273	1295
1274	1295
1274	1296
1273	1296
1273	1297
1274	1297
1274	1300
1275	1300
1275	1301
1274	1301
1274	1304
1275	1304
1275	1303
1276	1303
1276	1304
1277	1304
1277	1307
1278	1307
1278	1311
1279	1311
1279	1315
1280	1315
1280	1321
1281	1321
1281	1323
1282	1323
1282	1327
1281	1327
1281	1328
1280	1328
1280	1326
1279	1326
1279	1325
1272	1325
1272	1324
1271	1324
1271	1323
1260	1323
1260	1324
1252	1324
1252	1325
1251	1325
1251	1332
1252	1332
1252	1333
1253	1333
1253	1334
1254	1334
1254	1335
1255	1335
1255	1336
1256	1336
1256	1337
1257	1337
1257	1338
1258	1338
1258	1340
1259	1340
1259	1343
1260	1343
1260	1344
1262	1344
1262	1347
1263	1347
1263	1350
1264	1350
1264	1352
1265	1352
1265	1354
1266	1354
1266	1355
1267	1355
1267	1359
1269	1359
1269	1362
1270	1362
1270	1364
1271	1364
1271	1369
1272	1369
1272	1370
1273	1370
1273	1375
1274	1375
1274	1379
1275	1379
1275	1380
1277	1380
1277	1383
1278	1383
1278	1387
1280	1387
1280	1388
1281	1388
1281	1391
1282	1391
1282	1394
1283	1394
1283	1395
1284	1395
1284	1397
1285	1397
1285	1403
1286	1403
1286	1402
1287	1402
1287	1407
1288	1407
1288	1409
1289	1409
1289	1413
1291	1413
1291	1414
1290	1414
1290	1416
1291	1416
1291	1418
1292	1418
1292	1419
1291	1419
1291	1420
1289	1420
1289	1419
1288	1419
1288	1418
1286	1418
1286	1417
1280	1417
1280	1416
1268	1416
1268	1415
1261	1415
1261	1416
1257	1416
1257	1417
1256	1417
1256	1423
1257	1423
1257	1424
1260	1424
1260	1427
1261	1427
1261	1428
1262	1428
1262	1430
1263	1430
1263	1431
1265	1431
1265	1433
1266	1433
1266	1435
1267	1435
1267	1438
1268	1438
1268	1439
1269	1439
1269	1441
1270	1441
1270	1443
1271	1443
1271	1447
1272	1447
1272	1449
1273	1449
1273	1451
1274	1451
1274	1453
1275	1453
1275	1454
1274	1454
1274	1455
1275	1455
1275	1457
1277	1457
1277	1461
1278	1461
1278	1467
1279	1467
1279	1468
1280	1468
1280	1471
1281	1471
1281	1473
1282	1473
1282	1477
1283	1477
1283	1482
1284	1482
1284	1485
1285	1485
1285	1489
1286	1489
1286	1490
1287	1490
1287	1504
1286	1504
1286	1505
1287	1505
1287	1508
1286	1508
1286	1510
1285	1510
1285	1509
1284	1509
1284	1506
1283	1506
1283	1505
1275	1505
1275	1504
1274	1504
1274	1503
1272	1503
1272	1502
1257	1502
1257	1511
1258	1511
1258	1513
1259	1513
1259	1514
1260	1514
1260	1515
1261	1515
1261	1518
1262	1518
1262	1521
1263	1521
1263	1523
1264	1523
1264	1526
1265	1526
1265	1527
1266	1527
1266	1529
1267	1529
1267	1533
1268	1533
1268	1534
1270	1534
1270	1536
1269	1536
1269	1544
1270	1544
1270	1548
1271	1548
1271	1555
1272	1555
1272	1559
1273	1559
1273	1561
1272	1561
1272	1575
1270	1575
1270	1574
1269	1574
1269	1573
1268	1573
1268	1572
1265	1572
1265	1571
1264	1571
1264	1570
1263	1570
1263	1571
1262	1571
1262	1570
1258	1570
1258	1578
1259	1578
1259	1579
1260	1579
1260	1580
1261	1580
1261	1584
1262	1584
1262	1587
1263	1587
1263	1589
1264	1589
1264	1592
1265	1592
1265	1595
1266	1595
1266	1599
1267	1599
1267	1610
1268	1610
1268	1611
1269	1611
1269	1632
1267	1632
1267	1630
1266	1630
1266	1629
1265	1629
1265	1628
1263	1628
1263	1627
1262	1627
1262	1626
1261	1626
1261	1625
1252	1625
1252	1624
1251	1624
1251	1623
1246	1623
1246	1622
1240	1622
1240	1623
1239	1623
1239	1629
1240	1629
1240	1631
1242	1631
1242	1632
1243	1632
1243	1635
1244	1635
1244	1639
1247	1639
1247	1643
1248	1643
1248	1649
1249	1649
1249	1654
1250	1654
1250	1657
1251	1657
1251	1664
1252	1664
1252	1667
1253	1667
1253	1668
1254	1668
1254	1675
1255	1675
1255	1676
1256	1676
1256	1693
1257	1693
1257	1704
1258	1704
1258	1713
1257	1713
1257	1715
1256	1715
1256	1720
1255	1720
1255	1719
1254	1719
1254	1717
1253	1717
1253	1716
1252	1716
1252	1715
1251	1715
1251	1714
1250	1714
1250	1713
1248	1713
1248	1712
1245	1712
1245	1711
1244	1711
1244	1710
1242	1710
1242	1709
1239	1709
1239	1708
1237	1708
1237	1707
1236	1707
1236	1708
1228	1708
1228	1715
1229	1715
1229	1716
1230	1716
1230	1719
1231	1719
1231	1726
1232	1726
1232	1727
1233	1727
1233	1730
1232	1730
1232	1731
1233	1731
1233	1737
1234	1737
1234	1757
1233	1757
1233	1762
1232	1762
1232	1770
1233	1770
1233	1772
1232	1772
1232	1779
1231	1779
1231	1801
1225	1801
1225	1818
1226	1818
1226	1828
1227	1828
1227	1836
1228	1836
1228	1842
1229	1842
1229	1848
1228	1848
1228	1849
1226	1849
1226	1848
1225	1848
1225	1847
1216	1847
1216	1853
1217	1853
1217	1855
1218	1855
1218	1862
1219	1862
1219	1884
1220	1884
1220	1894
1221	1894
1221	1900
1220	1900
1220	1938
1221	1938
1221	1963
1222	1963
1222	1966
1221	1966
1221	1976
1220	1976
1220	1982
1219	1982
1219	1985
1218	1985
1218	1987
1216	1987
1216	1989
1215	1989
1215	1990
1214	1990
1214	1991
1212	1991
1212	1993
1211	1993
1211	1994
1210	1994
1210	1995
1209	1995
1209	1997
1207	1997
1207	1998
1205	1998
1205	2000
1204	2000
1204	2001
1203	2001
1203	2002
1201	2002
1201	2003
1200	2003
1200	2005
1198	2005
1198	2006
1197	2006
1197	2008
1195	2008
1195	2009
1193	2009
1193	2010
1192	2010
1192	2011
1190	2011
1190	2012
1188	2012
1188	2013
1186	2013
1186	2014
1185	2014
1185	2019
1184	2019
1184	2020
1183	2020
1183	2023
1182	2023
1182	2024
1181	2024
1181	2023
1182	2023
1182	2018
1181	2018
1181	2016
1182	2016
1182	2014
1183	2014
1183	2012
1184	2012
1184	2011
1185	2011
1185	2010
1184	2010
1184	2009
1185	2009
1185	2006
1184	2006
1184	2002
1192	2002
1192	2000
1196	2000
1196	1988
1195	1988
1195	1981
1194	1981
1194	1977
1193	1977
1193	1969
1192	1969
1192	1965
1191	1965
1191	1962
1190	1962
1190	1958
1189	1958
1189	1952
1188	1952
1188	1949
1187	1949
1187	1947
1186	1947
1186	1940
1185	1940
1185	1936
1184	1936
1184	1933
1183	1933
1183	1929
1182	1929
1182	1925
1181	1925
1181	1924
1182	1924
1182	1922
1181	1922
1181	1921
1180	1921
1180	1915
1179	1915
1179	1912
1178	1912
1178	1904
1177	1904
1177	1903
1176	1903
1176	1897
1175	1897
1175	1890
1174	1890
1174	1881
1166	1881
1166	1882
1165	1882
1165	1885
1162	1885
1162	1880
1161	1880
1161	1864
1160	1864
1160	1860
1159	1860
1159	1856
1158	1856
1158	1854
1157	1854
1157	1849
1156	1849
1156	1846
1155	1846
1155	1844
1154	1844
1154	1842
1153	1842
1153	1837
1152	1837
1152	1834
1151	1834
1151	1829
1150	1829
1150	1826
1149	1826
1149	1818
1148	1818
1148	1816
1147	1816
1147	1803
1140	1803
1140	1804
1138	1804
1138	1805
1136	1805
1136	1808
1134	1808
1134	1805
1132	1805
1132	1801
1131	1801
1131	1795
1130	1795
1130	1794
1129	1794
1129	1780
1128	1780
1128	1772
1127	1772
1127	1762
1126	1762
1126	1761
1125	1761
1125	1751
1124	1751
1124	1750
1120	1750
1120	1748
1119	1748
1119	1743
1118	1743
1118	1726
1119	1726
1119	1721
1120	1721
1120	1713
1121	1713
1121	1709
1120	1709
1120	1707
1111	1707
1111	1708
1110	1708
1110	1709
1109	1709
1109	1710
1107	1710
1107	1711
1106	1711
1106	1713
1104	1713
1104	1714
1102	1714
1102	1716
1100	1716
1100	1717
1099	1717
1099	1718
1098	1718
1098	1723
1095	1723
1095	1719
1094	1719
1094	1717
1093	1717
1093	1711
1092	1711
1092	1707
1091	1707
1091	1688
1090	1688
1090	1677
1089	1677
1089	1657
1090	1657
1090	1654
1091	1654
1091	1649
1092	1649
1092	1643
1093	1643
1093	1642
1092	1642
1092	1640
1093	1640
1093	1639
1085	1639
1085	1640
1084	1640
1084	1641
1081	1641
1081	1643
1080	1643
1080	1644
1077	1644
1077	1645
1075	1645
1075	1646
1074	1646
1074	1647
1073	1647
1073	1648
1070	1648
1070	1650
1068	1650
1068	1651
1067	1651
1067	1653
1066	1653
1066	1655
1063	1655
1063	1652
1062	1652
1062	1648
1060	1648
1060	1637
1059	1637
1059	1620
1060	1620
1060	1614
1061	1614
1061	1607
1062	1607
1062	1602
1063	1602
1063	1596
1064	1596
1064	1595
1065	1595
1065	1586
1059	1586
1059	1587
1058	1587
1058	1588
1057	1588
1057	1589
1054	1589
1054	1590
1052	1590
1052	1591
1051	1591
1051	1593
1049	1593
1049	1594
1048	1594
1048	1597
1047	1597
1047	1594
1046	1594
1046	1593
1045	1593
1045	1592
1044	1592
1044	1588
1043	1588
1043	1579
1042	1579
1042	1578
1041	1578
1041	1577
1042	1577
1042	1560
1041	1560
1041	1552
1042	1552
1042	1551
1043	1551
1043	1539
1044	1539
1044	1536
1045	1536
1045	1533
1047	1533
1047	1527
1048	1527
1048	1525
1049	1525
1049	1518
1048	1518
1048	1517
1041	1517
1041	1518
1038	1518
1038	1519
1036	1519
1036	1520
1034	1520
1034	1521
1032	1521
1032	1522
1030	1522
1030	1523
1028	1523
1028	1524
1026	1524
1026	1525
1025	1525
1025	1526
1024	1526
1024	1527
1023	1527
1023	1530
1021	1530
1021	1528
1019	1528
1019	1527
1020	1527
1020	1526
1019	1526
1019	1521
1018	1521
1018	1512
1017	1512
1017	1493
1018	1493
1018	1482
1019	1482
1019	1471
1018	1471
1018	1470
1016	1470
1016	1469
1015	1469
1015	1459
1016	1459
1016	1453
1017	1453
1017	1452
1018	1452
1018	1450
1017	1450
1017	1449
1018	1449
1018	1447
1019	1447
1019	1446
1020	1446
1020	1445
1021	1445
1021	1441
1022	1441
1022	1438
1023	1438
1023	1435
1024	1435
1024	1433
1025	1433
1025	1429
1026	1429
1026	1427
1027	1427
1027	1418
1015	1418
1015	1419
1013	1419
1013	1420
1011	1420
1011	1421
1008	1421
1008	1422
1005	1422
1005	1423
1004	1423
1004	1424
1001	1424
1001	1425
999	1425
999	1427
998	1427
998	1428
996	1428
996	1416
995	1416
995	1415
996	1415
996	1406
997	1406
997	1395
998	1395
998	1387
999	1387
999	1380
1000	1380
1000	1371
1001	1371
1001	1367
1004	1367
1004	1366
1002	1366
1002	1365
1003	1365
1003	1362
1004	1362
1004	1359
1005	1359
1005	1358
1006	1358
1006	1355
1007	1355
1007	1351
1008	1351
1008	1350
1009	1350
1009	1347
1011	1347
1011	1345
1012	1345
1012	1338
998	1338
998	1339
997	1339
997	1340
994	1340
994	1341
991	1341
991	1342
990	1342
990	1343
989	1343
989	1344
988	1344
988	1345
986	1345
986	1347
985	1347
985	1348
984	1348
984	1347
983	1347
983	1341
982	1341
982	1334
981	1334
981	1333
982	1333
982	1314
983	1314
983	1306
984	1306
984	1303
985	1303
985	1301
986	1301
986	1295
985	1295
985	1284
986	1284
986	1279
987	1279
987	1278
988	1278
988	1273
989	1273
989	1271
990	1271
990	1267
991	1267
991	1266
992	1266
992	1262
993	1262
993	1260
995	1260
995	1257
996	1257
996	1255
997	1255
997	1247
987	1247
987	1248
986	1248
986	1249
984	1249
984	1250
980	1250
980	1251
978	1251
978	1252
977	1252
977	1253
976	1253
976	1254
975	1254
975	1256
974	1256
974	1258
972	1258
972	1255
971	1255
971	1253
970	1253
970	1251
969	1251
969	1246
968	1246
968	1240
969	1240
969	1227
970	1227
970	1219
971	1219
971	1215
972	1215
972	1212
973	1212
973	1206
974	1206
974	1203
975	1203
975	1201
976	1201
976	1198
977	1198
977	1196
978	1196
978	1195
979	1195
979	1193
980	1193
980	1190
982	1190
982	1188
983	1188
983	1187
984	1187
984	1185
985	1185
985	1178
984	1178
984	1177
977	1177
977	1178
976	1178
976	1179
972	1179
972	1180
971	1180
971	1181
969	1181
969	1182
968	1182
968	1184
967	1184
967	1183
966	1183
966	1178
965	1178
965	1164
966	1164
966	1157
967	1157
967	1154
968	1154
968	1148
969	1148
969	1147
970	1147
970	1141
971	1141
971	1138
972	1138
972	1136
973	1136
973	1132
974	1132
974	1128
975	1128
975	1125
977	1125
977	1121
978	1121
978	1120
979	1120
979	1118
980	1118
980	1117
981	1117
981	1113
982	1113
982	1111
983	1111
983	1110
984	1110
984	1109
985	1109
985	1102
984	1102
984	1101
974	1101
974	1102
972	1102
972	1103
971	1103
971	1104
970	1104
970	1105
969	1105
969	1103
968	1103
968	1095
967	1095
967	1091
968	1091
968	1087
967	1087
967	1086
968	1086
968	1078
969	1078
969	1077
970	1077
970	1072
971	1072
971	1069
972	1069
972	1063
973	1063
973	1060
974	1060
974	1055
975	1055
975	1053
976	1053
976	1048
977	1048
977	1045
978	1045
978	1044
979	1044
979	1041
981	1041
981	1037
982	1037
982	1034
983	1034
983	1033
984	1033
984	1031
985	1031
985	1030
986	1030
986	1023
985	1023
985	1022
980	1022
980	1023
976	1023
976	1024
972	1024
972	1026
971	1026
971	1027
970	1027
970	1028
967	1028
967	1008
968	1008
968	1002
969	1002
969	1001
970	1001
970	995
971	995
971	993
972	993
972	987
973	987
973	984
974	984
974	980
975	980
975	978
976	978
976	975
977	975
977	971
978	971
978	968
979	968
979	965
980	965
980	964
981	964
981	960
982	960
982	957
983	957
983	953
984	953
984	951
985	951
985	948
986	948
986	946
988	946
988	942
990	942
990	936
988	936
988	935
984	935
984	936
980	936
980	937
979	937
979	938
977	938
977	939
976	939
976	940
974	940
974	935
973	935
973	934
967	934
967	936
966	936
966	937
964	937
964	934
963	934
963	933
961	933
961	932
960	932
960	931
954	931
954	936
953	936
953	937
954	937
954	942
955	942
955	949
956	949
956	968
957	968
957	969
956	969
956	980
955	980
955	988
954	988
954	996
953	996
953	1003
952	1003
952	1006
951	1006
951	1007
950	1007
950	1011
949	1011
949	1014
948	1014
948	1017
947	1017
947	1018
944	1018
944	1014
942	1014
942	1013
941	1013
941	1011
940	1011
940	1010
936	1010
936	1009
935	1009
935	1008
929	1008
929	1009
928	1009
928	1015
929	1015
929	1018
930	1018
930	1023
931	1023
931	1033
930	1033
930	1038
929	1038
929	1040
928	1040
928	1046
927	1046
927	1059
926	1059
926	1060
925	1060
925	1062
924	1062
924	1064
923	1064
923	1065
924	1065
924	1067
923	1067
923	1072
922	1072
922	1076
921	1076
921	1084
920	1084
920	1085
919	1085
919	1086
918	1086
918	1087
917	1087
917	1093
916	1093
916	1094
914	1094
914	1092
913	1092
913	1089
912	1089
912	1088
911	1088
911	1089
910	1089
910	1088
908	1088
908	1087
907	1087
907	1086
906	1086
906	1085
905	1085
905	1084
904	1084
904	1083
897	1083
897	1098
898	1098
898	1117
897	1117
897	1123
895	1123
895	1128
894	1128
894	1134
893	1134
893	1139
892	1139
892	1143
891	1143
891	1149
890	1149
890	1152
889	1152
889	1156
888	1156
888	1158
887	1158
887	1160
886	1160
886	1165
883	1165
883	1163
882	1163
882	1162
880	1162
880	1160
879	1160
879	1159
878	1159
878	1158
876	1158
876	1157
875	1157
875	1156
874	1156
874	1155
872	1155
872	1154
865	1154
865	1155
864	1155
864	1160
865	1160
865	1168
866	1168
866	1182
865	1182
865	1187
864	1187
864	1193
863	1193
863	1197
862	1197
862	1200
861	1200
861	1203
860	1203
860	1208
859	1208
859	1209
860	1209
860	1210
859	1210
859	1213
858	1213
858	1215
857	1215
857	1216
858	1216
858	1218
857	1218
857	1222
855	1222
855	1228
854	1228
854	1230
853	1230
853	1232
852	1232
852	1234
851	1234
851	1235
850	1235
850	1236
849	1236
849	1234
847	1234
847	1232
842	1232
842	1228
840	1228
840	1227
839	1227
839	1226
838	1226
838	1225
830	1225
830	1226
829	1226
829	1234
830	1234
830	1236
829	1236
829	1237
830	1237
830	1242
831	1242
831	1246
830	1246
830	1251
829	1251
829	1260
828	1260
828	1263
827	1263
827	1267
826	1267
826	1268
827	1268
827	1269
826	1269
826	1270
825	1270
825	1277
824	1277
824	1279
823	1279
823	1280
822	1280
822	1285
821	1285
821	1288
820	1288
820	1290
819	1290
819	1294
818	1294
818	1297
817	1297
817	1301
816	1301
816	1302
815	1302
815	1312
812	1312
812	1313
811	1313
811	1315
810	1315
810	1317
809	1317
809	1319
808	1319
808	1321
806	1321
806	1317
805	1317
805	1316
802	1316
802	1313
800	1313
800	1312
797	1312
797	1313
796	1313
796	1312
795	1312
795	1309
794	1309
794	1308
790	1308
790	1307
789	1307
789	1308
786	1308
786	1336
785	1336
785	1345
783	1345
783	1346
782	1346
782	1351
781	1351
781	1354
780	1354
780	1356
779	1356
779	1359
778	1359
778	1367
775	1367
775	1369
774	1369
774	1371
773	1371
773	1374
772	1374
772	1375
771	1375
771	1378
770	1378
770	1382
769	1382
769	1383
768	1383
768	1385
767	1385
767	1392
766	1392
766	1393
764	1393
764	1396
762	1396
762	1398
761	1398
761	1400
760	1400
760	1401
759	1401
759	1403
758	1403
758	1404
757	1404
757	1405
756	1405
756	1402
755	1402
755	1400
754	1400
754	1398
753	1398
753	1397
752	1397
752	1396
751	1396
751	1393
748	1393
748	1392
746	1392
746	1391
745	1391
745	1389
736	1389
736	1400
735	1400
735	1406
734	1406
734	1410
733	1410
733	1413
732	1413
732	1415
731	1415
731	1422
727	1422
727	1425
726	1425
726	1427
725	1427
725	1429
724	1429
724	1430
723	1430
723	1433
722	1433
722	1435
721	1435
721	1436
720	1436
720	1437
719	1437
719	1441
718	1441
718	1442
717	1442
717	1444
716	1444
716	1451
712	1451
712	1453
711	1453
711	1454
710	1454
710	1455
709	1455
709	1457
708	1457
708	1458
706	1458
706	1459
705	1459
705	1460
704	1460
704	1461
703	1461
703	1462
702	1462
702	1464
700	1464
700	1467
699	1467
699	1468
698	1468
698	1467
699	1467
699	1461
698	1461
698	1460
697	1460
697	1458
695	1458
695	1456
694	1456
694	1454
692	1454
692	1453
690	1453
690	1451
680	1451
680	1452
679	1452
679	1460
680	1460
680	1462
676	1462
676	1465
675	1465
675	1467
673	1467
673	1470
672	1470
672	1472
671	1472
671	1473
670	1473
670	1481
669	1481
669	1489
670	1489
670	1490
671	1490
671	1502
670	1502
670	1506
669	1506
669	1518
668	1518
668	1521
667	1521
667	1527
666	1527
666	1528
665	1528
665	1533
664	1533
664	1536
663	1536
663	1541
662	1541
662	1540
661	1540
661	1539
660	1539
660	1538
659	1538
659	1537
658	1537
658	1535
657	1535
657	1534
656	1534
656	1533
654	1533
654	1531
653	1531
653	1528
650	1528
650	1527
648	1527
648	1526
647	1526
647	1525
646	1525
646	1524
640	1524
640	1525
639	1525
639	1540
638	1540
638	1541
637	1541
637	1542
636	1542
636	1548
635	1548
635	1550
634	1550
634	1553
633	1553
633	1555
632	1555
632	1558
631	1558
631	1560
630	1560
630	1561
629	1561
629	1563
628	1563
628	1564
627	1564
627	1567
626	1567
626	1569
625	1569
625	1571
624	1571
624	1573
623	1573
623	1575
622	1575
622	1576
621	1576
621	1577
620	1577
620	1579
618	1579
618	1586
615	1586
615	1588
614	1588
614	1589
613	1589
613	1592
612	1592
612	1593
611	1593
611	1598
610	1598
610	1599
609	1599
609	1602
608	1602
608	1603
607	1603
607	1605
606	1605
606	1606
604	1606
604	1607
603	1607
603	1609
602	1609
602	1610
601	1610
601	1611
600	1611
600	1612
599	1612
599	1613
596	1613
596	1611
595	1611
595	1608
594	1608
594	1604
586	1604
586	1605
585	1605
585	1615
582	1615
582	1617
581	1617
581	1619
580	1619
580	1622
579	1622
579	1623
578	1623
578	1630
573	1630
573	1633
570	1633
570	1634
571	1634
571	1635
570	1635
570	1636
569	1636
569	1639
568	1639
568	1640
566	1640
566	1644
564	1644
564	1645
563	1645
563	1650
562	1650
562	1651
561	1651
561	1652
560	1652
560	1654
559	1654
559	1657
558	1657
558	1659
556	1659
556	1662
555	1662
555	1664
554	1664
554	1666
553	1666
553	1670
552	1670
552	1672
551	1672
551	1676
550	1676
550	1677
542	1677
542	1678
541	1678
541	1679
539	1679
539	1681
538	1681
538	1685
537	1685
537	1689
536	1689
536	1691
535	1691
535	1692
534	1692
534	1696
533	1696
533	1698
532	1698
532	1701
531	1701
531	1703
530	1703
530	1705
529	1705
529	1708
528	1708
528	1710
527	1710
527	1712
526	1712
526	1714
525	1714
525	1715
524	1715
524	1717
523	1717
523	1718
522	1718
522	1720
521	1720
521	1721
520	1721
520	1724
519	1724
519	1725
518	1725
518	1728
517	1728
517	1729
516	1729
516	1731
515	1731
515	1733
514	1733
514	1736
512	1736
512	1741
510	1741
510	1742
509	1742
509	1743
508	1743
508	1746
507	1746
507	1748
505	1748
505	1751
504	1751
504	1757
501	1757
501	1758
500	1758
500	1761
499	1761
499	1760
498	1760
498	1764
497	1764
497	1766
496	1766
496	1768
494	1768
494	1770
493	1770
493	1772
491	1772
491	1774
490	1774
490	1776
489	1776
489	1779
486	1779
486	1780
485	1780
485	1781
484	1781
484	1782
483	1782
483	1783
480	1783
480	1786
478	1786
478	1787
476	1787
476	1789
475	1789
475	1790
473	1790
473	1791
472	1791
472	1798
471	1798
471	1806
472	1806
472	1809
473	1809
473	1811
474	1811
474	1814
475	1814
475	1815
476	1815
476	1816
477	1816
477	1817
479	1817
479	1818
481	1818
481	1819
471	1819
471	1817
470	1817
470	1816
467	1816
467	1815
466	1815
466	1814
465	1814
465	1813
464	1813
464	1812
463	1812
463	1809
462	1809
462	1808
461	1808
461	1805
460	1805
460	1792
461	1792
461	1788
462	1788
462	1785
463	1785
463	1782
464	1782
464	1781
465	1781
465	1774
466	1774
466	1773
467	1773
467	1770
468	1770
468	1764
469	1764
469	1763
470	1763
470	1760
471	1760
471	1758
470	1758
470	1757
471	1757
471	1756
474	1756
474	1751
475	1751
475	1748
476	1748
476	1746
477	1746
477	1744
478	1744
478	1740
479	1740
479	1738
480	1738
480	1734
481	1734
481	1731
482	1731
482	1729
483	1729
483	1727
484	1727
484	1726
485	1726
485	1723
486	1723
486	1722
487	1722
487	1718
488	1718
488	1717
487	1717
487	1716
489	1716
489	1708
492	1708
492	1701
494	1701
494	1697
496	1697
496	1688
497	1688
497	1687
499	1687
499	1685
500	1685
500	1681
501	1681
501	1680
500	1680
500	1672
502	1672
502	1671
503	1671
503	1668
504	1668
504	1667
505	1667
505	1664
507	1664
507	1657
508	1657
508	1650
510	1650
510	1648
511	1648
511	1644
512	1644
512	1642
513	1642
513	1639
514	1639
514	1632
517	1632
517	1631
518	1631
518	1628
519	1628
519	1627
520	1627
520	1626
519	1626
519	1623
520	1623
520	1621
519	1621
519	1619
509	1619
509	1618
508	1618
508	1615
509	1615
509	1614
510	1614
510	1613
511	1613
511	1609
512	1609
512	1606
513	1606
513	1602
514	1602
514	1599
515	1599
515	1595
514	1595
514	1594
515	1594
515	1592
516	1592
516	1591
518	1591
518	1577
521	1577
521	1576
522	1576
522	1569
521	1569
521	1567
522	1567
522	1566
523	1566
523	1559
524	1559
524	1558
525	1558
525	1553
526	1553
526	1550
527	1550
527	1548
528	1548
528	1547
529	1547
529	1541
530	1541
530	1539
531	1539
531	1537
532	1537
532	1534
533	1534
533	1528
536	1528
536	1522
540	1522
540	1520
539	1520
539	1519
540	1519
540	1515
543	1515
543	1514
544	1514
544	1507
543	1507
543	1506
539	1506
539	1505
533	1505
533	1504
531	1504
531	1505
527	1505
527	1510
525	1510
525	1499
527	1499
527	1498
528	1498
528	1496
529	1496
529	1494
530	1494
530	1491
532	1491
532	1489
533	1489
533	1488
534	1488
534	1487
535	1487
535	1485
536	1485
536	1484
535	1484
535	1483
536	1483
536	1482
537	1482
537	1477
538	1477
538	1471
540	1471
540	1467
541	1467
541	1466
543	1466
543	1465
544	1465
544	1463
543	1463
543	1461
544	1461
544	1460
545	1460
545	1458
548	1458
548	1456
549	1456
549	1453
550	1453
550	1449
551	1449
551	1446
554	1446
554	1444
555	1444
555	1443
556	1443
556	1441
557	1441
557	1440
558	1440
558	1439
559	1439
559	1435
560	1435
560	1434
561	1434
561	1426
559	1426
559	1425
554	1425
554	1424
547	1424
547	1423
538	1423
538	1424
537	1424
537	1426
536	1426
536	1420
538	1420
538	1412
539	1412
539	1409
540	1409
540	1408
541	1408
541	1407
542	1407
542	1406
543	1406
543	1401
544	1401
544	1400
545	1400
545	1399
546	1399
546	1398
548	1398
548	1394
549	1394
549	1391
550	1391
550	1386
551	1386
551	1385
553	1385
553	1384
554	1384
554	1377
555	1377
555	1376
556	1376
556	1373
557	1373
557	1368
558	1368
558	1364
559	1364
559	1363
560	1363
560	1362
561	1362
561	1361
562	1361
562	1360
561	1360
561	1359
562	1359
562	1358
563	1358
563	1355
564	1355
564	1354
565	1354
565	1351
567	1351
567	1342
564	1342
564	1341
563	1341
563	1340
562	1340
562	1338
561	1338
561	1337
546	1337
546	1338
545	1338
545	1335
546	1335
546	1333
547	1333
547	1329
549	1329
549	1325
551	1325
551	1323
552	1323
552	1318
554	1318
554	1317
555	1317
555	1309
554	1309
554	1308
555	1308
555	1307
558	1307
558	1301
560	1301
560	1296
561	1296
561	1295
562	1295
562	1293
563	1293
563	1292
564	1292
564	1289
565	1289
565	1287
566	1287
566	1285
569	1285
569	1282
570	1282
570	1281
571	1281
571	1278
572	1278
572	1275
573	1275
573	1273
574	1273
574	1272
575	1272
575	1271
576	1271
576	1270
577	1270
577	1269
576	1269
576	1267
580	1267
580	1263
583	1263
583	1262
584	1262
584	1261
585	1261
585	1260
588	1260
588	1257
590	1257
590	1256
591	1256
591	1249
587	1249
587	1247
579	1247
579	1246
572	1246
572	1247
570	1247
570	1248
567	1248
567	1249
565	1249
565	1247
566	1247
566	1244
567	1244
567	1238
568	1238
568	1237
569	1237
569	1234
570	1234
570	1231
572	1231
572	1229
573	1229
573	1226
574	1226
574	1225
575	1225
575	1224
576	1224
576	1223
577	1223
577	1222
578	1222
578	1220
579	1220
579	1219
580	1219
580	1214
581	1214
581	1213
582	1213
582	1212
584	1212
584	1209
587	1209
587	1203
591	1203
591	1198
594	1198
594	1196
595	1196
595	1194
596	1194
596	1191
597	1191
597	1190
598	1190
598	1187
602	1187
602	1183
605	1183
605	1182
606	1182
606	1181
608	1181
608	1180
609	1180
609	1177
612	1177
612	1176
613	1176
613	1174
614	1174
614	1173
615	1173
615	1172
620	1172
620	1170
623	1170
623	1163
619	1163
619	1162
618	1162
618	1161
616	1161
616	1159
611	1159
611	1158
609	1158
609	1157
605	1157
605	1156
596	1156
596	1151
597	1151
597	1150
598	1150
598	1148
599	1148
599	1147
601	1147
601	1146
602	1146
602	1143
603	1143
603	1140
605	1140
605	1138
606	1138
606	1136
608	1136
608	1135
609	1135
609	1131
610	1131
610	1130
611	1130
611	1129
613	1129
613	1128
614	1128
614	1125
617	1125
617	1123
618	1123
618	1122
620	1122
620	1118
621	1118
621	1117
622	1117
622	1114
625	1114
625	1110
627	1110
627	1108
629	1108
629	1107
630	1107
630	1106
631	1106
631	1104
634	1104
634	1102
635	1102
635	1101
636	1101
636	1099
639	1099
639	1098
638	1098
638	1096
645	1096
645	1094
646	1094
646	1093
649	1093
649	1091
651	1091
651	1090
653	1090
653	1089
654	1089
654	1088
653	1088
653	1087
654	1087
654	1085
653	1085
653	1083
649	1083
649	1080
648	1080
648	1079
644	1079
644	1078
643	1078
643	1079
641	1079
641	1078
640	1078
640	1079
639	1079
639	1078
632	1078
632	1079
631	1079
631	1074
632	1074
632	1070
634	1070
634	1068
635	1068
635	1067
636	1067
636	1066
638	1066
638	1063
641	1063
641	1062
642	1062
642	1056
646	1056
646	1054
647	1054
647	1053
648	1053
648	1052
652	1052
652	1051
653	1051
653	1045
659	1045
659	1044
660	1044
660	1041
663	1041
663	1040
664	1040
664	1038
668	1038
668	1037
667	1037
667	1034
670	1034
670	1033
671	1033
671	1030
674	1030
674	1028
675	1028
675	1027
678	1027
678	1025
679	1025
679	1024
682	1024
682	1023
685	1023
685	1022
686	1022
686	1014
685	1014
685	1013
675	1013
675	1011
674	1011
674	1010
668	1010
668	1008
669	1008
669	1005
671	1005
671	1004
672	1004
672	1002
673	1002
673	1001
674	1001
674	999
675	999
675	997
676	997
676	995
677	995
677	994
679	994
679	991
680	991
680	990
682	990
682	988
683	988
683	986
685	986
685	983
687	983
687	979
691	979
691	975
694	975
694	974
695	974
695	972
696	972
696	970
700	970
700	968
703	968
703	967
704	967
704	961
708	961
708	958
709	958
709	957
711	957
711	958
712	958
712	957
714	957
714	956
715	956
715	955
718	955
718	954
719	954
719	953
722	953
722	945
721	945
721	944
716	944
716	943
710	943
710	942
705	942
705	943
704	943
704	938
705	938
705	936
706	936
706	935
707	935
707	932
708	932
708	931
709	931
709	928
711	928
711	927
712	927
712	924
715	924
715	922
716	922
716	921
718	921
718	919
719	919
719	917
723	917
723	916
724	916
724	915
725	915
725	913
726	913
726	912
727	912
727	911
729	911
729	910
732	910
732	909
733	909
733	907
734	907
734	906
736	906
736	903
739	903
739	902
741	902
741	901
742	901
742	900
744	900
744	896
746	896
746	895
747	895
747	896
749	896
749	895
751	895
751	893
757	893
757	892
759	892
759	891
762	891
762	890
765	890
765	889
766	889
766	883
765	883
765	882
761	882
761	881
760	881
760	880
751	880
751	878
752	878
752	877
754	877
754	876
755	876
755	872
756	872
756	871
758	871
758	870
759	870
759	869
760	869
760	867
762	867
762	866
763	866
763	865
764	865
764	863
765	863
765	862
767	862
767	860
768	860
768	859
769	859
769	858
770	858
770	857
771	857
771	855
773	855
773	853
775	853
775	852
776	852
776	851
778	851
778	849
779	849
779	848
780	848
780	847
781	847
781	846
783	846
783	845
784	845
784	843
785	843
785	842
788	842
788	840
789	840
789	838
791	838
791	837
794	837
794	836
795	836
795	834
796	834
796	833
799	833
799	831
801	831
801	830
802	830
802	828
805	828
805	827
806	827
806	826
809	826
809	825
810	825
810	824
813	824
813	823
815	823
815	822
817	822
817	820
820	820
820	813
817	813
817	812
816	812
816	811
814	811
814	812
811	812
811	811
804	811
804	813
800	813
800	815
799	815
799	816
798	816
798	817
796	817
796	819
795	819
795	820
794	820
794	821
793	821
793	823
792	823
792	824
790	824
790	826
789	826
789	827
788	827
788	828
785	828
785	829
786	829
786	830
785	830
785	831
783	831
783	832
782	832
782	834
781	834
781	835
779	835
779	837
778	837
778	838
776	838
776	839
775	839
775	841
773	841
773	832
772	832
772	831
771	831
771	830
770	830
770	829
764	829
764	830
763	830
763	835
760	835
760	839
759	839
759	840
758	840
758	841
757	841
757	843
756	843
756	844
755	844
755	845
754	845
754	846
753	846
753	848
752	848
752	849
750	849
750	850
749	850
749	851
748	851
748	852
747	852
747	853
746	853
746	855
745	855
745	856
744	856
744	857
742	857
742	859
741	859
741	860
740	860
740	861
738	861
738	863
737	863
737	864
735	864
735	867
733	867
733	868
732	868
732	870
731	870
731	871
730	871
730	873
729	873
729	874
728	874
728	875
726	875
726	876
725	876
725	877
724	877
724	878
722	878
722	879
720	879
720	881
716	881
716	882
715	882
715	875
713	875
713	872
712	872
712	869
705	869
705	871
704	871
704	872
703	872
703	875
702	875
702	877
701	877
701	878
700	878
700	879
698	879
698	882
697	882
697	884
696	884
696	886
694	886
694	888
693	888
693	889
692	889
692	890
691	890
691	892
690	892
690	893
688	893
688	894
687	894
687	896
686	896
686	897
684	897
684	899
683	899
683	900
682	900
682	901
680	901
680	904
679	904
679	905
678	905
678	906
677	906
677	907
676	907
676	908
675	908
675	909
674	909
674	910
672	910
672	911
671	911
671	912
670	912
670	913
669	913
669	914
668	914
668	915
666	915
666	916
665	916
665	918
664	918
664	919
662	919
662	920
661	920
661	921
659	921
659	922
656	922
656	923
655	923
655	924
653	924
653	925
650	925
650	922
651	922
651	915
650	915
650	912
649	912
649	908
647	908
647	905
646	905
646	904
642	904
642	905
641	905
641	904
640	904
640	908
639	908
639	910
638	910
638	911
637	911
637	912
636	912
636	915
635	915
635	916
634	916
634	917
633	917
633	918
632	918
632	920
631	920
631	921
630	921
630	922
629	922
629	923
628	923
628	924
627	924
627	925
626	925
626	926
625	926
625	927
624	927
624	928
623	928
623	929
622	929
622	930
621	930
621	931
619	931
619	932
618	932
618	933
617	933
617	935
616	935
616	936
614	936
614	937
611	937
611	939
610	939
610	940
609	940
609	941
607	941
607	942
606	942
606	943
604	943
604	944
603	944
603	945
602	945
602	946
600	946
600	951
598	951
598	952
593	952
593	953
592	953
592	954
591	954
591	955
589	955
589	956
587	956
587	957
585	957
585	958
581	958
581	959
575	959
575	957
576	957
576	945
575	945
575	942
574	942
574	941
573	941
573	939
570	939
570	938
569	938
569	939
568	939
568	938
567	938
567	939
566	939
566	940
565	940
565	941
564	941
564	942
563	942
563	944
561	944
561	945
560	945
560	947
559	947
559	949
558	949
558	950
557	950
557	951
555	951
555	952
554	952
554	953
553	953
553	954
552	954
552	955
550	955
550	956
549	956
549	957
548	957
548	958
547	958
547	959
544	959
544	961
542	961
542	962
541	962
541	961
540	961
540	963
539	963
539	964
538	964
538	965
537	965
537	966
535	966
535	967
534	967
534	968
532	968
532	969
530	969
530	970
529	970
529	971
528	971
528	972
526	972
526	973
524	973
524	974
523	974
523	976
522	976
522	977
520	977
520	978
519	978
519	979
517	979
517	980
515	980
515	981
514	981
514	980
513	980
513	982
510	982
510	983
509	983
509	984
503	984
503	985
501	985
501	987
498	987
498	988
494	988
494	989
489	989
489	987
490	987
490	980
489	980
489	973
488	973
488	972
487	972
487	971
486	971
486	972
484	972
484	971
483	971
483	972
481	972
481	974
479	974
479	975
478	975
478	977
476	977
476	979
475	979
475	980
473	980
473	981
472	981
472	982
471	982
471	983
468	983
468	984
467	984
467	985
465	985
465	986
464	986
464	987
461	987
461	988
458	988
458	989
456	989
456	992
451	992
451	993
449	993
449	994
448	994
448	995
447	995
447	996
446	996
446	998
441	998
441	999
438	999
438	1001
435	1001
435	1002
433	1002
433	1003
431	1003
431	1004
428	1004
428	1005
427	1005
427	1006
424	1006
424	1007
423	1007
423	1008
420	1008
420	1009
418	1009
418	1010
414	1010
414	999
413	999
413	994
406	994
406	996
405	996
405	998
403	998
403	999
402	999
402	1001
400	1001
400	1002
399	1002
399	1003
396	1003
396	1004
395	1004
395	1005
394	1005
394	1006
389	1006
389	1007
388	1007
388	1008
387	1008
387	1009
385	1009
385	1010
381	1010
381	1011
380	1011
380	1012
379	1012
379	1013
374	1013
374	1014
372	1014
372	1015
371	1015
371	1016
367	1016
367	1017
363	1017
363	1018
361	1018
361	1008
354	1008
354	1009
352	1009
352	1011
351	1011
351	1012
348	1012
348	1013
347	1013
347	1014
345	1014
345	1015
344	1015
344	1016
343	1016
343	1017
338	1017
338	1018
337	1018
337	1019
336	1019
336	1020
334	1020
334	1021
330	1021
330	1022
328	1022
328	1023
326	1023
326	1024
322	1024
322	1025
321	1025
321	1024
320	1024
320	1025
316	1025
316	1026
312	1026
312	1027
308	1027
308	1028
305	1028
305	1029
303	1029
303	1030
299	1030
299	1031
297	1031
297	1030
296	1030
296	1026
295	1026
295	1024
293	1024
293	1025
292	1025
292	1024
288	1024
288	1025
286	1025
286	1027
283	1027
283	1028
281	1028
281	1029
280	1029
280	1030
278	1030
278	1031
275	1031
275	1032
272	1032
272	1033
270	1033
270	1034
265	1034
265	1035
257	1035
257	1036
256	1036
256	1037
253	1037
253	1038
252	1038
252	1039
247	1039
247	1040
246	1040
246	1041
243	1041
243	1042
239	1042
239	1043
236	1043
236	1044
233	1044
233	1045
231	1045
231	1046
225	1046
225	1047
220	1047
220	1048
217	1048
217	1049
216	1049
216	1050
210	1050
210	1051
209	1051
209	1052
206	1052
206	1053
200	1053
200	1054
198	1054
198	1055
196	1055
196	1056
193	1056
193	1057
186	1057
186	1058
184	1058
184	1059
183	1059
183	1060
178	1060
178	1061
174	1061
174	1062
169	1062
169	1063
164	1063
164	1064
159	1064
159	1065
157	1065
157	1064
156	1064
156	1065
154	1065
154	1066
153	1066
153	1065
152	1065
152	1066
149	1066
149	1067
148	1067
148	1068
142	1068
142	1069
141	1069
141	1068
137	1068
137	1070
132	1070
132	1071
116	1071
116	1070
113	1070
113	1064
111	1064
111	1062
110	1062
110	1058
112	1058
112	1057
115	1057
115	1056
117	1056
117	1055
119	1055
119	1053
118	1053
118	1052
127	1052
127	1051
128	1051
128	1050
129	1050
129	1049
135	1049
135	1048
142	1048
142	1046
143	1046
143	1045
149	1045
149	1044
150	1044
150	1043
152	1043
152	1042
156	1042
156	1041
157	1041
157	1038
168	1038
168	1034
175	1034
175	1030
179	1030
179	1031
180	1031
180	1030
182	1030
182	1028
186	1028
186	1027
190	1027
190	1026
193	1026
193	1025
194	1025
194	1024
198	1024
198	1023
200	1023
200	1022
201	1022
201	1021
204	1021
204	1019
208	1019
208	1016
212	1016
212	1015
215	1015
215	1014
217	1014
217	1013
219	1013
219	1012
222	1012
222	1011
223	1011
223	1010
225	1010
225	1009
226	1009
226	1008
229	1008
229	1007
230	1007
230	1006
231	1006
231	1007
232	1007
232	1006
233	1006
233	1005
235	1005
235	1004
237	1004
237	1002
240	1002
240	1001
244	1001
244	999
245	999
245	998
247	998
247	997
248	997
248	996
249	996
249	995
250	995
250	994
254	994
254	993
255	993
255	991
258	991
258	990
260	990
260	988
262	988
262	987
263	987
263	986
266	986
266	984
267	984
267	983
269	983
269	982
270	982
270	981
272	981
272	980
273	980
273	979
274	979
274	976
280	976
280	975
282	975
282	973
284	973
284	972
287	972
287	971
288	971
288	970
290	970
290	969
294	969
294	968
297	968
297	961
296	961
296	960
295	960
295	959
293	959
293	958
292	958
292	956
293	956
293	955
294	955
294	954
295	954
295	952
296	952
296	951
297	951
297	952
298	952
298	951
299	951
299	950
302	950
302	949
303	949
303	946
306	946
306	945
307	945
307	944
308	944
308	943
310	943
310	942
314	942
314	940
315	940
315	939
317	939
317	938
318	938
318	936
319	936
319	935
321	935
321	933
325	933
325	932
326	932
326	931
328	931
328	928
335	928
335	927
336	927
336	926
339	926
339	925
342	925
342	924
346	924
346	923
347	923
347	922
352	922
352	921
354	921
354	914
352	914
352	913
350	913
350	911
348	911
348	909
347	909
347	908
346	908
346	907
341	907
341	906
340	906
340	905
341	905
341	903
342	903
342	902
343	902
343	900
345	900
345	899
346	899
346	898
347	898
347	896
349	896
349	895
353	895
353	894
354	894
354	893
355	893
355	892
356	892
356	891
357	891
357	890
358	890
358	889
361	889
361	888
364	888
364	886
365	886
365	885
368	885
368	884
369	884
369	881
375	881
375	880
376	880
376	879
378	879
378	878
384	878
384	877
386	877
386	876
387	876
387	875
388	875
388	874
389	874
389	873
390	873
390	872
391	872
391	870
392	870
392	871
400	871
400	870
402	870
402	869
405	869
405	868
407	868
407	867
411	867
411	866
412	866
412	860
411	860
411	859
409	859
409	858
408	858
408	857
407	857
407	856
404	856
404	855
403	855
403	853
400	853
400	852
398	852
398	851
394	851
394	852
392	852
392	851
391	851
391	850
392	850
392	849
394	849
394	848
396	848
396	847
397	847
397	844
401	844
401	841
404	841
404	840
405	840
405	838
408	838
408	837
410	837
410	833
416	833
416	830
421	830
421	829
423	829
423	827
426	827
426	826
430	826
430	824
434	824
434	823
437	823
437	822
438	822
438	821
441	821
441	820
448	820
448	819
452	819
452	818
453	818
453	817
458	817
458	816
465	816
465	809
464	809
464	808
462	808
462	807
461	807
461	806
460	806
460	805
458	805
458	804
457	804
457	802
450	802
450	801
449	801
449	799
450	799
450	798
451	798
451	797
452	797
452	795
453	795
453	794
454	794
454	793
456	793
456	791
459	791
459	790
460	790
460	789
462	789
462	786
466	786
466	785
467	785
467	782
470	782
470	780
473	780
473	779
474	779
474	777
477	777
477	776
479	776
479	775
485	775
485	772
487	772
487	771
492	771
492	769
496	769
496	768
499	768
499	767
500	767
500	764
502	764
502	765
508	765
508	764
514	764
514	762
533	762
533	755
532	755
532	754
530	754
530	751
527	751
527	748
526	748
526	747
525	747
525	746
523	746
523	745
522	745
522	744
520	744
520	743
517	743
517	742
515	742
515	741
516	741
516	739
519	739
519	738
521	738
521	737
522	737
522	736
526	736
526	735
527	735
527	736
528	736
528	735
529	735
529	736
530	736
530	735
532	735
532	732
536	732
536	731
537	731
537	732
538	732
538	731
543	731
543	729
548	729
548	728
551	728
551	729
552	729
552	728
555	728
555	727
562	727
562	724
564	724
564	725
574	725
574	724
590	724
590	723
591	723
591	720
597	720
597	721
600	721
600	720
601	720
601	715
600	715
600	712
599	712
599	711
598	711
598	709
596	709
596	708
595	708
595	707
590	707
590	702
594	702
594	700
598	700
598	698
601	698
601	697
602	697
602	696
603	696
603	695
605	695
605	694
607	694
607	695
608	695
608	694
609	694
609	693
612	693
612	692
616	692
616	689
624	689
624	688
627	688
627	687
631	687
631	685
641	685
641	684
660	684
660	675
658	675
658	674
657	674
657	671
656	671
656	670
654	670
654	669
653	669
653	667
652	667
652	666
650	666
650	665
651	665
651	664
652	664
652	663
656	663
656	662
663	662
663	661
664	661
664	660
674	660
674	659
681	659
681	658
696	658
696	657
700	657
700	656
715	656
715	655
718	655
718	654
719	654
719	648
717	648
717	647
715	647
715	646
716	646
716	645
721	645
721	644
722	644
722	645
723	645
723	644
725	644
725	643
729	643
729	642
739	642
739	641
744	641
744	640
762	640
762	638
770	638
770	637
772	637
772	636
804	636
804	628
803	628
803	627
802	627
802	625
801	625
801	624
800	624
800	623
799	623
799	622
803	622
803	621
804	621
804	622
805	622
805	621
806	621
806	620
813	620
813	619
815	619
815	620
818	620
818	621
819	621
819	622
842	622
842	620
844	620
844	619
852	619
852	618
857	618
857	617
860	617
860	616
861	616
861	615
864	615
864	614
865	614
865	615
867	615
867	614
871	614
871	612
881	612
881	611
886	611
886	610
887	610
887	604
889	604
889	603
890	603
890	602
893	602
893	601
894	601
894	600
903	600
903	599
904	599
904	598
908	598
908	599
912	599
912	598
913	598
913	599
914	599
914	600
922	600
922	599
923	599
923	596
927	596
927	597
928	597
928	598
936	598
936	597
941	597
941	596
948	596
948	594
952	594
952	593
966	593
966	592
970	592
970	591
974	591
974	589
985	589
985	586
986	586
986	587
997	587
997	586
1002	586
1002	585
1007	585
1007	583
1010	583
1010	582
1015	582
1015	581
1016	581
1016	582
1017	582
1017	581
1018	581
1018	580
1024	580
1024	578
1025	578
1025	574
1024	574
1024	573
1019	573
1019	572
1009	572
1009	571
983	571
983	570
966	570
966	569
962	569
962	568
952	568
952	567
944	567
944	566
941	566
941	565
934	565
934	564
932	564
932	563
924	563
924	562
919	562
919	561
913	561
913	560
912	560
912	555
911	555
911	554
896	554
896	553
895	553
895	552
894	552
894	551
890	551
890	550
885	550
885	549
881	549
881	548
879	548
879	547
871	547
871	546
869	546
869	545
868	545
868	544
867	544
867	543
862	543
862	542
860	542
860	541
857	541
857	540
856	540
856	539
853	539
853	538
851	538
851	537
849	537
849	536
848	536
848	535
847	535
847	534
846	534
846	533
845	533
845	532
841	532
841	529
840	529
840	528
842	528
842	527
846	527
846	521
845	521
845	520
838	520
838	519
835	519
835	518
831	518
831	517
828	517
828	515
827	515
827	514
822	514
822	513
817	513
817	511
814	511
814	510
812	510
812	509
809	509
809	508
806	508
806	507
801	507
801	505
799	505
799	504
798	504
798	503
794	503
794	502
792	502
792	500
791	500
791	499
786	499
786	498
785	498
785	497
784	497
784	496
782	496
782	495
781	495
781	493
780	493
780	492
777	492
777	489
775	489
775	488
773	488
773	487
776	487
776	486
777	486
777	485
779	485
779	478
778	478
778	477
776	477
776	478
774	478
774	477
770	477
770	476
769	476
769	475
766	475
766	474
764	474
764	473
759	473
759	471
758	471
758	469
755	469
755	467
751	467
751	465
748	465
748	464
747	464
747	463
743	463
743	462
742	462
742	461
741	461
741	460
740	460
740	459
738	459
738	458
737	458
737	456
734	456
734	455
732	455
732	454
731	454
731	452
730	452
730	453
729	453
729	452
727	452
727	451
726	451
726	449
725	449
725	448
723	448
723	447
722	447
722	445
725	445
725	444
726	444
726	443
729	443
729	440
731	440
731	439
732	439
732	435
731	435
731	433
730	433
730	432
726	432
726	430
722	430
722	429
720	429
720	428
719	428
719	427
718	427
718	426
716	426
716	425
715	425
715	423
712	423
712	422
711	422
711	421
708	421
708	420
707	420
707	419
705	419
705	418
704	418
704	416
702	416
702	415
701	415
701	414
700	414
700	412
698	412
698	411
697	411
697	409
696	409
696	408
694	408
694	407
693	407
693	405
691	405
691	404
689	404
689	401
686	401
686	399
685	399
685	398
684	398
684	397
683	397
683	396
682	396
682	394
680	394
680	393
679	393
679	392
675	392
675	390
674	390
674	388
673	388
673	387
671	387
671	383
672	383
672	382
673	382
673	383
674	383
674	381
678	381
678	371
675	371
675	369
674	369
674	368
669	368
669	367
668	367
668	365
667	365
667	364
665	364
665	363
664	363
664	361
662	361
662	360
661	360
661	359
660	359
660	357
659	357
659	356
657	356
657	354
656	354
656	353
655	353
655	352
654	352
654	351
653	351
653	350
652	350
652	349
651	349
651	347
650	347
650	346
649	346
649	343
646	343
646	340
645	340
645	339
643	339
643	336
642	336
642	335
640	335
640	333
639	333
639	332
638	332
638	331
639	331
639	330
638	330
638	329
637	329
637	328
634	328
634	324
633	324
633	325
632	325
632	324
631	324
631	321
630	321
630	320
634	320
634	319
635	319
635	317
636	317
636	311
635	311
635	310
633	310
633	309
632	309
632	308
631	308
631	306
629	306
629	305
627	305
627	303
626	303
626	301
624	301
624	299
623	299
623	298
622	298
622	297
621	297
621	293
620	293
620	292
619	292
619	291
618	291
618	290
619	290
619	289
618	289
618	288
617	288
617	285
616	285
616	284
614	284
614	280
613	280
613	275
612	275
612	273
610	273
610	272
609	272
609	263
608	263
608	261
607	261
607	259
606	259
606	258
605	258
605	257
606	257
606	256
605	256
605	255
603	255
603	254
604	254
604	253
602	253
602	252
601	252
601	251
600	251
600	250
601	250
601	249
600	249
600	247
599	247
599	246
598	246
598	244
597	244
597	241
596	241
596	238
595	238
595	234
594	234
594	233
592	233
592	223
591	223
591	216
590	216
590	215
589	215
589	212
588	212
588	209
587	209
587	204
586	204
586	184
587	184
587	182
588	182
588	174
589	174
589	170
592	170
592	168
593	168
593	167
594	167
594	164
596	164
596	163
597	163
597	162
602	162
602	159
603	159
603	158
605	158
605	157
607	157
607	156
608	156
608	155
609	155
609	158
608	158
608	159
607	159
607	160
605	160
605	161
604	161
604	163
603	163
603	165
602	165
602	166
601	166
601	167
600	167
600	168
598	168
598	184
599	184
599	186
600	186
600	191
602	191
602	192
605	192
605	195
607	195
607	198
608	198
608	202
610	202
610	203
611	203
611	206
612	206
612	207
613	207
613	210
614	210
614	211
615	211
615	213
616	213
616	214
617	214
617	215
616	215
616	216
617	216
617	217
618	217
618	220
619	220
619	221
621	221
621	222
622	222
622	225
623	225
623	226
624	226
624	228
626	228
626	229
627	229
627	230
628	230
628	231
629	231
629	232
632	232
632	234
633	234
633	239
636	239
636	240
637	240
637	241
636	241
636	242
637	242
637	243
638	243
638	242
639	242
639	243
644	243
644	246
645	246
645	247
644	247
644	249
645	249
645	250
646	250
646	251
647	251
647	253
648	253
648	254
657	254
657	253
659	253
659	254
660	254
660	255
661	255
661	256
662	256
662	258
663	258
663	259
665	259
665	260
666	260
666	261
667	261
667	262
669	262
669	265
670	265
670	266
673	266
673	268
676	268
676	271
677	271
677	272
679	272
679	271
680	271
680	272
683	272
683	274
684	274
684	277
686	277
686	279
689	279
689	280
690	280
690	281
691	281
691	282
692	282
692	283
694	283
694	284
695	284
695	286
699	286
699	287
700	287
700	290
702	290
702	291
704	291
704	293
706	293
706	294
707	294
707	297
708	297
708	299
709	299
709	301
711	301
711	304
718	304
718	303
719	303
719	299
718	299
718	298
719	298
719	297
722	297
722	290
726	290
726	293
727	293
727	294
729	294
729	295
730	295
730	296
731	296
731	297
732	297
732	298
733	298
733	299
734	299
734	300
735	300
735	301
736	301
736	302
737	302
737	303
738	303
738	304
739	304
739	305
741	305
741	306
742	306
742	308
743	308
743	309
745	309
745	310
746	310
746	312
748	312
748	313
749	313
749	315
750	315
750	316
753	316
753	319
758	319
758	320
759	320
759	319
760	319
760	323
764	323
764	327
763	327
763	328
764	328
764	330
771	330
771	333
772	333
772	334
773	334
773	335
775	335
775	337
776	337
776	338
777	338
777	339
778	339
778	340
779	340
779	344
780	344
780	345
781	345
781	348
790	348
790	344
791	344
791	336
790	336
790	333
792	333
792	334
793	334
793	335
796	335
796	336
797	336
797	337
798	337
798	338
799	338
799	339
801	339
801	341
805	341
805	342
806	342
806	343
807	343
807	344
808	344
808	346
810	346
810	347
811	347
811	348
814	348
814	349
815	349
815	352
817	352
817	353
819	353
819	355
820	355
820	356
823	356
823	358
824	358
824	357
826	357
826	359
827	359
827	360
828	360
828	361
829	361
829	362
828	362
828	363
830	363
830	364
831	364
831	365
832	365
832	366
833	366
833	367
834	367
834	368
836	368
836	369
837	369
837	370
838	370
838	371
840	371
840	373
841	373
841	374
844	374
844	377
851	377
851	382
852	382
852	384
853	384
853	385
854	385
854	386
855	386
855	388
857	388
857	389
858	389
858	391
859	391
859	393
861	393
861	395
862	395
862	396
869	396
869	395
870	395
870	391
869	391
869	390
871	390
871	389
870	389
870	388
872	388
872	387
871	387
871	386
872	386
872	383
873	383
873	374
875	374
875	375
877	375
877	377
881	377
881	379
884	379
884	381
886	381
886	382
887	382
887	383
888	383
888	384
889	384
889	386
890	386
890	388
893	388
893	391
894	391
894	392
895	392
895	393
896	393
896	394
897	394
897	395
898	395
898	396
899	396
899	397
902	397
902	402
903	402
903	403
904	403
904	404
905	404
905	407
908	407
908	410
909	410
909	411
910	411
910	414
912	414
912	416
913	416
913	418
914	418
914	419
915	419
915	420
916	420
916	419
917	419
917	421
919	421
919	424
920	424
920	425
921	425
921	428
923	428
923	429
922	429
922	430
923	430
923	431
924	431
924	434
925	434
925	436
927	436
927	438
928	438
928	439
930	439
930	440
931	440
931	439
935	439
935	435
936	435
936	428
937	428
937	419
935	419
935	418
938	418
938	419
942	419
942	420
943	420
943	421
944	421
944	422
945	422
945	423
946	423
946	424
947	424
947	425
948	425
948	429
949	429
949	428
952	428
952	432
953	432
953	433
954	433
954	436
956	436
956	437
957	437
957	439
958	439
958	440
959	440
959	441
960	441
960	442
961	442
961	446
962	446
962	447
964	447
964	449
965	449
965	451
967	451
967	452
968	452
968	454
969	454
969	455
970	455
970	457
971	457
971	458
972	458
972	461
974	461
974	463
973	463
973	464
975	464
975	465
977	465
977	467
979	467
979	469
980	469
980	470
981	470
981	472
983	472
983	476
985	476
985	477
986	477
986	478
992	478
992	472
993	472
993	473
994	473
994	476
997	476
997	477
999	477
999	478
1000	478
1000	477
1001	477
1001	479
1002	479
1002	480
1003	480
1003	483
1005	483
1005	485
1008	485
1008	490
1010	490
1010	491
1011	491
1011	492
1012	492
1012	494
1014	494
1014	495
1013	495
1013	497
1014	497
1014	498
1016	498
1016	501
1017	501
1017	502
1018	502
1018	503
1019	503
1019	505
1022	505
1022	512
1023	512
1023	514
1026	514
1026	516
1027	516
1027	520
1028	520
1028	519
1030	519
1030	520
1031	520
1031	522
1032	522
1032	523
1033	523
1033	524
1034	524
1034	526
1037	526
1037	527
1038	527
1038	528
1037	528
1037	529
1038	529
1038	530
1039	530
1039	531
1041	531
1041	534
1045	534
1045	535
1046	535
1046	539
1047	539
1047	541
1048	541
1048	544
1049	544
1049	545
1050	545
1050	548
1051	548
1051	551
1052	551
1052	552
1053	552
1053	556
1054	556
1054	564
1062	564
1062	563
1066	563
1066	555
1067	555
1067	552
1068	552
1068	551
1069	551
1069	549
1070	549
1070	546
1071	546
1071	544
1072	544
1072	541
1073	541
1073	539
1074	539
1074	534
1076	534
1076	531
1078	531
1078	527
1080	527
1080	526
1081	526
1081	522
1082	522
1082	520
1083	520
1083	518
1084	518
1084	517
1085	517
1085	516
1086	516
1086	515
1087	515
1087	513
1088	513
1088	512
1090	512
1090	509
1091	509
1091	508
1092	508
1092	505
1094	505
1094	501
1095	501
1095	500
1096	500
1096	498
1097	498
1097	497
1098	497
1098	496
1097	496
1097	495
1098	495
1098	491
1099	491
1099	487
1101	487
1101	483
1102	483
1102	482
1103	482
1103	480
1104	480
1104	479
1105	479
1105	476
1106	476
1106	475
1107	475
1107	469
1108	469
1108	468
1109	468
1109	467
1110	467
1110	465
1112	465
1112	462
1114	462
1114	458
1115	458
1115	457
1117	457
1117	456
1118	456
1118	458
1120	458
1120	459
1119	459
1119	460
1120	460
1120	462
1121	462
1121	463
1120	463
1120	472
1127	472
1127	471
1128	471
1128	469
1130	469
1130	464
1131	464
1131	462
1130	462
1130	461
1131	461
1131	460
1134	460
1134	458
1135	458
1135	457
1136	457
1136	454
1138	454
1138	453
1139	453
1139	451
1140	451
1140	450
1141	450
1141	448
1142	448
1142	447
1143	447
1143	444
1144	444
1144	443
1146	443
1146	442
1147	442
1147	439
1148	439
1148	438
1149	438
1149	437
1150	437
1150	436
1151	436
1151	435
1152	435
1152	434
1153	434
1153	432
1155	432
1155	431
1156	431
1156	428
1157	428
1157	425
1159	425
1159	424
1160	424
1160	420
1161	420
1161	419
1162	419
1162	418
1163	418
1163	415
1164	415
1164	413
1165	413
1165	411
1166	411
1166	410
1167	410
1167	409
1168	409
1168	408
1170	408
1170	407
1171	407
1171	403
1174	403
1174	399
1175	399
1175	398
1176	398
1176	397
1177	397
1177	396
1178	396
1178	395
1179	395
1179	392
1181	392
1181	390
1183	390
1183	389
1185	389
1185	385
1188	385
1188	383
1190	383
1190	392
1191	392
1191	396
1192	396
1192	395
1193	395
1193	399
1194	399
1194	403
1201	403
1201	400
1202	400
1202	399
1203	399
1203	396
1204	396
1204	395
1206	395
1206	392
1207	392
1207	391
1208	391
1208	390
1209	390
1209	389
1210	389
1210	388
1211	388
1211	385
1213	385
1213	384
1214	384
1214	380
1215	380
1215	379
1216	379
1216	378
1217	378
1217	377
1218	377
1218	375
1219	375
1219	374
1221	374
1221	373
1222	373
1222	371
1225	371
1225	368
1226	368
1226	367
1225	367
1225	365
1232	365
1232	363
1234	363
1234	360
1235	360
1235	359
1236	359
1236	358
1237	358
1237	357
1238	357
1238	356
1239	356
1239	355
1240	355
1240	354
1241	354
1241	352
1243	352
1243	351
1244	351
1244	349
1245	349
1245	348
1247	348
1247	344
1248	344
1248	343
1249	343
1249	342
1250	342
1250	341
1251	341
1251	340
1252	340
1252	339
1253	339
1253	338
1254	338
1254	336
1255	336
1255	335
1256	335
1256	334
1258	334
1258	332
1261	332
1261	331
1262	331
1262	328
1263	328
1263	329
1264	329
1264	328
1265	328
1265	327
1269	327
1269	326
1271	326
1271	337
1272	337
1272	338
1273	338
1273	341
1279	341
1279	340
1280	340
1280	336
1281	336
1281	332
1282	332
1282	331
1283	331
1283	330
1284	330
1284	327
1285	327
1285	325
1286	325
1286	324
1287	324
1287	322
1288	322
1288	321
1289	321
1289	319
1291	319
1291	317
1292	317
1292	316
1294	316
1294	314
1295	314
1295	312
1298	312
1298	309
1299	309
1299	308
1303	308
1303	307
1302	307
1302	306
1303	306
1303	304
1305	304
1305	303
1307	303
1307	302
1306	302
1306	301
1307	301
1307	300
1308	300
1308	297
1309	297
1309	296
1310	296
1310	295
1311	295
1311	294
1312	294
1312	293
1313	293
1313	291
1315	291
1315	290
1316	290
1316	289
1317	289
1317	287
1318	287
1318	286
1320	286
1320	285
1321	285
1321	284
1322	284
1322	283
1323	283
1323	282
1324	282
1324	281
1326	281
1326	280
1327	280
1327	279
1330	279
1330	278
1331	278
1331	276
1334	276
1334	282
1335	282
1335	286
1342	286
1342	285
1343	285
1343	282
1344	282
1344	279
1346	279
1346	278
1347	278
1347	276
1348	276
1348	275
1349	275
1349	272
1352	272
1352	271
1353	271
1353	268
1354	268
1354	267
1355	267
1355	266
1356	266
1356	265
1357	265
1357	263
1358	263
1358	262
1359	262
1359	261
1360	261
1360	260
1361	260
1361	259
1362	259
1362	257
1363	257
1363	256
1364	256
1364	255
1365	255
1365	254
1366	254
1366	253
1367	253
1367	252
1368	252
1368	250
1369	250
1369	248
1370	248
1370	247
1371	247
1371	246
1372	246
1372	244
1374	244
1374	243
1379	243
1379	242
1380	242
1380	236
1381	236
1381	235
1383	235
1383	230
1384	230
1384	228
1386	228
1386	226
1387	226
1387	224
1389	224
1389	218
1390	218
1390	217
1391	217
1391	214
1392	214
1392	213
1393	213
1393	212
1394	212
1394	209
1395	209
1395	206
1397	206
1397	203
1398	203
1398	199
1400	199
1400	196
1401	196
1401	195
1402	195
1402	191
1403	191
1403	189
1404	189
1404	184
1405	184
1405	183
1406	183
1406	182
1405	182
1405	181
1407	181
1407	179
1408	179
1408	176
1409	176
1409	172
1410	172
1410	169
1411	169
1411	163
1412	163
1412	161
1413	161
1413	158
1414	158
1414	154
1415	154
1415	142
1416	142
1416	136
1417	136
1417	133
1418	133
1418	132
1419	132
1419	126
1420	126
1420	121
1421	121
1421	117
1422	117
1422	115
1423	115
1423	111
1424	111
1424	105
1426	105
1426	107
1427	107
1427	109
1426	109
1426	110
1427	110
1427	111
1426	111
1426	114
1427	114
1427	115
1429	115
1429	122
1430	122
1430	123
1431	123
1431	124
1430	124
1430	132
1431	132
1431	136
1432	136
1432	137
1433	137
1433	139
1434	139
1434	146
1433	146
1433	147
1434	147
1434	148
1435	148
1435	166
1436	166
1436	172
1437	172
1437	176
1436	176
1436	185
1435	185
1435	197
1434	197
1434	204
1433	204
1433	206
1432	206
1432	207
1431	207
1431	213
1432	213
1432	214
1434	214
1434	219
1433	219
1433	223
1432	223
1432	230
1431	230
1431	238
1430	238
1430	246
1429	246
1429	247
1428	247
1428	249
1427	249
1427	253
1426	253
1426	254
1425	254
1425	255
1424	255
1424	262
1429	262
1429	263
1430	263
1430	264
1429	264
1429	265
1428	265
1428	267
1427	267
1427	269
1426	269
1426	270
1424	270
1424	274
1423	274
1423	276
1422	276
1422	277
1421	277
1421	278
1420	278
1420	282
1419	282
1419	283
1418	283
1418	284
1417	284
1417	286
1416	286
1416	289
1415	289
1415	290
1414	290
1414	291
1413	291
1413	299
1419	299
1419	301
1417	301
1417	303
1415	303
1415	306
1414	306
1414	307
1413	307
1413	308
1412	308
1412	311
1411	311
1411	312
1410	312
1410	313
1409	313
1409	315
1408	315
1408	316
1407	316
1407	317
1406	317
1406	319
1405	319
1405	321
1404	321
1404	322
1403	322
1403	324
1401	324
1401	327
1400	327
1400	328
1398	328
1398	332
1396	332
1396	336
1395	336
1395	337
1394	337
1394	338
1393	338
1393	339
1391	339
1391	343
1390	343
1390	344
1389	344
1389	345
1388	345
1388	346
1387	346
1387	348
1386	348
1386	349
1384	349
1384	351
1383	351
1383	352
1382	352
1382	353
1381	353
1381	354
1380	354
1380	355
1379	355
1379	356
1378	356
1378	357
1377	357
1377	358
1376	358
1376	366
1384	366
1384	367
1386	367
1386	368
1384	368
1384	373
1383	373
1383	374
1382	374
1382	375
1381	375
1381	376
1380	376
1380	379
1378	379
1378	383
1376	383
1376	385
1375	385
1375	386
1373	386
1373	389
1371	389
1371	391
1370	391
1370	394
1368	394
1368	395
1367	395
1367	396
1366	396
1366	397
1365	397
1365	398
1364	398
1364	400
1362	400
1362	402
1361	402
1361	404
1359	404
1359	405
1357	405
1357	407
1355	407
1355	408
1354	408
1354	409
1353	409
1353	410
1351	410
1351	411
1350	411
1350	412
1348	412
1348	413
1347	413
1347	414
1346	414
1346	415
1345	415
1345	416
1343	416
1343	422
1344	422
1344	423
1351	423
1351	426
1350	426
1350	429
1348	429
1348	430
1347	430
1347	432
1346	432
1346	433
1345	433
1345	434
1344	434
1344	435
1343	435
1343	437
1341	437
1341	438
1340	438
1340	440
1339	440
1339	441
1337	441
1337	442
1336	442
1336	443
1335	443
1335	444
1334	444
1334	445
1332	445
1332	447
1330	447
1330	448
1329	448
1329	449
1327	449
1327	451
1326	451
1326	452
1322	452
1322	454
1321	454
1321	455
1320	455
1320	456
1317	456
1317	458
1315	458
1315	459
1312	459
1312	460
1311	460
1311	461
1307	461
1307	462
1305	462
1305	463
1304	463
1304	468
1305	468
1305	469
1306	469
1306	470
1309	470
1309	471
1310	471
1310	472
1309	472
1309	473
1307	473
1307	475
1306	475
1306	476
1305	476
1305	477
1303	477
1303	478
1300	478
1300	480
1299	480
1299	481
1297	481
1297	482
1296	482
1296	483
1295	483
1295	484
1293	484
1293	485
1291	485
1291	486
1290	486
1290	487
1288	487
1288	488
1286	488
1286	489
1285	489
1285	491
1282	491
1282	492
1279	492
1279	493
1278	493
1278	494
1275	494
1275	495
1274	495
1274	496
1271	496
1271	497
1268	497
1268	498
1265	498
1265	499
1263	499
1263	500
1260	500
1260	501
1258	501
1258	502
1253	502
1253	503
1249	503
1249	504
1242	504
1242	506
1241	506
1241	511
1242	511
1242	512
1246	512
1246	513
1247	513
1247	514
1245	514
1245	516
1243	516
1243	517
1239	517
1239	518
1236	518
1236	520
1234	520
1234	521
1228	521
1228	522
1227	522
1227	523
1221	523
1221	524
1217	524
1217	525
1212	525
1212	527
1210	527
1210	528
1206	528
1206	529
1202	529
1202	530
1201	530
1201	531
1195	531
1195	532
1188	532
1188	533
1187	533
1187	536
1186	536
1186	537
1185	537
1185	538
1184	538
1184	539
1182	539
1182	540
1179	540
1179	542
1176	542
1176	543
1173	543
1173	544
1172	544
1172	545
1168	545
1168	546
1165	546
1165	547
1162	547
1162	548
1158	548
1158	549
1157	549
1157	550
1151	550
1151	551
1150	551
1150	552
1143	552
1143	553
1136	553
1136	555
1135	555
1135	557
1134	557
1134	563
1135	563
1135	564
1136	564
1136	563
1138	563
1138	564
1140	564
1140	563
1142	563
1142	562
1144	562
1144	561
1150	561
1150	560
1155	560
1155	559
1156	559
1156	558
1159	558
1159	557
1163	557
1163	556
1174	556
1174	555
1178	555
1178	554
1181	554
1181	553
1185	553
1185	552
1189	552
1189	550
1195	550
1195	549
1199	549
1199	550
1200	550
1200	549
1203	549
1203	547
1207	547
1207	546
1215	546
1215	545
1229	545
1229	543
1232	543
1232	542
1236	542
1236	541
1238	541
1238	538
1246	538
1246	537
1247	537
1247	536
1250	536
1250	535
1251	535
1251	534
1254	534
1254	533
1256	533
1256	539
1257	539
1257	540
1264	540
1264	539
1265	539
1265	538
1272	538
1272	536
1276	536
1276	535
1280	535
1280	534
1284	534
1284	533
1287	533
1287	532
1289	532
1289	531
1292	531
1292	530
1294	530
1294	529
1298	529
1298	528
1301	528
1301	527
1305	527
1305	525
1307	525
1307	524
1309	524
1309	523
1313	523
1313	522
1316	522
1316	521
1318	521
1318	520
1320	520
1320	519
1321	519
1321	520
1322	520
1322	519
1323	519
1323	518
1326	518
1326	517
1331	517
1331	516
1335	516
1335	518
1334	518
1334	527
1341	527
1341	526
1342	526
1342	525
1344	525
1344	524
1345	524
1345	523
1349	523
1349	520
1352	520
1352	519
1353	519
1353	518
1356	518
1356	517
1359	517
1359	516
1363	516
1363	515
1364	515
1364	514
1367	514
1367	513
1371	513
1371	512
1375	512
1375	511
1378	511
1378	510
1382	510
1382	509
1385	509
1385	508
1386	508
1386	507
1389	507
1389	505
1396	505
1396	503
1404	503
1404	502
1407	502
1407	501
1411	501
1411	500
1412	500
1412	499
1413	499
1413	503
1411	503
1411	515
1412	515
1412	516
1418	516
1418	514
1419	514
1419	513
1421	513
1421	512
1422	512
1422	511
1423	511
1423	510
1425	510
1425	509
1429	509
1429	508
1430	508
1430	507
1433	507
1433	505
1436	505
1436	504
1437	504
1437	503
1442	503
1442	502
1444	502
1444	501
1447	501
1447	500
1451	500
1451	499
1455	499
1455	498
1457	498
1457	497
1460	497
1460	496
1462	496
1462	495
1466	495
1466	494
1469	494
1469	493
1470	493
1470	492
1474	492
1474	491
1477	491
1477	490
1484	490
1484	489
1485	489
1485	488
1486	488
1486	489
1487	489
1487	488
1491	488
1491	489
1493	489
1493	488
1497	488
1497	490
1496	490
1496	491
1494	491
1494	493
1493	493
1493	497
1492	497
1492	500
1491	500
1491	503
1492	503
1492	507
1498	507
1498	506
1499	506
1499	505
1502	505
1502	502
1503	502
1503	501
1506	501
1506	499
1509	499
1509	498
1516	498
1516	497
1518	497
1518	496
1525	496
1525	494
1528	494
1528	491
1537	491
1537	490
1546	490
1546	489
1547	489
1547	488
1548	488
1548	489
1551	489
1551	488
1552	488
1552	489
1557	489
1557	488
1558	488
1558	489
1560	489
1560	490
1568	490
1568	492
1566	492
1566	494
1565	494
1565	496
1564	496
1564	499
1563	499
1563	500
1562	500
1562	502
1561	502
1561	512
1563	512
1563	513
1564	513
1564	512
1568	512
1568	509
1572	509
1572	508
1573	508
1573	507
1574	507
1574	508
1575	508
1575	506
1579	506
1579	502
1590	502
1590	501
1594	501
1594	499
1604	499
1604	498
1611	498
1611	497
1612	497
1612	493
1613	493
1613	494
1614	494
1614	495
1623	495
1623	496
1639	496
1639	497
1640	497
1640	498
1641	498
1641	499
1639	499
1639	500
1638	500
1638	501
1637	501
1637	504
1636	504
1636	506
1635	506
1635	507
1634	507
1634	510
1633	510
1633	514
1632	514
1632	521
1641	521
1641	520
1645	520
1645	519
1648	519
1648	518
1652	518
1652	517
1655	517
1655	516
1662	516
1662	515
1663	515
1663	514
1670	514
1670	513
1688	513
1688	512
1693	512
1693	513
1701	513
1701	514
1705	514
1705	516
1709	516
1709	517
1715	517
1715	518
1716	518
1716	519
1714	519
1714	520
1713	520
1713	521
1711	521
1711	522
1710	522
1710	525
1709	525
1709	526
1708	526
1708	528
1707	528
1707	536
1713	536
1713	535
1717	535
1717	534
1721	534
1721	531
1723	531
1723	532
1736	532
1736	531
1737	531
1737	532
1741	532
1741	531
1762	531
1762	532
1770	532
1770	533
1771	533
1771	534
1774	534
1774	535
1776	535
1776	536
1777	536
1777	537
1778	537
1778	538
1780	538
1780	539
1778	539
1778	540
1777	540
1777	541
1776	541
1776	542
1775	542
1775	543
1774	543
1774	546
1773	546
1773	547
1772	547
1772	550
1770	550
1770	552
1769	552
1769	560
1783	560
1783	557
1785	557
1785	559
1786	559
1786	560
1796	560
1796	561
1804	561
1804	560
1806	560
1806	562
1807	562
1807	565
1813	565
1813	566
1815	566
1815	565
1817	565
1817	566
1818	566
1818	567
1839	567
1839	570
1840	570
1840	571
1843	571
1843	572
1847	572
1847	574
1849	574
1849	575
1851	575
1851	576
1854	576
1854	578
1857	578
1857	579
1856	579
1856	580
1851	580
1851	583
1850	583
1850	584
1849	584
1849	590
1850	590
1850	591
1853	591
1853	590
1854	590
1854	591
1859	591
1859	590
1870	590
1870	591
1876	591
1876	592
1880	592
1880	593
1884	593
1884	594
1890	594
1890	595
1891	595
1891	596
1894	596
1894	597
1895	597
1895	598
1898	598
1898	600
1902	600
1902	601
1912	601
1912	602
1913	602
1913	604
1919	604
1919	607
1920	607
1920	608
1924	608
1924	609
1927	609
1927	611
1931	611
1931	612
1938	612
1938	614
1939	614
1939	615
1940	615
1940	614
1941	614
1941	615
1945	615
1945	616
1949	616
1949	617
1953	617
1953	618
1960	618
1960	619
1964	619
1964	620
1967	620
1967	621
1968	621
1968	622
1976	622
1976	621
1977	621
1977	622
1979	622
1979	623
1998	623
1998	622
2002	622
2002	621
2004	621
2004	622
2003	622
2003	623
2004	623
2004	625
2020	625
2020	622
2022	622
2022	623
2044	623
2044	622
2060	622
2060	619
2061	619
2061	618
2071	618
2071	617
2081	617
2081	616
2085	616
2085	615
2088	615
2088	614
2093	614
2093	611
2100	611
2100	609
2108	609
2108	610
2113	610
2113	611
2124	611
2124	615
2132	615
2132	619
2133	619
2133	620
2135	620
2135	621
2136	621
2136	622
2137	622
2137	623
2118	623
2118	622
2108	622
2108	623
2096	623
2096	624
2095	624
2095	625
2094	625
2094	626
2093	626
2093	627
2091	627
2091	629
2087	629
2087	630
2086	630
2086	631
2085	631
2085	634
2083	634
2083	635
2081	635
2081	634
2080	634
2080	635
2079	635
2079	636
2078	636
2078	637
2076	637
2076	638
2073	638
2073	639
2072	639
2072	640
2069	640
2069	641
2066	641
2066	643
2065	643
2065	644
2062	644
2062	643
2061	643
2061	644
2057	644
2057	645
2052	645
2052	646
2048	646
2048	647
2045	647
2045	648
2042	648
2042	649
2036	649
2036	650
2034	650
2034	651
2022	651
2022	652
2014	652
2014	653
2011	653
2011	652
2010	652
2010	653
2009	653
2009	652
2008	652
2008	653
2004	653
2004	654
1997	654
1997	655
1989	655
1989	656
1978	656
1978	657
1963	657
1963	663
1951	663
1951	664
1949	664
1949	665
1940	665
1940	664
1936	664
1936	663
1922	663
1922	669
1921	669
1921	670
1904	670
1904	671
1898	671
1898	672
1897	672
1897	673
1896	673
1896	672
1895	672
1895	673
1878	673
1878	672
1866	672
1866	671
1859	671
1859	670
1854	670
1854	669
1852	669
1852	668
1851	668
1851	667
1842	667
1842	668
1841	668
1841	669
1842	669
1842	670
1841	670
1841	672
1842	672
1842	673
1841	673
1841	675
1842	675
1842	680
1843	680
1843	683
1844	683
1844	684
1845	684
1845	685
1828	685
1828	684
1814	684
1814	683
1801	683
1801	681
1800	681
1800	682
1794	682
1794	683
1793	683
1793	686
1792	686
1792	685
1783	685
1783	684
1778	684
1778	683
1775	683
1775	682
1771	682
1771	681
1768	681
1768	680
1765	680
1765	678
1760	678
1760	677
1759	677
1759	676
1758	676
1758	675
1755	675
1755	674
1754	674
1754	675
1751	675
1751	687
1752	687
1752	691
1753	691
1753	692
1754	692
1754	693
1742	693
1742	692
1732	692
1732	691
1725	691
1725	690
1720	690
1720	691
1719	691
1719	690
1714	690
1714	689
1705	689
1705	688
1699	688
1699	687
1695	687
1695	686
1694	686
1694	687
1693	687
1693	686
1691	686
1691	685
1687	685
1687	684
1681	684
1681	683
1677	683
1677	680
1676	680
1676	681
1674	681
1674	679
1673	679
1673	678
1667	678
1667	679
1666	679
1666	690
1667	690
1667	693
1668	693
1668	695
1640	695
1640	694
1633	694
1633	693
1627	693
1627	692
1624	692
1624	691
1623	691
1623	692
1622	692
1622	691
1612	691
1612	690
1611	690
1611	689
1605	689
1605	688
1602	688
1602	687
1601	687
1601	686
1599	686
1599	685
1598	685
1598	686
1597	686
1597	685
1595	685
1595	684
1594	684
1594	683
1593	683
1593	682
1590	682
1590	681
1582	681
1582	686
1583	686
1583	699
1584	699
1584	701
1580	701
1580	702
1579	702
1579	701
1578	701
1578	702
1577	702
1577	701
1575	701
1575	700
1567	700
1567	699
1561	699
1561	698
1558	698
1558	697
1555	697
1555	696
1549	696
1549	695
1545	695
1545	694
1542	694
1542	693
1537	693
1537	692
1535	692
1535	691
1532	691
1532	689
1530	689
1530	688
1526	688
1526	686
1524	686
1524	685
1516	685
1516	695
1518	695
1518	696
1507	696
1507	695
1499	695
1499	694
1495	694
1495	693
1489	693
1489	692
1487	692
1487	691
1480	691
1480	689
1474	689
1474	688
1472	688
1472	687
1471	687
1471	688
1470	688
1470	686
1464	686
1464	685
1462	685
1462	684
1459	684
1459	683
1458	683
1458	682
1455	682
1455	681
1451	681
1451	680
1449	680
1449	679
1448	679
1448	678
1445	678
1445	677
1444	677
1444	676
1440	676
1440	674
1439	674
1439	673
1437	673
1437	672
1436	672
1436	671
1435	671
1435	670
1433	670
1433	669
1427	669
1427	672
1426	672
1426	673
1427	673
1427	681
1428	681
1428	682
1427	682
1427	683
1429	683
1429	684
1425	684
1425	683
1421	683
1421	682
1415	682
1415	681
1410	681
1410	680
1407	680
1407	679
1403	679
1403	678
1399	678
1399	677
1397	677
1397	676
1393	676
1393	675
1392	675
1392	674
1390	674
1390	673
1388	673
1388	672
1387	672
1387	671
1385	671
1385	670
1382	670
1382	669
1381	669
1381	668
1377	668
1377	667
1372	667
1372	666
1370	666
1370	665
1367	665
1367	664
1366	664
1366	663
1365	663
1365	664
1364	664
1364	663
1362	663
1362	662
1361	662
1361	661
1360	661
1360	660
1358	660
1358	659
1357	659
1357	658
1356	658
1356	656
1348	656
1348	658
1347	658
1347	661
1346	661
1346	662
1340	662
1340	661
1338	661
1338	660
1335	660
1335	659
1330	659
1330	658
1327	658
1327	657
1325	657
1325	656
1324	656
1324	657
1323	657
1323	656
1320	656
1320	655
1316	655
1316	654
1313	654
1313	653
1312	653
1312	652
1309	652
1309	651
1304	651
1304	650
1302	650
1302	649
1297	649
1297	648
1295	648
1295	647
1294	647
1294	645
1289	645
1289	644
1288	644
1288	643
1287	643
1287	642
1286	642
1286	641
1284	641
1284	639
1283	639
1283	638
1273	638
1273	642
1268	642
1268	641
1264	641
1264	640
1263	640
1263	641
1262	641
1262	640
1261	640
1261	639
1260	639
1260	640
1258	640
1258	637
1251	637
1251	636
1248	636
1248	635
1246	635
1246	634
1244	634
1244	633
1240	633
1240	631
1236	631
1236	629
1233	629
1233	628
1232	628
1232	627
1228	627
1228	626
1226	626
1226	625
1225	625
1225	624
1223	624
1223	623
1221	623
1221	622
1218	622
1218	620
1213	620
1213	619
1212	619
1212	618
1211	618
1211	617
1205	617
1205	618
1204	618
1204	619
1202	619
1202	618
1200	618
1200	617
1199	617
1199	616
1194	616
1194	615
1193	615
1193	614
1189	614
1189	612
1185	612
1185	611
1184	611
1184	610
1183	610
1183	609
1181	609
1181	608
1177	608
1177	607
1175	607
1175	606
1173	606
1173	605
1170	605
1170	604
1166	604
1166	603
1160	603
1160	602
1159	602
1159	601
1152	601
1152	600
1149	600
1149	599
1148	599
1148	598
1141	598
1141	597
1140	597
1140	596
1139	596
1139	597
1138	597
1138	596
1134	596
1134	595
1133	595
1133	594
1127	594
1127	593
1126	593
1126	592
1123	592
1123	591
1119	591
1119	590
1110	590
1110	591
1109	591
1109	588
1108	588
1108	587
1104	587
1104	586
1098	586
1098	584
1097	584
1097	583
1091	583
1091	590
1092	590
1092	592
1094	592
1094	594
1096	594
1096	596
1097	596
1097	598
1098	598
1098	597
1099	597
1099	599
1100	599
1100	600
1102	600
1102	601
1103	601
1103	603
1105	603
1105	604
1106	604
1106	605
1107	605
1107	607
1111	607
1111	610
1112	610
1112	611
1114	611
1114	612
1116	612
1116	613
1117	613
1117	614
1119	614
1119	615
1120	615
1120	616
1121	616
1121	618
1125	618
1125	619
1128	619
1128	621
1129	621
1129	622
1132	622
1132	623
1135	623
1135	624
1136	624
1136	625
1138	625
1138	626
1139	626
1139	627
1143	627
1143	629
1148	629
1148	632
1149	632
1149	633
1150	633
1150	636
1151	636
1151	637
1157	637
1157	639
1158	639
1158	640
1161	640
1161	641
1162	641
1162	642
1165	642
1165	645
1169	645
1169	647
1172	647
1172	648
1173	648
1173	649
1176	649
1176	651
1177	651
1177	652
1178	652
1178	651
1179	651
1179	652
1181	652
1181	653
1183	653
1183	654
1184	654
1184	655
1187	655
1187	656
1190	656
1190	658
1192	658
1192	659
1194	659
1194	661
1195	661
1195	662
1198	662
1198	663
1201	663
1201	665
1202	665
1202	666
1205	666
1205	667
1209	667
1209	669
1211	669
1211	670
1210	670
1210	671
1209	671
1209	672
1208	672
1208	678
1212	678
1212	680
1216	680
1216	681
1220	681
1220	682
1223	682
1223	683
1224	683
1224	684
1225	684
1225	685
1227	685
1227	687
1231	687
1231	688
1230	688
1230	689
1234	689
1234	691
1235	691
1235	692
1237	692
1237	694
1238	694
1238	695
1239	695
1239	696
1242	696
1242	698
1244	698
1244	699
1245	699
1245	700
1249	700
1249	702
1250	702
1250	703
1252	703
1252	704
1253	704
1253	705
1256	705
1256	706
1258	706
1258	707
1259	707
1259	708
1260	708
1260	709
1263	709
1263	710
1265	710
1265	711
1266	711
1266	712
1267	712
1267	713
1270	713
1270	714
1271	714
1271	716
1274	716
1274	717
1276	717
1276	718
1278	718
1278	720
1280	720
1280	722
1281	722
1281	723
1282	723
1282	724
1284	724
1284	725
1279	725
1279	726
1278	726
1278	727
1277	727
1277	728
1276	728
1276	729
1275	729
1275	730
1274	730
1274	735
1275	735
1275	736
1281	736
1281	737
1282	737
1282	739
1285	739
1285	740
1286	740
1286	741
1287	741
1287	740
1288	740
1288	741
1289	741
1289	743
1294	743
1294	744
1295	744
1295	746
1298	746
1298	745
1299	745
1299	746
1300	746
1300	747
1303	747
1303	748
1304	748
1304	749
1307	749
1307	750
1308	750
1308	751
1311	751
1311	753
1313	753
1313	755
1314	755
1314	756
1315	756
1315	757
1316	757
1316	756
1317	756
1317	757
1318	757
1318	759
1322	759
1322	761
1325	761
1325	763
1326	763
1326	764
1329	764
1329	766
1333	766
1333	768
1335	768
1335	769
1336	769
1336	771
1340	771
1340	773
1343	773
1343	774
1344	774
1344	775
1345	775
1345	776
1347	776
1347	778
1349	778
1349	779
1351	779
1351	782
1353	782
1353	783
1354	783
1354	785
1355	785
1355	786
1348	786
1348	787
1347	787
1347	788
1344	788
1344	795
1351	795
