1207	856
1208	856
1208	862
1209	862
1209	863
1210	863
1210	864
1211	864
1211	883
1210	883
1210	884
1205	884
1205	895
1206	895
1206	899
1207	899
1207	903
1208	903
1208	909
1210	909
1210	910
1211	910
1211	912
1210	912
1210	913
1211	913
1211	916
1212	916
1212	918
1211	918
1211	932
1212	932
1212	938
1213	938
1213	954
1212	954
1212	961
1211	961
1211	963
1210	963
1210	964
1209	964
1209	965
1205	965
1205	978
1206	978
1206	984
1207	984
1207	990
1208	990
1208	1001
1209	1001
1209	1005
1208	1005
1208	1029
1207	1029
1207	1037
1206	1037
1206	1038
1200	1038
1200	1040
1199	1040
1199	1056
1198	1056
1198	1070
1199	1070
1199	1075
1200	1075
1200	1082
1201	1082
1201	1092
1200	1092
1200	1105
1201	1105
1201	1108
1202	1108
1202	1122
1203	1122
1203	1123
1204	1123
1204	1126
1202	1126
1202	1130
1196	1130
1196	1131
1195	1131
1195	1132
1194	1132
1194	1145
1195	1145
1195	1151
1196	1151
1196	1166
1195	1166
1195	1167
1194	1167
1194	1186
1195	1186
1195	1187
1196	1187
1196	1190
1194	1190
1194	1220
1195	1220
1195	1221
1194	1221
1194	1220
1193	1220
1193	1223
1192	1223
1192	1224
1185	1224
1185	1225
1184	1225
1184	1226
1185	1226
1185	1227
1184	1227
1184	1228
1185	1228
1185	1229
1184	1229
1184	1230
1185	1230
1185	1231
1184	1231
1184	1232
1185	1232
1185	1253
1184	1253
1184	1272
1179	1272
1179	1274
1178	1274
1178	1276
1177	1276
1177	1277
1176	1277
1176	1300
1175	1300
1175	1306
1173	1306
1173	1317
1167	1317
1167	1334
1166	1334
1166	1335
1165	1335
1165	1363
1164	1363
1164	1364
1161	1364
1161	1367
1155	1367
1155	1380
1154	1380
1154	1381
1153	1381
1153	1392
1151	1392
1151	1393
1150	1393
1150	1404
1149	1404
1149	1405
1148	1405
1148	1406
1147	1406
1147	1408
1143	1408
1143	1409
1142	1409
1142	1410
1141	1410
1141	1420
1140	1420
1140	1424
1141	1424
1141	1425
1140	1425
1140	1426
1141	1426
1141	1427
1139	1427
1139	1428
1138	1428
1138	1436
1137	1436
1137	1438
1136	1438
1136	1439
1134	1439
1134	1444
1133	1444
1133	1449
1132	1449
1132	1453
1131	1453
1131	1459
1132	1459
1132	1461
1130	1461
1130	1462
1129	1462
1129	1463
1128	1463
1128	1464
1129	1464
1129	1467
1127	1467
1127	1473
1126	1473
1126	1479
1125	1479
1125	1484
1124	1484
1124	1485
1123	1485
1123	1490
1122	1490
1122	1491
1121	1491
1121	1497
1120	1497
1120	1502
1118	1502
1118	1503
1117	1503
1117	1508
1116	1508
1116	1509
1115	1509
1115	1518
1114	1518
1114	1520
1113	1520
1113	1525
1112	1525
1112	1528
1111	1528
1111	1530
1110	1530
1110	1531
1109	1531
1109	1537
1108	1537
1108	1538
1109	1538
1109	1539
1107	1539
1107	1540
1106	1540
1106	1548
1104	1548
1104	1549
1103	1549
1103	1556
1102	1556
1102	1559
1101	1559
1101	1565
1099	1565
1099	1566
1098	1566
1098	1567
1097	1567
1097	1570
1098	1570
1098	1571
1097	1571
1097	1574
1096	1574
1096	1577
1095	1577
1095	1582
1093	1582
1093	1583
1092	1583
1092	1586
1091	1586
1091	1589
1090	1589
1090	1594
1089	1594
1089	1595
1088	1595
1088	1600
1087	1600
1087	1602
1086	1602
1086	1607
1085	1607
1085	1610
1084	1610
1084	1614
1083	1614
1083	1617
1081	1617
1081	1618
1080	1618
1080	1632
1077	1632
1077	1633
1076	1633
1076	1635
1075	1635
1075	1637
1073	1637
1073	1638
1074	1638
1074	1639
1073	1639
1073	1641
1072	1641
1072	1652
1069	1652
1069	1658
1068	1658
1068	1661
1067	1661
1067	1664
1066	1664
1066	1665
1065	1665
1065	1668
1066	1668
1066	1669
1065	1669
1065	1670
1063	1670
1063	1677
1062	1677
1062	1681
1061	1681
1061	1682
1060	1682
1060	1686
1059	1686
1059	1687
1058	1687
1058	1690
1057	1690
1057	1694
1056	1694
1056	1696
1057	1696
1057	1697
1056	1697
1056	1699
1055	1699
1055	1704
1053	1704
1053	1705
1052	1705
1052	1710
1051	1710
1051	1715
1050	1715
1050	1716
1049	1716
1049	1719
1048	1719
1048	1721
1047	1721
1047	1722
1046	1722
1046	1728
1045	1728
1045	1731
1044	1731
1044	1733
1043	1733
1043	1734
1042	1734
1042	1739
1041	1739
1041	1740
1040	1740
1040	1745
1039	1745
1039	1751
1037	1751
1037	1757
1036	1757
1036	1762
1034	1762
1034	1763
1033	1763
1033	1775
1034	1775
1034	1776
1033	1776
1033	1777
1030	1777
1030	1779
1029	1779
1029	1781
1028	1781
1028	1785
1027	1785
1027	1788
1026	1788
1026	1794
1025	1794
1025	1796
1024	1796
1024	1797
1023	1797
1023	1803
1022	1803
1022	1806
1021	1806
1021	1809
1020	1809
1020	1810
1019	1810
1019	1811
1018	1811
1018	1812
1017	1812
1017	1814
1015	1814
1015	1815
1014	1815
1014	1813
1013	1813
1013	1809
1014	1809
1014	1808
1013	1808
1013	1805
1014	1805
1014	1797
1015	1797
1015	1792
1016	1792
1016	1781
1017	1781
1017	1776
1018	1776
1018	1775
1019	1775
1019	1769
1020	1769
1020	1759
1021	1759
1021	1758
1022	1758
1022	1752
1024	1752
1024	1747
1025	1747
1025	1741
1026	1741
1026	1739
1027	1739
1027	1737
1026	1737
1026	1735
1027	1735
1027	1723
1030	1723
1030	1722
1031	1722
1031	1720
1030	1720
1030	1719
1031	1719
1031	1712
1032	1712
1032	1710
1033	1710
1033	1700
1037	1700
1037	1694
1038	1694
1038	1688
1039	1688
1039	1687
1040	1687
1040	1685
1039	1685
1039	1683
1041	1683
1041	1682
1042	1682
1042	1673
1043	1673
1043	1665
1044	1665
1044	1660
1046	1660
1046	1659
1047	1659
1047	1654
1048	1654
1048	1648
1049	1648
1049	1642
1050	1642
1050	1637
1052	1637
1052	1636
1053	1636
1053	1631
1054	1631
1054	1627
1055	1627
1055	1625
1056	1625
1056	1614
1058	1614
1058	1613
1059	1613
1059	1599
1060	1599
1060	1600
1061	1600
1061	1599
1062	1599
1062	1598
1063	1598
1063	1596
1064	1596
1064	1595
1065	1595
1065	1584
1067	1584
1067	1573
1070	1573
1070	1572
1071	1572
1071	1564
1072	1564
1072	1562
1073	1562
1073	1552
1074	1552
1074	1550
1076	1550
1076	1544
1077	1544
1077	1539
1078	1539
1078	1537
1079	1537
1079	1536
1078	1536
1078	1534
1079	1534
1079	1527
1082	1527
1082	1516
1083	1516
1083	1515
1084	1515
1084	1510
1085	1510
1085	1503
1086	1503
1086	1498
1088	1498
1088	1491
1089	1491
1089	1486
1090	1486
1090	1481
1091	1481
1091	1469
1093	1469
1093	1468
1094	1468
1094	1467
1093	1467
1093	1466
1094	1466
1094	1453
1095	1453
1095	1452
1096	1452
1096	1451
1097	1451
1097	1426
1096	1426
1096	1425
1097	1425
1097	1422
1096	1422
1096	1420
1097	1420
1097	1419
1096	1419
1096	1418
1097	1418
1097	1417
1099	1417
1099	1416
1100	1416
1100	1415
1099	1415
1099	1411
1100	1411
1100	1405
1101	1405
1101	1398
1102	1398
1102	1396
1101	1396
1101	1395
1102	1395
1102	1380
1100	1380
1100	1370
1099	1370
1099	1369
1097	1369
1097	1346
1098	1346
1098	1342
1099	1342
1099	1336
1100	1336
1100	1307
1101	1307
1101	1295
1100	1295
1100	1294
1091	1294
1091	1273
1093	1273
1093	1271
1094	1271
1094	1245
1095	1245
1095	1244
1096	1244
1096	1235
1095	1235
1095	1234
1087	1234
1087	1235
1086	1235
1086	1237
1085	1237
1085	1235
1084	1235
1084	1233
1083	1233
1083	1224
1082	1224
1082	1221
1083	1221
1083	1210
1084	1210
1084	1202
1085	1202
1085	1183
1079	1183
1079	1182
1078	1182
1078	1179
1077	1179
1077	1178
1078	1178
1078	1176
1079	1176
1079	1169
1081	1169
1081	1168
1082	1168
1082	1161
1083	1161
1083	1160
1082	1160
1082	1152
1083	1152
1083	1145
1084	1145
1084	1139
1085	1139
1085	1123
1087	1123
1087	1122
1088	1122
1088	1113
1089	1113
1089	1104
1088	1104
1088	1103
1080	1103
1080	1100
1079	1100
1079	1099
1078	1099
1078	1097
1079	1097
1079	1070
1080	1070
1080	1065
1082	1065
1082	1053
1083	1053
1083	1048
1085	1048
1085	1029
1080	1029
1080	1028
1079	1028
1079	1027
1078	1027
1078	1026
1077	1026
1077	1023
1076	1023
1076	1013
1077	1013
1077	995
1078	995
1078	982
1079	982
1079	981
1078	981
1078	978
1079	978
1079	972
1082	972
1082	960
1083	960
1083	957
1084	957
1084	956
1085	956
1085	946
1084	946
1084	945
1082	945
1082	942
1080	942
1080	941
1079	941
1079	940
1080	940
1080	937
1079	937
1079	919
1078	919
1078	916
1079	916
1079	903
1080	903
1080	890
1079	890
1079	886
1082	886
1082	872
1077	872
1077	870
1079	870
1079	846
1082	846
1082	833
1083	833
1083	822
1084	822
1084	820
1083	820
1083	819
1084	819
1084	816
1085	816
1085	798
1084	798
1084	797
1080	797
1080	796
1079	796
1079	795
1078	795
1078	794
1077	794
1077	788
1078	788
1078	787
1079	787
1079	785
1078	785
1078	784
1079	784
1079	742
1080	742
1080	741
1082	741
1082	731
1083	731
1083	717
1076	717
1076	707
1077	707
1077	701
1078	701
1078	694
1079	694
1079	691
1078	691
1078	684
1079	684
1079	661
1082	661
1082	646
1080	646
1080	645
1078	645
1078	642
1077	642
1077	625
1078	625
1078	619
1079	619
1079	606
1078	606
1078	603
1079	603
1079	597
1082	597
1082	589
1083	589
1083	579
1082	579
1082	572
1079	572
1079	568
1080	568
1080	562
1082	562
1082	549
1083	549
1083	538
1084	538
1084	528
1083	528
1083	522
1084	522
1084	523
1087	523
1087	522
1088	522
1088	505
1089	505
1089	499
1090	499
1090	494
1091	494
1091	493
1092	493
1092	488
1093	488
1093	487
1094	487
1094	483
1093	483
1093	482
1094	482
1094	459
1095	459
1095	453
1096	453
1096	451
1097	451
1097	449
1096	449
1096	448
1097	448
1097	440
1096	440
1096	438
1097	438
1097	437
1096	437
1096	436
1099	436
1099	418
1100	418
1100	401
1101	401
1101	395
1102	395
1102	369
1096	369
1096	370
1095	370
1095	369
1092	369
1092	370
1090	370
1090	371
1089	371
1089	381
1085	381
1085	388
1084	388
1084	399
1081	399
1081	402
1080	402
1080	403
1081	403
1081	405
1080	405
1080	409
1079	409
1079	410
1078	410
1078	411
1077	411
1077	416
1076	416
1076	417
1075	417
1075	422
1074	422
1074	429
1073	429
1073	431
1072	431
1072	433
1070	433
1070	434
1069	434
1069	440
1068	440
1068	450
1064	450
1064	451
1063	451
1063	462
1061	462
1061	464
1060	464
1060	466
1059	466
1059	468
1058	468
1058	473
1057	473
1057	475
1056	475
1056	481
1055	481
1055	484
1054	484
1054	486
1052	486
1052	493
1051	493
1051	495
1046	495
1046	498
1045	498
1045	500
1046	500
1046	502
1045	502
1045	504
1046	504
1046	508
1045	508
1045	509
1044	509
1044	512
1043	512
1043	514
1042	514
1042	515
1040	515
1040	523
1039	523
1039	525
1038	525
1038	526
1036	526
1036	527
1035	527
1035	530
1036	530
1036	531
1035	531
1035	532
1034	532
1034	534
1033	534
1033	542
1032	542
1032	543
1030	543
1030	544
1029	544
1029	546
1028	546
1028	548
1027	548
1027	549
1023	549
1023	550
1022	550
1022	566
1020	566
1020	572
1019	572
1019	577
1018	577
1018	578
1017	578
1017	579
1016	579
1016	585
1015	585
1015	589
1014	589
1014	590
1011	590
1011	601
1010	601
1010	602
1009	602
1009	604
1010	604
1010	606
1009	606
1009	616
1006	616
1006	617
1005	617
1005	618
999	618
999	624
998	624
998	630
997	630
997	636
994	636
994	641
993	641
993	643
992	643
992	646
991	646
991	653
988	653
988	656
987	656
987	658
986	658
986	661
985	661
985	662
984	662
984	663
983	663
983	664
982	664
982	665
981	665
981	666
980	666
980	667
978	667
978	666
977	666
977	671
976	671
976	679
975	679
975	682
976	682
976	684
975	684
975	688
974	688
974	699
971	699
971	701
970	701
970	702
971	702
971	703
970	703
970	704
971	704
971	705
970	705
970	707
971	707
971	710
970	710
970	711
968	711
968	716
966	716
966	717
965	717
965	720
957	720
957	721
956	721
956	723
955	723
955	728
954	728
954	730
953	730
953	732
954	732
954	734
953	734
953	736
954	736
954	738
953	738
953	745
952	745
952	747
951	747
951	757
948	757
948	759
947	759
947	761
946	761
946	762
947	762
947	763
946	763
946	764
945	764
945	767
946	767
946	768
945	768
945	769
944	769
944	774
942	774
942	775
941	775
941	780
939	780
939	782
938	782
938	783
936	783
936	786
928	786
928	790
927	790
927	800
926	800
926	803
925	803
925	805
924	805
924	815
922	815
922	817
920	817
920	818
921	818
921	820
920	820
920	821
919	821
919	827
917	827
917	831
916	831
916	838
913	838
913	843
912	843
912	844
911	844
911	849
910	849
910	850
909	850
909	855
908	855
908	856
907	856
907	858
906	858
906	859
899	859
899	866
897	866
897	867
896	867
896	873
895	873
895	879
894	879
894	882
893	882
893	884
892	884
892	890
890	890
890	898
889	898
889	900
888	900
888	903
887	903
887	906
886	906
886	907
884	907
884	913
883	913
883	915
882	915
882	919
881	919
881	924
879	924
879	925
877	925
877	927
876	927
876	928
875	928
875	929
866	929
866	930
865	930
865	936
863	936
863	942
861	942
861	955
860	955
860	956
859	956
859	957
858	957
858	958
857	958
857	959
856	959
856	960
855	960
855	965
854	965
854	967
853	967
853	970
852	970
852	971
849	971
849	978
848	978
848	980
847	980
847	982
846	982
846	983
845	983
845	988
842	988
842	994
840	994
840	1000
838	1000
838	1002
837	1002
837	1004
836	1004
836	1001
826	1001
826	1011
825	1011
825	1012
824	1012
824	1022
821	1022
821	1023
820	1023
820	1030
819	1030
819	1033
818	1033
818	1040
815	1040
815	1043
814	1043
814	1045
813	1045
813	1046
812	1046
812	1057
809	1057
809	1064
808	1064
808	1066
801	1066
801	1067
800	1067
800	1068
801	1068
801	1069
800	1069
800	1072
801	1072
801	1073
800	1073
800	1074
798	1074
798	1076
797	1076
797	1078
798	1078
798	1080
797	1080
797	1085
796	1085
796	1087
795	1087
795	1092
792	1092
792	1098
790	1098
790	1102
789	1102
789	1104
786	1104
786	1111
785	1111
785	1112
784	1112
784	1113
783	1113
783	1114
782	1114
782	1115
780	1115
780	1118
776	1118
776	1120
772	1120
772	1126
770	1126
770	1127
768	1127
768	1133
767	1133
767	1134
766	1134
766	1137
765	1137
765	1138
764	1138
764	1139
763	1139
763	1145
762	1145
762	1148
761	1148
761	1150
760	1150
760	1155
758	1155
758	1156
757	1156
757	1165
755	1165
755	1167
749	1167
749	1168
748	1168
748	1169
749	1169
749	1171
748	1171
748	1173
746	1173
746	1174
745	1174
745	1178
744	1178
744	1179
743	1179
743	1182
742	1182
742	1183
741	1183
741	1184
740	1184
740	1186
739	1186
739	1190
738	1190
738	1196
737	1196
737	1201
734	1201
734	1203
733	1203
733	1205
732	1205
732	1207
724	1207
724	1208
722	1208
722	1214
721	1214
721	1216
720	1216
720	1219
717	1219
717	1226
716	1226
716	1228
715	1228
715	1231
714	1231
714	1234
713	1234
713	1236
712	1236
712	1237
711	1237
711	1243
710	1243
710	1245
709	1245
709	1248
706	1248
706	1249
705	1249
705	1254
704	1254
704	1256
703	1256
703	1260
700	1260
700	1261
699	1261
699	1266
698	1266
698	1268
697	1268
697	1274
696	1274
696	1275
697	1275
697	1276
694	1276
694	1277
693	1277
693	1279
692	1279
692	1282
691	1282
691	1288
689	1288
689	1289
687	1289
687	1293
686	1293
686	1295
685	1295
685	1299
683	1299
683	1300
682	1300
682	1305
681	1305
681	1306
680	1306
680	1308
679	1308
679	1311
677	1311
677	1312
676	1312
676	1318
675	1318
675	1320
674	1320
674	1323
672	1323
672	1328
671	1328
671	1329
670	1329
670	1340
665	1340
665	1342
664	1342
664	1345
663	1345
663	1346
662	1346
662	1349
661	1349
661	1352
659	1352
659	1358
658	1358
658	1360
657	1360
657	1364
656	1364
656	1366
654	1366
654	1367
653	1367
653	1371
652	1371
652	1373
651	1373
651	1375
650	1375
650	1376
649	1376
649	1380
648	1380
648	1382
647	1382
647	1384
646	1384
646	1385
645	1385
645	1390
644	1390
644	1392
642	1392
642	1393
641	1393
641	1397
640	1397
640	1401
639	1401
639	1403
638	1403
638	1404
636	1404
636	1407
635	1407
635	1412
634	1412
634	1415
633	1415
633	1416
632	1416
632	1421
630	1421
630	1422
629	1422
629	1424
628	1424
628	1427
627	1427
627	1433
624	1433
624	1436
623	1436
623	1439
622	1439
622	1442
621	1442
621	1444
619	1444
619	1445
618	1445
618	1450
617	1450
617	1458
618	1458
618	1461
613	1461
613	1462
612	1462
612	1465
611	1465
611	1467
610	1467
610	1470
609	1470
609	1473
607	1473
607	1475
606	1475
606	1477
605	1477
605	1481
604	1481
604	1484
602	1484
602	1485
601	1485
601	1488
600	1488
600	1489
599	1489
599	1493
598	1493
598	1496
596	1496
596	1497
595	1497
595	1500
594	1500
594	1501
593	1501
593	1503
592	1503
592	1506
591	1506
591	1508
590	1508
590	1509
589	1509
589	1516
586	1516
586	1518
585	1518
585	1519
584	1519
584	1522
583	1522
583	1525
582	1525
582	1526
581	1526
581	1531
578	1531
578	1536
577	1536
577	1539
576	1539
576	1542
574	1542
574	1544
573	1544
573	1546
574	1546
574	1547
573	1547
573	1548
572	1548
572	1550
571	1550
571	1553
570	1553
570	1554
569	1554
569	1555
568	1555
568	1557
567	1557
567	1560
566	1560
566	1564
565	1564
565	1565
564	1565
564	1566
563	1566
563	1568
562	1568
562	1569
561	1569
561	1571
560	1571
560	1572
559	1572
559	1577
558	1577
558	1572
559	1572
559	1551
560	1551
560	1550
562	1550
562	1549
563	1549
563	1539
564	1539
564	1538
565	1538
565	1536
566	1536
566	1533
567	1533
567	1532
568	1532
568	1526
569	1526
569	1523
570	1523
570	1520
571	1520
571	1516
573	1516
573	1515
574	1515
574	1509
575	1509
575	1507
576	1507
576	1504
577	1504
577	1498
580	1498
580	1495
579	1495
579	1494
580	1494
580	1492
581	1492
581	1490
582	1490
582	1484
583	1484
583	1483
582	1483
582	1482
583	1482
583	1481
585	1481
585	1480
586	1480
586	1477
587	1477
587	1475
589	1475
589	1469
591	1469
591	1463
592	1463
592	1462
593	1462
593	1459
594	1459
594	1456
595	1456
595	1452
597	1452
597	1447
598	1447
598	1446
599	1446
599	1442
600	1442
600	1435
602	1435
602	1434
603	1434
603	1433
604	1433
604	1432
603	1432
603	1428
604	1428
604	1426
605	1426
605	1424
606	1424
606	1423
608	1423
608	1421
609	1421
609	1420
608	1420
608	1419
609	1419
609	1412
610	1412
610	1411
611	1411
611	1406
613	1406
613	1405
614	1405
614	1399
615	1399
615	1397
616	1397
616	1394
617	1394
617	1388
620	1388
620	1382
621	1382
621	1379
622	1379
622	1376
623	1376
623	1371
626	1371
626	1368
627	1368
627	1366
628	1366
628	1359
630	1359
630	1354
631	1354
631	1353
632	1353
632	1343
634	1343
634	1342
637	1342
637	1336
638	1336
638	1320
642	1320
642	1319
643	1319
643	1317
644	1317
644	1315
645	1315
645	1312
646	1312
646	1307
649	1307
649	1302
650	1302
650	1298
651	1298
651	1293
652	1293
652	1292
651	1292
651	1291
652	1291
652	1290
654	1290
654	1288
655	1288
655	1281
656	1281
656	1279
657	1279
657	1273
660	1273
660	1270
661	1270
661	1269
660	1269
660	1267
662	1267
662	1260
663	1260
663	1255
666	1255
666	1249
667	1249
667	1244
668	1244
668	1237
669	1237
669	1232
672	1232
672	1227
674	1227
674	1225
675	1225
675	1215
678	1215
678	1209
679	1209
679	1196
680	1196
680	1194
681	1194
681	1192
683	1192
683	1191
684	1191
684	1185
685	1185
685	1180
686	1180
686	1174
687	1174
687	1175
689	1175
689	1168
690	1168
690	1156
687	1156
687	1154
686	1154
686	1153
687	1153
687	1146
689	1146
689	1139
690	1139
690	1134
692	1134
692	1128
695	1128
695	1117
696	1117
696	1104
695	1104
695	1099
696	1099
696	1094
697	1094
697	1088
700	1088
700	1087
701	1087
701	1077
703	1077
703	1071
706	1071
706	1070
707	1070
707	1065
709	1065
709	1059
712	1059
712	1054
713	1054
713	1053
715	1053
715	1046
714	1046
714	1045
715	1045
715	1041
714	1041
714	1040
712	1040
712	1031
713	1031
713	1025
714	1025
714	1024
715	1024
715	1019
716	1019
716	1018
718	1018
718	1011
719	1011
719	1007
720	1007
720	1002
721	1002
721	1001
724	1001
724	992
725	992
725	985
728	985
728	984
730	984
730	980
731	980
731	979
732	979
732	978
735	978
735	976
736	976
736	974
735	974
735	973
736	973
736	972
738	972
738	967
741	967
741	966
742	966
742	963
743	963
743	953
737	953
737	952
736	952
736	949
737	949
737	946
738	946
738	944
739	944
739	943
741	943
741	938
743	938
743	932
747	932
747	925
748	925
748	920
749	920
749	919
750	919
750	918
749	918
749	917
750	917
750	915
752	915
752	914
753	914
753	909
755	909
755	903
758	903
758	902
759	902
759	897
760	897
760	896
761	896
761	883
760	883
760	881
761	881
761	874
764	874
764	869
765	869
765	863
766	863
766	864
767	864
767	857
770	857
770	856
771	856
771	849
772	849
772	848
773	848
773	846
774	846
774	845
776	845
776	840
777	840
777	837
779	837
779	836
780	836
780	834
782	834
782	833
783	833
783	831
784	831
784	829
785	829
785	828
787	828
787	826
788	826
788	824
789	824
789	815
785	815
785	805
788	805
788	800
789	800
789	799
791	799
791	793
795	793
795	792
796	792
796	791
795	791
795	789
796	789
796	787
799	787
799	781
800	781
800	780
801	780
801	778
802	778
802	776
803	776
803	770
807	770
807	765
810	765
810	764
811	764
811	756
813	756
813	755
814	755
814	753
818	753
818	750
819	750
819	749
821	749
821	748
822	748
822	747
823	747
823	740
822	740
822	730
824	730
824	724
828	724
828	720
831	720
831	719
830	719
830	718
831	718
831	713
834	713
834	712
835	712
835	707
836	707
836	701
839	701
839	700
840	700
840	696
841	696
841	695
845	695
845	690
846	690
846	689
847	689
847	686
848	686
848	684
851	684
851	666
852	666
852	664
853	664
853	662
854	662
854	660
857	660
857	656
858	656
858	655
859	655
859	654
860	654
860	649
862	649
862	648
863	648
863	641
868	641
868	636
869	636
869	634
870	634
870	632
871	632
871	631
872	631
872	632
873	632
873	631
874	631
874	627
875	627
875	626
877	626
877	625
878	625
878	620
880	620
880	619
881	619
881	608
882	608
882	607
883	607
883	604
884	604
884	603
886	603
886	602
887	602
887	600
888	600
888	598
889	598
889	597
892	597
892	592
893	592
893	591
895	591
895	586
897	586
897	585
898	585
898	584
899	584
899	581
900	581
900	580
902	580
902	579
903	579
903	574
908	574
908	573
909	573
909	568
911	568
911	557
913	557
913	556
915	556
915	552
916	552
916	551
921	551
921	550
922	550
922	547
923	547
923	545
926	545
926	540
927	540
927	539
928	539
928	538
929	538
929	533
932	533
932	529
933	529
933	528
934	528
934	522
937	522
937	521
938	521
938	517
941	517
941	516
943	516
943	514
944	514
944	511
945	511
945	505
948	505
948	504
949	504
949	501
950	501
950	500
951	500
951	499
955	499
955	493
956	493
956	491
957	491
957	490
958	490
958	488
960	488
960	487
961	487
961	485
962	485
962	483
963	483
963	482
964	482
964	481
966	481
966	479
967	479
967	476
970	476
970	475
972	475
972	472
973	472
973	471
975	471
975	470
979	470
979	469
978	469
978	467
979	467
979	466
980	466
980	462
981	462
981	459
982	459
982	458
984	458
984	457
986	457
986	455
987	455
987	454
988	454
988	453
989	453
989	452
990	452
990	451
991	451
991	449
992	449
992	447
995	447
995	442
996	442
996	439
997	439
997	435
1001	435
1001	434
1002	434
1002	431
1003	431
1003	430
1004	430
1004	429
1007	429
1007	424
1009	424
1009	423
1010	423
1010	418
1013	418
1013	410
1018	410
1018	409
1019	409
1019	406
1021	406
1021	404
1022	404
1022	402
1023	402
1023	401
1024	401
1024	400
1025	400
1025	399
1026	399
1026	397
1027	397
1027	395
1029	395
1029	394
1030	394
1030	390
1031	390
1031	389
1032	389
1032	386
1033	386
1033	384
1035	384
1035	383
1036	383
1036	375
1041	375
1041	374
1042	374
1042	372
1044	372
1044	366
1049	366
1049	365
1050	365
1050	363
1051	363
1051	361
1052	361
1052	360
1054	360
1054	358
1055	358
1055	357
1056	357
1056	355
1057	355
1057	354
1059	354
1059	348
1060	348
1060	347
1061	347
1061	344
1062	344
1062	343
1064	343
1064	342
1065	342
1065	335
1066	335
1066	334
1067	334
1067	333
1068	333
1068	332
1069	332
1069	331
1070	331
1070	330
1071	330
1071	315
1062	315
1062	316
1061	316
1061	317
1059	317
1059	318
1057	318
1057	320
1056	320
1056	321
1055	321
1055	322
1054	322
1054	323
1053	323
1053	324
1052	324
1052	325
1051	325
1051	326
1050	326
1050	327
1049	327
1049	328
1048	328
1048	329
1046	329
1046	331
1045	331
1045	333
1044	333
1044	334
1043	334
1043	335
1041	335
1041	336
1040	336
1040	339
1038	339
1038	341
1036	341
1036	342
1034	342
1034	346
1033	346
1033	347
1032	347
1032	350
1026	350
1026	351
1025	351
1025	352
1024	352
1024	353
1023	353
1023	355
1021	355
1021	356
1020	356
1020	357
1019	357
1019	358
1018	358
1018	359
1017	359
1017	361
1016	361
1016	362
1014	362
1014	363
1013	363
1013	364
1012	364
1012	365
1011	365
1011	366
1010	366
1010	367
1009	367
1009	369
1008	369
1008	370
1005	370
1005	373
1004	373
1004	374
1003	374
1003	375
1002	375
1002	376
999	376
999	378
998	378
998	379
997	379
997	380
995	380
995	381
994	381
994	384
993	384
993	385
987	385
987	386
986	386
986	387
983	387
983	389
982	389
982	393
981	393
981	395
980	395
980	397
978	397
978	398
977	398
977	399
976	399
976	402
972	402
972	403
971	403
971	407
970	407
970	408
971	408
971	409
970	409
970	410
965	410
965	411
964	411
964	412
963	412
963	413
962	413
962	414
961	414
961	415
960	415
960	416
958	416
958	417
957	417
957	420
954	420
954	421
953	421
953	422
952	422
952	423
953	423
953	424
952	424
952	425
951	425
951	426
950	426
950	427
949	427
949	428
948	428
948	429
947	429
947	430
946	430
946	432
945	432
945	433
942	433
942	434
941	434
941	439
936	439
936	442
934	442
934	443
931	443
931	444
930	444
930	445
929	445
929	446
928	446
928	449
927	449
927	451
922	451
922	452
921	452
921	454
918	454
918	456
917	456
917	457
914	457
914	462
912	462
912	463
910	463
910	464
911	464
911	465
910	465
910	466
907	466
907	467
904	467
904	466
903	466
903	467
901	467
901	469
900	469
900	472
898	472
898	473
896	473
896	474
895	474
895	475
894	475
894	477
893	477
893	479
891	479
891	480
890	480
890	482
889	482
889	483
888	483
888	484
887	484
887	485
885	485
885	486
883	486
883	488
882	488
882	489
881	489
881	490
880	490
880	491
879	491
879	492
878	492
878	493
877	493
877	494
876	494
876	496
875	496
875	497
873	497
873	499
872	499
872	501
871	501
871	502
870	502
870	503
869	503
869	505
868	505
868	506
858	506
858	507
856	507
856	508
855	508
855	511
854	511
854	512
853	512
853	513
852	513
852	514
851	514
851	515
850	515
850	516
849	516
849	518
847	518
847	519
846	519
846	520
844	520
844	521
843	521
843	523
841	523
841	524
838	524
838	525
837	525
837	526
835	526
835	528
834	528
834	529
832	529
832	531
831	531
831	532
830	532
830	533
829	533
829	537
825	537
825	538
824	538
824	541
822	541
822	542
820	542
820	543
810	543
810	544
809	544
809	546
808	546
808	547
807	547
807	548
806	548
806	549
804	549
804	550
803	550
803	552
802	552
802	553
801	553
801	554
800	554
800	555
798	555
798	556
797	556
797	558
795	558
795	560
793	560
793	561
792	561
792	562
791	562
791	564
790	564
790	565
789	565
789	566
786	566
786	567
785	567
785	569
782	569
782	570
780	570
780	572
778	572
778	573
777	573
777	575
775	575
775	576
774	576
774	578
772	578
772	579
771	579
771	581
769	581
769	582
766	582
766	583
765	583
765	582
757	582
757	583
756	583
756	584
754	584
754	586
753	586
753	587
751	587
751	592
749	592
749	593
745	593
745	594
744	594
744	596
743	596
743	598
742	598
742	599
739	599
739	600
738	600
738	601
735	601
735	602
734	602
734	605
732	605
732	606
731	606
731	607
727	607
727	609
726	609
726	610
725	610
725	611
723	611
723	612
722	612
722	618
713	618
713	619
711	619
711	622
710	622
710	623
709	623
709	624
706	624
706	625
705	625
705	627
704	627
704	625
703	625
703	624
694	624
694	626
693	626
693	628
692	628
692	630
689	630
689	631
688	631
688	633
687	633
687	634
686	634
686	635
685	635
685	636
682	636
682	640
680	640
680	641
678	641
678	642
676	642
676	644
674	644
674	645
672	645
672	646
670	646
670	647
666	647
666	648
665	648
665	649
664	649
664	650
663	650
663	651
662	651
662	652
661	652
661	653
658	653
658	654
657	654
657	656
656	656
656	657
654	657
654	658
652	658
652	659
650	659
650	661
649	661
649	662
647	662
647	663
644	663
644	662
634	662
634	663
633	663
633	662
632	662
632	664
631	664
631	665
630	665
630	666
629	666
629	667
628	667
628	668
627	668
627	669
626	669
626	670
623	670
623	671
622	671
622	674
619	674
619	675
618	675
618	676
617	676
617	677
616	677
616	679
615	679
615	680
611	680
611	681
609	681
609	682
607	682
607	685
604	685
604	686
602	686
602	687
600	687
600	688
596	688
596	689
595	689
595	691
594	691
594	692
593	692
593	691
592	691
592	692
591	692
591	693
589	693
589	694
588	694
588	695
587	695
587	696
585	696
585	697
583	697
583	698
581	698
581	697
579	697
579	696
580	696
580	694
579	694
579	693
578	693
578	694
577	694
577	693
576	693
576	694
574	694
574	693
573	693
573	694
570	694
570	697
567	697
567	698
566	698
566	697
565	697
565	699
562	699
562	700
561	700
561	703
560	703
560	704
556	704
556	705
554	705
554	707
553	707
553	708
552	708
552	709
549	709
549	711
544	711
544	712
543	712
543	714
541	714
541	715
540	715
540	716
538	716
538	717
536	717
536	719
535	719
535	720
534	720
534	721
532	721
532	722
531	722
531	723
526	723
526	726
524	726
524	727
523	727
523	726
522	726
522	723
520	723
520	722
510	722
510	723
509	723
509	725
508	725
508	726
507	726
507	727
506	727
506	728
503	728
503	731
497	731
497	732
494	732
494	733
491	733
491	734
486	734
486	735
485	735
485	736
484	736
484	737
483	737
483	738
481	738
481	739
480	739
480	738
479	738
479	740
473	740
473	741
474	741
474	743
473	743
473	744
470	744
470	745
457	745
457	746
456	746
456	747
455	747
455	748
453	748
453	749
451	749
451	750
450	750
450	751
446	751
446	752
445	752
445	754
440	754
440	755
436	755
436	756
434	756
434	757
431	757
431	758
430	758
430	760
411	760
411	761
409	761
409	762
407	762
407	763
404	763
404	765
402	765
402	767
401	767
401	768
392	768
392	769
388	769
388	770
387	770
387	771
382	771
382	772
381	772
381	773
378	773
378	774
371	774
371	775
370	775
370	778
368	778
368	779
365	779
365	780
359	780
359	781
358	781
358	782
357	782
357	783
353	783
353	784
348	784
348	785
345	785
345	786
342	786
342	787
341	787
341	790
332	790
332	791
327	791
327	792
324	792
324	794
321	794
321	795
319	795
319	796
316	796
316	797
313	797
313	798
312	798
312	799
311	799
311	800
307	800
307	801
306	801
306	803
301	803
301	805
300	805
300	809
289	809
289	810
284	810
284	811
283	811
283	813
280	813
280	814
276	814
276	815
272	815
272	817
270	817
270	818
267	818
267	819
265	819
265	820
261	820
261	821
260	821
260	823
259	823
259	824
253	824
253	825
250	825
250	826
247	826
247	827
246	827
246	828
244	828
244	829
243	829
243	830
242	830
242	831
239	831
239	832
233	832
233	833
232	833
232	835
229	835
229	836
224	836
224	837
220	837
220	839
215	839
215	840
214	840
214	841
211	841
211	842
209	842
209	843
203	843
203	844
202	844
202	845
197	845
197	847
192	847
192	848
189	848
189	849
186	849
186	850
185	850
185	851
184	851
184	852
183	852
183	853
181	853
181	855
178	855
178	854
176	854
176	855
168	855
168	857
162	857
162	859
159	859
159	858
158	858
158	859
156	859
156	860
149	860
149	861
145	861
145	862
142	862
142	863
141	863
141	866
139	866
139	865
131	865
131	866
129	866
129	867
128	867
128	868
121	868
121	869
118	869
118	871
117	871
117	872
110	872
110	869
111	869
111	868
112	868
112	866
114	866
114	865
117	865
117	864
118	864
118	863
122	863
122	862
123	862
123	859
124	859
124	857
129	857
129	856
130	856
130	855
131	855
131	854
132	854
132	853
133	853
133	852
135	852
135	851
140	851
140	850
141	850
141	847
151	847
151	846
152	846
152	845
153	845
153	840
167	840
167	839
170	839
170	836
171	836
171	835
173	835
173	836
174	836
174	835
175	835
175	836
176	836
176	835
181	835
181	833
182	833
182	829
192	829
192	828
198	828
198	826
199	826
199	825
200	825
200	824
203	824
203	823
205	823
205	822
210	822
210	819
215	819
215	818
218	818
218	817
221	817
221	815
222	815
222	814
221	814
221	813
227	813
227	812
228	812
228	811
232	811
232	810
233	810
233	809
234	809
234	808
237	808
237	807
239	807
239	806
241	806
241	805
245	805
245	802
250	802
250	801
251	801
251	800
252	800
252	799
253	799
253	800
254	800
254	799
257	799
257	797
259	797
259	795
261	795
261	794
267	794
267	793
268	793
268	790
269	790
269	791
270	791
270	790
273	790
273	789
275	789
275	788
279	788
279	785
284	785
284	784
286	784
286	783
287	783
287	782
290	782
290	781
291	781
291	779
294	779
294	778
296	778
296	777
297	777
297	776
302	776
302	774
303	774
303	773
307	773
307	772
309	772
309	771
310	771
310	770
314	770
314	767
319	767
319	766
320	766
320	765
325	765
325	762
326	762
326	759
336	759
336	758
337	758
337	756
340	756
340	754
343	754
343	753
348	753
348	752
349	752
349	750
354	750
354	749
355	749
355	747
360	747
360	745
361	745
361	744
366	744
366	742
367	742
367	741
371	741
371	742
372	742
372	740
373	740
373	739
372	739
372	738
377	738
377	737
378	737
378	736
381	736
381	735
383	735
383	733
388	733
388	732
389	732
389	730
394	730
394	729
395	729
395	725
397	725
397	724
406	724
406	720
408	720
408	719
409	719
409	718
412	718
412	716
414	716
414	715
415	715
415	713
422	713
422	712
423	712
423	711
424	711
424	709
433	709
433	708
435	708
435	707
440	707
440	706
441	706
441	698
442	698
442	697
443	697
443	696
445	696
445	695
452	695
452	694
453	694
453	692
455	692
455	691
458	691
458	686
464	686
464	684
469	684
469	683
470	683
470	679
473	679
473	678
476	678
476	675
481	675
481	674
482	674
482	664
481	664
481	661
484	661
484	660
487	660
487	656
492	656
492	655
493	655
493	654
494	654
494	650
497	650
497	649
504	649
504	648
505	648
505	645
509	645
509	644
511	644
511	643
516	643
516	638
521	638
521	637
522	637
522	626
527	626
527	625
528	625
528	623
527	623
527	622
528	622
528	621
533	621
533	620
539	620
539	614
545	614
545	609
550	609
550	608
551	608
551	606
555	606
555	605
557	605
557	603
562	603
562	600
563	600
563	599
566	599
566	598
568	598
568	597
574	597
574	586
575	586
575	585
579	585
579	584
580	584
580	581
585	581
585	579
586	579
586	578
591	578
591	576
592	576
592	575
596	575
596	574
603	574
603	571
608	571
608	569
609	569
609	563
615	563
615	562
620	562
620	558
622	558
622	557
625	557
625	556
626	556
626	554
629	554
629	553
630	553
630	552
633	552
633	544
634	544
634	542
637	542
637	540
638	540
638	534
648	534
648	533
649	533
649	530
650	530
650	529
654	529
654	528
655	528
655	526
656	526
656	525
659	525
659	524
661	524
661	523
663	523
663	522
666	522
666	519
671	519
671	518
672	518
672	517
673	517
673	516
674	516
674	517
675	517
675	516
676	516
676	517
677	517
677	516
678	516
678	507
682	507
682	506
684	506
684	505
686	505
686	504
689	504
689	502
690	502
690	499
695	499
695	498
696	498
696	494
700	494
700	493
707	493
707	492
708	492
708	490
709	490
709	488
710	488
710	487
713	487
713	482
723	482
723	481
724	481
724	474
725	474
725	473
726	473
726	471
728	471
728	470
730	470
730	468
735	468
735	467
736	467
736	465
739	465
739	464
741	464
741	463
742	463
742	461
747	461
747	459
748	459
748	458
753	458
753	455
754	455
754	454
756	454
756	453
758	453
758	452
759	452
759	449
764	449
764	446
765	446
765	444
764	444
764	442
765	442
765	438
770	438
770	437
771	437
771	436
777	436
777	435
779	435
779	436
781	436
781	435
782	435
782	432
787	432
787	431
788	431
788	430
789	430
789	429
793	429
793	427
794	427
794	426
795	426
795	424
799	424
799	422
805	422
805	420
806	420
806	419
807	419
807	418
816	418
816	416
817	416
817	414
822	414
822	405
823	405
823	404
828	404
828	402
833	402
833	401
839	401
839	400
840	400
840	395
842	395
842	396
844	396
844	395
850	395
850	394
851	394
851	393
852	393
852	392
853	392
853	391
854	391
854	390
855	390
855	389
857	389
857	384
866	384
866	383
869	383
869	382
870	382
870	381
872	381
872	378
874	378
874	374
877	374
877	372
879	372
879	371
880	371
880	369
886	369
886	368
891	368
891	367
892	367
892	366
897	366
897	363
898	363
898	362
900	362
900	361
901	361
901	360
903	360
903	358
904	358
904	357
905	357
905	358
906	358
906	357
908	357
908	356
910	356
910	355
914	355
914	354
915	354
915	352
916	352
916	353
919	353
919	352
921	352
921	350
923	350
923	351
924	351
924	350
926	350
926	344
927	344
927	345
928	345
928	344
929	344
929	343
932	343
932	341
937	341
937	340
938	340
938	339
943	339
943	338
944	338
944	337
949	337
949	334
951	334
951	333
952	333
952	332
955	332
955	328
961	328
961	326
967	326
967	325
972	325
972	324
973	324
973	323
975	323
975	320
979	320
979	319
978	319
978	316
983	316
983	315
985	315
985	314
995	314
995	313
996	313
996	311
997	311
997	310
999	310
999	309
1001	309
1001	307
1002	307
1002	306
1007	306
1007	305
1008	305
1008	304
1013	304
1013	303
1016	303
1016	302
1019	302
1019	300
1020	300
1020	299
1024	299
1024	297
1029	297
1029	296
1030	296
1030	294
1032	294
1032	293
1033	293
1033	294
1036	294
1036	293
1041	293
1041	292
1044	292
1044	291
1047	291
1047	289
1048	289
1048	288
1051	288
1051	287
1053	287
1053	285
1059	285
1059	282
1065	282
1065	281
1066	281
1066	280
1065	280
1065	272
1064	272
1064	271
1054	271
1054	266
1053	266
1053	265
1049	265
1049	266
1048	266
1048	265
1039	265
1039	266
1023	266
1023	269
1019	269
1019	267
1018	267
1018	266
1005	266
1005	267
1001	267
1001	268
999	268
999	271
996	271
996	268
995	268
995	267
990	267
990	266
963	266
963	265
954	265
954	264
943	264
943	263
932	263
932	261
930	261
930	260
910	260
910	259
909	259
909	258
907	258
907	257
904	257
904	258
894	258
894	257
892	257
892	255
885	255
885	254
880	254
880	253
876	253
876	252
874	252
874	253
873	253
873	252
872	252
872	253
871	253
871	252
858	252
858	251
857	251
857	248
856	248
856	247
839	247
839	246
833	246
833	245
828	245
828	243
810	243
810	242
808	242
808	241
805	241
805	236
804	236
804	235
803	235
803	236
802	236
802	235
784	235
784	236
783	236
783	235
781	235
781	234
770	234
770	232
765	232
765	231
752	231
752	230
750	230
750	229
749	229
749	226
747	226
747	225
736	225
736	223
734	223
734	222
733	222
733	223
718	223
718	222
719	222
719	221
718	221
718	220
694	220
694	219
693	219
693	218
691	218
691	217
690	217
690	212
689	212
689	211
677	211
677	212
676	212
676	213
675	213
675	214
674	214
674	213
673	213
673	209
672	209
672	208
666	208
666	207
655	207
655	206
649	206
649	205
638	205
638	203
637	203
637	197
624	197
624	195
623	195
623	194
615	194
615	191
613	191
613	190
603	190
603	191
597	191
597	186
595	186
595	185
586	185
586	184
585	184
585	183
576	183
576	182
574	182
574	180
573	180
573	179
570	179
570	178
569	178
569	179
559	179
559	177
552	177
552	176
551	176
551	174
548	174
548	173
543	173
543	172
540	172
540	171
538	171
538	170
534	170
534	169
533	169
533	168
521	168
521	167
518	167
518	166
516	166
516	165
512	165
512	164
511	164
511	163
510	163
510	162
502	162
502	161
500	161
500	162
499	162
499	161
493	161
493	160
492	160
492	159
485	159
485	157
482	157
482	156
465	156
465	152
464	152
464	151
463	151
463	150
456	150
456	149
454	149
454	148
447	148
447	145
441	145
441	144
439	144
439	143
435	143
435	139
429	139
429	138
426	138
426	137
419	137
419	136
418	136
418	132
414	132
414	131
408	131
408	130
407	130
407	127
405	127
405	126
402	126
402	125
399	125
399	124
398	124
398	122
395	122
395	121
394	121
394	120
392	120
392	119
389	119
389	117
383	117
383	114
380	114
380	113
379	113
379	110
378	110
378	109
393	109
393	111
394	111
394	112
400	112
400	113
406	113
406	114
407	114
407	113
409	113
409	114
412	114
412	115
416	115
416	117
420	117
420	118
422	118
422	119
425	119
425	120
428	120
428	121
429	121
429	122
433	122
433	123
437	123
437	124
440	124
440	126
443	126
443	125
445	125
445	126
450	126
450	127
451	127
451	129
462	129
462	131
474	131
474	132
478	132
478	133
483	133
483	134
486	134
486	135
498	135
498	136
500	136
500	137
505	137
505	138
509	138
509	139
513	139
513	140
515	140
515	141
527	141
527	142
534	142
534	143
541	143
541	144
547	144
547	145
549	145
549	146
551	146
551	147
566	147
566	148
579	148
579	149
584	149
584	148
586	148
586	149
596	149
596	150
600	150
600	151
612	151
612	150
613	150
613	152
637	152
637	153
648	153
648	154
659	154
659	153
660	153
660	152
674	152
674	153
712	153
712	152
713	152
713	149
714	149
714	148
715	148
715	147
727	147
727	148
735	148
735	147
738	147
738	148
745	148
745	149
749	149
749	150
758	150
758	147
762	147
762	148
764	148
764	147
767	147
767	148
769	148
769	147
770	147
770	148
780	148
780	149
784	149
784	150
791	150
791	151
792	151
792	152
799	152
799	153
806	153
806	154
820	154
820	156
821	156
821	158
834	158
834	157
835	157
835	154
839	154
839	152
842	152
842	153
848	153
848	155
849	155
849	156
850	156
850	158
856	158
856	159
861	159
861	160
864	160
864	161
867	161
867	163
868	163
868	164
880	164
880	163
881	163
881	155
880	155
880	151
878	151
878	150
876	150
876	149
871	149
871	148
870	148
870	145
866	145
866	144
865	144
865	143
864	143
864	142
863	142
863	140
862	140
862	139
857	139
857	138
856	138
856	137
851	137
851	134
850	134
850	133
847	133
847	132
843	132
843	131
841	131
841	128
839	128
839	127
837	127
837	125
835	125
835	124
834	124
834	122
831	122
831	121
830	121
830	120
824	120
824	117
823	117
823	116
820	116
820	115
819	115
819	114
818	114
818	113
814	113
814	111
812	111
812	109
811	109
811	110
810	110
810	109
809	109
809	108
807	108
807	107
806	107
806	106
805	106
805	105
804	105
804	104
801	104
801	102
800	102
800	101
799	101
799	99
798	99
798	98
797	98
797	95
809	95
809	96
810	96
810	97
820	97
820	99
821	99
821	100
826	100
826	101
829	101
829	102
831	102
831	103
832	103
832	104
837	104
837	105
838	105
838	106
839	106
839	107
841	107
841	108
844	108
844	109
849	109
849	111
850	111
850	112
854	112
854	113
856	113
856	114
857	114
857	113
858	113
858	114
861	114
861	117
863	117
863	118
865	118
865	117
867	117
867	118
869	118
869	119
871	119
871	120
878	120
878	123
881	123
881	124
884	124
884	125
890	125
890	129
899	129
899	130
900	130
900	131
907	131
907	132
913	132
913	135
918	135
918	136
920	136
920	137
926	137
926	138
930	138
930	140
931	140
931	141
936	141
936	142
937	142
937	143
939	143
939	142
941	142
941	143
944	143
944	144
949	144
949	145
953	145
953	146
954	146
954	147
960	147
960	148
965	148
965	149
967	149
967	150
970	150
970	152
971	152
971	153
976	153
976	155
977	155
977	158
987	158
987	159
989	159
989	160
991	160
991	161
994	161
994	164
1000	164
1000	165
1002	165
1002	166
1008	166
1008	167
1011	167
1011	169
1013	169
1013	170
1015	170
1015	169
1017	169
1017	170
1018	170
1018	171
1020	171
1020	172
1022	172
1022	173
1023	173
1023	175
1028	175
1028	177
1029	177
1029	178
1034	178
1034	180
1035	180
1035	181
1040	181
1040	183
1041	183
1041	184
1046	184
1046	189
1050	189
1050	190
1051	190
1051	191
1052	191
1052	193
1056	193
1056	194
1058	194
1058	195
1061	195
1061	196
1063	196
1063	198
1065	198
1065	199
1068	199
1068	201
1069	201
1069	204
1073	204
1073	205
1074	205
1074	206
1075	206
1075	208
1080	208
1080	211
1081	211
1081	212
1080	212
1080	213
1081	213
1081	216
1092	216
1092	218
1093	218
1093	220
1092	220
1092	222
1093	222
1093	224
1097	224
1097	225
1098	225
1098	228
1099	228
1099	229
1100	229
1100	232
1101	232
1101	234
1102	234
1102	236
1103	236
1103	239
1106	239
1106	240
1107	240
1107	242
1108	242
1108	243
1109	243
1109	245
1110	245
1110	247
1109	247
1109	250
1111	250
1111	251
1113	251
1113	252
1122	252
1122	251
1123	251
1123	249
1124	249
1124	248
1125	248
1125	247
1126	247
1126	245
1128	245
1128	244
1129	244
1129	239
1131	239
1131	234
1132	234
1132	233
1135	233
1135	232
1136	232
1136	231
1137	231
1137	228
1138	228
1138	227
1140	227
1140	224
1143	224
1143	222
1146	222
1146	219
1148	219
1148	217
1149	217
1149	216
1151	216
1151	215
1152	215
1152	211
1158	211
1158	209
1159	209
1159	208
1160	208
1160	207
1161	207
1161	205
1163	205
1163	204
1168	204
1168	203
1169	203
1169	201
1170	201
1170	200
1171	200
1171	199
1172	199
1172	198
1174	198
1174	196
1175	196
1175	195
1178	195
1178	194
1180	194
1180	192
1181	192
1181	191
1183	191
1183	190
1184	190
1184	189
1185	189
1185	188
1186	188
1186	187
1192	187
1192	183
1193	183
1193	182
1196	182
1196	181
1197	181
1197	180
1198	180
1198	179
1201	179
1201	178
1202	178
1202	177
1203	177
1203	176
1205	176
1205	175
1209	175
1209	172
1211	172
1211	171
1212	171
1212	170
1215	170
1215	169
1216	169
1216	168
1220	168
1220	167
1221	167
1221	166
1224	166
1224	165
1226	165
1226	164
1231	164
1231	163
1232	163
1232	160
1237	160
1237	159
1239	159
1239	158
1243	158
1243	157
1244	157
1244	155
1249	155
1249	154
1250	154
1250	153
1252	153
1252	152
1255	152
1255	150
1258	150
1258	149
1261	149
1261	148
1263	148
1263	147
1266	147
1266	146
1267	146
1267	143
1273	143
1273	142
1275	142
1275	141
1278	141
1278	140
1279	140
1279	139
1280	139
1280	138
1282	138
1282	137
1284	137
1284	136
1285	136
1285	135
1289	135
1289	134
1290	134
1290	132
1295	132
1295	131
1296	131
1296	130
1297	130
1297	129
1301	129
1301	128
1302	128
1302	127
1304	127
1304	126
1305	126
1305	125
1306	125
1306	124
1310	124
1310	123
1313	123
1313	121
1314	121
1314	120
1315	120
1315	118
1321	118
1321	117
1322	117
1322	118
1323	118
1323	117
1325	117
1325	114
1328	114
1328	113
1329	113
1329	112
1336	112
1336	108
1339	108
1339	107
1342	107
1342	106
1343	106
1343	104
1344	104
1344	103
1348	103
1348	102
1350	102
1350	101
1353	101
1353	100
1354	100
1354	98
1355	98
1355	97
1363	97
1363	99
1362	99
1362	102
1361	102
1361	104
1359	104
1359	105
1358	105
1358	108
1357	108
1357	109
1356	109
1356	110
1355	110
1355	111
1354	111
1354	112
1353	112
1353	113
1351	113
1351	114
1349	114
1349	116
1347	116
1347	117
1346	117
1346	118
1345	118
1345	119
1344	119
1344	120
1343	120
1343	121
1341	121
1341	122
1340	122
1340	123
1339	123
1339	124
1337	124
1337	126
1336	126
1336	127
1334	127
1334	128
1333	128
1333	130
1332	130
1332	131
1331	131
1331	132
1329	132
1329	133
1327	133
1327	134
1326	134
1326	137
1325	137
1325	138
1321	138
1321	139
1320	139
1320	140
1319	140
1319	141
1317	141
1317	142
1316	142
1316	143
1315	143
1315	144
1314	144
1314	145
1312	145
1312	146
1311	146
1311	148
1309	148
1309	149
1307	149
1307	150
1305	150
1305	151
1302	151
1302	152
1303	152
1303	153
1301	153
1301	154
1299	154
1299	155
1298	155
1298	156
1297	156
1297	157
1296	157
1296	156
1295	156
1295	157
1294	157
1294	159
1293	159
1293	160
1292	160
1292	161
1291	161
1291	162
1287	162
1287	166
1281	166
1281	167
1280	167
1280	168
1277	168
1277	170
1276	170
1276	171
1275	171
1275	172
1274	172
1274	173
1273	173
1273	174
1269	174
1269	178
1266	178
1266	179
1265	179
1265	186
1266	186
1266	188
1270	188
1270	187
1271	187
1271	188
1274	188
1274	187
1301	187
1301	185
1302	185
1302	184
1306	184
1306	183
1308	183
1308	182
1314	182
1314	181
1321	181
1321	182
1322	182
1322	181
1324	181
1324	180
1325	180
1325	179
1326	179
1326	178
1327	178
1327	179
1330	179
1330	178
1331	178
1331	177
1335	177
1335	178
1340	178
1340	180
1341	180
1341	181
1343	181
1343	182
1344	182
1344	181
1351	181
1351	182
1352	182
1352	181
1354	181
1354	180
1357	180
1357	179
1359	179
1359	178
1365	178
1365	177
1383	177
1383	176
1395	176
1395	175
1405	175
1405	176
1407	176
1407	181
1417	181
1417	180
1418	180
1418	179
1420	179
1420	178
1421	178
1421	177
1436	177
1436	176
1451	176
1451	175
1457	175
1457	173
1463	173
1463	172
1464	172
1464	171
1471	171
1471	172
1472	172
1472	173
1473	173
1473	176
1474	176
1474	177
1488	177
1488	176
1529	176
1529	175
1538	175
1538	172
1543	172
1543	175
1567	175
1567	174
1568	174
1568	173
1575	173
1575	172
1579	172
1579	170
1580	170
1580	171
1581	171
1581	170
1601	170
1601	169
1602	169
1602	166
1613	166
1613	165
1616	165
1616	164
1625	164
1625	163
1626	163
1626	159
1628	159
1628	160
1637	160
1637	159
1638	159
1638	158
1642	158
1642	157
1643	157
1643	156
1649	156
1649	155
1654	155
1654	153
1660	153
1660	151
1663	151
1663	150
1666	150
1666	149
1671	149
1671	147
1677	147
1677	145
1679	145
1679	144
1680	144
1680	143
1682	143
1682	142
1684	142
1684	141
1694	141
1694	137
1700	137
1700	136
1702	136
1702	135
1705	135
1705	134
1706	134
1706	133
1707	133
1707	132
1709	132
1709	131
1715	131
1715	130
1717	130
1717	129
1718	129
1718	127
1723	127
1723	126
1726	126
1726	125
1728	125
1728	124
1730	124
1730	123
1735	123
1735	120
1736	120
1736	119
1739	119
1739	118
1743	118
1743	117
1746	117
1746	116
1749	116
1749	115
1751	115
1751	114
1757	114
1757	113
1762	113
1762	114
1761	114
1761	115
1760	115
1760	116
1759	116
1759	117
1758	117
1758	118
1757	118
1757	119
1756	119
1756	122
1753	122
1753	124
1750	124
1750	127
1747	127
1747	128
1745	128
1745	130
1744	130
1744	131
1742	131
1742	132
1739	132
1739	134
1737	134
1737	136
1736	136
1736	137
1735	137
1735	138
1733	138
1733	139
1731	139
1731	142
1729	142
1729	143
1727	143
1727	144
1725	144
1725	145
1724	145
1724	144
1723	144
1723	145
1721	145
1721	147
1720	147
1720	148
1718	148
1718	149
1716	149
1716	150
1712	150
1712	151
1710	151
1710	154
1707	154
1707	155
1705	155
1705	156
1703	156
1703	157
1702	157
1702	156
1700	156
1700	157
1698	157
1698	159
1696	159
1696	160
1693	160
1693	161
1692	161
1692	162
1688	162
1688	163
1687	163
1687	165
1686	165
1686	166
1683	166
1683	167
1681	167
1681	168
1675	168
1675	171
1673	171
1673	172
1672	172
1672	173
1666	173
1666	174
1664	174
1664	176
1661	176
1661	177
1659	177
1659	178
1658	178
1658	179
1653	179
1653	180
1652	180
1652	181
1651	181
1651	182
1647	182
1647	183
1646	183
1646	185
1641	185
1641	186
1640	186
1640	189
1632	189
1632	190
1629	190
1629	191
1624	191
1624	193
1622	193
1622	194
1620	194
1620	196
1618	196
1618	197
1612	197
1612	199
1611	199
1611	200
1606	200
1606	201
1604	201
1604	200
1603	200
1603	201
1600	201
1600	202
1596	202
1596	203
1594	203
1594	205
1593	205
1593	206
1592	206
1592	205
1591	205
1591	206
1588	206
1588	207
1583	207
1583	208
1577	208
1577	209
1576	209
1576	210
1575	210
1575	212
1572	212
1572	213
1570	213
1570	214
1569	214
1569	213
1567	213
1567	214
1559	214
1559	218
1558	218
1558	220
1548	220
1548	223
1540	223
1540	224
1538	224
1538	225
1533	225
1533	226
1530	226
1530	227
1526	227
1526	228
1519	228
1519	231
1515	231
1515	232
1514	232
1514	233
1513	233
1513	234
1508	234
1508	237
1504	237
1504	234
1491	234
1491	236
1489	236
1489	237
1482	237
1482	243
1479	243
1479	246
1467	246
1467	248
1458	248
1458	246
1444	246
1444	247
1438	247
1438	248
1432	248
1432	249
1430	249
1430	248
1427	248
1427	249
1425	249
1425	254
1424	254
1424	255
1404	255
1404	257
1402	257
1402	258
1400	258
1400	257
1383	257
1383	255
1372	255
1372	260
1361	260
1361	261
1360	261
1360	260
1352	260
1352	261
1351	261
1351	260
1347	260
1347	261
1345	261
1345	262
1344	262
1344	261
1336	261
1336	260
1333	260
1333	261
1331	261
1331	260
1321	260
1321	262
1320	262
1320	266
1302	266
1302	265
1301	265
1301	264
1288	264
1288	266
1285	266
1285	265
1284	265
1284	264
1275	264
1275	265
1266	265
1266	266
1248	266
1248	265
1220	265
1220	266
1216	266
1216	265
1214	265
1214	264
1190	264
1190	266
1189	266
1189	268
1190	268
1190	271
1189	271
1189	272
1190	272
1190	275
1191	275
1191	276
1193	276
1193	277
1195	277
1195	278
1196	278
1196	279
1195	279
1195	280
1197	280
1197	281
1207	281
1207	282
1208	282
1208	285
1215	285
1215	286
1216	286
1216	285
1218	285
1218	286
1220	286
1220	287
1222	287
1222	286
1228	286
1228	287
1234	287
1234	288
1236	288
1236	291
1242	291
1242	292
1243	292
1243	293
1248	293
1248	294
1253	294
1253	295
1254	295
1254	296
1255	296
1255	297
1265	297
1265	299
1272	299
1272	300
1277	300
1277	302
1279	302
1279	303
1280	303
1280	302
1285	302
1285	303
1286	303
1286	304
1287	304
1287	306
1294	306
1294	308
1304	308
1304	309
1306	309
1306	310
1310	310
1310	311
1312	311
1312	312
1317	312
1317	314
1323	314
1323	315
1324	315
1324	316
1334	316
1334	317
1340	317
1340	319
1341	319
1341	320
1345	320
1345	322
1346	322
1346	325
1347	325
1347	326
1349	326
1349	325
1352	325
1352	326
1353	326
1353	327
1359	327
1359	328
1360	328
1360	329
1361	329
1361	331
1370	331
1370	332
1374	332
1374	333
1375	333
1375	336
1376	336
1376	337
1389	337
1389	338
1390	338
1390	339
1391	339
1391	343
1394	343
1394	344
1397	344
1397	343
1398	343
1398	344
1404	344
1404	348
1405	348
1405	349
1421	349
1421	354
1426	354
1426	355
1427	355
1427	356
1433	356
1433	357
1439	357
1439	360
1442	360
1442	361
1443	361
1443	367
1456	367
1456	371
1457	371
1457	372
1462	372
1462	374
1467	374
1467	375
1468	375
1468	376
1467	376
1467	377
1472	377
1472	378
1474	378
1474	379
1479	379
1479	380
1484	380
1484	381
1485	381
1485	383
1486	383
1486	384
1491	384
1491	391
1497	391
1497	392
1502	392
1502	394
1503	394
1503	395
1509	395
1509	396
1514	396
1514	400
1515	400
1515	401
1517	401
1517	400
1518	400
1518	401
1519	401
1519	402
1520	402
1520	403
1525	403
1525	406
1526	406
1526	407
1531	407
1531	412
1537	412
1537	414
1543	414
1543	418
1548	418
1548	419
1549	419
1549	421
1548	421
1548	425
1549	425
1549	426
1554	426
1554	429
1556	429
1556	430
1557	430
1557	429
1559	429
1559	430
1561	430
1561	431
1564	431
1564	432
1571	432
1571	433
1572	433
1572	435
1573	435
1573	436
1576	436
1576	437
1578	437
1578	438
1583	438
1583	441
1588	441
1588	442
1589	442
1589	443
1590	443
1590	444
1592	444
1592	443
1593	443
1593	444
1594	444
1594	448
1595	448
1595	449
1600	449
1600	451
1601	451
1601	453
1602	453
1602	452
1606	452
1606	453
1608	453
1608	454
1610	454
1610	455
1612	455
1612	465
1614	465
1614	466
1616	466
1616	467
1618	467
1618	468
1623	468
1623	469
1624	469
1624	470
1627	470
1627	471
1629	471
1629	472
1633	472
1633	473
1634	473
1634	472
1635	472
1635	475
1637	475
1637	476
1640	476
1640	477
1641	477
1641	481
1646	481
1646	482
1648	482
1648	483
1650	483
1650	484
1652	484
1652	485
1657	485
1657	486
1658	486
1658	487
1659	487
1659	488
1662	488
1662	487
1663	487
1663	488
1664	488
1664	489
1667	489
1667	490
1669	490
1669	492
1670	492
1670	493
1672	493
1672	494
1673	494
1673	495
1672	495
1672	496
1673	496
1673	499
1672	499
1672	500
1673	500
1673	504
1675	504
1675	505
1681	505
1681	507
1687	507
1687	510
1688	510
1688	511
1693	511
1693	513
1698	513
1698	514
1699	514
1699	516
1700	516
1700	517
1702	517
1702	519
1704	519
1704	521
1705	521
1705	522
1709	522
1709	523
1710	523
1710	524
1711	524
1711	525
1716	525
1716	528
1721	528
1721	530
1722	530
1722	539
1724	539
1724	540
1727	540
1727	541
1729	541
1729	542
1733	542
1733	544
1734	544
1734	545
1738	545
1738	546
1741	546
1741	547
1742	547
1742	548
1744	548
1744	549
1745	549
1745	551
1750	551
1750	552
1751	552
1751	553
1756	553
1756	556
1757	556
1757	557
1758	557
1758	556
1759	556
1759	557
1761	557
1761	558
1762	558
1762	568
1770	568
1770	569
1771	569
1771	568
1773	568
1773	570
1775	570
1775	571
1776	571
1776	570
1777	570
1777	571
1778	571
1778	570
1779	570
1779	572
1780	572
1780	574
1785	574
1785	575
1788	575
1788	576
1790	576
1790	578
1791	578
1791	579
1793	579
1793	580
1797	580
1797	581
1798	581
1798	582
1799	582
1799	581
1801	581
1801	582
1805	582
1805	583
1807	583
1807	582
1808	582
1808	585
1809	585
1809	586
1810	586
1810	589
1809	589
1809	590
1808	590
1808	599
1809	599
1809	600
1814	600
1814	603
1817	603
1817	604
1818	604
1818	605
1820	605
1820	608
1821	608
1821	609
1824	609
1824	610
1825	610
1825	611
1826	611
1826	614
1831	614
1831	616
1832	616
1832	617
1837	617
1837	620
1838	620
1838	621
1842	621
1842	622
1843	622
1843	626
1846	626
1846	627
1849	627
1849	628
1854	628
1854	629
1855	629
1855	630
1854	630
1854	631
1855	631
1855	632
1866	632
1866	638
1867	638
1867	639
1871	639
1871	641
1872	641
1872	643
1874	643
1874	644
1875	644
1875	645
1877	645
1877	647
1878	647
1878	649
1883	649
1883	651
1886	651
1886	652
1888	652
1888	651
1889	651
1889	654
1890	654
1890	655
1895	655
1895	657
1901	657
1901	660
1902	660
1902	661
1904	661
1904	662
1906	662
1906	663
1912	663
1912	667
1919	667
1919	668
1924	668
1924	672
1926	672
1926	673
1928	673
1928	674
1930	674
1930	675
1935	675
1935	678
1939	678
1939	679
1944	679
1944	678
1945	678
1945	679
1946	679
1946	683
1947	683
1947	685
1953	685
1953	689
1960	689
1960	690
1964	690
1964	692
1970	692
1970	695
1974	695
1974	696
1976	696
1976	697
1977	697
1977	698
1982	698
1982	699
1987	699
1987	702
1988	702
1988	703
1993	703
1993	706
1994	706
1994	707
1999	707
1999	709
2005	709
2005	712
2010	712
2010	713
2022	713
2022	718
2025	718
2025	719
2027	719
2027	720
2028	720
2028	721
2034	721
2034	722
2033	722
2033	723
2034	723
2034	724
2038	724
2038	725
2039	725
2039	726
2043	726
2043	727
2045	727
2045	729
2046	729
2046	730
2050	730
2050	731
2051	731
2051	732
2055	732
2055	733
2056	733
2056	735
2057	735
2057	736
2058	736
2058	735
2059	735
2059	736
2062	736
2062	737
2064	737
2064	740
2065	740
2065	738
2067	738
2067	739
2068	739
2068	741
2073	741
2073	742
2074	742
2074	743
2077	743
2077	744
2085	744
2085	746
2086	746
2086	747
2087	747
2087	748
2102	748
2102	752
2103	752
2103	753
2108	753
2108	755
2109	755
2109	756
2120	756
2120	759
2127	759
2127	760
2128	760
2128	761
2129	761
2129	762
2130	762
2130	763
2131	763
2131	764
2132	764
2132	765
2134	765
2134	766
2136	766
2136	767
2135	767
2135	768
2134	768
2134	767
2127	767
2127	766
2102	766
2102	765
2101	765
2101	764
2100	764
2100	763
2099	763
2099	764
2098	764
2098	763
2093	763
2093	762
2091	762
2091	761
2083	761
2083	762
2077	762
2077	763
2076	763
2076	758
2075	758
2075	757
2068	757
2068	756
2066	756
2066	755
2063	755
2063	754
2061	754
2061	753
2058	753
2058	751
2054	751
2054	750
2049	750
2049	749
2047	749
2047	747
2042	747
2042	746
2040	746
2040	745
2037	745
2037	744
2035	744
2035	743
2029	743
2029	742
2028	742
2028	741
2026	741
2026	740
2023	740
2023	739
2019	739
2019	738
2016	738
2016	737
2012	737
2012	735
2007	735
2007	734
2003	734
2003	733
2000	733
2000	732
1999	732
1999	731
1996	731
1996	730
1995	730
1995	729
1994	729
1994	728
1986	728
1986	727
1978	727
1978	723
1977	723
1977	722
1970	722
1970	721
1969	721
1969	720
1967	720
1967	719
1966	719
1966	718
1960	718
1960	717
1959	717
1959	716
1956	716
1956	715
1954	715
1954	714
1951	714
1951	713
1949	713
1949	712
1948	712
1948	711
1940	711
1940	710
1938	710
1938	709
1936	709
1936	708
1934	708
1934	707
1932	707
1932	706
1931	706
1931	705
1928	705
1928	704
1926	704
1926	703
1920	703
1920	702
1919	702
1919	701
1918	701
1918	700
1914	700
1914	699
1905	699
1905	696
1904	696
1904	695
1903	695
1903	694
1902	694
1902	693
1898	693
1898	692
1895	692
1895	691
1891	691
1891	690
1890	690
1890	689
1885	689
1885	688
1884	688
1884	687
1882	687
1882	686
1878	686
1878	685
1874	685
1874	683
1873	683
1873	682
1867	682
1867	681
1865	681
1865	680
1861	680
1861	679
1856	679
1856	676
1852	676
1852	675
1850	675
1850	674
1848	674
1848	673
1847	673
1847	671
1845	671
1845	670
1828	670
1828	669
1827	669
1827	668
1823	668
1823	667
1822	667
1822	665
1820	665
1820	664
1818	664
1818	663
1816	663
1816	662
1813	662
1813	661
1810	661
1810	659
1807	659
1807	658
1805	658
1805	657
1802	657
1802	656
1799	656
1799	654
1798	654
1798	653
1795	653
1795	652
1794	652
1794	653
1792	653
1792	652
1781	652
1781	651
1780	651
1780	650
1776	650
1776	649
1775	649
1775	647
1769	647
1769	645
1764	645
1764	642
1761	642
1761	641
1757	641
1757	640
1755	640
1755	639
1754	639
1754	638
1753	638
1753	637
1752	637
1752	636
1749	636
1749	635
1737	635
1737	636
1734	636
1734	635
1732	635
1732	634
1731	634
1731	633
1730	633
1730	632
1729	632
1729	630
1728	630
1728	629
1725	629
1725	628
1721	628
1721	627
1720	627
1720	626
1719	626
1719	625
1718	625
1718	624
1714	624
1714	623
1712	623
1712	622
1711	622
1711	621
1708	621
1708	619
1706	619
1706	618
1688	618
1688	617
1687	617
1687	616
1683	616
1683	614
1682	614
1682	613
1677	613
1677	611
1673	611
1673	610
1671	610
1671	607
1666	607
1666	606
1664	606
1664	605
1663	605
1663	604
1661	604
1661	603
1660	603
1660	601
1657	601
1657	600
1656	600
1656	599
1655	599
1655	598
1654	598
1654	596
1653	596
1653	595
1650	595
1650	594
1649	594
1649	593
1640	593
1640	595
1636	595
1636	594
1635	594
1635	593
1632	593
1632	592
1629	592
1629	591
1626	591
1626	590
1625	590
1625	588
1624	588
1624	587
1620	587
1620	585
1619	585
1619	584
1616	584
1616	583
1613	583
1613	582
1610	582
1610	581
1609	581
1609	580
1610	580
1610	579
1609	579
1609	578
1607	578
1607	577
1605	577
1605	576
1602	576
1602	572
1599	572
1599	571
1598	571
1598	570
1597	570
1597	569
1596	569
1596	568
1597	568
1597	567
1595	567
1595	566
1583	566
1583	569
1582	569
1582	568
1581	568
1581	567
1579	567
1579	566
1577	566
1577	565
1576	565
1576	564
1574	564
1574	562
1573	562
1573	561
1572	561
1572	560
1571	560
1571	561
1570	561
1570	560
1566	560
1566	559
1565	559
1565	558
1564	558
1564	557
1563	557
1563	556
1562	556
1562	555
1561	555
1561	553
1560	553
1560	554
1559	554
1559	553
1554	553
1554	552
1553	552
1553	551
1552	551
1552	548
1551	548
1551	547
1549	547
1549	546
1546	546
1546	545
1545	545
1545	544
1544	544
1544	543
1542	543
1542	542
1541	542
1541	541
1540	541
1540	540
1539	540
1539	538
1538	538
1538	537
1537	537
1537	536
1536	536
1536	535
1524	535
1524	536
1523	536
1523	537
1522	537
1522	532
1520	532
1520	531
1518	531
1518	530
1517	530
1517	529
1515	529
1515	526
1509	526
1509	525
1508	525
1508	524
1505	524
1505	523
1504	523
1504	521
1503	521
1503	520
1499	520
1499	519
1496	519
1496	518
1495	518
1495	517
1494	517
1494	515
1492	515
1492	514
1490	514
1490	513
1489	513
1489	511
1488	511
1488	510
1487	510
1487	509
1485	509
1485	508
1484	508
1484	507
1483	507
1483	505
1482	505
1482	504
1475	504
1475	503
1471	503
1471	502
1470	502
1470	501
1467	501
1467	500
1466	500
1466	498
1465	498
1465	497
1462	497
1462	496
1461	496
1461	495
1459	495
1459	493
1457	493
1457	492
1456	492
1456	491
1451	491
1451	490
1449	490
1449	488
1447	488
1447	486
1446	486
1446	485
1445	485
1445	484
1443	484
1443	483
1442	483
1442	482
1441	482
1441	480
1439	480
1439	479
1437	479
1437	478
1436	478
1436	477
1430	477
1430	478
1429	478
1429	477
1427	477
1427	476
1426	476
1426	474
1423	474
1423	473
1421	473
1421	472
1420	472
1420	471
1419	471
1419	469
1418	469
1418	468
1415	468
1415	467
1414	467
1414	466
1413	466
1413	465
1412	465
1412	463
1410	463
1410	462
1407	462
1407	461
1403	461
1403	457
1399	457
1399	456
1398	456
1398	455
1396	455
1396	453
1395	453
1395	452
1394	452
1394	451
1384	451
1384	450
1381	450
1381	449
1380	449
1380	448
1379	448
1379	447
1378	447
1378	445
1375	445
1375	444
1374	444
1374	443
1373	443
1373	442
1371	442
1371	440
1370	440
1370	439
1367	439
1367	438
1365	438
1365	437
1362	437
1362	436
1361	436
1361	434
1360	434
1360	433
1359	433
1359	432
1358	432
1358	431
1356	431
1356	430
1355	430
1355	429
1354	429
1354	428
1352	428
1352	427
1350	427
1350	425
1349	425
1349	424
1348	424
1348	422
1346	422
1346	421
1344	421
1344	420
1336	420
1336	419
1335	419
1335	418
1334	418
1334	417
1333	417
1333	416
1331	416
1331	415
1330	415
1330	414
1328	414
1328	413
1326	413
1326	412
1325	412
1325	411
1324	411
1324	410
1322	410
1322	409
1321	409
1321	408
1320	408
1320	407
1319	407
1319	405
1316	405
1316	404
1314	404
1314	403
1313	403
1313	404
1312	404
1312	403
1310	403
1310	401
1309	401
1309	400
1308	400
1308	398
1306	398
1306	397
1303	397
1303	396
1302	396
1302	394
1301	394
1301	393
1299	393
1299	391
1298	391
1298	390
1297	390
1297	389
1296	389
1296	388
1295	388
1295	386
1290	386
1290	385
1285	385
1285	383
1284	383
1284	381
1282	381
1282	380
1280	380
1280	379
1279	379
1279	377
1278	377
1278	376
1276	376
1276	375
1275	375
1275	374
1274	374
1274	373
1273	373
1273	371
1272	371
1272	370
1265	370
1265	369
1264	369
1264	368
1263	368
1263	367
1262	367
1262	365
1261	365
1261	364
1258	364
1258	363
1257	363
1257	362
1256	362
1256	361
1255	361
1255	359
1253	359
1253	358
1252	358
1252	357
1250	357
1250	356
1246	356
1246	353
1244	353
1244	352
1243	352
1243	351
1240	351
1240	348
1239	348
1239	347
1234	347
1234	346
1233	346
1233	344
1232	344
1232	342
1231	342
1231	341
1228	341
1228	340
1227	340
1227	339
1224	339
1224	338
1223	338
1223	336
1222	336
1222	335
1220	335
1220	334
1219	334
1219	332
1218	332
1218	333
1217	333
1217	332
1216	332
1216	331
1215	331
1215	330
1214	330
1214	329
1204	329
1204	327
1205	327
1205	326
1204	326
1204	322
1201	322
1201	321
1200	321
1200	319
1199	319
1199	318
1198	318
1198	317
1193	317
1193	316
1192	316
1192	313
1191	313
1191	312
1188	312
1188	311
1187	311
1187	310
1186	310
1186	307
1183	307
1183	306
1175	306
1175	301
1174	301
1174	300
1161	300
1161	314
1164	314
1164	315
1166	315
1166	316
1167	316
1167	319
1169	319
1169	320
1170	320
1170	321
1171	321
1171	322
1172	322
1172	323
1173	323
1173	325
1174	325
1174	326
1175	326
1175	327
1176	327
1176	328
1177	328
1177	329
1179	329
1179	331
1181	331
1181	332
1182	332
1182	337
1183	337
1183	338
1190	338
1190	344
1193	344
1193	345
1194	345
1194	347
1195	347
1195	349
1196	349
1196	354
1198	354
1198	355
1199	355
1199	356
1200	356
1200	357
1202	357
1202	360
1204	360
1204	361
1205	361
1205	362
1206	362
1206	365
1207	365
1207	366
1208	366
1208	367
1210	367
1210	368
1212	368
1212	369
1213	369
1213	370
1214	370
1214	372
1216	372
1216	374
1217	374
1217	375
1218	375
1218	376
1219	376
1219	377
1221	377
1221	378
1222	378
1222	379
1223	379
1223	380
1224	380
1224	381
1225	381
1225	383
1228	383
1228	389
1236	389
1236	394
1237	394
1237	395
1242	395
1242	406
1248	406
1248	407
1251	407
1251	410
1252	410
1252	409
1253	409
1253	413
1254	413
1254	418
1257	418
1257	420
1258	420
1258	421
1260	421
1260	423
1261	423
1261	424
1262	424
1262	425
1263	425
1263	426
1264	426
1264	427
1265	427
1265	435
1266	435
1266	436
1267	436
1267	438
1268	438
1268	437
1269	437
1269	438
1271	438
1271	440
1272	440
1272	441
1274	441
1274	443
1275	443
1275	446
1276	446
1276	447
1279	447
1279	448
1280	448
1280	452
1281	452
1281	453
1283	453
1283	458
1288	458
1288	461
1289	461
1289	462
1288	462
1288	463
1289	463
1289	464
1291	464
1291	465
1292	465
1292	467
1293	467
1293	468
1294	468
1294	469
1295	469
1295	470
1297	470
1297	471
1298	471
1298	473
1299	473
1299	474
1300	474
1300	476
1305	476
1305	482
1306	482
1306	487
1312	487
1312	488
1313	488
1313	489
1314	489
1314	490
1313	490
1313	492
1314	492
1314	493
1315	493
1315	494
1316	494
1316	495
1317	495
1317	498
1318	498
1318	499
1321	499
1321	501
1322	501
1322	502
1323	502
1323	505
1324	505
1324	506
1326	506
1326	507
1329	507
1329	510
1330	510
1330	511
1331	511
1331	512
1332	512
1332	513
1333	513
1333	514
1334	514
1334	516
1335	516
1335	517
1336	517
1336	518
1337	518
1337	519
1338	519
1338	520
1340	520
1340	531
1342	531
1342	532
1346	532
1346	538
1347	538
1347	539
1350	539
1350	541
1352	541
1352	545
1355	545
1355	548
1356	548
1356	550
1357	550
1357	551
1360	551
1360	556
1361	556
1361	557
1364	557
1364	562
1366	562
1366	563
1367	563
1367	564
1368	564
1368	565
1369	565
1369	567
1370	567
1370	568
1372	568
1372	569
1373	569
1373	574
1375	574
1375	585
1378	585
1378	586
1380	586
1380	588
1381	588
1381	591
1383	591
1383	592
1384	592
1384	593
1385	593
1385	596
1386	596
1386	597
1390	597
1390	603
1392	603
1392	608
1393	608
1393	609
1396	609
1396	614
1398	614
1398	615
1401	615
1401	620
1404	620
1404	632
1409	632
1409	638
1410	638
1410	643
1415	643
1415	646
1416	646
1416	649
1419	649
1419	650
1420	650
1420	651
1421	651
1421	654
1422	654
1422	655
1424	655
1424	657
1425	657
1425	660
1427	660
1427	666
1429	666
1429	667
1432	667
1432	668
1433	668
1433	672
1436	672
1436	673
1437	673
1437	675
1438	675
1438	678
1439	678
1439	688
1438	688
1438	689
1443	689
1443	690
1444	690
1444	691
1445	691
1445	695
1448	695
1448	696
1449	696
1449	697
1450	697
1450	701
1453	701
1453	703
1454	703
1454	706
1455	706
1455	707
1456	707
1456	712
1458	712
1458	713
1459	713
1459	712
1461	712
1461	713
1462	713
1462	714
1461	714
1461	717
1462	717
1462	718
1463	718
1463	719
1465	719
1465	721
1466	721
1466	722
1467	722
1467	727
1468	727
1468	731
1467	731
1467	743
1468	743
1468	744
1470	744
1470	745
1472	745
1472	746
1473	746
1473	752
1474	752
1474	753
1477	753
1477	754
1478	754
1478	755
1479	755
1479	758
1480	758
1480	759
1482	759
1482	761
1483	761
1483	764
1485	764
1485	770
1489	770
1489	776
1491	776
1491	782
1495	782
1495	788
1499	788
1499	791
1500	791
1500	794
1501	794
1501	796
1502	796
1502	799
1500	799
1500	800
1501	800
1501	801
1500	801
1500	800
1498	800
1498	801
1496	801
1496	802
1497	802
1497	803
1496	803
1496	804
1497	804
1497	805
1496	805
1496	810
1498	810
1498	811
1501	811
1501	812
1502	812
1502	816
1506	816
1506	817
1507	817
1507	818
1508	818
1508	822
1511	822
1511	824
1512	824
1512	826
1513	826
1513	828
1514	828
1514	832
1513	832
1513	833
1514	833
1514	834
1518	834
1518	839
1519	839
1519	840
1520	840
1520	845
1523	845
1523	853
1524	853
1524	854
1525	854
1525	857
1527	857
1527	864
1528	864
1528	866
1529	866
1529	865
1530	865
1530	866
1531	866
1531	867
1528	867
1528	877
1531	877
1531	885
1532	885
1532	886
1537	886
1537	891
1538	891
1538	892
1539	892
1539	893
1540	893
1540	895
1541	895
1541	897
1542	897
1542	898
1543	898
1543	903
1547	903
1547	909
1548	909
1548	914
1549	914
1549	915
1552	915
1552	917
1553	917
1553	918
1554	918
1554	937
1555	937
1555	938
1559	938
1559	944
1560	944
1560	949
1563	949
1563	951
1564	951
1564	952
1565	952
1565	953
1566	953
1566	955
1568	955
1568	956
1569	956
1569	959
1570	959
1570	960
1571	960
1571	962
1572	962
1572	967
1575	967
1575	968
1576	968
1576	970
1577	970
1577	977
1578	977
1578	978
1581	978
1581	980
1582	980
1582	983
1583	983
1583	988
1580	988
1580	1001
1582	1001
1582	1002
1583	1002
1583	1007
1586	1007
1586	1009
1587	1009
1587	1011
1588	1011
1588	1013
1591	1013
1591	1018
1592	1018
1592	1021
1593	1021
1593	1023
1594	1023
1594	1030
1595	1030
1595	1036
1598	1036
1598	1041
1599	1041
1599	1046
1598	1046
1598	1047
1597	1047
1597	1049
1598	1049
1598	1050
1597	1050
1597	1054
1598	1054
1598	1056
1600	1056
1600	1060
1601	1060
1601	1061
1600	1061
1600	1063
1601	1063
1601	1065
1603	1065
1603	1070
1604	1070
1604	1071
1606	1071
1606	1081
1607	1081
1607	1082
1609	1082
1609	1084
1610	1084
1610	1086
1612	1086
1612	1093
1613	1093
1613	1094
1614	1094
1614	1093
1615	1093
1615	1096
1614	1096
1614	1097
1613	1097
1613	1098
1612	1098
1612	1111
1615	1111
1615	1116
1616	1116
1616	1117
1617	1117
1617	1118
1618	1118
1618	1122
1619	1122
1619	1123
1620	1123
1620	1124
1621	1124
1621	1126
1622	1126
1622	1128
1623	1128
1623	1132
1624	1132
1624	1134
1627	1134
1627	1135
1628	1135
1628	1136
1627	1136
1627	1146
1629	1146
1629	1151
1631	1151
1631	1152
1632	1152
1632	1153
1633	1153
1633	1155
1634	1155
1634	1157
1635	1157
1635	1163
1638	1163
1638	1164
1639	1164
1639	1167
1640	1167
1640	1168
1641	1168
1641	1174
1642	1174
1642	1175
1644	1175
1644	1177
1645	1177
1645	1179
1646	1179
1646	1181
1647	1181
1647	1184
1646	1184
1646	1185
1647	1185
1647	1186
1649	1186
1649	1188
1650	1188
1650	1190
1651	1190
1651	1195
1652	1195
1652	1197
1653	1197
1653	1198
1656	1198
1656	1205
1657	1205
1657	1207
1658	1207
1658	1214
1659	1214
1659	1215
1661	1215
1661	1218
1662	1218
1662	1220
1663	1220
1663	1221
1666	1221
1666	1226
1667	1226
1667	1229
1668	1229
1668	1232
1670	1232
1670	1238
1673	1238
1673	1240
1674	1240
1674	1244
1675	1244
1675	1245
1676	1245
1676	1246
1675	1246
1675	1248
1676	1248
1676	1250
1679	1250
1679	1253
1680	1253
1680	1255
1681	1255
1681	1260
1682	1260
1682	1261
1684	1261
1684	1263
1685	1263
1685	1264
1686	1264
1686	1267
1687	1267
1687	1272
1688	1272
1688	1273
1690	1273
1690	1274
1691	1274
1691	1277
1692	1277
1692	1279
1693	1279
1693	1284
1696	1284
1696	1285
1697	1285
1697	1290
1698	1290
1698	1293
1699	1293
1699	1294
1698	1294
1698	1295
1699	1295
1699	1296
1702	1296
1702	1299
1703	1299
1703	1301
1704	1301
1704	1307
1705	1307
1705	1308
1706	1308
1706	1307
1707	1307
1707	1309
1708	1309
1708	1311
1709	1311
1709	1313
1710	1313
1710	1318
1711	1318
1711	1319
1714	1319
1714	1320
1715	1320
1715	1322
1716	1322
1716	1325
1719	1325
1719	1333
1720	1333
1720	1336
1722	1336
1722	1342
1725	1342
1725	1343
1726	1343
1726	1346
1727	1346
1727	1349
1728	1349
1728	1350
1727	1350
1727	1352
1728	1352
1728	1353
1729	1353
1729	1354
1731	1354
1731	1356
1732	1356
1732	1357
1733	1357
1733	1364
1734	1364
1734	1365
1737	1365
1737	1368
1738	1368
1738	1369
1739	1369
1739	1371
1742	1371
1742	1376
1743	1376
1743	1379
1744	1379
1744	1381
1745	1381
1745	1382
1746	1382
1746	1383
1748	1383
1748	1385
1749	1385
1749	1388
1750	1388
1750	1389
1751	1389
1751	1392
1750	1392
1750	1393
1751	1393
1751	1394
1755	1394
1755	1397
1756	1397
1756	1400
1759	1400
1759	1402
1760	1402
1760	1405
1762	1405
1762	1411
1765	1411
1765	1412
1766	1412
1766	1417
1768	1417
1768	1418
1769	1418
1769	1419
1771	1419
1771	1423
1774	1423
1774	1429
1779	1429
1779	1435
1781	1435
1781	1436
1782	1436
1782	1437
1783	1437
1783	1438
1784	1438
1784	1439
1785	1439
1785	1446
1790	1446
1790	1452
1794	1452
1794	1458
1796	1458
1796	1459
1797	1459
1797	1460
1796	1460
1796	1463
1798	1463
1798	1464
1800	1464
1800	1469
1801	1469
1801	1471
1800	1471
1800	1472
1799	1472
1799	1471
1798	1471
1798	1468
1796	1468
1796	1467
1793	1467
1793	1465
1792	1465
1792	1464
1791	1464
1791	1463
1790	1463
1790	1462
1789	1462
1789	1461
1787	1461
1787	1460
1786	1460
1786	1459
1784	1459
1784	1458
1783	1458
1783	1456
1781	1456
1781	1454
1780	1454
1780	1453
1778	1453
1778	1451
1777	1451
1777	1450
1775	1450
1775	1448
1772	1448
1772	1444
1771	1444
1771	1441
1770	1441
1770	1439
1767	1439
1767	1437
1766	1437
1766	1436
1765	1436
1765	1435
1764	1435
1764	1433
1761	1433
1761	1432
1760	1432
1760	1428
1759	1428
1759	1427
1757	1427
1757	1426
1756	1426
1756	1425
1755	1425
1755	1422
1754	1422
1754	1421
1752	1421
1752	1418
1750	1418
1750	1417
1749	1417
1749	1414
1748	1414
1748	1413
1747	1413
1747	1411
1746	1411
1746	1410
1744	1410
1744	1409
1743	1409
1743	1407
1742	1407
1742	1406
1741	1406
1741	1405
1740	1405
1740	1404
1739	1404
1739	1403
1738	1403
1738	1401
1737	1401
1737	1398
1735	1398
1735	1393
1733	1393
1733	1392
1732	1392
1732	1391
1731	1391
1731	1390
1730	1390
1730	1389
1729	1389
1729	1387
1728	1387
1728	1386
1727	1386
1727	1385
1726	1385
1726	1384
1725	1384
1725	1382
1724	1382
1724	1381
1723	1381
1723	1380
1718	1380
1718	1370
1717	1370
1717	1368
1716	1368
1716	1367
1714	1367
1714	1365
1713	1365
1713	1363
1712	1363
1712	1361
1711	1361
1711	1360
1712	1360
1712	1359
1711	1359
1711	1358
1708	1358
1708	1355
1707	1355
1707	1352
1706	1352
1706	1350
1705	1350
1705	1349
1703	1349
1703	1346
1702	1346
1702	1344
1701	1344
1701	1343
1700	1343
1700	1341
1699	1341
1699	1340
1697	1340
1697	1336
1696	1336
1696	1335
1695	1335
1695	1331
1694	1331
1694	1329
1691	1329
1691	1326
1690	1326
1690	1323
1689	1323
1689	1321
1688	1321
1688	1320
1686	1320
1686	1318
1684	1318
1684	1316
1683	1316
1683	1312
1682	1312
1682	1311
1680	1311
1680	1307
1679	1307
1679	1305
1678	1305
1678	1304
1677	1304
1677	1300
1674	1300
1674	1295
1673	1295
1673	1294
1672	1294
1672	1293
1671	1293
1671	1289
1670	1289
1670	1288
1669	1288
1669	1287
1668	1287
1668	1286
1667	1286
1667	1285
1666	1285
1666	1283
1665	1283
1665	1280
1664	1280
1664	1279
1663	1279
1663	1278
1662	1278
1662	1277
1661	1277
1661	1276
1662	1276
1662	1275
1660	1275
1660	1272
1659	1272
1659	1271
1658	1271
1658	1270
1657	1270
1657	1266
1656	1266
1656	1264
1655	1264
1655	1263
1654	1263
1654	1260
1653	1260
1653	1259
1651	1259
1651	1254
1648	1254
1648	1248
1645	1248
1645	1245
1644	1245
1644	1243
1643	1243
1643	1242
1642	1242
1642	1240
1639	1240
1639	1237
1638	1237
1638	1235
1637	1235
1637	1231
1636	1231
1636	1230
1635	1230
1635	1228
1634	1228
1634	1224
1632	1224
1632	1223
1631	1223
1631	1220
1630	1220
1630	1219
1628	1219
1628	1215
1627	1215
1627	1213
1626	1213
1626	1211
1625	1211
1625	1208
1624	1208
1624	1207
1622	1207
1622	1205
1621	1205
1621	1204
1620	1204
1620	1203
1619	1203
1619	1202
1615	1202
1615	1192
1614	1192
1614	1189
1613	1189
1613	1188
1610	1188
1610	1187
1608	1187
1608	1180
1607	1180
1607	1178
1605	1178
1605	1177
1604	1177
1604	1176
1603	1176
1603	1174
1602	1174
1602	1168
1601	1168
1601	1167
1599	1167
1599	1166
1598	1166
1598	1163
1597	1163
1597	1161
1596	1161
1596	1159
1593	1159
1593	1156
1592	1156
1592	1155
1591	1155
1591	1153
1590	1153
1590	1150
1587	1150
1587	1146
1586	1146
1586	1145
1585	1145
1585	1144
1584	1144
1584	1142
1583	1142
1583	1141
1581	1141
1581	1138
1580	1138
1580	1137
1579	1137
1579	1133
1578	1133
1578	1132
1576	1132
1576	1133
1575	1133
1575	1131
1574	1131
1574	1129
1573	1129
1573	1127
1572	1127
1572	1126
1571	1126
1571	1125
1570	1125
1570	1124
1569	1124
1569	1123
1570	1123
1570	1122
1568	1122
1568	1121
1567	1121
1567	1120
1562	1120
1562	1110
1561	1110
1561	1109
1552	1109
1552	1105
1551	1105
1551	1104
1550	1104
1550	1103
1547	1103
1547	1096
1546	1096
1546	1093
1545	1093
1545	1092
1543	1092
1543	1091
1542	1091
1542	1090
1541	1090
1541	1089
1540	1089
1540	1088
1539	1088
1539	1082
1538	1082
1538	1081
1536	1081
1536	1080
1535	1080
1535	1077
1534	1077
1534	1075
1533	1075
1533	1070
1532	1070
1532	1069
1529	1069
1529	1065
1528	1065
1528	1063
1527	1063
1527	1058
1526	1058
1526	1057
1518	1057
1518	1058
1516	1058
1516	1060
1515	1060
1515	1058
1514	1058
1514	1057
1512	1057
1512	1054
1511	1054
1511	1052
1510	1052
1510	1051
1509	1051
1509	1050
1510	1050
1510	1048
1509	1048
1509	1046
1506	1046
1506	1041
1505	1041
1505	1040
1504	1040
1504	1035
1503	1035
1503	1034
1501	1034
1501	1033
1500	1033
1500	1032
1499	1032
1499	1031
1498	1031
1498	1028
1495	1028
1495	1025
1494	1025
1494	1023
1493	1023
1493	1019
1492	1019
1492	1017
1490	1017
1490	1016
1489	1016
1489	1011
1488	1011
1488	1010
1487	1010
1487	1009
1486	1009
1486	1006
1485	1006
1485	1005
1483	1005
1483	1003
1482	1003
1482	1001
1481	1001
1481	995
1480	995
1480	994
1468	994
1468	993
1465	993
1465	985
1464	985
1464	983
1463	983
1463	977
1461	977
1461	976
1460	976
1460	974
1459	974
1459	972
1458	972
1458	971
1457	971
1457	970
1456	970
1456	969
1455	969
1455	968
1454	968
1454	965
1453	965
1453	960
1452	960
1452	959
1451	959
1451	958
1450	958
1450	957
1449	957
1449	956
1448	956
1448	955
1447	955
1447	950
1446	950
1446	947
1441	947
1441	944
1442	944
1442	931
1441	931
1441	930
1435	930
1435	931
1434	931
1434	930
1433	930
1433	931
1432	931
1432	934
1431	934
1431	935
1430	935
1430	931
1429	931
1429	930
1428	930
1428	925
1426	925
1426	924
1425	924
1425	919
1423	919
1423	913
1421	913
1421	912
1420	912
1420	908
1419	908
1419	907
1417	907
1417	902
1415	902
1415	896
1414	896
1414	894
1413	894
1413	890
1412	890
1412	885
1411	885
1411	884
1410	884
1410	882
1409	882
1409	880
1410	880
1410	879
1409	879
1409	878
1408	878
1408	874
1400	874
1400	873
1399	873
1399	872
1398	872
1398	870
1397	870
1397	867
1396	867
1396	866
1395	866
1395	863
1394	863
1394	861
1393	861
1393	860
1392	860
1392	856
1391	856
1391	855
1390	855
1390	850
1389	850
1389	848
1388	848
1388	847
1389	847
1389	845
1388	845
1388	844
1387	844
1387	843
1385	843
1385	836
1384	836
1384	834
1383	834
1383	832
1381	832
1381	831
1380	831
1380	830
1379	830
1379	829
1378	829
1378	828
1377	828
1377	816
1376	816
1376	815
1375	815
1375	814
1374	814
1374	812
1375	812
1375	810
1374	810
1374	805
1373	805
1373	804
1369	804
1369	805
1368	805
1368	804
1365	804
1365	803
1362	803
1362	794
1361	794
1361	792
1359	792
1359	791
1354	791
1354	775
1353	775
1353	774
1351	774
1351	773
1350	773
1350	769
1348	769
1348	763
1347	763
1347	762
1346	762
1346	758
1345	758
1345	756
1344	756
1344	753
1343	753
1343	751
1342	751
1342	736
1340	736
1340	735
1334	735
1334	736
1332	736
1332	734
1331	734
1331	731
1330	731
1330	728
1328	728
1328	722
1327	722
1327	719
1326	719
1326	717
1325	717
1325	711
1323	711
1323	710
1321	710
1321	707
1320	707
1320	705
1319	705
1319	700
1318	700
1318	699
1316	699
1316	697
1315	697
1315	693
1314	693
1314	691
1313	691
1313	688
1312	688
1312	687
1311	687
1311	685
1310	685
1310	677
1309	677
1309	676
1302	676
1302	674
1301	674
1301	673
1299	673
1299	670
1298	670
1298	668
1296	668
1296	659
1293	659
1293	658
1292	658
1292	657
1293	657
1293	655
1292	655
1292	653
1290	653
1290	651
1291	651
1291	650
1290	650
1290	647
1288	647
1288	642
1287	642
1287	641
1286	641
1286	640
1287	640
1287	637
1286	637
1286	635
1285	635
1285	630
1284	630
1284	624
1280	624
1280	623
1279	623
1279	622
1280	622
1280	621
1278	621
1278	619
1276	619
1276	618
1275	618
1275	613
1274	613
1274	612
1273	612
1273	608
1272	608
1272	607
1270	607
1270	601
1269	601
1269	598
1268	598
1268	596
1267	596
1267	590
1264	590
1264	584
1263	584
1263	582
1262	582
1262	579
1261	579
1261	576
1262	576
1262	575
1261	575
1261	572
1254	572
1254	571
1253	571
1253	569
1254	569
1254	568
1253	568
1253	566
1252	566
1252	561
1251	561
1251	560
1250	560
1250	555
1249	555
1249	554
1248	554
1248	553
1247	553
1247	552
1246	552
1246	551
1245	551
1245	549
1244	549
1244	544
1243	544
1243	543
1242	543
1242	541
1241	541
1241	538
1240	538
1240	537
1239	537
1239	535
1238	535
1238	526
1236	526
1236	520
1235	520
1235	518
1229	518
1229	515
1228	515
1228	513
1227	513
1227	509
1226	509
1226	508
1224	508
1224	507
1223	507
1223	503
1222	503
1222	501
1221	501
1221	496
1220	496
1220	495
1218	495
1218	494
1217	494
1217	492
1216	492
1216	489
1215	489
1215	486
1214	486
1214	485
1212	485
1212	480
1211	480
1211	478
1210	478
1210	476
1209	476
1209	474
1207	474
1207	469
1206	469
1206	463
1205	463
1205	462
1204	462
1204	457
1201	457
1201	456
1200	456
1200	455
1199	455
1199	454
1198	454
1198	452
1197	452
1197	450
1196	450
1196	449
1195	449
1195	448
1194	448
1194	447
1193	447
1193	446
1192	446
1192	444
1193	444
1193	443
1192	443
1192	439
1187	439
1187	428
1186	428
1186	422
1184	422
1184	417
1183	417
1183	415
1182	415
1182	413
1181	413
1181	411
1180	411
1180	410
1179	410
1179	409
1176	409
1176	408
1175	408
1175	404
1174	404
1174	402
1175	402
1175	400
1174	400
1174	399
1172	399
1172	394
1171	394
1171	393
1170	393
1170	392
1169	392
1169	388
1167	388
1167	387
1166	387
1166	380
1165	380
1165	379
1164	379
1164	378
1163	378
1163	376
1160	376
1160	370
1159	370
1159	364
1158	364
1158	359
1157	359
1157	358
1156	358
1156	357
1155	357
1155	356
1154	356
1154	355
1153	355
1153	354
1152	354
1152	353
1151	353
1151	347
1149	347
1149	341
1147	341
1147	339
1148	339
1148	337
1147	337
1147	336
1146	336
1146	329
1144	329
1144	325
1143	325
1143	324
1142	324
1142	320
1132	320
1132	336
1133	336
1133	337
1132	337
1132	338
1133	338
1133	345
1132	345
1132	346
1133	346
1133	349
1134	349
1134	352
1135	352
1135	360
1136	360
1136	363
1137	363
1137	364
1138	364
1138	371
1139	371
1139	372
1141	372
1141	380
1142	380
1142	381
1144	381
1144	395
1146	395
1146	400
1147	400
1147	405
1148	405
1148	412
1149	412
1149	413
1150	413
1150	435
1152	435
1152	441
1154	441
1154	446
1155	446
1155	452
1156	452
1156	453
1158	453
1158	459
1159	459
1159	464
1161	464
1161	475
1162	475
1162	476
1163	476
1163	481
1164	481
1164	492
1165	492
1165	493
1166	493
1166	499
1167	499
1167	510
1170	510
1170	516
1171	516
1171	521
1172	521
1172	522
1173	522
1173	528
1175	528
1175	533
1176	533
1176	534
1177	534
1177	539
1178	539
1178	545
1179	545
1179	550
1178	550
1178	557
1179	557
1179	562
1182	562
1182	568
1183	568
1183	578
1184	578
1184	580
1185	580
1185	585
1184	585
1184	586
1185	586
1185	591
1186	591
1186	596
1187	596
1187	597
1188	597
1188	603
1187	603
1187	607
1185	607
1185	610
1184	610
1184	611
1185	611
1185	615
1184	615
1184	616
1185	616
1185	617
1184	617
1184	618
1185	618
1185	620
1187	620
1187	625
1188	625
1188	628
1189	628
1189	632
1190	632
1190	648
1191	648
1191	649
1193	649
1193	655
1194	655
1194	664
1193	664
1193	665
1194	665
1194	666
1195	666
1195	667
1196	667
1196	668
1191	668
1191	669
1190	669
1190	683
1191	683
1191	684
1193	684
1193	685
1192	685
1192	687
1193	687
1193	689
1194	689
1194	694
1195	694
1195	701
1196	701
1196	712
1197	712
1197	713
1199	713
1199	718
1200	718
1200	733
1196	733
1196	747
1198	747
1198	752
1199	752
1199	758
1200	758
1200	770
1201	770
1201	771
1202	771
1202	774
1201	774
1201	784
1202	784
1202	788
1204	788
1204	793
1205	793
1205	798
1204	798
1204	809
1202	809
1202	822
1205	822
1205	829
1206	829
1206	840
1207	840
1207	843
1206	843
1206	844
1207	844
