1386	641
1381	641
1381	642
1380	642
1380	643
1376	643
1376	647
1373	647
1373	648
1372	648
1372	651
1371	651
1371	653
1370	653
1370	654
1369	654
1369	655
1368	655
1368	656
1367	656
1367	663
1368	663
1368	664
1385	664
1385	665
1387	665
1387	666
1396	666
1396	667
1398	667
1398	668
1400	668
1400	669
1402	669
1402	671
1405	671
1405	672
1406	672
1406	673
1407	673
1407	674
1409	674
1409	675
1410	675
1410	679
1418	679
1418	685
1423	685
1423	692
1442	692
1442	691
1443	691
1443	688
1446	688
1446	687
1447	687
1447	686
1452	686
1452	687
1455	687
1455	688
1457	688
1457	687
1458	687
1458	688
1460	688
1460	690
1458	690
1458	691
1457	691
1457	692
1456	692
1456	693
1455	693
1455	694
1454	694
1454	695
1453	695
1453	697
1452	697
1452	698
1451	698
1451	699
1449	699
1449	702
1448	702
1448	703
1447	703
1447	705
1446	705
1446	706
1445	706
1445	708
1444	708
1444	709
1443	709
1443	711
1442	711
1442	717
1443	717
1443	718
1445	718
1445	719
1453	719
1453	720
1457	720
1457	721
1462	721
1462	723
1466	723
1466	724
1470	724
1470	725
1472	725
1472	726
1473	726
1473	727
1474	727
1474	728
1477	728
1477	729
1482	729
1482	731
1489	731
1489	735
1493	735
1493	736
1500	736
1500	739
1504	739
1504	740
1506	740
1506	741
1509	741
1509	742
1512	742
1512	743
1513	743
1513	744
1514	744
1514	745
1517	745
1517	747
1518	747
1518	748
1520	748
1520	749
1522	749
1522	750
1526	750
1526	752
1530	752
1530	753
1535	753
1535	754
1536	754
1536	755
1537	755
1537	757
1538	757
1538	758
1536	758
1536	759
1533	759
1533	760
1532	760
1532	761
1531	761
1531	762
1530	762
1530	763
1526	763
1526	765
1525	765
1525	766
1524	766
1524	767
1522	767
1522	769
1521	769
1521	770
1520	770
1520	771
1519	771
1519	777
1520	777
1520	778
1524	778
1524	779
1534	779
1534	780
1538	780
1538	781
1540	781
1540	782
1548	782
1548	784
1553	784
1553	785
1556	785
1556	787
1560	787
1560	788
1564	788
1564	790
1567	790
1567	791
1570	791
1570	793
1573	793
1573	794
1577	794
1577	797
1579	797
1579	798
1581	798
1581	799
1585	799
1585	800
1587	800
1587	801
1590	801
1590	803
1591	803
1591	804
1594	804
1594	805
1592	805
1592	806
1586	806
1586	808
1582	808
1582	810
1581	810
1581	811
1580	811
1580	812
1578	812
1578	814
1577	814
1577	816
1575	816
1575	817
1574	817
1574	818
1573	818
1573	822
1572	822
1572	823
1573	823
1573	827
1590	827
1590	829
1593	829
1593	831
1599	831
1599	833
1601	833
1601	835
1604	835
1604	834
1605	834
1605	835
1606	835
1606	836
1610	836
1610	837
1612	837
1612	838
1613	838
1613	839
1614	839
1614	840
1617	840
1617	842
1619	842
1619	843
1625	843
1625	846
1628	846
1628	847
1629	847
1629	849
1633	849
1633	850
1634	850
1634	851
1635	851
1635	852
1636	852
1636	853
1637	853
1637	854
1638	854
1638	855
1646	855
1646	863
1647	863
1647	865
1646	865
1646	866
1641	866
1641	867
1638	867
1638	868
1633	868
1633	871
1632	871
1632	872
1630	872
1630	873
1629	873
1629	874
1625	874
1625	875
1624	875
1624	877
1623	877
1623	884
1624	884
1624	885
1634	885
1634	887
1639	887
1639	888
1640	888
1640	887
1641	887
1641	888
1646	888
1646	891
1650	891
1650	892
1651	892
1651	893
1654	893
1654	894
1655	894
1655	895
1656	895
1656	896
1662	896
1662	898
1663	898
1663	899
1669	899
1669	900
1670	900
1670	901
1672	901
1672	902
1674	902
1674	904
1675	904
1675	905
1676	905
1676	906
1678	906
1678	907
1681	907
1681	908
1683	908
1683	909
1684	909
1684	910
1685	910
1685	911
1687	911
1687	913
1688	913
1688	914
1689	914
1689	916
1691	916
1691	919
1692	919
1692	920
1693	920
1693	924
1692	924
1692	925
1685	925
1685	926
1684	926
1684	927
1681	927
1681	928
1680	928
1680	930
1676	930
1676	933
1672	933
1672	935
1671	935
1671	936
1670	936
1670	937
1668	937
1668	938
1667	938
1667	946
1668	946
1668	947
1678	947
1678	948
1680	948
1680	949
1683	949
1683	950
1687	950
1687	951
1692	951
1692	952
1693	952
1693	954
1699	954
1699	956
1701	956
1701	957
1702	957
1702	958
1705	958
1705	959
1706	959
1706	961
1707	961
1707	962
1710	962
1710	964
1711	964
1711	965
1713	965
1713	966
1719	966
1719	970
1720	970
1720	971
1723	971
1723	974
1724	974
1724	975
1726	975
1726	976
1728	976
1728	977
1729	977
1729	978
1735	978
1735	983
1736	983
1736	984
1737	984
1737	985
1738	985
1738	987
1739	987
1739	988
1740	988
1740	993
1736	993
1736	994
1732	994
1732	995
1731	995
1731	996
1730	996
1730	997
1728	997
1728	999
1726	999
1726	1000
1725	1000
1725	1001
1723	1001
1723	1002
1722	1002
1722	1011
1726	1011
1726	1012
1730	1012
1730	1013
1735	1013
1735	1015
1737	1015
1737	1016
1740	1016
1740	1015
1741	1015
1741	1016
1742	1016
1742	1017
1744	1017
1744	1019
1747	1019
1747	1020
1748	1020
1748	1022
1749	1022
1749	1023
1757	1023
1757	1026
1760	1026
1760	1027
1763	1027
1763	1028
1765	1028
1765	1030
1766	1030
1766	1033
1770	1033
1770	1034
1771	1034
1771	1035
1772	1035
1772	1036
1773	1036
1773	1037
1774	1037
1774	1038
1775	1038
1775	1039
1776	1039
1776	1040
1777	1040
1777	1042
1778	1042
1778	1043
1779	1043
1779	1050
1771	1050
1771	1051
1770	1051
1770	1052
1768	1052
1768	1053
1766	1053
1766	1054
1765	1054
1765	1055
1764	1055
1764	1054
1762	1054
1762	1056
1759	1056
1759	1057
1757	1057
1757	1060
1754	1060
1754	1061
1753	1061
1753	1069
1756	1069
1756	1070
1761	1070
1761	1071
1762	1071
1762	1072
1765	1072
1765	1073
1771	1073
1771	1074
1773	1074
1773	1075
1774	1075
1774	1077
1775	1077
1775	1078
1780	1078
1780	1079
1783	1079
1783	1078
1785	1078
1785	1084
1786	1084
1786	1085
1788	1085
1788	1086
1789	1086
1789	1090
1796	1090
1796	1093
1800	1093
1800	1094
1801	1094
1801	1095
1803	1095
1803	1096
1805	1096
1805	1098
1806	1098
1806	1100
1807	1100
1807	1102
1808	1102
1808	1103
1813	1103
1813	1105
1815	1105
1815	1106
1816	1106
1816	1107
1817	1107
1817	1108
1818	1108
1818	1110
1820	1110
1820	1112
1821	1112
1821	1115
1822	1115
1822	1116
1824	1116
1824	1122
1821	1122
1821	1123
1817	1123
1817	1124
1815	1124
1815	1125
1812	1125
1812	1126
1809	1126
1809	1127
1805	1127
1805	1128
1803	1128
1803	1129
1802	1129
1802	1130
1801	1130
1801	1131
1796	1131
1796	1133
1795	1133
1795	1140
1796	1140
1796	1142
1802	1142
1802	1143
1803	1143
1803	1144
1806	1144
1806	1145
1807	1145
1807	1146
1808	1146
1808	1148
1813	1148
1813	1150
1814	1150
1814	1151
1817	1151
1817	1152
1818	1152
1818	1153
1819	1153
1819	1154
1820	1154
1820	1155
1821	1155
1821	1156
1822	1156
1822	1157
1823	1157
1823	1159
1824	1159
1824	1160
1825	1160
1825	1161
1827	1161
1827	1163
1828	1163
1828	1167
1830	1167
1830	1168
1832	1168
1832	1170
1833	1170
1833	1172
1834	1172
1834	1174
1836	1174
1836	1175
1837	1175
1837	1177
1838	1177
1838	1178
1839	1178
1839	1181
1842	1181
1842	1182
1843	1182
1843	1183
1846	1183
1846	1184
1847	1184
1847	1187
1848	1187
1848	1188
1850	1188
1850	1191
1852	1191
1852	1192
1853	1192
1853	1193
1854	1193
1854	1195
1856	1195
1856	1197
1857	1197
1857	1198
1859	1198
1859	1202
1862	1202
1862	1206
1864	1206
1864	1210
1865	1210
1865	1212
1864	1212
1864	1213
1862	1213
1862	1212
1861	1212
1861	1213
1856	1213
1856	1214
1853	1214
1853	1215
1852	1215
1852	1216
1851	1216
1851	1217
1848	1217
1848	1218
1847	1218
1847	1227
1849	1227
1849	1228
1850	1228
1850	1229
1852	1229
1852	1230
1855	1230
1855	1231
1856	1231
1856	1232
1857	1232
1857	1233
1859	1233
1859	1234
1860	1234
1860	1235
1861	1235
1861	1237
1864	1237
1864	1238
1865	1238
1865	1239
1868	1239
1868	1241
1869	1241
1869	1242
1871	1242
1871	1245
1872	1245
1872	1246
1873	1246
1873	1249
1875	1249
1875	1251
1877	1251
1877	1253
1878	1253
1878	1254
1879	1254
1879	1255
1880	1255
1880	1256
1881	1256
1881	1257
1882	1257
1882	1258
1883	1258
1883	1259
1884	1259
1884	1261
1885	1261
1885	1262
1887	1262
1887	1265
1888	1265
1888	1266
1889	1266
1889	1268
1890	1268
1890	1270
1891	1270
1891	1271
1892	1271
1892	1277
1889	1277
1889	1278
1886	1278
1886	1280
1884	1280
1884	1281
1883	1281
1883	1291
1884	1291
1884	1292
1886	1292
1886	1294
1888	1294
1888	1295
1889	1295
1889	1296
1890	1296
1890	1298
1891	1298
1891	1299
1892	1299
1892	1300
1893	1300
1893	1301
1894	1301
1894	1304
1896	1304
1896	1305
1897	1305
1897	1307
1899	1307
1899	1309
1900	1309
1900	1312
1901	1312
1901	1313
1902	1313
1902	1315
1903	1315
1903	1317
1905	1317
1905	1319
1906	1319
1906	1322
1908	1322
1908	1323
1909	1323
1909	1325
1910	1325
1910	1326
1911	1326
1911	1327
1912	1327
1912	1328
1913	1328
1913	1330
1917	1330
1917	1337
1918	1337
1918	1338
1919	1338
1919	1339
1920	1339
1920	1340
1921	1340
1921	1343
1922	1343
1922	1347
1925	1347
1925	1348
1926	1348
1926	1349
1927	1349
1927	1350
1928	1350
1928	1351
1929	1351
1929	1353
1931	1353
1931	1355
1933	1355
1933	1356
1936	1356
1936	1360
1944	1360
1944	1366
1945	1366
1945	1368
1946	1368
1946	1369
1948	1369
1948	1371
1949	1371
1949	1372
1950	1372
1950	1373
1952	1373
1952	1375
1953	1375
1953	1376
1954	1376
1954	1377
1955	1377
1955	1379
1956	1379
1956	1380
1959	1380
1959	1382
1960	1382
1960	1383
1961	1383
1961	1385
1963	1385
1963	1386
1964	1386
1964	1387
1965	1387
1965	1388
1967	1388
1967	1390
1968	1390
1968	1391
1969	1391
1969	1392
1970	1392
1970	1393
1976	1393
1976	1396
1977	1396
1977	1397
1978	1397
1978	1398
1979	1398
1979	1399
1980	1399
1980	1400
1982	1400
1982	1401
1983	1401
1983	1402
1984	1402
1984	1403
1985	1403
1985	1405
1986	1405
1986	1406
1987	1406
1987	1407
1989	1407
1989	1408
1990	1408
1990	1409
1991	1409
1991	1410
1992	1410
1992	1411
1993	1411
1993	1410
1998	1410
1998	1416
1999	1416
1999	1417
2000	1417
2000	1420
1999	1420
1999	1419
1993	1419
1993	1418
1992	1418
1992	1419
1991	1419
1991	1418
1986	1418
1986	1417
1985	1417
1985	1416
1984	1416
1984	1417
1983	1417
1983	1416
1978	1416
1978	1415
1977	1415
1977	1414
1974	1414
1974	1413
1973	1413
1973	1412
1965	1412
1965	1411
1960	1411
1960	1408
1956	1408
1956	1406
1954	1406
1954	1405
1952	1405
1952	1404
1948	1404
1948	1403
1947	1403
1947	1401
1946	1401
1946	1402
1945	1402
1945	1401
1943	1401
1943	1400
1940	1400
1940	1399
1939	1399
1939	1398
1938	1398
1938	1397
1935	1397
1935	1395
1934	1395
1934	1394
1930	1394
1930	1393
1927	1393
1927	1392
1926	1392
1926	1390
1922	1390
1922	1389
1921	1389
1921	1388
1918	1388
1918	1387
1917	1387
1917	1386
1914	1386
1914	1385
1913	1385
1913	1384
1912	1384
1912	1383
1911	1383
1911	1382
1905	1382
1905	1379
1903	1379
1903	1378
1902	1378
1902	1376
1898	1376
1898	1375
1896	1375
1896	1373
1892	1373
1892	1370
1888	1370
1888	1369
1886	1369
1886	1368
1885	1368
1885	1369
1884	1369
1884	1368
1883	1368
1883	1365
1879	1365
1879	1363
1875	1363
1875	1361
1874	1361
1874	1360
1871	1360
1871	1359
1869	1359
1869	1357
1868	1357
1868	1356
1866	1356
1866	1355
1865	1355
1865	1354
1862	1354
1862	1352
1852	1352
1852	1354
1850	1354
1850	1355
1849	1355
1849	1356
1846	1356
1846	1355
1845	1355
1845	1352
1842	1352
1842	1351
1840	1351
1840	1349
1836	1349
1836	1348
1835	1348
1835	1347
1833	1347
1833	1346
1832	1346
1832	1345
1830	1345
1830	1344
1829	1344
1829	1343
1828	1343
1828	1341
1824	1341
1824	1339
1823	1339
1823	1338
1820	1338
1820	1337
1819	1337
1819	1335
1817	1335
1817	1334
1816	1334
1816	1333
1814	1333
1814	1332
1813	1332
1813	1331
1812	1331
1812	1330
1811	1330
1811	1329
1810	1329
1810	1328
1809	1328
1809	1327
1808	1327
1808	1326
1807	1326
1807	1325
1806	1325
1806	1324
1805	1324
1805	1323
1804	1323
1804	1322
1803	1322
1803	1321
1802	1321
1802	1320
1801	1320
1801	1319
1800	1319
1800	1317
1799	1317
1799	1316
1798	1316
1798	1315
1790	1315
1790	1316
1789	1316
1789	1318
1788	1318
1788	1319
1787	1319
1787	1321
1786	1321
1786	1324
1784	1324
1784	1326
1783	1326
1783	1329
1781	1329
1781	1331
1776	1331
1776	1330
1772	1330
1772	1328
1770	1328
1770	1327
1769	1327
1769	1326
1766	1326
1766	1325
1765	1325
1765	1324
1763	1324
1763	1322
1761	1322
1761	1321
1760	1321
1760	1320
1758	1320
1758	1319
1757	1319
1757	1318
1756	1318
1756	1317
1755	1317
1755	1316
1754	1316
1754	1315
1753	1315
1753	1314
1752	1314
1752	1313
1751	1313
1751	1311
1750	1311
1750	1310
1749	1310
1749	1309
1746	1309
1746	1307
1743	1307
1743	1305
1742	1305
1742	1302
1740	1302
1740	1301
1738	1301
1738	1299
1737	1299
1737	1298
1734	1298
1734	1295
1733	1295
1733	1294
1731	1294
1731	1292
1729	1292
1729	1290
1728	1290
1728	1289
1727	1289
1727	1286
1726	1286
1726	1285
1725	1285
1725	1284
1724	1284
1724	1283
1723	1283
1723	1281
1721	1281
1721	1277
1720	1277
1720	1275
1719	1275
1719	1273
1718	1273
1718	1271
1711	1271
1711	1272
1710	1272
1710	1274
1709	1274
1709	1275
1707	1275
1707	1276
1708	1276
1708	1277
1706	1277
1706	1281
1704	1281
1704	1283
1703	1283
1703	1284
1702	1284
1702	1285
1701	1285
1701	1287
1700	1287
1700	1288
1699	1288
1699	1289
1698	1289
1698	1290
1697	1290
1697	1294
1696	1294
1696	1296
1695	1296
1695	1297
1694	1297
1694	1298
1693	1298
1693	1297
1690	1297
1690	1296
1688	1296
1688	1295
1686	1295
1686	1294
1682	1294
1682	1290
1681	1290
1681	1289
1678	1289
1678	1287
1677	1287
1677	1286
1675	1286
1675	1285
1674	1285
1674	1282
1673	1282
1673	1281
1671	1281
1671	1277
1669	1277
1669	1276
1668	1276
1668	1275
1667	1275
1667	1274
1665	1274
1665	1273
1664	1273
1664	1269
1663	1269
1663	1268
1661	1268
1661	1266
1660	1266
1660	1265
1659	1265
1659	1264
1658	1264
1658	1260
1656	1260
1656	1259
1655	1259
1655	1257
1654	1257
1654	1256
1653	1256
1653	1255
1652	1255
1652	1251
1651	1251
1651	1248
1650	1248
1650	1247
1648	1247
1648	1242
1647	1242
1647	1238
1646	1238
1646	1236
1645	1236
1645	1233
1643	1233
1643	1232
1637	1232
1637	1233
1635	1233
1635	1238
1634	1238
1634	1239
1633	1239
1633	1240
1632	1240
1632	1241
1631	1241
1631	1242
1630	1242
1630	1243
1629	1243
1629	1247
1627	1247
1627	1252
1626	1252
1626	1256
1622	1256
1622	1255
1621	1255
1621	1254
1616	1254
1616	1253
1615	1253
1615	1252
1614	1252
1614	1251
1612	1251
1612	1250
1611	1250
1611	1249
1610	1249
1610	1248
1609	1248
1609	1247
1608	1247
1608	1246
1607	1246
1607	1245
1606	1245
1606	1243
1605	1243
1605	1242
1604	1242
1604	1241
1603	1241
1603	1239
1602	1239
1602	1238
1600	1238
1600	1236
1598	1236
1598	1235
1597	1235
1597	1230
1595	1230
1595	1226
1594	1226
1594	1225
1592	1225
1592	1221
1590	1221
1590	1217
1588	1217
1588	1216
1587	1216
1587	1215
1586	1215
1586	1214
1585	1214
1585	1209
1584	1209
1584	1207
1583	1207
1583	1206
1582	1206
1582	1205
1581	1205
1581	1200
1579	1200
1579	1196
1578	1196
1578	1195
1577	1195
1577	1193
1578	1193
1578	1192
1577	1192
1577	1187
1576	1187
1576	1184
1575	1184
1575	1180
1568	1180
1568	1181
1567	1181
1567	1182
1566	1182
1566	1184
1565	1184
1565	1186
1564	1186
1564	1187
1563	1187
1563	1189
1562	1189
1562	1191
1560	1191
1560	1192
1558	1192
1558	1196
1556	1196
1556	1205
1553	1205
1553	1204
1549	1204
1549	1203
1548	1203
1548	1202
1547	1202
1547	1200
1544	1200
1544	1199
1543	1199
1543	1198
1542	1198
1542	1197
1541	1197
1541	1196
1539	1196
1539	1192
1538	1192
1538	1191
1536	1191
1536	1190
1535	1190
1535	1189
1533	1189
1533	1188
1532	1188
1532	1187
1531	1187
1531	1186
1530	1186
1530	1184
1529	1184
1529	1183
1526	1183
1526	1179
1525	1179
1525	1178
1524	1178
1524	1175
1523	1175
1523	1174
1522	1174
1522	1170
1519	1170
1519	1166
1517	1166
1517	1163
1518	1163
1518	1162
1517	1162
1517	1161
1515	1161
1515	1157
1514	1157
1514	1154
1513	1154
1513	1149
1512	1149
1512	1140
1511	1140
1511	1136
1509	1136
1509	1135
1506	1135
1506	1136
1503	1136
1503	1137
1502	1137
1502	1138
1501	1138
1501	1139
1500	1139
1500	1140
1499	1140
1499	1141
1498	1141
1498	1143
1497	1143
1497	1144
1494	1144
1494	1146
1493	1146
1493	1147
1492	1147
1492	1149
1491	1149
1491	1150
1490	1150
1490	1152
1488	1152
1488	1151
1487	1151
1487	1150
1486	1150
1486	1149
1485	1149
1485	1147
1484	1147
1484	1146
1482	1146
1482	1145
1481	1145
1481	1144
1480	1144
1480	1142
1479	1142
1479	1141
1480	1141
1480	1140
1477	1140
1477	1137
1476	1137
1476	1136
1473	1136
1473	1133
1472	1133
1472	1131
1471	1131
1471	1130
1470	1130
1470	1127
1468	1127
1468	1123
1466	1123
1466	1119
1464	1119
1464	1115
1463	1115
1463	1113
1462	1113
1462	1112
1461	1112
1461	1111
1460	1111
1460	1110
1459	1110
1459	1107
1458	1107
1458	1106
1457	1106
1457	1105
1455	1105
1455	1101
1453	1101
1453	1100
1452	1100
1452	1097
1451	1097
1451	1096
1449	1096
1449	1090
1448	1090
1448	1089
1447	1089
1447	1085
1446	1085
1446	1084
1445	1084
1445	1081
1444	1081
1444	1076
1443	1076
1443	1070
1442	1070
1442	1069
1435	1069
1435	1070
1434	1070
1434	1072
1433	1072
1433	1073
1432	1073
1432	1074
1431	1074
1431	1076
1428	1076
1428	1080
1425	1080
1425	1083
1424	1083
1424	1084
1422	1084
1422	1085
1421	1085
1421	1088
1420	1088
1420	1089
1419	1089
1419	1094
1418	1094
1418	1096
1417	1096
1417	1097
1415	1097
1415	1096
1414	1096
1414	1095
1412	1095
1412	1091
1408	1091
1408	1090
1407	1090
1407	1089
1406	1089
1406	1087
1405	1087
1405	1085
1404	1085
1404	1083
1403	1083
1403	1080
1400	1080
1400	1076
1399	1076
1399	1075
1398	1075
1398	1071
1397	1071
1397	1070
1396	1070
1396	1067
1394	1067
1394	1063
1392	1063
1392	1059
1391	1059
1391	1055
1390	1055
1390	1054
1389	1054
1389	1053
1388	1053
1388	1050
1387	1050
1387	1049
1386	1049
1386	1048
1387	1048
1387	1047
1386	1047
1386	1045
1385	1045
1385	1041
1384	1041
1384	1039
1383	1039
1383	1037
1382	1037
1382	1033
1381	1033
1381	1018
1374	1018
1374	1019
1373	1019
1373	1020
1370	1020
1370	1025
1369	1025
1369	1026
1368	1026
1368	1028
1367	1028
1367	1029
1366	1029
1366	1030
1365	1030
1365	1033
1364	1033
1364	1038
1363	1038
1363	1039
1360	1039
1360	1038
1359	1038
1359	1037
1356	1037
1356	1034
1355	1034
1355	1035
1354	1035
1354	1034
1352	1034
1352	1033
1351	1033
1351	1029
1350	1029
1350	1028
1348	1028
1348	1025
1347	1025
1347	1024
1346	1024
1346	1020
1343	1020
1343	1016
1342	1016
1342	1015
1341	1015
1341	1011
1339	1011
1339	1006
1338	1006
1338	1005
1336	1005
1336	1003
1335	1003
1335	999
1333	999
1333	995
1332	995
1332	994
1331	994
1331	990
1330	990
1330	989
1329	989
1329	988
1330	988
1330	987
1329	987
1329	980
1328	980
1328	977
1327	977
1327	959
1326	959
1326	958
1324	958
1324	959
1322	959
1322	958
1320	958
1320	959
1319	959
1319	960
1317	960
1317	961
1316	961
1316	963
1315	963
1315	964
1313	964
1313	965
1312	965
1312	966
1310	966
1310	968
1309	968
1309	969
1308	969
1308	968
1307	968
1307	969
1306	969
1306	973
1305	973
1305	974
1304	974
1304	975
1302	975
1302	973
1301	973
1301	971
1299	971
1299	969
1298	969
1298	968
1297	968
1297	965
1296	965
1296	964
1295	964
1295	960
1293	960
1293	957
1292	957
1292	952
1291	952
1291	950
1290	950
1290	944
1289	944
1289	943
1288	943
1288	939
1287	939
1287	938
1286	938
1286	939
1285	939
1285	938
1270	938
1270	939
1269	939
1269	940
1266	940
1266	941
1262	941
1262	942
1260	942
1260	943
1257	943
1257	944
1256	944
1256	949
1257	949
1257	951
1259	951
1259	953
1261	953
1261	954
1262	954
1262	955
1264	955
1264	956
1265	956
1265	957
1266	957
1266	958
1269	958
1269	961
1270	961
1270	962
1273	962
1273	966
1277	966
1277	970
1278	970
1278	971
1280	971
1280	974
1281	974
1281	975
1282	975
1282	976
1283	976
1283	979
1285	979
1285	983
1286	983
1286	984
1288	984
1288	987
1289	987
1289	988
1290	988
1290	991
1292	991
1292	992
1293	992
1293	994
1294	994
1294	995
1295	995
1295	997
1296	997
1296	998
1297	998
1297	999
1298	999
1298	1000
1299	1000
1299	1001
1300	1001
1300	1003
1301	1003
1301	1005
1303	1005
1303	1008
1304	1008
1304	1009
1305	1009
1305	1011
1306	1011
1306	1013
1308	1013
1308	1015
1309	1015
1309	1018
1310	1018
1310	1019
1311	1019
1311	1021
1312	1021
1312	1026
1313	1026
1313	1027
1314	1027
1314	1034
1315	1034
1315	1036
1314	1036
1314	1037
1312	1037
1312	1036
1300	1036
1300	1037
1292	1037
1292	1038
1291	1038
1291	1039
1287	1039
1287	1040
1286	1040
1286	1049
1287	1049
1287	1050
1290	1050
1290	1051
1291	1051
1291	1052
1293	1052
1293	1053
1294	1053
1294	1054
1295	1054
1295	1056
1298	1056
1298	1057
1299	1057
1299	1060
1301	1060
1301	1061
1303	1061
1303	1064
1304	1064
1304	1065
1307	1065
1307	1068
1308	1068
1308	1069
1310	1069
1310	1070
1311	1070
1311	1071
1310	1071
1310	1072
1311	1072
1311	1073
1313	1073
1313	1077
1314	1077
1314	1078
1315	1078
1315	1079
1316	1079
1316	1081
1317	1081
1317	1082
1318	1082
1318	1083
1319	1083
1319	1085
1320	1085
1320	1086
1324	1086
1324	1087
1325	1087
1325	1088
1324	1088
1324	1090
1325	1090
1325	1093
1326	1093
1326	1095
1328	1095
1328	1099
1330	1099
1330	1100
1331	1100
1331	1101
1332	1101
1332	1103
1333	1103
1333	1105
1334	1105
1334	1107
1335	1107
1335	1109
1336	1109
1336	1110
1337	1110
1337	1112
1339	1112
1339	1114
1340	1114
1340	1115
1341	1115
1341	1118
1342	1118
1342	1120
1343	1120
1343	1121
1344	1121
1344	1125
1346	1125
1346	1133
1347	1133
1347	1136
1348	1136
1348	1140
1347	1140
1347	1143
1333	1143
1333	1144
1325	1144
1325	1145
1324	1145
1324	1146
1319	1146
1319	1147
1316	1147
1316	1148
1315	1148
1315	1155
1316	1155
1316	1156
1317	1156
1317	1157
1318	1157
1318	1159
1321	1159
1321	1160
1322	1160
1322	1162
1323	1162
1323	1163
1324	1163
1324	1164
1325	1164
1325	1165
1326	1165
1326	1166
1327	1166
1327	1167
1328	1167
1328	1168
1329	1168
1329	1170
1330	1170
1330	1171
1331	1171
1331	1172
1332	1172
1332	1173
1333	1173
1333	1175
1334	1175
1334	1176
1335	1176
1335	1178
1336	1178
1336	1180
1337	1180
1337	1182
1338	1182
1338	1181
1339	1181
1339	1183
1338	1183
1338	1184
1340	1184
1340	1186
1341	1186
1341	1189
1343	1189
1343	1193
1344	1193
1344	1194
1345	1194
1345	1197
1346	1197
1346	1202
1349	1202
1349	1206
1350	1206
1350	1210
1352	1210
1352	1212
1353	1212
1353	1213
1354	1213
1354	1214
1355	1214
1355	1219
1356	1219
1356	1222
1357	1222
1357	1224
1358	1224
1358	1227
1359	1227
1359	1231
1360	1231
1360	1234
1361	1234
1361	1242
1360	1242
1360	1243
1359	1243
1359	1248
1356	1248
1356	1247
1354	1247
1354	1246
1347	1246
1347	1245
1338	1245
1338	1246
1330	1246
1330	1247
1325	1247
1325	1255
1326	1255
1326	1256
1327	1256
1327	1257
1328	1257
1328	1258
1329	1258
1329	1259
1330	1259
1330	1260
1333	1260
1333	1263
1335	1263
1335	1264
1336	1264
1336	1265
1337	1265
1337	1266
1338	1266
1338	1267
1339	1267
1339	1268
1340	1268
1340	1269
1341	1269
1341	1270
1342	1270
1342	1272
1343	1272
1343	1273
1344	1273
1344	1274
1346	1274
1346	1278
1347	1278
1347	1279
1349	1279
1349	1283
1350	1283
1350	1287
1351	1287
1351	1288
1353	1288
1353	1290
1354	1290
1354	1294
1355	1294
1355	1298
1356	1298
1356	1299
1357	1299
1357	1300
1358	1300
1358	1301
1359	1301
1359	1305
1360	1305
1360	1306
1361	1306
1361	1307
1362	1307
1362	1309
1363	1309
1363	1313
1365	1313
1365	1318
1366	1318
1366	1319
1367	1319
1367	1325
1368	1325
1368	1330
1369	1330
1369	1343
1368	1343
1368	1346
1365	1346
1365	1344
1364	1344
1364	1343
1357	1343
1357	1342
1356	1342
1356	1341
1337	1341
1337	1342
1336	1342
1336	1341
1334	1341
1334	1342
1332	1342
1332	1344
1333	1344
1333	1345
1332	1345
1332	1349
1333	1349
1333	1350
1334	1350
1334	1351
1337	1351
1337	1353
1338	1353
1338	1354
1340	1354
1340	1355
1341	1355
1341	1356
1342	1356
1342	1358
1344	1358
1344	1359
1345	1359
1345	1360
1346	1360
1346	1361
1347	1361
1347	1362
1348	1362
1348	1363
1349	1363
1349	1364
1350	1364
1350	1366
1351	1366
1351	1367
1353	1367
1353	1371
1355	1371
1355	1373
1356	1373
1356	1374
1357	1374
1357	1375
1358	1375
1358	1376
1359	1376
1359	1378
1360	1378
1360	1379
1361	1379
1361	1381
1362	1381
1362	1383
1363	1383
1363	1386
1364	1386
1364	1390
1366	1390
1366	1394
1367	1394
1367	1398
1368	1398
1368	1401
1369	1401
1369	1404
1370	1404
1370	1406
1371	1406
1371	1407
1372	1407
1372	1409
1371	1409
1371	1410
1372	1410
1372	1412
1374	1412
1374	1415
1375	1415
1375	1417
1376	1417
1376	1424
1378	1424
1378	1435
1377	1435
1377	1436
1376	1436
1376	1441
1374	1441
1374	1440
1372	1440
1372	1439
1371	1439
1371	1438
1365	1438
1365	1437
1343	1437
1343	1438
1338	1438
1338	1439
1337	1439
1337	1440
1335	1440
1335	1447
1336	1447
1336	1449
1337	1449
1337	1450
1338	1450
1338	1451
1340	1451
1340	1454
1341	1454
1341	1455
1342	1455
1342	1456
1343	1456
1343	1457
1344	1457
1344	1459
1345	1459
1345	1460
1346	1460
1346	1463
1348	1463
1348	1464
1349	1464
1349	1465
1350	1465
1350	1469
1352	1469
1352	1470
1353	1470
1353	1473
1354	1473
1354	1475
1355	1475
1355	1477
1356	1477
1356	1478
1355	1478
1355	1479
1356	1479
1356	1480
1357	1480
1357	1481
1358	1481
1358	1482
1359	1482
1359	1485
1360	1485
1360	1488
1361	1488
1361	1489
1362	1489
1362	1492
1363	1492
1363	1497
1364	1497
1364	1498
1365	1498
1365	1502
1366	1502
1366	1510
1367	1510
1367	1513
1368	1513
1368	1515
1369	1515
1369	1518
1370	1518
1370	1522
1371	1522
1371	1524
1372	1524
1372	1532
1373	1532
1373	1533
1374	1533
1374	1549
1373	1549
1373	1555
1372	1555
1372	1556
1370	1556
1370	1555
1369	1555
1369	1553
1367	1553
1367	1554
1366	1554
1366	1553
1361	1553
1361	1552
1360	1552
1360	1551
1352	1551
1352	1550
1337	1550
1337	1551
1333	1551
1333	1561
1334	1561
1334	1562
1336	1562
1336	1563
1337	1563
1337	1566
1339	1566
1339	1568
1340	1568
1340	1571
1341	1571
1341	1573
1342	1573
1342	1576
1343	1576
1343	1575
1344	1575
1344	1578
1345	1578
1345	1580
1346	1580
1346	1583
1348	1583
1348	1586
1349	1586
1349	1589
1350	1589
1350	1595
1351	1595
1351	1596
1353	1596
1353	1601
1354	1601
1354	1602
1355	1602
1355	1606
1356	1606
1356	1607
1355	1607
1355	1608
1356	1608
1356	1610
1357	1610
1357	1613
1359	1613
1359	1618
1360	1618
1360	1620
1361	1620
1361	1621
1362	1621
1362	1626
1363	1626
1363	1634
1364	1634
1364	1638
1365	1638
1365	1650
1364	1650
1364	1653
1363	1653
1363	1655
1361	1655
1361	1654
1360	1654
1360	1653
1357	1653
1357	1652
1356	1652
1356	1651
1352	1651
1352	1650
1348	1650
1348	1649
1344	1649
1344	1648
1343	1648
1343	1647
1325	1647
1325	1656
1327	1656
1327	1658
1328	1658
1328	1659
1329	1659
1329	1661
1331	1661
1331	1664
1332	1664
1332	1665
1333	1665
1333	1668
1334	1668
1334	1669
1336	1669
1336	1673
1337	1673
1337	1674
1338	1674
1338	1677
1339	1677
1339	1678
1340	1678
1340	1682
1341	1682
1341	1686
1342	1686
1342	1689
1343	1689
1343	1691
1344	1691
1344	1699
1345	1699
1345	1700
1346	1700
1346	1703
1349	1703
1349	1704
1350	1704
1350	1720
1352	1720
1352	1721
1353	1721
1353	1732
1354	1732
1354	1736
1353	1736
1353	1737
1352	1737
1352	1739
1353	1739
1353	1740
1352	1740
1352	1744
1350	1744
1350	1748
1346	1748
1346	1746
1345	1746
1345	1744
1342	1744
1342	1743
1339	1743
1339	1742
1338	1742
1338	1741
1335	1741
1335	1740
1331	1740
1331	1739
1327	1739
1327	1738
1320	1738
1320	1739
1319	1739
1319	1747
1320	1747
1320	1748
1321	1748
1321	1749
1325	1749
1325	1756
1326	1756
1326	1757
1327	1757
1327	1759
1328	1759
1328	1761
1329	1761
1329	1763
1330	1763
1330	1765
1332	1765
1332	1770
1333	1770
1333	1775
1334	1775
1334	1776
1335	1776
1335	1780
1336	1780
1336	1788
1337	1788
1337	1812
1336	1812
1336	1813
1335	1813
1335	1817
1334	1817
1334	1820
1330	1820
1330	1819
1329	1819
1329	1818
1327	1818
1327	1817
1326	1817
1326	1816
1323	1816
1323	1815
1322	1815
1322	1814
1317	1814
1317	1813
1309	1813
1309	1824
1310	1824
1310	1827
1311	1827
1311	1831
1312	1831
1312	1835
1313	1835
1313	1837
1314	1837
1314	1839
1313	1839
1313	1840
1314	1840
1314	1844
1315	1844
1315	1845
1316	1845
1316	1850
1317	1850
1317	1851
1316	1851
1316	1862
1317	1862
1317	1866
1318	1866
1318	1869
1319	1869
1319	1870
1320	1870
1320	1878
1321	1878
1321	1886
1322	1886
1322	1890
1320	1890
1320	1893
1306	1893
1306	1894
1305	1894
1305	1899
1306	1899
1306	1904
1307	1904
1307	1907
1308	1907
1308	1913
1309	1913
1309	1918
1310	1918
1310	1920
1309	1920
1309	1921
1310	1921
1310	1934
1311	1934
1311	1935
1312	1935
1312	1965
1313	1965
1313	1973
1314	1973
1314	1982
1315	1982
1315	1990
1316	1990
1316	2002
1317	2002
1317	2008
1318	2008
1318	2016
1319	2016
1319	2022
1320	2022
1320	2027
1321	2027
1321	2035
1322	2035
1322	2054
1323	2054
1323	2055
1324	2055
1324	2056
1323	2056
1323	2062
1324	2062
1324	2063
1325	2063
1325	2065
1326	2065
1326	2070
1325	2070
1325	2072
1326	2072
1326	2073
1325	2073
1325	2075
1324	2075
1324	2078
1323	2078
1323	2081
1322	2081
1322	2080
1321	2080
1321	2078
1320	2078
1320	2076
1319	2076
1319	2075
1317	2075
1317	2072
1316	2072
1316	2070
1313	2070
1313	2064
1311	2064
1311	2063
1310	2063
1310	2061
1308	2061
1308	2059
1307	2059
1307	2057
1306	2057
1306	2056
1305	2056
1305	2051
1303	2051
1303	2050
1302	2050
1302	2049
1301	2049
1301	2047
1300	2047
1300	2046
1299	2046
1299	2044
1298	2044
1298	2042
1297	2042
1297	2040
1295	2040
1295	2036
1294	2036
1294	2035
1293	2035
1293	2031
1292	2031
1292	2030
1291	2030
1291	2029
1292	2029
1292	2028
1291	2028
1291	2027
1290	2027
1290	2023
1288	2023
1288	2022
1287	2022
1287	2018
1286	2018
1286	2016
1285	2016
1285	2014
1284	2014
1284	2010
1283	2010
1283	2009
1282	2009
1282	2007
1281	2007
1281	2005
1280	2005
1280	2002
1279	2002
1279	2001
1278	2001
1278	1999
1277	1999
1277	1997
1276	1997
1276	1996
1275	1996
1275	1993
1274	1993
1274	1992
1273	1992
1273	1988
1272	1988
1272	1985
1271	1985
1271	1984
1269	1984
1269	1978
1268	1978
1268	1976
1267	1976
1267	1972
1266	1972
1266	1971
1265	1971
1265	1968
1264	1968
1264	1967
1263	1967
1263	1966
1262	1966
1262	1958
1260	1958
1260	1955
1259	1955
1259	1954
1258	1954
1258	1950
1257	1950
1257	1949
1256	1949
1256	1945
1255	1945
1255	1941
1253	1941
1253	1939
1252	1939
1252	1938
1251	1938
1251	1933
1250	1933
1250	1932
1249	1932
1249	1929
1248	1929
1248	1928
1247	1928
1247	1926
1246	1926
1246	1924
1245	1924
1245	1920
1244	1920
1244	1919
1243	1919
1243	1912
1242	1912
1242	1911
1237	1911
1237	1910
1241	1910
1241	1900
1240	1900
1240	1898
1239	1898
1239	1896
1231	1896
1231	1897
1228	1897
1228	1898
1225	1898
1225	1900
1224	1900
1224	1901
1223	1901
1223	1902
1221	1902
1221	1901
1220	1901
1220	1899
1219	1899
1219	1898
1218	1898
1218	1897
1217	1897
1217	1895
1216	1895
1216	1894
1215	1894
1215	1890
1214	1890
1214	1889
1213	1889
1213	1881
1211	1881
1211	1877
1209	1877
1209	1868
1208	1868
1208	1864
1207	1864
1207	1861
1206	1861
1206	1860
1205	1860
1205	1858
1204	1858
1204	1852
1203	1852
1203	1851
1202	1851
1202	1850
1203	1850
1203	1849
1202	1849
1202	1847
1201	1847
1201	1846
1200	1846
1200	1845
1201	1845
1201	1844
1200	1844
1200	1841
1199	1841
1199	1838
1198	1838
1198	1830
1197	1830
1197	1810
1198	1810
1198	1802
1197	1802
1197	1801
1193	1801
1193	1802
1192	1802
1192	1801
1191	1801
1191	1802
1190	1802
1190	1803
1188	1803
1188	1804
1184	1804
1184	1805
1183	1805
1183	1806
1181	1806
1181	1808
1179	1808
1179	1809
1178	1809
1178	1810
1175	1810
1175	1812
1171	1812
1171	1813
1170	1813
1170	1817
1169	1817
1169	1818
1168	1818
1168	1819
1166	1819
1166	1818
1164	1818
1164	1815
1162	1815
1162	1814
1160	1814
1160	1813
1159	1813
1159	1812
1158	1812
1158	1809
1157	1809
1157	1804
1155	1804
1155	1800
1154	1800
1154	1795
1153	1795
1153	1788
1152	1788
1152	1787
1151	1787
1151	1779
1150	1779
1150	1778
1149	1778
1149	1774
1148	1774
1148	1765
1147	1765
1147	1758
1146	1758
1146	1753
1145	1753
1145	1741
1144	1741
1144	1739
1145	1739
1145	1736
1146	1736
1146	1732
1147	1732
1147	1716
1137	1716
1137	1717
1136	1717
1136	1719
1134	1719
1134	1720
1133	1720
1133	1721
1132	1721
1132	1722
1131	1722
1131	1723
1128	1723
1128	1724
1127	1724
1127	1727
1125	1727
1125	1728
1124	1728
1124	1729
1123	1729
1123	1731
1119	1731
1119	1736
1117	1736
1117	1738
1115	1738
1115	1737
1114	1737
1114	1736
1113	1736
1113	1735
1111	1735
1111	1734
1110	1734
1110	1733
1111	1733
1111	1732
1109	1732
1109	1731
1108	1731
1108	1728
1107	1728
1107	1727
1106	1727
1106	1723
1104	1723
1104	1721
1103	1721
1103	1720
1104	1720
1104	1718
1103	1718
1103	1717
1104	1717
1104	1715
1103	1715
1103	1713
1102	1713
1102	1712
1103	1712
1103	1708
1102	1708
1102	1700
1101	1700
1101	1697
1102	1697
1102	1696
1101	1696
1101	1685
1100	1685
1100	1678
1101	1678
1101	1673
1102	1673
1102	1672
1101	1672
1101	1656
1102	1656
1102	1650
1103	1650
1103	1647
1104	1647
1104	1643
1105	1643
1105	1640
1106	1640
1106	1637
1107	1637
1107	1630
1106	1630
1106	1629
1098	1629
1098	1630
1097	1630
1097	1632
1094	1632
1094	1633
1093	1633
1093	1634
1089	1634
1089	1636
1087	1636
1087	1637
1085	1637
1085	1638
1084	1638
1084	1639
1081	1639
1081	1640
1080	1640
1080	1642
1078	1642
1078	1643
1076	1643
1076	1645
1075	1645
1075	1646
1074	1646
1074	1647
1073	1647
1073	1648
1074	1648
1074	1649
1073	1649
1073	1650
1072	1650
1072	1649
1071	1649
1071	1648
1070	1648
1070	1647
1069	1647
1069	1645
1068	1645
1068	1642
1067	1642
1067	1637
1065	1637
1065	1633
1064	1633
1064	1632
1063	1632
1063	1628
1062	1628
1062	1627
1063	1627
1063	1625
1062	1625
1062	1624
1061	1624
1061	1619
1060	1619
1060	1612
1059	1612
1059	1595
1058	1595
1058	1581
1057	1581
1057	1571
1058	1571
1058	1569
1059	1569
1059	1560
1058	1560
1058	1559
1059	1559
1059	1558
1060	1558
1060	1557
1061	1557
1061	1552
1062	1552
1062	1547
1063	1547
1063	1545
1064	1545
1064	1544
1065	1544
1065	1537
1060	1537
1060	1536
1059	1536
1059	1537
1055	1537
1055	1538
1051	1538
1051	1539
1050	1539
1050	1540
1046	1540
1046	1542
1045	1542
1045	1543
1042	1543
1042	1544
1041	1544
1041	1545
1040	1545
1040	1544
1039	1544
1039	1545
1037	1545
1037	1548
1032	1548
1032	1550
1031	1550
1031	1551
1030	1551
1030	1552
1029	1552
1029	1557
1026	1557
1026	1555
1025	1555
1025	1554
1024	1554
1024	1553
1023	1553
1023	1551
1021	1551
1021	1547
1020	1547
1020	1544
1019	1544
1019	1543
1018	1543
1018	1539
1017	1539
1017	1538
1016	1538
1016	1518
1015	1518
1015	1504
1014	1504
1014	1484
1015	1484
1015	1478
1016	1478
1016	1476
1015	1476
1015	1474
1016	1474
1016	1471
1017	1471
1017	1463
1019	1463
1019	1458
1020	1458
1020	1456
1021	1456
1021	1455
1022	1455
1022	1453
1023	1453
1023	1452
1022	1452
1022	1451
1023	1451
1023	1448
1024	1448
1024	1447
1025	1447
1025	1441
1024	1441
1024	1440
1016	1440
1016	1441
1015	1441
1015	1440
1013	1440
1013	1441
1012	1441
1012	1440
1011	1440
1011	1441
1010	1441
1010	1442
1008	1442
1008	1443
1007	1443
1007	1444
1003	1444
1003	1446
999	1446
999	1447
998	1447
998	1448
995	1448
995	1450
993	1450
993	1451
992	1451
992	1452
991	1452
991	1453
989	1453
989	1455
988	1455
988	1457
987	1457
987	1459
986	1459
986	1458
985	1458
985	1459
984	1459
984	1457
983	1457
983	1456
982	1456
982	1455
981	1455
981	1453
979	1453
979	1452
978	1452
978	1450
977	1450
977	1448
975	1448
975	1447
976	1447
976	1445
975	1445
975	1440
973	1440
973	1404
974	1404
974	1403
975	1403
975	1391
976	1391
976	1390
977	1390
977	1381
978	1381
978	1374
979	1374
979	1372
980	1372
980	1367
981	1367
981	1365
982	1365
982	1362
983	1362
983	1360
984	1360
984	1357
985	1357
985	1356
986	1356
986	1355
988	1355
988	1354
987	1354
987	1353
988	1353
988	1352
989	1352
989	1351
990	1351
990	1344
977	1344
977	1346
974	1346
974	1347
970	1347
970	1348
969	1348
969	1349
967	1349
967	1350
960	1350
960	1352
959	1352
959	1353
958	1353
958	1354
956	1354
956	1355
955	1355
955	1356
954	1356
954	1357
953	1357
953	1359
952	1359
952	1360
950	1360
950	1359
949	1359
949	1358
948	1358
948	1354
947	1354
947	1350
946	1350
946	1349
945	1349
945	1328
944	1328
944	1327
945	1327
945	1321
946	1321
946	1319
947	1319
947	1304
948	1304
948	1294
949	1294
949	1290
950	1290
950	1282
949	1282
949	1281
951	1281
951	1280
952	1280
952	1274
953	1274
953	1273
954	1273
954	1271
955	1271
955	1269
956	1269
956	1266
958	1266
958	1263
959	1263
959	1261
960	1261
960	1254
959	1254
959	1253
952	1253
952	1254
951	1254
951	1253
949	1253
949	1254
948	1254
948	1255
946	1255
946	1256
945	1256
945	1255
944	1255
944	1256
941	1256
941	1257
936	1257
936	1258
934	1258
934	1259
933	1259
933	1260
931	1260
931	1262
930	1262
930	1263
929	1263
929	1264
925	1264
925	1260
924	1260
924	1256
923	1256
923	1251
922	1251
922	1242
921	1242
921	1224
922	1224
922	1223
923	1223
923	1218
924	1218
924	1212
925	1212
925	1210
926	1210
926	1192
927	1192
927	1191
928	1191
928	1179
929	1179
929	1178
931	1178
931	1176
932	1176
932	1173
933	1173
933	1169
934	1169
934	1168
935	1168
935	1164
936	1164
936	1162
937	1162
937	1161
938	1161
938	1159
939	1159
939	1156
940	1156
940	1155
941	1155
941	1153
942	1153
942	1151
943	1151
943	1143
935	1143
935	1144
927	1144
927	1145
922	1145
922	1146
921	1146
921	1147
917	1147
917	1148
911	1148
911	1149
910	1149
910	1150
909	1150
909	1151
908	1151
908	1152
907	1152
907	1153
905	1153
905	1141
906	1141
906	1136
907	1136
907	1135
906	1135
906	1134
907	1134
907	1125
908	1125
908	1124
909	1124
909	1119
910	1119
910	1116
911	1116
911	1112
912	1112
912	1111
913	1111
913	1103
915	1103
915	1095
916	1095
916	1094
915	1094
915	1092
916	1092
916	1091
915	1091
915	1090
916	1090
916	1089
917	1089
917	1087
918	1087
918	1084
919	1084
919	1081
920	1081
920	1076
919	1076
919	1075
920	1075
920	1072
921	1072
921	1066
922	1066
922	1063
923	1063
923	1060
924	1060
924	1058
925	1058
925	1055
926	1055
926	1053
927	1053
927	1052
928	1052
928	1048
929	1048
929	1046
930	1046
930	1045
931	1045
931	1043
932	1043
932	1041
933	1041
933	1040
934	1040
934	1038
935	1038
935	1036
936	1036
936	1034
937	1034
937	1032
938	1032
938	1031
939	1031
939	1030
941	1030
941	1027
942	1027
942	1021
941	1021
941	1020
940	1020
940	1019
933	1019
933	1018
921	1018
921	1019
920	1019
920	1018
919	1018
919	1019
918	1019
918	1018
915	1018
915	1019
913	1019
913	1020
912	1020
912	1016
911	1016
911	1010
912	1010
912	1008
913	1008
913	1000
914	1000
914	996
916	996
916	992
917	992
917	991
918	991
918	990
919	990
919	988
920	988
920	987
921	987
921	983
922	983
922	978
923	978
923	977
924	977
924	972
925	972
925	969
926	969
926	965
927	965
927	960
928	960
928	955
929	955
929	953
930	953
930	950
931	950
931	949
932	949
932	946
933	946
933	943
934	943
934	941
935	941
935	939
936	939
936	937
937	937
937	936
938	936
938	932
940	932
940	931
941	931
941	927
942	927
942	926
943	926
943	924
945	924
945	921
946	921
946	920
948	920
948	913
946	913
946	908
945	908
945	907
926	907
926	908
924	908
924	909
923	909
923	908
922	908
922	907
921	907
921	904
922	904
922	903
923	903
923	898
924	898
924	895
925	895
925	894
924	894
924	893
926	893
926	887
927	887
927	884
928	884
928	881
929	881
929	879
930	879
930	878
931	878
931	877
932	877
932	875
933	875
933	874
934	874
934	873
935	873
935	871
936	871
936	870
937	870
937	868
938	868
938	866
939	866
939	862
940	862
940	859
941	859
941	856
942	856
942	852
943	852
943	846
945	846
945	845
946	845
946	844
945	844
945	843
946	843
946	841
947	841
947	836
948	836
948	835
949	835
949	834
950	834
950	831
951	831
951	828
952	828
952	823
954	823
954	822
956	822
956	820
957	820
957	817
958	817
958	816
959	816
959	814
960	814
960	812
962	812
962	808
963	808
963	807
964	807
964	805
965	805
965	797
963	797
963	796
962	796
962	795
956	795
956	794
949	794
949	793
945	793
945	792
946	792
946	790
947	790
947	788
948	788
948	786
949	786
949	784
950	784
950	782
951	782
951	781
952	781
952	780
953	780
953	778
954	778
954	776
955	776
955	775
956	775
956	774
957	774
957	773
958	773
958	770
960	770
960	769
961	769
961	765
962	765
962	764
963	764
963	758
962	758
962	757
954	757
954	755
953	755
953	754
952	754
952	752
951	752
951	750
948	750
948	749
947	749
947	748
945	748
945	747
941	747
941	745
940	745
940	744
938	744
938	743
930	743
930	752
931	752
931	757
932	757
932	760
931	760
931	768
930	768
930	784
929	784
929	785
928	785
928	787
929	787
929	788
928	788
928	793
926	793
926	823
925	823
925	830
924	830
924	835
923	835
923	836
922	836
922	841
921	841
921	843
920	843
920	847
919	847
919	848
918	848
918	849
915	849
915	844
910	844
910	843
909	843
909	842
908	842
908	840
906	840
906	839
904	839
904	838
903	838
903	837
904	837
904	836
901	836
901	835
894	835
894	836
893	836
893	850
894	850
894	861
893	861
893	866
892	866
892	873
891	873
891	874
890	874
890	875
889	875
889	883
888	883
888	885
887	885
887	889
888	889
888	891
887	891
887	894
886	894
886	896
885	896
885	908
884	908
884	909
883	909
883	916
882	916
882	918
881	918
881	922
880	922
880	923
879	923
879	926
878	926
878	928
877	928
877	933
876	933
876	934
875	934
875	935
874	935
874	939
873	939
873	941
872	941
872	942
870	942
870	940
869	940
869	939
868	939
868	937
867	937
867	936
866	936
866	935
864	935
864	933
861	933
861	932
859	932
859	931
857	931
857	930
855	930
855	928
847	928
847	930
846	930
846	932
847	932
847	933
846	933
846	944
847	944
847	950
846	950
846	951
845	951
845	955
844	955
844	956
843	956
843	960
841	960
841	965
840	965
840	969
838	969
838	974
837	974
837	977
836	977
836	981
835	981
835	982
834	982
834	989
833	989
833	991
832	991
832	998
831	998
831	999
830	999
830	1004
829	1004
829	1007
828	1007
828	1008
827	1008
827	1011
826	1011
826	1012
825	1012
825	1016
824	1016
824	1018
823	1018
823	1021
819	1021
819	1020
818	1020
818	1018
817	1018
817	1016
816	1016
816	1015
814	1015
814	1014
813	1014
813	1013
812	1013
812	1012
811	1012
811	1011
802	1011
802	1022
803	1022
803	1027
804	1027
804	1041
802	1041
802	1047
801	1047
801	1050
800	1050
800	1056
799	1056
799	1062
798	1062
798	1066
797	1066
797	1068
796	1068
796	1075
795	1075
795	1076
793	1076
793	1079
794	1079
794	1080
793	1080
793	1081
792	1081
792	1086
791	1086
791	1088
790	1088
790	1089
789	1089
789	1093
787	1093
787	1096
786	1096
786	1097
785	1097
785	1098
784	1098
784	1099
783	1099
783	1098
782	1098
782	1093
780	1093
780	1092
779	1092
779	1091
777	1091
777	1090
775	1090
775	1089
774	1089
774	1088
773	1088
773	1087
772	1087
772	1086
771	1086
771	1085
766	1085
766	1083
765	1083
765	1081
763	1081
763	1080
756	1080
756	1090
757	1090
757	1092
756	1092
756	1095
755	1095
755	1096
757	1096
757	1097
756	1097
756	1098
757	1098
757	1105
756	1105
756	1109
755	1109
755	1117
754	1117
754	1119
753	1119
753	1121
752	1121
752	1123
751	1123
751	1128
750	1128
750	1131
749	1131
749	1132
748	1132
748	1136
747	1136
747	1140
746	1140
746	1144
745	1144
745	1145
744	1145
744	1149
743	1149
743	1150
742	1150
742	1154
740	1154
740	1155
739	1155
739	1156
738	1156
738	1158
737	1158
737	1159
736	1159
736	1160
735	1160
735	1161
732	1161
732	1159
731	1159
731	1154
730	1154
730	1153
727	1153
727	1151
726	1151
726	1150
723	1150
723	1149
722	1149
722	1148
721	1148
721	1147
720	1147
720	1146
719	1146
719	1145
718	1145
718	1144
717	1144
717	1143
716	1143
716	1142
714	1142
714	1140
713	1140
713	1139
705	1139
705	1160
704	1160
704	1162
703	1162
703	1165
702	1165
702	1167
701	1167
701	1171
700	1171
700	1174
698	1174
698	1175
697	1175
697	1179
696	1179
696	1183
695	1183
695	1184
694	1184
694	1187
693	1187
693	1188
692	1188
692	1193
691	1193
691	1196
689	1196
689	1200
688	1200
688	1204
686	1204
686	1209
684	1209
684	1213
683	1213
683	1217
680	1217
680	1218
679	1218
679	1221
678	1221
678	1222
677	1222
677	1225
676	1225
676	1226
675	1226
675	1227
674	1227
674	1228
673	1228
673	1230
672	1230
672	1232
671	1232
671	1231
670	1231
670	1230
669	1230
669	1228
668	1228
668	1227
667	1227
667	1226
665	1226
665	1225
663	1225
663	1224
662	1224
662	1223
661	1223
661	1222
660	1222
660	1221
658	1221
658	1218
657	1218
657	1217
655	1217
655	1216
654	1216
654	1215
653	1215
653	1214
646	1214
646	1217
645	1217
645	1225
644	1225
644	1229
643	1229
643	1235
642	1235
642	1240
641	1240
641	1242
640	1242
640	1243
639	1243
639	1247
637	1247
637	1251
635	1251
635	1255
634	1255
634	1256
633	1256
633	1259
632	1259
632	1260
630	1260
630	1264
629	1264
629	1265
628	1265
628	1268
626	1268
626	1269
625	1269
625	1273
624	1273
624	1274
623	1274
623	1275
622	1275
622	1277
620	1277
620	1279
619	1279
619	1281
617	1281
617	1282
616	1282
616	1284
615	1284
615	1285
614	1285
614	1286
613	1286
613	1287
612	1287
612	1288
609	1288
609	1287
608	1287
608	1286
607	1286
607	1285
603	1285
603	1281
602	1281
602	1277
600	1277
600	1276
598	1276
598	1273
596	1273
596	1272
586	1272
586	1282
585	1282
585	1290
584	1290
584	1291
583	1291
583	1296
582	1296
582	1298
581	1298
581	1303
579	1303
579	1307
578	1307
578	1308
577	1308
577	1311
576	1311
576	1312
575	1312
575	1316
574	1316
574	1317
573	1317
573	1318
572	1318
572	1319
571	1319
571	1321
570	1321
570	1322
571	1322
571	1323
570	1323
570	1324
568	1324
568	1325
567	1325
567	1326
566	1326
566	1329
564	1329
564	1331
563	1331
563	1333
562	1333
562	1335
560	1335
560	1336
559	1336
559	1337
558	1337
558	1338
556	1338
556	1339
554	1339
554	1340
553	1340
553	1341
548	1341
548	1337
546	1337
546	1331
545	1331
545	1332
544	1332
544	1331
543	1331
543	1330
542	1330
542	1328
541	1328
541	1326
540	1326
540	1324
537	1324
537	1323
536	1323
536	1322
535	1322
535	1321
534	1321
534	1319
533	1319
533	1318
527	1318
527	1319
526	1319
526	1320
525	1320
525	1329
524	1329
524	1330
523	1330
523	1337
521	1337
521	1341
520	1341
520	1342
519	1342
519	1346
518	1346
518	1347
517	1347
517	1351
516	1351
516	1352
515	1352
515	1354
513	1354
513	1355
512	1355
512	1358
510	1358
510	1359
509	1359
509	1364
507	1364
507	1365
506	1365
506	1367
505	1367
505	1369
504	1369
504	1371
502	1371
502	1374
498	1374
498	1380
497	1380
497	1381
496	1381
496	1382
495	1382
495	1383
494	1383
494	1384
493	1384
493	1385
492	1385
492	1386
491	1386
491	1387
490	1387
490	1388
488	1388
488	1389
489	1389
489	1390
487	1390
487	1391
485	1391
485	1392
484	1392
484	1393
481	1393
481	1394
480	1394
480	1395
478	1395
478	1393
477	1393
477	1388
474	1388
474	1384
473	1384
473	1383
471	1383
471	1382
470	1382
470	1381
469	1381
469	1379
467	1379
467	1376
466	1376
466	1375
458	1375
458	1376
457	1376
457	1386
456	1386
456	1387
457	1387
457	1388
456	1388
456	1389
455	1389
455	1392
454	1392
454	1394
453	1394
453	1398
452	1398
452	1400
451	1400
451	1401
450	1401
450	1403
449	1403
449	1404
448	1404
448	1406
447	1406
447	1408
446	1408
446	1410
444	1410
444	1414
440	1414
440	1416
439	1416
439	1417
440	1417
440	1418
438	1418
438	1420
436	1420
436	1421
435	1421
435	1423
433	1423
433	1424
432	1424
432	1425
431	1425
431	1426
430	1426
430	1427
429	1427
429	1429
428	1429
428	1430
427	1430
427	1431
426	1431
426	1432
425	1432
425	1433
423	1433
423	1434
422	1434
422	1435
421	1435
421	1436
420	1436
420	1437
419	1437
419	1438
418	1438
418	1439
417	1439
417	1440
416	1440
416	1442
412	1442
412	1444
410	1444
410	1443
408	1443
408	1440
407	1440
407	1437
406	1437
406	1436
404	1436
404	1434
403	1434
403	1432
402	1432
402	1431
401	1431
401	1430
400	1430
400	1429
393	1429
393	1430
392	1430
392	1435
389	1435
389	1440
388	1440
388	1441
387	1441
387	1444
385	1444
385	1446
384	1446
384	1447
382	1447
382	1449
381	1449
381	1450
380	1450
380	1451
379	1451
379	1452
380	1452
380	1454
378	1454
378	1455
376	1455
376	1456
375	1456
375	1457
373	1457
373	1459
372	1459
372	1460
371	1460
371	1461
370	1461
370	1463
369	1463
369	1465
366	1465
366	1466
365	1466
365	1469
364	1469
364	1470
360	1470
360	1474
356	1474
356	1476
355	1476
355	1477
354	1477
354	1478
351	1478
351	1477
350	1477
350	1473
346	1473
346	1472
345	1472
345	1470
337	1470
337	1471
336	1471
336	1472
334	1472
334	1473
335	1473
335	1474
333	1474
333	1475
332	1475
332	1479
330	1479
330	1480
329	1480
329	1481
328	1481
328	1482
327	1482
327	1483
326	1483
326	1484
325	1484
325	1485
324	1485
324	1487
321	1487
321	1488
320	1488
320	1489
319	1489
319	1490
318	1490
318	1491
316	1491
316	1493
314	1493
314	1495
312	1495
312	1496
310	1496
310	1497
309	1497
309	1499
308	1499
308	1500
305	1500
305	1501
304	1501
304	1502
303	1502
303	1503
302	1503
302	1504
301	1504
301	1505
300	1505
300	1506
299	1506
299	1507
297	1507
297	1509
296	1509
296	1511
292	1511
292	1514
291	1514
291	1515
290	1515
290	1516
289	1516
289	1517
288	1517
288	1518
287	1518
287	1521
283	1521
283	1522
282	1522
282	1523
281	1523
281	1525
279	1525
279	1526
278	1526
278	1528
277	1528
277	1529
276	1529
276	1530
275	1530
275	1531
273	1531
273	1533
272	1533
272	1534
269	1534
269	1538
268	1538
268	1539
267	1539
267	1540
265	1540
265	1541
264	1541
264	1543
262	1543
262	1544
261	1544
261	1545
260	1545
260	1546
259	1546
259	1547
257	1547
257	1549
255	1549
255	1550
254	1550
254	1551
252	1551
252	1553
250	1553
250	1554
249	1554
249	1555
248	1555
248	1556
247	1556
247	1557
246	1557
246	1558
245	1558
245	1560
237	1560
237	1561
236	1561
236	1562
237	1562
237	1563
236	1563
236	1567
232	1567
232	1570
231	1570
231	1571
230	1571
230	1572
229	1572
229	1573
227	1573
227	1574
225	1574
225	1575
223	1575
223	1573
222	1573
222	1571
223	1571
223	1569
224	1569
224	1565
225	1565
225	1561
226	1561
226	1559
227	1559
227	1558
228	1558
228	1557
229	1557
229	1556
230	1556
230	1553
231	1553
231	1552
232	1552
232	1549
234	1549
234	1543
235	1543
235	1541
236	1541
236	1540
237	1540
237	1536
238	1536
238	1535
239	1535
239	1534
240	1534
240	1532
241	1532
241	1528
244	1528
244	1527
245	1527
245	1524
246	1524
246	1522
247	1522
247	1521
248	1521
248	1520
249	1520
249	1516
250	1516
250	1515
251	1515
251	1514
252	1514
252	1510
253	1510
253	1508
254	1508
254	1507
255	1507
255	1505
256	1505
256	1502
257	1502
257	1501
258	1501
258	1500
259	1500
259	1499
260	1499
260	1497
261	1497
261	1493
262	1493
262	1491
263	1491
263	1490
264	1490
264	1487
265	1487
265	1486
266	1486
266	1487
267	1487
267	1484
268	1484
268	1480
269	1480
269	1479
270	1479
270	1475
271	1475
271	1474
272	1474
272	1470
273	1470
273	1467
274	1467
274	1462
275	1462
275	1461
276	1461
276	1459
277	1459
277	1458
278	1458
278	1456
279	1456
279	1455
280	1455
280	1454
281	1454
281	1451
282	1451
282	1447
283	1447
283	1446
285	1446
285	1444
286	1444
286	1442
287	1442
287	1443
288	1443
288	1440
289	1440
289	1439
290	1439
290	1432
288	1432
288	1431
285	1431
285	1430
281	1430
281	1429
280	1429
280	1427
279	1427
279	1420
281	1420
281	1415
282	1415
282	1411
283	1411
283	1408
284	1408
284	1407
285	1407
285	1404
286	1404
286	1403
287	1403
287	1399
288	1399
288	1398
289	1398
289	1397
290	1397
290	1395
291	1395
291	1394
292	1394
292	1390
293	1390
293	1386
294	1386
294	1384
295	1384
295	1382
296	1382
296	1380
297	1380
297	1377
298	1377
298	1374
299	1374
299	1373
300	1373
300	1371
301	1371
301	1370
302	1370
302	1369
303	1369
303	1368
304	1368
304	1365
306	1365
306	1364
307	1364
307	1363
308	1363
308	1362
310	1362
310	1363
311	1363
311	1359
312	1359
312	1358
313	1358
313	1357
314	1357
314	1356
315	1356
315	1347
307	1347
307	1346
301	1346
301	1345
293	1345
293	1346
292	1346
292	1347
287	1347
287	1335
288	1335
288	1330
290	1330
290	1328
291	1328
291	1326
292	1326
292	1323
293	1323
293	1322
295	1322
295	1320
296	1320
296	1318
298	1318
298	1317
299	1317
299	1316
300	1316
300	1315
301	1315
301	1314
302	1314
302	1313
303	1313
303	1312
304	1312
304	1311
306	1311
306	1310
307	1310
307	1307
311	1307
311	1306
313	1306
313	1305
314	1305
314	1304
315	1304
315	1303
316	1303
316	1302
319	1302
319	1301
320	1301
320	1292
319	1292
319	1291
315	1291
315	1288
304	1288
304	1285
305	1285
305	1279
307	1279
307	1275
308	1275
308	1274
309	1274
309	1272
311	1272
311	1271
312	1271
312	1268
313	1268
313	1267
315	1267
315	1266
316	1266
316	1267
317	1267
317	1265
316	1265
316	1264
317	1264
317	1263
318	1263
318	1262
320	1262
320	1261
321	1261
321	1260
322	1260
322	1258
324	1258
324	1253
327	1253
327	1251
328	1251
328	1249
327	1249
327	1248
329	1248
329	1247
330	1247
330	1246
331	1246
331	1245
332	1245
332	1244
333	1244
333	1243
335	1243
335	1241
338	1241
338	1240
340	1240
340	1239
341	1239
341	1238
342	1238
342	1237
344	1237
344	1236
345	1236
345	1235
347	1235
347	1234
348	1234
348	1233
349	1233
349	1232
353	1232
353	1231
354	1231
354	1229
357	1229
357	1228
359	1228
359	1227
360	1227
360	1224
361	1224
361	1222
360	1222
360	1219
359	1219
359	1218
358	1218
358	1217
354	1217
354	1215
346	1215
346	1214
345	1214
345	1213
341	1213
341	1212
339	1212
339	1211
333	1211
333	1204
332	1204
332	1203
333	1203
333	1202
334	1202
334	1201
335	1201
335	1200
334	1200
334	1199
335	1199
335	1197
337	1197
337	1192
338	1192
338	1191
339	1191
339	1190
340	1190
340	1188
341	1188
341	1186
342	1186
342	1185
343	1185
343	1183
344	1183
344	1181
345	1181
345	1180
347	1180
347	1178
349	1178
349	1177
350	1177
350	1172
352	1172
352	1171
357	1171
357	1170
358	1170
358	1168
360	1168
360	1167
363	1167
363	1165
365	1165
365	1164
367	1164
367	1160
373	1160
373	1159
375	1159
375	1158
377	1158
377	1157
379	1157
379	1156
380	1156
380	1155
384	1155
384	1153
388	1153
388	1152
390	1152
390	1151
391	1151
391	1145
390	1145
390	1144
389	1144
389	1143
388	1143
388	1142
384	1142
384	1140
380	1140
380	1139
379	1139
379	1138
374	1138
374	1137
368	1137
368	1138
366	1138
366	1137
365	1137
365	1129
367	1129
367	1125
368	1125
368	1124
369	1124
369	1120
371	1120
371	1119
372	1119
372	1117
373	1117
373	1115
374	1115
374	1114
375	1114
375	1112
376	1112
376	1111
377	1111
377	1110
378	1110
378	1109
379	1109
379	1108
381	1108
381	1106
383	1106
383	1104
384	1104
384	1103
386	1103
386	1101
388	1101
388	1100
389	1100
389	1099
392	1099
392	1097
393	1097
393	1096
395	1096
395	1095
396	1095
396	1094
399	1094
399	1091
403	1091
403	1090
405	1090
405	1088
409	1088
409	1087
410	1087
410	1081
412	1081
412	1083
413	1083
413	1084
416	1084
416	1083
417	1083
417	1084
420	1084
420	1083
421	1083
421	1082
420	1082
420	1076
419	1076
419	1075
418	1075
418	1073
417	1073
417	1072
414	1072
414	1071
413	1071
413	1070
411	1070
411	1069
410	1069
410	1068
409	1068
409	1067
403	1067
403	1066
400	1066
400	1065
399	1065
399	1061
400	1061
400	1060
401	1060
401	1056
402	1056
402	1055
403	1055
403	1053
404	1053
404	1045
409	1045
409	1044
411	1044
411	1043
412	1043
412	1041
413	1041
413	1040
414	1040
414	1039
415	1039
415	1038
416	1038
416	1037
417	1037
417	1036
418	1036
418	1035
420	1035
420	1034
421	1034
421	1035
422	1035
422	1032
423	1032
423	1031
425	1031
425	1030
427	1030
427	1029
428	1029
428	1027
429	1027
429	1026
431	1026
431	1025
432	1025
432	1024
434	1024
434	1023
435	1023
435	1022
436	1022
436	1021
438	1021
438	1020
440	1020
440	1019
441	1019
441	1018
442	1018
442	1017
444	1017
444	1015
445	1015
445	1014
449	1014
449	1012
453	1012
453	1011
454	1011
454	1010
457	1010
457	1009
458	1009
458	1008
461	1008
461	1007
462	1007
462	1006
465	1006
465	1005
468	1005
468	1004
473	1004
473	1003
475	1003
475	996
474	996
474	995
473	995
473	994
471	994
471	993
469	993
469	990
465	990
465	988
462	988
462	987
461	987
461	985
459	985
459	984
457	984
457	983
453	983
453	982
452	982
452	981
448	981
448	976
449	976
449	975
450	975
450	973
451	973
451	971
453	971
453	970
454	970
454	969
455	969
455	967
456	967
456	963
462	963
462	962
464	962
464	961
466	961
466	959
470	959
470	958
471	958
471	957
474	957
474	956
482	956
482	954
483	954
483	950
488	950
488	949
489	949
489	950
491	950
491	949
493	949
493	947
497	947
497	946
499	946
499	945
503	945
503	944
504	944
504	943
508	943
508	942
512	942
512	941
516	941
516	933
514	933
514	932
513	932
513	931
512	931
512	930
508	930
508	928
504	928
504	927
503	927
503	926
499	926
499	925
495	925
495	921
496	921
496	919
497	919
497	917
498	917
498	916
499	916
499	915
500	915
500	914
501	914
501	912
502	912
502	910
503	910
503	909
505	909
505	908
506	908
506	906
508	906
508	905
509	905
509	904
511	904
511	902
512	902
512	901
515	901
515	900
516	900
516	899
518	899
518	898
520	898
520	897
523	897
523	895
527	895
527	893
528	893
528	894
529	894
529	892
530	892
530	891
531	891
531	889
532	889
532	886
540	886
540	885
542	885
542	884
544	884
544	883
547	883
547	881
550	881
550	880
552	880
552	879
553	879
553	878
557	878
557	877
560	877
560	875
565	875
565	874
569	874
569	866
568	866
568	865
566	865
566	864
564	864
564	862
563	862
563	861
559	861
559	860
555	860
555	859
554	859
554	858
552	858
552	857
550	857
550	856
549	856
549	855
546	855
546	854
545	854
545	853
544	853
544	851
545	851
545	850
546	850
546	849
547	849
547	847
548	847
548	846
551	846
551	844
552	844
552	843
553	843
553	842
555	842
555	841
556	841
556	839
559	839
559	837
560	837
560	836
563	836
563	835
564	835
564	833
566	833
566	832
567	832
567	831
569	831
569	829
572	829
572	828
576	828
576	827
577	827
577	826
581	826
581	823
583	823
583	822
584	822
584	820
585	820
585	816
593	816
593	815
594	815
594	813
596	813
596	812
598	812
598	810
601	810
601	809
604	809
604	808
605	808
605	807
607	807
607	806
608	806
608	805
611	805
611	804
613	804
613	803
620	803
620	801
629	801
629	800
630	800
630	793
627	793
627	791
626	791
626	790
625	790
625	789
623	789
623	788
622	788
622	787
623	787
623	786
621	786
621	785
620	785
620	784
619	784
619	783
618	783
618	782
616	782
616	781
615	781
615	779
611	779
611	777
607	777
607	774
610	774
610	773
611	773
611	770
612	770
612	769
615	769
615	767
618	767
618	766
622	766
622	765
623	765
623	764
625	764
625	763
628	763
628	762
631	762
631	760
636	760
636	759
641	759
641	758
647	758
647	757
649	757
649	756
650	756
650	755
652	755
652	754
657	754
657	753
658	753
658	749
662	749
662	750
663	750
663	749
665	749
665	747
668	747
668	746
672	746
672	744
679	744
679	743
680	743
680	742
682	742
682	741
686	741
686	740
689	740
689	732
688	732
688	731
687	731
687	729
685	729
685	728
684	728
684	727
683	727
683	728
682	728
682	727
681	727
681	724
680	724
680	722
679	722
679	720
674	720
674	718
675	718
675	716
679	716
679	715
680	715
680	714
683	714
683	713
685	713
685	712
690	712
690	711
691	711
691	710
694	710
694	709
701	709
701	708
705	708
705	707
709	707
709	706
710	706
710	704
711	704
711	701
714	701
714	700
715	700
715	697
723	697
723	696
727	696
727	695
728	695
728	693
729	693
729	692
731	692
731	690
735	690
735	689
738	689
738	687
741	687
741	686
743	686
743	685
744	685
744	684
750	684
750	683
753	683
753	682
754	682
754	681
756	681
756	680
759	680
759	679
760	679
760	672
759	672
759	670
758	670
758	669
757	669
757	668
756	668
756	667
755	667
755	665
753	665
753	664
752	664
752	663
751	663
751	661
749	661
749	659
750	659
750	658
751	658
751	657
756	657
756	656
757	656
757	655
761	655
761	654
763	654
763	653
765	653
765	652
771	652
771	651
774	651
774	650
781	650
781	649
782	649
782	648
783	648
783	647
786	647
786	646
787	646
787	644
788	644
788	631
787	631
787	626
785	626
785	625
784	625
784	623
777	623
777	624
776	624
776	626
773	626
773	627
772	627
772	630
770	630
770	632
768	632
768	633
767	633
767	638
764	638
764	639
759	639
759	642
755	642
755	644
754	644
754	645
752	645
752	646
750	646
750	647
746	647
746	651
745	651
745	652
744	652
744	651
743	651
743	652
742	652
742	653
741	653
741	654
740	654
740	655
739	655
739	656
736	656
736	659
735	659
735	660
732	660
732	661
731	661
731	662
730	662
730	663
729	663
729	664
727	664
727	665
724	665
724	666
723	666
723	667
722	667
722	668
719	668
719	669
716	669
716	670
714	670
714	672
709	672
709	671
710	671
710	661
709	661
709	656
707	656
707	652
706	652
706	651
700	651
700	652
699	652
699	660
693	660
693	661
692	661
692	662
691	662
691	663
690	663
690	664
689	664
689	665
686	665
686	666
685	666
685	667
684	667
684	666
683	666
683	667
682	667
682	668
681	668
681	669
680	669
680	670
679	670
679	671
678	671
678	672
677	672
677	673
673	673
673	674
672	674
672	675
670	675
670	676
669	676
669	677
665	677
665	678
661	678
661	679
660	679
660	681
658	681
658	682
657	682
657	683
656	683
656	684
652	684
652	686
651	686
651	687
650	687
650	689
649	689
649	690
647	690
647	691
646	691
646	690
644	690
644	691
643	691
643	694
639	694
639	696
635	696
635	698
634	698
634	699
633	699
633	698
632	698
632	699
630	699
630	700
628	700
628	690
626	690
626	682
625	682
625	681
624	681
624	678
623	678
623	677
617	677
617	678
616	678
616	681
615	681
615	682
614	682
614	690
605	690
605	693
604	693
604	694
602	694
602	698
600	698
600	699
599	699
599	698
595	698
595	699
594	699
594	700
592	700
592	701
588	701
588	703
586	703
586	705
585	705
585	706
584	706
584	707
583	707
583	708
579	708
579	709
576	709
576	710
575	710
575	711
574	711
574	712
573	712
573	714
571	714
571	716
567	716
567	717
566	717
566	718
563	718
563	719
562	719
562	722
557	722
557	723
553	723
553	721
552	721
552	712
551	712
551	711
550	711
550	708
549	708
549	703
540	703
540	704
539	704
539	705
538	705
538	706
537	706
537	707
536	707
536	708
535	708
535	709
534	709
534	710
533	710
533	711
531	711
531	712
530	712
530	713
529	713
529	714
528	714
528	715
527	715
527	716
523	716
523	718
519	718
519	720
515	720
515	721
514	721
514	722
510	722
510	723
506	723
506	725
505	725
505	726
501	726
501	727
500	727
500	728
499	728
499	729
497	729
497	730
494	730
494	731
493	731
493	733
489	733
489	735
485	735
485	736
481	736
481	737
479	737
479	738
478	738
478	739
476	739
476	740
471	740
471	738
470	738
470	736
471	736
471	735
470	735
470	729
468	729
468	724
467	724
467	720
459	720
459	721
458	721
458	722
457	722
457	723
456	723
456	724
455	724
455	725
454	725
454	726
452	726
452	728
451	728
451	729
449	729
449	730
448	730
448	731
447	731
447	732
445	732
445	733
443	733
443	734
442	734
442	735
438	735
438	739
429	739
429	741
426	741
426	742
425	742
425	743
424	743
424	744
423	744
423	745
421	745
421	746
420	746
420	747
417	747
417	748
413	748
413	749
412	749
412	750
408	750
408	752
404	752
404	753
401	753
401	752
400	752
400	751
399	751
399	742
398	742
398	737
397	737
397	733
396	733
396	731
389	731
389	732
388	732
388	733
386	733
386	735
382	735
382	737
381	737
381	738
380	738
380	739
378	739
378	741
373	741
373	742
372	742
372	743
371	743
371	744
370	744
370	745
369	745
369	746
365	746
365	747
361	747
361	749
360	749
360	750
356	750
356	751
353	751
353	752
348	752
348	754
342	754
342	755
339	755
339	757
327	757
327	756
324	756
324	742
323	742
323	737
314	737
314	738
313	738
313	739
309	739
309	741
307	741
307	743
301	743
301	744
300	744
300	745
297	745
297	746
292	746
292	747
291	747
291	748
288	748
288	749
286	749
286	750
275	750
275	751
274	751
274	752
273	752
273	751
272	751
272	752
267	752
267	753
258	753
258	754
245	754
245	750
244	750
244	746
243	746
243	742
242	742
242	740
232	740
232	741
225	741
225	742
224	742
224	743
206	743
206	742
199	742
199	741
190	741
190	742
180	742
180	743
157	743
157	742
152	742
152	741
139	741
139	740
127	740
127	739
121	739
121	738
120	738
120	739
119	739
119	738
118	738
118	737
113	737
113	736
111	736
111	735
108	735
108	734
107	734
107	733
104	733
104	728
109	728
109	727
114	727
114	726
119	726
119	725
120	725
120	724
123	724
123	723
126	723
126	722
131	722
131	721
132	721
132	720
133	720
133	719
135	719
135	718
138	718
138	717
139	717
139	716
146	716
146	715
150	715
150	714
152	714
152	713
156	713
156	712
157	712
157	710
159	710
159	709
162	709
162	708
164	708
164	707
165	707
165	706
171	706
171	705
173	705
173	704
174	704
174	699
183	699
183	698
186	698
186	697
187	697
187	696
191	696
191	695
193	695
193	694
194	694
194	693
196	693
196	692
199	692
199	691
200	691
200	690
202	690
202	689
205	689
205	688
208	688
208	687
210	687
210	686
217	686
217	685
222	685
222	684
223	684
223	683
222	683
222	682
223	682
223	680
222	680
222	677
221	677
221	672
220	672
220	671
221	671
221	669
222	669
222	668
225	668
225	667
226	667
226	666
230	666
230	665
233	665
233	664
236	664
236	663
239	663
239	662
243	662
243	661
247	661
247	660
252	660
252	659
257	659
257	658
264	658
264	657
267	657
267	656
268	656
268	655
272	655
272	647
270	647
270	644
269	644
269	643
268	643
268	641
267	641
267	640
266	640
266	636
268	636
268	635
269	635
269	634
272	634
272	633
273	633
273	631
274	631
274	630
280	630
280	629
284	629
284	628
288	628
288	627
292	627
292	626
293	626
293	625
294	625
294	624
296	624
296	623
300	623
300	622
303	622
303	621
306	621
306	620
308	620
308	619
312	619
312	618
313	618
313	617
319	617
319	616
325	616
325	615
339	615
339	611
340	611
340	607
339	607
339	604
334	604
334	603
333	603
333	595
332	595
332	594
331	594
331	593
330	593
330	592
329	592
329	589
330	589
330	588
331	588
331	587
333	587
333	586
334	586
334	585
336	585
336	584
337	584
337	583
342	583
342	582
343	582
343	583
344	583
344	581
345	581
345	580
352	580
352	579
353	579
353	578
354	578
354	577
359	577
359	576
369	576
369	575
377	575
377	574
379	574
379	573
380	573
380	572
385	572
385	571
386	571
386	570
387	570
387	569
388	569
388	568
390	568
390	567
393	567
393	566
394	566
394	565
400	565
400	564
420	564
420	565
421	565
421	564
425	564
425	555
424	555
424	553
423	553
423	552
422	552
422	551
421	551
421	549
420	549
420	547
419	547
419	545
418	545
418	544
417	544
417	542
416	542
416	540
415	540
415	536
414	536
414	535
410	535
410	532
411	532
411	531
413	531
413	530
414	530
414	529
416	529
416	528
421	528
421	527
422	527
422	526
424	526
424	525
427	525
427	524
433	524
433	523
438	523
438	522
448	522
448	521
461	521
461	520
463	520
463	519
471	519
471	518
478	518
478	517
483	517
483	518
484	518
484	517
489	517
489	518
502	518
502	519
512	519
512	518
513	518
513	512
512	512
512	510
508	510
508	505
507	505
507	504
506	504
506	502
504	502
504	498
503	498
503	497
502	497
502	494
501	494
501	493
500	493
500	492
499	492
499	491
497	491
497	490
495	490
495	486
497	486
497	487
498	487
498	486
499	486
499	485
502	485
502	484
504	484
504	483
506	483
506	482
508	482
508	481
510	481
510	480
513	480
513	479
519	479
519	478
537	478
537	479
539	479
539	480
546	480
546	479
564	479
564	480
570	480
570	481
571	481
571	482
574	482
574	483
580	483
580	484
581	484
581	485
584	485
584	486
585	486
585	485
586	485
586	486
590	486
590	484
591	484
591	481
590	481
590	480
591	480
591	477
590	477
590	472
588	472
588	468
587	468
587	460
586	460
586	458
584	458
584	456
585	456
585	454
597	454
597	455
603	455
603	456
619	456
619	457
620	457
620	460
622	460
622	461
626	461
626	462
635	462
635	463
640	463
640	462
651	462
651	463
660	463
660	464
661	464
661	465
670	465
670	466
674	466
674	467
678	467
678	468
680	468
680	469
691	469
691	460
690	460
690	451
689	451
689	450
688	450
688	446
687	446
687	444
686	444
686	442
685	442
685	440
692	440
692	441
707	441
707	443
710	443
710	444
711	444
711	445
716	445
716	446
717	446
717	447
722	447
722	448
725	448
725	449
729	449
729	450
735	450
735	451
740	451
740	450
744	450
744	451
746	451
746	452
756	452
756	453
758	453
758	454
761	454
761	455
768	455
768	456
772	456
772	458
773	458
773	459
783	459
783	443
782	443
782	440
783	440
783	439
788	439
788	440
789	440
789	441
791	441
791	442
792	442
792	441
793	441
793	442
798	442
798	443
804	443
804	445
808	445
808	446
814	446
814	447
816	447
816	448
818	448
818	449
824	449
824	450
833	450
833	451
834	451
834	452
839	452
839	453
850	453
850	454
862	454
862	455
863	455
863	456
872	456
872	457
876	457
876	458
890	458
890	459
895	459
895	460
906	460
906	461
911	461
911	462
920	462
920	463
924	463
924	465
938	465
938	466
947	466
947	467
951	467
951	468
960	468
960	467
962	467
962	468
964	468
964	469
971	469
971	470
984	470
984	463
983	463
983	462
980	462
980	461
978	461
978	460
976	460
976	459
975	459
975	458
974	458
974	457
971	457
971	456
968	456
968	455
967	455
967	453
965	453
965	452
960	452
960	448
959	448
959	447
958	447
958	445
957	445
957	444
955	444
955	443
954	443
954	442
953	442
953	441
952	441
952	440
951	440
951	439
950	439
950	438
948	438
948	437
947	437
947	434
945	434
945	433
941	433
941	431
939	431
939	429
937	429
937	428
936	428
936	427
935	427
935	426
934	426
934	425
933	425
933	424
932	424
932	423
931	423
931	421
929	421
929	420
928	420
928	419
927	419
927	418
926	418
926	417
925	417
925	416
924	416
924	415
923	415
923	413
921	413
921	412
920	412
920	411
919	411
919	409
918	409
918	408
917	408
917	407
915	407
915	403
912	403
912	401
911	401
911	398
910	398
910	397
909	397
909	396
908	396
908	395
907	395
907	393
906	393
906	392
905	392
905	390
903	390
903	389
902	389
902	388
903	388
903	387
902	387
902	386
900	386
900	382
898	382
898	381
897	381
897	380
896	380
896	379
895	379
895	377
894	377
894	375
893	375
893	373
892	373
892	371
891	371
891	369
888	369
888	365
887	365
887	364
885	364
885	360
883	360
883	358
882	358
882	357
881	357
881	354
880	354
880	353
881	353
881	352
879	352
879	351
878	351
878	348
876	348
876	347
875	347
875	343
872	343
872	342
871	342
871	341
870	341
870	337
871	337
871	336
873	336
873	328
872	328
872	326
871	326
871	325
869	325
869	323
868	323
868	322
867	322
867	321
866	321
866	318
865	318
865	317
864	317
864	314
863	314
863	313
862	313
862	312
861	312
861	309
860	309
860	308
858	308
858	305
857	305
857	300
854	300
854	296
852	296
852	295
851	295
851	292
850	292
850	291
849	291
849	288
848	288
848	287
847	287
847	282
846	282
846	283
845	283
845	279
844	279
844	278
843	278
843	275
842	275
842	274
841	274
841	273
842	273
842	271
841	271
841	270
840	270
840	266
839	266
839	265
838	265
838	264
846	264
846	263
847	263
847	262
851	262
851	253
849	253
849	250
848	250
848	249
847	249
847	245
846	245
846	244
845	244
845	241
844	241
844	236
843	236
843	232
842	232
842	227
843	227
843	216
842	216
842	206
841	206
841	196
846	196
846	193
847	193
847	192
846	192
846	191
847	191
847	190
846	190
846	189
847	189
847	188
846	188
846	185
845	185
845	170
846	170
846	169
847	169
847	165
848	165
848	160
849	160
849	152
850	152
850	148
851	148
851	144
852	144
852	139
853	139
853	136
854	136
854	135
855	135
855	131
856	131
856	130
857	130
857	127
858	127
858	125
859	125
859	122
860	122
860	120
861	120
861	119
862	119
862	118
863	118
863	117
862	117
862	116
863	116
863	115
864	115
864	113
866	113
866	112
865	112
865	111
866	111
866	110
867	110
867	109
868	109
868	108
869	108
869	107
870	107
870	108
871	108
871	109
872	109
872	110
873	110
873	114
874	114
874	118
875	118
875	135
876	135
876	143
877	143
877	148
878	148
878	152
880	152
880	155
881	155
881	160
882	160
882	165
883	165
883	167
884	167
884	168
885	168
885	171
886	171
886	174
887	174
887	175
886	175
886	176
887	176
887	177
888	177
888	179
889	179
889	182
891	182
891	185
892	185
892	188
893	188
893	196
894	196
894	197
899	197
899	198
900	198
900	200
901	200
901	205
902	205
902	206
903	206
903	208
904	208
904	209
905	209
905	212
906	212
906	216
907	216
907	217
908	217
908	220
909	220
909	221
912	221
912	229
913	229
913	230
914	230
914	231
913	231
913	232
914	232
914	233
915	233
915	234
916	234
916	237
917	237
917	238
918	238
918	239
919	239
919	243
920	243
920	244
921	244
921	246
922	246
922	249
924	249
924	263
929	263
929	264
930	264
930	263
932	263
932	262
934	262
934	261
936	261
936	259
937	259
937	258
938	258
938	257
940	257
940	258
941	258
941	260
942	260
942	261
943	261
943	266
944	266
944	268
945	268
945	271
944	271
944	272
945	272
945	280
946	280
946	284
947	284
947	288
948	288
948	289
949	289
949	293
950	293
950	295
951	295
951	296
952	296
952	298
953	298
953	300
954	300
954	303
955	303
955	304
956	304
956	306
957	306
957	307
958	307
958	313
959	313
959	314
960	314
960	318
961	318
961	319
962	319
962	323
963	323
963	324
964	324
964	326
965	326
965	328
966	328
966	331
967	331
967	336
969	336
969	340
970	340
970	344
971	344
971	348
972	348
972	349
979	349
979	347
980	347
980	344
981	344
981	341
982	341
982	342
986	342
986	343
985	343
985	344
987	344
987	345
988	345
988	349
990	349
990	353
991	353
991	355
992	355
992	360
993	360
993	375
995	375
995	377
996	377
996	381
997	381
997	383
998	383
998	388
999	388
999	392
1001	392
1001	396
1003	396
1003	398
1004	398
1004	399
1005	399
1005	400
1006	400
1006	404
1007	404
1007	406
1009	406
1009	409
1010	409
1010	410
1011	410
1011	412
1012	412
1012	415
1013	415
1013	417
1014	417
1014	418
1016	418
1016	424
1017	424
1017	425
1018	425
1018	429
1019	429
1019	431
1020	431
1020	432
1021	432
1021	435
1022	435
1022	436
1023	436
1023	439
1024	439
1024	442
1025	442
1025	445
1026	445
1026	447
1027	447
1027	451
1028	451
1028	456
1029	456
1029	473
1030	473
1030	475
1031	475
1031	476
1037	476
1037	477
1040	477
1040	476
1041	476
1041	477
1042	477
1042	476
1046	476
1046	475
1047	475
1047	473
1048	473
1048	461
1049	461
1049	453
1050	453
1050	448
1052	448
1052	441
1053	441
1053	439
1054	439
1054	438
1055	438
1055	435
1056	435
1056	431
1057	431
1057	428
1058	428
1058	427
1059	427
1059	425
1060	425
1060	424
1059	424
1059	423
1060	423
1060	422
1061	422
1061	419
1062	419
1062	416
1063	416
1063	414
1065	414
1065	408
1066	408
1066	407
1067	407
1067	405
1068	405
1068	402
1069	402
1069	399
1070	399
1070	398
1071	398
1071	396
1072	396
1072	393
1073	393
1073	391
1074	391
1074	388
1075	388
1075	387
1076	387
1076	384
1077	384
1077	383
1078	383
1078	379
1079	379
1079	375
1080	375
1080	374
1081	374
1081	371
1082	371
1082	369
1083	369
1083	366
1084	366
1084	363
1085	363
1085	362
1086	362
1086	361
1087	361
1087	358
1088	358
1088	357
1089	357
1089	352
1090	352
1090	349
1091	349
1091	344
1092	344
1092	342
1093	342
1093	337
1094	337
1094	336
1095	336
1095	330
1096	330
1096	328
1097	328
1097	321
1098	321
1098	319
1099	319
1099	313
1100	313
1100	301
1099	301
1099	297
1100	297
1100	295
1099	295
1099	291
1100	291
1100	289
1112	289
1112	277
1113	277
1113	276
1114	276
1114	272
1115	272
1115	268
1116	268
1116	267
1117	267
1117	265
1116	265
1116	264
1117	264
1117	256
1118	256
1118	255
1120	255
1120	254
1121	254
1121	251
1122	251
1122	247
1123	247
1123	245
1124	245
1124	242
1125	242
1125	239
1126	239
1126	238
1127	238
1127	237
1128	237
1128	234
1129	234
1129	232
1130	232
1130	227
1131	227
1131	225
1132	225
1132	221
1133	221
1133	220
1134	220
1134	218
1135	218
1135	216
1136	216
1136	208
1141	208
1141	207
1142	207
1142	204
1143	204
1143	200
1145	200
1145	199
1144	199
1144	198
1145	198
1145	197
1146	197
1146	196
1147	196
1147	191
1149	191
1149	187
1150	187
1150	186
1151	186
1151	179
1152	179
1152	178
1153	178
1153	175
1154	175
1154	174
1155	174
1155	168
1156	168
1156	166
1158	166
1158	165
1159	165
1159	163
1160	163
1160	157
1161	157
1161	155
1162	155
1162	154
1163	154
1163	152
1164	152
1164	148
1166	148
1166	147
1167	147
1167	146
1168	146
1168	144
1171	144
1171	147
1172	147
1172	148
1173	148
1173	152
1174	152
1174	155
1175	155
1175	156
1176	156
1176	157
1177	157
1177	163
1178	163
1178	165
1179	165
1179	171
1180	171
1180	172
1181	172
1181	173
1182	173
1182	177
1183	177
1183	186
1184	186
1184	187
1185	187
1185	198
1186	198
1186	220
1185	220
1185	223
1186	223
1186	224
1185	224
1185	248
1184	248
1184	249
1181	249
1181	257
1185	257
1185	258
1186	258
1186	264
1185	264
1185	291
1184	291
1184	292
1183	292
1183	296
1182	296
1182	297
1181	297
1181	300
1180	300
1180	304
1179	304
1179	305
1178	305
1178	312
1180	312
1180	313
1183	313
1183	317
1182	317
1182	318
1181	318
1181	322
1180	322
1180	326
1179	326
1179	329
1178	329
1178	330
1176	330
1176	334
1175	334
1175	335
1174	335
1174	338
1173	338
1173	339
1171	339
1171	344
1170	344
1170	347
1169	347
1169	349
1168	349
1168	352
1166	352
1166	356
1164	356
1164	360
1163	360
1163	361
1162	361
1162	364
1161	364
1161	365
1160	365
1160	368
1159	368
1159	370
1158	370
1158	371
1157	371
1157	373
1156	373
1156	375
1155	375
1155	377
1154	377
1154	378
1153	378
1153	379
1152	379
1152	380
1153	380
1153	382
1151	382
1151	386
1150	386
1150	390
1148	390
1148	391
1147	391
1147	394
1146	394
1146	395
1145	395
1145	399
1142	399
1142	403
1140	403
1140	407
1139	407
1139	408
1138	408
1138	411
1137	411
1137	416
1134	416
1134	417
1133	417
1133	418
1132	418
1132	419
1133	419
1133	420
1132	420
1132	424
1130	424
1130	425
1129	425
1129	426
1128	426
1128	428
1127	428
1127	429
1126	429
1126	431
1125	431
1125	433
1123	433
1123	435
1122	435
1122	436
1121	436
1121	437
1119	437
1119	441
1118	441
1118	442
1117	442
1117	441
1116	441
1116	442
1115	442
1115	444
1110	444
1110	448
1109	448
1109	449
1105	449
1105	450
1106	450
1106	452
1103	452
1103	453
1102	453
1102	454
1101	454
1101	456
1098	456
1098	459
1094	459
1094	460
1093	460
1093	463
1094	463
1094	464
1093	464
1093	466
1094	466
1094	467
1100	467
1100	466
1101	466
1101	464
1107	464
1107	463
1111	463
1111	462
1114	462
1114	461
1116	461
1116	460
1117	460
1117	459
1120	459
1120	458
1122	458
1122	457
1128	457
1128	456
1130	456
1130	455
1131	455
1131	454
1137	454
1137	453
1139	453
1139	452
1140	452
1140	453
1141	453
1141	452
1142	452
1142	451
1143	451
1143	450
1149	450
1149	449
1150	449
1150	448
1159	448
1159	447
1161	447
1161	446
1162	446
1162	445
1166	445
1166	444
1171	444
1171	443
1173	443
1173	442
1175	442
1175	441
1181	441
1181	440
1183	440
1183	439
1188	439
1188	437
1194	437
1194	436
1198	436
1198	435
1203	435
1203	433
1208	433
1208	432
1212	432
1212	431
1219	431
1219	430
1221	430
1221	429
1222	429
1222	428
1223	428
1223	429
1224	429
1224	428
1227	428
1227	427
1228	427
1228	426
1232	426
1232	425
1234	425
1234	424
1237	424
1237	422
1243	422
1243	420
1245	420
1245	419
1246	419
1246	418
1249	418
1249	417
1250	417
1250	416
1252	416
1252	415
1254	415
1254	414
1256	414
1256	413
1258	413
1258	412
1261	412
1261	411
1263	411
1263	410
1266	410
1266	409
1269	409
1269	408
1270	408
1270	407
1271	407
1271	406
1275	406
1275	405
1278	405
1278	404
1280	404
1280	403
1286	403
1286	402
1288	402
1288	401
1290	401
1290	400
1292	400
1292	401
1294	401
1294	400
1300	400
1300	401
1302	401
1302	403
1301	403
1301	405
1300	405
1300	406
1299	406
1299	407
1298	407
1298	408
1297	408
1297	413
1296	413
1296	415
1295	415
1295	424
1302	424
1302	422
1308	422
1308	421
1309	421
1309	420
1311	420
1311	419
1314	419
1314	418
1318	418
1318	416
1322	416
1322	415
1327	415
1327	414
1329	414
1329	413
1333	413
1333	412
1335	412
1335	413
1336	413
1336	412
1337	412
1337	413
1340	413
1340	412
1342	412
1342	411
1348	411
1348	409
1357	409
1357	408
1360	408
1360	407
1364	407
1364	405
1369	405
1369	404
1370	404
1370	403
1372	403
1372	402
1377	402
1377	401
1385	401
1385	400
1387	400
1387	399
1393	399
1393	400
1401	400
1401	401
1402	401
1402	400
1403	400
1403	401
1404	401
1404	403
1402	403
1402	404
1401	404
1401	406
1400	406
1400	408
1399	408
1399	412
1397	412
1397	415
1396	415
1396	416
1395	416
1395	420
1393	420
1393	423
1392	423
1392	425
1391	425
1391	435
1399	435
1399	434
1400	434
1400	433
1407	433
1407	432
1413	432
1413	431
1425	431
1425	430
1426	430
1426	429
1438	429
1438	428
1448	428
1448	427
1449	427
1449	428
1454	428
1454	427
1455	427
1455	425
1460	425
1460	424
1477	424
1477	426
1488	426
1488	427
1491	427
1491	428
1494	428
1494	430
1493	430
1493	431
1492	431
1492	433
1491	433
1491	434
1490	434
1490	435
1489	435
1489	436
1488	436
1488	437
1486	437
1486	441
1485	441
1485	442
1483	442
1483	446
1481	446
1481	450
1479	450
1479	458
1491	458
1491	457
1493	457
1493	456
1496	456
1496	454
1504	454
1504	453
1511	453
1511	452
1525	452
1525	451
1534	451
1534	450
1543	450
1543	451
1552	451
1552	452
1554	452
1554	453
1562	453
1562	454
1563	454
1563	457
1562	457
1562	458
1561	458
1561	459
1560	459
1560	463
1559	463
1559	464
1558	464
1558	467
1556	467
1556	471
1555	471
1555	472
1554	472
1554	481
1563	481
1563	480
1564	480
1564	479
1567	479
1567	478
1574	478
1574	477
1576	477
1576	476
1581	476
1581	475
1590	475
1590	474
1598	474
1598	475
1611	475
1611	476
1619	476
1619	477
1623	477
1623	478
1625	478
1625	479
1627	479
1627	480
1628	480
1628	483
1627	483
1627	484
1625	484
1625	485
1624	485
1624	487
1625	487
1625	488
1624	488
1624	489
1623	489
1623	491
1622	491
1622	493
1621	493
1621	494
1620	494
1620	498
1618	498
1618	500
1617	500
1617	502
1616	502
1616	509
1627	509
1627	508
1631	508
1631	507
1632	507
1632	508
1636	508
1636	507
1637	507
1637	506
1651	506
1651	507
1654	507
1654	508
1656	508
1656	509
1664	509
1664	508
1665	508
1665	509
1671	509
1671	510
1672	510
1672	509
1676	509
1676	510
1678	510
1678	511
1689	511
1689	512
1691	512
1691	513
1696	513
1696	514
1698	514
1698	515
1697	515
1697	516
1700	516
1700	517
1702	517
1702	518
1703	518
1703	519
1704	519
1704	522
1703	522
1703	523
1702	523
1702	524
1701	524
1701	525
1702	525
1702	527
1700	527
1700	528
1698	528
1698	532
1697	532
1697	543
1720	543
1720	544
1721	544
1721	543
1723	543
1723	545
1726	545
1726	546
1731	546
1731	547
1732	547
1732	546
1734	546
1734	547
1735	547
1735	548
1746	548
1746	549
1747	549
1747	550
1748	550
1748	551
1753	551
1753	552
1758	552
1758	553
1763	553
1763	554
1766	554
1766	555
1770	555
1770	556
1776	556
1776	555
1777	555
1777	554
1778	554
1778	558
1779	558
1779	560
1783	560
1783	562
1785	562
1785	563
1787	563
1787	570
1786	570
1786	572
1785	572
1785	573
1786	573
1786	575
1785	575
1785	576
1786	576
1786	580
1791	580
1791	581
1792	581
1792	580
1797	580
1797	581
1804	581
1804	582
1811	582
1811	584
1812	584
1812	585
1820	585
1820	587
1822	587
1822	589
1828	589
1828	590
1829	590
1829	591
1832	591
1832	592
1838	592
1838	594
1839	594
1839	595
1842	595
1842	596
1845	596
1845	597
1846	597
1846	598
1851	598
1851	599
1854	599
1854	600
1858	600
1858	602
1863	602
1863	603
1865	603
1865	604
1870	604
1870	606
1872	606
1872	607
1873	607
1873	608
1878	608
1878	609
1879	609
1879	610
1882	610
1882	611
1883	611
1883	612
1889	612
1889	613
1891	613
1891	614
1892	614
1892	615
1897	615
1897	616
1900	616
1900	617
1902	617
1902	618
1903	618
1903	619
1907	619
1907	620
1908	620
1908	621
1915	621
1915	622
1916	622
1916	623
1917	623
1917	624
1926	624
1926	625
1931	625
1931	627
1932	627
1932	630
1930	630
1930	631
1929	631
1929	632
1923	632
1923	633
1921	633
1921	634
1917	634
1917	635
1915	635
1915	636
1912	636
1912	637
1907	637
1907	638
1905	638
1905	639
1899	639
1899	640
1891	640
1891	641
1886	641
1886	642
1884	642
1884	643
1869	643
1869	644
1860	644
1860	645
1839	645
1839	646
1835	646
1835	647
1826	647
1826	648
1808	648
1808	649
1807	649
1807	648
1806	648
1806	647
1796	647
1796	651
1795	651
1795	652
1794	652
1794	653
1793	653
1793	654
1794	654
1794	662
1792	662
1792	663
1759	663
1759	662
1746	662
1746	661
1742	661
1742	660
1738	660
1738	659
1737	659
1737	658
1733	658
1733	657
1729	657
1729	656
1727	656
1727	655
1725	655
1725	653
1716	653
1716	654
1715	654
1715	656
1714	656
1714	657
1715	657
1715	658
1714	658
1714	665
1713	665
1713	670
1712	670
1712	671
1703	671
1703	670
1698	670
1698	669
1697	669
1697	668
1696	668
1696	669
1695	669
1695	667
1690	667
1690	666
1683	666
1683	665
1682	665
1682	664
1678	664
1678	663
1669	663
1669	662
1665	662
1665	661
1664	661
1664	660
1662	660
1662	661
1661	661
1661	660
1657	660
1657	659
1656	659
1656	658
1654	658
1654	657
1653	657
1653	656
1652	656
1652	654
1647	654
1647	653
1646	653
1646	652
1645	652
1645	651
1644	651
1644	649
1641	649
1641	648
1636	648
1636	649
1634	649
1634	650
1635	650
1635	654
1634	654
1634	655
1635	655
1635	656
1634	656
1634	668
1635	668
1635	670
1634	670
1634	671
1629	671
1629	670
1622	670
1622	669
1619	669
1619	668
1618	668
1618	666
1617	666
1617	667
1613	667
1613	666
1609	666
1609	664
1605	664
1605	663
1600	663
1600	662
1596	662
1596	661
1592	661
1592	660
1588	660
1588	658
1586	658
1586	657
1585	657
1585	658
1584	658
1584	657
1583	657
1583	655
1581	655
1581	656
1580	656
1580	655
1579	655
1579	654
1578	654
1578	653
1576	653
1576	652
1575	652
1575	651
1571	651
1571	650
1570	650
1570	649
1568	649
1568	648
1567	648
1567	647
1566	647
1566	646
1558	646
1558	666
1559	666
1559	668
1558	668
1558	669
1555	669
1555	668
1551	668
1551	667
1541	667
1541	666
1540	666
1540	665
1538	665
1538	664
1532	664
1532	662
1528	662
1528	660
1524	660
1524	659
1523	659
1523	658
1521	658
1521	657
1515	657
1515	654
1510	654
1510	653
1502	653
1502	650
1497	650
1497	649
1495	649
1495	648
1494	648
1494	646
1493	646
1493	645
1489	645
1489	643
1486	643
1486	642
1485	642
1485	639
1484	639
1484	638
1483	638
1483	639
1477	639
1477	643
1476	643
1476	648
1475	648
1475	652
1474	652
1474	659
1475	659
1475	660
1474	660
1474	661
1471	661
1471	660
1466	660
1466	659
1465	659
1465	658
1463	658
1463	657
1459	657
1459	656
1458	656
1458	655
1455	655
1455	654
1454	654
1454	653
1453	653
1453	652
1451	652
1451	651
1447	651
1447	650
1445	650
1445	649
1444	649
1444	648
1443	648
1443	647
1438	647
1438	645
1437	645
1437	644
1434	644
1434	643
1430	643
1430	642
1429	642
1429	640
1425	640
1425	639
1421	639
1421	637
1416	637
1416	635
1412	635
1412	633
1408	633
1408	632
1407	632
1407	631
1406	631
1406	630
1405	630
1405	629
1404	629
1404	628
1402	628
1402	627
1401	627
1401	626
1400	626
1400	625
1399	625
1399	622
1391	622
1391	623
1390	623
1390	624
1391	624
1391	625
1390	625
1390	627
1389	627
1389	633
1388	633
1388	640
1386	640
