1126	1011
1127	1011
1127	1013
1128	1013
1128	1015
1129	1015
1129	1016
1131	1016
1131	1027
1132	1027
1132	1029
1109	1029
1109	1030
1108	1030
1108	1037
1107	1037
1107	1038
1106	1038
1106	1039
1105	1039
1105	1066
1106	1066
1106	1074
1107	1074
1107	1076
1108	1076
1108	1081
1109	1081
1109	1097
1108	1097
1108	1096
1090	1096
1090	1097
1089	1097
1089	1111
1088	1111
1088	1112
1089	1112
1089	1119
1088	1119
1088	1122
1089	1122
1089	1123
1088	1123
1088	1125
1089	1125
1089	1127
1090	1127
1090	1131
1089	1131
1089	1149
1090	1149
1090	1150
1091	1150
1091	1153
1092	1153
1092	1155
1093	1155
1093	1157
1094	1157
1094	1159
1093	1159
1093	1162
1092	1162
1092	1163
1090	1163
1090	1164
1089	1164
1089	1162
1088	1162
1088	1161
1070	1161
1070	1162
1069	1162
1069	1211
1070	1211
1070	1212
1071	1212
1071	1215
1072	1215
1072	1222
1073	1222
1073	1229
1072	1229
1072	1230
1071	1230
1071	1229
1068	1229
1068	1228
1067	1228
1067	1226
1048	1226
1048	1228
1047	1228
1047	1236
1044	1236
1044	1237
1043	1237
1043	1251
1042	1251
1042	1276
1043	1276
1043	1277
1045	1277
1045	1278
1046	1278
1046	1283
1047	1283
1047	1287
1046	1287
1046	1288
1047	1288
1047	1290
1046	1290
1046	1299
1045	1299
1045	1301
1043	1301
1043	1302
1027	1302
1027	1315
1026	1315
1026	1318
1025	1318
1025	1319
1018	1319
1018	1320
1017	1320
1017	1324
1016	1324
1016	1356
1017	1356
1017	1361
1016	1361
1016	1371
1015	1371
1015	1372
995	1372
995	1379
994	1379
994	1380
991	1380
991	1382
990	1382
990	1383
991	1383
991	1393
990	1393
990	1394
989	1394
989	1395
988	1395
988	1418
989	1418
989	1425
990	1425
990	1440
989	1440
989	1441
988	1441
988	1442
987	1442
987	1443
986	1443
986	1444
984	1444
984	1442
983	1442
983	1441
965	1441
965	1442
964	1442
964	1447
962	1447
962	1456
961	1456
961	1457
960	1457
960	1458
959	1458
959	1461
958	1461
958	1498
959	1498
959	1499
958	1499
958	1500
956	1500
956	1501
955	1501
955	1504
954	1504
954	1505
936	1505
936	1506
934	1506
934	1508
933	1508
933	1513
932	1513
932	1522
931	1522
931	1523
930	1523
930	1527
929	1527
929	1529
930	1529
930	1533
929	1533
929	1536
928	1536
928	1539
925	1539
925	1561
924	1561
924	1565
923	1565
923	1566
922	1566
922	1567
921	1567
921	1572
920	1572
920	1573
902	1573
902	1575
901	1575
901	1576
902	1576
902	1577
901	1577
901	1578
899	1578
899	1579
898	1579
898	1580
897	1580
897	1592
895	1592
895	1593
894	1593
894	1600
893	1600
893	1603
892	1603
892	1605
891	1605
891	1613
890	1613
890	1615
889	1615
889	1635
888	1635
888	1640
886	1640
886	1641
885	1641
885	1642
883	1642
883	1643
870	1643
870	1645
869	1645
869	1648
868	1648
868	1649
867	1649
867	1655
866	1655
866	1657
864	1657
864	1664
862	1664
862	1666
861	1666
861	1668
860	1668
860	1670
858	1670
858	1676
857	1676
857	1680
856	1680
856	1682
855	1682
855	1696
854	1696
854	1698
853	1698
853	1706
852	1706
852	1707
851	1707
851	1709
850	1709
850	1710
847	1710
847	1709
845	1709
845	1710
843	1710
843	1711
842	1711
842	1717
841	1717
841	1720
842	1720
842	1721
841	1721
841	1724
840	1724
840	1732
839	1732
839	1733
838	1733
838	1736
837	1736
837	1737
833	1737
833	1738
832	1738
832	1750
830	1750
830	1758
829	1758
829	1759
828	1759
828	1761
827	1761
827	1762
826	1762
826	1763
825	1763
825	1771
824	1771
824	1772
823	1772
823	1774
822	1774
822	1775
823	1775
823	1776
820	1776
820	1778
819	1778
819	1782
818	1782
818	1783
819	1783
819	1785
818	1785
818	1789
817	1789
817	1793
816	1793
816	1795
814	1795
814	1797
813	1797
813	1800
814	1800
814	1801
813	1801
813	1802
812	1802
812	1808
811	1808
811	1809
809	1809
809	1815
807	1815
807	1816
806	1816
806	1820
805	1820
805	1825
804	1825
804	1829
803	1829
803	1831
804	1831
804	1834
803	1834
803	1836
804	1836
804	1837
801	1837
801	1838
799	1838
799	1841
798	1841
798	1844
797	1844
797	1846
796	1846
796	1848
795	1848
795	1850
794	1850
794	1855
793	1855
793	1856
792	1856
792	1857
791	1857
791	1861
790	1861
790	1863
789	1863
789	1865
788	1865
788	1869
787	1869
787	1872
786	1872
786	1873
785	1873
785	1875
786	1875
786	1876
785	1876
785	1877
784	1877
784	1878
783	1878
783	1881
782	1881
782	1882
780	1882
780	1892
779	1892
779	1893
778	1893
778	1894
777	1894
777	1898
776	1898
776	1906
777	1906
777	1907
773	1907
773	1908
771	1908
771	1910
770	1910
770	1914
769	1914
769	1915
768	1915
768	1918
766	1918
766	1921
765	1921
765	1924
764	1924
764	1926
763	1926
763	1929
762	1929
762	1933
761	1933
761	1934
759	1934
759	1935
758	1935
758	1944
757	1944
757	1946
756	1946
756	1947
755	1947
755	1948
753	1948
753	1959
752	1959
752	1960
751	1960
751	1961
750	1961
750	1962
749	1962
749	1972
748	1972
748	1973
747	1973
747	1974
746	1974
746	1978
745	1978
745	1979
744	1979
744	1981
743	1981
743	1984
742	1984
742	1987
741	1987
741	1988
740	1988
740	1991
739	1991
739	1995
738	1995
738	1996
739	1996
739	1998
738	1998
738	2000
737	2000
737	2003
736	2003
736	2006
734	2006
734	2008
733	2008
733	2009
732	2009
732	2010
731	2010
731	2021
730	2021
730	2024
729	2024
729	2026
721	2026
721	2027
720	2027
720	2028
716	2028
716	2029
715	2029
715	2028
716	2028
716	2027
717	2027
717	2026
716	2026
716	2022
715	2022
715	2014
714	2014
714	2012
713	2012
713	2001
714	2001
714	2000
715	2000
715	1991
716	1991
716	1988
717	1988
717	1985
716	1985
716	1982
717	1982
717	1980
718	1980
718	1976
719	1976
719	1971
720	1971
720	1967
721	1967
721	1963
722	1963
722	1962
723	1962
723	1956
724	1956
724	1952
725	1952
725	1947
726	1947
726	1942
727	1942
727	1940
728	1940
728	1939
729	1939
729	1934
730	1934
730	1931
731	1931
731	1926
732	1926
732	1920
733	1920
733	1917
734	1917
734	1914
735	1914
735	1898
736	1898
736	1897
741	1897
741	1896
742	1896
742	1890
743	1890
743	1882
744	1882
744	1880
746	1880
746	1873
747	1873
747	1872
748	1872
748	1871
749	1871
749	1869
750	1869
750	1865
751	1865
751	1860
752	1860
752	1858
753	1858
753	1856
754	1856
754	1853
755	1853
755	1850
756	1850
756	1843
759	1843
759	1839
760	1839
760	1837
762	1837
762	1831
763	1831
763	1827
764	1827
764	1824
765	1824
765	1823
766	1823
766	1818
767	1818
767	1816
768	1816
768	1811
769	1811
769	1805
770	1805
770	1797
771	1797
771	1795
772	1795
772	1794
773	1794
773	1790
774	1790
774	1788
775	1788
775	1784
776	1784
776	1782
777	1782
777	1779
778	1779
778	1775
779	1775
779	1769
780	1769
780	1765
781	1765
781	1762
782	1762
782	1754
783	1754
783	1753
784	1753
784	1752
785	1752
785	1750
786	1750
786	1747
787	1747
787	1746
788	1746
788	1740
789	1740
789	1739
790	1739
790	1736
791	1736
791	1727
792	1727
792	1726
793	1726
793	1725
794	1725
794	1722
795	1722
795	1713
796	1713
796	1707
797	1707
797	1706
798	1706
798	1705
799	1705
799	1684
798	1684
798	1683
797	1683
797	1682
794	1682
794	1677
795	1677
795	1676
796	1676
796	1673
797	1673
797	1672
798	1672
798	1670
799	1670
799	1671
800	1671
800	1669
801	1669
801	1667
802	1667
802	1666
804	1666
804	1665
805	1665
805	1662
806	1662
806	1661
807	1661
807	1660
808	1660
808	1654
809	1654
809	1653
810	1653
810	1638
811	1638
811	1637
812	1637
812	1631
813	1631
813	1629
814	1629
814	1624
815	1624
815	1619
816	1619
816	1613
818	1613
818	1607
819	1607
819	1590
818	1590
818	1589
817	1589
817	1588
816	1588
816	1589
808	1589
808	1588
807	1588
807	1582
808	1582
808	1579
809	1579
809	1577
810	1577
810	1574
811	1574
811	1572
812	1572
812	1571
813	1571
813	1570
814	1570
814	1569
815	1569
815	1567
819	1567
819	1566
820	1566
820	1561
821	1561
821	1556
822	1556
822	1555
823	1555
823	1550
825	1550
825	1543
826	1543
826	1542
827	1542
827	1541
828	1541
828	1538
829	1538
829	1534
830	1534
830	1529
831	1529
831	1528
832	1528
832	1527
833	1527
833	1525
834	1525
834	1520
835	1520
835	1519
836	1519
836	1500
823	1500
823	1499
821	1499
821	1494
822	1494
822	1493
823	1493
823	1492
824	1492
824	1488
826	1488
826	1487
827	1487
827	1486
828	1486
828	1485
829	1485
829	1483
830	1483
830	1482
831	1482
831	1481
832	1481
832	1480
833	1480
833	1478
834	1478
834	1475
837	1475
837	1474
839	1474
839	1473
840	1473
840	1469
842	1469
842	1468
844	1468
844	1454
845	1454
845	1452
846	1452
846	1448
847	1448
847	1446
848	1446
848	1445
847	1445
847	1442
848	1442
848	1441
847	1441
847	1426
835	1426
835	1425
834	1425
834	1420
835	1420
835	1418
836	1418
836	1415
837	1415
837	1414
839	1414
839	1413
841	1413
841	1411
842	1411
842	1409
843	1409
843	1408
846	1408
846	1407
847	1407
847	1402
848	1402
848	1401
852	1401
852	1399
853	1399
853	1397
854	1397
854	1396
855	1396
855	1391
856	1391
856	1390
857	1390
857	1389
858	1389
858	1368
857	1368
857	1367
848	1367
848	1366
847	1366
847	1354
848	1354
848	1352
849	1352
849	1350
850	1350
850	1349
851	1349
851	1347
853	1347
853	1346
854	1346
854	1345
855	1345
855	1344
857	1344
857	1343
859	1343
859	1341
860	1341
860	1339
861	1339
861	1338
860	1338
860	1337
861	1337
861	1335
862	1335
862	1334
863	1334
863	1333
865	1333
865	1331
866	1331
866	1330
872	1330
872	1329
873	1329
873	1323
874	1323
874	1321
875	1321
875	1316
876	1316
876	1313
877	1313
877	1310
878	1310
878	1309
879	1309
879	1304
880	1304
880	1287
879	1287
879	1286
878	1286
878	1285
875	1285
875	1286
874	1286
874	1285
873	1285
873	1286
871	1286
871	1285
866	1285
866	1280
867	1280
867	1278
868	1278
868	1277
871	1277
871	1276
873	1276
873	1271
875	1271
875	1270
876	1270
876	1268
877	1268
877	1267
879	1267
879	1266
880	1266
880	1265
882	1265
882	1264
883	1264
883	1263
884	1263
884	1264
885	1264
885	1263
887	1263
887	1260
889	1260
889	1259
890	1259
890	1238
888	1238
888	1237
887	1237
887	1209
881	1209
881	1208
880	1208
880	1205
881	1205
881	1203
882	1203
882	1201
883	1201
883	1198
886	1198
886	1197
887	1197
887	1192
889	1192
889	1191
890	1191
890	1190
891	1190
891	1189
892	1189
892	1188
893	1188
893	1186
894	1186
894	1185
895	1185
895	1186
896	1186
896	1184
899	1184
899	1180
900	1180
900	1178
901	1178
901	1175
902	1175
902	1173
903	1173
903	1172
904	1172
904	1171
905	1171
905	1162
906	1162
906	1161
907	1161
907	1152
909	1152
909	1130
894	1130
894	1129
893	1129
893	1128
894	1128
894	1125
895	1125
895	1123
896	1123
896	1122
897	1122
897	1121
898	1121
898	1120
899	1120
899	1119
901	1119
901	1118
902	1118
902	1116
903	1116
903	1117
904	1117
904	1116
906	1116
906	1115
907	1115
907	1113
909	1113
909	1112
910	1112
910	1110
913	1110
913	1108
914	1108
914	1107
915	1107
915	1105
916	1105
916	1104
917	1104
917	1103
918	1103
918	1102
917	1102
917	1098
918	1098
918	1096
920	1096
920	1095
921	1095
921	1091
922	1091
922	1090
921	1090
921	1089
922	1089
922	1060
923	1060
923	1059
922	1059
922	1056
916	1056
916	1055
915	1055
915	1051
916	1051
916	1049
917	1049
917	1047
918	1047
918	1046
919	1046
919	1044
920	1044
920	1041
921	1041
921	1040
927	1040
927	1039
931	1039
931	1037
932	1037
932	1036
934	1036
934	1035
935	1035
935	1034
936	1034
936	1033
935	1033
935	1031
937	1031
937	1030
938	1030
938	1029
939	1029
939	1028
940	1028
940	1020
941	1020
941	1014
945	1014
945	989
934	989
934	988
933	988
933	984
934	984
934	983
935	983
935	981
937	981
937	980
938	980
938	979
940	979
940	978
941	978
941	977
942	977
942	976
943	976
943	974
944	974
944	973
947	973
947	972
948	972
948	971
949	971
949	970
952	970
952	969
953	969
953	970
956	970
956	969
957	969
957	967
959	967
959	965
960	965
960	964
959	964
959	958
960	958
960	957
961	957
961	956
962	956
962	955
963	955
963	953
964	953
964	950
963	950
963	949
964	949
964	948
965	948
965	947
966	947
966	944
967	944
967	943
968	943
968	936
969	936
969	935
968	935
968	918
955	918
955	915
956	915
956	912
957	912
957	911
958	911
958	910
959	910
959	909
961	909
961	908
962	908
962	907
963	907
963	905
965	905
965	904
966	904
966	902
967	902
967	901
968	901
968	900
971	900
971	899
973	899
973	898
974	898
974	896
975	896
975	895
978	895
978	893
980	893
980	892
981	892
981	889
982	889
982	887
983	887
983	882
984	882
984	880
985	880
985	875
986	875
986	872
987	872
987	852
986	852
986	850
973	850
973	845
975	845
975	844
974	844
974	843
978	843
978	842
979	842
979	840
981	840
981	839
983	839
983	838
985	838
985	836
990	836
990	835
991	835
991	834
992	834
992	833
993	833
993	832
995	832
995	831
997	831
997	830
1001	830
1001	825
1002	825
1002	824
1001	824
1001	816
1003	816
1003	815
1005	815
1005	807
1006	807
1006	803
1007	803
1007	802
1006	802
1006	791
1007	791
1007	790
1006	790
1006	789
1007	789
1007	787
1006	787
1006	786
1004	786
1004	784
1003	784
1003	785
997	785
997	781
998	781
998	780
999	780
999	779
1003	779
1003	778
1004	778
1004	777
1005	777
1005	775
1006	775
1006	774
1008	774
1008	772
1010	772
1010	771
1011	771
1011	770
1012	770
1012	769
1013	769
1013	768
1017	768
1017	767
1018	767
1018	764
1024	764
1024	761
1025	761
1025	747
1026	747
1026	746
1027	746
1027	745
1028	745
1028	744
1029	744
1029	743
1030	743
1030	721
1028	721
1028	720
1027	720
1027	721
1025	721
1025	720
1023	720
1023	718
1024	718
1024	717
1025	717
1025	715
1027	715
1027	714
1028	714
1028	713
1029	713
1029	712
1030	712
1030	711
1031	711
1031	710
1032	710
1032	708
1033	708
1033	707
1034	707
1034	706
1036	706
1036	705
1038	705
1038	704
1040	704
1040	702
1042	702
1042	701
1043	701
1043	700
1044	700
1044	698
1045	698
1045	697
1046	697
1046	696
1047	696
1047	687
1048	687
1048	686
1049	686
1049	685
1050	685
1050	683
1051	683
1051	680
1052	680
1052	660
1051	660
1051	659
1046	659
1046	656
1047	656
1047	654
1048	654
1048	653
1049	653
1049	651
1050	651
1050	650
1051	650
1051	648
1052	648
1052	647
1053	647
1053	646
1054	646
1054	645
1055	645
1055	644
1060	644
1060	643
1061	643
1061	639
1062	639
1062	637
1063	637
1063	635
1064	635
1064	633
1065	633
1065	631
1067	631
1067	629
1069	629
1069	628
1070	628
1070	625
1071	625
1071	615
1072	615
1072	595
1071	595
1071	588
1072	588
1072	587
1073	587
1073	584
1074	584
1074	582
1075	582
1075	581
1076	581
1076	580
1077	580
1077	579
1078	579
1078	577
1079	577
1079	576
1080	576
1080	575
1081	575
1081	573
1083	573
1083	572
1084	572
1084	571
1085	571
1085	569
1086	569
1086	568
1087	568
1087	561
1090	561
1090	559
1091	559
1091	550
1092	550
1092	549
1094	549
1094	545
1095	545
1095	543
1096	543
1096	524
1095	524
1095	523
1094	523
1094	520
1095	520
1095	519
1094	519
1094	517
1095	517
1095	516
1096	516
1096	515
1097	515
1097	513
1100	513
1100	508
1102	508
1102	504
1104	504
1104	503
1105	503
1105	502
1106	502
1106	496
1107	496
1107	495
1108	495
1108	492
1109	492
1109	491
1110	491
1110	487
1111	487
1111	468
1110	468
1110	467
1091	467
1091	468
1090	468
1090	469
1089	469
1089	474
1088	474
1088	476
1089	476
1089	477
1088	477
1088	479
1089	479
1089	481
1088	481
1088	482
1086	482
1086	484
1085	484
1085	485
1083	485
1083	486
1082	486
1082	491
1081	491
1081	492
1080	492
1080	493
1079	493
1079	494
1078	494
1078	495
1074	495
1074	496
1073	496
1073	498
1070	498
1070	500
1069	500
1069	502
1070	502
1070	504
1069	504
1069	515
1068	515
1068	516
1067	516
1067	519
1065	519
1065	520
1064	520
1064	521
1063	521
1063	537
1057	537
1057	539
1056	539
1056	541
1057	541
1057	542
1056	542
1056	544
1055	544
1055	546
1054	546
1054	547
1053	547
1053	548
1050	548
1050	550
1048	550
1048	551
1047	551
1047	553
1046	553
1046	555
1045	555
1045	558
1044	558
1044	563
1043	563
1043	564
1040	564
1040	565
1039	565
1039	576
1038	576
1038	578
1037	578
1037	584
1038	584
1038	586
1037	586
1037	588
1036	588
1036	592
1035	592
1035	593
1034	593
1034	594
1033	594
1033	596
1024	596
1024	597
1023	597
1023	600
1021	600
1021	603
1017	603
1017	604
1016	604
1016	617
1013	617
1013	628
1012	628
1012	629
1011	629
1011	630
1010	630
1010	631
1009	631
1009	638
1008	638
1008	639
1007	639
1007	640
1006	640
1006	642
1004	642
1004	643
1003	643
1003	642
1002	642
1002	643
992	643
992	644
990	644
990	648
991	648
991	653
990	653
990	655
988	655
988	656
987	656
987	657
986	657
986	668
985	668
985	678
984	678
984	679
983	679
983	683
982	683
982	689
981	689
981	690
980	690
980	691
979	691
979	692
964	692
964	693
963	693
963	696
961	696
961	697
960	697
960	701
959	701
959	702
957	702
957	706
956	706
956	707
955	707
955	710
954	710
954	721
951	721
951	722
950	722
950	737
949	737
949	738
948	738
948	741
947	741
947	744
935	744
935	745
934	745
934	744
933	744
933	745
931	745
931	747
930	747
930	748
925	748
925	749
924	749
924	760
922	760
922	761
921	761
921	762
919	762
919	776
918	776
918	782
917	782
917	794
916	794
916	799
915	799
915	800
896	800
896	801
894	801
894	802
893	802
893	803
892	803
892	807
893	807
893	808
892	808
892	809
891	809
891	812
890	812
890	813
889	813
889	812
888	812
888	814
885	814
885	835
884	835
884	842
883	842
883	844
882	844
882	845
881	845
881	846
880	846
880	847
876	847
876	843
874	843
874	842
873	842
873	843
872	843
872	842
864	842
864	843
861	843
861	842
858	842
858	843
857	843
857	844
856	844
856	849
855	849
855	852
854	852
854	853
852	853
852	855
851	855
851	857
850	857
850	858
849	858
849	857
848	857
848	858
846	858
846	860
845	860
845	862
844	862
844	865
843	865
843	867
841	867
841	868
840	868
840	880
839	880
839	884
838	884
838	889
837	889
837	891
836	891
836	892
835	892
835	893
834	893
834	894
833	894
833	893
806	893
806	894
805	894
805	907
802	907
802	917
801	917
801	920
800	920
800	929
799	929
799	932
798	932
798	934
797	934
797	937
796	937
796	939
795	939
795	934
794	934
794	933
791	933
791	932
773	932
773	934
772	934
772	936
771	936
771	938
767	938
767	940
766	940
766	945
765	945
765	946
762	946
762	947
761	947
761	955
760	955
760	956
759	956
759	960
758	960
758	961
757	961
757	972
754	972
754	973
753	973
753	982
749	982
749	979
748	979
748	978
746	978
746	977
743	977
743	978
741	978
741	977
733	977
733	978
732	978
732	977
729	977
729	978
727	978
727	982
726	982
726	985
725	985
725	986
723	986
723	987
722	987
722	988
721	988
721	991
720	991
720	993
718	993
718	994
717	994
717	996
716	996
716	997
715	997
715	998
714	998
714	999
712	999
712	1000
711	1000
711	1008
710	1008
710	1009
709	1009
709	1011
708	1011
708	1013
707	1013
707	1016
706	1016
706	1024
705	1024
705	1025
704	1025
704	1024
703	1024
703	1025
702	1025
702	1026
701	1026
701	1027
700	1027
700	1028
701	1028
701	1031
700	1031
700	1032
699	1032
699	1034
697	1034
697	1033
695	1033
695	1032
694	1032
694	1030
693	1030
693	1028
674	1028
674	1029
673	1029
673	1030
672	1030
672	1031
670	1031
670	1032
668	1032
668	1034
667	1034
667	1035
666	1035
666	1038
661	1038
661	1040
660	1040
660	1043
659	1043
659	1044
657	1044
657	1045
656	1045
656	1046
655	1046
655	1047
654	1047
654	1048
652	1048
652	1050
651	1050
651	1051
649	1051
649	1052
648	1052
648	1062
647	1062
647	1066
646	1066
646	1068
645	1068
645	1070
644	1070
644	1072
642	1072
642	1075
641	1075
641	1077
635	1077
635	1078
634	1078
634	1077
616	1077
616	1078
615	1078
615	1081
614	1081
614	1083
613	1083
613	1084
610	1084
610	1086
609	1086
609	1087
608	1087
608	1090
603	1090
603	1091
602	1091
602	1092
601	1092
601	1094
600	1094
600	1098
599	1098
599	1100
597	1100
597	1102
596	1102
596	1104
595	1104
595	1103
593	1103
593	1104
592	1104
592	1105
590	1105
590	1111
589	1111
589	1114
588	1114
588	1117
583	1117
583	1118
582	1118
582	1119
581	1119
581	1122
580	1122
580	1121
579	1121
579	1122
566	1122
566	1121
565	1121
565	1122
563	1122
563	1123
562	1123
562	1125
561	1125
561	1126
560	1126
560	1128
559	1128
559	1130
556	1130
556	1131
555	1131
555	1134
554	1134
554	1136
553	1136
553	1137
551	1137
551	1140
550	1140
550	1142
549	1142
549	1143
548	1143
548	1144
543	1144
543	1154
542	1154
542	1155
541	1155
541	1158
540	1158
540	1164
539	1164
539	1165
537	1165
537	1168
536	1168
536	1170
516	1170
516	1171
515	1171
515	1173
514	1173
514	1175
513	1175
513	1176
512	1176
512	1177
511	1177
511	1179
510	1179
510	1180
509	1180
509	1181
508	1181
508	1183
506	1183
506	1184
505	1184
505	1183
504	1183
504	1184
502	1184
502	1190
501	1190
501	1191
500	1191
500	1193
499	1193
499	1195
498	1195
498	1196
496	1196
496	1197
494	1197
494	1202
492	1202
492	1207
491	1207
491	1208
490	1208
490	1209
489	1209
489	1214
488	1214
488	1216
487	1216
487	1217
486	1217
486	1219
484	1219
484	1220
483	1220
483	1221
482	1221
482	1222
480	1222
480	1223
464	1223
464	1224
463	1224
463	1232
462	1232
462	1233
461	1233
461	1234
460	1234
460	1236
459	1236
459	1238
458	1238
458	1237
457	1237
457	1240
456	1240
456	1244
455	1244
455	1246
454	1246
454	1249
453	1249
453	1248
452	1248
452	1249
451	1249
451	1250
449	1250
449	1253
448	1253
448	1254
446	1254
446	1255
445	1255
445	1257
444	1257
444	1258
445	1258
445	1260
444	1260
444	1261
443	1261
443	1262
442	1262
442	1263
441	1263
441	1262
439	1262
439	1263
437	1263
437	1269
436	1269
436	1271
435	1271
435	1272
434	1272
434	1273
433	1273
433	1274
432	1274
432	1277
431	1277
431	1278
430	1278
430	1281
428	1281
428	1283
427	1283
427	1284
426	1284
426	1285
425	1285
425	1286
424	1286
424	1288
423	1288
423	1289
422	1289
422	1291
421	1291
421	1293
420	1293
420	1296
419	1296
419	1298
418	1298
418	1299
417	1299
417	1300
416	1300
416	1301
414	1301
414	1302
411	1302
411	1307
410	1307
410	1308
409	1308
409	1311
408	1311
408	1312
407	1312
407	1313
406	1313
406	1314
404	1314
404	1315
403	1315
403	1318
402	1318
402	1322
399	1322
399	1323
398	1323
398	1326
397	1326
397	1328
396	1328
396	1327
395	1327
395	1328
393	1328
393	1329
392	1329
392	1334
390	1334
390	1337
389	1337
389	1339
388	1339
388	1340
387	1340
387	1341
385	1341
385	1342
384	1342
384	1345
383	1345
383	1347
381	1347
381	1349
380	1349
380	1350
379	1350
379	1351
377	1351
377	1353
376	1353
376	1355
372	1355
372	1356
371	1356
371	1362
370	1362
370	1364
368	1364
368	1366
367	1366
367	1367
366	1367
366	1368
365	1368
365	1370
364	1370
364	1372
363	1372
363	1373
362	1373
362	1374
361	1374
361	1377
360	1377
360	1378
358	1378
358	1379
357	1379
357	1381
356	1381
356	1382
355	1382
355	1383
353	1383
353	1385
352	1385
352	1386
351	1386
351	1388
350	1388
350	1390
349	1390
349	1391
348	1391
348	1392
347	1392
347	1393
346	1393
346	1394
345	1394
345	1395
344	1395
344	1400
342	1400
342	1401
341	1401
341	1402
340	1402
340	1403
339	1403
339	1404
338	1404
338	1405
337	1405
337	1407
333	1407
333	1408
332	1408
332	1413
331	1413
331	1421
327	1421
327	1422
326	1422
326	1424
325	1424
325	1425
324	1425
324	1427
319	1427
319	1429
318	1429
318	1433
317	1433
317	1435
316	1435
316	1437
315	1437
315	1439
314	1439
314	1440
313	1440
313	1439
312	1439
312	1441
311	1441
311	1444
310	1444
310	1445
309	1445
309	1446
308	1446
308	1447
306	1447
306	1448
305	1448
305	1452
304	1452
304	1453
302	1453
302	1456
301	1456
301	1457
300	1457
300	1458
298	1458
298	1459
296	1459
296	1460
293	1460
293	1461
292	1461
292	1464
291	1464
291	1465
292	1465
292	1466
291	1466
291	1467
289	1467
289	1468
288	1468
288	1470
284	1470
284	1471
283	1471
283	1472
282	1472
282	1473
277	1473
277	1467
278	1467
278	1461
279	1461
279	1456
280	1456
280	1454
281	1454
281	1449
282	1449
282	1448
283	1448
283	1446
285	1446
285	1445
284	1445
284	1444
285	1444
285	1441
286	1441
286	1439
287	1439
287	1438
288	1438
288	1437
289	1437
289	1435
290	1435
290	1434
291	1434
291	1431
292	1431
292	1428
293	1428
293	1427
294	1427
294	1426
295	1426
295	1423
296	1423
296	1420
297	1420
297	1419
299	1419
299	1418
300	1418
300	1417
301	1417
301	1413
303	1413
303	1412
302	1412
302	1411
303	1411
303	1409
305	1409
305	1408
306	1408
306	1406
308	1406
308	1405
307	1405
307	1403
309	1403
309	1399
310	1399
310	1397
311	1397
311	1395
312	1395
312	1394
313	1394
313	1393
314	1393
314	1391
315	1391
315	1389
316	1389
316	1385
318	1385
318	1384
320	1384
320	1382
321	1382
321	1363
331	1363
331	1362
332	1362
332	1361
333	1361
333	1359
334	1359
334	1357
335	1357
335	1356
336	1356
336	1354
338	1354
338	1353
339	1353
339	1352
340	1352
340	1350
341	1350
341	1349
342	1349
342	1347
343	1347
343	1346
344	1346
344	1343
346	1343
346	1342
347	1342
347	1340
348	1340
348	1339
350	1339
350	1337
351	1337
351	1333
352	1333
352	1332
353	1332
353	1331
354	1331
354	1330
355	1330
355	1329
356	1329
356	1326
357	1326
357	1325
358	1325
358	1324
359	1324
359	1321
360	1321
360	1318
361	1318
361	1317
363	1317
363	1315
364	1315
364	1312
365	1312
365	1310
366	1310
366	1309
367	1309
367	1307
368	1307
368	1305
369	1305
369	1304
370	1304
370	1303
372	1303
372	1300
374	1300
374	1299
375	1299
375	1296
376	1296
376	1295
377	1295
377	1293
378	1293
378	1290
380	1290
380	1286
382	1286
382	1285
383	1285
383	1282
384	1282
384	1280
385	1280
385	1277
386	1277
386	1276
387	1276
387	1275
388	1275
388	1272
389	1272
389	1271
390	1271
390	1267
391	1267
391	1266
392	1266
392	1265
393	1265
393	1264
394	1264
394	1263
395	1263
395	1260
396	1260
396	1257
397	1257
397	1256
398	1256
398	1255
399	1255
399	1253
400	1253
400	1252
399	1252
399	1251
400	1251
400	1250
401	1250
401	1244
402	1244
402	1242
403	1242
403	1240
404	1240
404	1239
405	1239
405	1238
406	1238
406	1237
407	1237
407	1236
408	1236
408	1232
410	1232
410	1231
412	1231
412	1230
413	1230
413	1228
412	1228
412	1227
413	1227
413	1224
414	1224
414	1220
416	1220
416	1219
417	1219
417	1218
418	1218
418	1205
419	1205
419	1202
420	1202
420	1201
421	1201
421	1199
422	1199
422	1198
423	1198
423	1197
425	1197
425	1195
427	1195
427	1190
429	1190
429	1189
431	1189
431	1188
433	1188
433	1187
434	1187
434	1186
435	1186
435	1184
438	1184
438	1180
439	1180
439	1160
437	1160
437	1159
435	1159
435	1158
437	1158
437	1157
438	1157
438	1151
439	1151
439	1149
440	1149
440	1148
442	1148
442	1147
443	1147
443	1146
444	1146
444	1145
445	1145
445	1144
451	1144
451	1143
452	1143
452	1139
456	1139
456	1136
457	1136
457	1135
458	1135
458	1134
459	1134
459	1131
460	1131
460	1129
459	1129
459	1128
460	1128
460	1127
461	1127
461	1125
462	1125
462	1124
463	1124
463	1105
461	1105
461	1104
460	1104
460	1103
459	1103
459	1102
458	1102
458	1101
457	1101
457	1100
458	1100
458	1099
461	1099
461	1098
460	1098
460	1097
461	1097
461	1094
463	1094
463	1093
465	1093
465	1092
466	1092
466	1091
467	1091
467	1090
469	1090
469	1089
470	1089
470	1086
473	1086
473	1087
474	1087
474	1086
475	1086
475	1087
478	1087
478	1086
480	1086
480	1085
481	1085
481	1072
492	1072
492	1071
494	1071
494	1070
495	1070
495	1052
494	1052
494	1051
491	1051
491	1047
493	1047
493	1045
494	1045
494	1044
495	1044
495	1043
496	1043
496	1042
498	1042
498	1041
499	1041
499	1040
505	1040
505	1039
506	1039
506	1038
509	1038
509	1037
517	1037
517	1036
518	1036
518	1034
520	1034
520	1033
521	1033
521	1031
522	1031
522	1030
524	1030
524	1029
525	1029
525	1028
524	1028
524	1027
525	1027
525	1026
527	1026
527	1025
526	1025
526	1021
528	1021
528	1020
530	1020
530	1017
531	1017
531	1016
532	1016
532	1015
533	1015
533	1014
534	1014
534	1013
535	1013
535	1012
538	1012
538	992
536	992
536	991
532	991
532	990
531	990
531	987
532	987
532	986
534	986
534	985
538	985
538	984
541	984
541	983
543	983
543	982
556	982
556	981
571	981
571	980
573	980
573	966
575	966
575	965
578	965
578	964
579	964
579	965
580	965
580	964
581	964
581	963
582	963
582	944
581	944
581	943
576	943
576	941
577	941
577	939
580	939
580	937
581	937
581	936
582	936
582	935
583	935
583	934
584	934
584	932
587	932
587	931
589	931
589	930
597	930
597	928
618	928
618	927
619	927
619	926
622	926
622	924
623	924
623	921
622	921
622	920
623	920
623	919
624	919
624	918
623	918
623	917
624	917
624	914
626	914
626	912
627	912
627	910
628	910
628	909
627	909
627	905
629	905
629	904
628	904
628	893
627	893
627	892
624	892
624	891
623	891
623	889
624	889
624	888
625	888
625	887
626	887
626	886
628	886
628	885
635	885
635	884
637	884
637	882
643	882
643	881
664	881
664	880
665	880
665	877
666	877
666	876
668	876
668	875
669	875
669	874
670	874
670	873
669	873
669	872
670	872
670	864
671	864
671	863
672	863
672	842
671	842
671	841
669	841
669	838
670	838
670	836
672	836
672	835
673	835
673	834
675	834
675	833
680	833
680	832
682	832
682	831
683	831
683	830
687	830
687	829
688	829
688	830
697	830
697	829
706	829
706	827
707	827
707	807
708	807
708	806
709	806
709	787
710	787
710	786
711	786
711	785
712	785
712	783
715	783
715	782
723	782
723	781
725	781
725	780
726	780
726	779
727	779
727	778
745	778
745	777
747	777
747	776
748	776
748	775
749	775
749	774
755	774
755	745
754	745
754	744
752	744
752	743
751	743
751	742
752	742
752	740
754	740
754	739
755	739
755	738
756	738
756	737
758	737
758	736
768	736
768	735
770	735
770	734
776	734
776	733
792	733
792	732
794	732
794	733
795	733
795	731
798	731
798	701
792	701
792	700
791	700
791	698
792	698
792	697
793	697
793	696
794	696
794	695
795	695
795	694
796	694
796	695
797	695
797	694
798	694
798	693
800	693
800	692
801	692
801	691
805	691
805	690
807	690
807	689
808	689
808	690
815	690
815	689
829	689
829	688
831	688
831	685
834	685
834	684
835	684
835	656
834	656
834	655
833	655
833	652
834	652
834	650
836	650
836	649
837	649
837	648
838	648
838	647
840	647
840	648
841	648
841	647
842	647
842	646
843	646
843	645
855	645
855	644
859	644
859	643
869	643
869	642
871	642
871	641
873	641
873	640
874	640
874	639
877	639
877	638
878	638
878	618
877	618
877	617
874	617
874	616
870	616
870	615
871	615
871	614
872	614
872	613
873	613
873	612
876	612
876	611
878	611
878	610
883	610
883	609
886	609
886	608
887	608
887	607
891	607
891	606
893	606
893	605
896	605
896	606
906	606
906	604
907	604
907	602
908	602
908	601
911	601
911	600
912	600
912	599
913	599
913	574
914	574
914	573
919	573
919	572
920	572
920	570
921	570
921	569
927	569
927	568
929	568
929	567
934	567
934	566
935	566
935	565
942	565
942	561
946	561
946	541
945	541
945	540
943	540
943	538
944	538
944	537
945	537
945	536
946	536
946	535
948	535
948	534
949	534
949	533
951	533
951	532
955	532
955	530
956	530
956	529
959	529
959	528
961	528
961	527
962	527
962	526
964	526
964	525
972	525
972	524
974	524
974	523
975	523
975	522
978	522
978	521
979	521
979	519
983	519
983	518
985	518
985	517
986	517
986	514
987	514
987	499
988	499
988	497
989	497
989	496
990	496
990	495
991	495
991	494
992	494
992	493
995	493
995	492
997	492
997	491
998	491
998	490
999	490
999	487
1002	487
1002	486
1003	486
1003	487
1004	487
1004	485
1005	485
1005	484
1007	484
1007	485
1008	485
1008	484
1009	484
1009	483
1015	483
1015	482
1016	482
1016	481
1017	481
1017	480
1018	480
1018	479
1019	479
1019	478
1021	478
1021	477
1022	477
1022	476
1023	476
1023	474
1024	474
1024	475
1025	475
1025	474
1027	474
1027	461
1030	461
1030	460
1031	460
1031	459
1032	459
1032	439
1031	439
1031	438
1003	438
1003	440
1001	440
1001	441
992	441
992	442
991	442
991	443
990	443
990	449
989	449
989	450
987	450
987	451
985	451
985	452
984	452
984	453
983	453
983	455
982	455
982	457
980	457
980	458
977	458
977	459
958	459
958	462
957	462
957	464
956	464
956	465
955	465
955	466
950	466
950	468
949	468
949	472
948	472
948	473
947	473
947	475
945	475
945	476
944	476
944	477
943	477
943	478
941	478
941	479
940	479
940	481
938	481
938	482
933	482
933	485
931	485
931	484
913	484
913	485
911	485
911	488
910	488
910	489
909	489
909	490
907	490
907	491
905	491
905	492
904	492
904	493
903	493
903	495
902	495
902	496
901	496
901	497
899	497
899	498
896	498
896	499
897	499
897	500
896	500
896	501
894	501
894	503
893	503
893	504
891	504
891	505
890	505
890	507
888	507
888	508
887	508
887	509
886	509
886	510
885	510
885	511
860	511
860	512
858	512
858	514
857	514
857	516
856	516
856	517
855	517
855	518
854	518
854	519
853	519
853	520
852	520
852	521
850	521
850	523
848	523
848	524
844	524
844	525
842	525
842	527
841	527
841	532
840	532
840	534
839	534
839	535
838	535
838	536
837	536
837	537
813	537
813	538
810	538
810	539
809	539
809	541
807	541
807	542
806	542
806	544
805	544
805	547
804	547
804	548
803	548
803	549
802	549
802	552
801	552
801	553
798	553
798	554
797	554
797	555
796	555
796	556
795	556
795	557
793	557
793	558
790	558
790	557
789	557
789	558
786	558
786	557
784	557
784	558
765	558
765	559
764	559
764	560
762	560
762	562
761	562
761	563
754	563
754	564
753	564
753	572
752	572
752	575
750	575
750	576
748	576
748	577
726	577
726	578
725	578
725	579
724	579
724	580
720	580
720	581
719	581
719	582
715	582
715	583
714	583
714	585
713	585
713	590
710	590
710	591
708	591
708	596
707	596
707	597
706	597
706	598
701	598
701	599
700	599
700	600
699	600
699	599
676	599
676	600
675	600
675	601
674	601
674	602
673	602
673	603
670	603
670	604
669	604
669	605
668	605
668	607
667	607
667	608
666	608
666	609
665	609
665	610
664	610
664	611
663	611
663	612
662	612
662	613
661	613
661	614
660	614
660	615
659	615
659	616
657	616
657	617
658	617
658	618
657	618
657	617
656	617
656	618
655	618
655	619
653	619
653	620
650	620
650	617
649	617
649	616
648	616
648	615
623	615
623	616
622	616
622	617
621	617
621	619
620	619
620	620
619	620
619	622
616	622
616	623
614	623
614	624
612	624
612	625
609	625
609	627
608	627
608	632
606	632
606	633
604	633
604	634
603	634
603	635
602	635
602	636
601	636
601	637
596	637
596	638
594	638
594	641
593	641
593	642
591	642
591	640
590	640
590	637
589	637
589	636
568	636
568	637
564	637
564	638
562	638
562	640
561	640
561	641
556	641
556	643
555	643
555	647
552	647
552	648
551	648
551	650
550	650
550	651
548	651
548	652
544	652
544	653
543	653
543	654
542	654
542	656
541	656
541	657
540	657
540	658
539	658
539	659
533	659
533	657
532	657
532	656
528	656
528	655
510	655
510	656
506	656
506	655
504	655
504	656
503	656
503	657
502	657
502	660
500	660
500	661
499	661
499	662
498	662
498	663
497	663
497	664
495	664
495	665
494	665
494	666
493	666
493	667
491	667
491	668
490	668
490	669
489	669
489	671
488	671
488	672
486	672
486	673
484	673
484	674
482	674
482	675
479	675
479	671
478	671
478	670
477	670
477	669
474	669
474	670
473	670
473	669
472	669
472	670
455	670
455	669
453	669
453	670
451	670
451	671
450	671
450	676
443	676
443	677
441	677
441	678
439	678
439	679
437	679
437	682
436	682
436	683
424	683
424	688
423	688
423	689
420	689
420	688
419	688
419	686
418	686
418	685
417	685
417	683
400	683
400	682
399	682
399	683
398	683
398	688
395	688
395	690
391	690
391	691
388	691
388	692
385	692
385	693
384	693
384	694
383	694
383	695
382	695
382	696
372	696
372	697
371	697
371	703
370	703
370	704
367	704
367	705
360	705
360	704
342	704
342	705
340	705
340	706
339	706
339	707
335	707
335	708
333	708
333	709
332	709
332	710
329	710
329	711
324	711
324	712
323	712
323	713
317	713
317	714
316	714
316	715
315	715
315	716
312	716
312	717
310	717
310	718
308	718
308	719
307	719
307	720
305	720
305	721
298	721
298	722
294	722
294	723
292	723
292	725
291	725
291	726
286	726
286	727
285	727
285	728
283	728
283	729
282	729
282	730
279	730
279	731
276	731
276	732
275	732
275	733
274	733
274	734
273	734
273	735
266	735
266	736
264	736
264	737
263	737
263	738
261	738
261	739
260	739
260	740
258	740
258	741
256	741
256	743
251	743
251	744
248	744
248	745
247	745
247	747
243	747
243	748
241	748
241	747
240	747
240	749
239	749
239	748
238	748
238	749
237	749
237	748
235	748
235	749
234	749
234	752
229	752
229	753
228	753
228	754
226	754
226	755
223	755
223	756
219	756
219	757
218	757
218	758
216	758
216	759
212	759
212	760
207	760
207	761
205	761
205	762
200	762
200	763
199	763
199	765
194	765
194	766
192	766
192	767
189	767
189	768
188	768
188	769
184	769
184	770
181	770
181	771
180	771
180	774
167	774
167	775
161	775
161	777
160	777
160	778
156	778
156	779
147	779
147	780
146	780
146	781
142	781
142	782
139	782
139	783
138	783
138	784
135	784
135	785
133	785
133	786
129	786
129	785
128	785
128	786
121	786
121	787
110	787
110	783
111	783
111	782
112	782
112	781
113	781
113	780
114	780
114	779
115	779
115	777
114	777
114	776
121	776
121	775
122	775
122	772
123	772
123	771
124	771
124	770
126	770
126	769
127	769
127	767
130	767
130	766
131	766
131	765
134	765
134	764
136	764
136	762
138	762
138	761
140	761
140	760
143	760
143	759
145	759
145	758
146	758
146	757
148	757
148	756
150	756
150	755
154	755
154	754
155	754
155	753
157	753
157	752
161	752
161	751
162	751
162	750
165	750
165	749
168	749
168	748
171	748
171	747
172	747
172	746
174	746
174	745
176	745
176	744
181	744
181	743
183	743
183	742
184	742
184	741
187	741
187	740
188	740
188	739
189	739
189	738
192	738
192	737
196	737
196	736
197	736
197	737
198	737
198	736
201	736
201	735
202	735
202	733
203	733
203	732
205	732
205	731
210	731
210	730
211	730
211	729
214	729
214	728
215	728
215	727
217	727
217	726
218	726
218	725
219	725
219	724
226	724
226	723
228	723
228	722
229	722
229	721
230	721
230	720
233	720
233	719
236	719
236	718
238	718
238	717
241	717
241	715
243	715
243	714
244	714
244	713
245	713
245	712
251	712
251	711
254	711
254	709
255	709
255	708
257	708
257	707
259	707
259	706
260	706
260	705
261	705
261	704
264	704
264	703
266	703
266	702
268	702
268	701
269	701
269	700
270	700
270	698
275	698
275	697
279	697
279	696
280	696
280	694
284	694
284	693
285	693
285	694
287	694
287	693
289	693
289	691
293	691
293	690
295	690
295	688
296	688
296	687
298	687
298	686
299	686
299	685
305	685
305	684
307	684
307	683
308	683
308	682
311	682
311	681
312	681
312	680
316	680
316	679
317	679
317	678
319	678
319	677
320	677
320	675
321	675
321	674
322	674
322	672
331	672
331	671
333	671
333	670
334	670
334	669
335	669
335	668
340	668
340	667
342	667
342	666
344	666
344	665
346	665
346	663
347	663
347	661
349	661
349	662
351	662
351	661
355	661
355	660
356	660
356	659
357	659
357	658
359	658
359	657
360	657
360	656
363	656
363	655
366	655
366	654
368	654
368	653
369	653
369	652
373	652
373	651
374	651
374	635
375	635
375	634
376	634
376	633
380	633
380	632
411	632
411	631
412	631
412	630
413	630
413	629
412	629
412	628
413	628
413	615
414	615
414	614
416	614
416	613
420	613
420	612
438	612
438	611
439	611
439	610
442	610
442	611
443	611
443	610
445	610
445	607
446	607
446	603
447	603
447	601
446	601
446	592
447	592
447	591
448	591
448	592
450	592
450	591
451	591
451	587
452	587
452	588
457	588
457	589
479	589
479	573
480	573
480	572
481	572
481	570
485	570
485	569
486	569
486	568
489	568
489	569
490	569
490	568
491	568
491	569
492	569
492	570
493	570
493	571
512	571
512	570
514	570
514	569
517	569
517	550
522	550
522	549
524	549
524	550
527	550
527	551
529	551
529	552
534	552
534	553
542	553
542	554
547	554
547	555
551	555
551	554
552	554
552	555
561	555
561	554
563	554
563	553
564	553
564	552
563	552
563	532
562	532
562	531
560	531
560	529
562	529
562	527
564	527
564	526
567	526
567	527
569	527
569	526
571	526
571	527
573	527
573	528
577	528
577	529
578	529
578	530
580	530
580	531
587	531
587	532
588	532
588	533
622	533
622	532
623	532
623	512
622	512
622	511
621	511
621	510
620	510
620	509
618	509
618	508
616	508
616	507
615	507
615	505
616	505
616	504
621	504
621	503
627	503
627	504
628	504
628	505
633	505
633	506
635	506
635	507
647	507
647	508
648	508
648	509
667	509
667	508
672	508
672	509
673	509
673	508
675	508
675	485
670	485
670	482
674	482
674	481
681	481
681	482
683	482
683	483
684	483
684	484
687	484
687	485
688	485
688	486
701	486
701	487
722	487
722	486
723	486
723	468
722	468
722	466
720	466
720	465
719	465
719	464
718	464
718	463
719	463
719	461
726	461
726	462
728	462
728	463
729	463
729	464
734	464
734	465
736	465
736	466
737	466
737	467
771	467
771	466
772	466
772	450
774	450
774	449
775	449
775	448
777	448
777	447
779	447
779	448
780	448
780	449
781	449
781	450
794	450
794	451
820	451
820	450
821	450
821	433
826	433
826	432
828	432
828	430
847	430
847	429
871	429
871	426
876	426
876	414
881	414
881	413
885	413
885	412
886	412
886	411
888	411
888	412
907	412
907	410
908	410
908	409
918	409
918	408
933	408
933	407
938	407
938	406
941	406
941	398
942	398
942	395
949	395
949	394
981	394
981	393
982	393
982	387
983	387
983	386
984	386
984	387
985	387
985	386
987	386
987	387
990	387
990	386
992	386
992	383
993	383
993	382
1008	382
1008	381
1018	381
1018	380
1020	380
1020	379
1023	379
1023	377
1024	377
1024	374
1025	374
1025	372
1027	372
1027	371
1029	371
1029	370
1036	370
1036	369
1038	369
1038	368
1050	368
1050	367
1052	367
1052	368
1054	368
1054	367
1057	367
1057	347
1056	347
1056	346
1044	346
1044	345
1043	345
1043	344
1039	344
1039	343
1038	343
1038	342
1034	342
1034	341
1032	341
1032	340
1031	340
1031	339
1030	339
1030	338
1029	338
1029	337
1028	337
1028	331
1027	331
1027	330
1021	330
1021	329
1020	329
1020	328
1019	328
1019	327
1004	327
1004	326
1002	326
1002	325
1000	325
1000	324
998	324
998	323
997	323
997	322
996	322
996	321
995	321
995	320
994	320
994	319
993	319
993	318
992	318
992	313
991	313
991	312
981	312
981	311
966	311
966	308
964	308
964	307
955	307
955	306
953	306
953	299
952	299
952	298
926	298
926	299
925	299
925	298
922	298
922	297
921	297
921	286
920	286
920	285
914	285
914	284
913	284
913	283
912	283
912	282
885	282
885	281
884	281
884	280
882	280
882	279
879	279
879	275
878	275
878	274
877	274
877	273
876	273
876	272
874	272
874	271
873	271
873	270
872	270
872	269
868	269
868	268
867	268
867	269
862	269
862	268
848	268
848	267
847	267
847	266
848	266
848	265
842	265
842	263
841	263
841	262
840	262
840	261
839	261
839	260
835	260
835	258
834	258
834	256
833	256
833	255
832	255
832	254
816	254
816	255
815	255
815	254
810	254
810	253
809	253
809	252
808	252
808	249
807	249
807	246
805	246
805	245
802	245
802	244
801	244
801	245
799	245
799	244
796	244
796	243
793	243
793	242
786	242
786	241
785	241
785	240
783	240
783	241
781	241
781	239
780	239
780	238
775	238
775	237
773	237
773	235
772	235
772	232
773	232
773	231
772	231
772	229
771	229
771	228
770	228
770	227
764	227
764	226
762	226
762	225
758	225
758	224
757	224
757	223
755	223
755	222
753	222
753	221
751	221
751	222
750	222
750	221
748	221
748	220
744	220
744	219
741	219
741	217
740	217
740	216
732	216
732	215
731	215
731	214
730	214
730	213
728	213
728	209
726	209
726	208
720	208
720	209
719	209
719	208
716	208
716	206
715	206
715	207
714	207
714	206
712	206
712	205
709	205
709	204
703	204
703	203
702	203
702	202
703	202
703	201
702	201
702	200
698	200
698	199
693	199
693	198
689	198
689	197
688	197
688	196
687	196
687	195
683	195
683	194
679	194
679	193
677	193
677	192
676	192
676	189
675	189
675	187
664	187
664	186
663	186
663	185
659	185
659	184
656	184
656	183
653	183
653	182
652	182
652	181
650	181
650	180
648	180
648	179
646	179
646	178
644	178
644	177
642	177
642	176
641	176
641	175
639	175
639	174
638	174
638	173
635	173
635	172
633	172
633	171
632	171
632	170
631	170
631	171
630	171
630	170
629	170
629	169
628	169
628	168
624	168
624	167
623	167
623	166
622	166
622	165
618	165
618	163
615	163
615	162
614	162
614	161
612	161
612	160
611	160
611	159
610	159
610	158
609	158
609	156
607	156
607	155
605	155
605	153
604	153
604	151
601	151
601	145
605	145
605	146
609	146
609	147
622	147
622	148
625	148
625	149
626	149
626	150
627	150
627	151
633	151
633	152
636	152
636	153
640	153
640	156
641	156
641	155
644	155
644	156
648	156
648	160
649	160
649	161
660	161
660	162
663	162
663	163
665	163
665	164
669	164
669	165
671	165
671	166
673	166
673	167
674	167
674	169
675	169
675	170
685	170
685	171
687	171
687	172
688	172
688	174
696	174
696	175
699	175
699	176
704	176
704	177
706	177
706	178
711	178
711	179
712	179
712	180
714	180
714	183
723	183
723	184
727	184
727	186
728	186
728	187
736	187
736	188
744	188
744	189
745	189
745	190
747	190
747	191
748	191
748	192
749	192
749	193
753	193
753	195
754	195
754	196
780	196
780	199
782	199
782	200
784	200
784	201
789	201
789	202
792	202
792	203
814	203
814	202
815	202
815	205
817	205
817	206
819	206
819	209
824	209
824	210
830	210
830	212
831	212
831	213
832	213
832	214
853	214
853	215
860	215
860	216
861	216
861	218
862	218
862	219
865	219
865	221
866	221
866	222
868	222
868	223
870	223
870	227
872	227
872	228
877	228
877	230
880	230
880	231
882	231
882	232
902	232
902	233
907	233
907	235
908	235
908	238
909	238
909	239
911	239
911	240
912	240
912	241
914	241
914	242
916	242
916	243
918	243
918	244
920	244
920	245
922	245
922	246
938	246
938	248
939	248
939	249
941	249
941	250
947	250
947	251
948	251
948	252
949	252
949	254
950	254
950	255
951	255
951	256
952	256
952	257
955	257
955	258
956	258
956	259
957	259
957	260
959	260
959	261
962	261
962	262
963	262
963	263
964	263
964	264
965	264
965	266
968	266
968	267
969	267
969	268
985	268
985	269
987	269
987	271
988	271
988	269
990	269
990	274
991	274
991	275
994	275
994	276
998	276
998	277
999	277
999	278
1001	278
1001	279
1002	279
1002	280
1003	280
1003	282
1004	282
1004	283
1007	283
1007	284
1017	284
1017	288
1021	288
1021	289
1022	289
1022	288
1024	288
1024	289
1025	289
1025	288
1026	288
1026	289
1029	289
1029	291
1031	291
1031	292
1033	292
1033	293
1034	293
1034	295
1035	295
1035	296
1039	296
1039	297
1040	297
1040	299
1051	299
1051	300
1052	300
1052	302
1054	302
1054	303
1056	303
1056	304
1057	304
1057	305
1058	305
1058	307
1060	307
1060	309
1061	309
1061	310
1062	310
1062	312
1065	312
1065	314
1066	314
1066	316
1068	316
1068	318
1073	318
1073	319
1077	319
1077	320
1079	320
1079	321
1081	321
1081	323
1082	323
1082	324
1083	324
1083	327
1084	327
1084	328
1085	328
1085	329
1088	329
1088	330
1097	330
1097	331
1112	331
1112	332
1114	332
1114	333
1116	333
1116	334
1120	334
1120	335
1123	335
1123	336
1124	336
1124	337
1125	337
1125	339
1127	339
1127	340
1128	340
1128	341
1130	341
1130	342
1133	342
1133	343
1136	343
1136	344
1178	344
1178	343
1179	343
1179	342
1184	342
1184	341
1186	341
1186	342
1208	342
1208	343
1215	343
1215	344
1237	344
1237	342
1242	342
1242	341
1243	341
1243	340
1245	340
1245	339
1248	339
1248	338
1256	338
1256	337
1259	337
1259	336
1260	336
1260	335
1261	335
1261	333
1262	333
1262	332
1263	332
1263	330
1264	330
1264	328
1267	328
1267	327
1269	327
1269	325
1271	325
1271	324
1272	324
1272	323
1276	323
1276	322
1288	322
1288	321
1290	321
1290	320
1291	320
1291	319
1292	319
1292	317
1294	317
1294	316
1295	316
1295	314
1296	314
1296	312
1298	312
1298	311
1300	311
1300	310
1301	310
1301	309
1302	309
1302	308
1303	308
1303	307
1308	307
1308	306
1315	306
1315	305
1322	305
1322	304
1327	304
1327	302
1328	302
1328	300
1331	300
1331	299
1333	299
1333	296
1340	296
1340	295
1342	295
1342	294
1358	294
1358	293
1361	293
1361	291
1362	291
1362	290
1363	290
1363	289
1365	289
1365	288
1367	288
1367	286
1368	286
1368	285
1370	285
1370	284
1371	284
1371	283
1372	283
1372	282
1373	282
1373	279
1374	279
1374	276
1384	276
1384	275
1402	275
1402	274
1403	274
1403	273
1404	273
1404	268
1406	268
1406	269
1407	269
1407	267
1409	267
1409	266
1414	266
1414	260
1418	260
1418	259
1419	259
1419	258
1420	258
1420	257
1421	257
1421	256
1422	256
1422	257
1423	257
1423	256
1427	256
1427	253
1430	253
1430	254
1448	254
1448	253
1450	253
1450	252
1451	252
1451	250
1452	250
1452	249
1453	249
1453	248
1454	248
1454	247
1455	247
1455	246
1457	246
1457	245
1458	245
1458	243
1461	243
1461	242
1462	242
1462	240
1466	240
1466	239
1467	239
1467	238
1468	238
1468	237
1469	237
1469	236
1470	236
1470	235
1471	235
1471	234
1474	234
1474	235
1500	235
1500	234
1502	234
1502	230
1506	230
1506	229
1507	229
1507	228
1509	228
1509	227
1512	227
1512	226
1514	226
1514	224
1515	224
1515	223
1520	223
1520	224
1521	224
1521	225
1539	225
1539	224
1540	224
1540	223
1545	223
1545	222
1546	222
1546	218
1551	218
1551	217
1552	217
1552	216
1553	216
1553	215
1554	215
1554	214
1556	214
1556	213
1558	213
1558	212
1559	212
1559	211
1563	211
1563	210
1588	210
1588	209
1590	209
1590	208
1591	208
1591	207
1592	207
1592	206
1597	206
1597	205
1600	205
1600	204
1601	204
1601	203
1602	203
1602	204
1605	204
1605	203
1607	203
1607	202
1610	202
1610	201
1614	201
1614	200
1620	200
1620	198
1621	198
1621	197
1622	197
1622	196
1624	196
1624	195
1627	195
1627	194
1628	194
1628	193
1629	193
1629	192
1632	192
1632	191
1637	191
1637	190
1638	190
1638	189
1639	189
1639	188
1640	188
1640	187
1641	187
1641	186
1642	186
1642	185
1643	185
1643	184
1648	184
1648	183
1650	183
1650	182
1651	182
1651	181
1653	181
1653	179
1659	179
1659	178
1660	178
1660	177
1661	177
1661	176
1663	176
1663	175
1664	175
1664	174
1665	174
1665	172
1667	172
1667	173
1668	173
1668	172
1670	172
1670	171
1671	171
1671	170
1676	170
1676	169
1677	169
1677	167
1678	167
1678	166
1680	166
1680	165
1682	165
1682	164
1683	164
1683	163
1684	163
1684	162
1685	162
1685	161
1687	161
1687	160
1688	160
1688	159
1689	159
1689	157
1690	157
1690	156
1692	156
1692	155
1693	155
1693	154
1694	154
1694	153
1697	153
1697	152
1699	152
1699	151
1700	151
1700	150
1701	150
1701	149
1703	149
1703	147
1704	147
1704	146
1706	146
1706	145
1707	145
1707	144
1710	144
1710	143
1711	143
1711	141
1713	141
1713	140
1715	140
1715	139
1718	139
1718	137
1719	137
1719	135
1722	135
1722	134
1723	134
1723	133
1724	133
1724	132
1725	132
1725	131
1726	131
1726	130
1729	130
1729	129
1730	129
1730	128
1731	128
1731	127
1733	127
1733	125
1735	125
1735	124
1737	124
1737	123
1738	123
1738	122
1739	122
1739	120
1740	120
1740	119
1742	119
1742	117
1744	117
1744	116
1745	116
1745	115
1747	115
1747	114
1748	114
1748	113
1749	113
1749	112
1750	112
1750	111
1752	111
1752	110
1753	110
1753	109
1755	109
1755	108
1757	108
1757	107
1760	107
1760	106
1765	106
1765	105
1768	105
1768	104
1771	104
1771	109
1770	109
1770	114
1769	114
1769	115
1768	115
1768	116
1767	116
1767	120
1766	120
1766	122
1765	122
1765	123
1764	123
1764	124
1763	124
1763	125
1762	125
1762	127
1761	127
1761	129
1760	129
1760	128
1759	128
1759	129
1756	129
1756	130
1755	130
1755	132
1754	132
1754	136
1753	136
1753	137
1751	137
1751	138
1749	138
1749	139
1748	139
1748	140
1747	140
1747	142
1743	142
1743	143
1742	143
1742	144
1741	144
1741	145
1742	145
1742	146
1741	146
1741	147
1740	147
1740	148
1739	148
1739	149
1738	149
1738	152
1736	152
1736	153
1735	153
1735	154
1733	154
1733	155
1732	155
1732	156
1729	156
1729	157
1728	157
1728	158
1729	158
1729	159
1728	159
1728	160
1727	160
1727	161
1726	161
1726	162
1725	162
1725	163
1724	163
1724	164
1723	164
1723	165
1722	165
1722	166
1721	166
1721	168
1716	168
1716	169
1715	169
1715	170
1714	170
1714	174
1713	174
1713	175
1710	175
1710	177
1709	177
1709	178
1707	178
1707	177
1706	177
1706	180
1705	180
1705	181
1703	181
1703	182
1702	182
1702	185
1701	185
1701	187
1695	187
1695	188
1693	188
1693	189
1691	189
1691	190
1689	190
1689	191
1688	191
1688	193
1685	193
1685	194
1684	194
1684	195
1676	195
1676	202
1674	202
1674	203
1673	203
1673	204
1671	204
1671	205
1668	205
1668	206
1663	206
1663	207
1662	207
1662	209
1661	209
1661	208
1660	208
1660	209
1659	209
1659	210
1658	210
1658	211
1657	211
1657	213
1656	213
1656	214
1654	214
1654	216
1652	216
1652	217
1651	217
1651	218
1648	218
1648	219
1646	219
1646	220
1645	220
1645	222
1644	222
1644	221
1642	221
1642	222
1641	222
1641	221
1640	221
1640	222
1636	222
1636	221
1635	221
1635	226
1634	226
1634	227
1632	227
1632	228
1631	228
1631	229
1629	229
1629	230
1628	230
1628	231
1624	231
1624	232
1623	232
1623	235
1610	235
1610	240
1609	240
1609	241
1608	241
1608	249
1607	249
1607	250
1606	250
1606	251
1605	251
1605	252
1603	252
1603	253
1597	253
1597	254
1596	254
1596	255
1584	255
1584	257
1582	257
1582	258
1579	258
1579	259
1576	259
1576	260
1575	260
1575	269
1574	269
1574	270
1572	270
1572	271
1570	271
1570	273
1559	273
1559	274
1544	274
1544	275
1543	275
1543	278
1542	278
1542	279
1541	279
1541	280
1540	280
1540	284
1539	284
1539	286
1538	286
1538	287
1531	287
1531	288
1530	288
1530	289
1529	289
1529	291
1518	291
1518	290
1517	290
1517	293
1514	293
1514	294
1492	294
1492	295
1491	295
1491	298
1490	298
1490	303
1491	303
1491	304
1490	304
1490	307
1478	307
1478	308
1466	308
1466	309
1463	309
1463	310
1455	310
1455	309
1454	309
1454	310
1452	310
1452	311
1451	311
1451	312
1450	312
1450	311
1449	311
1449	312
1448	312
1448	313
1439	313
1439	317
1438	317
1438	322
1437	322
1437	323
1426	323
1426	324
1425	324
1425	326
1399	326
1399	327
1398	327
1398	328
1397	328
1397	329
1395	329
1395	330
1394	330
1394	332
1393	332
1393	333
1392	333
1392	334
1391	334
1391	335
1390	335
1390	336
1389	336
1389	337
1388	337
1388	338
1385	338
1385	339
1361	339
1361	340
1360	340
1360	341
1359	341
1359	344
1358	344
1358	345
1347	345
1347	346
1346	346
1346	348
1345	348
1345	349
1344	349
1344	350
1343	350
1343	351
1342	351
1342	352
1338	352
1338	353
1337	353
1337	354
1336	354
1336	353
1334	353
1334	352
1333	352
1333	353
1332	353
1332	352
1331	352
1331	353
1330	353
1330	352
1329	352
1329	353
1328	353
1328	352
1313	352
1313	353
1311	353
1311	352
1310	352
1310	353
1307	353
1307	354
1306	354
1306	358
1305	358
1305	359
1303	359
1303	360
1268	360
1268	361
1267	361
1267	362
1266	362
1266	366
1240	366
1240	388
1241	388
1241	387
1253	387
1253	388
1254	388
1254	389
1281	389
1281	388
1294	388
1294	400
1295	400
1295	401
1297	401
1297	402
1305	402
1305	403
1327	403
1327	404
1328	404
1328	406
1329	406
1329	405
1331	405
1331	406
1333	406
1333	408
1334	408
1334	419
1340	419
1340	420
1343	420
1343	421
1354	421
1354	422
1360	422
1360	423
1362	423
1362	424
1364	424
1364	423
1365	423
1365	424
1367	424
1367	423
1369	423
1369	424
1371	424
1371	425
1372	425
1372	426
1378	426
1378	436
1379	436
1379	437
1381	437
1381	438
1382	438
1382	437
1385	437
1385	439
1397	439
1397	440
1398	440
1398	441
1423	441
1423	445
1424	445
1424	457
1425	457
1425	458
1427	458
1427	459
1430	459
1430	460
1444	460
1444	461
1445	461
1445	460
1446	460
1446	461
1464	461
1464	462
1465	462
1465	461
1471	461
1471	463
1472	463
1472	464
1473	464
1473	465
1474	465
1474	466
1475	466
1475	467
1476	467
1476	468
1475	468
1475	470
1476	470
1476	471
1475	471
1475	472
1476	472
1476	481
1475	481
1475	482
1476	482
1476	484
1478	484
1478	485
1479	485
1479	486
1517	486
1517	487
1530	487
1530	489
1529	489
1529	491
1528	491
1528	509
1529	509
1529	510
1533	510
1533	511
1544	511
1544	512
1555	512
1555	513
1560	513
1560	512
1563	512
1563	511
1568	511
1568	509
1579	509
1579	508
1580	508
1580	507
1588	507
1588	508
1589	508
1589	509
1590	509
1590	511
1589	511
1589	512
1588	512
1588	514
1587	514
1587	516
1588	516
1588	519
1587	519
1587	520
1588	520
1588	539
1589	539
1589	540
1626	540
1626	539
1627	539
1627	538
1631	538
1631	537
1636	537
1636	538
1637	538
1637	539
1641	539
1641	542
1640	542
1640	543
1639	543
1639	561
1640	561
1640	562
1639	562
1639	568
1640	568
1640	569
1649	569
1649	570
1669	570
1669	566
1684	566
1684	565
1686	565
1686	570
1687	570
1687	573
1686	573
1686	574
1684	574
1684	575
1683	575
1683	574
1682	574
1682	576
1681	576
1681	577
1679	577
1679	579
1678	579
1678	580
1677	580
1677	598
1678	598
1678	599
1688	599
1688	600
1710	600
1710	599
1716	599
1716	598
1728	598
1728	599
1729	599
1729	600
1728	600
1728	603
1727	603
1727	621
1728	621
1728	622
1751	622
1751	621
1756	621
1756	622
1758	622
1758	623
1762	623
1762	624
1763	624
1763	625
1764	625
1764	627
1765	627
1765	645
1788	645
1788	646
1795	646
1795	647
1800	647
1800	648
1801	648
1801	649
1802	649
1802	650
1803	650
1803	654
1804	654
1804	671
1806	671
1806	672
1807	672
1807	678
1829	678
1829	679
1830	679
1830	680
1832	680
1832	679
1833	679
1833	680
1837	680
1837	681
1840	681
1840	683
1843	683
1843	684
1844	684
1844	685
1845	685
1845	705
1846	705
1846	710
1847	710
1847	711
1852	711
1852	714
1857	714
1857	715
1859	715
1859	716
1869	716
1869	717
1872	717
1872	718
1873	718
1873	722
1874	722
1874	723
1883	723
1883	725
1884	725
1884	726
1886	726
1886	744
1887	744
1887	745
1890	745
1890	746
1894	746
1894	747
1896	747
1896	749
1897	749
1897	750
1899	750
1899	752
1900	752
1900	753
1901	753
1901	755
1900	755
1900	756
1901	756
1901	757
1900	757
1900	759
1901	759
1901	761
1906	761
1906	763
1907	763
1907	764
1914	764
1914	765
1924	765
1924	766
1928	766
1928	767
1930	767
1930	768
1932	768
1932	769
1934	769
1934	770
1935	770
1935	771
1937	771
1937	785
1938	785
1938	786
1939	786
1939	788
1940	788
1940	789
1944	789
1944	790
1948	790
1948	791
1949	791
1949	792
1950	792
1950	793
1952	793
1952	794
1953	794
1953	795
1954	795
1954	797
1955	797
1955	798
1957	798
1957	799
1958	799
1958	800
1960	800
1960	801
1962	801
1962	802
1965	802
1965	805
1966	805
1966	808
1972	808
1972	809
1973	809
1973	810
1975	810
1975	811
1978	811
1978	812
1979	812
1979	815
1980	815
1980	816
1981	816
1981	815
1982	815
1982	816
1983	816
1983	818
1986	818
1986	819
1985	819
1985	820
1987	820
1987	822
1988	822
1988	823
1990	823
1990	825
1992	825
1992	828
1994	828
1994	829
1997	829
1997	830
1998	830
1998	829
1999	829
1999	831
2000	831
2000	832
2001	832
2001	836
2007	836
2007	837
2008	837
2008	838
2012	838
2012	839
2013	839
2013	841
2014	841
2014	842
2015	842
2015	843
2016	843
2016	844
2017	844
2017	845
2018	845
2018	847
2020	847
2020	848
2022	848
2022	847
2023	847
2023	848
2024	848
2024	849
2026	849
2026	850
2027	850
2027	851
2029	851
2029	852
2030	852
2030	853
2031	853
2031	856
2032	856
2032	858
2036	858
2036	859
2037	859
2037	860
2038	860
2038	861
2041	861
2041	862
2043	862
2043	863
2044	863
2044	866
2045	866
2045	868
2051	868
2051	869
2053	869
2053	871
2054	871
2054	872
2055	872
2055	873
2057	873
2057	875
2058	875
2058	876
2059	876
2059	877
2061	877
2061	878
2062	878
2062	879
2063	879
2063	880
2064	880
2064	881
2065	881
2065	882
2068	882
2068	883
2070	883
2070	884
2071	884
2071	885
2072	885
2072	886
2073	886
2073	887
2074	887
2074	888
2075	888
2075	889
2078	889
2078	890
2079	890
2079	891
2081	891
2081	893
2083	893
2083	894
2084	894
2084	895
2086	895
2086	896
2088	896
2088	897
2089	897
2089	898
2090	898
2090	899
2092	899
2092	900
2094	900
2094	901
2095	901
2095	902
2096	902
2096	903
2097	903
2097	906
2098	906
2098	908
2103	908
2103	909
2105	909
2105	910
2106	910
2106	911
2107	911
2107	912
2109	912
2109	913
2110	913
2110	914
2111	914
2111	915
2113	915
2113	916
2114	916
2114	917
2115	917
2115	918
2117	918
2117	919
2119	919
2119	920
2120	920
2120	921
2121	921
2121	922
2123	922
2123	923
2124	923
2124	925
2126	925
2126	927
2128	927
2128	928
2129	928
2129	929
2130	929
2130	930
2131	930
2131	931
2133	931
2133	937
2136	937
2136	938
2137	938
2137	942
2132	942
2132	943
2124	943
2124	942
2116	942
2116	941
2113	941
2113	940
2111	940
2111	939
2109	939
2109	938
2105	938
2105	937
2104	937
2104	936
2101	936
2101	935
2100	935
2100	934
2099	934
2099	933
2097	933
2097	932
2095	932
2095	931
2094	931
2094	932
2093	932
2093	931
2092	931
2092	930
2090	930
2090	929
2088	929
2088	928
2087	928
2087	927
2085	927
2085	926
2083	926
2083	925
2082	925
2082	924
2073	924
2073	920
2072	920
2072	919
2071	919
2071	918
2070	918
2070	917
2069	917
2069	916
2067	916
2067	914
2066	914
2066	915
2065	915
2065	914
2063	914
2063	913
2061	913
2061	912
2060	912
2060	910
2059	910
2059	908
2058	908
2058	907
2053	907
2053	906
2052	906
2052	905
2051	905
2051	903
2050	903
2050	902
2047	902
2047	901
2044	901
2044	900
2043	900
2043	899
2039	899
2039	898
2038	898
2038	897
2037	897
2037	896
2034	896
2034	894
2033	894
2033	893
2031	893
2031	892
2030	892
2030	891
2028	891
2028	890
2025	890
2025	889
2023	889
2023	888
2022	888
2022	887
2021	887
2021	886
2019	886
2019	881
2018	881
2018	880
2010	880
2010	879
2006	879
2006	878
2005	878
2005	877
2004	877
2004	876
2002	876
2002	875
2001	875
2001	874
1999	874
1999	873
1996	873
1996	872
1995	872
1995	869
1994	869
1994	868
1993	868
1993	867
1991	867
1991	866
1988	866
1988	865
1987	865
1987	864
1984	864
1984	863
1983	863
1983	861
1982	861
1982	860
1980	860
1980	859
1979	859
1979	858
1975	858
1975	857
1974	857
1974	856
1973	856
1973	854
1970	854
1970	853
1967	853
1967	850
1966	850
1966	849
1965	849
1965	848
1956	848
1956	847
1955	847
1955	846
1954	846
1954	844
1953	844
1953	841
1947	841
1947	840
1945	840
1945	838
1944	838
1944	837
1943	837
1943	836
1941	836
1941	835
1940	835
1940	834
1939	834
1939	833
1934	833
1934	832
1932	832
1932	831
1931	831
1931	830
1928	830
1928	829
1927	829
1927	828
1926	828
1926	827
1923	827
1923	826
1922	826
1922	825
1920	825
1920	824
1919	824
1919	823
1918	823
1918	822
1899	822
1899	821
1895	821
1895	818
1894	818
1894	817
1893	817
1893	816
1890	816
1890	814
1888	814
1888	813
1887	813
1887	811
1885	811
1885	810
1884	810
1884	809
1883	809
1883	807
1880	807
1880	806
1879	806
1879	805
1878	805
1878	804
1876	804
1876	802
1875	802
1875	801
1874	801
1874	800
1870	800
1870	799
1869	799
1869	798
1868	798
1868	797
1866	797
1866	796
1865	796
1865	794
1842	794
1842	793
1840	793
1840	792
1838	792
1838	791
1837	791
1837	790
1836	790
1836	787
1835	787
1835	785
1831	785
1831	784
1830	784
1830	783
1829	783
1829	782
1828	782
1828	781
1826	781
1826	780
1825	780
1825	779
1824	779
1824	778
1823	778
1823	777
1822	777
1822	774
1820	774
1820	773
1818	773
1818	772
1816	772
1816	771
1815	771
1815	770
1814	770
1814	768
1812	768
1812	767
1811	767
1811	766
1810	766
1810	765
1809	765
1809	763
1808	763
1808	762
1807	762
1807	761
1802	761
1802	759
1801	759
1801	758
1781	758
1781	765
1780	765
1780	764
1777	764
1777	763
1774	763
1774	762
1773	762
1773	761
1772	761
1772	760
1771	760
1771	758
1770	758
1770	756
1769	756
1769	754
1767	754
1767	753
1765	753
1765	754
1764	754
1764	752
1763	752
1763	751
1762	751
1762	749
1761	749
1761	748
1760	748
1760	747
1759	747
1759	746
1757	746
1757	744
1756	744
1756	740
1753	740
1753	739
1752	739
1752	740
1749	740
1749	739
1748	739
1748	738
1743	738
1743	736
1744	736
1744	735
1743	735
1743	733
1725	733
1725	734
1723	734
1723	733
1720	733
1720	732
1719	732
1719	730
1717	730
1717	727
1716	727
1716	722
1715	722
1715	721
1709	721
1709	717
1708	717
1708	716
1707	716
1707	715
1705	715
1705	714
1704	714
1704	709
1703	709
1703	708
1698	708
1698	707
1697	707
1697	706
1696	706
1696	705
1694	705
1694	704
1693	704
1693	703
1668	703
1668	702
1667	702
1667	701
1665	701
1665	698
1664	698
1664	696
1663	696
1663	694
1661	694
1661	692
1659	692
1659	690
1657	690
1657	689
1656	689
1656	688
1655	688
1655	687
1654	687
1654	686
1653	686
1653	685
1652	685
1652	684
1651	684
1651	682
1650	682
1650	679
1646	679
1646	678
1644	678
1644	677
1642	677
1642	676
1641	676
1641	675
1638	675
1638	674
1633	674
1633	673
1632	673
1632	674
1620	674
1620	675
1619	675
1619	677
1616	677
1616	676
1615	676
1615	675
1613	675
1613	674
1611	674
1611	670
1609	670
1609	669
1607	669
1607	668
1606	668
1606	666
1604	666
1604	664
1603	664
1603	663
1602	663
1602	662
1601	662
1601	661
1600	661
1600	660
1598	660
1598	658
1599	658
1599	657
1598	657
1598	653
1597	653
1597	651
1593	651
1593	652
1592	652
1592	651
1590	651
1590	650
1589	650
1589	649
1588	649
1588	648
1587	648
1587	647
1586	647
1586	646
1560	646
1560	647
1559	647
1559	644
1558	644
1558	643
1553	643
1553	642
1547	642
1547	637
1546	637
1546	631
1545	631
1545	630
1543	630
1543	629
1541	629
1541	627
1540	627
1540	626
1539	626
1539	623
1538	623
1538	622
1537	622
1537	621
1538	621
1538	619
1537	619
1537	617
1516	617
1516	616
1510	616
1510	615
1509	615
1509	614
1508	614
1508	613
1507	613
1507	612
1506	612
1506	604
1500	604
1500	603
1499	603
1499	602
1495	602
1495	592
1494	592
1494	591
1493	591
1493	590
1492	590
1492	589
1491	589
1491	588
1489	588
1489	587
1488	587
1488	586
1470	586
1470	587
1467	587
1467	586
1465	586
1465	585
1464	585
1464	584
1463	584
1463	583
1462	583
1462	582
1461	582
1461	580
1459	580
1459	579
1458	579
1458	577
1457	577
1457	576
1456	576
1456	575
1455	575
1455	573
1454	573
1454	564
1453	564
1453	563
1448	563
1448	562
1446	562
1446	561
1447	561
1447	560
1445	560
1445	559
1444	559
1444	558
1443	558
1443	557
1441	557
1441	556
1440	556
1440	557
1419	557
1419	556
1418	556
1418	555
1415	555
1415	554
1414	554
1414	551
1413	551
1413	550
1412	550
1412	549
1410	549
1410	547
1409	547
1409	538
1405	538
1405	537
1402	537
1402	535
1401	535
1401	531
1400	531
1400	524
1399	524
1399	525
1390	525
1390	524
1387	524
1387	523
1386	523
1386	522
1375	522
1375	519
1374	519
1374	515
1373	515
1373	514
1370	514
1370	512
1368	512
1368	511
1363	511
1363	510
1361	510
1361	499
1360	499
1360	498
1359	498
1359	497
1336	497
1336	498
1335	498
1335	497
1331	497
1331	496
1328	496
1328	494
1327	494
1327	493
1326	493
1326	486
1325	486
1325	485
1321	485
1321	484
1317	484
1317	483
1316	483
1316	473
1315	473
1315	472
1312	472
1312	471
1308	471
1308	467
1307	467
1307	466
1290	466
1290	460
1289	460
1289	459
1287	459
1287	457
1286	457
1286	456
1285	456
1285	454
1280	454
1280	453
1279	453
1279	452
1277	452
1277	451
1275	451
1275	450
1273	450
1273	449
1272	449
1272	448
1271	448
1271	447
1270	447
1270	446
1269	446
1269	445
1268	445
1268	444
1267	444
1267	443
1266	443
1266	442
1264	442
1264	441
1263	441
1263	440
1262	440
1262	437
1261	437
1261	433
1259	433
1259	432
1256	432
1256	431
1253	431
1253	432
1250	432
1250	431
1248	431
1248	432
1247	432
1247	431
1243	431
1243	432
1242	432
1242	431
1238	431
1238	432
1236	432
1236	431
1234	431
1234	432
1231	432
1231	451
1232	451
1232	452
1233	452
1233	453
1234	453
1234	454
1239	454
1239	455
1240	455
1240	460
1241	460
1241	461
1242	461
1242	462
1243	462
1243	463
1244	463
1244	464
1247	464
1247	466
1249	466
1249	467
1252	467
1252	468
1251	468
1251	470
1252	470
1252	472
1253	472
1253	487
1254	487
1254	488
1256	488
1256	489
1257	489
1257	490
1258	490
1258	491
1257	491
1257	492
1258	492
1258	493
1259	493
1259	494
1260	494
1260	495
1262	495
1262	496
1263	496
1263	498
1264	498
1264	499
1265	499
1265	503
1267	503
1267	504
1268	504
1268	505
1272	505
1272	506
1273	506
1273	509
1274	509
1274	511
1275	511
1275	515
1277	515
1277	516
1282	516
1282	517
1283	517
1283	518
1284	518
1284	520
1285	520
1285	521
1286	521
1286	522
1288	522
1288	523
1289	523
1289	527
1290	527
1290	528
1289	528
1289	536
1290	536
1290	539
1291	539
1291	540
1292	540
1292	541
1293	541
1293	547
1294	547
1294	551
1293	551
1293	552
1294	552
1294	555
1299	555
1299	556
1300	556
1300	557
1301	557
1301	558
1303	558
1303	560
1304	560
1304	561
1306	561
1306	565
1310	565
1310	567
1311	567
1311	568
1314	568
1314	578
1324	578
1324	579
1326	579
1326	582
1327	582
1327	594
1328	594
1328	596
1329	596
1329	604
1330	604
1330	605
1334	605
1334	607
1335	607
1335	610
1336	610
1336	612
1337	612
1337	613
1338	613
1338	614
1340	614
1340	615
1341	615
1341	618
1343	618
1343	619
1344	619
1344	620
1345	620
1345	621
1346	621
1346	623
1348	623
1348	624
1350	624
1350	623
1351	623
1351	624
1353	624
1353	625
1357	625
1357	626
1358	626
1358	627
1359	627
1359	629
1360	629
1360	631
1364	631
1364	632
1365	632
1365	633
1366	633
1366	634
1367	634
1367	635
1368	635
1368	636
1367	636
1367	659
1368	659
1368	660
1369	660
1369	666
1368	666
1368	667
1370	667
1370	668
1371	668
1371	669
1372	669
1372	670
1373	670
1373	671
1376	671
1376	675
1378	675
1378	676
1380	676
1380	675
1381	675
1381	676
1382	676
1382	677
1383	677
1383	678
1384	678
1384	680
1385	680
1385	683
1386	683
1386	684
1397	684
1397	685
1399	685
1399	686
1401	686
1401	687
1402	687
1402	688
1404	688
1404	690
1405	690
1405	691
1406	691
1406	695
1403	695
1403	696
1402	696
1402	716
1403	716
1403	719
1404	719
1404	720
1405	720
1405	721
1406	721
1406	722
1407	722
1407	724
1408	724
1408	725
1409	725
1409	726
1413	726
1413	727
1415	727
1415	728
1416	728
1416	729
1418	729
1418	730
1419	730
1419	731
1421	731
1421	732
1422	732
1422	733
1425	733
1425	735
1426	735
1426	736
1429	736
1429	737
1430	737
1430	739
1437	739
1437	741
1438	741
1438	743
1439	743
1439	744
1438	744
1438	745
1434	745
1434	746
1429	746
1429	766
1430	766
1430	767
1431	767
1431	769
1432	769
1432	770
1433	770
1433	778
1434	778
1434	786
1435	786
1435	787
1437	787
1437	788
1439	788
1439	789
1442	789
1442	790
1445	790
1445	793
1446	793
1446	794
1449	794
1449	795
1451	795
1451	796
1454	796
1454	797
1456	797
1456	798
1458	798
1458	799
1459	799
1459	800
1461	800
1461	801
1464	801
1464	802
1465	802
1465	803
1467	803
1467	804
1468	804
1468	805
1470	805
1470	806
1471	806
1471	808
1473	808
1473	811
1465	811
1465	812
1461	812
1461	813
1458	813
1458	814
1457	814
1457	830
1458	830
1458	832
1459	832
1459	834
1460	834
1460	836
1461	836
1461	837
1462	837
1462	840
1464	840
1464	849
1466	849
1466	850
1469	850
1469	851
1472	851
1472	852
1475	852
1475	854
1477	854
1477	855
1478	855
1478	857
1479	857
1479	858
1482	858
1482	857
1484	857
1484	859
1487	859
1487	860
1492	860
1492	861
1494	861
1494	862
1496	862
1496	863
1498	863
1498	864
1499	864
1499	865
1500	865
1500	869
1491	869
1491	870
1489	870
1489	871
1488	871
1488	872
1487	872
1487	894
1489	894
1489	895
1492	895
1492	899
1493	899
1493	902
1494	902
1494	907
1495	907
1495	908
1497	908
1497	912
1498	912
1498	913
1500	913
1500	915
1506	915
1506	916
1507	916
1507	917
1509	917
1509	918
1512	918
1512	921
1513	921
1513	922
1516	922
1516	923
1517	923
1517	924
1519	924
1519	925
1520	925
1520	926
1522	926
1522	928
1523	928
1523	929
1524	929
1524	930
1525	930
1525	933
1526	933
1526	934
1527	934
1527	935
1528	935
1528	936
1527	936
1527	937
1518	937
1518	939
1517	939
1517	941
1518	941
1518	943
1517	943
1517	958
1518	958
1518	961
1522	961
1522	962
1521	962
1521	981
1522	981
1522	982
1523	982
1523	983
1524	983
1524	987
1526	987
1526	988
1530	988
1530	990
1537	990
1537	991
1538	991
1538	992
1539	992
1539	994
1540	994
1540	995
1544	995
1544	999
1545	999
1545	1000
1549	1000
1549	1001
1550	1001
1550	1003
1551	1003
1551	1004
1552	1004
1552	1006
1553	1006
1553	1052
1554	1052
1554	1053
1558	1053
1558	1054
1560	1054
1560	1055
1559	1055
1559	1057
1560	1057
1560	1062
1561	1062
1561	1063
1564	1063
1564	1064
1565	1064
1565	1065
1568	1065
1568	1066
1569	1066
1569	1067
1570	1067
1570	1068
1571	1068
1571	1069
1572	1069
1572	1070
1574	1070
1574	1072
1575	1072
1575	1073
1576	1073
1576	1074
1577	1074
1577	1075
1579	1075
1579	1076
1580	1076
1580	1077
1581	1077
1581	1079
1582	1079
1582	1080
1583	1080
1583	1081
1585	1081
1585	1083
1586	1083
1586	1089
1583	1089
1583	1090
1581	1090
1581	1089
1578	1089
1578	1090
1576	1090
1576	1110
1577	1110
1577	1113
1578	1113
1578	1118
1581	1118
1581	1119
1582	1119
1582	1120
1583	1120
1583	1126
1584	1126
1584	1127
1586	1127
1586	1128
1592	1128
1592	1140
1596	1140
1596	1141
1597	1141
1597	1145
1598	1145
1598	1146
1602	1146
1602	1147
1603	1147
1603	1148
1605	1148
1605	1149
1606	1149
1606	1150
1607	1150
1607	1151
1608	1151
1608	1153
1609	1153
1609	1155
1610	1155
1610	1159
1609	1159
1609	1160
1608	1160
1608	1159
1607	1159
1607	1160
1604	1160
1604	1184
1605	1184
1605	1185
1609	1185
1609	1198
1610	1198
1610	1199
1611	1199
1611	1198
1612	1198
1612	1204
1613	1204
1613	1207
1614	1207
1614	1208
1615	1208
1615	1210
1616	1210
1616	1211
1617	1211
1617	1212
1619	1212
1619	1213
1621	1213
1621	1214
1622	1214
1622	1217
1623	1217
1623	1218
1625	1218
1625	1219
1626	1219
1626	1221
1627	1221
1627	1222
1628	1222
1628	1221
1629	1221
1629	1222
1630	1222
1630	1223
1631	1223
1631	1224
1632	1224
1632	1225
1633	1225
1633	1226
1634	1226
1634	1227
1635	1227
1635	1229
1637	1229
1637	1231
1638	1231
1638	1233
1639	1233
1639	1235
1637	1235
1637	1236
1636	1236
1636	1237
1635	1237
1635	1238
1629	1238
1629	1239
1628	1239
1628	1240
1629	1240
1629	1261
1630	1261
1630	1262
1631	1262
1631	1263
1633	1263
1633	1264
1634	1264
1634	1266
1635	1266
1635	1270
1636	1270
1636	1271
1635	1271
1635	1272
1636	1272
1636	1276
1637	1276
1637	1277
1639	1277
1639	1279
1640	1279
1640	1280
1641	1280
1641	1282
1642	1282
1642	1281
1643	1281
1643	1282
1645	1282
1645	1285
1646	1285
1646	1286
1648	1286
1648	1287
1649	1287
1649	1290
1650	1290
1650	1291
1652	1291
1652	1292
1653	1292
1653	1294
1655	1294
1655	1296
1656	1296
1656	1297
1657	1297
1657	1298
1658	1298
1658	1299
1659	1299
1659	1300
1660	1300
1660	1301
1661	1301
1661	1305
1660	1305
1660	1306
1650	1306
1650	1307
1649	1307
1649	1329
1651	1329
1651	1330
1653	1330
1653	1332
1654	1332
1654	1333
1655	1333
1655	1338
1656	1338
1656	1342
1657	1342
1657	1343
1659	1343
1659	1344
1660	1344
1660	1346
1661	1346
1661	1349
1662	1349
1662	1356
1664	1356
1664	1357
1665	1357
1665	1356
1666	1356
1666	1357
1667	1357
1667	1356
1668	1356
1668	1357
1669	1357
1669	1358
1670	1358
1670	1359
1671	1359
1671	1363
1672	1363
1672	1364
1674	1364
1674	1365
1675	1365
1675	1367
1676	1367
1676	1368
1677	1368
1677	1371
1679	1371
1679	1372
1680	1372
1680	1373
1681	1373
1681	1378
1682	1378
1682	1379
1680	1379
1680	1380
1679	1380
1679	1379
1678	1379
1678	1381
1676	1381
1676	1382
1675	1382
1675	1403
1676	1403
1676	1406
1675	1406
1675	1407
1676	1407
1676	1408
1678	1408
1678	1409
1680	1409
1680	1410
1681	1410
1681	1414
1683	1414
1683	1421
1684	1421
1684	1422
1685	1422
1685	1434
1686	1434
1686	1435
1694	1435
1694	1436
1695	1436
1695	1437
1694	1437
1694	1438
1695	1438
1695	1439
1696	1439
1696	1444
1697	1444
1697	1445
1698	1445
1698	1447
1699	1447
1699	1448
1700	1448
1700	1449
1699	1449
1699	1451
1700	1451
1700	1453
1701	1453
1701	1457
1702	1457
1702	1461
1705	1461
1705	1462
1706	1462
1706	1463
1707	1463
1707	1465
1708	1465
1708	1470
1709	1470
1709	1473
1710	1473
1710	1474
1711	1474
1711	1476
1712	1476
1712	1478
1713	1478
1713	1479
1714	1479
1714	1481
1715	1481
1715	1482
1714	1482
1714	1483
1715	1483
1715	1487
1717	1487
1717	1489
1720	1489
1720	1491
1721	1491
1721	1497
1722	1497
1722	1498
1723	1498
1723	1500
1724	1500
1724	1502
1725	1502
1725	1504
1726	1504
1726	1506
1727	1506
1727	1510
1728	1510
1728	1512
1729	1512
1729	1514
1730	1514
1730	1515
1731	1515
1731	1517
1732	1517
1732	1519
1733	1519
1733	1520
1734	1520
1734	1521
1735	1521
1735	1525
1736	1525
1736	1527
1737	1527
1737	1529
1738	1529
1738	1531
1739	1531
1739	1536
1740	1536
1740	1538
1741	1538
1741	1540
1740	1540
1740	1541
1741	1541
1741	1542
1742	1542
1742	1543
1743	1543
1743	1545
1744	1545
1744	1548
1745	1548
1745	1550
1746	1550
1746	1552
1747	1552
1747	1556
1749	1556
1749	1557
1750	1557
1750	1561
1751	1561
1751	1562
1752	1562
1752	1565
1753	1565
1753	1566
1754	1566
1754	1570
1755	1570
1755	1579
1756	1579
1756	1580
1759	1580
1759	1581
1760	1581
1760	1582
1761	1582
1761	1584
1762	1584
1762	1588
1763	1588
1763	1589
1764	1589
1764	1592
1765	1592
1765	1594
1766	1594
1766	1597
1767	1597
1767	1599
1768	1599
1768	1606
1771	1606
1771	1609
1772	1609
1772	1610
1773	1610
1773	1613
1774	1613
1774	1614
1775	1614
1775	1616
1774	1616
1774	1618
1775	1618
1775	1619
1779	1619
1779	1627
1780	1627
1780	1632
1781	1632
1781	1633
1783	1633
1783	1636
1784	1636
1784	1639
1785	1639
1785	1643
1786	1643
1786	1645
1785	1645
1785	1646
1788	1646
1788	1647
1789	1647
1789	1650
1790	1650
1790	1652
1791	1652
1791	1653
1792	1653
1792	1656
1793	1656
1793	1658
1794	1658
1794	1660
1795	1660
1795	1661
1802	1661
1802	1675
1803	1675
1803	1676
1805	1676
1805	1685
1806	1685
1806	1687
1807	1687
1807	1696
1808	1696
1808	1698
1810	1698
1810	1699
1811	1699
1811	1700
1812	1700
1812	1705
1811	1705
1811	1706
1812	1706
1812	1710
1813	1710
1813	1716
1812	1716
1812	1718
1813	1718
1813	1719
1812	1719
1812	1721
1811	1721
1811	1722
1810	1722
1810	1723
1809	1723
1809	1722
1808	1722
1808	1721
1807	1721
1807	1720
1805	1720
1805	1718
1802	1718
1802	1717
1801	1717
1801	1715
1800	1715
1800	1714
1799	1714
1799	1712
1798	1712
1798	1711
1797	1711
1797	1710
1796	1710
1796	1709
1795	1709
1795	1708
1794	1708
1794	1707
1793	1707
1793	1706
1792	1706
1792	1705
1791	1705
1791	1704
1790	1704
1790	1703
1789	1703
1789	1701
1788	1701
1788	1698
1787	1698
1787	1697
1786	1697
1786	1696
1785	1696
1785	1695
1783	1695
1783	1692
1782	1692
1782	1691
1781	1691
1781	1690
1780	1690
1780	1689
1779	1689
1779	1688
1780	1688
1780	1687
1779	1687
1779	1685
1778	1685
1778	1684
1777	1684
1777	1683
1776	1683
1776	1682
1775	1682
1775	1680
1774	1680
1774	1679
1773	1679
1773	1678
1772	1678
1772	1676
1771	1676
1771	1675
1770	1675
1770	1671
1769	1671
1769	1670
1768	1670
1768	1669
1767	1669
1767	1668
1766	1668
1766	1666
1765	1666
1765	1665
1764	1665
1764	1664
1763	1664
1763	1661
1762	1661
1762	1660
1761	1660
1761	1658
1760	1658
1760	1655
1759	1655
1759	1654
1758	1654
1758	1653
1757	1653
1757	1651
1756	1651
1756	1645
1754	1645
1754	1644
1753	1644
1753	1643
1751	1643
1751	1642
1750	1642
1750	1641
1749	1641
1749	1639
1748	1639
1748	1635
1747	1635
1747	1634
1748	1634
1748	1633
1747	1633
1747	1632
1746	1632
1746	1631
1744	1631
1744	1629
1743	1629
1743	1626
1742	1626
1742	1625
1743	1625
1743	1621
1742	1621
1742	1618
1739	1618
1739	1617
1738	1617
1738	1615
1737	1615
1737	1614
1736	1614
1736	1613
1735	1613
1735	1612
1733	1612
1733	1610
1732	1610
1732	1609
1731	1609
1731	1606
1730	1606
1730	1605
1729	1605
1729	1600
1728	1600
1728	1599
1727	1599
1727	1598
1726	1598
1726	1595
1725	1595
1725	1594
1724	1594
1724	1592
1723	1592
1723	1590
1721	1590
1721	1588
1720	1588
1720	1587
1719	1587
1719	1582
1718	1582
1718	1581
1717	1581
1717	1579
1716	1579
1716	1578
1715	1578
1715	1576
1714	1576
1714	1574
1713	1574
1713	1572
1712	1572
1712	1571
1711	1571
1711	1566
1710	1566
1710	1564
1709	1564
1709	1562
1708	1562
1708	1561
1707	1561
1707	1559
1706	1559
1706	1557
1705	1557
1705	1556
1704	1556
1704	1552
1702	1552
1702	1551
1701	1551
1701	1546
1700	1546
1700	1544
1699	1544
1699	1540
1698	1540
1698	1539
1697	1539
1697	1538
1696	1538
1696	1537
1695	1537
1695	1536
1694	1536
1694	1532
1693	1532
1693	1531
1692	1531
1692	1526
1690	1526
1690	1524
1689	1524
1689	1523
1688	1523
1688	1522
1687	1522
1687	1519
1686	1519
1686	1518
1685	1518
1685	1517
1684	1517
1684	1516
1683	1516
1683	1512
1682	1512
1682	1510
1681	1510
1681	1508
1679	1508
1679	1507
1678	1507
1678	1506
1677	1506
1677	1501
1676	1501
1676	1500
1675	1500
1675	1499
1674	1499
1674	1498
1672	1498
1672	1493
1671	1493
1671	1491
1669	1491
1669	1489
1668	1489
1668	1488
1667	1488
1667	1486
1666	1486
1666	1483
1665	1483
1665	1482
1664	1482
1664	1477
1663	1477
1663	1476
1664	1476
1664	1475
1663	1475
1663	1473
1658	1473
1658	1472
1657	1472
1657	1471
1656	1471
1656	1470
1655	1470
1655	1468
1654	1468
1654	1466
1653	1466
1653	1465
1652	1465
1652	1462
1651	1462
1651	1460
1650	1460
1650	1459
1649	1459
1649	1456
1648	1456
1648	1454
1647	1454
1647	1452
1645	1452
1645	1448
1644	1448
1644	1447
1643	1447
1643	1446
1642	1446
1642	1444
1641	1444
1641	1443
1640	1443
1640	1442
1639	1442
1639	1441
1638	1441
1638	1437
1637	1437
1637	1433
1634	1433
1634	1432
1633	1432
1633	1430
1632	1430
1632	1429
1621	1429
1621	1428
1619	1428
1619	1425
1618	1425
1618	1422
1617	1422
1617	1421
1616	1421
1616	1414
1615	1414
1615	1412
1614	1412
1614	1407
1613	1407
1613	1405
1612	1405
1612	1395
1611	1395
1611	1394
1607	1394
1607	1393
1605	1393
1605	1388
1604	1388
1604	1386
1603	1386
1603	1381
1600	1381
1600	1379
1599	1379
1599	1376
1598	1376
1598	1372
1597	1372
1597	1371
1596	1371
1596	1370
1575	1370
1575	1369
1574	1369
1574	1367
1573	1367
1573	1366
1572	1366
1572	1364
1571	1364
1571	1363
1570	1363
1570	1360
1569	1360
1569	1358
1568	1358
1568	1355
1567	1355
1567	1353
1566	1353
1566	1348
1565	1348
1565	1346
1566	1346
1566	1344
1565	1344
1565	1343
1566	1343
1566	1341
1565	1341
1565	1340
1563	1340
1563	1336
1562	1336
1562	1334
1561	1334
1561	1328
1560	1328
1560	1326
1559	1326
1559	1324
1558	1324
1558	1315
1557	1315
1557	1314
1556	1314
1556	1313
1544	1313
1544	1312
1540	1312
1540	1311
1539	1311
1539	1308
1537	1308
1537	1306
1536	1306
1536	1305
1535	1305
1535	1303
1534	1303
1534	1299
1533	1299
1533	1295
1532	1295
1532	1289
1531	1289
1531	1288
1530	1288
1530	1282
1529	1282
1529	1280
1528	1280
1528	1278
1527	1278
1527	1276
1526	1276
1526	1275
1527	1275
1527	1274
1526	1274
1526	1272
1525	1272
1525	1271
1524	1271
1524	1268
1523	1268
1523	1265
1524	1265
1524	1264
1523	1264
1523	1263
1522	1263
1522	1262
1520	1262
1520	1255
1501	1255
1501	1254
1500	1254
1500	1253
1499	1253
1499	1250
1498	1250
1498	1249
1497	1249
1497	1248
1496	1248
1496	1246
1495	1246
1495	1244
1494	1244
1494	1238
1493	1238
1493	1229
1492	1229
1492	1222
1490	1222
1490	1219
1489	1219
1489	1214
1488	1214
1488	1210
1487	1210
1487	1209
1486	1209
1486	1208
1485	1208
1485	1207
1484	1207
1484	1197
1482	1197
1482	1196
1481	1196
1481	1191
1480	1191
1480	1189
1461	1189
1461	1188
1460	1188
1460	1187
1458	1187
1458	1186
1455	1186
1455	1185
1454	1185
1454	1177
1453	1177
1453	1176
1454	1176
1454	1172
1453	1172
1453	1170
1451	1170
1451	1161
1450	1161
1450	1154
1449	1154
1449	1146
1448	1146
1448	1144
1447	1144
1447	1143
1446	1143
1446	1137
1445	1137
1445	1131
1444	1131
1444	1129
1443	1129
1443	1127
1442	1127
1442	1118
1441	1118
1441	1117
1439	1117
1439	1118
1425	1118
1425	1117
1424	1117
1424	1118
1423	1118
1423	1117
1422	1117
1422	1118
1420	1118
1420	1117
1418	1117
1418	1110
1417	1110
1417	1106
1416	1106
1416	1091
1415	1091
1415	1089
1414	1089
1414	1084
1413	1084
1413	1077
1412	1077
1412	1074
1410	1074
1410	1073
1409	1073
1409	1065
1407	1065
1407	1064
1406	1064
1406	1053
1405	1053
1405	1052
1403	1052
1403	1051
1402	1051
1402	1052
1384	1052
1384	1050
1383	1050
1383	1049
1384	1049
1384	1048
1383	1048
1383	1041
1382	1041
1382	1038
1381	1038
1381	1037
1380	1037
1380	1036
1379	1036
1379	999
1376	999
1376	998
1375	998
1375	995
1374	995
1374	993
1375	993
1375	992
1374	992
1374	987
1373	987
1373	986
1351	986
1351	985
1350	985
1350	981
1349	981
1349	953
1348	953
1348	939
1347	939
1347	934
1346	934
1346	933
1343	933
1343	931
1342	931
1342	926
1341	926
1341	924
1324	924
1324	923
1323	923
1323	922
1322	922
1322	905
1323	905
1323	880
1322	880
1322	879
1323	879
1323	875
1322	875
1322	868
1321	868
1321	861
1320	861
1320	860
1301	860
1301	859
1300	859
1300	854
1299	854
1299	852
1300	852
1300	814
1298	814
1298	809
1297	809
1297	802
1296	802
1296	801
1295	801
1295	800
1280	800
1280	799
1279	799
1279	796
1278	796
1278	780
1279	780
1279	760
1278	760
1278	757
1277	757
1277	749
1276	749
1276	745
1275	745
1275	744
1262	744
1262	743
1261	743
1261	742
1260	742
1260	740
1261	740
1261	734
1262	734
1262	729
1263	729
1263	704
1262	704
1262	696
1261	696
1261	695
1247	695
1247	693
1246	693
1246	692
1245	692
1245	690
1244	690
1244	684
1246	684
1246	683
1247	683
1247	657
1246	657
1246	656
1245	656
1245	655
1244	655
1244	654
1242	654
1242	644
1241	644
1241	643
1238	643
1238	642
1232	642
1232	640
1230	640
1230	637
1229	637
1229	636
1230	636
1230	609
1229	609
1229	607
1230	607
1230	606
1229	606
1229	605
1230	605
1230	604
1229	604
1229	603
1227	603
1227	598
1225	598
1225	597
1224	597
1224	596
1225	596
1225	591
1224	591
1224	590
1216	590
1216	589
1215	589
1215	588
1216	588
1216	587
1215	587
1215	586
1216	586
1216	558
1215	558
1215	557
1216	557
1216	553
1215	553
1215	551
1211	551
1211	545
1210	545
1210	544
1209	544
1209	538
1208	538
1208	537
1200	537
1200	536
1198	536
1198	503
1197	503
1197	495
1196	495
1196	494
1195	494
1195	487
1194	487
1194	486
1190	486
1190	485
1189	485
1189	484
1187	484
1187	483
1186	483
1186	482
1187	482
1187	477
1186	477
1186	476
1185	476
1185	468
1184	468
1184	467
1166	467
1166	468
1165	468
1165	469
1164	469
1164	471
1163	471
1163	472
1162	472
1162	512
1163	512
1163	513
1165	513
1165	516
1166	516
1166	518
1167	518
1167	520
1168	520
1168	531
1167	531
1167	532
1168	532
1168	534
1167	534
1167	536
1166	536
1166	537
1164	537
1164	538
1161	538
1161	592
1166	592
1166	593
1167	593
1167	594
1168	594
1168	598
1167	598
1167	599
1168	599
1168	609
1167	609
1167	610
1168	610
1168	612
1167	612
1167	614
1168	614
1168	615
1162	615
1162	616
1161	616
1161	628
1160	628
1160	651
1161	651
1161	659
1162	659
1162	670
1164	670
1164	671
1166	671
1166	673
1167	673
1167	680
1166	680
1166	681
1165	681
1165	682
1157	682
1157	683
1156	683
1156	723
1157	723
1157	724
1158	724
1158	736
1161	736
1161	737
1166	737
1166	739
1167	739
1167	742
1168	742
1168	744
1167	744
1167	747
1165	747
1165	748
1164	748
1164	749
1156	749
1156	748
1155	748
1155	749
1154	749
1154	784
1153	784
1153	785
1154	785
1154	790
1155	790
1155	791
1156	791
1156	802
1157	802
1157	803
1161	803
1161	804
1162	804
1162	805
1163	805
1163	807
1164	807
1164	808
1165	808
1165	811
1166	811
1166	814
1167	814
1167	816
1168	816
1168	817
1169	817
1169	821
1165	821
1165	820
1164	820
1164	819
1145	819
1145	826
1144	826
1144	827
1143	827
1143	868
1144	868
1144	869
1148	869
1148	881
1156	881
1156	886
1157	886
1157	887
1158	887
1158	888
1159	888
1159	890
1158	890
1158	892
1157	892
1157	891
1156	891
1156	892
1155	892
1155	891
1136	891
1136	892
1135	892
1135	935
1139	935
1139	938
1140	938
1140	940
1141	940
1141	941
1142	941
1142	942
1143	942
1143	947
1145	947
1145	950
1146	950
1146	951
1147	951
1147	954
1148	954
1148	959
1144	959
1144	958
1143	958
1143	957
1122	957
1122	959
1121	959
1121	999
1122	999
1122	1000
1123	1000
1123	1002
1124	1002
1124	1004
1125	1004
1125	1006
1126	1006
