1853	777
1851	777
1851	778
1850	778
1850	779
1849	779
1849	780
1848	780
1848	781
1847	781
1847	790
1866	790
1866	791
1869	791
1869	792
1872	792
1872	793
1873	793
1873	794
1878	794
1878	796
1884	796
1884	797
1889	797
1889	798
1894	798
1894	799
1895	799
1895	801
1902	801
1902	802
1904	802
1904	801
1905	801
1905	802
1906	802
1906	805
1911	805
1911	806
1912	806
1912	807
1916	807
1916	808
1917	808
1917	812
1918	812
1918	813
1922	813
1922	821
1921	821
1921	822
1920	822
1920	821
1918	821
1918	822
1917	822
1917	823
1916	823
1916	824
1917	824
1917	825
1916	825
1916	827
1915	827
1915	826
1912	826
1912	827
1911	827
1911	833
1906	833
1906	835
1905	835
1905	836
1906	836
1906	837
1905	837
1905	838
1904	838
1904	839
1903	839
1903	838
1901	838
1901	839
1900	839
1900	851
1921	851
1921	852
1922	852
1922	853
1923	853
1923	854
1922	854
1922	856
1923	856
1923	857
1939	857
1939	859
1944	859
1944	860
1945	860
1945	862
1950	862
1950	863
1949	863
1949	864
1951	864
1951	865
1954	865
1954	864
1955	864
1955	866
1956	866
1956	868
1965	868
1965	869
1966	869
1966	873
1967	873
1967	874
1972	874
1972	878
1973	878
1973	879
1977	879
1977	880
1978	880
1978	884
1979	884
1979	885
1980	885
1980	888
1978	888
1978	889
1977	889
1977	891
1973	891
1973	892
1972	892
1972	893
1971	893
1971	894
1969	894
1969	899
1966	899
1966	900
1965	900
1965	899
1963	899
1963	900
1961	900
1961	905
1956	905
1956	906
1954	906
1954	907
1953	907
1953	909
1951	909
1951	910
1950	910
1950	913
1945	913
1945	923
1955	923
1955	924
1956	924
1956	928
1957	928
1957	929
1966	929
1966	930
1967	930
1967	934
1972	934
1972	936
1974	936
1974	937
1977	937
1977	938
1978	938
1978	940
1988	940
1988	942
1989	942
1989	944
1994	944
1994	951
2000	951
2000	957
2001	957
2001	956
2005	956
2005	957
2009	957
2009	962
2016	962
2016	963
2017	963
2017	964
2016	964
2016	965
2017	965
2017	967
2021	967
2021	968
2022	968
2022	973
2033	973
2033	974
2032	974
2032	975
2033	975
2033	981
2038	981
2038	982
2039	982
2039	985
2044	985
2044	989
2046	989
2046	990
2049	990
2049	991
2050	991
2050	992
2049	992
2049	993
2050	993
2050	996
2051	996
2051	995
2052	995
2052	996
2053	996
2053	995
2056	995
2056	996
2057	996
2057	995
2059	995
2059	996
2061	996
2061	1000
2062	1000
2062	1001
2066	1001
2066	1005
2067	1005
2067	1006
2072	1006
2072	1008
2073	1008
2073	1009
2077	1009
2077	1010
2078	1010
2078	1012
2083	1012
2083	1017
2089	1017
2089	1018
2093	1018
2093	1021
2094	1021
2094	1023
2100	1023
2100	1028
2104	1028
2104	1030
2105	1030
2105	1029
2107	1029
2107	1033
2108	1033
2108	1034
2115	1034
2115	1035
2116	1035
2116	1040
2122	1040
2122	1045
2127	1045
2127	1047
2128	1047
2128	1048
2127	1048
2127	1049
2128	1049
2128	1050
2130	1050
2130	1051
2135	1051
2135	1056
2137	1056
2137	1060
2134	1060
2134	1061
2133	1061
2133	1063
2128	1063
2128	1064
2127	1064
2127	1066
2116	1066
2116	1068
2102	1068
2102	1067
2096	1067
2096	1066
2095	1066
2095	1065
2085	1065
2085	1063
2079	1063
2079	1060
2073	1060
2073	1059
2069	1059
2069	1058
2067	1058
2067	1057
2057	1057
2057	1056
2052	1056
2052	1055
2051	1055
2051	1054
2046	1054
2046	1053
2035	1053
2035	1051
2030	1051
2030	1049
2029	1049
2029	1048
2028	1048
2028	1047
2023	1047
2023	1046
2018	1046
2018	1045
2014	1045
2014	1044
2012	1044
2012	1043
2007	1043
2007	1041
2001	1041
2001	1040
1996	1040
1996	1039
1991	1039
1991	1037
1985	1037
1985	1035
1979	1035
1979	1034
1978	1034
1978	1033
1976	1033
1976	1034
1975	1034
1975	1033
1973	1033
1973	1032
1971	1032
1971	1033
1970	1033
1970	1032
1968	1032
1968	1031
1966	1031
1966	1030
1964	1030
1964	1029
1958	1029
1958	1027
1957	1027
1957	1025
1952	1025
1952	1024
1951	1024
1951	1023
1947	1023
1947	1022
1946	1022
1946	1020
1941	1020
1941	1018
1935	1018
1935	1016
1934	1016
1934	1014
1933	1014
1933	1013
1932	1013
1932	1012
1931	1012
1931	1011
1930	1011
1930	1010
1918	1010
1918	1016
1915	1016
1915	1018
1914	1018
1914	1019
1915	1019
1915	1020
1914	1020
1914	1021
1912	1021
1912	1022
1911	1022
1911	1026
1910	1026
1910	1027
1909	1027
1909	1032
1908	1032
1908	1033
1907	1033
1907	1034
1906	1034
1906	1035
1905	1035
1905	1034
1902	1034
1902	1033
1903	1033
1903	1032
1894	1032
1894	1030
1893	1030
1893	1029
1892	1029
1892	1028
1891	1028
1891	1027
1885	1027
1885	1025
1884	1025
1884	1024
1880	1024
1880	1021
1879	1021
1879	1020
1874	1020
1874	1017
1869	1017
1869	1014
1863	1014
1863	1012
1862	1012
1862	1011
1858	1011
1858	1010
1856	1010
1856	1009
1852	1009
1852	1008
1848	1008
1848	1007
1847	1007
1847	1005
1845	1005
1845	1004
1843	1004
1843	1003
1841	1003
1841	1002
1836	1002
1836	1000
1835	1000
1835	998
1830	998
1830	994
1829	994
1829	993
1825	993
1825	988
1821	988
1821	983
1819	983
1819	982
1810	982
1810	983
1809	983
1809	989
1808	989
1808	993
1807	993
1807	994
1806	994
1806	999
1804	999
1804	1005
1803	1005
1803	1010
1801	1010
1801	1011
1800	1011
1800	1013
1796	1013
1796	1012
1786	1012
1786	1010
1785	1010
1785	1009
1780	1009
1780	1007
1775	1007
1775	1005
1774	1005
1774	1004
1772	1004
1772	1003
1771	1003
1771	1004
1769	1004
1769	1002
1768	1002
1768	1001
1764	1001
1764	998
1763	998
1763	996
1758	996
1758	994
1757	994
1757	993
1753	993
1753	992
1752	992
1752	988
1746	988
1746	987
1745	987
1745	986
1744	986
1744	985
1743	985
1743	984
1742	984
1742	982
1741	982
1741	981
1740	981
1740	980
1738	980
1738	979
1736	979
1736	975
1735	975
1735	974
1731	974
1731	973
1730	973
1730	971
1728	971
1728	970
1729	970
1729	969
1728	969
1728	966
1726	966
1726	965
1718	965
1718	966
1716	966
1716	971
1713	971
1713	972
1712	972
1712	977
1709	977
1709	982
1707	982
1707	983
1706	983
1706	985
1705	985
1705	987
1704	987
1704	988
1702	988
1702	987
1698	987
1698	986
1697	986
1697	985
1692	985
1692	983
1691	983
1691	982
1690	982
1690	981
1688	981
1688	980
1687	980
1687	978
1686	978
1686	977
1684	977
1684	976
1683	976
1683	975
1682	975
1682	974
1681	974
1681	972
1680	972
1680	971
1679	971
1679	970
1677	970
1677	971
1676	971
1676	970
1675	970
1675	966
1669	966
1669	965
1667	965
1667	963
1665	963
1665	961
1664	961
1664	960
1663	960
1663	959
1661	959
1661	958
1662	958
1662	957
1659	957
1659	955
1658	955
1658	953
1657	953
1657	952
1655	952
1655	950
1654	950
1654	949
1653	949
1653	944
1651	944
1651	943
1649	943
1649	938
1646	938
1646	933
1636	933
1636	938
1632	938
1632	943
1630	943
1630	944
1629	944
1629	946
1628	946
1628	947
1629	947
1629	949
1624	949
1624	950
1623	950
1623	957
1621	957
1621	958
1620	958
1620	967
1626	967
1626	968
1627	968
1627	967
1628	967
1628	968
1629	968
1629	973
1640	973
1640	978
1642	978
1642	979
1643	979
1643	978
1644	978
1644	979
1650	979
1650	982
1651	982
1651	983
1656	983
1656	984
1657	984
1657	985
1661	985
1661	988
1662	988
1662	993
1661	993
1661	994
1657	994
1657	996
1656	996
1656	997
1657	997
1657	998
1656	998
1656	999
1651	999
1651	1003
1650	1003
1650	1004
1646	1004
1646	1005
1645	1005
1645	1010
1641	1010
1641	1011
1640	1011
1640	1022
1641	1022
1641	1023
1646	1023
1646	1024
1647	1024
1647	1025
1661	1025
1661	1026
1662	1026
1662	1028
1663	1028
1663	1029
1673	1029
1673	1030
1684	1030
1684	1034
1692	1034
1692	1035
1693	1035
1693	1036
1695	1036
1695	1039
1699	1039
1699	1040
1706	1040
1706	1044
1707	1044
1707	1045
1712	1045
1712	1046
1717	1046
1717	1050
1718	1050
1718	1051
1723	1051
1723	1059
1722	1059
1722	1060
1718	1060
1718	1061
1717	1061
1717	1065
1712	1065
1712	1071
1707	1071
1707	1072
1706	1072
1706	1075
1705	1075
1705	1076
1704	1076
1704	1077
1701	1077
1701	1089
1702	1089
1702	1090
1717	1090
1717	1091
1718	1091
1718	1092
1724	1092
1724	1093
1727	1093
1727	1094
1728	1094
1728	1095
1734	1095
1734	1100
1738	1100
1738	1101
1739	1101
1739	1102
1740	1102
1740	1103
1745	1103
1745	1105
1746	1105
1746	1106
1751	1106
1751	1111
1756	1111
1756	1112
1757	1112
1757	1113
1760	1113
1760	1114
1761	1114
1761	1115
1762	1115
1762	1117
1763	1117
1763	1118
1764	1118
1764	1117
1767	1117
1767	1121
1768	1121
1768	1123
1778	1123
1778	1127
1779	1127
1779	1128
1784	1128
1784	1133
1785	1133
1785	1134
1789	1134
1789	1139
1790	1139
1790	1140
1793	1140
1793	1144
1795	1144
1795	1146
1790	1146
1790	1147
1789	1147
1789	1151
1784	1151
1784	1154
1779	1154
1779	1155
1778	1155
1778	1160
1773	1160
1773	1161
1772	1161
1772	1163
1769	1163
1769	1164
1767	1164
1767	1168
1766	1168
1766	1169
1765	1169
1765	1178
1774	1178
1774	1179
1778	1179
1778	1183
1781	1183
1781	1184
1786	1184
1786	1183
1788	1183
1788	1184
1789	1184
1789	1185
1790	1185
1790	1186
1795	1186
1795	1189
1800	1189
1800	1191
1801	1191
1801	1192
1803	1192
1803	1193
1804	1193
1804	1192
1805	1192
1805	1193
1806	1193
1806	1195
1812	1195
1812	1200
1817	1200
1817	1205
1818	1205
1818	1206
1828	1206
1828	1211
1831	1211
1831	1216
1832	1216
1832	1217
1837	1217
1837	1219
1836	1219
1836	1220
1837	1220
1837	1222
1838	1222
1838	1223
1841	1223
1841	1224
1843	1224
1843	1225
1844	1225
1844	1226
1845	1226
1845	1228
1847	1228
1847	1233
1848	1233
1848	1234
1849	1234
1849	1239
1850	1239
1850	1242
1849	1242
1849	1243
1848	1243
1848	1242
1847	1242
1847	1243
1845	1243
1845	1245
1840	1245
1840	1246
1838	1246
1838	1247
1834	1247
1834	1248
1833	1248
1833	1249
1831	1249
1831	1248
1830	1248
1830	1249
1828	1249
1828	1253
1823	1253
1823	1256
1822	1256
1822	1257
1817	1257
1817	1267
1822	1267
1822	1269
1823	1269
1823	1270
1828	1270
1828	1274
1834	1274
1834	1278
1839	1278
1839	1279
1840	1279
1840	1280
1848	1280
1848	1281
1850	1281
1850	1283
1851	1283
1851	1284
1856	1284
1856	1289
1861	1289
1861	1290
1862	1290
1862	1291
1861	1291
1861	1292
1862	1292
1862	1293
1861	1293
1861	1294
1862	1294
1862	1295
1867	1295
1867	1300
1873	1300
1873	1305
1878	1305
1878	1310
1879	1310
1879	1311
1882	1311
1882	1312
1883	1312
1883	1314
1884	1314
1884	1316
1885	1316
1885	1317
1886	1317
1886	1316
1887	1316
1887	1322
1889	1322
1889	1331
1888	1331
1888	1332
1887	1332
1887	1331
1886	1331
1886	1332
1883	1332
1883	1334
1873	1334
1873	1335
1872	1335
1872	1336
1868	1336
1868	1337
1867	1337
1867	1338
1866	1338
1866	1339
1865	1339
1865	1338
1863	1338
1863	1339
1857	1339
1857	1340
1856	1340
1856	1341
1850	1341
1850	1342
1845	1342
1845	1352
1849	1352
1849	1353
1850	1353
1850	1354
1851	1354
1851	1355
1856	1355
1856	1356
1855	1356
1855	1357
1856	1357
1856	1358
1857	1358
1857	1359
1861	1359
1861	1360
1862	1360
1862	1361
1867	1361
1867	1366
1872	1366
1872	1372
1878	1372
1878	1377
1879	1377
1879	1378
1883	1378
1883	1383
1884	1383
1884	1388
1887	1388
1887	1389
1888	1389
1888	1388
1889	1388
1889	1391
1890	1391
1890	1392
1894	1392
1894	1394
1895	1394
1895	1399
1896	1399
1896	1400
1899	1400
1899	1405
1902	1405
1902	1406
1904	1406
1904	1410
1905	1410
1905	1411
1908	1411
1908	1416
1910	1416
1910	1422
1911	1422
1911	1427
1912	1427
1912	1428
1913	1428
1913	1429
1912	1429
1912	1432
1911	1432
1911	1437
1910	1437
1910	1436
1908	1436
1908	1437
1904	1437
1904	1436
1903	1436
1903	1437
1900	1437
1900	1438
1896	1438
1896	1439
1894	1439
1894	1440
1888	1440
1888	1441
1873	1441
1873	1450
1872	1450
1872	1451
1873	1451
1873	1452
1872	1452
1872	1453
1873	1453
1873	1455
1878	1455
1878	1461
1883	1461
1883	1465
1884	1465
1884	1471
1885	1471
1885	1472
1888	1472
1888	1474
1889	1474
1889	1477
1891	1477
1891	1478
1892	1478
1892	1482
1893	1482
1893	1483
1894	1483
1894	1486
1895	1486
1895	1488
1896	1488
1896	1489
1898	1489
1898	1490
1899	1490
1899	1491
1898	1491
1898	1492
1899	1492
1899	1494
1900	1494
1900	1499
1902	1499
1902	1500
1901	1500
1901	1501
1902	1501
1902	1504
1903	1504
1903	1509
1904	1509
1904	1511
1905	1511
1905	1512
1906	1512
1906	1514
1905	1514
1905	1516
1907	1516
1907	1517
1908	1517
1908	1522
1909	1522
1909	1527
1910	1527
1910	1533
1913	1533
1913	1536
1914	1536
1914	1543
1915	1543
1915	1544
1917	1544
1917	1554
1918	1554
1918	1555
1921	1555
1921	1556
1922	1556
1922	1557
1921	1557
1921	1558
1922	1558
1922	1561
1923	1561
1923	1566
1926	1566
1926	1568
1925	1568
1925	1569
1926	1569
1926	1571
1927	1571
1927	1572
1928	1572
1928	1575
1927	1575
1927	1576
1928	1576
1928	1577
1930	1577
1930	1582
1931	1582
1931	1587
1932	1587
1932	1588
1933	1588
1933	1589
1934	1589
1934	1595
1933	1595
1933	1597
1934	1597
1934	1599
1937	1599
1937	1605
1939	1605
1939	1615
1938	1615
1938	1616
1941	1616
1941	1621
1942	1621
1942	1627
1944	1627
1944	1645
1942	1645
1942	1646
1941	1646
1941	1645
1935	1645
1935	1643
1930	1643
1930	1641
1929	1641
1929	1640
1928	1640
1928	1639
1924	1639
1924	1635
1919	1635
1919	1631
1917	1631
1917	1630
1916	1630
1916	1629
1915	1629
1915	1628
1913	1628
1913	1625
1908	1625
1908	1620
1907	1620
1907	1619
1902	1619
1902	1614
1899	1614
1899	1613
1898	1613
1898	1612
1897	1612
1897	1610
1898	1610
1898	1609
1896	1609
1896	1608
1894	1608
1894	1607
1893	1607
1893	1605
1891	1605
1891	1603
1890	1603
1890	1602
1889	1602
1889	1601
1888	1601
1888	1600
1887	1600
1887	1599
1886	1599
1886	1597
1885	1597
1885	1596
1886	1596
1886	1595
1885	1595
1885	1594
1880	1594
1880	1592
1879	1592
1879	1591
1878	1591
1878	1589
1877	1589
1877	1587
1876	1587
1876	1586
1874	1586
1874	1581
1873	1581
1873	1580
1872	1580
1872	1581
1869	1581
1869	1576
1868	1576
1868	1575
1866	1575
1866	1574
1865	1574
1865	1573
1864	1573
1864	1572
1863	1572
1863	1570
1861	1570
1861	1569
1860	1569
1860	1564
1854	1564
1854	1563
1853	1563
1853	1560
1852	1560
1852	1553
1847	1553
1847	1548
1846	1548
1846	1547
1841	1547
1841	1544
1836	1544
1836	1542
1835	1542
1835	1537
1830	1537
1830	1531
1829	1531
1829	1530
1828	1530
1828	1531
1825	1531
1825	1526
1824	1526
1824	1525
1822	1525
1822	1524
1821	1524
1821	1523
1822	1523
1822	1521
1821	1521
1821	1520
1822	1520
1822	1519
1821	1519
1821	1518
1820	1518
1820	1517
1819	1517
1819	1515
1818	1515
1818	1514
1817	1514
1817	1510
1816	1510
1816	1509
1815	1509
1815	1508
1814	1508
1814	1504
1813	1504
1813	1503
1811	1503
1811	1498
1810	1498
1810	1497
1809	1497
1809	1496
1808	1496
1808	1494
1796	1494
1796	1495
1795	1495
1795	1501
1792	1501
1792	1500
1791	1500
1791	1501
1789	1501
1789	1508
1786	1508
1786	1507
1785	1507
1785	1506
1781	1506
1781	1505
1780	1505
1780	1503
1778	1503
1778	1502
1777	1502
1777	1501
1776	1501
1776	1500
1775	1500
1775	1498
1774	1498
1774	1497
1773	1497
1773	1496
1772	1496
1772	1495
1771	1495
1771	1494
1770	1494
1770	1493
1769	1493
1769	1492
1766	1492
1766	1487
1765	1487
1765	1486
1764	1486
1764	1482
1763	1482
1763	1481
1758	1481
1758	1479
1757	1479
1757	1478
1753	1478
1753	1477
1752	1477
1752	1475
1751	1475
1751	1474
1750	1474
1750	1473
1749	1473
1749	1472
1748	1472
1748	1471
1747	1471
1747	1470
1744	1470
1744	1465
1743	1465
1743	1464
1740	1464
1740	1461
1741	1461
1741	1460
1740	1460
1740	1459
1739	1459
1739	1458
1738	1458
1738	1457
1737	1457
1737	1456
1736	1456
1736	1454
1735	1454
1735	1453
1733	1453
1733	1448
1731	1448
1731	1443
1730	1443
1730	1442
1728	1442
1728	1437
1727	1437
1727	1427
1726	1427
1726	1425
1723	1425
1723	1426
1720	1426
1720	1425
1718	1425
1718	1426
1715	1426
1715	1431
1714	1431
1714	1432
1713	1432
1713	1437
1712	1437
1712	1438
1710	1438
1710	1440
1708	1440
1708	1442
1705	1442
1705	1443
1704	1443
1704	1446
1703	1446
1703	1447
1702	1447
1702	1448
1700	1448
1700	1449
1699	1449
1699	1453
1696	1453
1696	1454
1695	1454
1695	1455
1694	1455
1694	1454
1692	1454
1692	1452
1691	1452
1691	1451
1686	1451
1686	1448
1684	1448
1684	1447
1683	1447
1683	1445
1681	1445
1681	1443
1680	1443
1680	1442
1676	1442
1676	1438
1675	1438
1675	1437
1674	1437
1674	1436
1673	1436
1673	1435
1672	1435
1672	1433
1671	1433
1671	1431
1668	1431
1668	1430
1667	1430
1667	1426
1666	1426
1666	1425
1664	1425
1664	1421
1663	1421
1663	1420
1659	1420
1659	1415
1657	1415
1657	1414
1655	1414
1655	1409
1653	1409
1653	1408
1652	1408
1652	1407
1653	1407
1653	1406
1652	1406
1652	1403
1650	1403
1650	1398
1648	1398
1648	1393
1647	1393
1647	1387
1644	1387
1644	1386
1635	1386
1635	1387
1633	1387
1633	1388
1632	1388
1632	1390
1631	1390
1631	1391
1629	1391
1629	1393
1628	1393
1628	1394
1627	1394
1627	1395
1626	1395
1626	1396
1625	1396
1625	1397
1624	1397
1624	1398
1621	1398
1621	1401
1620	1401
1620	1403
1618	1403
1618	1405
1617	1405
1617	1406
1614	1406
1614	1404
1613	1404
1613	1403
1609	1403
1609	1402
1608	1402
1608	1401
1603	1401
1603	1398
1602	1398
1602	1397
1601	1397
1601	1396
1600	1396
1600	1395
1599	1395
1599	1394
1598	1394
1598	1393
1597	1393
1597	1392
1595	1392
1595	1387
1592	1387
1592	1382
1591	1382
1591	1381
1588	1381
1588	1376
1586	1376
1586	1370
1582	1370
1582	1367
1581	1367
1581	1365
1578	1365
1578	1360
1577	1360
1577	1354
1575	1354
1575	1353
1572	1353
1572	1348
1571	1348
1571	1347
1570	1347
1570	1344
1571	1344
1571	1343
1570	1343
1570	1342
1569	1342
1569	1339
1570	1339
1570	1338
1569	1338
1569	1337
1567	1337
1567	1332
1566	1332
1566	1326
1565	1326
1565	1325
1564	1325
1564	1324
1565	1324
1565	1322
1564	1322
1564	1315
1551	1315
1551	1320
1546	1320
1546	1324
1541	1324
1541	1325
1540	1325
1540	1328
1535	1328
1535	1330
1534	1330
1534	1334
1529	1334
1529	1335
1528	1335
1528	1336
1527	1336
1527	1337
1523	1337
1523	1336
1522	1336
1522	1332
1521	1332
1521	1331
1518	1331
1518	1326
1515	1326
1515	1325
1514	1325
1514	1320
1511	1320
1511	1315
1509	1315
1509	1310
1508	1310
1508	1309
1506	1309
1506	1304
1504	1304
1504	1299
1503	1299
1503	1293
1500	1293
1500	1288
1499	1288
1499	1287
1498	1287
1498	1282
1497	1282
1497	1281
1495	1281
1495	1277
1494	1277
1494	1276
1492	1276
1492	1271
1491	1271
1491	1270
1489	1270
1489	1263
1488	1263
1488	1261
1487	1261
1487	1259
1486	1259
1486	1254
1484	1254
1484	1251
1483	1251
1483	1250
1484	1250
1484	1248
1483	1248
1483	1247
1484	1247
1484	1244
1483	1244
1483	1232
1482	1232
1482	1231
1471	1231
1471	1232
1468	1232
1468	1236
1464	1236
1464	1237
1462	1237
1462	1238
1461	1238
1461	1240
1459	1240
1459	1241
1458	1241
1458	1242
1457	1242
1457	1243
1453	1243
1453	1248
1447	1248
1447	1249
1446	1249
1446	1252
1445	1252
1445	1253
1444	1253
1444	1254
1440	1254
1440	1253
1439	1253
1439	1252
1437	1252
1437	1249
1436	1249
1436	1248
1435	1248
1435	1247
1434	1247
1434	1246
1433	1246
1433	1244
1432	1244
1432	1243
1431	1243
1431	1237
1428	1237
1428	1232
1427	1232
1427	1230
1426	1230
1426	1221
1425	1221
1425	1220
1423	1220
1423	1210
1421	1210
1421	1205
1420	1205
1420	1199
1418	1199
1418	1198
1417	1198
1417	1194
1416	1194
1416	1188
1415	1188
1415	1187
1414	1187
1414	1182
1412	1182
1412	1179
1411	1179
1411	1150
1410	1150
1410	1149
1407	1149
1407	1150
1406	1150
1406	1149
1402	1149
1402	1150
1401	1150
1401	1152
1400	1152
1400	1153
1399	1153
1399	1154
1396	1154
1396	1157
1393	1157
1393	1158
1391	1158
1391	1159
1390	1159
1390	1162
1385	1162
1385	1165
1381	1165
1381	1167
1380	1167
1380	1168
1381	1168
1381	1169
1380	1169
1380	1171
1374	1171
1374	1170
1373	1170
1373	1166
1372	1166
1372	1165
1370	1165
1370	1160
1367	1160
1367	1159
1366	1159
1366	1157
1367	1157
1367	1155
1366	1155
1366	1154
1365	1154
1365	1151
1364	1151
1364	1149
1361	1149
1361	1144
1360	1144
1360	1143
1359	1143
1359	1138
1358	1138
1358	1137
1357	1137
1357	1133
1356	1133
1356	1131
1355	1131
1355	1129
1356	1129
1356	1128
1355	1128
1355	1126
1354	1126
1354	1121
1353	1121
1353	1110
1351	1110
1351	1105
1350	1105
1350	1099
1348	1099
1348	1072
1347	1072
1347	1071
1336	1071
1336	1072
1335	1072
1335	1074
1334	1074
1334	1075
1333	1075
1333	1076
1331	1076
1331	1077
1329	1077
1329	1078
1328	1078
1328	1079
1327	1079
1327	1080
1326	1080
1326	1081
1325	1081
1325	1082
1324	1082
1324	1083
1323	1083
1323	1084
1322	1084
1322	1085
1321	1085
1321	1087
1317	1087
1317	1086
1315	1086
1315	1078
1314	1078
1314	1077
1313	1077
1313	1076
1312	1076
1312	1074
1311	1074
1311	1071
1310	1071
1310	1070
1309	1070
1309	1066
1308	1066
1308	1065
1291	1065
1291	1068
1289	1068
1289	1069
1288	1069
1288	1068
1287	1068
1287	1069
1281	1069
1281	1070
1275	1070
1275	1071
1274	1071
1274	1083
1275	1083
1275	1084
1280	1084
1280	1086
1284	1086
1284	1087
1285	1087
1285	1089
1286	1089
1286	1091
1288	1091
1288	1094
1289	1094
1289	1095
1294	1095
1294	1100
1295	1100
1295	1101
1297	1101
1297	1102
1296	1102
1296	1103
1297	1103
1297	1104
1296	1104
1296	1105
1297	1105
1297	1106
1302	1106
1302	1111
1303	1111
1303	1112
1305	1112
1305	1117
1306	1117
1306	1118
1307	1118
1307	1119
1308	1119
1308	1120
1307	1120
1307	1121
1308	1121
1308	1122
1309	1122
1309	1123
1311	1123
1311	1128
1313	1128
1313	1133
1314	1133
1314	1134
1318	1134
1318	1139
1319	1139
1319	1140
1322	1140
1322	1145
1324	1145
1324	1150
1327	1150
1327	1155
1328	1155
1328	1156
1329	1156
1329	1161
1330	1161
1330	1162
1332	1162
1332	1164
1333	1164
1333	1166
1332	1166
1332	1168
1333	1168
1333	1170
1332	1170
1332	1171
1333	1171
1333	1174
1332	1174
1332	1176
1330	1176
1330	1175
1329	1175
1329	1176
1328	1176
1328	1175
1320	1175
1320	1176
1299	1176
1299	1177
1296	1177
1296	1179
1291	1179
1291	1189
1298	1189
1298	1190
1301	1190
1301	1194
1302	1194
1302	1195
1304	1195
1304	1198
1305	1198
1305	1200
1307	1200
1307	1201
1308	1201
1308	1200
1309	1200
1309	1201
1310	1201
1310	1205
1311	1205
1311	1206
1313	1206
1313	1211
1317	1211
1317	1212
1318	1212
1318	1216
1319	1216
1319	1217
1321	1217
1321	1222
1323	1222
1323	1223
1324	1223
1324	1228
1329	1228
1329	1233
1330	1233
1330	1239
1335	1239
1335	1244
1336	1244
1336	1245
1338	1245
1338	1250
1341	1250
1341	1256
1342	1256
1342	1255
1343	1255
1343	1256
1344	1256
1344	1267
1345	1267
1345	1269
1344	1269
1344	1270
1345	1270
1345	1272
1346	1272
1346	1273
1344	1273
1344	1274
1341	1274
1341	1273
1318	1273
1318	1274
1317	1274
1317	1273
1314	1273
1314	1274
1308	1274
1308	1275
1307	1275
1307	1289
1308	1289
1308	1290
1309	1290
1309	1291
1310	1291
1310	1292
1311	1292
1311	1293
1312	1293
1312	1294
1313	1294
1313	1295
1318	1295
1318	1301
1319	1301
1319	1304
1318	1304
1318	1305
1320	1305
1320	1306
1321	1306
1321	1305
1322	1305
1322	1306
1324	1306
1324	1311
1327	1311
1327	1316
1328	1316
1328	1317
1332	1317
1332	1322
1333	1322
1333	1327
1334	1327
1334	1328
1337	1328
1337	1332
1338	1332
1338	1333
1339	1333
1339	1338
1340	1338
1340	1339
1341	1339
1341	1344
1345	1344
1345	1345
1346	1345
1346	1355
1347	1355
1347	1360
1348	1360
1348	1361
1349	1361
1349	1366
1348	1366
1348	1370
1347	1370
1347	1371
1346	1371
1346	1372
1345	1372
1345	1373
1344	1373
1344	1372
1331	1372
1331	1373
1313	1373
1313	1375
1312	1375
1312	1379
1313	1379
1313	1380
1312	1380
1312	1382
1313	1382
1313	1383
1314	1383
1314	1384
1318	1384
1318	1386
1319	1386
1319	1389
1323	1389
1323	1390
1324	1390
1324	1394
1330	1394
1330	1401
1335	1401
1335	1405
1336	1405
1336	1406
1337	1406
1337	1407
1339	1407
1339	1408
1340	1408
1340	1410
1341	1410
1341	1416
1344	1416
1344	1422
1346	1422
1346	1427
1349	1427
1349	1428
1350	1428
1350	1429
1349	1429
1349	1432
1350	1432
1350	1438
1351	1438
1351	1439
1352	1439
1352	1440
1351	1440
1351	1441
1352	1441
1352	1444
1353	1444
1353	1448
1352	1448
1352	1450
1351	1450
1351	1458
1329	1458
1329	1459
1308	1459
1308	1460
1307	1460
1307	1461
1308	1461
1308	1462
1307	1462
1307	1466
1308	1466
1308	1467
1307	1467
1307	1468
1308	1468
1308	1469
1313	1469
1313	1472
1316	1472
1316	1477
1320	1477
1320	1478
1321	1478
1321	1482
1322	1482
1322	1483
1324	1483
1324	1488
1326	1488
1326	1489
1328	1489
1328	1490
1329	1490
1329	1493
1330	1493
1330	1494
1332	1494
1332	1499
1333	1499
1333	1500
1335	1500
1335	1504
1336	1504
1336	1505
1338	1505
1338	1509
1339	1509
1339	1511
1340	1511
1340	1515
1341	1515
1341	1516
1342	1516
1342	1517
1343	1517
1343	1521
1344	1521
1344	1533
1345	1533
1345	1536
1344	1536
1344	1544
1342	1544
1342	1545
1339	1545
1339	1544
1331	1544
1331	1542
1305	1542
1305	1551
1306	1551
1306	1552
1307	1552
1307	1554
1308	1554
1308	1555
1310	1555
1310	1556
1311	1556
1311	1557
1312	1557
1312	1558
1313	1558
1313	1560
1315	1560
1315	1561
1316	1561
1316	1563
1317	1563
1317	1566
1319	1566
1319	1571
1324	1571
1324	1577
1327	1577
1327	1582
1328	1582
1328	1583
1329	1583
1329	1588
1330	1588
1330	1593
1332	1593
1332	1597
1333	1597
1333	1600
1334	1600
1334	1602
1333	1602
1333	1603
1334	1603
1334	1605
1335	1605
1335	1630
1333	1630
1333	1632
1332	1632
1332	1634
1333	1634
1333	1635
1332	1635
1332	1636
1330	1636
1330	1638
1329	1638
1329	1639
1326	1639
1326	1636
1319	1636
1319	1635
1313	1635
1313	1634
1312	1634
1312	1635
1304	1635
1304	1634
1302	1634
1302	1633
1297	1633
1297	1634
1294	1634
1294	1633
1292	1633
1292	1634
1288	1634
1288	1633
1287	1633
1287	1634
1285	1634
1285	1643
1287	1643
1287	1644
1288	1644
1288	1643
1290	1643
1290	1644
1291	1644
1291	1649
1294	1649
1294	1654
1295	1654
1295	1655
1296	1655
1296	1662
1297	1662
1297	1663
1296	1663
1296	1665
1297	1665
1297	1666
1298	1666
1298	1665
1299	1665
1299	1666
1300	1666
1300	1671
1301	1671
1301	1672
1302	1672
1302	1683
1303	1683
1303	1693
1304	1693
1304	1697
1302	1697
1302	1713
1300	1713
1300	1715
1299	1715
1299	1719
1297	1719
1297	1720
1296	1720
1296	1724
1292	1724
1292	1720
1290	1720
1290	1719
1286	1719
1286	1718
1285	1718
1285	1717
1284	1717
1284	1716
1283	1716
1283	1715
1282	1715
1282	1714
1279	1714
1279	1713
1278	1713
1278	1714
1277	1714
1277	1713
1276	1713
1276	1712
1275	1712
1275	1711
1271	1711
1271	1709
1270	1709
1270	1707
1265	1707
1265	1706
1261	1706
1261	1705
1257	1705
1257	1706
1255	1706
1255	1715
1256	1715
1256	1716
1257	1716
1257	1720
1258	1720
1258	1721
1261	1721
1261	1726
1262	1726
1262	1728
1263	1728
1263	1737
1264	1737
1264	1738
1266	1738
1266	1743
1268	1743
1268	1758
1269	1758
1269	1760
1271	1760
1271	1766
1272	1766
1272	1783
1271	1783
1271	1784
1272	1784
1272	1785
1271	1785
1271	1786
1270	1786
1270	1791
1269	1791
1269	1793
1268	1793
1268	1795
1269	1795
1269	1796
1268	1796
1268	1797
1266	1797
1266	1799
1265	1799
1265	1797
1259	1797
1259	1795
1253	1795
1253	1794
1248	1794
1248	1792
1247	1792
1247	1791
1243	1791
1243	1790
1233	1790
1233	1791
1232	1791
1232	1798
1233	1798
1233	1804
1235	1804
1235	1841
1234	1841
1234	1847
1233	1847
1233	1857
1232	1857
1232	1863
1230	1863
1230	1867
1229	1867
1229	1868
1230	1868
1230	1874
1229	1874
1229	1875
1228	1875
1228	1888
1227	1888
1227	1904
1226	1904
1226	1905
1227	1905
1227	1912
1226	1912
1226	1913
1225	1913
1225	1914
1224	1914
1224	1946
1223	1946
1223	1947
1222	1947
1222	1957
1221	1957
1221	1964
1220	1964
1220	1969
1219	1969
1219	1970
1218	1970
1218	1971
1219	1971
1219	1974
1218	1974
1218	1975
1219	1975
1219	1979
1218	1979
1218	1985
1217	1985
1217	1991
1216	1991
1216	1996
1214	1996
1214	1997
1213	1997
1213	2007
1211	2007
1211	2012
1210	2012
1210	2013
1208	2013
1208	2016
1207	2016
1207	2018
1206	2018
1206	2019
1205	2019
1205	2024
1204	2024
1204	2025
1206	2025
1206	2026
1204	2026
1204	2025
1202	2025
1202	2026
1201	2026
1201	2025
1202	2025
1202	2023
1201	2023
1201	2021
1200	2021
1200	2020
1199	2020
1199	2018
1195	2018
1195	2013
1193	2013
1193	2008
1190	2008
1190	2007
1189	2007
1189	2002
1188	2002
1188	2001
1187	2001
1187	2000
1188	2000
1188	1999
1187	1999
1187	1996
1184	1996
1184	1986
1183	1986
1183	1985
1182	1985
1182	1971
1181	1971
1181	1969
1180	1969
1180	1968
1179	1968
1179	1963
1177	1963
1177	1962
1176	1962
1176	1947
1175	1947
1175	1946
1173	1946
1173	1936
1172	1936
1172	1935
1171	1935
1171	1930
1170	1930
1170	1929
1168	1929
1168	1919
1167	1919
1167	1913
1165	1913
1165	1908
1164	1908
1164	1907
1163	1907
1163	1905
1160	1905
1160	1902
1161	1902
1161	1896
1160	1896
1160	1895
1161	1895
1161	1894
1160	1894
1160	1886
1159	1886
1159	1885
1157	1885
1157	1880
1156	1880
1156	1875
1155	1875
1155	1874
1154	1874
1154	1863
1152	1863
1152	1859
1151	1859
1151	1840
1150	1840
1150	1836
1149	1836
1149	1835
1148	1835
1148	1833
1149	1833
1149	1832
1148	1832
1148	1824
1146	1824
1146	1797
1145	1797
1145	1796
1146	1796
1146	1793
1148	1793
1148	1790
1149	1790
1149	1789
1148	1789
1148	1787
1149	1787
1149	1770
1148	1770
1148	1769
1137	1769
1137	1770
1136	1770
1136	1774
1131	1774
1131	1775
1130	1775
1130	1778
1129	1778
1129	1779
1125	1779
1125	1780
1124	1780
1124	1782
1123	1782
1123	1783
1122	1783
1122	1784
1121	1784
1121	1785
1120	1785
1120	1786
1118	1786
1118	1787
1117	1787
1117	1788
1116	1788
1116	1789
1114	1789
1114	1790
1113	1790
1113	1791
1108	1791
1108	1794
1104	1794
1104	1791
1101	1791
1101	1785
1100	1785
1100	1784
1101	1784
1101	1781
1100	1781
1100	1780
1099	1780
1099	1777
1098	1777
1098	1775
1097	1775
1097	1774
1096	1774
1096	1765
1097	1765
1097	1760
1098	1760
1098	1759
1099	1759
1099	1738
1100	1738
1100	1737
1101	1737
1101	1714
1092	1714
1092	1716
1091	1716
1091	1718
1087	1718
1087	1719
1086	1719
1086	1721
1085	1721
1085	1722
1083	1722
1083	1723
1082	1723
1082	1720
1081	1720
1081	1719
1077	1719
1077	1714
1075	1714
1075	1713
1074	1713
1074	1703
1072	1703
1072	1702
1071	1702
1071	1671
1073	1671
1073	1664
1074	1664
1074	1660
1076	1660
1076	1659
1077	1659
1077	1651
1076	1651
1076	1650
1064	1650
1064	1652
1063	1652
1063	1653
1058	1653
1058	1657
1056	1657
1056	1658
1055	1658
1055	1657
1054	1657
1054	1658
1053	1658
1053	1659
1051	1659
1051	1660
1050	1660
1050	1659
1049	1659
1049	1660
1047	1660
1047	1662
1046	1662
1046	1663
1045	1663
1045	1664
1042	1664
1042	1665
1041	1665
1041	1666
1038	1666
1038	1664
1037	1664
1037	1663
1036	1663
1036	1662
1035	1662
1035	1661
1032	1661
1032	1653
1030	1653
1030	1652
1029	1652
1029	1641
1028	1641
1028	1640
1029	1640
1029	1605
1030	1605
1030	1595
1031	1595
1031	1594
1032	1594
1032	1583
1033	1583
1033	1582
1034	1582
1034	1577
1035	1577
1035	1576
1036	1576
1036	1572
1039	1572
1039	1571
1040	1571
1040	1559
1030	1559
1030	1561
1024	1561
1024	1562
1023	1562
1023	1561
1020	1561
1020	1562
1018	1562
1018	1563
1016	1563
1016	1562
1015	1562
1015	1563
1014	1563
1014	1564
1008	1564
1008	1566
1003	1566
1003	1567
1002	1567
1002	1568
998	1568
998	1569
997	1569
997	1570
993	1570
993	1569
991	1569
991	1568
990	1568
990	1567
991	1567
991	1565
990	1565
990	1564
989	1564
989	1560
988	1560
988	1538
990	1538
990	1531
991	1531
991	1529
990	1529
990	1528
991	1528
991	1522
993	1522
993	1521
994	1521
994	1516
995	1516
995	1515
996	1515
996	1510
999	1510
999	1500
1001	1500
1001	1499
1002	1499
1002	1494
1005	1494
1005	1493
1006	1493
1006	1488
1007	1488
1007	1489
1009	1489
1009	1488
1010	1488
1010	1479
997	1479
997	1480
992	1480
992	1482
987	1482
987	1483
986	1483
986	1484
980	1484
980	1485
979	1485
979	1486
974	1486
974	1482
973	1482
973	1481
971	1481
971	1473
972	1473
972	1472
971	1472
971	1470
969	1470
969	1455
971	1455
971	1439
972	1439
972	1438
973	1438
973	1432
974	1432
974	1427
975	1427
975	1422
977	1422
977	1416
978	1416
978	1411
979	1411
979	1405
982	1405
982	1400
983	1400
983	1399
984	1399
984	1394
987	1394
987	1393
988	1393
988	1389
989	1389
989	1388
990	1388
990	1383
993	1383
993	1381
994	1381
994	1378
997	1378
997	1377
999	1377
999	1368
974	1368
974	1369
959	1369
959	1370
953	1370
953	1371
949	1371
949	1345
950	1345
950	1344
952	1344
952	1334
953	1334
953	1333
955	1333
955	1328
956	1328
956	1327
957	1327
957	1322
960	1322
960	1312
961	1312
961	1311
963	1311
963	1305
965	1305
965	1304
966	1304
966	1302
965	1302
965	1301
966	1301
966	1300
968	1300
968	1295
970	1295
970	1294
971	1294
971	1291
972	1291
972	1289
974	1289
974	1287
975	1287
975	1284
978	1284
978	1283
979	1283
979	1280
980	1280
980	1278
982	1278
982	1275
983	1275
983	1265
964	1265
964	1266
959	1266
959	1267
948	1267
948	1268
944	1268
944	1250
946	1250
946	1239
949	1239
949	1232
950	1232
950	1228
954	1228
954	1227
955	1227
955	1226
954	1226
954	1224
955	1224
955	1217
960	1217
960	1211
961	1211
961	1206
965	1206
965	1204
966	1204
966	1203
965	1203
965	1201
967	1201
967	1200
968	1200
968	1195
971	1195
971	1190
972	1190
972	1189
973	1189
973	1188
974	1188
974	1186
973	1186
973	1185
974	1185
974	1184
975	1184
975	1183
977	1183
977	1180
976	1180
976	1179
977	1179
977	1178
979	1178
979	1173
982	1173
982	1171
983	1171
983	1169
982	1169
982	1168
983	1168
983	1167
985	1167
985	1166
986	1166
986	1162
988	1162
988	1149
969	1149
969	1151
963	1151
963	1152
961	1152
961	1151
950	1151
950	1152
947	1152
947	1154
944	1154
944	1149
943	1149
943	1148
942	1148
942	1140
943	1140
943	1139
944	1139
944	1134
946	1134
946	1128
947	1128
947	1127
948	1127
948	1123
949	1123
949	1122
950	1122
950	1118
951	1118
951	1117
952	1117
952	1118
953	1118
953	1117
954	1117
954	1116
955	1116
955	1111
956	1111
956	1106
958	1106
958	1101
960	1101
960	1096
961	1096
961	1095
964	1095
964	1090
965	1090
965	1089
966	1089
966	1084
968	1084
968	1078
970	1078
970	1073
974	1073
974	1069
975	1069
975	1068
977	1068
977	1067
979	1067
979	1062
982	1062
982	1060
983	1060
983	1058
982	1058
982	1057
983	1057
983	1056
984	1056
984	1057
985	1057
985	1056
988	1056
988	1044
983	1044
983	1043
981	1043
981	1042
972	1042
972	1041
966	1041
966	1040
965	1040
965	1039
963	1039
963	1038
964	1038
964	1036
963	1036
963	1035
964	1035
964	1034
965	1034
965	1033
966	1033
966	1028
967	1028
967	1023
969	1023
969	1018
971	1018
971	1014
973	1014
973	1013
972	1013
972	1012
974	1012
974	1010
975	1010
975	1007
976	1007
976	1006
977	1006
977	1001
980	1001
980	996
981	996
981	995
982	995
982	994
983	994
983	992
982	992
982	991
983	991
983	990
984	990
984	988
985	988
985	984
987	984
987	983
988	983
988	975
989	975
989	973
990	973
990	970
991	970
991	967
993	967
993	962
995	962
995	961
996	961
996	956
997	956
997	951
999	951
999	950
1000	950
1000	945
1005	945
1005	944
1004	944
1004	942
1005	942
1005	941
1006	941
1006	940
1009	940
1009	939
1010	939
1010	932
1015	932
1015	930
1016	930
1016	921
1015	921
1015	920
1010	920
1010	919
998	919
998	920
994	920
994	916
991	916
991	912
993	912
993	911
994	911
994	901
997	901
997	896
998	896
998	895
999	895
999	890
1004	890
1004	884
1005	884
1005	883
1006	883
1006	882
1007	882
1007	881
1010	881
1010	879
1011	879
1011	874
1013	874
1013	868
1015	868
1015	867
1016	867
1016	863
1017	863
1017	862
1018	862
1018	856
1019	856
1019	854
1020	854
1020	851
1021	851
1021	848
1022	848
1022	847
1023	847
1023	841
1024	841
1024	840
1026	840
1026	839
1027	839
1027	835
1028	835
1028	834
1029	834
1029	829
1030	829
1030	823
1032	823
1032	818
1034	818
1034	813
1035	813
1035	808
1036	808
1036	807
1037	807
1037	806
1038	806
1038	801
1040	801
1040	796
1043	796
1043	790
1045	790
1045	786
1046	786
1046	784
1047	784
1047	776
1046	776
1046	775
1047	775
1047	772
1041	772
1041	763
1045	763
1045	761
1046	761
1046	756
1047	756
1047	752
1048	752
1048	751
1049	751
1049	747
1050	747
1050	746
1051	746
1051	742
1052	742
1052	741
1053	741
1053	740
1054	740
1054	739
1055	739
1055	736
1054	736
1054	735
1055	735
1055	734
1056	734
1056	732
1057	732
1057	730
1059	730
1059	729
1060	729
1060	723
1061	723
1061	718
1062	718
1062	712
1063	712
1063	709
1064	709
1064	707
1066	707
1066	701
1067	701
1067	696
1068	696
1068	695
1069	695
1069	691
1070	691
1070	690
1071	690
1071	683
1072	683
1072	682
1071	682
1071	680
1072	680
1072	679
1073	679
1073	671
1074	671
1074	668
1076	668
1076	661
1077	661
1077	640
1078	640
1078	638
1079	638
1079	637
1078	637
1078	635
1079	635
1079	623
1080	623
1080	619
1082	619
1082	606
1083	606
1083	602
1084	602
1084	597
1085	597
1085	586
1087	586
1087	585
1088	585
1088	579
1089	579
1089	574
1090	574
1090	572
1091	572
1091	570
1090	570
1090	569
1091	569
1091	556
1081	556
1081	557
1080	557
1080	563
1079	563
1079	564
1078	564
1078	567
1077	567
1077	572
1075	572
1075	573
1074	573
1074	577
1073	577
1073	580
1072	580
1072	582
1071	582
1071	583
1070	583
1070	584
1069	584
1069	586
1068	586
1068	587
1069	587
1069	588
1068	588
1068	589
1067	589
1067	594
1065	594
1065	595
1064	595
1064	598
1063	598
1063	601
1062	601
1062	604
1061	604
1061	605
1060	605
1060	606
1058	606
1058	611
1057	611
1057	613
1056	613
1056	616
1054	616
1054	617
1052	617
1052	622
1051	622
1051	623
1050	623
1050	628
1047	628
1047	633
1046	633
1046	634
1045	634
1045	639
1042	639
1042	644
1041	644
1041	645
1040	645
1040	650
1039	650
1039	655
1037	655
1037	656
1036	656
1036	661
1035	661
1035	662
1034	662
1034	672
1031	672
1031	674
1030	674
1030	683
1029	683
1029	694
1028	694
1028	700
1025	700
1025	705
1024	705
1024	712
1023	712
1023	717
1022	717
1022	722
1021	722
1021	723
1020	723
1020	728
1019	728
1019	735
1018	735
1018	744
1017	744
1017	783
1014	783
1014	790
1013	790
1013	791
1012	791
1012	792
1011	792
1011	793
1010	793
1010	794
1007	794
1007	792
1006	792
1006	791
1005	791
1005	790
1004	790
1004	788
1003	788
1003	787
1002	787
1002	788
1001	788
1001	787
1000	787
1000	786
999	786
999	783
997	783
997	782
996	782
996	780
986	780
986	801
987	801
987	805
986	805
986	822
985	822
985	823
984	823
984	839
983	839
983	889
984	889
984	910
981	910
981	911
980	911
980	921
975	921
975	920
974	920
974	919
973	919
973	918
974	918
974	917
972	917
972	916
971	916
971	914
970	914
970	913
969	913
969	914
966	914
966	911
965	911
965	910
960	910
960	907
959	907
959	906
951	906
951	907
950	907
950	917
951	917
951	922
952	922
952	924
953	924
953	976
952	976
952	977
951	977
951	995
952	995
952	996
953	996
953	1016
951	1016
951	1021
950	1021
950	1023
949	1023
949	1027
947	1027
947	1030
945	1030
945	1032
944	1032
944	1031
943	1031
943	1030
941	1030
941	1029
940	1029
940	1028
938	1028
938	1025
933	1025
933	1024
932	1024
932	1023
927	1023
927	1020
925	1020
925	1019
924	1019
924	1020
922	1020
922	1019
921	1019
921	1016
912	1016
912	1017
911	1017
911	1028
912	1028
912	1030
913	1030
913	1031
912	1031
912	1036
913	1036
913	1037
912	1037
912	1039
914	1039
914	1049
913	1049
913	1056
912	1056
912	1058
913	1058
913	1059
912	1059
912	1061
911	1061
911	1071
909	1071
909	1077
908	1077
908	1094
907	1094
907	1099
906	1099
906	1103
905	1103
905	1104
906	1104
906	1110
905	1110
905	1115
904	1115
904	1116
903	1116
903	1121
902	1121
902	1126
901	1126
901	1127
900	1127
900	1132
898	1132
898	1133
897	1133
897	1137
895	1137
895	1138
893	1138
893	1141
890	1141
890	1140
888	1140
888	1136
883	1136
883	1134
881	1134
881	1133
880	1133
880	1134
878	1134
878	1133
877	1133
877	1132
876	1132
876	1131
875	1131
875	1130
874	1130
874	1129
873	1129
873	1128
865	1128
865	1129
864	1129
864	1165
863	1165
863	1176
862	1176
862	1178
861	1178
861	1181
862	1181
862	1184
861	1184
861	1200
862	1200
862	1203
861	1203
861	1204
859	1204
859	1205
858	1205
858	1207
859	1207
859	1209
858	1209
858	1215
856	1215
856	1220
854	1220
854	1221
853	1221
853	1226
851	1226
851	1228
850	1228
850	1230
851	1230
851	1231
849	1231
849	1232
848	1232
848	1233
847	1233
847	1235
844	1235
844	1236
842	1236
842	1235
840	1235
840	1233
839	1233
839	1232
838	1232
838	1229
833	1229
833	1227
832	1227
832	1226
827	1226
827	1223
814	1223
814	1249
813	1249
813	1254
812	1254
812	1259
811	1259
811	1265
809	1265
809	1267
808	1267
808	1268
809	1268
809	1270
807	1270
807	1271
806	1271
806	1283
805	1283
805	1285
806	1285
806	1286
805	1286
805	1287
804	1287
804	1288
803	1288
803	1292
802	1292
802	1293
801	1293
801	1295
800	1295
800	1296
801	1296
801	1298
798	1298
798	1299
797	1299
797	1300
796	1300
796	1301
795	1301
795	1303
794	1303
794	1304
793	1304
793	1303
791	1303
791	1302
788	1302
788	1301
783	1301
783	1299
782	1299
782	1298
777	1298
777	1297
772	1297
772	1295
770	1295
770	1294
769	1294
769	1295
759	1295
759	1305
760	1305
760	1306
762	1306
762	1326
761	1326
761	1331
760	1331
760	1332
759	1332
759	1342
758	1342
758	1343
757	1343
757	1348
756	1348
756	1352
755	1352
755	1354
753	1354
753	1360
752	1360
752	1364
751	1364
751	1365
749	1365
749	1364
748	1364
748	1370
746	1370
746	1371
745	1371
745	1376
742	1376
742	1378
741	1378
741	1379
740	1379
740	1380
739	1380
739	1381
737	1381
737	1384
735	1384
735	1383
734	1383
734	1382
733	1382
733	1379
728	1379
728	1377
727	1377
727	1376
725	1376
725	1375
724	1375
724	1376
723	1376
723	1375
722	1375
722	1373
716	1373
716	1372
717	1372
717	1369
716	1369
716	1368
704	1368
704	1369
703	1369
703	1383
704	1383
704	1393
703	1393
703	1403
702	1403
702	1410
701	1410
701	1414
698	1414
698	1421
697	1421
697	1425
696	1425
696	1427
695	1427
695	1431
693	1431
693	1432
692	1432
692	1433
693	1433
693	1434
692	1434
692	1435
693	1435
693	1437
692	1437
692	1441
691	1441
691	1442
690	1442
690	1447
689	1447
689	1448
686	1448
686	1453
682	1453
682	1454
681	1454
681	1457
678	1457
678	1456
677	1456
677	1457
675	1457
675	1456
674	1456
674	1453
672	1453
672	1451
667	1451
667	1447
666	1447
666	1446
661	1446
661	1442
656	1442
656	1440
655	1440
655	1439
650	1439
650	1434
637	1434
637	1460
636	1460
636	1465
635	1465
635	1468
636	1468
636	1469
635	1469
635	1471
634	1471
634	1475
632	1475
632	1476
631	1476
631	1481
629	1481
629	1486
628	1486
628	1487
626	1487
626	1492
625	1492
625	1493
624	1493
624	1497
622	1497
622	1498
620	1498
620	1503
619	1503
619	1504
618	1504
618	1508
617	1508
617	1509
615	1509
615	1514
614	1514
614	1515
613	1515
613	1517
612	1517
612	1518
611	1518
611	1520
609	1520
609	1523
608	1523
608	1524
607	1524
607	1525
605	1525
605	1526
604	1526
604	1529
603	1529
603	1530
601	1530
601	1531
598	1531
598	1535
593	1535
593	1538
592	1538
592	1539
590	1539
590	1538
589	1538
589	1537
586	1537
586	1536
585	1536
585	1531
583	1531
583	1530
578	1530
578	1525
563	1525
563	1526
562	1526
562	1542
560	1542
560	1547
559	1547
559	1548
558	1548
558	1553
554	1553
554	1559
552	1559
552	1565
551	1565
551	1570
548	1570
548	1575
546	1575
546	1580
545	1580
545	1581
543	1581
543	1582
542	1582
542	1583
541	1583
541	1585
540	1585
540	1586
538	1586
538	1587
537	1587
537	1588
536	1588
536	1589
534	1589
534	1590
533	1590
533	1592
532	1592
532	1593
531	1593
531	1594
526	1594
526	1595
524	1595
524	1596
521	1596
521	1597
519	1597
519	1595
520	1595
520	1594
519	1594
519	1587
517	1587
517	1586
515	1586
515	1585
514	1585
514	1581
509	1581
509	1580
508	1580
508	1579
509	1579
509	1577
508	1577
508	1575
506	1575
506	1570
493	1570
493	1575
492	1575
492	1577
491	1577
491	1579
492	1579
492	1580
491	1580
491	1582
490	1582
490	1584
491	1584
491	1585
490	1585
490	1586
487	1586
487	1588
486	1588
486	1592
483	1592
483	1597
481	1597
481	1598
479	1598
479	1603
476	1603
476	1604
475	1604
475	1607
476	1607
476	1608
472	1608
472	1609
471	1609
471	1614
466	1614
466	1615
465	1615
465	1622
462	1622
462	1623
460	1623
460	1625
452	1625
452	1620
443	1620
443	1630
436	1630
436	1631
435	1631
435	1636
432	1636
432	1638
430	1638
430	1640
429	1640
429	1641
427	1641
427	1643
426	1643
426	1645
425	1645
425	1646
424	1646
424	1647
422	1647
422	1648
421	1648
421	1653
417	1653
417	1657
416	1657
416	1658
410	1658
410	1663
405	1663
405	1664
404	1664
404	1666
403	1666
403	1667
402	1667
402	1668
401	1668
401	1669
399	1669
399	1670
398	1670
398	1671
397	1671
397	1672
396	1672
396	1673
395	1673
395	1674
394	1674
394	1675
393	1675
393	1678
392	1678
392	1679
391	1679
391	1680
388	1680
388	1682
387	1682
387	1684
386	1684
386	1683
385	1683
385	1686
383	1686
383	1687
382	1687
382	1691
378	1691
378	1692
376	1692
376	1697
371	1697
371	1700
369	1700
369	1702
367	1702
367	1703
365	1703
365	1708
363	1708
363	1709
362	1709
362	1710
360	1710
360	1711
358	1711
358	1713
357	1713
357	1714
355	1714
355	1719
350	1719
350	1720
349	1720
349	1724
348	1724
348	1725
344	1725
344	1726
343	1726
343	1728
338	1728
338	1730
330	1730
330	1725
329	1725
329	1716
331	1716
331	1709
332	1709
332	1704
335	1704
335	1703
334	1703
334	1694
335	1694
335	1688
339	1688
339	1683
340	1683
340	1677
342	1677
342	1672
343	1672
343	1671
345	1671
345	1666
347	1666
347	1665
348	1665
348	1660
351	1660
351	1654
352	1654
352	1649
354	1649
354	1644
356	1644
356	1643
357	1643
357	1638
361	1638
361	1637
362	1637
362	1631
363	1631
363	1627
367	1627
367	1620
368	1620
368	1616
369	1616
369	1615
370	1615
370	1611
371	1611
371	1610
373	1610
373	1605
374	1605
374	1600
375	1600
375	1599
378	1599
378	1594
379	1594
379	1593
381	1593
381	1587
382	1587
382	1583
385	1583
385	1582
386	1582
386	1577
387	1577
387	1572
389	1572
389	1571
390	1571
390	1566
391	1566
391	1565
392	1565
392	1560
395	1560
395	1555
396	1555
396	1554
397	1554
397	1549
400	1549
400	1544
401	1544
401	1539
402	1539
402	1538
403	1538
403	1533
406	1533
406	1527
407	1527
407	1523
408	1523
408	1521
409	1521
409	1522
410	1522
410	1521
412	1521
412	1511
413	1511
413	1510
415	1510
415	1505
417	1505
417	1504
418	1504
418	1503
417	1503
417	1500
419	1500
419	1499
422	1499
422	1497
423	1497
423	1496
422	1496
422	1495
423	1495
423	1494
424	1494
424	1492
425	1492
425	1490
426	1490
426	1489
427	1489
427	1488
429	1488
429	1487
430	1487
430	1483
434	1483
434	1482
435	1482
435	1478
437	1478
437	1477
438	1477
438	1478
439	1478
439	1476
440	1476
440	1473
439	1473
439	1472
440	1472
440	1469
439	1469
439	1468
440	1468
440	1467
439	1467
439	1466
440	1466
440	1465
437	1465
437	1464
436	1464
436	1465
435	1465
435	1464
423	1464
423	1463
406	1463
406	1462
395	1462
395	1461
390	1461
390	1450
391	1450
391	1449
392	1449
392	1444
393	1444
393	1439
395	1439
395	1438
396	1438
396	1433
397	1433
397	1432
398	1432
398	1428
399	1428
399	1427
401	1427
401	1422
405	1422
405	1421
406	1421
406	1417
407	1417
407	1416
409	1416
409	1411
411	1411
411	1410
412	1410
412	1405
417	1405
417	1399
418	1399
418	1395
422	1395
422	1394
423	1394
423	1390
428	1390
428	1387
429	1387
429	1386
430	1386
430	1385
431	1385
431	1384
432	1384
432	1383
434	1383
434	1380
435	1380
435	1379
439	1379
439	1377
445	1377
445	1372
451	1372
451	1358
450	1358
450	1357
445	1357
445	1354
438	1354
438	1353
433	1353
433	1352
428	1352
428	1351
423	1351
423	1348
412	1348
412	1339
414	1339
414	1333
417	1333
417	1327
418	1327
418	1323
419	1323
419	1322
423	1322
423	1316
426	1316
426	1317
427	1317
427	1316
428	1316
428	1311
433	1311
433	1310
434	1310
434	1305
439	1305
439	1300
444	1300
444	1299
445	1299
445	1295
450	1295
450	1293
451	1293
451	1291
456	1291
456	1289
457	1289
457	1288
458	1288
458	1287
459	1287
459	1286
460	1286
460	1285
461	1285
461	1284
467	1284
467	1281
468	1281
468	1280
473	1280
473	1278
478	1278
478	1277
479	1277
479	1269
478	1269
478	1265
473	1265
473	1264
472	1264
472	1263
471	1263
471	1262
467	1262
467	1260
466	1260
466	1259
462	1259
462	1257
461	1257
461	1256
456	1256
456	1253
455	1253
455	1252
450	1252
450	1251
445	1251
445	1240
449	1240
449	1239
450	1239
450	1234
451	1234
451	1233
456	1233
456	1228
461	1228
461	1224
462	1224
462	1222
467	1222
467	1217
472	1217
472	1215
473	1215
473	1213
477	1213
477	1212
478	1212
478	1211
480	1211
480	1210
481	1210
481	1208
483	1208
483	1207
484	1207
484	1206
488	1206
488	1205
489	1205
489	1200
494	1200
494	1199
495	1199
495	1195
499	1195
499	1194
500	1194
500	1193
501	1193
501	1192
502	1192
502	1193
504	1193
504	1192
506	1192
506	1190
508	1190
508	1189
517	1189
517	1187
518	1187
518	1185
517	1185
517	1184
518	1184
518	1182
517	1182
517	1181
518	1181
518	1179
517	1179
517	1177
516	1177
516	1176
511	1176
511	1171
506	1171
506	1170
504	1170
504	1169
502	1169
502	1168
501	1168
501	1167
500	1167
500	1165
495	1165
495	1163
490	1163
490	1162
489	1162
489	1160
486	1160
486	1156
485	1156
485	1154
484	1154
484	1151
489	1151
489	1150
494	1150
494	1149
495	1149
495	1140
500	1140
500	1139
506	1139
506	1134
511	1134
511	1128
517	1128
517	1123
522	1123
522	1122
523	1122
523	1120
524	1120
524	1121
527	1121
527	1120
528	1120
528	1117
533	1117
533	1115
534	1115
534	1113
533	1113
533	1112
539	1112
539	1110
541	1110
541	1109
546	1109
546	1108
550	1108
550	1105
551	1105
551	1104
555	1104
555	1103
557	1103
557	1102
556	1102
556	1092
555	1092
555	1091
553	1091
553	1090
552	1090
552	1088
550	1088
550	1085
545	1085
545	1083
544	1083
544	1082
542	1082
542	1081
537	1081
537	1080
536	1080
536	1077
537	1077
537	1073
539	1073
539	1072
540	1072
540	1068
545	1068
545	1067
548	1067
548	1062
551	1062
551	1061
552	1061
552	1062
555	1062
555	1061
556	1061
556	1058
555	1058
555	1057
556	1057
556	1056
561	1056
561	1051
566	1051
566	1050
567	1050
567	1045
578	1045
578	1039
583	1039
583	1035
584	1035
584	1034
589	1034
589	1029
600	1029
600	1028
602	1028
602	1029
603	1029
603	1028
605	1028
605	1027
606	1027
606	1025
611	1025
611	1011
610	1011
610	1010
605	1010
605	1009
604	1009
604	1008
602	1008
602	1006
601	1006
601	1005
599	1005
599	1004
594	1004
594	1003
595	1003
595	1001
597	1001
597	1000
598	1000
598	987
593	987
593	986
592	986
592	985
591	985
591	984
590	984
590	982
589	982
589	980
590	980
590	978
589	978
589	977
586	977
586	971
584	971
584	965
583	965
583	966
581	966
581	965
580	965
580	963
581	963
581	961
579	961
579	960
571	960
571	961
570	961
570	966
568	966
568	971
566	971
566	972
565	972
565	977
564	977
564	978
563	978
563	982
560	982
560	984
559	984
559	988
558	988
558	989
557	989
557	990
556	990
556	991
555	991
555	992
554	992
554	994
553	994
553	995
552	995
552	996
551	996
551	997
550	997
550	998
549	998
549	999
548	999
548	1002
547	1002
547	1003
546	1003
546	1004
543	1004
543	1006
542	1006
542	1008
541	1008
541	1009
540	1009
540	1010
538	1010
538	1012
537	1012
537	1016
532	1016
532	1021
527	1021
527	1022
526	1022
526	1024
525	1024
525	1025
524	1025
524	1026
523	1026
523	1027
521	1027
521	1029
520	1029
520	1030
521	1030
521	1031
516	1031
516	1032
515	1032
515	1033
514	1033
514	1034
513	1034
513	1033
511	1033
511	1032
508	1032
508	1022
507	1022
507	1021
504	1021
504	1016
502	1016
502	1010
488	1010
488	1011
487	1011
487	1016
485	1016
485	1021
482	1021
482	1024
481	1024
481	1025
480	1025
480	1026
478	1026
478	1027
476	1027
476	1028
475	1028
475	1030
476	1030
476	1031
475	1031
475	1032
471	1032
471	1035
470	1035
470	1037
466	1037
466	1039
465	1039
465	1041
464	1041
464	1042
463	1042
463	1043
459	1043
459	1044
460	1044
460	1046
459	1046
459	1047
460	1047
460	1048
459	1048
459	1049
454	1049
454	1052
453	1052
453	1053
452	1053
452	1054
449	1054
449	1056
448	1056
448	1057
447	1057
447	1058
446	1058
446	1059
445	1059
445	1060
443	1060
443	1062
442	1062
442	1063
438	1063
438	1064
437	1064
437	1065
432	1065
432	1066
429	1066
429	1065
426	1065
426	1053
425	1053
425	1044
424	1044
424	1043
423	1043
423	1039
422	1039
422	1038
413	1038
413	1037
412	1037
412	1038
410	1038
410	1039
409	1039
409	1041
407	1041
407	1042
406	1042
406	1043
405	1043
405	1044
404	1044
404	1045
403	1045
403	1046
402	1046
402	1047
401	1047
401	1048
400	1048
400	1049
399	1049
399	1050
397	1050
397	1052
396	1052
396	1053
395	1053
395	1054
394	1054
394	1055
393	1055
393	1056
392	1056
392	1057
391	1057
391	1058
389	1058
389	1060
382	1060
382	1065
377	1065
377	1067
376	1067
376	1068
370	1068
370	1069
369	1069
369	1070
368	1070
368	1071
364	1071
364	1072
363	1072
363	1073
362	1073
362	1074
361	1074
361	1075
360	1075
360	1076
350	1076
350	1077
349	1077
349	1079
347	1079
347	1078
346	1078
346	1079
345	1079
345	1071
342	1071
342	1065
332	1065
332	1066
331	1066
331	1071
327	1071
327	1073
326	1073
326	1074
325	1074
325	1075
324	1075
324	1076
323	1076
323	1077
322	1077
322	1078
321	1078
321	1081
319	1081
319	1082
316	1082
316	1084
315	1084
315	1087
310	1087
310	1088
308	1088
308	1090
307	1090
307	1091
305	1091
305	1093
299	1093
299	1096
294	1096
294	1097
284	1097
284	1096
279	1096
279	1068
278	1068
278	1067
272	1067
272	1068
271	1068
271	1067
267	1067
267	1068
266	1068
266	1071
261	1071
261	1072
260	1072
260	1073
259	1073
259	1074
258	1074
258	1075
257	1075
257	1076
256	1076
256	1077
255	1077
255	1079
249	1079
249	1080
247	1080
247	1081
246	1081
246	1080
245	1080
245	1081
244	1081
244	1082
238	1082
238	1083
237	1083
237	1084
236	1084
236	1085
235	1085
235	1086
234	1086
234	1087
233	1087
233	1088
227	1088
227	1091
222	1091
222	1092
221	1092
221	1093
216	1093
216	1096
211	1096
211	1098
207	1098
207	1099
204	1099
204	1101
203	1101
203	1102
202	1102
202	1103
201	1103
201	1104
200	1104
200	1105
199	1105
199	1106
194	1106
194	1109
188	1109
188	1111
184	1111
184	1112
183	1112
183	1113
182	1113
182	1115
179	1115
179	1114
178	1114
178	1116
177	1116
177	1118
172	1118
172	1120
171	1120
171	1121
167	1121
167	1122
166	1122
166	1126
164	1126
164	1125
163	1125
163	1126
161	1126
161	1127
160	1127
160	1128
156	1128
156	1129
155	1129
155	1132
150	1132
150	1134
149	1134
149	1137
144	1137
144	1138
138	1138
138	1141
133	1141
133	1143
128	1143
128	1144
127	1144
127	1146
122	1146
122	1147
117	1147
117	1148
116	1148
116	1149
112	1149
112	1148
110	1148
110	1144
111	1144
111	1140
114	1140
114	1139
115	1139
115	1134
118	1134
118	1131
120	1131
120	1130
121	1130
121	1129
122	1129
122	1128
124	1128
124	1123
126	1123
126	1122
127	1122
127	1118
128	1118
128	1117
129	1117
129	1112
134	1112
134	1111
135	1111
135	1106
140	1106
140	1101
141	1101
141	1096
142	1096
142	1095
144	1095
144	1090
147	1090
147	1089
151	1089
151	1083
152	1083
152	1082
156	1082
156	1081
157	1081
157	1078
159	1078
159	1073
162	1073
162	1072
163	1072
163	1068
164	1068
164	1067
167	1067
167	1066
168	1066
168	1062
173	1062
173	1056
178	1056
178	1055
179	1055
179	1051
184	1051
184	1045
190	1045
190	1042
195	1042
195	1041
196	1041
196	1040
195	1040
195	1032
190	1032
190	1027
185	1027
185	1025
186	1025
186	1024
187	1024
187	1023
190	1023
190	1018
191	1018
191	1017
196	1017
196	1012
200	1012
200	1011
201	1011
201	1008
206	1008
206	1007
207	1007
207	1004
212	1004
212	1001
217	1001
217	1000
218	1000
218	996
223	996
223	995
228	995
228	994
229	994
229	990
234	990
234	989
235	989
235	985
240	985
240	984
251	984
251	981
252	981
252	976
251	976
251	974
250	974
250	973
248	973
248	974
247	974
247	973
246	973
246	972
245	972
245	971
240	971
240	970
239	970
239	969
234	969
234	968
233	968
233	967
229	967
229	966
228	966
228	965
222	965
222	964
223	964
223	963
222	963
222	962
223	962
223	958
224	958
224	957
226	957
226	955
227	955
227	951
229	951
229	948
234	948
234	947
235	947
235	941
239	941
239	940
240	940
240	938
245	938
245	937
246	937
246	935
251	935
251	934
253	934
253	929
267	929
267	928
268	928
268	926
272	926
272	925
274	925
274	924
279	924
279	923
284	923
284	920
285	920
285	917
284	917
284	915
285	915
285	914
279	914
279	911
278	911
278	910
273	910
273	905
266	905
266	904
265	904
265	901
264	901
264	898
266	898
266	897
268	897
268	895
269	895
269	894
270	894
270	892
272	892
272	891
273	891
273	890
278	890
278	889
279	889
279	884
284	884
284	879
289	879
289	878
290	878
290	874
295	874
295	873
301	873
301	868
306	868
306	863
308	863
308	862
309	862
309	863
311	863
311	862
317	862
317	861
318	861
318	858
323	858
323	857
333	857
333	856
334	856
334	854
335	854
335	853
337	853
337	854
338	854
338	853
340	853
340	851
341	851
341	852
342	852
342	851
343	851
343	852
345	852
345	840
346	840
346	839
345	839
345	838
340	838
340	833
335	833
335	832
334	832
334	827
333	827
333	826
332	826
332	825
331	825
331	824
330	824
330	823
329	823
329	822
328	822
328	821
327	821
327	820
326	820
326	819
325	819
325	818
326	818
326	813
328	813
328	812
334	812
334	807
339	807
339	806
340	806
340	804
345	804
345	803
350	803
350	802
351	802
351	801
356	801
356	800
357	800
357	796
378	796
378	794
383	794
383	793
384	793
384	792
400	792
400	793
411	793
411	792
412	792
412	791
413	791
413	789
414	789
414	779
413	779
413	778
412	778
412	777
409	777
409	775
410	775
410	773
409	773
409	772
407	772
407	771
406	771
406	766
401	766
401	761
398	761
398	760
397	760
397	757
401	757
401	752
406	752
406	751
411	751
411	750
412	750
412	748
417	748
417	747
418	747
418	746
428	746
428	744
429	744
429	743
428	743
428	742
429	742
429	741
440	741
440	740
445	740
445	738
451	738
451	736
452	736
452	735
453	735
453	736
455	736
455	735
486	735
486	722
484	722
484	721
483	721
483	720
484	720
484	719
483	719
483	718
484	718
484	717
479	717
479	715
478	715
478	711
477	711
477	709
476	709
476	708
475	708
475	706
476	706
476	702
479	702
479	701
480	701
480	702
481	702
481	701
482	701
482	702
483	702
483	701
484	701
484	696
517	696
517	694
522	694
522	693
523	693
523	691
547	691
547	692
549	692
549	691
554	691
554	696
569	696
569	684
568	684
568	683
562	683
562	677
561	677
561	672
559	672
559	669
558	669
558	667
556	667
556	665
557	665
557	666
560	666
560	665
562	665
562	663
572	663
572	662
573	662
573	661
578	661
578	658
584	658
584	657
592	657
592	658
633	658
633	659
637	659
637	660
638	660
638	661
649	661
649	660
650	660
650	651
649	651
649	650
645	650
645	645
644	645
644	644
641	644
641	641
642	641
642	640
641	640
641	639
640	639
640	638
639	638
639	636
644	636
644	635
651	635
651	634
661	634
661	632
664	632
664	631
666	631
666	630
667	630
667	631
676	631
676	632
699	632
699	631
700	631
700	630
744	630
744	617
742	617
742	616
741	616
741	613
740	613
740	612
739	612
739	607
749	607
749	602
760	602
760	601
761	601
761	600
772	600
772	599
773	599
773	598
775	598
775	597
792	597
792	596
794	596
794	594
799	594
799	593
800	593
800	591
810	591
810	590
811	590
811	589
816	589
816	588
826	588
826	587
827	587
827	586
828	586
828	585
830	585
830	586
837	586
837	585
839	585
839	584
840	584
840	583
841	583
841	581
842	581
842	582
850	582
850	583
860	583
860	582
863	582
863	583
865	583
865	582
866	582
866	573
865	573
865	572
863	572
863	570
861	570
861	563
871	563
871	562
872	562
872	561
893	561
893	560
910	560
910	559
915	559
915	558
921	558
921	557
922	557
922	556
926	556
926	555
931	555
931	554
933	554
933	553
938	553
938	552
943	552
943	550
949	550
949	549
954	549
954	548
955	548
955	547
959	547
959	546
960	546
960	544
966	544
966	543
971	543
971	542
976	542
976	541
982	541
982	540
983	540
983	538
993	538
993	537
994	537
994	536
999	536
999	535
1004	535
1004	532
1010	532
1010	530
1011	530
1011	527
1010	527
1010	526
1011	526
1011	523
1010	523
1010	522
992	522
992	523
981	523
981	525
971	525
971	526
964	526
964	527
954	527
954	528
948	528
948	529
947	529
947	530
943	530
943	531
937	531
937	532
936	532
936	533
935	533
935	532
932	532
932	533
929	533
929	534
928	534
928	533
926	533
926	534
925	534
925	535
915	535
915	536
913	536
913	537
903	537
903	538
893	538
893	539
887	539
887	540
886	540
886	541
884	541
884	542
883	542
883	541
872	541
872	540
871	540
871	539
869	539
869	538
868	538
868	537
869	537
869	535
870	535
870	526
858	526
858	530
853	530
853	531
843	531
843	532
842	532
842	533
841	533
841	534
840	534
840	533
838	533
838	534
837	534
837	533
834	533
834	534
833	534
833	533
831	533
831	536
825	536
825	537
819	537
819	538
814	538
814	539
792	539
792	541
787	541
787	543
782	543
782	544
781	544
781	545
777	545
777	544
776	544
776	545
775	545
775	546
771	546
771	547
761	547
761	545
758	545
758	544
757	544
757	536
758	536
758	535
757	535
757	534
758	534
758	533
757	533
757	532
758	532
758	531
757	531
757	528
748	528
748	529
747	529
747	530
746	530
746	531
745	531
745	532
744	532
744	533
740	533
740	534
739	534
739	533
737	533
737	534
736	534
736	535
729	535
729	536
720	536
720	537
709	537
709	538
704	538
704	539
693	539
693	540
692	540
692	541
689	541
689	540
688	540
688	539
665	539
665	536
666	536
666	530
668	530
668	525
669	525
669	511
654	511
654	513
649	513
649	514
605	514
605	513
600	513
600	512
599	512
599	511
594	511
594	510
589	510
589	509
584	509
584	508
583	508
583	507
584	507
584	502
586	502
586	497
588	497
588	496
589	496
589	486
588	486
588	485
578	485
578	486
576	486
576	487
566	487
566	488
565	488
565	489
561	489
561	488
539	488
539	487
528	487
528	486
523	486
523	484
522	484
522	483
519	483
519	484
517	484
517	483
516	483
516	482
511	482
511	481
506	481
506	478
498	478
498	473
495	473
495	469
500	469
500	467
501	467
501	463
503	463
503	458
506	458
506	445
494	445
494	444
489	444
489	443
482	443
482	442
480	442
480	443
479	443
479	442
473	442
473	440
472	440
472	439
467	439
467	437
462	437
462	435
461	435
461	434
456	434
456	433
455	433
455	432
453	432
453	433
452	433
452	432
451	432
451	429
450	429
450	428
444	428
444	427
440	427
440	426
439	426
439	425
434	425
434	423
429	423
429	422
428	422
428	421
427	421
427	420
423	420
423	419
424	419
424	418
423	418
423	417
417	417
417	414
415	414
415	413
414	413
414	414
413	414
413	413
412	413
412	412
413	412
413	411
414	411
414	410
415	410
415	409
416	409
416	408
420	408
420	406
421	406
421	405
420	405
420	404
421	404
421	403
422	403
422	402
423	402
423	399
427	399
427	398
428	398
428	396
429	396
429	395
428	395
428	394
429	394
429	386
428	386
428	383
418	383
418	381
417	381
417	379
416	379
416	378
412	378
412	377
411	377
411	376
406	376
406	373
401	373
401	371
400	371
400	370
396	370
396	369
395	369
395	366
393	366
393	365
392	365
392	364
391	364
391	362
384	362
384	357
383	357
383	356
379	356
379	355
378	355
378	353
373	353
373	351
371	351
371	350
370	350
370	349
369	349
369	348
368	348
368	346
367	346
367	344
362	344
362	340
361	340
361	339
359	339
359	340
358	340
358	339
356	339
356	334
351	334
351	331
345	331
345	329
343	329
343	324
342	324
342	323
339	323
339	321
337	321
337	320
336	320
336	318
334	318
334	316
333	316
333	315
330	315
330	316
329	316
329	313
328	313
328	312
323	312
323	307
322	307
322	306
316	306
316	305
315	305
315	304
314	304
314	303
313	303
313	302
312	302
312	300
311	300
311	299
309	299
309	298
308	298
308	296
307	296
307	295
306	295
306	294
301	294
301	290
299	290
299	289
298	289
298	288
297	288
297	287
296	287
296	285
295	285
295	279
293	279
293	278
292	278
292	270
302	270
302	269
304	269
304	270
321	270
321	271
322	271
322	272
327	272
327	275
343	275
343	278
348	278
348	279
349	279
349	280
360	280
360	282
361	282
361	283
366	283
366	284
371	284
371	286
382	286
382	287
387	287
387	288
393	288
393	291
394	291
394	292
410	292
410	297
416	297
416	298
425	298
425	297
426	297
426	296
425	296
425	291
426	291
426	281
438	281
438	282
448	282
448	283
449	283
449	284
454	284
454	286
465	286
465	287
469	287
469	289
470	289
470	290
471	290
471	291
472	291
472	292
474	292
474	291
475	291
475	292
482	292
482	297
493	297
493	302
494	302
494	303
499	303
499	308
511	308
511	284
510	284
510	278
511	278
511	276
526	276
526	281
532	281
532	282
537	282
537	283
538	283
538	284
543	284
543	286
548	286
548	287
549	287
549	292
554	292
554	291
560	291
560	292
565	292
565	297
566	297
566	298
567	298
567	297
573	297
573	298
576	298
576	302
577	302
577	303
593	303
593	304
592	304
592	306
593	306
593	308
598	308
598	311
599	311
599	312
604	312
604	314
609	314
609	319
610	319
610	320
615	320
615	319
616	319
616	320
618	320
618	319
619	319
619	312
618	312
618	311
619	311
619	308
618	308
618	307
617	307
617	285
616	285
616	284
615	284
615	283
621	283
621	284
632	284
632	286
638	286
638	287
648	287
648	292
655	292
655	293
656	293
656	292
658	292
658	293
659	293
659	297
665	297
665	303
670	303
670	307
671	307
671	308
676	308
676	309
681	309
681	315
682	315
682	319
694	319
694	309
695	309
695	304
696	304
696	302
697	302
697	298
698	298
698	297
701	297
701	298
702	298
702	297
709	297
709	302
710	302
710	303
725	303
725	308
726	308
726	309
727	309
727	310
731	310
731	313
732	313
732	314
737	314
737	319
742	319
742	320
747	320
747	324
748	324
748	325
753	325
753	328
754	328
754	330
758	330
758	331
759	331
759	336
764	336
764	341
765	341
765	342
766	342
766	341
767	341
767	344
768	344
768	346
769	346
769	347
780	347
780	342
781	342
781	341
783	341
783	332
784	332
784	330
792	330
792	331
797	331
797	335
798	335
798	336
803	336
803	341
808	341
808	342
809	342
809	347
814	347
814	350
815	350
815	352
818	352
818	353
820	353
820	358
826	358
826	360
825	360
825	361
826	361
826	363
825	363
825	364
831	364
831	367
835	367
835	368
836	368
836	370
837	370
837	371
836	371
836	372
837	372
837	374
838	374
838	375
842	375
842	380
847	380
847	385
848	385
848	386
851	386
851	390
852	390
852	391
853	391
853	396
854	396
854	397
863	397
863	396
864	396
864	392
865	392
865	391
866	391
866	387
870	387
870	391
875	391
875	392
876	392
876	393
880	393
880	394
881	394
881	397
885	397
885	398
886	398
886	402
887	402
887	403
890	403
890	407
891	407
891	408
897	408
897	409
903	409
903	419
908	419
908	420
909	420
909	421
913	421
913	423
914	423
914	425
919	425
919	429
920	429
920	430
926	430
926	431
928	431
928	430
931	430
931	436
936	436
936	439
941	439
941	441
943	441
943	442
944	442
944	441
946	441
946	442
947	442
947	444
948	444
948	447
956	447
956	448
957	448
957	449
958	449
958	451
959	451
959	452
963	452
963	453
964	453
964	454
965	454
965	455
969	455
969	456
970	456
970	458
975	458
975	460
977	460
977	461
981	461
981	460
982	460
982	461
987	461
987	460
988	460
988	455
989	455
989	454
988	454
988	451
987	451
987	450
986	450
986	449
984	449
984	448
983	448
983	446
982	446
982	445
979	445
979	444
978	444
978	443
977	443
977	440
976	440
976	439
971	439
971	437
972	437
972	436
971	436
971	434
969	434
969	433
968	433
968	432
967	432
967	430
966	430
966	429
965	429
965	428
960	428
960	423
959	423
959	422
958	422
958	423
955	423
955	421
954	421
954	420
949	420
949	418
948	418
948	417
946	417
946	415
945	415
945	414
944	414
944	413
943	413
943	412
942	412
942	411
941	411
941	410
940	410
940	409
939	409
939	408
938	408
938	407
937	407
937	406
933	406
933	401
931	401
931	400
930	400
930	393
929	393
929	392
927	392
927	390
926	390
926	389
922	389
922	388
921	388
921	384
913	384
913	379
911	379
911	378
910	378
910	376
905	376
905	373
901	373
901	368
899	368
899	367
898	367
898	366
896	366
896	365
895	365
895	364
894	364
894	361
893	361
893	360
891	360
891	359
890	359
890	358
889	358
889	357
888	357
888	354
887	354
887	353
885	353
885	348
886	348
886	347
893	347
893	346
894	346
894	344
893	344
893	336
894	336
894	335
893	335
893	334
888	334
888	333
887	333
887	332
885	332
885	330
884	330
884	329
882	329
882	328
880	328
880	327
879	327
879	326
878	326
878	325
877	325
877	323
875	323
875	322
874	322
874	321
873	321
873	320
872	320
872	318
871	318
871	317
869	317
869	316
868	316
868	315
867	315
867	314
866	314
866	312
864	312
864	311
863	311
863	310
862	310
862	309
861	309
861	307
860	307
860	306
858	306
858	305
857	305
857	304
856	304
856	303
855	303
855	301
852	301
852	296
851	296
851	293
852	293
852	292
855	292
855	290
860	290
860	288
861	288
861	280
860	280
860	278
859	278
859	277
858	277
858	276
857	276
857	275
856	275
856	274
855	274
855	273
854	273
854	272
853	272
853	271
852	271
852	270
851	270
851	269
850	269
850	267
849	267
849	265
850	265
850	263
849	263
849	262
846	262
846	257
845	257
845	256
842	256
842	252
841	252
841	251
839	251
839	250
838	250
838	246
837	246
837	245
835	245
835	240
833	240
833	235
832	235
832	234
830	234
830	232
831	232
831	231
832	231
832	230
833	230
833	228
843	228
843	227
844	227
844	218
841	218
841	213
840	213
840	212
838	212
838	211
839	211
839	209
838	209
838	207
836	207
836	206
835	206
835	202
834	202
834	201
833	201
833	196
830	196
830	190
829	190
829	189
830	189
830	188
829	188
829	185
828	185
828	184
827	184
827	173
824	173
824	163
823	163
823	162
822	162
822	157
820	157
820	150
819	150
819	132
820	132
820	131
821	131
821	130
822	130
822	108
823	108
823	104
828	104
828	103
829	103
829	104
831	104
831	106
832	106
832	107
836	107
836	109
841	109
841	110
842	110
842	114
844	114
844	119
845	119
845	120
848	120
848	125
852	125
852	126
853	126
853	130
854	130
854	131
858	131
858	133
859	133
859	134
858	134
858	135
859	135
859	137
862	137
862	139
863	139
863	142
867	142
867	147
868	147
868	148
874	148
874	149
875	149
875	153
880	153
880	154
881	154
881	156
880	156
880	157
881	157
881	159
883	159
883	164
885	164
885	165
886	165
886	166
887	166
887	167
886	167
886	169
887	169
887	170
892	170
892	176
893	176
893	175
894	175
894	176
897	176
897	177
898	177
898	178
897	178
897	179
898	179
898	181
903	181
903	187
908	187
908	191
909	191
909	192
913	192
913	194
914	194
914	202
915	202
915	203
918	203
918	205
919	205
919	208
920	208
920	214
930	214
930	213
931	213
931	209
932	209
932	208
934	208
934	204
935	204
935	203
936	203
936	199
941	199
941	201
942	201
942	203
947	203
947	207
948	207
948	208
952	208
952	209
953	209
953	214
957	214
957	220
959	220
959	223
958	223
958	225
963	225
963	230
964	230
964	236
969	236
969	241
970	241
970	242
973	242
973	247
975	247
975	252
976	252
976	253
980	253
980	258
982	258
982	259
983	259
983	264
984	264
984	269
985	269
985	270
986	270
986	280
989	280
989	281
990	281
990	280
994	280
994	281
995	281
995	280
999	280
999	275
1004	275
1004	271
1005	271
1005	270
1008	270
1008	274
1009	274
1009	275
1015	275
1015	276
1016	276
1016	280
1017	280
1017	281
1018	281
1018	286
1019	286
1019	291
1020	291
1020	292
1022	292
1022	294
1023	294
1023	297
1024	297
1024	298
1025	298
1025	308
1028	308
1028	314
1030	314
1030	319
1032	319
1032	320
1034	320
1034	325
1036	325
1036	330
1039	330
1039	335
1040	335
1040	336
1042	336
1042	339
1041	339
1041	340
1042	340
1042	341
1044	341
1044	342
1045	342
1045	347
1049	347
1049	352
1050	352
1050	353
1052	353
1052	357
1053	357
1053	358
1054	358
1054	360
1055	360
1055	364
1056	364
1056	369
1058	369
1058	374
1059	374
1059	375
1060	375
1060	380
1062	380
1062	381
1069	381
1069	380
1071	380
1071	375
1072	375
1072	373
1075	373
1075	375
1080	375
1080	380
1086	380
1086	391
1087	391
1087	392
1088	392
1088	394
1089	394
1089	403
1090	403
1090	425
1091	425
1091	436
1094	436
1094	463
1096	463
1096	464
1103	464
1103	463
1104	463
1104	447
1105	447
1105	442
1106	442
1106	441
1107	441
1107	430
1109	430
1109	429
1110	429
1110	419
1111	419
1111	413
1112	413
1112	408
1113	408
1113	402
1115	402
1115	395
1116	395
1116	392
1118	392
1118	391
1121	391
1121	386
1126	386
1126	385
1127	385
1127	384
1129	384
1129	386
1139	386
1139	382
1140	382
1140	380
1141	380
1141	375
1143	375
1143	364
1148	364
1148	359
1149	359
1149	358
1150	358
1150	353
1152	353
1152	352
1154	352
1154	347
1157	347
1157	346
1158	346
1158	342
1160	342
1160	341
1162	341
1162	336
1164	336
1164	335
1165	335
1165	331
1167	331
1167	329
1168	329
1168	325
1170	325
1170	324
1171	324
1171	320
1172	320
1172	319
1174	319
1174	314
1176	314
1176	308
1179	308
1179	306
1180	306
1180	305
1179	305
1179	304
1180	304
1180	303
1183	303
1183	298
1184	298
1184	297
1187	297
1187	292
1190	292
1190	290
1193	290
1193	288
1194	288
1194	287
1196	287
1196	291
1198	291
1198	292
1199	292
1199	291
1200	291
1200	292
1201	292
1201	297
1212	297
1212	292
1213	292
1213	291
1215	291
1215	281
1216	281
1216	280
1218	280
1218	275
1220	275
1220	274
1221	274
1221	270
1222	270
1222	269
1223	269
1223	264
1226	264
1226	259
1228	259
1228	258
1229	258
1229	257
1230	257
1230	256
1229	256
1229	254
1230	254
1230	253
1231	253
1231	252
1232	252
1232	247
1235	247
1235	245
1236	245
1236	242
1238	242
1238	240
1239	240
1239	238
1240	238
1240	236
1241	236
1241	237
1242	237
1242	236
1243	236
1243	231
1248	231
1248	226
1251	226
1251	225
1256	225
1256	226
1257	226
1257	230
1258	230
1258	231
1261	231
1261	235
1262	235
1262	236
1264	236
1264	237
1266	237
1266	241
1267	241
1267	242
1277	242
1277	241
1278	241
1278	240
1279	240
1279	237
1280	237
1280	236
1282	236
1282	231
1286	231
1286	230
1287	230
1287	225
1290	225
1290	221
1291	221
1291	220
1292	220
1292	219
1293	219
1293	215
1294	215
1294	214
1298	214
1298	211
1304	211
1304	204
1307	204
1307	203
1314	203
1314	202
1315	202
1315	198
1316	198
1316	197
1320	197
1320	196
1321	196
1321	193
1323	193
1323	192
1325	192
1325	191
1326	191
1326	190
1327	190
1327	189
1331	189
1331	187
1334	187
1334	186
1335	186
1335	187
1336	187
1336	186
1337	186
1337	181
1342	181
1342	180
1343	180
1343	178
1345	178
1345	177
1346	177
1346	176
1348	176
1348	175
1351	175
1351	176
1352	176
1352	175
1354	175
1354	170
1359	170
1359	166
1360	166
1360	165
1361	165
1361	166
1363	166
1363	165
1365	165
1365	159
1375	159
1375	158
1376	158
1376	157
1375	157
1375	156
1376	156
1376	155
1375	155
1375	154
1376	154
1376	151
1381	151
1381	149
1382	149
1382	148
1390	148
1390	153
1396	153
1396	159
1399	159
1399	168
1398	168
1398	179
1396	179
1396	185
1394	185
1394	190
1393	190
1393	195
1392	195
1392	196
1390	196
1390	201
1388	201
1388	206
1387	206
1387	207
1385	207
1385	212
1383	212
1383	213
1382	213
1382	217
1381	217
1381	218
1380	218
1380	219
1379	219
1379	223
1377	223
1377	224
1376	224
1376	229
1374	229
1374	236
1373	236
1373	237
1372	237
1372	238
1371	238
1371	239
1370	239
1370	240
1369	240
1369	241
1368	241
1368	245
1366	245
1366	250
1365	250
1365	252
1364	252
1364	256
1363	256
1363	257
1361	257
1361	259
1360	259
1360	260
1358	260
1358	261
1357	261
1357	262
1356	262
1356	267
1355	267
1355	268
1351	268
1351	273
1348	273
1348	274
1347	274
1347	279
1346	279
1346	280
1342	280
1342	281
1341	281
1341	282
1340	282
1340	294
1346	294
1346	298
1347	298
1347	297
1348	297
1348	301
1346	301
1346	306
1341	306
1341	307
1340	307
1340	308
1341	308
1341	309
1340	309
1340	310
1341	310
1341	311
1340	311
1340	312
1336	312
1336	313
1335	313
1335	318
1333	318
1333	320
1332	320
1332	321
1330	321
1330	323
1328	323
1328	326
1327	326
1327	328
1325	328
1325	329
1324	329
1324	332
1323	332
1323	333
1322	333
1322	334
1319	334
1319	335
1318	335
1318	338
1313	338
1313	342
1312	342
1312	344
1311	344
1311	345
1308	345
1308	346
1307	346
1307	348
1305	348
1305	349
1302	349
1302	351
1297	351
1297	353
1296	353
1296	363
1297	363
1297	364
1301	364
1301	365
1302	365
1302	366
1307	366
1307	368
1306	368
1306	373
1302	373
1302	379
1297	379
1297	380
1296	380
1296	384
1291	384
1291	387
1286	387
1286	388
1285	388
1285	392
1280	392
1280	395
1274	395
1274	399
1269	399
1269	400
1268	400
1268	404
1263	404
1263	406
1258	406
1258	408
1257	408
1257	410
1253	410
1253	411
1252	411
1252	412
1246	412
1246	422
1247	422
1247	425
1264	425
1264	424
1265	424
1265	423
1266	423
1266	422
1270	422
1270	421
1271	421
1271	420
1272	420
1272	419
1281	419
1281	415
1286	415
1286	414
1287	414
1287	410
1292	410
1292	409
1293	409
1293	408
1298	408
1298	405
1300	405
1300	404
1303	404
1303	403
1304	403
1304	402
1309	402
1309	399
1314	399
1314	398
1315	398
1315	392
1319	392
1319	391
1320	391
1320	390
1325	390
1325	389
1326	389
1326	384
1331	384
1331	381
1336	381
1336	380
1337	380
1337	376
1338	376
1338	375
1342	375
1342	374
1343	374
1343	373
1348	373
1348	372
1354	372
1354	374
1355	374
1355	385
1356	385
1356	386
1364	386
1364	383
1365	383
1365	382
1366	382
1366	381
1369	381
1369	380
1370	380
1370	375
1375	375
1375	373
1376	373
1376	372
1375	372
1375	369
1376	369
1376	368
1378	368
1378	367
1381	367
1381	365
1382	365
1382	364
1386	364
1386	363
1387	363
1387	362
1386	362
1386	361
1387	361
1387	359
1388	359
1388	358
1392	358
1392	357
1393	357
1393	355
1394	355
1394	354
1397	354
1397	353
1398	353
1398	351
1403	351
1403	348
1404	348
1404	347
1409	347
1409	343
1410	343
1410	342
1414	342
1414	340
1415	340
1415	338
1420	338
1420	336
1425	336
1425	335
1426	335
1426	334
1430	334
1430	333
1431	333
1431	330
1432	330
1432	331
1435	331
1435	330
1436	330
1436	331
1437	331
1437	336
1438	336
1438	341
1439	341
1439	342
1440	342
1440	352
1442	352
1442	353
1451	353
1451	352
1453	352
1453	347
1459	347
1459	342
1464	342
1464	340
1465	340
1465	336
1470	336
1470	334
1475	334
1475	332
1476	332
1476	331
1481	331
1481	327
1485	327
1485	325
1492	325
1492	322
1493	322
1493	323
1494	323
1494	320
1503	320
1503	317
1504	317
1504	315
1506	315
1506	314
1514	314
1514	310
1517	310
1517	309
1523	309
1523	308
1531	308
1531	304
1533	304
1533	303
1535	303
1535	304
1545	304
1545	335
1546	335
1546	336
1558	336
1558	335
1559	335
1559	331
1563	331
1563	330
1564	330
1564	327
1569	327
1569	326
1570	326
1570	325
1580	325
1580	324
1581	324
1581	320
1585	320
1585	319
1587	319
1587	317
1592	317
1592	316
1597	316
1597	314
1613	314
1613	313
1614	313
1614	311
1618	311
1618	310
1624	310
1624	309
1630	309
1630	308
1631	308
1631	309
1634	309
1634	308
1647	308
1647	309
1649	309
1649	323
1648	323
1648	333
1647	333
1647	334
1646	334
1646	335
1645	335
1645	346
1646	346
1646	347
1658	347
1658	345
1659	345
1659	344
1658	344
1658	342
1670	342
1670	341
1680	341
1680	340
1681	340
1681	337
1693	337
1693	336
1713	336
1713	335
1714	335
1714	333
1719	333
1719	331
1751	331
1751	332
1754	332
1754	333
1755	333
1755	332
1756	332
1756	333
1757	333
1757	334
1759	334
1759	335
1758	335
1758	340
1756	340
1756	352
1755	352
1755	357
1754	357
1754	369
1768	369
1768	368
1769	368
1769	364
1783	364
1783	363
1784	363
1784	364
1789	364
1789	363
1791	363
1791	361
1793	361
1793	362
1796	362
1796	361
1797	361
1797	359
1800	359
1800	358
1816	358
1816	359
1817	359
1817	358
1829	358
1829	357
1830	357
1830	354
1836	354
1836	353
1840	353
1840	352
1841	352
1841	349
1847	349
1847	347
1858	347
1858	345
1859	345
1859	343
1861	343
1861	342
1869	342
1869	341
1874	341
1874	340
1875	340
1875	339
1880	339
1880	338
1883	338
1883	337
1885	337
1885	336
1901	336
1901	335
1902	335
1902	334
1911	334
1911	335
1912	335
1912	336
1914	336
1914	338
1915	338
1915	339
1914	339
1914	341
1913	341
1913	343
1912	343
1912	344
1911	344
1911	347
1910	347
1910	348
1909	348
1909	350
1908	350
1908	351
1907	351
1907	356
1903	356
1903	357
1902	357
1902	362
1899	362
1899	363
1898	363
1898	364
1897	364
1897	365
1896	365
1896	366
1895	366
1895	367
1894	367
1894	368
1893	368
1893	369
1892	369
1892	373
1889	373
1889	375
1888	375
1888	376
1887	376
1887	377
1884	377
1884	378
1883	378
1883	379
1882	379
1882	384
1878	384
1878	388
1877	388
1877	387
1876	387
1876	388
1873	388
1873	389
1872	389
1872	395
1867	395
1867	399
1862	399
1862	401
1861	401
1861	405
1856	405
1856	406
1850	406
1850	409
1845	409
1845	410
1840	410
1840	411
1838	411
1838	412
1835	412
1835	424
1836	424
1836	425
1839	425
1839	432
1835	432
1835	433
1834	433
1834	435
1833	435
1833	437
1832	437
1832	438
1830	438
1830	439
1829	439
1829	440
1828	440
1828	442
1823	442
1823	444
1818	444
1818	445
1817	445
1817	448
1812	448
1812	449
1807	449
1807	450
1806	450
1806	453
1805	453
1805	454
1804	454
1804	453
1802	453
1802	454
1801	454
1801	455
1800	455
1800	456
1795	456
1795	457
1794	457
1794	458
1789	458
1789	459
1785	459
1785	460
1784	460
1784	461
1774	461
1774	462
1760	462
1760	463
1759	463
1759	473
1760	473
1760	474
1761	474
1761	479
1762	479
1762	480
1764	480
1764	481
1765	481
1765	482
1764	482
1764	483
1765	483
1765	485
1766	485
1766	486
1767	486
1767	492
1766	492
1766	491
1763	491
1763	492
1762	492
1762	494
1757	494
1757	495
1756	495
1756	496
1755	496
1755	497
1754	497
1754	496
1752	496
1752	497
1750	497
1750	498
1745	498
1745	499
1740	499
1740	500
1734	500
1734	503
1718	503
1718	504
1712	504
1712	506
1675	506
1675	504
1669	504
1669	503
1662	503
1662	504
1660	504
1660	512
1661	512
1661	514
1662	514
1662	524
1663	524
1663	525
1664	525
1664	528
1662	528
1662	532
1657	532
1657	533
1646	533
1646	534
1640	534
1640	535
1631	535
1631	534
1629	534
1629	533
1622	533
1622	534
1620	534
1620	533
1619	533
1619	532
1608	532
1608	531
1597	531
1597	530
1592	530
1592	529
1591	529
1591	528
1586	528
1586	527
1581	527
1581	525
1568	525
1568	545
1567	545
1567	546
1568	546
1568	549
1567	549
1567	550
1564	550
1564	551
1562	551
1562	550
1561	550
1561	551
1560	551
1560	550
1536	550
1536	548
1526	548
1526	546
1525	546
1525	545
1524	545
1524	544
1522	544
1522	545
1519	545
1519	544
1514	544
1514	543
1508	543
1508	542
1503	542
1503	541
1498	541
1498	540
1497	540
1497	539
1494	539
1494	540
1493	540
1493	539
1492	539
1492	538
1491	538
1491	537
1487	537
1487	536
1486	536
1486	535
1475	535
1475	534
1474	534
1474	535
1472	535
1472	546
1473	546
1473	548
1474	548
1474	550
1473	550
1473	551
1472	551
1472	550
1469	550
1469	551
1468	551
1468	552
1467	552
1467	553
1466	553
1466	552
1464	552
1464	553
1448	553
1448	551
1447	551
1447	550
1435	550
1435	549
1431	549
1431	548
1426	548
1426	547
1421	547
1421	546
1420	546
1420	545
1416	545
1416	544
1414	544
1414	543
1413	543
1413	542
1404	542
1404	540
1403	540
1403	539
1397	539
1397	538
1395	538
1395	537
1394	537
1394	536
1392	536
1392	534
1379	534
1379	545
1376	545
1376	544
1375	544
1375	545
1374	545
1374	547
1367	547
1367	548
1365	548
1365	547
1364	547
1364	546
1359	546
1359	545
1358	545
1358	544
1357	544
1357	545
1355	545
1355	544
1354	544
1354	545
1353	545
1353	544
1352	544
1352	543
1351	543
1351	544
1350	544
1350	543
1346	543
1346	542
1342	542
1342	541
1337	541
1337	539
1336	539
1336	538
1335	538
1335	539
1326	539
1326	538
1315	538
1315	537
1314	537
1314	536
1310	536
1310	535
1309	535
1309	534
1303	534
1303	532
1297	532
1297	531
1292	531
1292	528
1286	528
1286	527
1282	527
1282	526
1276	526
1276	523
1264	523
1264	522
1260	522
1260	521
1258	521
1258	520
1248	520
1248	519
1244	519
1244	518
1242	518
1242	517
1231	517
1231	516
1224	516
1224	515
1216	515
1216	514
1215	514
1215	515
1209	515
1209	516
1204	516
1204	512
1191	512
1191	515
1190	515
1190	525
1191	525
1191	527
1197	527
1197	530
1208	530
1208	532
1213	532
1213	533
1218	533
1218	534
1219	534
1219	535
1224	535
1224	536
1229	536
1229	537
1231	537
1231	538
1241	538
1241	539
1246	539
1246	540
1247	540
1247	541
1257	541
1257	542
1258	542
1258	543
1264	543
1264	544
1269	544
1269	546
1271	546
1271	547
1272	547
1272	546
1273	546
1273	547
1277	547
1277	548
1278	548
1278	547
1280	547
1280	549
1285	549
1285	551
1286	551
1286	552
1302	552
1302	554
1307	554
1307	555
1324	555
1324	558
1328	558
1328	566
1346	566
1346	569
1362	569
1362	570
1363	570
1363	571
1377	571
1377	572
1379	572
1379	574
1431	574
1431	575
1433	575
1433	574
1434	574
1434	575
1435	575
1435	576
1437	576
1437	577
1440	577
1440	580
1442	580
1442	583
1441	583
1441	584
1440	584
1440	585
1436	585
1436	586
1435	586
1435	591
1434	591
1434	592
1435	592
1435	596
1448	596
1448	593
1464	593
1464	592
1465	592
1465	591
1466	591
1466	592
1467	592
1467	593
1478	593
1478	592
1480	592
1480	593
1490	593
1490	594
1491	594
1491	595
1496	595
1496	596
1519	596
1519	597
1531	597
1531	598
1532	598
1532	600
1529	600
1529	606
1527	606
1527	611
1524	611
1524	612
1523	612
1523	617
1522	617
1522	628
1532	628
1532	627
1534	627
1534	626
1547	626
1547	625
1555	625
1555	624
1567	624
1567	625
1568	625
1568	626
1586	626
1586	624
1590	624
1590	626
1601	626
1601	627
1611	627
1611	628
1612	628
1612	630
1618	630
1618	631
1623	631
1623	633
1621	633
1621	635
1620	635
1620	636
1621	636
1621	638
1620	638
1620	639
1618	639
1618	640
1617	640
1617	643
1618	643
1618	644
1617	644
1617	645
1616	645
1616	646
1615	646
1615	656
1616	656
1616	658
1629	658
1629	657
1630	657
1630	656
1631	656
1631	652
1634	652
1634	655
1636	655
1636	656
1637	656
1637	655
1640	655
1640	656
1641	656
1641	655
1645	655
1645	657
1658	657
1658	658
1695	658
1695	662
1696	662
1696	663
1712	663
1712	664
1713	664
1713	665
1715	665
1715	667
1714	667
1714	672
1712	672
1712	677
1711	677
1711	678
1710	678
1710	679
1709	679
1709	680
1710	680
1710	683
1709	683
1709	686
1708	686
1708	689
1709	689
1709	691
1708	691
1708	693
1709	693
1709	696
1755	696
1755	697
1760	697
1760	698
1772	698
1772	699
1773	699
1773	701
1775	701
1775	702
1792	702
1792	703
1794	703
1794	704
1795	704
1795	707
1802	707
1802	708
1803	708
1803	711
1801	711
1801	712
1800	712
1800	716
1799	716
1799	717
1798	717
1798	722
1793	722
1793	728
1789	728
1789	740
1806	740
1806	741
1822	741
1822	742
1823	742
1823	743
1828	743
1828	745
1829	745
1829	746
1848	746
1848	747
1850	747
1850	751
1852	751
1852	752
1853	752
1853	751
1856	751
1856	754
1857	754
1857	755
1861	755
1861	757
1864	757
1864	761
1861	761
1861	766
1857	766
1857	767
1856	767
1856	772
1853	772
