1525	437
1524	437
1524	438
1522	438
1522	439
1518	439
1518	440
1474	440
1474	441
1469	441
1469	440
1454	440
1454	439
1451	439
1451	438
1448	438
1448	436
1447	436
1447	437
1446	437
1446	436
1444	436
1444	435
1443	435
1443	434
1442	434
1442	435
1436	435
1436	434
1435	434
1435	435
1425	435
1425	436
1423	436
1423	438
1422	438
1422	443
1416	443
1416	452
1428	452
1428	451
1432	451
1432	450
1441	450
1441	451
1442	451
1442	452
1447	452
1447	454
1449	454
1449	456
1448	456
1448	457
1447	457
1447	458
1446	458
1446	459
1445	459
1445	460
1444	460
1444	463
1443	463
1443	464
1442	464
1442	467
1441	467
1441	469
1440	469
1440	471
1439	471
1439	477
1440	477
1440	479
1445	479
1445	478
1446	478
1446	479
1449	479
1449	478
1450	478
1450	477
1455	477
1455	476
1463	476
1463	475
1478	475
1478	476
1496	476
1496	477
1497	477
1497	476
1502	476
1502	477
1504	477
1504	478
1517	478
1517	477
1520	477
1520	476
1524	476
1524	477
1538	477
1538	476
1543	476
1543	477
1544	477
1544	476
1546	476
1546	477
1547	477
1547	478
1550	478
1550	479
1553	479
1553	480
1554	480
1554	481
1552	481
1552	483
1551	483
1551	484
1550	484
1550	485
1549	485
1549	487
1548	487
1548	488
1547	488
1547	489
1546	489
1546	491
1545	491
1545	494
1544	494
1544	495
1543	495
1543	497
1542	497
1542	498
1541	498
1541	507
1550	507
1550	506
1558	506
1558	505
1568	505
1568	504
1570	504
1570	505
1584	505
1584	506
1588	506
1588	507
1592	507
1592	508
1602	508
1602	507
1607	507
1607	509
1610	509
1610	510
1612	510
1612	509
1613	509
1613	510
1615	510
1615	509
1617	509
1617	510
1626	510
1626	511
1631	511
1631	512
1632	512
1632	513
1636	513
1636	514
1639	514
1639	517
1638	517
1638	518
1636	518
1636	519
1635	519
1635	520
1634	520
1634	521
1635	521
1635	522
1634	522
1634	524
1633	524
1633	528
1632	528
1632	538
1644	538
1644	537
1645	537
1645	536
1647	536
1647	537
1648	537
1648	536
1654	536
1654	537
1677	537
1677	538
1689	538
1689	539
1696	539
1696	540
1714	540
1714	541
1718	541
1718	542
1727	542
1727	544
1728	544
1728	545
1732	545
1732	546
1734	546
1734	547
1737	547
1737	549
1736	549
1736	550
1735	550
1735	551
1734	551
1734	553
1733	553
1733	555
1732	555
1732	557
1731	557
1731	558
1730	558
1730	561
1729	561
1729	563
1727	563
1727	568
1726	568
1726	576
1736	576
1736	575
1751	575
1751	576
1752	576
1752	577
1760	577
1760	578
1767	578
1767	579
1769	579
1769	580
1773	580
1773	581
1775	581
1775	582
1778	582
1778	583
1790	583
1790	584
1791	584
1791	585
1795	585
1795	586
1800	586
1800	587
1802	587
1802	588
1807	588
1807	589
1806	589
1806	590
1810	590
1810	591
1811	591
1811	592
1814	592
1814	593
1816	593
1816	594
1818	594
1818	596
1817	596
1817	597
1816	597
1816	598
1814	598
1814	601
1812	601
1812	604
1811	604
1811	605
1810	605
1810	608
1809	608
1809	611
1808	611
1808	612
1807	612
1807	613
1806	613
1806	614
1805	614
1805	618
1802	618
1802	626
1803	626
1803	627
1812	627
1812	629
1814	629
1814	630
1819	630
1819	631
1821	631
1821	632
1824	632
1824	634
1828	634
1828	635
1829	635
1829	636
1833	636
1833	637
1842	637
1842	638
1847	638
1847	639
1848	639
1848	640
1849	640
1849	639
1850	639
1850	640
1854	640
1854	641
1855	641
1855	642
1859	642
1859	643
1861	643
1861	644
1863	644
1863	645
1865	645
1865	646
1867	646
1867	647
1870	647
1870	649
1872	649
1872	650
1876	650
1876	651
1877	651
1877	652
1880	652
1880	653
1881	653
1881	654
1883	654
1883	655
1886	655
1886	656
1887	656
1887	657
1888	657
1888	658
1890	658
1890	659
1892	659
1892	661
1896	661
1896	662
1897	662
1897	665
1895	665
1895	666
1893	666
1893	667
1892	667
1892	668
1891	668
1891	669
1890	669
1890	671
1889	671
1889	673
1887	673
1887	676
1886	676
1886	677
1885	677
1885	679
1884	679
1884	682
1883	682
1883	690
1888	690
1888	692
1890	692
1890	693
1892	693
1892	692
1893	692
1893	693
1895	693
1895	692
1896	692
1896	694
1897	694
1897	695
1898	695
1898	696
1909	696
1909	700
1914	700
1914	702
1915	702
1915	703
1922	703
1922	704
1923	704
1923	705
1929	705
1929	706
1930	706
1930	707
1932	707
1932	708
1935	708
1935	709
1938	709
1938	711
1939	711
1939	710
1940	710
1940	711
1941	711
1941	712
1945	712
1945	713
1947	713
1947	715
1948	715
1948	716
1949	716
1949	717
1953	717
1953	718
1955	718
1955	719
1957	719
1957	720
1958	720
1958	721
1959	721
1959	722
1961	722
1961	723
1962	723
1962	724
1965	724
1965	726
1967	726
1967	729
1969	729
1969	730
1970	730
1970	732
1967	732
1967	733
1966	733
1966	734
1965	734
1965	735
1963	735
1963	736
1962	736
1962	737
1961	737
1961	739
1960	739
1960	740
1959	740
1959	742
1957	742
1957	744
1956	744
1956	745
1955	745
1955	746
1954	746
1954	747
1953	747
1953	748
1952	748
1952	750
1951	750
1951	751
1950	751
1950	753
1949	753
1949	754
1948	754
1948	763
1950	763
1950	764
1955	764
1955	765
1959	765
1959	766
1961	766
1961	767
1963	767
1963	768
1967	768
1967	770
1968	770
1968	771
1973	771
1973	772
1975	772
1975	773
1977	773
1977	774
1979	774
1979	775
1980	775
1980	776
1981	776
1981	777
1982	777
1982	778
1987	778
1987	781
1988	781
1988	783
1992	783
1992	784
1993	784
1993	785
1995	785
1995	788
1996	788
1996	789
1997	789
1997	791
1998	791
1998	790
2000	790
2000	791
2002	791
2002	794
2005	794
2005	795
2006	795
2006	794
2007	794
2007	796
2008	796
2008	797
2010	797
2010	798
2011	798
2011	799
2012	799
2012	801
2013	801
2013	802
2015	802
2015	803
2017	803
2017	804
2016	804
2016	805
2021	805
2021	806
2023	806
2023	807
2024	807
2024	810
2027	810
2027	811
2030	811
2030	812
2031	812
2031	813
2032	813
2032	814
2034	814
2034	815
2035	815
2035	817
2034	817
2034	818
2032	818
2032	819
2031	819
2031	820
2029	820
2029	821
2028	821
2028	822
2027	822
2027	824
2026	824
2026	825
2024	825
2024	827
2022	827
2022	828
2021	828
2021	830
2019	830
2019	832
2018	832
2018	840
2021	840
2021	841
2022	841
2022	842
2023	842
2023	843
2026	843
2026	844
2034	844
2034	845
2036	845
2036	847
2037	847
2037	849
2040	849
2040	851
2044	851
2044	853
2047	853
2047	854
2048	854
2048	855
2049	855
2049	856
2050	856
2050	857
2051	857
2051	858
2054	858
2054	859
2056	859
2056	860
2057	860
2057	862
2058	862
2058	863
2062	863
2062	865
2063	865
2063	866
2066	866
2066	867
2067	867
2067	869
2070	869
2070	870
2071	870
2071	871
2072	871
2072	874
2074	874
2074	875
2073	875
2073	877
2070	877
2070	878
2069	878
2069	879
2067	879
2067	880
2066	880
2066	881
2065	881
2065	882
2064	882
2064	883
2063	883
2063	882
2062	882
2062	884
2061	884
2061	885
2060	885
2060	886
2059	886
2059	887
2058	887
2058	888
2056	888
2056	889
2055	889
2055	898
2056	898
2056	900
2057	900
2057	901
2058	901
2058	903
2061	903
2061	905
2062	905
2062	906
2066	906
2066	908
2067	908
2067	909
2069	909
2069	911
2070	911
2070	910
2071	910
2071	911
2072	911
2072	912
2073	912
2073	913
2075	913
2075	916
2077	916
2077	919
2078	919
2078	920
2080	920
2080	922
2081	922
2081	924
2083	924
2083	925
2084	925
2084	928
2085	928
2085	929
2086	929
2086	930
2087	930
2087	934
2089	934
2089	935
2090	935
2090	937
2092	937
2092	940
2093	940
2093	941
2094	941
2094	943
2095	943
2095	942
2096	942
2096	943
2097	943
2097	946
2098	946
2098	947
2099	947
2099	950
2101	950
2101	953
2102	953
2102	954
2103	954
2103	955
2104	955
2104	956
2105	956
2105	958
2106	958
2106	959
2107	959
2107	960
2108	960
2108	961
2110	961
2110	963
2111	963
2111	965
2112	965
2112	966
2113	966
2113	967
2114	967
2114	968
2115	968
2115	969
2116	969
2116	970
2117	970
2117	971
2118	971
2118	972
2119	972
2119	974
2120	974
2120	975
2121	975
2121	976
2122	976
2122	979
2124	979
2124	980
2125	980
2125	981
2126	981
2126	982
2127	982
2127	984
2129	984
2129	986
2131	986
2131	988
2132	988
2132	989
2133	989
2133	990
2132	990
2132	991
2134	991
2134	994
2136	994
2136	998
2130	998
2130	997
2103	997
2103	996
2099	996
2099	995
2098	995
2098	996
2097	996
2097	995
2092	995
2092	994
2089	994
2089	993
2088	993
2088	992
2085	992
2085	993
2084	993
2084	992
2082	992
2082	991
2075	991
2075	990
2071	990
2071	989
2065	989
2065	988
2063	988
2063	986
2061	986
2061	987
2059	987
2059	986
2052	986
2052	985
2048	985
2048	984
2044	984
2044	983
2043	983
2043	982
2039	982
2039	981
2038	981
2038	980
2030	980
2030	978
2029	978
2029	979
2028	979
2028	978
2025	978
2025	977
2020	977
2020	976
2018	976
2018	975
2014	975
2014	973
2013	973
2013	972
2007	972
2007	971
2006	971
2006	970
2005	970
2005	968
2004	968
2004	967
1996	967
1996	968
1995	968
1995	969
1994	969
1994	971
1993	971
1993	972
1992	972
1992	973
1991	973
1991	974
1990	974
1990	975
1989	975
1989	977
1987	977
1987	979
1986	979
1986	981
1985	981
1985	987
1982	987
1982	986
1976	986
1976	985
1971	985
1971	984
1969	984
1969	983
1968	983
1968	982
1963	982
1963	981
1959	981
1959	980
1956	980
1956	979
1954	979
1954	978
1953	978
1953	977
1952	977
1952	978
1951	978
1951	977
1948	977
1948	976
1946	976
1946	975
1944	975
1944	973
1943	973
1943	972
1941	972
1941	971
1940	971
1940	972
1939	972
1939	971
1937	971
1937	970
1935	970
1935	969
1934	969
1934	968
1932	968
1932	967
1930	967
1930	966
1929	966
1929	965
1924	965
1924	963
1923	963
1923	962
1921	962
1921	961
1920	961
1920	960
1919	960
1919	959
1918	959
1918	958
1917	958
1917	957
1915	957
1915	956
1907	956
1907	957
1905	957
1905	958
1904	958
1904	957
1903	957
1903	958
1902	958
1902	960
1901	960
1901	961
1900	961
1900	962
1898	962
1898	963
1897	963
1897	965
1896	965
1896	971
1892	971
1892	970
1890	970
1890	969
1888	969
1888	968
1887	968
1887	967
1884	967
1884	966
1883	966
1883	965
1881	965
1881	964
1880	964
1880	963
1879	963
1879	962
1878	962
1878	961
1874	961
1874	959
1873	959
1873	958
1868	958
1868	957
1867	957
1867	956
1864	956
1864	953
1863	953
1863	952
1858	952
1858	951
1856	951
1856	950
1855	950
1855	949
1854	949
1854	948
1853	948
1853	947
1848	947
1848	946
1847	946
1847	945
1845	945
1845	944
1844	944
1844	943
1842	943
1842	941
1840	941
1840	940
1839	940
1839	938
1838	938
1838	937
1836	937
1836	935
1834	935
1834	932
1833	932
1833	931
1831	931
1831	930
1822	930
1822	932
1821	932
1821	933
1820	933
1820	934
1819	934
1819	935
1817	935
1817	937
1816	937
1816	938
1815	938
1815	939
1814	939
1814	940
1812	940
1812	942
1811	942
1811	943
1810	943
1810	947
1809	947
1809	949
1805	949
1805	948
1803	948
1803	947
1800	947
1800	946
1798	946
1798	945
1796	945
1796	944
1795	944
1795	943
1794	943
1794	942
1792	942
1792	941
1790	941
1790	940
1789	940
1789	938
1788	938
1788	937
1786	937
1786	936
1785	936
1785	935
1784	935
1784	933
1783	933
1783	932
1782	932
1782	933
1781	933
1781	932
1779	932
1779	931
1778	931
1778	930
1776	930
1776	929
1774	929
1774	928
1773	928
1773	927
1772	927
1772	926
1771	926
1771	924
1770	924
1770	925
1769	925
1769	923
1767	923
1767	922
1764	922
1764	921
1763	921
1763	920
1759	920
1759	918
1758	918
1758	917
1753	917
1753	916
1752	916
1752	915
1751	915
1751	913
1750	913
1750	912
1748	912
1748	911
1747	911
1747	910
1746	910
1746	909
1745	909
1745	908
1744	908
1744	907
1742	907
1742	906
1741	906
1741	905
1740	905
1740	904
1739	904
1739	902
1738	902
1738	901
1737	901
1737	900
1736	900
1736	899
1735	899
1735	898
1734	898
1734	896
1733	896
1733	895
1732	895
1732	894
1731	894
1731	893
1730	893
1730	890
1731	890
1731	889
1730	889
1730	888
1729	888
1729	887
1728	887
1728	886
1726	886
1726	885
1724	885
1724	886
1723	886
1723	885
1722	885
1722	886
1719	886
1719	887
1718	887
1718	888
1717	888
1717	892
1716	892
1716	893
1715	893
1715	895
1714	895
1714	897
1713	897
1713	898
1712	898
1712	901
1711	901
1711	904
1710	904
1710	906
1711	906
1711	907
1710	907
1710	909
1709	909
1709	908
1706	908
1706	907
1704	907
1704	906
1701	906
1701	905
1699	905
1699	903
1698	903
1698	902
1694	902
1694	901
1693	901
1693	900
1691	900
1691	899
1690	899
1690	898
1688	898
1688	897
1687	897
1687	896
1686	896
1686	895
1685	895
1685	893
1682	893
1682	892
1680	892
1680	891
1678	891
1678	890
1677	890
1677	889
1676	889
1676	888
1674	888
1674	886
1673	886
1673	885
1669	885
1669	883
1664	883
1664	882
1663	882
1663	881
1662	881
1662	880
1659	880
1659	878
1658	878
1658	877
1655	877
1655	876
1653	876
1653	875
1651	875
1651	873
1649	873
1649	872
1646	872
1646	871
1644	871
1644	869
1641	869
1641	868
1639	868
1639	866
1637	866
1637	865
1636	865
1636	864
1635	864
1635	862
1634	862
1634	861
1632	861
1632	860
1631	860
1631	858
1629	858
1629	857
1628	857
1628	855
1627	855
1627	853
1625	853
1625	851
1624	851
1624	848
1623	848
1623	846
1622	846
1622	845
1621	845
1621	842
1620	842
1620	839
1612	839
1612	840
1610	840
1610	841
1609	841
1609	843
1607	843
1607	848
1605	848
1605	852
1604	852
1604	853
1602	853
1602	857
1601	857
1601	859
1600	859
1600	866
1596	866
1596	865
1592	865
1592	864
1591	864
1591	863
1590	863
1590	862
1588	862
1588	861
1587	861
1587	860
1584	860
1584	859
1583	859
1583	858
1581	858
1581	857
1580	857
1580	856
1579	856
1579	853
1576	853
1576	852
1575	852
1575	851
1574	851
1574	850
1573	850
1573	851
1572	851
1572	849
1571	849
1571	848
1570	848
1570	847
1569	847
1569	846
1568	846
1568	845
1565	845
1565	844
1564	844
1564	843
1561	843
1561	842
1560	842
1560	841
1558	841
1558	840
1557	840
1557	839
1556	839
1556	838
1555	838
1555	837
1554	837
1554	836
1553	836
1553	835
1551	835
1551	833
1549	833
1549	831
1548	831
1548	830
1547	830
1547	829
1546	829
1546	828
1544	828
1544	827
1543	827
1543	825
1542	825
1542	824
1540	824
1540	822
1539	822
1539	821
1538	821
1538	820
1537	820
1537	818
1536	818
1536	816
1535	816
1535	813
1533	813
1533	810
1532	810
1532	804
1531	804
1531	802
1522	802
1522	804
1521	804
1521	807
1520	807
1520	808
1519	808
1519	811
1517	811
1517	813
1516	813
1516	815
1514	815
1514	817
1512	817
1512	818
1511	818
1511	825
1510	825
1510	826
1507	826
1507	825
1506	825
1506	824
1504	824
1504	823
1502	823
1502	822
1500	822
1500	821
1499	821
1499	819
1497	819
1497	818
1496	818
1496	817
1494	817
1494	815
1493	815
1493	814
1491	814
1491	813
1490	813
1490	812
1489	812
1489	811
1490	811
1490	810
1487	810
1487	809
1485	809
1485	806
1484	806
1484	807
1483	807
1483	805
1481	805
1481	804
1480	804
1480	803
1479	803
1479	802
1478	802
1478	801
1477	801
1477	800
1476	800
1476	798
1475	798
1475	797
1474	797
1474	796
1473	796
1473	795
1472	795
1472	793
1471	793
1471	792
1469	792
1469	790
1468	790
1468	789
1467	789
1467	788
1466	788
1466	787
1465	787
1465	786
1464	786
1464	785
1463	785
1463	784
1462	784
1462	782
1461	782
1461	781
1460	781
1460	780
1459	780
1459	779
1458	779
1458	778
1457	778
1457	777
1456	777
1456	776
1455	776
1455	774
1454	774
1454	772
1452	772
1452	771
1451	771
1451	769
1450	769
1450	767
1449	767
1449	766
1448	766
1448	765
1447	765
1447	764
1446	764
1446	762
1445	762
1445	760
1444	760
1444	758
1443	758
1443	755
1442	755
1442	749
1441	749
1441	746
1432	746
1432	748
1431	748
1431	749
1430	749
1430	750
1429	750
1429	752
1427	752
1427	753
1426	753
1426	754
1425	754
1425	756
1424	756
1424	757
1423	757
1423	758
1422	758
1422	760
1421	760
1421	761
1420	761
1420	760
1419	760
1419	758
1416	758
1416	757
1414	757
1414	756
1413	756
1413	755
1412	755
1412	754
1411	754
1411	753
1409	753
1409	752
1408	752
1408	750
1407	750
1407	749
1406	749
1406	748
1405	748
1405	746
1404	746
1404	743
1403	743
1403	742
1401	742
1401	741
1400	741
1400	740
1399	740
1399	739
1398	739
1398	737
1397	737
1397	736
1396	736
1396	735
1394	735
1394	733
1393	733
1393	732
1391	732
1391	731
1390	731
1390	730
1382	730
1382	740
1385	740
1385	741
1384	741
1384	742
1385	742
1385	744
1386	744
1386	746
1387	746
1387	747
1386	747
1386	752
1385	752
1385	753
1384	753
1384	752
1380	752
1380	751
1368	751
1368	752
1364	752
1364	753
1362	753
1362	764
1365	764
1365	765
1367	765
1367	768
1371	768
1371	769
1373	769
1373	772
1374	772
1374	773
1375	773
1375	776
1376	776
1376	777
1377	777
1377	779
1379	779
1379	780
1380	780
1380	784
1381	784
1381	787
1382	787
1382	789
1384	789
1384	793
1385	793
1385	794
1386	794
1386	797
1387	797
1387	799
1388	799
1388	800
1389	800
1389	806
1390	806
1390	807
1391	807
1391	811
1392	811
1392	814
1393	814
1393	815
1396	815
1396	822
1397	822
1397	826
1398	826
1398	827
1400	827
1400	829
1401	829
1401	831
1402	831
1402	832
1401	832
1401	834
1404	834
1404	836
1405	836
1405	837
1404	837
1404	838
1405	838
1405	839
1406	839
1406	840
1407	840
1407	843
1408	843
1408	844
1409	844
1409	850
1410	850
1410	851
1411	851
1411	866
1408	866
1408	865
1406	865
1406	864
1388	864
1388	865
1378	865
1378	873
1379	873
1379	874
1381	874
1381	875
1384	875
1384	878
1387	878
1387	879
1388	879
1388	880
1389	880
1389	882
1390	882
1390	883
1391	883
1391	884
1393	884
1393	885
1394	885
1394	887
1395	887
1395	892
1397	892
1397	894
1398	894
1398	895
1400	895
1400	896
1401	896
1401	899
1402	899
1402	901
1403	901
1403	903
1404	903
1404	905
1405	905
1405	907
1406	907
1406	909
1407	909
1407	914
1409	914
1409	917
1411	917
1411	921
1412	921
1412	925
1413	925
1413	926
1414	926
1414	930
1415	930
1415	931
1416	931
1416	933
1417	933
1417	935
1419	935
1419	946
1421	946
1421	947
1424	947
1424	951
1425	951
1425	954
1426	954
1426	955
1427	955
1427	957
1429	957
1429	963
1430	963
1430	966
1431	966
1431	967
1432	967
1432	973
1433	973
1433	987
1432	987
1432	988
1431	988
1431	987
1430	987
1430	986
1427	986
1427	985
1419	985
1419	984
1414	984
1414	983
1411	983
1411	982
1405	982
1405	981
1397	981
1397	982
1396	982
1396	995
1400	995
1400	998
1401	998
1401	999
1404	999
1404	1001
1405	1001
1405	1002
1406	1002
1406	1003
1407	1003
1407	1004
1408	1004
1408	1005
1409	1005
1409	1006
1411	1006
1411	1010
1412	1010
1412	1011
1413	1011
1413	1014
1414	1014
1414	1015
1415	1015
1415	1016
1416	1016
1416	1018
1417	1018
1417	1020
1418	1020
1418	1024
1419	1024
1419	1025
1420	1025
1420	1028
1421	1028
1421	1029
1422	1029
1422	1030
1423	1030
1423	1034
1424	1034
1424	1036
1425	1036
1425	1037
1426	1037
1426	1039
1427	1039
1427	1044
1428	1044
1428	1045
1429	1045
1429	1046
1430	1046
1430	1051
1431	1051
1431	1055
1433	1055
1433	1060
1434	1060
1434	1061
1435	1061
1435	1069
1436	1069
1436	1071
1437	1071
1437	1074
1438	1074
1438	1077
1439	1077
1439	1080
1440	1080
1440	1082
1441	1082
1441	1084
1442	1084
1442	1089
1444	1089
1444	1093
1445	1093
1445	1095
1446	1095
1446	1094
1447	1094
1447	1099
1448	1099
1448	1100
1449	1100
1449	1106
1450	1106
1450	1113
1451	1113
1451	1118
1450	1118
1450	1119
1449	1119
1449	1117
1418	1117
1418	1118
1415	1118
1415	1119
1412	1119
1412	1120
1411	1120
1411	1127
1412	1127
1412	1131
1416	1131
1416	1134
1418	1134
1418	1135
1419	1135
1419	1136
1420	1136
1420	1137
1419	1137
1419	1138
1420	1138
1420	1139
1419	1139
1419	1140
1422	1140
1422	1145
1423	1145
1423	1146
1424	1146
1424	1147
1425	1147
1425	1150
1426	1150
1426	1153
1427	1153
1427	1159
1428	1159
1428	1161
1429	1161
1429	1164
1430	1164
1430	1165
1431	1165
1431	1168
1432	1168
1432	1173
1433	1173
1433	1176
1434	1176
1434	1179
1435	1179
1435	1183
1436	1183
1436	1184
1437	1184
1437	1193
1438	1193
1438	1195
1439	1195
1439	1199
1440	1199
1440	1201
1441	1201
1441	1204
1443	1204
1443	1205
1444	1205
1444	1211
1445	1211
1445	1213
1446	1213
1446	1215
1447	1215
1447	1219
1448	1219
1448	1223
1449	1223
1449	1228
1450	1228
1450	1229
1449	1229
1449	1232
1436	1232
1436	1233
1435	1233
1435	1234
1429	1234
1429	1235
1424	1235
1424	1236
1422	1236
1422	1237
1413	1237
1413	1238
1412	1238
1412	1239
1411	1239
1411	1240
1410	1240
1410	1242
1409	1242
1409	1248
1410	1248
1410	1249
1413	1249
1413	1252
1415	1252
1415	1253
1416	1253
1416	1256
1417	1256
1417	1258
1418	1258
1418	1260
1419	1260
1419	1261
1420	1261
1420	1262
1419	1262
1419	1263
1420	1263
1420	1266
1421	1266
1421	1267
1422	1267
1422	1274
1424	1274
1424	1278
1425	1278
1425	1280
1426	1280
1426	1282
1428	1282
1428	1291
1429	1291
1429	1292
1430	1292
1430	1296
1431	1296
1431	1299
1432	1299
1432	1303
1433	1303
1433	1305
1434	1305
1434	1308
1435	1308
1435	1311
1436	1311
1436	1314
1437	1314
1437	1319
1438	1319
1438	1320
1439	1320
1439	1324
1440	1324
1440	1328
1441	1328
1441	1330
1442	1330
1442	1333
1443	1333
1443	1336
1444	1336
1444	1340
1445	1340
1445	1347
1444	1347
1444	1349
1445	1349
1445	1350
1444	1350
1444	1354
1442	1354
1442	1353
1439	1353
1439	1352
1408	1352
1408	1353
1407	1353
1407	1354
1405	1354
1405	1355
1402	1355
1402	1364
1404	1364
1404	1365
1405	1365
1405	1368
1406	1368
1406	1369
1407	1369
1407	1372
1409	1372
1409	1373
1410	1373
1410	1374
1409	1374
1409	1375
1410	1375
1410	1377
1411	1377
1411	1382
1412	1382
1412	1384
1413	1384
1413	1388
1414	1388
1414	1390
1415	1390
1415	1394
1416	1394
1416	1399
1417	1399
1417	1440
1416	1440
1416	1441
1417	1441
1417	1443
1416	1443
1416	1448
1415	1448
1415	1451
1414	1451
1414	1454
1413	1454
1413	1455
1412	1455
1412	1454
1409	1454
1409	1453
1408	1453
1408	1452
1404	1452
1404	1451
1386	1451
1386	1450
1376	1450
1376	1461
1377	1461
1377	1465
1378	1465
1378	1467
1379	1467
1379	1479
1380	1479
1380	1486
1381	1486
1381	1512
1380	1512
1380	1523
1381	1523
1381	1540
1380	1540
1380	1546
1379	1546
1379	1550
1378	1550
1378	1551
1376	1551
1376	1550
1374	1550
1374	1549
1371	1549
1371	1548
1364	1548
1364	1547
1349	1547
1349	1551
1348	1551
1348	1552
1349	1552
1349	1560
1350	1560
1350	1589
1349	1589
1349	1593
1348	1593
1348	1598
1347	1598
1347	1605
1346	1605
1346	1608
1345	1608
1345	1614
1344	1614
1344	1624
1343	1624
1343	1635
1342	1635
1342	1662
1341	1662
1341	1669
1340	1669
1340	1685
1339	1685
1339	1695
1338	1695
1338	1698
1337	1698
1337	1707
1336	1707
1336	1709
1335	1709
1335	1710
1333	1710
1333	1711
1331	1711
1331	1710
1329	1710
1329	1708
1328	1708
1328	1707
1326	1707
1326	1706
1327	1706
1327	1705
1324	1705
1324	1703
1323	1703
1323	1702
1322	1702
1322	1700
1321	1700
1321	1698
1319	1698
1319	1695
1318	1695
1318	1693
1317	1693
1317	1692
1316	1692
1316	1691
1315	1691
1315	1689
1314	1689
1314	1688
1313	1688
1313	1687
1312	1687
1312	1684
1311	1684
1311	1683
1310	1683
1310	1681
1309	1681
1309	1677
1307	1677
1307	1676
1306	1676
1306	1674
1305	1674
1305	1673
1304	1673
1304	1671
1303	1671
1303	1668
1302	1668
1302	1667
1301	1667
1301	1665
1300	1665
1300	1664
1299	1664
1299	1662
1298	1662
1298	1661
1297	1661
1297	1660
1296	1660
1296	1658
1295	1658
1295	1657
1294	1657
1294	1656
1293	1656
1293	1655
1292	1655
1292	1652
1290	1652
1290	1651
1289	1651
1289	1648
1288	1648
1288	1647
1287	1647
1287	1646
1286	1646
1286	1645
1285	1645
1285	1643
1284	1643
1284	1642
1282	1642
1282	1640
1281	1640
1281	1638
1280	1638
1280	1637
1279	1637
1279	1635
1278	1635
1278	1634
1277	1634
1277	1632
1276	1632
1276	1631
1275	1631
1275	1630
1274	1630
1274	1628
1273	1628
1273	1627
1272	1627
1272	1625
1271	1625
1271	1623
1270	1623
1270	1622
1269	1622
1269	1618
1268	1618
1268	1617
1266	1617
1266	1615
1265	1615
1265	1614
1264	1614
1264	1613
1263	1613
1263	1611
1261	1611
1261	1608
1260	1608
1260	1606
1259	1606
1259	1604
1257	1604
1257	1601
1256	1601
1256	1598
1255	1598
1255	1597
1254	1597
1254	1593
1253	1593
1253	1590
1252	1590
1252	1584
1251	1584
1251	1582
1250	1582
1250	1581
1241	1581
1241	1582
1238	1582
1238	1583
1236	1583
1236	1584
1235	1584
1235	1585
1233	1585
1233	1586
1230	1586
1230	1587
1228	1587
1228	1589
1227	1589
1227	1591
1226	1591
1226	1590
1224	1590
1224	1587
1222	1587
1222	1585
1221	1585
1221	1584
1219	1584
1219	1582
1218	1582
1218	1580
1217	1580
1217	1579
1216	1579
1216	1577
1215	1577
1215	1576
1214	1576
1214	1572
1213	1572
1213	1571
1212	1571
1212	1569
1211	1569
1211	1565
1210	1565
1210	1562
1209	1562
1209	1561
1207	1561
1207	1556
1206	1556
1206	1553
1205	1553
1205	1552
1204	1552
1204	1547
1202	1547
1202	1545
1201	1545
1201	1542
1200	1542
1200	1537
1199	1537
1199	1533
1198	1533
1198	1531
1197	1531
1197	1521
1196	1521
1196	1520
1187	1520
1187	1521
1186	1521
1186	1522
1184	1522
1184	1523
1181	1523
1181	1524
1180	1524
1180	1525
1177	1525
1177	1526
1176	1526
1176	1527
1172	1527
1172	1528
1171	1528
1171	1529
1169	1529
1169	1530
1167	1530
1167	1531
1166	1531
1166	1532
1163	1532
1163	1533
1162	1533
1162	1534
1161	1534
1161	1533
1160	1533
1160	1532
1159	1532
1159	1531
1158	1531
1158	1529
1157	1529
1157	1526
1156	1526
1156	1525
1155	1525
1155	1522
1154	1522
1154	1519
1153	1519
1153	1513
1152	1513
1152	1511
1151	1511
1151	1502
1150	1502
1150	1496
1149	1496
1149	1493
1148	1493
1148	1486
1147	1486
1147	1480
1146	1480
1146	1472
1145	1472
1145	1467
1144	1467
1144	1455
1145	1455
1145	1448
1146	1448
1146	1441
1145	1441
1145	1440
1136	1440
1136	1441
1133	1441
1133	1442
1132	1442
1132	1443
1130	1443
1130	1444
1127	1444
1127	1445
1123	1445
1123	1446
1119	1446
1119	1447
1117	1447
1117	1448
1115	1448
1115	1449
1113	1449
1113	1450
1112	1450
1112	1451
1111	1451
1111	1452
1110	1452
1110	1453
1108	1453
1108	1452
1107	1452
1107	1451
1106	1451
1106	1450
1105	1450
1105	1448
1104	1448
1104	1446
1103	1446
1103	1444
1104	1444
1104	1443
1102	1443
1102	1442
1101	1442
1101	1441
1100	1441
1100	1440
1101	1440
1101	1439
1100	1439
1100	1437
1099	1437
1099	1427
1098	1427
1098	1421
1097	1421
1097	1410
1096	1410
1096	1405
1095	1405
1095	1403
1094	1403
1094	1400
1095	1400
1095	1398
1094	1398
1094	1393
1093	1393
1093	1390
1092	1390
1092	1382
1091	1382
1091	1375
1092	1375
1092	1371
1093	1371
1093	1366
1094	1366
1094	1362
1095	1362
1095	1354
1094	1354
1094	1353
1086	1353
1086	1354
1080	1354
1080	1355
1077	1355
1077	1356
1070	1356
1070	1357
1065	1357
1065	1358
1064	1358
1064	1357
1063	1357
1063	1358
1062	1358
1062	1360
1061	1360
1061	1359
1060	1359
1060	1358
1059	1358
1059	1353
1058	1353
1058	1352
1057	1352
1057	1350
1056	1350
1056	1347
1055	1347
1055	1345
1054	1345
1054	1337
1053	1337
1053	1323
1052	1323
1052	1304
1051	1304
1051	1292
1050	1292
1050	1274
1049	1274
1049	1270
1050	1270
1050	1264
1051	1264
1051	1258
1052	1258
1052	1254
1053	1254
1053	1252
1054	1252
1054	1247
1055	1247
1055	1245
1056	1245
1056	1242
1057	1242
1057	1239
1058	1239
1058	1230
1059	1230
1059	1229
1051	1229
1051	1230
1049	1230
1049	1231
1047	1231
1047	1232
1044	1232
1044	1233
1043	1233
1043	1234
1041	1234
1041	1235
1038	1235
1038	1236
1035	1236
1035	1237
1031	1237
1031	1238
1030	1238
1030	1239
1028	1239
1028	1240
1026	1240
1026	1241
1025	1241
1025	1242
1023	1242
1023	1241
1022	1241
1022	1240
1021	1240
1021	1236
1020	1236
1020	1234
1019	1234
1019	1232
1018	1232
1018	1229
1017	1229
1017	1221
1016	1221
1016	1192
1015	1192
1015	1183
1014	1183
1014	1179
1015	1179
1015	1170
1014	1170
1014	1157
1015	1157
1015	1146
1016	1146
1016	1137
1017	1137
1017	1132
1018	1132
1018	1124
1019	1124
1019	1115
1020	1115
1020	1113
1021	1113
1021	1112
1022	1112
1022	1108
1023	1108
1023	1104
1024	1104
1024	1103
1025	1103
1025	1102
1027	1102
1027	1101
1028	1101
1028	1100
1027	1100
1027	1097
1028	1097
1028	1096
1031	1096
1031	1085
1029	1085
1029	1084
1024	1084
1024	1083
1019	1083
1019	1082
1008	1082
1008	1083
1007	1083
1007	1084
1003	1084
1003	1085
996	1085
996	1086
992	1086
992	1087
987	1087
987	1088
984	1088
984	1082
983	1082
983	1069
984	1069
984	1062
985	1062
985	1059
986	1059
986	1055
987	1055
987	1051
988	1051
988	1046
989	1046
989	1041
990	1041
990	1036
991	1036
991	1034
992	1034
992	1030
993	1030
993	1029
994	1029
994	1022
995	1022
995	1019
996	1019
996	1014
997	1014
997	1012
998	1012
998	1010
999	1010
999	1009
1000	1009
1000	1005
1001	1005
1001	1004
1002	1004
1002	1003
1003	1003
1003	1000
1004	1000
1004	999
1006	999
1006	998
1007	998
1007	997
1010	997
1010	986
997	986
997	987
994	987
994	988
992	988
992	990
988	990
988	992
986	992
986	991
985	991
985	989
984	989
984	983
983	983
983	982
982	982
982	977
981	977
981	976
982	976
982	969
983	969
983	964
984	964
984	949
985	949
985	944
986	944
986	927
987	927
987	924
988	924
988	920
989	920
989	914
990	914
990	912
991	912
991	904
992	904
992	902
993	902
993	899
994	899
994	895
995	895
995	894
996	894
996	891
997	891
997	890
998	890
998	889
999	889
999	886
1000	886
1000	885
1004	885
1004	880
1005	880
1005	879
1006	879
1006	880
1010	880
1010	879
1011	879
1011	874
1017	874
1017	873
1018	873
1018	871
1019	871
1019	863
998	863
998	864
985	864
985	865
982	865
982	866
979	866
979	854
980	854
980	853
981	853
981	848
982	848
982	847
983	847
983	846
984	846
984	842
985	842
985	841
986	841
986	839
987	839
987	837
988	837
988	834
989	834
989	832
990	832
990	831
991	831
991	828
992	828
992	827
991	827
991	826
992	826
992	824
994	824
994	821
995	821
995	815
997	815
997	811
998	811
998	809
999	809
999	802
1000	802
1000	799
1001	799
1001	792
1002	792
1002	790
1003	790
1003	786
1004	786
1004	780
1005	780
1005	779
1006	779
1006	775
1007	775
1007	772
1008	772
1008	771
1009	771
1009	766
1010	766
1010	765
1011	765
1011	762
1014	762
1014	757
1016	757
1016	753
1017	753
1017	752
1019	752
1019	748
1020	748
1020	747
1021	747
1021	746
1023	746
1023	745
1024	745
1024	743
1025	743
1025	742
1026	742
1026	741
1027	741
1027	740
1028	740
1028	739
1031	739
1031	736
1032	736
1032	728
1022	728
1022	727
1007	727
1007	728
1002	728
1002	729
1001	729
1001	720
1002	720
1002	715
1003	715
1003	714
1004	714
1004	710
1005	710
1005	709
1006	709
1006	706
1007	706
1007	705
1008	705
1008	704
1009	704
1009	701
1010	701
1010	700
1012	700
1012	696
1014	696
1014	695
1015	695
1015	692
1016	692
1016	690
1018	690
1018	689
1019	689
1019	685
1021	685
1021	684
1024	684
1024	679
1026	679
1026	678
1025	678
1025	677
1026	677
1026	675
1027	675
1027	674
1029	674
1029	670
1031	670
1031	668
1032	668
1032	666
1033	666
1033	664
1034	664
1034	662
1035	662
1035	660
1036	660
1036	657
1037	657
1037	655
1038	655
1038	654
1039	654
1039	650
1040	650
1040	649
1041	649
1041	641
1033	641
1033	642
1032	642
1032	643
1033	643
1033	644
1032	644
1032	645
1031	645
1031	646
1030	646
1030	647
1029	647
1029	648
1028	648
1028	649
1027	649
1027	650
1026	650
1026	651
1024	651
1024	647
1023	647
1023	645
1022	645
1022	644
1021	644
1021	642
1012	642
1012	644
1011	644
1011	646
1010	646
1010	648
1008	648
1008	649
1007	649
1007	652
1006	652
1006	653
1005	653
1005	654
1004	654
1004	655
1003	655
1003	656
1002	656
1002	657
1000	657
1000	658
998	658
998	659
997	659
997	661
996	661
996	662
994	662
994	663
993	663
993	664
992	664
992	667
990	667
990	668
989	668
989	667
988	667
988	668
987	668
987	672
986	672
986	673
985	673
985	675
984	675
984	676
983	676
983	677
981	677
981	679
980	679
980	680
978	680
978	682
977	682
977	683
976	683
976	684
975	684
975	686
974	686
974	688
972	688
972	691
971	691
971	693
970	693
970	695
969	695
969	696
968	696
968	698
966	698
966	700
965	700
965	703
963	703
963	704
962	704
962	705
961	705
961	706
960	706
960	707
959	707
959	708
958	708
958	709
957	709
957	710
955	710
955	711
952	711
952	706
951	706
951	703
949	703
949	702
948	702
948	701
947	701
947	699
946	699
946	697
945	697
945	696
937	696
937	697
936	697
936	698
935	698
935	699
934	699
934	701
933	701
933	703
931	703
931	706
930	706
930	707
929	707
929	708
927	708
927	712
926	712
926	713
923	713
923	714
922	714
922	716
921	716
921	718
918	718
918	721
917	721
917	722
916	722
916	723
915	723
915	724
914	724
914	725
913	725
913	726
912	726
912	728
908	728
908	729
907	729
907	730
906	730
906	731
905	731
905	732
904	732
904	733
903	733
903	734
902	734
902	735
901	735
901	736
900	736
900	737
899	737
899	738
897	738
897	740
895	740
895	741
893	741
893	742
891	742
891	743
890	743
890	744
889	744
889	745
887	745
887	746
886	746
886	747
885	747
885	748
884	748
884	747
883	747
883	749
882	749
882	750
881	750
881	751
879	751
879	752
878	752
878	753
877	753
877	754
875	754
875	755
873	755
873	756
872	756
872	757
870	757
870	758
866	758
866	759
863	759
863	758
862	758
862	756
863	756
863	754
862	754
862	750
861	750
861	749
860	749
860	746
859	746
859	743
858	743
858	741
849	741
849	743
848	743
848	745
847	745
847	746
846	746
846	747
844	747
844	748
843	748
843	750
842	750
842	752
841	752
841	753
837	753
837	754
838	754
838	755
837	755
837	756
836	756
836	757
835	757
835	758
833	758
833	759
832	759
832	760
831	760
831	761
830	761
830	762
828	762
828	763
826	763
826	764
825	764
825	765
823	765
823	766
821	766
821	767
820	767
820	768
818	768
818	769
816	769
816	770
814	770
814	771
812	771
812	772
811	772
811	773
808	773
808	774
807	774
807	775
805	775
805	776
803	776
803	777
802	777
802	779
800	779
800	780
798	780
798	781
797	781
797	782
796	782
796	783
795	783
795	782
793	782
793	783
792	783
792	786
791	786
791	787
790	787
790	788
788	788
788	789
787	789
787	790
786	790
786	791
785	791
785	792
784	792
784	793
783	793
783	794
780	794
780	795
778	795
778	796
776	796
776	797
774	797
774	798
772	798
772	799
771	799
771	800
768	800
768	801
765	801
765	800
764	800
764	793
763	793
763	789
762	789
762	786
761	786
761	784
760	784
760	783
759	783
759	782
755	782
755	781
752	781
752	782
751	782
751	781
750	781
750	785
748	785
748	787
747	787
747	790
746	790
746	789
745	789
745	791
742	791
742	793
741	793
741	794
740	794
740	795
739	795
739	796
738	796
738	797
736	797
736	798
734	798
734	800
732	800
732	802
729	802
729	803
728	803
728	804
727	804
727	805
726	805
726	806
724	806
724	808
723	808
723	809
720	809
720	811
718	811
718	812
715	812
715	813
714	813
714	815
713	815
713	816
711	816
711	817
709	817
709	818
707	818
707	819
706	819
706	820
705	820
705	821
703	821
703	822
702	822
702	823
701	823
701	824
698	824
698	825
697	825
697	827
695	827
695	828
692	828
692	830
690	830
690	831
689	831
689	832
688	832
688	833
686	833
686	834
684	834
684	835
682	835
682	836
680	836
680	837
675	837
675	834
674	834
674	832
673	832
673	830
672	830
672	829
671	829
671	828
670	828
670	824
669	824
669	823
667	823
667	821
665	821
665	819
664	819
664	818
663	818
663	817
662	817
662	815
655	815
655	814
654	814
654	815
653	815
653	816
652	816
652	818
651	818
651	819
650	819
650	820
648	820
648	821
647	821
647	822
646	822
646	823
645	823
645	824
644	824
644	825
643	825
643	826
642	826
642	827
639	827
639	828
637	828
637	830
636	830
636	831
635	831
635	832
633	832
633	833
632	833
632	834
631	834
631	835
628	835
628	836
627	836
627	837
625	837
625	838
622	838
622	839
621	839
621	840
620	840
620	841
617	841
617	842
614	842
614	843
612	843
612	844
611	844
611	845
608	845
608	846
607	846
607	847
606	847
606	848
605	848
605	847
603	847
603	848
602	848
602	849
598	849
598	850
597	850
597	851
593	851
593	852
592	852
592	853
591	853
591	852
589	852
589	853
587	853
587	854
586	854
586	855
585	855
585	856
583	856
583	857
582	857
582	858
581	858
581	859
577	859
577	860
576	860
576	861
573	861
573	862
571	862
571	863
568	863
568	864
566	864
566	865
564	865
564	866
562	866
562	864
561	864
561	860
560	860
560	858
559	858
559	856
558	856
558	854
557	854
557	853
556	853
556	851
555	851
555	849
554	849
554	848
553	848
553	845
552	845
552	844
551	844
551	843
549	843
549	842
547	842
547	843
543	843
543	842
542	842
542	843
541	843
541	844
540	844
540	846
538	846
538	847
537	847
537	848
536	848
536	849
535	849
535	850
534	850
534	851
532	851
532	852
528	852
528	854
527	854
527	855
526	855
526	856
522	856
522	857
517	857
517	858
516	858
516	860
513	860
513	861
511	861
511	862
507	862
507	863
503	863
503	864
502	864
502	865
496	865
496	866
493	866
493	867
488	867
488	868
486	868
486	869
484	869
484	870
480	870
480	871
477	871
477	872
474	872
474	873
468	873
468	875
465	875
465	876
462	876
462	875
461	875
461	867
460	867
460	863
459	863
459	861
458	861
458	859
457	859
457	857
456	857
456	852
455	852
455	847
454	847
454	846
451	846
451	845
449	845
449	846
448	846
448	845
447	845
447	846
445	846
445	847
442	847
442	848
441	848
441	849
440	849
440	850
438	850
438	852
437	852
437	853
436	853
436	854
435	854
435	855
434	855
434	856
431	856
431	857
428	857
428	860
426	860
426	861
423	861
423	862
419	862
419	863
417	863
417	865
409	865
409	866
403	866
403	867
402	867
402	868
401	868
401	869
398	869
398	870
393	870
393	871
387	871
387	872
374	872
374	873
373	873
373	874
372	874
372	875
363	875
363	876
358	876
358	877
349	877
349	873
348	873
348	872
347	872
347	868
346	868
346	866
345	866
345	862
344	862
344	858
343	858
343	855
342	855
342	852
341	852
341	851
332	851
332	852
328	852
328	853
327	853
327	852
326	852
326	853
324	853
324	855
323	855
323	856
319	856
319	857
315	857
315	858
314	858
314	857
313	857
313	858
312	858
312	859
309	859
309	860
304	860
304	861
298	861
298	862
274	862
274	863
266	863
266	862
265	862
265	863
264	863
264	862
222	862
222	861
221	861
221	855
220	855
220	853
208	853
208	856
173	856
173	855
147	855
147	856
144	856
144	855
143	855
143	856
121	856
121	857
117	857
117	856
115	856
115	857
111	857
111	856
110	856
110	855
109	855
109	853
110	853
110	851
111	851
111	850
112	850
112	849
115	849
115	845
116	845
116	843
117	843
117	842
118	842
118	841
119	841
119	840
120	840
120	839
121	839
121	837
123	837
123	836
126	836
126	833
128	833
128	832
130	832
130	831
131	831
131	829
134	829
134	828
135	828
135	825
137	825
137	824
139	824
139	823
140	823
140	822
141	822
141	820
143	820
143	819
144	819
144	818
145	818
145	816
147	816
147	815
148	815
148	814
149	814
149	813
150	813
150	812
153	812
153	811
154	811
154	810
155	810
155	808
156	808
156	807
157	807
157	806
158	806
158	805
160	805
160	804
162	804
162	801
164	801
164	800
166	800
166	798
168	798
168	796
169	796
169	795
172	795
172	793
173	793
173	792
175	792
175	791
176	791
176	790
177	790
177	789
180	789
180	786
181	786
181	785
184	785
184	784
185	784
185	783
186	783
186	781
189	781
189	780
191	780
191	778
193	778
193	777
194	777
194	776
195	776
195	775
198	775
198	774
200	774
200	771
202	771
202	770
203	770
203	769
205	769
205	768
206	768
206	766
207	766
207	765
211	765
211	763
213	763
213	761
215	761
215	760
217	760
217	759
220	759
220	756
223	756
223	755
226	755
226	754
231	754
231	753
232	753
232	752
235	752
235	751
238	751
238	750
241	750
241	740
240	740
240	739
239	739
239	738
238	738
238	737
237	737
237	736
236	736
236	735
235	735
235	733
234	733
234	732
233	732
233	731
232	731
232	730
231	730
231	729
230	729
230	726
228	726
228	725
227	725
227	724
226	724
226	723
225	723
225	722
223	722
223	721
221	721
221	720
220	720
220	719
219	719
219	718
220	718
220	716
221	716
221	714
223	714
223	711
225	711
225	710
226	710
226	711
227	711
227	709
228	709
228	708
229	708
229	707
230	707
230	705
231	705
231	704
234	704
234	703
235	703
235	702
237	702
237	700
239	700
239	699
241	699
241	698
243	698
243	697
244	697
244	695
247	695
247	694
249	694
249	692
250	692
250	691
254	691
254	690
255	690
255	688
259	688
259	687
260	687
260	685
263	685
263	684
266	684
266	683
268	683
268	682
269	682
269	681
270	681
270	680
274	680
274	678
276	678
276	677
279	677
279	675
280	675
280	674
283	674
283	675
285	675
285	674
287	674
287	672
293	672
293	671
295	671
295	670
297	670
297	669
300	669
300	668
306	668
306	667
313	667
313	666
322	666
322	665
327	665
327	663
328	663
328	657
327	657
327	656
326	656
326	653
325	653
325	651
324	651
324	649
323	649
323	648
322	648
322	646
321	646
321	645
320	645
320	644
319	644
319	643
318	643
318	642
317	642
317	640
316	640
316	639
315	639
315	638
314	638
314	636
313	636
313	635
312	635
312	634
311	634
311	633
309	633
309	632
308	632
308	629
309	629
309	628
310	628
310	627
311	627
311	626
312	626
312	624
315	624
315	623
317	623
317	622
319	622
319	621
320	621
320	620
324	620
324	619
325	619
325	618
327	618
327	617
330	617
330	616
337	616
337	615
343	615
343	614
345	614
345	613
346	613
346	614
349	614
349	612
354	612
354	611
355	611
355	610
362	610
362	609
366	609
366	607
376	607
376	605
383	605
383	604
385	604
385	603
389	603
389	602
395	602
395	601
406	601
406	600
412	600
412	601
413	601
413	602
421	602
421	601
422	601
422	594
421	594
421	592
420	592
420	588
419	588
419	587
418	587
418	585
417	585
417	584
416	584
416	582
415	582
415	579
414	579
414	576
413	576
413	574
412	574
412	573
409	573
409	572
408	572
408	567
407	567
407	566
406	566
406	564
405	564
405	561
406	561
406	560
410	560
410	559
411	559
411	558
419	558
419	557
423	557
423	556
425	556
425	555
430	555
430	554
433	554
433	553
437	553
437	552
439	552
439	551
449	551
449	550
455	550
455	547
469	547
469	545
473	545
473	544
475	544
475	543
478	543
478	544
479	544
479	543
484	543
484	542
490	542
490	541
496	541
496	542
506	542
506	543
519	543
519	533
518	533
518	532
517	532
517	529
516	529
516	528
515	528
515	525
514	525
514	523
513	523
513	521
512	521
512	519
511	519
511	518
510	518
510	515
509	515
509	513
508	513
508	512
507	512
507	511
506	511
506	508
508	508
508	507
509	507
509	506
514	506
514	505
518	505
518	504
519	504
519	503
524	503
524	502
525	502
525	503
526	503
526	502
528	502
528	501
539	501
539	500
549	500
549	499
550	499
550	498
560	498
560	497
563	497
563	496
565	496
565	495
575	495
575	494
586	494
586	495
589	495
589	494
590	494
590	495
594	495
594	494
607	494
607	495
608	495
608	494
609	494
609	495
613	495
613	496
615	496
615	497
624	497
624	488
622	488
622	487
621	487
621	483
620	483
620	479
619	479
619	477
618	477
618	474
617	474
617	472
616	472
616	470
615	470
615	469
614	469
614	468
613	468
613	467
612	467
612	465
613	465
613	464
617	464
617	462
623	462
623	461
626	461
626	460
629	460
629	461
630	461
630	460
669	460
669	461
672	461
672	460
674	460
674	461
675	461
675	460
678	460
678	461
690	461
690	462
696	462
696	463
700	463
700	464
702	464
702	465
709	465
709	466
712	466
712	467
713	467
713	468
721	468
721	456
720	456
720	451
719	451
719	448
717	448
717	447
716	447
716	445
718	445
718	444
722	444
722	443
728	443
728	444
738	444
738	445
752	445
752	446
754	446
754	447
767	447
767	438
768	438
768	426
757	426
757	427
748	427
748	428
741	428
741	427
736	427
736	426
733	426
733	425
727	425
727	424
724	424
724	423
714	423
714	422
710	422
710	421
699	421
699	420
685	420
685	419
684	419
684	418
679	418
679	417
676	417
676	416
675	416
675	411
676	411
676	407
677	407
677	404
678	404
678	395
677	395
677	394
669	394
669	395
660	395
660	394
659	394
659	393
649	393
649	392
646	392
646	391
638	391
638	390
634	390
634	389
630	389
630	388
624	388
624	387
623	387
623	388
619	388
619	386
618	386
618	387
617	387
617	386
604	386
604	385
596	385
596	384
594	384
594	383
591	383
591	382
590	382
590	380
591	380
591	363
582	363
582	364
574	364
574	363
561	363
561	362
559	362
559	361
555	361
555	360
553	360
553	359
550	359
550	358
549	358
549	357
544	357
544	356
543	356
543	355
540	355
540	353
534	353
534	352
532	352
532	351
528	351
528	350
525	350
525	349
524	349
524	348
521	348
521	345
522	345
522	342
523	342
523	330
516	330
516	329
514	329
514	328
509	328
509	327
508	327
508	326
507	326
507	327
506	327
506	326
504	326
504	325
500	325
500	324
499	324
499	323
495	323
495	322
491	322
491	321
488	321
488	320
485	320
485	318
479	318
479	317
477	317
477	316
474	316
474	315
472	315
472	314
470	314
470	313
465	313
465	312
464	312
464	311
462	311
462	310
460	310
460	309
459	309
459	308
455	308
455	307
454	307
454	306
451	306
451	305
449	305
449	303
444	303
444	302
443	302
443	301
440	301
440	300
439	300
439	298
435	298
435	297
431	297
431	296
430	296
430	294
429	294
429	293
424	293
424	292
423	292
423	291
421	291
421	290
420	290
420	289
419	289
419	288
415	288
415	287
412	287
412	286
411	286
411	285
408	285
408	284
407	284
407	283
405	283
405	282
404	282
404	281
403	281
403	280
402	280
402	279
401	279
401	277
403	277
403	276
405	276
405	275
412	275
412	274
416	274
416	273
418	273
418	272
422	272
422	271
431	271
431	270
435	270
435	268
440	268
440	267
445	267
445	266
452	266
452	265
464	265
464	264
466	264
466	263
468	263
468	262
471	262
471	261
475	261
475	259
477	259
477	258
482	258
482	256
484	256
484	255
494	255
494	253
501	253
501	251
514	251
514	250
524	250
524	249
526	249
526	250
536	250
536	246
537	246
537	230
536	230
536	229
535	229
535	228
536	228
536	227
539	227
539	226
546	226
546	225
554	225
554	224
562	224
562	223
573	223
573	224
575	224
575	223
583	223
583	222
586	222
586	223
589	223
589	222
605	222
605	223
606	223
606	224
609	224
609	225
616	225
616	226
619	226
619	227
622	227
622	228
632	228
632	209
631	209
631	206
630	206
630	204
631	204
631	205
632	205
632	204
633	204
633	203
648	203
648	204
658	204
658	205
675	205
675	206
689	206
689	207
692	207
692	208
698	208
698	209
702	209
702	210
708	210
708	212
709	212
709	213
710	213
710	214
711	214
711	215
717	215
717	218
719	218
719	219
720	219
720	218
722	218
722	222
724	222
724	223
726	223
726	225
736	225
736	224
737	224
737	198
736	198
736	195
738	195
738	196
742	196
742	197
744	197
744	196
745	196
745	197
748	197
748	198
761	198
761	199
762	199
762	201
763	201
763	202
770	202
770	203
771	203
771	202
772	202
772	203
777	203
777	205
778	205
778	206
782	206
782	207
786	207
786	206
787	206
787	207
790	207
790	209
792	209
792	210
793	210
793	211
797	211
797	212
800	212
800	213
801	213
801	212
803	212
803	213
804	213
804	214
805	214
805	215
810	215
810	216
812	216
812	217
813	217
813	218
817	218
817	219
819	219
819	220
820	220
820	221
821	221
821	222
822	222
822	223
823	223
823	224
825	224
825	225
829	225
829	226
830	226
830	227
832	227
832	229
834	229
834	232
836	232
836	233
845	233
845	232
846	232
846	230
847	230
847	226
848	226
848	222
849	222
849	220
850	220
850	217
851	217
851	211
852	211
852	205
853	205
853	202
854	202
854	199
855	199
855	201
858	201
858	202
860	202
860	204
864	204
864	205
868	205
868	206
871	206
871	208
877	208
877	209
878	209
878	210
877	210
877	211
882	211
882	214
883	214
883	215
888	215
888	216
889	216
889	218
891	218
891	220
894	220
894	221
896	221
896	222
900	222
900	225
902	225
902	226
904	226
904	227
903	227
903	228
905	228
905	227
907	227
907	230
911	230
911	231
912	231
912	232
913	232
913	233
914	233
914	234
915	234
915	235
916	235
916	236
917	236
917	238
919	238
919	239
921	239
921	240
922	240
922	241
926	241
926	242
929	242
929	241
930	241
930	242
932	242
932	241
933	241
933	239
934	239
934	237
935	237
935	234
936	234
936	231
937	231
937	226
938	226
938	224
939	224
939	221
940	221
940	217
941	217
941	216
942	216
942	217
943	217
943	216
944	216
944	217
950	217
950	218
951	218
951	220
952	220
952	221
956	221
956	223
958	223
958	224
959	224
959	223
960	223
960	227
964	227
964	228
966	228
966	229
967	229
967	230
968	230
968	231
967	231
967	232
969	232
969	233
971	233
971	235
975	235
975	237
976	237
976	238
977	238
977	239
978	239
978	240
981	240
981	242
982	242
982	243
985	243
985	245
986	245
986	247
987	247
987	246
989	246
989	248
990	248
990	249
991	249
991	250
994	250
994	253
995	253
995	254
996	254
996	255
997	255
997	256
999	256
999	257
1000	257
1000	259
1002	259
1002	261
1004	261
1004	264
1005	264
1005	265
1006	265
1006	266
1007	266
1007	268
1008	268
1008	270
1011	270
1011	271
1012	271
1012	272
1013	272
1013	275
1016	275
1016	276
1017	276
1017	279
1018	279
1018	280
1019	280
1019	282
1021	282
1021	284
1022	284
1022	288
1031	288
1031	287
1032	287
1032	285
1033	285
1033	284
1034	284
1034	282
1035	282
1035	279
1036	279
1036	278
1037	278
1037	276
1038	276
1038	274
1039	274
1039	270
1040	270
1040	268
1042	268
1042	269
1043	269
1043	270
1045	270
1045	272
1047	272
1047	273
1048	273
1048	274
1049	274
1049	275
1051	275
1051	278
1052	278
1052	279
1054	279
1054	282
1055	282
1055	283
1056	283
1056	285
1057	285
1057	288
1058	288
1058	290
1060	290
1060	291
1061	291
1061	293
1062	293
1062	294
1063	294
1063	296
1064	296
1064	298
1065	298
1065	300
1066	300
1066	301
1067	301
1067	304
1068	304
1068	305
1069	305
1069	306
1070	306
1070	308
1071	308
1071	310
1072	310
1072	311
1073	311
1073	314
1074	314
1074	315
1076	315
1076	319
1077	319
1077	320
1078	320
1078	322
1079	322
1079	324
1080	324
1080	325
1081	325
1081	328
1082	328
1082	330
1085	330
1085	331
1086	331
1086	332
1088	332
1088	333
1089	333
1089	335
1090	335
1090	336
1099	336
1099	325
1098	325
1098	324
1097	324
1097	316
1096	316
1096	307
1095	307
1095	270
1096	270
1096	269
1097	269
1097	266
1098	266
1098	264
1099	264
1099	258
1100	258
1100	255
1101	255
1101	254
1102	254
1102	252
1103	252
1103	249
1104	249
1104	245
1105	245
1105	243
1106	243
1106	239
1107	239
1107	235
1108	235
1108	231
1109	231
1109	227
1110	227
1110	224
1111	224
1111	223
1112	223
1112	218
1113	218
1113	217
1114	217
1114	214
1115	214
1115	212
1116	212
1116	211
1117	211
1117	208
1118	208
1118	207
1119	207
1119	205
1120	205
1120	203
1121	203
1121	202
1122	202
1122	201
1123	201
1123	199
1124	199
1124	197
1125	197
1125	193
1126	193
1126	192
1128	192
1128	191
1129	191
1129	190
1130	190
1130	189
1131	189
1131	188
1132	188
1132	186
1134	186
1134	184
1135	184
1135	182
1143	182
1143	181
1149	181
1149	180
1154	180
1154	179
1155	179
1155	180
1156	180
1156	186
1155	186
1155	198
1156	198
1156	210
1157	210
1157	214
1158	214
1158	224
1159	224
1159	231
1160	231
1160	234
1161	234
1161	238
1162	238
1162	240
1163	240
1163	243
1164	243
1164	245
1166	245
1166	246
1167	246
1167	248
1168	248
1168	250
1169	250
1169	251
1170	251
1170	252
1171	252
1171	254
1173	254
1173	255
1175	255
1175	256
1177	256
1177	259
1178	259
1178	260
1187	260
1187	258
1188	258
1188	257
1187	257
1187	252
1188	252
1188	245
1189	245
1189	241
1190	241
1190	240
1189	240
1189	238
1190	238
1190	233
1191	233
1191	232
1192	232
1192	230
1193	230
1193	229
1194	229
1194	226
1195	226
1195	223
1196	223
1196	221
1197	221
1197	218
1198	218
1198	215
1199	215
1199	213
1200	213
1200	211
1201	211
1201	208
1202	208
1202	206
1203	206
1203	204
1204	204
1204	201
1205	201
1205	198
1207	198
1207	195
1208	195
1208	194
1209	194
1209	190
1210	190
1210	188
1211	188
1211	187
1212	187
1212	185
1213	185
1213	184
1214	184
1214	182
1216	182
1216	181
1217	181
1217	180
1219	180
1219	181
1220	181
1220	183
1221	183
1221	184
1222	184
1222	185
1224	185
1224	186
1232	186
1232	185
1234	185
1234	181
1235	181
1235	177
1236	177
1236	176
1237	176
1237	174
1238	174
1238	172
1240	172
1240	171
1241	171
1241	170
1242	170
1242	164
1243	164
1243	161
1244	161
1244	159
1245	159
1245	156
1246	156
1246	153
1247	153
1247	151
1248	151
1248	150
1249	150
1249	148
1250	148
1250	147
1251	147
1251	145
1252	145
1252	143
1253	143
1253	140
1254	140
1254	138
1255	138
1255	135
1256	135
1256	133
1257	133
1257	131
1258	131
1258	130
1259	130
1259	125
1260	125
1260	123
1261	123
1261	120
1262	120
1262	108
1263	108
1263	107
1264	107
1264	101
1265	101
1265	94
1266	94
1266	91
1267	91
1267	89
1268	89
1268	90
1270	90
1270	91
1271	91
1271	92
1272	92
1272	94
1273	94
1273	95
1274	95
1274	96
1275	96
1275	98
1277	98
1277	99
1278	99
1278	100
1279	100
1279	102
1280	102
1280	104
1281	104
1281	106
1282	106
1282	110
1284	110
1284	111
1285	111
1285	113
1286	113
1286	114
1287	114
1287	116
1288	116
1288	118
1289	118
1289	119
1290	119
1290	122
1291	122
1291	125
1292	125
1292	129
1293	129
1293	131
1294	131
1294	144
1295	144
1295	150
1296	150
1296	155
1297	155
1297	161
1298	161
1298	166
1299	166
1299	171
1300	171
1300	175
1301	175
1301	181
1302	181
1302	184
1301	184
1301	190
1300	190
1300	194
1299	194
1299	195
1300	195
1300	196
1299	196
1299	197
1300	197
1300	198
1299	198
1299	199
1300	199
1300	200
1304	200
1304	201
1305	201
1305	206
1306	206
1306	215
1305	215
1305	223
1304	223
1304	228
1303	228
1303	233
1302	233
1302	237
1301	237
1301	241
1300	241
1300	242
1299	242
1299	243
1298	243
1298	244
1297	244
1297	248
1296	248
1296	249
1295	249
1295	250
1294	250
1294	251
1293	251
1293	252
1292	252
1292	258
1293	258
1293	260
1296	260
1296	265
1295	265
1295	269
1294	269
1294	272
1293	272
1293	274
1292	274
1292	278
1291	278
1291	280
1290	280
1290	282
1289	282
1289	283
1288	283
1288	284
1287	284
1287	288
1286	288
1286	289
1284	289
1284	292
1283	292
1283	303
1284	303
1284	304
1291	304
1291	303
1292	303
1292	302
1293	302
1293	299
1294	299
1294	297
1295	297
1295	296
1296	296
1296	293
1297	293
1297	294
1298	294
1298	290
1300	290
1300	289
1301	289
1301	286
1302	286
1302	285
1304	285
1304	282
1305	282
1305	280
1306	280
1306	279
1307	279
1307	277
1308	277
1308	276
1309	276
1309	275
1310	275
1310	272
1311	272
1311	270
1313	270
1313	269
1314	269
1314	265
1315	265
1315	264
1316	264
1316	263
1317	263
1317	261
1318	261
1318	259
1319	259
1319	257
1320	257
1320	256
1321	256
1321	254
1322	254
1322	252
1323	252
1323	251
1324	251
1324	249
1325	249
1325	248
1326	248
1326	245
1328	245
1328	244
1329	244
1329	243
1330	243
1330	242
1331	242
1331	241
1332	241
1332	240
1335	240
1335	239
1337	239
1337	238
1338	238
1338	237
1340	237
1340	236
1342	236
1342	241
1343	241
1343	247
1344	247
1344	248
1345	248
1345	251
1346	251
1346	253
1347	253
1347	257
1348	257
1348	258
1349	258
1349	260
1358	260
1358	259
1359	259
1359	255
1361	255
1361	253
1362	253
1362	252
1363	252
1363	251
1364	251
1364	250
1365	250
1365	249
1366	249
1366	248
1367	248
1367	247
1369	247
1369	243
1370	243
1370	242
1371	242
1371	241
1372	241
1372	240
1373	240
1373	239
1374	239
1374	238
1375	238
1375	237
1376	237
1376	236
1377	236
1377	235
1378	235
1378	234
1379	234
1379	232
1380	232
1380	231
1383	231
1383	230
1384	230
1384	227
1386	227
1386	226
1388	226
1388	225
1389	225
1389	222
1390	222
1390	221
1391	221
1391	220
1393	220
1393	219
1394	219
1394	217
1395	217
1395	215
1399	215
1399	214
1400	214
1400	212
1401	212
1401	211
1402	211
1402	210
1403	210
1403	209
1404	209
1404	208
1405	208
1405	207
1407	207
1407	206
1408	206
1408	205
1410	205
1410	204
1411	204
1411	203
1413	203
1413	202
1415	202
1415	201
1414	201
1414	200
1418	200
1418	199
1419	199
1419	198
1420	198
1420	197
1423	197
1423	196
1427	196
1427	195
1431	195
1431	194
1432	194
1432	193
1433	193
1433	196
1434	196
1434	197
1433	197
1433	200
1434	200
1434	201
1433	201
1433	203
1434	203
1434	212
1435	212
1435	215
1436	215
1436	221
1437	221
1437	225
1438	225
1438	229
1439	229
1439	231
1440	231
1440	232
1448	232
1448	231
1449	231
1449	228
1451	228
1451	226
1452	226
1452	225
1454	225
1454	222
1455	222
1455	221
1458	221
1458	220
1459	220
1459	219
1461	219
1461	217
1462	217
1462	216
1463	216
1463	215
1464	215
1464	213
1469	213
1469	212
1471	212
1471	211
1470	211
1470	210
1475	210
1475	208
1476	208
1476	207
1479	207
1479	206
1480	206
1480	205
1483	205
1483	204
1484	204
1484	203
1486	203
1486	202
1488	202
1488	201
1490	201
1490	200
1493	200
1493	199
1494	199
1494	198
1495	198
1495	197
1496	197
1496	196
1499	196
1499	194
1505	194
1505	193
1506	193
1506	192
1507	192
1507	191
1508	191
1508	190
1511	190
1511	188
1514	188
1514	186
1516	186
1516	185
1518	185
1518	184
1519	184
1519	183
1520	183
1520	182
1521	182
1521	183
1523	183
1523	182
1524	182
1524	181
1527	181
1527	180
1534	180
1534	178
1536	178
1536	177
1537	177
1537	184
1538	184
1538	190
1539	190
1539	196
1540	196
1540	202
1541	202
1541	206
1542	206
1542	210
1551	210
1551	209
1552	209
1552	205
1554	205
1554	204
1555	204
1555	203
1556	203
1556	202
1558	202
1558	201
1559	201
1559	200
1560	200
1560	198
1563	198
1563	197
1564	197
1564	195
1565	195
1565	194
1566	194
1566	193
1568	193
1568	192
1570	192
1570	190
1573	190
1573	189
1576	189
1576	188
1578	188
1578	187
1579	187
1579	186
1581	186
1581	185
1585	185
1585	184
1586	184
1586	183
1591	183
1591	181
1592	181
1592	180
1594	180
1594	179
1595	179
1595	178
1598	178
1598	179
1599	179
1599	178
1602	178
1602	177
1604	177
1604	175
1609	175
1609	174
1611	174
1611	173
1612	173
1612	172
1615	172
1615	171
1616	171
1616	170
1620	170
1620	169
1621	169
1621	168
1625	168
1625	167
1627	167
1627	166
1633	166
1633	165
1643	165
1643	164
1644	164
1644	163
1646	163
1646	164
1645	164
1645	173
1646	173
1646	178
1647	178
1647	184
1648	184
1648	187
1654	187
1654	188
1658	188
1658	187
1660	187
1660	185
1663	185
1663	184
1664	184
1664	181
1672	181
1672	180
1674	180
1674	179
1676	179
1676	177
1677	177
1677	178
1687	178
1687	176
1688	176
1688	175
1708	175
1708	174
1709	174
1709	173
1714	173
1714	172
1716	172
1716	171
1722	171
1722	170
1728	170
1728	168
1735	168
1735	167
1737	167
1737	168
1739	168
1739	167
1751	167
1751	168
1752	168
1752	169
1753	169
1753	170
1754	170
1754	169
1756	169
1756	171
1755	171
1755	172
1754	172
1754	173
1753	173
1753	174
1752	174
1752	176
1751	176
1751	178
1750	178
1750	180
1749	180
1749	183
1748	183
1748	188
1747	188
1747	192
1746	192
1746	195
1747	195
1747	196
1746	196
1746	199
1747	199
1747	200
1755	200
1755	198
1765	198
1765	197
1778	197
1778	198
1789	198
1789	197
1792	197
1792	198
1800	198
1800	199
1801	199
1801	200
1810	200
1810	199
1811	199
1811	200
1822	200
1822	201
1830	201
1830	200
1836	200
1836	201
1848	201
1848	200
1888	200
1888	199
1889	199
1889	198
1894	198
1894	197
1899	197
1899	198
1911	198
1911	200
1910	200
1910	201
1909	201
1909	203
1908	203
1908	204
1907	204
1907	205
1906	205
1906	207
1905	207
1905	208
1902	208
1902	210
1901	210
1901	211
1900	211
1900	212
1899	212
1899	213
1898	213
1898	214
1897	214
1897	217
1896	217
1896	219
1894	219
1894	220
1893	220
1893	222
1891	222
1891	223
1889	223
1889	224
1888	224
1888	225
1886	225
1886	226
1885	226
1885	227
1884	227
1884	228
1882	228
1882	230
1881	230
1881	231
1879	231
1879	232
1878	232
1878	233
1876	233
1876	235
1875	235
1875	236
1874	236
1874	237
1871	237
1871	238
1870	238
1870	240
1869	240
1869	241
1866	241
1866	242
1865	242
1865	243
1862	243
1862	244
1861	244
1861	246
1860	246
1860	248
1857	248
1857	250
1856	250
1856	251
1855	251
1855	252
1854	252
1854	253
1852	253
1852	255
1851	255
1851	256
1850	256
1850	257
1849	257
1849	258
1847	258
1847	259
1846	259
1846	260
1845	260
1845	262
1843	262
1843	263
1842	263
1842	264
1841	264
1841	265
1840	265
1840	266
1838	266
1838	267
1837	267
1837	268
1836	268
1836	269
1834	269
1834	270
1831	270
1831	271
1829	271
1829	272
1827	272
1827	273
1822	273
1822	286
1823	286
1823	288
1822	288
1822	289
1820	289
1820	290
1817	290
1817	291
1815	291
1815	293
1813	293
1813	294
1812	294
1812	295
1810	295
1810	296
1809	296
1809	297
1807	297
1807	298
1802	298
1802	301
1801	301
1801	302
1800	302
1800	301
1798	301
1798	302
1797	302
1797	304
1796	304
1796	305
1793	305
1793	306
1789	306
1789	307
1787	307
1787	308
1783	308
1783	309
1782	309
1782	310
1780	310
1780	311
1773	311
1773	312
1767	312
1767	313
1766	313
1766	327
1767	327
1767	330
1768	330
1768	331
1769	331
1769	333
1767	333
1767	334
1765	334
1765	335
1762	335
1762	336
1759	336
1759	337
1757	337
1757	338
1753	338
1753	339
1751	339
1751	340
1745	340
1745	341
1742	341
1742	342
1737	342
1737	343
1732	343
1732	345
1729	345
1729	346
1724	346
1724	347
1721	347
1721	348
1717	348
1717	349
1711	349
1711	350
1696	350
1696	351
1695	351
1695	360
1696	360
1696	364
1697	364
1697	368
1698	368
1698	367
1699	367
1699	368
1700	368
1700	369
1699	369
1699	370
1697	370
1697	371
1693	371
1693	372
1692	372
1692	373
1687	373
1687	374
1686	374
1686	375
1678	375
1678	376
1671	376
1671	377
1662	377
1662	378
1657	378
1657	379
1656	379
1656	380
1648	380
1648	381
1642	381
1642	382
1639	382
1639	383
1628	383
1628	382
1619	382
1619	391
1620	391
1620	392
1621	392
1621	396
1622	396
1622	400
1623	400
1623	405
1624	405
1624	406
1625	406
1625	407
1627	407
1627	408
1626	408
1626	409
1624	409
1624	410
1622	410
1622	411
1620	411
1620	412
1619	412
1619	413
1616	413
1616	414
1612	414
1612	415
1607	415
1607	416
1593	416
1593	417
1592	417
1592	416
1584	416
1584	417
1577	417
1577	418
1567	418
1567	419
1564	419
1564	420
1558	420
1558	421
1544	421
1544	420
1539	420
1539	419
1538	419
1538	418
1534	418
1534	417
1533	417
1533	416
1526	416
1526	417
1525	417
