1276	998
1277	998
1277	1000
1279	1000
1279	1003
1280	1003
1280	1004
1281	1004
1281	1005
1282	1005
1282	1008
1284	1008
1284	1014
1287	1014
1287	1019
1288	1019
1288	1021
1289	1021
1289	1022
1290	1022
1290	1026
1291	1026
1291	1028
1292	1028
1292	1031
1293	1031
1293	1034
1294	1034
1294	1035
1295	1035
1295	1038
1296	1038
1296	1041
1297	1041
1297	1043
1298	1043
1298	1048
1299	1048
1299	1049
1298	1049
1298	1050
1299	1050
1299	1053
1300	1053
1300	1054
1301	1054
1301	1056
1302	1056
1302	1069
1301	1069
1301	1072
1300	1072
1300	1073
1299	1073
1299	1074
1298	1074
1298	1077
1297	1077
1297	1076
1296	1076
1296	1075
1295	1075
1295	1074
1294	1074
1294	1073
1293	1073
1293	1072
1292	1072
1292	1071
1290	1071
1290	1070
1287	1070
1287	1069
1284	1069
1284	1068
1283	1068
1283	1067
1271	1067
1271	1080
1272	1080
1272	1081
1273	1081
1273	1082
1274	1082
1274	1083
1275	1083
1275	1087
1277	1087
1277	1090
1279	1090
1279	1094
1280	1094
1280	1096
1281	1096
1281	1097
1282	1097
1282	1102
1283	1102
1283	1103
1284	1103
1284	1107
1285	1107
1285	1111
1286	1111
1286	1115
1287	1115
1287	1117
1288	1117
1288	1118
1289	1118
1289	1125
1290	1125
1290	1128
1291	1128
1291	1134
1292	1134
1292	1140
1293	1140
1293	1146
1294	1146
1294	1150
1295	1150
1295	1156
1296	1156
1296	1171
1295	1171
1295	1173
1294	1173
1294	1177
1293	1177
1293	1178
1291	1178
1291	1177
1290	1177
1290	1176
1289	1176
1289	1174
1285	1174
1285	1173
1284	1173
1284	1172
1283	1172
1283	1171
1272	1171
1272	1172
1271	1172
1271	1171
1270	1171
1270	1181
1271	1181
1271	1184
1270	1184
1270	1185
1272	1185
1272	1189
1273	1189
1273	1194
1274	1194
1274	1200
1275	1200
1275	1201
1276	1201
1276	1220
1277	1220
1277	1221
1276	1221
1276	1222
1277	1222
1277	1224
1278	1224
1278	1235
1279	1235
1279	1236
1278	1236
1278	1239
1279	1239
1279	1248
1277	1248
1277	1249
1276	1249
1276	1257
1275	1257
1275	1259
1273	1259
1273	1258
1272	1258
1272	1257
1271	1257
1271	1256
1269	1256
1269	1255
1267	1255
1267	1254
1263	1254
1263	1253
1259	1253
1259	1252
1249	1252
1249	1261
1251	1261
1251	1265
1252	1265
1252	1266
1253	1266
1253	1269
1254	1269
1254	1276
1255	1276
1255	1278
1256	1278
1256	1280
1257	1280
1257	1286
1258	1286
1258	1293
1259	1293
1259	1299
1260	1299
1260	1313
1259	1313
1259	1315
1258	1315
1258	1319
1257	1319
1257	1322
1254	1322
1254	1320
1252	1320
1252	1319
1251	1319
1251	1318
1249	1318
1249	1317
1240	1317
1240	1327
1241	1327
1241	1328
1242	1328
1242	1330
1243	1330
1243	1335
1244	1335
1244	1336
1243	1336
1243	1337
1244	1337
1244	1338
1245	1338
1245	1340
1246	1340
1246	1346
1247	1346
1247	1349
1248	1349
1248	1355
1249	1355
1249	1380
1248	1380
1248	1383
1247	1383
1247	1385
1245	1385
1245	1382
1241	1382
1241	1381
1234	1381
1234	1382
1232	1382
1232	1393
1233	1393
1233	1398
1234	1398
1234	1405
1235	1405
1235	1421
1236	1421
1236	1422
1235	1422
1235	1426
1236	1426
1236	1429
1235	1429
1235	1433
1234	1433
1234	1435
1233	1435
1233	1436
1232	1436
1232	1441
1231	1441
1231	1443
1230	1443
1230	1445
1228	1445
1228	1443
1227	1443
1227	1442
1226	1442
1226	1441
1217	1441
1217	1452
1218	1452
1218	1455
1219	1455
1219	1456
1218	1456
1218	1474
1219	1474
1219	1482
1218	1482
1218	1483
1217	1483
1217	1482
1216	1482
1216	1481
1214	1481
1214	1480
1211	1480
1211	1479
1205	1479
1205	1480
1203	1480
1203	1490
1204	1490
1204	1500
1205	1500
1205	1504
1204	1504
1204	1505
1205	1505
1205	1508
1204	1508
1204	1518
1203	1518
1203	1533
1202	1533
1202	1540
1199	1540
1199	1543
1195	1543
1195	1544
1194	1544
1194	1553
1195	1553
1195	1556
1194	1556
1194	1565
1193	1565
1193	1570
1192	1570
1192	1575
1191	1575
1191	1579
1190	1579
1190	1584
1189	1584
1189	1586
1188	1586
1188	1588
1189	1588
1189	1589
1188	1589
1188	1598
1187	1598
1187	1610
1186	1610
1186	1616
1185	1616
1185	1622
1184	1622
1184	1627
1183	1627
1183	1632
1182	1632
1182	1638
1181	1638
1181	1646
1180	1646
1180	1656
1179	1656
1179	1660
1178	1660
1178	1661
1177	1661
1177	1669
1176	1669
1176	1674
1175	1674
1175	1678
1174	1678
1174	1693
1173	1693
1173	1699
1172	1699
1172	1701
1171	1701
1171	1706
1170	1706
1170	1712
1169	1712
1169	1720
1168	1720
1168	1721
1167	1721
1167	1722
1166	1722
1166	1731
1165	1731
1165	1733
1164	1733
1164	1741
1163	1741
1163	1745
1162	1745
1162	1749
1161	1749
1161	1756
1160	1756
1160	1760
1159	1760
1159	1768
1158	1768
1158	1770
1157	1770
1157	1774
1156	1774
1156	1779
1155	1779
1155	1784
1154	1784
1154	1787
1153	1787
1153	1790
1152	1790
1152	1795
1151	1795
1151	1799
1150	1799
1150	1801
1149	1801
1149	1803
1148	1803
1148	1804
1147	1804
1147	1805
1146	1805
1146	1799
1144	1799
1144	1797
1143	1797
1143	1792
1142	1792
1142	1786
1141	1786
1141	1778
1140	1778
1140	1775
1139	1775
1139	1772
1138	1772
1138	1766
1137	1766
1137	1750
1138	1750
1138	1732
1139	1732
1139	1711
1140	1711
1140	1710
1139	1710
1139	1708
1140	1708
1140	1706
1141	1706
1141	1705
1140	1705
1140	1690
1141	1690
1141	1635
1140	1635
1140	1630
1139	1630
1139	1627
1138	1627
1138	1608
1137	1608
1137	1591
1136	1591
1136	1587
1135	1587
1135	1579
1134	1579
1134	1575
1133	1575
1133	1565
1132	1565
1132	1556
1131	1556
1131	1552
1130	1552
1130	1548
1129	1548
1129	1545
1128	1545
1128	1541
1127	1541
1127	1536
1126	1536
1126	1518
1125	1518
1125	1517
1117	1517
1117	1518
1115	1518
1115	1520
1113	1520
1113	1519
1112	1519
1112	1515
1111	1515
1111	1510
1110	1510
1110	1505
1109	1505
1109	1504
1110	1504
1110	1499
1109	1499
1109	1485
1110	1485
1110	1473
1109	1473
1109	1472
1101	1472
1101	1473
1100	1473
1100	1474
1098	1474
1098	1473
1097	1473
1097	1469
1096	1469
1096	1468
1095	1468
1095	1463
1094	1463
1094	1461
1093	1461
1093	1460
1094	1460
1094	1459
1093	1459
1093	1453
1092	1453
1092	1452
1091	1452
1091	1441
1090	1441
1090	1440
1089	1440
1089	1431
1088	1431
1088	1429
1087	1429
1087	1427
1088	1427
1088	1410
1089	1410
1089	1406
1090	1406
1090	1395
1089	1395
1089	1396
1083	1396
1083	1395
1079	1395
1079	1397
1073	1397
1073	1401
1072	1401
1072	1402
1071	1402
1071	1404
1070	1404
1070	1405
1069	1405
1069	1403
1067	1403
1067	1402
1066	1402
1066	1399
1065	1399
1065	1397
1064	1397
1064	1393
1063	1393
1063	1392
1062	1392
1062	1391
1061	1391
1061	1386
1060	1386
1060	1367
1061	1367
1061	1360
1062	1360
1062	1355
1063	1355
1063	1348
1064	1348
1064	1346
1063	1346
1063	1344
1053	1344
1053	1345
1052	1345
1052	1346
1051	1346
1051	1347
1050	1347
1050	1349
1048	1349
1048	1347
1047	1347
1047	1342
1045	1342
1045	1337
1044	1337
1044	1333
1043	1333
1043	1328
1044	1328
1044	1315
1043	1315
1043	1313
1044	1313
1044	1312
1043	1312
1043	1309
1044	1309
1044	1300
1045	1300
1045	1297
1046	1297
1046	1296
1047	1296
1047	1285
1035	1285
1035	1286
1034	1286
1034	1288
1032	1288
1032	1289
1031	1289
1031	1291
1030	1291
1030	1292
1029	1292
1029	1290
1028	1290
1028	1286
1027	1286
1027	1282
1026	1282
1026	1280
1025	1280
1025	1266
1026	1266
1026	1258
1025	1258
1025	1251
1026	1251
1026	1250
1027	1250
1027	1230
1028	1230
1028	1224
1029	1224
1029	1218
1030	1218
1030	1216
1031	1216
1031	1214
1032	1214
1032	1213
1033	1213
1033	1201
1022	1201
1022	1202
1019	1202
1019	1203
1016	1203
1016	1204
1013	1204
1013	1205
1011	1205
1011	1206
1010	1206
1010	1207
1009	1207
1009	1208
1008	1208
1008	1209
1007	1209
1007	1208
1006	1208
1006	1206
1005	1206
1005	1199
1004	1199
1004	1189
1003	1189
1003	1188
1004	1188
1004	1184
1005	1184
1005	1173
1006	1173
1006	1168
1007	1168
1007	1158
1008	1158
1008	1154
1009	1154
1009	1147
1010	1147
1010	1146
1011	1146
1011	1142
1012	1142
1012	1140
1011	1140
1011	1139
1012	1139
1012	1138
1013	1138
1013	1135
1014	1135
1014	1130
1015	1130
1015	1129
1016	1129
1016	1126
1017	1126
1017	1125
1018	1125
1018	1124
1019	1124
1019	1122
1020	1122
1020	1120
1021	1120
1021	1119
1022	1119
1022	1110
1012	1110
1012	1111
1008	1111
1008	1112
1006	1112
1006	1113
1004	1113
1004	1114
1001	1114
1001	1116
999	1116
999	1117
998	1117
998	1118
997	1118
997	1119
996	1119
996	1121
994	1121
994	1119
993	1119
993	1115
992	1115
992	1106
991	1106
991	1102
990	1102
990	1101
991	1101
991	1096
992	1096
992	1089
993	1089
993	1084
994	1084
994	1078
995	1078
995	1074
996	1074
996	1070
997	1070
997	1069
998	1069
998	1068
999	1068
999	1061
1000	1061
1000	1059
999	1059
999	1058
1000	1058
1000	1056
1001	1056
1001	1054
1002	1054
1002	1052
1003	1052
1003	1047
1004	1047
1004	1045
1005	1045
1005	1040
1006	1040
1006	1039
1007	1039
1007	1037
1008	1037
1008	1036
1009	1036
1009	1034
1010	1034
1010	1033
1013	1033
1013	1032
1014	1032
1014	1021
1003	1021
1003	1022
1000	1022
1000	1023
994	1023
994	1024
993	1024
993	1026
991	1026
991	1027
990	1027
990	1025
989	1025
989	1023
987	1023
987	1017
986	1017
986	1016
987	1016
987	1000
988	1000
988	999
989	999
989	997
988	997
988	996
989	996
989	991
991	991
991	988
992	988
992	979
993	979
993	974
994	974
994	972
995	972
995	968
996	968
996	964
997	964
997	960
998	960
998	959
999	959
999	958
1000	958
1000	954
1001	954
1001	953
1003	953
1003	950
1005	950
1005	945
1006	945
1006	942
1008	942
1008	933
996	933
996	934
992	934
992	935
990	935
990	936
988	936
988	937
987	937
987	939
986	939
986	938
985	938
985	936
984	936
984	934
983	934
983	930
982	930
982	929
981	929
981	920
982	920
982	915
983	915
983	909
984	909
984	908
985	908
985	904
986	904
986	902
987	902
987	899
986	899
986	896
987	896
987	892
988	892
988	891
987	891
987	890
988	890
988	888
989	888
989	887
991	887
991	886
990	886
990	882
991	882
991	881
992	881
992	877
993	877
993	874
994	874
994	869
995	869
995	868
998	868
998	866
999	866
999	864
1000	864
1000	862
1001	862
1001	861
1002	861
1002	860
1003	860
1003	857
1005	857
1005	847
991	847
991	848
990	848
990	849
989	849
989	850
988	850
988	851
987	851
987	850
988	850
988	849
987	849
987	848
986	848
986	846
985	846
985	845
984	845
984	832
985	832
985	831
986	831
986	830
987	830
987	821
988	821
988	820
989	820
989	815
990	815
990	814
991	814
991	811
992	811
992	808
993	808
993	799
994	799
994	795
997	795
997	792
998	792
998	789
1000	789
1000	786
1001	786
1001	785
1002	785
1002	783
1003	783
1003	779
1004	779
1004	776
1006	776
1006	772
1008	772
1008	771
1009	771
1009	762
1008	762
1008	761
999	761
999	762
996	762
996	763
993	763
993	764
991	764
991	765
990	765
990	766
989	766
989	767
987	767
987	763
986	763
986	761
987	761
987	751
986	751
986	750
987	750
987	748
988	748
988	746
989	746
989	743
990	743
990	740
991	740
991	739
992	739
992	734
993	734
993	732
994	732
994	728
995	728
995	726
997	726
997	721
998	721
998	719
999	719
999	717
1000	717
1000	715
1001	715
1001	713
1002	713
1002	711
1003	711
1003	707
1004	707
1004	706
1005	706
1005	702
1006	702
1006	701
1007	701
1007	700
1008	700
1008	699
1009	699
1009	696
1010	696
1010	692
1011	692
1011	691
1012	691
1012	689
1013	689
1013	687
1014	687
1014	684
1015	684
1015	672
1014	672
1014	671
1002	671
1002	672
1001	672
1001	674
1000	674
1000	675
998	675
998	664
997	664
997	663
998	663
998	661
999	661
999	660
1000	660
1000	659
1001	659
1001	652
1002	652
1002	651
1003	651
1003	648
1004	648
1004	645
1005	645
1005	642
1006	642
1006	640
1008	640
1008	638
1009	638
1009	637
1008	637
1008	636
1009	636
1009	635
1010	635
1010	633
1011	633
1011	631
1010	631
1010	629
1011	629
1011	627
1012	627
1012	624
1013	624
1013	623
1014	623
1014	619
1015	619
1015	618
1016	618
1016	616
1017	616
1017	615
1018	615
1018	612
1019	612
1019	611
1020	611
1020	609
1021	609
1021	607
1022	607
1022	604
1023	604
1023	603
1024	603
1024	602
1025	602
1025	600
1026	600
1026	599
1027	599
1027	590
1026	590
1026	589
1012	589
1012	591
1010	591
1010	583
1011	583
1011	582
1012	582
1012	579
1014	579
1014	576
1015	576
1015	575
1016	575
1016	571
1017	571
1017	570
1019	570
1019	569
1020	569
1020	568
1019	568
1019	567
1020	567
1020	563
1022	563
1022	559
1023	559
1023	557
1025	557
1025	550
1026	550
1026	549
1027	549
1027	543
1029	543
1029	541
1030	541
1030	540
1031	540
1031	538
1030	538
1030	536
1031	536
1031	534
1032	534
1032	533
1033	533
1033	531
1034	531
1034	527
1035	527
1035	525
1036	525
1036	522
1037	522
1037	520
1036	520
1036	519
1037	519
1037	518
1038	518
1038	514
1039	514
1039	513
1040	513
1040	511
1041	511
1041	507
1042	507
1042	504
1043	504
1043	503
1044	503
1044	501
1045	501
1045	499
1046	499
1046	490
1034	490
1034	492
1032	492
1032	490
1031	490
1031	488
1032	488
1032	487
1033	487
1033	485
1034	485
1034	483
1035	483
1035	480
1036	480
1036	479
1037	479
1037	478
1038	478
1038	475
1039	475
1039	474
1040	474
1040	471
1042	471
1042	470
1043	470
1043	467
1044	467
1044	464
1045	464
1045	462
1046	462
1046	458
1047	458
1047	457
1048	457
1048	455
1049	455
1049	453
1050	453
1050	448
1051	448
1051	447
1052	447
1052	446
1053	446
1053	444
1054	444
1054	442
1055	442
1055	436
1056	436
1056	435
1057	435
1057	431
1059	431
1059	427
1060	427
1060	424
1061	424
1061	423
1062	423
1062	420
1063	420
1063	417
1064	417
1064	412
1065	412
1065	411
1066	411
1066	409
1065	409
1065	408
1066	408
1066	407
1067	407
1067	405
1066	405
1066	404
1067	404
1067	403
1068	403
1068	401
1069	401
1069	391
1068	391
1068	390
1066	390
1066	389
1065	389
1065	388
1066	388
1066	387
1065	387
1065	384
1066	384
1066	381
1065	381
1065	373
1066	373
1066	371
1067	371
1067	368
1066	368
1066	367
1067	367
1067	364
1068	364
1068	359
1069	359
1069	353
1070	353
1070	350
1071	350
1071	344
1072	344
1072	340
1073	340
1073	336
1074	336
1074	332
1075	332
1075	327
1076	327
1076	324
1077	324
1077	322
1076	322
1076	320
1077	320
1077	319
1078	319
1078	315
1079	315
1079	312
1078	312
1078	311
1079	311
1079	310
1080	310
1080	304
1081	304
1081	298
1082	298
1082	296
1081	296
1081	295
1082	295
1082	293
1083	293
1083	287
1084	287
1084	277
1085	277
1085	265
1086	265
1086	254
1087	254
1087	237
1088	237
1088	234
1089	234
1089	224
1088	224
1088	214
1089	214
1089	206
1090	206
1090	205
1091	205
1091	193
1089	193
1089	192
1087	192
1087	193
1086	193
1086	192
1085	192
1085	193
1084	193
1084	192
1083	192
1083	193
1081	193
1081	195
1080	195
1080	197
1079	197
1079	198
1078	198
1078	200
1077	200
1077	202
1076	202
1076	203
1074	203
1074	204
1073	204
1073	208
1072	208
1072	210
1071	210
1071	212
1070	212
1070	213
1069	213
1069	215
1067	215
1067	219
1066	219
1066	221
1065	221
1065	223
1064	223
1064	225
1063	225
1063	226
1062	226
1062	227
1061	227
1061	229
1060	229
1060	230
1059	230
1059	231
1058	231
1058	232
1057	232
1057	233
1056	233
1056	238
1054	238
1054	239
1053	239
1053	241
1052	241
1052	243
1051	243
1051	245
1049	245
1049	246
1050	246
1050	247
1049	247
1049	248
1048	248
1048	250
1047	250
1047	253
1046	253
1046	254
1045	254
1045	257
1044	257
1044	258
1043	258
1043	260
1042	260
1042	263
1041	263
1041	264
1040	264
1040	266
1039	266
1039	269
1038	269
1038	270
1037	270
1037	272
1036	272
1036	274
1035	274
1035	276
1034	276
1034	278
1033	278
1033	280
1032	280
1032	281
1031	281
1031	283
1030	283
1030	285
1029	285
1029	287
1028	287
1028	288
1027	288
1027	290
1026	290
1026	291
1025	291
1025	292
1024	292
1024	293
1022	293
1022	295
1021	295
1021	298
1020	298
1020	303
1019	303
1019	307
1018	307
1018	310
1017	310
1017	315
1016	315
1016	319
1015	319
1015	320
1014	320
1014	322
1015	322
1015	324
1014	324
1014	325
1013	325
1013	328
1012	328
1012	334
1011	334
1011	336
1010	336
1010	339
1009	339
1009	341
1007	341
1007	346
1006	346
1006	349
1005	349
1005	354
1004	354
1004	358
1002	358
1002	359
1001	359
1001	360
1002	360
1002	361
1001	361
1001	363
1000	363
1000	367
999	367
999	370
998	370
998	374
996	374
996	376
995	376
995	377
996	377
996	378
995	378
995	379
993	379
993	380
985	380
985	387
984	387
984	397
983	397
983	401
982	401
982	408
981	408
981	412
980	412
980	414
979	414
979	417
980	417
980	418
979	418
979	422
978	422
978	425
977	425
977	432
976	432
976	434
975	434
975	438
974	438
974	444
973	444
973	446
972	446
972	450
971	450
971	456
970	456
970	457
969	457
969	458
968	458
968	461
969	461
969	463
968	463
968	472
967	472
967	478
966	478
966	479
965	479
965	483
964	483
964	484
961	484
961	481
960	481
960	478
958	478
958	477
954	477
954	478
953	478
953	477
950	477
950	487
949	487
949	490
950	490
950	492
949	492
949	501
948	501
948	505
947	505
947	507
946	507
946	516
945	516
945	520
944	520
944	521
943	521
943	528
941	528
941	529
940	529
940	530
941	530
941	533
940	533
940	538
939	538
939	542
938	542
938	545
936	545
936	546
935	546
935	552
934	552
934	553
933	553
933	554
932	554
932	556
930	556
930	558
929	558
929	555
928	555
928	554
919	554
919	558
918	558
918	562
917	562
917	567
916	567
916	571
915	571
915	572
914	572
914	574
913	574
913	576
914	576
914	577
913	577
913	579
912	579
912	585
911	585
911	586
910	586
910	589
908	589
908	597
907	597
907	604
906	604
906	605
905	605
905	606
904	606
904	607
905	607
905	608
904	608
904	610
903	610
903	612
902	612
902	616
901	616
901	617
900	617
900	621
898	621
898	622
897	622
897	626
896	626
896	627
894	627
894	625
893	625
893	622
890	622
890	621
889	621
889	620
881	620
881	621
880	621
880	627
879	627
879	633
878	633
878	638
877	638
877	643
876	643
876	644
875	644
875	649
874	649
874	651
873	651
873	654
872	654
872	659
871	659
871	660
870	660
870	662
869	662
869	666
868	666
868	669
867	669
867	673
866	673
866	676
865	676
865	677
864	677
864	681
863	681
863	684
862	684
862	685
861	685
861	686
860	686
860	687
859	687
859	688
857	688
857	691
856	691
856	692
855	692
855	693
853	693
853	692
852	692
852	689
851	689
851	688
850	688
850	686
849	686
849	682
840	682
840	683
839	683
839	696
838	696
838	699
837	699
837	701
836	701
836	705
837	705
837	706
836	706
836	710
835	710
835	713
834	713
834	719
832	719
832	721
831	721
831	725
830	725
830	727
829	727
829	731
828	731
828	736
827	736
827	737
826	737
826	739
825	739
825	742
824	742
824	743
823	743
823	745
822	745
822	746
821	746
821	748
820	748
820	749
819	749
819	750
818	750
818	751
815	751
815	753
814	753
814	754
813	754
813	752
812	752
812	750
811	750
811	748
810	748
810	747
809	747
809	746
807	746
807	747
800	747
800	757
799	757
799	760
798	760
798	768
797	768
797	771
796	771
796	772
795	772
795	775
794	775
794	776
793	776
793	777
792	777
792	781
791	781
791	786
790	786
790	788
789	788
789	792
788	792
788	793
787	793
787	795
786	795
786	797
785	797
785	799
784	799
784	801
783	801
783	803
780	803
780	808
777	808
777	809
776	809
776	812
775	812
775	814
771	814
771	815
770	815
770	818
769	818
769	817
768	817
768	814
767	814
767	811
766	811
766	810
767	810
767	809
765	809
765	808
754	808
754	815
753	815
753	820
752	820
752	825
751	825
751	830
750	830
750	831
749	831
749	832
748	832
748	833
749	833
749	834
748	834
748	838
747	838
747	841
746	841
746	845
745	845
745	846
744	846
744	848
743	848
743	851
742	851
742	852
741	852
741	855
740	855
740	858
738	858
738	859
737	859
737	861
735	861
735	862
734	862
734	863
733	863
733	864
732	864
732	866
731	866
731	867
730	867
730	866
729	866
729	868
727	868
727	865
726	865
726	863
725	863
725	862
724	862
724	861
714	861
714	862
713	862
713	871
712	871
712	873
713	873
713	874
712	874
712	877
711	877
711	880
710	880
710	885
709	885
709	886
708	886
708	890
707	890
707	893
706	893
706	896
705	896
705	898
704	898
704	902
703	902
703	906
702	906
702	907
701	907
701	910
700	910
700	912
699	912
699	913
698	913
698	914
697	914
697	918
696	918
696	920
695	920
695	922
694	922
694	924
693	924
693	925
692	925
692	926
691	926
691	928
688	928
688	930
687	930
687	932
686	932
686	931
685	931
685	930
684	930
684	924
682	924
682	923
681	923
681	921
679	921
679	919
678	919
678	918
677	918
677	917
675	917
675	916
666	916
666	922
665	922
665	924
664	924
664	930
663	930
663	933
662	933
662	935
661	935
661	936
660	936
660	939
659	939
659	940
660	940
660	941
659	941
659	946
657	946
657	950
656	950
656	951
654	951
654	952
653	952
653	954
652	954
652	957
650	957
650	958
649	958
649	962
648	962
648	963
647	963
647	966
646	966
646	968
644	968
644	970
643	970
643	971
642	971
642	972
641	972
641	973
640	973
640	974
638	974
638	976
637	976
637	977
636	977
636	978
635	978
635	979
633	979
633	981
632	981
632	982
631	982
631	983
630	983
630	984
629	984
629	983
628	983
628	979
627	979
627	977
626	977
626	976
625	976
625	974
623	974
623	973
622	973
622	971
621	971
621	970
620	970
620	968
612	968
612	969
611	969
611	978
610	978
610	980
609	980
609	984
608	984
608	985
606	985
606	987
605	987
605	988
606	988
606	989
605	989
605	990
604	990
604	993
603	993
603	995
601	995
601	996
600	996
600	1001
598	1001
598	1003
597	1003
597	1005
596	1005
596	1006
595	1006
595	1009
594	1009
594	1011
593	1011
593	1012
592	1012
592	1013
591	1013
591	1014
590	1014
590	1015
589	1015
589	1018
588	1018
588	1019
587	1019
587	1021
586	1021
586	1023
584	1023
584	1024
583	1024
583	1026
581	1026
581	1028
579	1028
579	1029
578	1029
578	1031
575	1031
575	1032
573	1032
573	1033
571	1033
571	1032
572	1032
572	1031
571	1031
571	1028
570	1028
570	1023
568	1023
568	1022
567	1022
567	1021
559	1021
559	1022
558	1022
558	1024
557	1024
557	1028
556	1028
556	1034
554	1034
554	1036
553	1036
553	1039
552	1039
552	1040
551	1040
551	1041
550	1041
550	1044
548	1044
548	1045
547	1045
547	1047
546	1047
546	1049
545	1049
545	1050
544	1050
544	1051
543	1051
543	1052
542	1052
542	1055
541	1055
541	1056
540	1056
540	1057
539	1057
539	1059
538	1059
538	1061
536	1061
536	1062
534	1062
534	1065
533	1065
533	1066
532	1066
532	1067
529	1067
529	1068
528	1068
528	1069
527	1069
527	1068
526	1068
526	1067
525	1067
525	1061
516	1061
516	1062
515	1062
515	1064
514	1064
514	1067
512	1067
512	1072
511	1072
511	1073
510	1073
510	1074
509	1074
509	1075
507	1075
507	1076
508	1076
508	1077
507	1077
507	1079
506	1079
506	1078
505	1078
505	1081
504	1081
504	1082
503	1082
503	1083
502	1083
502	1084
501	1084
501	1086
500	1086
500	1087
499	1087
499	1088
498	1088
498	1089
496	1089
496	1090
495	1090
495	1092
494	1092
494	1093
493	1093
493	1094
492	1094
492	1095
489	1095
489	1094
487	1094
487	1093
481	1093
481	1094
479	1094
479	1097
478	1097
478	1098
477	1098
477	1100
476	1100
476	1102
475	1102
475	1103
474	1103
474	1105
473	1105
473	1106
471	1106
471	1109
470	1109
470	1110
469	1110
469	1111
468	1111
468	1113
467	1113
467	1114
466	1114
466	1115
465	1115
465	1116
464	1116
464	1117
463	1117
463	1118
461	1118
461	1120
460	1120
460	1119
458	1119
458	1120
457	1120
457	1122
454	1122
454	1124
453	1124
453	1123
452	1123
452	1122
444	1122
444	1125
443	1125
443	1127
442	1127
442	1128
441	1128
441	1129
440	1129
440	1130
439	1130
439	1131
438	1131
438	1132
437	1132
437	1133
436	1133
436	1134
435	1134
435	1135
434	1135
434	1136
433	1136
433	1137
432	1137
432	1138
431	1138
431	1139
428	1139
428	1142
427	1142
427	1143
426	1143
426	1144
424	1144
424	1147
423	1147
423	1149
419	1149
419	1150
418	1150
418	1154
417	1154
417	1155
413	1155
413	1158
412	1158
412	1160
411	1160
411	1161
410	1161
410	1160
408	1160
408	1161
407	1161
407	1165
406	1165
406	1166
402	1166
402	1168
401	1168
401	1169
400	1169
400	1170
399	1170
399	1171
398	1171
398	1172
397	1172
397	1173
396	1173
396	1174
395	1174
395	1176
393	1176
393	1177
392	1177
392	1178
391	1178
391	1179
390	1179
390	1180
389	1180
389	1181
388	1181
388	1182
387	1182
387	1183
385	1183
385	1187
384	1187
384	1188
383	1188
383	1189
380	1189
380	1191
379	1191
379	1193
377	1193
377	1194
376	1194
376	1193
375	1193
375	1194
374	1194
374	1198
373	1198
373	1199
370	1199
370	1200
369	1200
369	1204
368	1204
368	1205
364	1205
364	1207
363	1207
363	1210
358	1210
358	1215
357	1215
357	1216
356	1216
356	1217
355	1217
355	1218
354	1218
354	1220
353	1220
353	1221
350	1221
350	1225
349	1225
349	1226
348	1226
348	1227
347	1227
347	1228
346	1228
346	1229
345	1229
345	1230
344	1230
344	1232
340	1232
340	1237
338	1237
338	1238
336	1238
336	1242
334	1242
334	1243
330	1243
330	1246
329	1246
329	1248
326	1248
326	1249
325	1249
325	1252
324	1252
324	1253
322	1253
322	1254
320	1254
320	1255
319	1255
319	1258
318	1258
318	1259
317	1259
317	1260
314	1260
314	1264
313	1264
313	1265
312	1265
312	1266
311	1266
311	1268
310	1268
310	1269
309	1269
309	1270
308	1270
308	1271
307	1271
307	1272
306	1272
306	1273
305	1273
305	1275
303	1275
303	1276
301	1276
301	1278
300	1278
300	1280
298	1280
298	1281
297	1281
297	1282
296	1282
296	1283
295	1283
295	1284
294	1284
294	1286
293	1286
293	1287
291	1287
291	1288
290	1288
290	1291
287	1291
287	1292
286	1292
286	1293
284	1293
284	1296
281	1296
281	1300
280	1300
280	1302
276	1302
276	1303
275	1303
275	1307
274	1307
274	1308
271	1308
271	1309
270	1309
270	1312
269	1312
269	1313
268	1313
268	1314
266	1314
266	1315
265	1315
265	1316
264	1316
264	1319
262	1319
262	1320
259	1320
259	1325
257	1325
257	1327
256	1327
256	1328
255	1328
255	1329
254	1329
254	1330
253	1330
253	1331
252	1331
252	1332
251	1332
251	1333
250	1333
250	1335
249	1335
249	1336
248	1336
248	1338
246	1338
246	1339
244	1339
244	1340
243	1340
243	1341
242	1341
242	1342
241	1342
241	1343
240	1343
240	1344
239	1344
239	1345
238	1345
238	1346
237	1346
237	1347
236	1347
236	1348
234	1348
234	1350
231	1350
231	1351
230	1351
230	1352
229	1352
229	1353
227	1353
227	1354
226	1354
226	1355
225	1355
225	1356
224	1356
224	1357
222	1357
222	1352
223	1352
223	1350
224	1350
224	1348
225	1348
225	1345
226	1345
226	1344
227	1344
227	1342
228	1342
228	1340
229	1340
229	1338
230	1338
230	1337
231	1337
231	1335
232	1335
232	1332
233	1332
233	1328
235	1328
235	1327
236	1327
236	1325
237	1325
237	1324
238	1324
238	1322
240	1322
240	1317
241	1317
241	1316
244	1316
244	1311
245	1311
245	1310
246	1310
246	1305
247	1305
247	1304
248	1304
248	1303
249	1303
249	1302
250	1302
250	1297
253	1297
253	1296
254	1296
254	1295
255	1295
255	1291
256	1291
256	1290
257	1290
257	1289
258	1289
258	1287
259	1287
259	1285
260	1285
260	1284
262	1284
262	1283
263	1283
263	1281
265	1281
265	1279
266	1279
266	1277
267	1277
267	1276
268	1276
268	1273
269	1273
269	1272
270	1272
270	1271
271	1271
271	1269
273	1269
273	1267
274	1267
274	1263
275	1263
275	1262
276	1262
276	1261
277	1261
277	1259
279	1259
279	1257
280	1257
280	1256
282	1256
282	1251
283	1251
283	1250
284	1250
284	1246
287	1246
287	1245
288	1245
288	1243
289	1243
289	1240
291	1240
291	1239
293	1239
293	1234
295	1234
295	1233
296	1233
296	1232
295	1232
295	1231
296	1231
296	1230
297	1230
297	1227
298	1227
298	1223
300	1223
300	1222
301	1222
301	1220
302	1220
302	1217
304	1217
304	1215
305	1215
305	1211
306	1211
306	1210
307	1210
307	1208
308	1208
308	1207
309	1207
309	1206
310	1206
310	1204
311	1204
311	1203
312	1203
312	1202
313	1202
313	1199
315	1199
315	1195
316	1195
316	1194
317	1194
317	1193
319	1193
319	1191
320	1191
320	1190
321	1190
321	1186
322	1186
322	1184
323	1184
323	1183
324	1183
324	1180
325	1180
325	1179
327	1179
327	1173
329	1173
329	1172
330	1172
330	1169
331	1169
331	1168
332	1168
332	1166
333	1166
333	1163
336	1163
336	1162
338	1162
338	1158
339	1158
339	1156
340	1156
340	1155
341	1155
341	1154
342	1154
342	1151
343	1151
343	1148
344	1148
344	1146
345	1146
345	1142
346	1142
346	1141
348	1141
348	1140
349	1140
349	1138
350	1138
350	1137
351	1137
351	1134
352	1134
352	1131
353	1131
353	1130
354	1130
354	1129
355	1129
355	1125
356	1125
356	1124
359	1124
359	1123
360	1123
360	1119
361	1119
361	1118
363	1118
363	1117
364	1117
364	1116
365	1116
365	1113
366	1113
366	1104
361	1104
361	1102
362	1102
362	1100
363	1100
363	1099
364	1099
364	1097
363	1097
363	1096
365	1096
365	1094
366	1094
366	1093
367	1093
367	1092
368	1092
368	1089
369	1089
369	1087
370	1087
370	1085
371	1085
371	1084
372	1084
372	1082
373	1082
373	1080
375	1080
375	1077
376	1077
376	1075
377	1075
377	1074
378	1074
378	1071
379	1071
379	1069
381	1069
381	1066
382	1066
382	1062
384	1062
384	1061
386	1061
386	1058
387	1058
387	1054
388	1054
388	1052
389	1052
389	1050
390	1050
390	1049
391	1049
391	1048
392	1048
392	1044
393	1044
393	1042
394	1042
394	1041
395	1041
395	1039
396	1039
396	1036
397	1036
397	1035
398	1035
398	1032
400	1032
400	1031
402	1031
402	1030
404	1030
404	1025
408	1025
408	1024
409	1024
409	1012
395	1012
395	1013
394	1013
394	1014
392	1014
392	1009
393	1009
393	1004
394	1004
394	1000
395	1000
395	998
397	998
397	997
398	997
398	993
399	993
399	992
401	992
401	989
402	989
402	987
405	987
405	985
407	985
407	984
409	984
409	980
410	980
410	979
411	979
411	978
412	978
412	977
414	977
414	976
415	976
415	971
416	971
416	970
420	970
420	964
422	964
422	963
425	963
425	962
426	962
426	960
428	960
428	959
431	959
431	958
432	958
432	956
434	956
434	947
433	947
433	946
430	946
430	945
424	945
424	944
413	944
413	945
411	945
411	941
412	941
412	937
414	937
414	936
415	936
415	934
414	934
414	933
415	933
415	931
416	931
416	930
417	930
417	928
418	928
418	927
419	927
419	926
420	926
420	923
421	923
421	922
425	922
425	917
428	917
428	916
431	916
431	912
433	912
433	911
436	911
436	909
439	909
439	907
440	907
440	906
443	906
443	905
444	905
444	904
443	904
443	902
447	902
447	901
448	901
448	900
449	900
449	899
453	899
453	896
454	896
454	888
453	888
453	886
450	886
450	885
446	885
446	884
440	884
440	885
438	885
438	884
437	884
437	883
438	883
438	880
439	880
439	878
440	878
440	877
441	877
441	876
442	876
442	871
447	871
447	869
448	869
448	867
449	867
449	866
452	866
452	865
453	865
453	863
455	863
455	862
457	862
457	861
458	861
458	860
459	860
459	858
462	858
462	857
464	857
464	856
465	856
465	854
466	854
466	851
469	851
469	850
472	850
472	846
478	846
478	845
479	845
479	844
480	844
480	843
484	843
484	841
486	841
486	831
484	831
484	830
482	830
482	829
480	829
480	828
476	828
476	827
467	827
467	828
465	828
465	826
466	826
466	822
468	822
468	821
467	821
467	820
468	820
468	818
469	818
469	816
472	816
472	815
474	815
474	813
476	813
476	812
478	812
478	810
480	810
480	808
481	808
481	807
482	807
482	808
483	808
483	807
484	807
484	806
487	806
487	805
486	805
486	803
488	803
488	802
490	802
490	801
493	801
493	799
494	799
494	798
495	798
495	797
496	797
496	796
497	796
497	794
498	794
498	793
499	793
499	792
500	792
500	789
507	789
507	788
508	788
508	786
509	786
509	784
510	784
510	783
514	783
514	782
513	782
513	781
514	781
514	780
517	780
517	779
520	779
520	778
521	778
521	777
522	777
522	775
525	775
525	774
526	774
526	773
525	773
525	772
526	772
526	771
527	771
527	770
528	770
528	771
530	771
530	770
533	770
533	769
534	769
534	767
538	767
538	765
539	765
539	762
538	762
538	761
539	761
539	759
538	759
538	757
535	757
535	756
532	756
532	755
530	755
530	754
529	754
529	753
517	753
517	754
516	754
516	752
517	752
517	751
516	751
516	750
517	750
517	748
518	748
518	746
519	746
519	744
520	744
520	742
521	742
521	739
524	739
524	738
525	738
525	734
531	734
531	733
532	733
532	732
535	732
535	731
536	731
536	726
539	726
539	725
540	725
540	723
542	723
542	722
543	722
543	723
545	723
545	722
546	722
546	721
547	721
547	720
548	720
548	719
549	719
549	718
550	718
550	719
551	719
551	718
552	718
552	716
554	716
554	715
556	715
556	714
557	714
557	713
558	713
558	711
560	711
560	710
563	710
563	709
567	709
567	708
569	708
569	699
568	699
568	698
566	698
566	697
564	697
564	696
552	696
552	694
553	694
553	693
554	693
554	688
555	688
555	686
558	686
558	685
560	685
560	682
561	682
561	681
562	681
562	680
565	680
565	676
570	676
570	675
574	675
574	669
575	669
575	668
582	668
582	667
583	667
583	666
584	666
584	665
585	665
585	664
589	664
589	663
590	663
590	661
592	661
592	660
594	660
594	659
595	659
595	658
596	658
596	657
597	657
597	655
602	655
602	654
603	654
603	651
607	651
607	650
608	650
608	643
607	643
607	641
604	641
604	640
602	640
602	639
601	639
601	638
597	638
597	637
590	637
590	636
589	636
589	635
590	635
590	634
591	634
591	630
592	630
592	629
596	629
596	626
597	626
597	624
601	624
601	623
603	623
603	621
604	621
604	620
607	620
607	618
610	618
610	616
612	616
612	614
615	614
615	613
617	613
617	614
618	614
618	612
619	612
619	611
621	611
621	610
623	610
623	609
624	609
624	608
626	608
626	606
627	606
627	604
630	604
630	605
632	605
632	604
633	604
633	603
634	603
634	602
638	602
638	601
639	601
639	599
641	599
641	597
643	597
643	596
645	596
645	595
646	595
646	594
648	594
648	593
650	593
650	592
651	592
651	583
648	583
648	582
646	582
646	581
643	581
643	580
636	580
636	578
637	578
637	576
638	576
638	575
640	575
640	574
641	574
641	573
642	573
642	572
643	572
643	569
644	569
644	568
645	568
645	569
648	569
648	568
649	568
649	567
650	567
650	566
651	566
651	565
652	565
652	562
655	562
655	561
657	561
657	559
660	559
660	558
662	558
662	557
664	557
664	554
668	554
668	553
670	553
670	552
672	552
672	551
675	551
675	550
676	550
676	547
682	547
682	543
684	543
684	541
690	541
690	539
693	539
693	538
696	538
696	536
698	536
698	535
699	535
699	527
697	527
697	526
695	526
695	525
693	525
693	524
690	524
690	523
685	523
685	521
687	521
687	520
689	520
689	519
690	519
690	517
691	517
691	516
692	516
692	515
695	515
695	514
697	514
697	513
698	513
698	511
699	511
699	510
700	510
700	511
701	511
701	509
702	509
702	508
706	508
706	507
707	507
707	505
709	505
709	504
710	504
710	503
716	503
716	502
717	502
717	496
722	496
722	495
723	495
723	493
726	493
726	492
729	492
729	491
730	491
730	492
731	492
731	491
732	491
732	488
734	488
734	487
735	487
735	485
738	485
738	484
740	484
740	483
741	483
741	482
742	482
742	481
744	481
744	480
745	480
745	472
744	472
744	471
742	471
742	470
738	470
738	469
739	469
739	466
740	466
740	465
744	465
744	464
756	464
756	455
757	455
757	454
758	454
758	453
761	453
761	451
762	451
762	450
765	450
765	448
766	448
766	446
771	446
771	444
773	444
773	443
774	443
774	442
775	442
775	440
779	440
779	439
780	439
780	437
782	437
782	436
783	436
783	435
785	435
785	434
789	434
789	429
794	429
794	428
796	428
796	427
800	427
800	424
805	424
805	423
806	423
806	422
808	422
808	421
809	421
809	420
811	420
811	419
813	419
813	417
814	417
814	410
813	410
813	408
811	408
811	406
808	406
808	405
803	405
803	403
805	403
805	401
806	401
806	400
807	400
807	399
813	399
813	398
814	398
814	397
815	397
815	396
816	396
816	394
819	394
819	393
821	393
821	391
822	391
822	390
825	390
825	389
829	389
829	388
831	388
831	387
832	387
832	386
834	386
834	384
835	384
835	383
838	383
838	382
841	382
841	381
842	381
842	379
843	379
843	378
844	378
844	377
848	377
848	376
849	376
849	374
850	374
850	373
853	373
853	371
854	371
854	370
858	370
858	369
859	369
859	368
860	368
860	367
864	367
864	366
865	366
865	365
868	365
868	364
869	364
869	363
870	363
870	362
871	362
871	361
873	361
873	360
874	360
874	359
876	359
876	358
878	358
878	357
881	357
881	356
882	356
882	355
883	355
883	354
884	354
884	352
885	352
885	351
888	351
888	350
889	350
889	349
890	349
890	341
889	341
889	340
888	340
888	339
886	339
886	337
888	337
888	335
891	335
891	332
895	332
895	330
896	330
896	329
899	329
899	326
900	326
900	325
903	325
903	324
905	324
905	323
906	323
906	321
909	321
909	320
910	320
910	318
911	318
911	317
914	317
914	316
915	316
915	315
918	315
918	314
919	314
919	311
923	311
923	309
924	309
924	307
927	307
927	306
928	306
928	303
929	303
929	302
931	302
931	301
933	301
933	299
935	299
935	298
936	298
936	297
938	297
938	295
940	295
940	294
941	294
941	293
943	293
943	291
946	291
946	290
947	290
947	289
948	289
948	288
949	288
949	286
950	286
950	285
952	285
952	284
954	284
954	283
955	283
955	282
957	282
957	281
958	281
958	280
959	280
959	278
962	278
962	277
964	277
964	276
965	276
965	273
966	273
966	272
971	272
971	271
972	271
972	270
973	270
973	268
974	268
974	267
976	267
976	266
977	266
977	265
978	265
978	264
979	264
979	263
981	263
981	261
982	261
982	260
983	260
983	259
985	259
985	258
986	258
986	257
987	257
987	256
988	256
988	255
989	255
989	254
990	254
990	252
991	252
991	251
993	251
993	250
994	250
994	249
995	249
995	248
996	248
996	247
998	247
998	246
999	246
999	245
1000	245
1000	244
1001	244
1001	242
1002	242
1002	241
1004	241
1004	240
1005	240
1005	239
1007	239
1007	238
1008	238
1008	237
1009	237
1009	235
1010	235
1010	234
1012	234
1012	233
1013	233
1013	232
1014	232
1014	231
1015	231
1015	229
1017	229
1017	228
1019	228
1019	227
1020	227
1020	226
1021	226
1021	225
1022	225
1022	224
1023	224
1023	223
1024	223
1024	222
1025	222
1025	221
1027	221
1027	220
1028	220
1028	219
1029	219
1029	218
1030	218
1030	217
1031	217
1031	215
1032	215
1032	214
1034	214
1034	213
1035	213
1035	212
1036	212
1036	211
1038	211
1038	209
1039	209
1039	208
1040	208
1040	207
1041	207
1041	206
1043	206
1043	205
1044	205
1044	204
1045	204
1045	203
1046	203
1046	202
1047	202
1047	201
1048	201
1048	200
1049	200
1049	199
1050	199
1050	198
1051	198
1051	197
1053	197
1053	196
1054	196
1054	195
1058	195
1058	191
1060	191
1060	190
1061	190
1061	189
1063	189
1063	187
1064	187
1064	186
1063	186
1063	183
1064	183
1064	181
1063	181
1063	179
1054	179
1054	180
1047	180
1047	181
1045	181
1045	182
1044	182
1044	183
1040	183
1040	184
1037	184
1037	185
1035	185
1035	186
1032	186
1032	187
1030	187
1030	188
1026	188
1026	189
1024	189
1024	190
1020	190
1020	191
1018	191
1018	192
1017	192
1017	193
1013	193
1013	194
1012	194
1012	193
1011	193
1011	195
1009	195
1009	196
1006	196
1006	197
1004	197
1004	198
1001	198
1001	199
1000	199
1000	200
997	200
997	201
996	201
996	202
991	202
991	203
990	203
990	205
989	205
989	206
987	206
987	207
985	207
985	208
984	208
984	209
980	209
980	210
979	210
979	211
978	211
978	212
975	212
975	213
974	213
974	214
973	214
973	215
969	215
969	216
968	216
968	217
966	217
966	218
958	218
958	219
956	219
956	221
955	221
955	222
954	222
954	223
953	223
953	224
952	224
952	225
951	225
951	226
950	226
950	227
947	227
947	228
946	228
946	229
945	229
945	230
941	230
941	233
940	233
940	234
938	234
938	236
937	236
937	237
935	237
935	238
933	238
933	239
932	239
932	240
930	240
930	241
929	241
929	242
925	242
925	243
924	243
924	245
923	245
923	246
919	246
919	248
918	248
918	249
916	249
916	250
915	250
915	251
913	251
913	252
908	252
908	254
907	254
907	255
905	255
905	256
903	256
903	257
902	257
902	258
900	258
900	259
897	259
897	261
896	261
896	263
892	263
892	264
886	264
886	265
885	265
885	267
882	267
882	266
875	266
875	265
874	265
874	266
872	266
872	267
871	267
871	268
869	268
869	269
865	269
865	270
864	270
864	273
862	273
862	274
861	274
861	275
860	275
860	276
858	276
858	277
857	277
857	278
856	278
856	279
855	279
855	280
853	280
853	281
848	281
848	282
847	282
847	284
845	284
845	285
843	285
843	286
842	286
842	287
841	287
841	288
839	288
839	289
837	289
837	290
835	290
835	291
832	291
832	292
831	292
831	293
828	293
828	295
825	295
825	296
823	296
823	297
821	297
821	298
820	298
820	299
818	299
818	300
815	300
815	301
812	301
812	302
809	302
809	303
808	303
808	302
807	302
807	297
799	297
799	298
797	298
797	299
796	299
796	300
794	300
794	301
793	301
793	302
791	302
791	303
787	303
787	305
785	305
785	306
784	306
784	307
782	307
782	308
777	308
777	309
776	309
776	311
774	311
774	312
771	312
771	313
770	313
770	314
769	314
769	315
768	315
768	316
766	316
766	317
764	317
764	318
763	318
763	319
758	319
758	320
757	320
757	322
756	322
756	323
753	323
753	324
751	324
751	325
748	325
748	326
746	326
746	327
743	327
743	328
742	328
742	327
741	327
741	328
740	328
740	327
739	327
739	319
727	319
727	321
726	321
726	323
725	323
725	324
722	324
722	325
721	325
721	326
720	326
720	327
719	327
719	328
716	328
716	329
715	329
715	330
710	330
710	332
709	332
709	333
707	333
707	334
705	334
705	335
701	335
701	336
699	336
699	338
698	338
698	339
697	339
697	338
696	338
696	340
694	340
694	341
693	341
693	342
691	342
691	343
690	343
690	344
688	344
688	345
687	345
687	346
685	346
685	347
683	347
683	348
680	348
680	349
677	349
677	350
675	350
675	351
671	351
671	343
670	343
670	341
661	341
661	342
660	342
660	344
659	344
659	345
657	345
657	346
655	346
655	347
652	347
652	349
651	349
651	348
650	348
650	350
649	350
649	351
646	351
646	352
639	352
639	353
638	353
638	355
636	355
636	356
633	356
633	357
631	357
631	358
627	358
627	360
625	360
625	361
623	361
623	362
622	362
622	361
621	361
621	362
620	362
620	363
617	363
617	364
612	364
612	365
607	365
607	358
605	358
605	357
602	357
602	358
594	358
594	361
592	361
592	362
589	362
589	364
587	364
587	365
585	365
585	366
583	366
583	367
578	367
578	369
573	369
573	371
572	371
572	372
571	372
571	373
567	373
567	374
561	374
561	376
560	376
560	377
557	377
557	378
550	378
550	379
545	379
545	378
542	378
542	376
544	376
544	364
543	364
543	363
534	363
534	366
531	366
531	367
530	367
530	366
529	366
529	368
523	368
523	370
522	370
522	371
521	371
521	372
518	372
518	373
516	373
516	374
513	374
513	375
510	375
510	376
508	376
508	377
505	377
505	378
501	378
501	379
500	379
500	380
499	380
499	379
496	379
496	380
495	380
495	381
493	381
493	382
491	382
491	383
476	383
476	382
472	382
472	378
473	378
473	370
472	370
472	369
470	369
470	368
467	368
467	369
466	369
466	368
463	368
463	369
462	369
462	372
461	372
461	373
457	373
457	374
451	374
451	376
449	376
449	377
445	377
445	378
441	378
441	379
433	379
433	380
432	380
432	379
408	379
408	380
407	380
407	379
404	379
404	378
402	378
402	377
397	377
397	376
396	376
396	370
395	370
395	368
393	368
393	369
392	369
392	368
390	368
390	369
389	369
389	368
388	368
388	369
380	369
380	370
379	370
379	371
376	371
376	372
362	372
362	373
360	373
360	372
359	372
359	373
353	373
353	372
352	372
352	373
341	373
341	372
335	372
335	367
307	367
307	366
298	366
298	365
295	365
295	364
294	364
294	363
283	363
283	362
270	362
270	361
251	361
251	360
243	360
243	359
239	359
239	358
238	358
238	357
221	357
221	356
216	356
216	355
205	355
205	354
200	354
200	353
199	353
199	352
184	352
184	351
179	351
179	350
173	350
173	349
165	349
165	348
162	348
162	347
155	347
155	346
150	346
150	345
145	345
145	344
140	344
140	342
139	342
139	341
130	341
130	340
128	340
128	339
124	339
124	338
119	338
119	337
117	337
117	336
115	336
115	335
114	335
114	334
113	334
113	333
112	333
112	332
110	332
110	330
118	330
118	329
132	329
132	328
146	328
146	329
165	329
165	330
166	330
166	329
168	329
168	328
182	328
182	327
192	327
192	326
211	326
211	325
220	325
220	324
225	324
225	323
233	323
233	322
236	322
236	321
264	321
264	319
266	319
266	317
277	317
277	316
282	316
282	315
285	315
285	314
286	314
286	313
288	313
288	312
290	312
290	311
292	311
292	312
293	312
293	311
295	311
295	312
299	312
299	311
307	311
307	310
316	310
316	309
326	309
326	306
336	306
336	305
340	305
340	304
343	304
343	302
349	302
349	301
354	301
354	300
355	300
355	299
365	299
365	298
368	298
368	297
376	297
376	296
377	296
377	287
376	287
376	286
375	286
375	285
377	285
377	286
392	286
392	285
394	285
394	284
395	284
395	283
398	283
398	282
399	282
399	279
403	279
403	277
413	277
413	276
414	276
414	275
415	275
415	273
423	273
423	274
425	274
425	275
427	275
427	274
429	274
429	275
430	275
430	274
432	274
432	273
433	273
433	265
432	265
432	264
431	264
431	263
430	263
430	262
429	262
429	261
428	261
428	260
426	260
426	258
434	258
434	256
437	256
437	255
443	255
443	253
445	253
445	251
460	251
460	250
480	250
480	249
484	249
484	240
483	240
483	239
482	239
482	237
481	237
481	235
479	235
479	234
477	234
477	233
475	233
475	232
474	232
474	231
475	231
475	230
477	230
477	229
480	229
480	228
484	228
484	227
489	227
489	226
490	226
490	225
493	225
493	224
495	224
495	223
502	223
502	222
520	222
520	221
522	221
522	220
524	220
524	221
527	221
527	222
541	222
541	210
540	210
540	209
538	209
538	207
536	207
536	206
535	206
535	205
533	205
533	203
536	203
536	202
537	202
537	203
541	203
541	202
542	202
542	201
546	201
546	200
568	200
568	201
591	201
591	190
590	190
590	191
589	191
589	189
587	189
587	187
595	187
595	186
596	186
596	187
598	187
598	189
607	189
607	186
620	186
620	187
621	187
621	186
624	186
624	187
625	187
625	186
631	186
631	187
632	187
632	186
633	186
633	187
641	187
641	186
649	186
649	187
650	187
650	189
659	189
659	188
664	188
664	187
666	187
666	179
665	179
665	176
664	176
664	174
663	174
663	172
662	172
662	171
660	171
660	169
662	169
662	170
672	170
672	169
676	169
676	168
683	168
683	169
684	169
684	170
702	170
702	171
708	171
708	172
722	172
722	173
730	173
730	161
729	161
729	160
728	160
728	159
727	159
727	158
726	158
726	157
724	157
724	156
739	156
739	155
743	155
743	156
750	156
750	157
756	157
756	158
760	158
760	159
772	159
772	158
787	158
787	157
788	157
788	158
790	158
790	157
792	157
792	155
793	155
793	154
792	154
792	153
793	153
793	152
795	152
795	153
816	153
816	151
819	151
819	150
822	150
822	149
824	149
824	150
832	150
832	149
844	149
844	150
854	150
854	151
869	151
869	149
871	149
871	148
873	148
873	149
874	149
874	148
875	148
875	147
880	147
880	148
900	148
900	146
902	146
902	145
916	145
916	146
924	146
924	147
925	147
925	148
940	148
940	149
949	149
949	148
951	148
951	149
957	149
957	150
959	150
959	151
970	151
970	150
976	150
976	151
977	151
977	152
982	152
982	153
983	153
983	154
984	154
984	153
996	153
996	152
1000	152
1000	153
1010	153
1010	154
1017	154
1017	155
1018	155
1018	156
1028	156
1028	157
1033	157
1033	159
1039	159
1039	160
1046	160
1046	161
1056	161
1056	162
1090	162
1090	161
1091	161
1091	160
1092	160
1092	159
1093	159
1093	160
1100	160
1100	159
1114	159
1114	158
1117	158
1117	157
1119	157
1119	155
1129	155
1129	154
1131	154
1131	153
1133	153
1133	152
1141	152
1141	150
1148	150
1148	148
1150	148
1150	147
1151	147
1151	148
1153	148
1153	147
1154	147
1154	148
1157	148
1157	147
1158	147
1158	145
1163	145
1163	144
1164	144
1164	143
1165	143
1165	142
1170	142
1170	140
1172	140
1172	141
1173	141
1173	140
1175	140
1175	139
1176	139
1176	138
1178	138
1178	137
1182	137
1182	136
1183	136
1183	135
1184	135
1184	134
1188	134
1188	133
1189	133
1189	132
1190	132
1190	131
1192	131
1192	130
1197	130
1197	129
1200	129
1200	128
1202	128
1202	127
1207	127
1207	126
1209	126
1209	125
1214	125
1214	124
1219	124
1219	123
1223	123
1223	122
1224	122
1224	123
1225	123
1225	122
1227	122
1227	121
1229	121
1229	120
1230	120
1230	119
1232	119
1232	118
1238	118
1238	117
1245	117
1245	116
1247	116
1247	115
1249	115
1249	114
1254	114
1254	113
1261	113
1261	112
1262	112
1262	111
1264	111
1264	110
1269	110
1269	109
1270	109
1270	110
1271	110
1271	111
1272	111
1272	110
1284	110
1284	109
1288	109
1288	107
1290	107
1290	108
1292	108
1292	109
1294	109
1294	111
1295	111
1295	112
1305	112
1305	111
1307	111
1307	110
1309	110
1309	109
1313	109
1313	108
1315	108
1315	107
1322	107
1322	106
1323	106
1323	105
1331	105
1331	104
1337	104
1337	103
1343	103
1343	102
1344	102
1344	103
1347	103
1347	102
1349	102
1349	101
1351	101
1351	102
1360	102
1360	101
1368	101
1368	100
1369	100
1369	101
1371	101
1371	100
1374	100
1374	99
1375	99
1375	98
1376	98
1376	108
1391	108
1391	107
1394	107
1394	106
1398	106
1398	105
1399	105
1399	104
1405	104
1405	103
1410	103
1410	102
1412	102
1412	101
1421	101
1421	100
1423	100
1423	99
1428	99
1428	98
1430	98
1430	99
1431	99
1431	98
1432	98
1432	97
1435	97
1435	96
1448	96
1448	95
1449	95
1449	94
1452	94
1452	96
1450	96
1450	97
1449	97
1449	98
1448	98
1448	99
1447	99
1447	110
1453	110
1453	111
1455	111
1455	110
1457	110
1457	111
1458	111
1458	110
1460	110
1460	109
1464	109
1464	108
1478	108
1478	107
1484	107
1484	106
1487	106
1487	104
1488	104
1488	105
1498	105
1498	104
1501	104
1501	106
1502	106
1502	109
1503	109
1503	110
1504	110
1504	109
1514	109
1514	108
1515	108
1515	106
1519	106
1519	105
1520	105
1520	104
1522	104
1522	103
1523	103
1523	104
1524	104
1524	105
1523	105
1523	106
1522	106
1522	107
1521	107
1521	109
1520	109
1520	111
1518	111
1518	122
1521	122
1521	123
1523	123
1523	122
1525	122
1525	123
1526	123
1526	122
1530	122
1530	121
1534	121
1534	120
1543	120
1543	118
1552	118
1552	117
1559	117
1559	116
1571	116
1571	115
1577	115
1577	114
1582	114
1582	113
1583	113
1583	114
1584	114
1584	113
1592	113
1592	112
1600	112
1600	113
1601	113
1601	112
1602	112
1602	114
1601	114
1601	115
1600	115
1600	116
1599	116
1599	117
1598	117
1598	120
1597	120
1597	126
1598	126
1598	128
1613	128
1613	127
1614	127
1614	126
1620	126
1620	125
1621	125
1621	124
1623	124
1623	125
1639	125
1639	126
1656	126
1656	128
1654	128
1654	129
1653	129
1653	132
1652	132
1652	142
1665	142
1665	141
1670	141
1670	140
1676	140
1676	139
1679	139
1679	138
1686	138
1686	137
1699	137
1699	138
1710	138
1710	139
1716	139
1716	140
1714	140
1714	141
1713	141
1713	142
1711	142
1711	145
1710	145
1710	146
1709	146
1709	148
1708	148
1708	158
1720	158
1720	157
1725	157
1725	156
1745	156
1745	155
1746	155
1746	151
1748	151
1748	156
1760	156
1760	158
1772	158
1772	160
1777	160
1777	165
1776	165
1776	166
1777	166
1777	171
1786	171
1786	170
1800	170
1800	169
1802	169
1802	170
1814	170
1814	171
1815	171
1815	172
1820	172
1820	173
1823	173
1823	174
1821	174
1821	176
1820	176
1820	184
1821	184
1821	185
1841	185
1841	186
1845	186
1845	187
1846	187
1846	188
1849	188
1849	189
1855	189
1855	190
1856	190
1856	189
1857	189
1857	190
1862	190
1862	192
1863	192
1863	193
1864	193
1864	195
1865	195
1865	194
1868	194
1868	195
1876	195
1876	196
1882	196
1882	197
1890	197
1890	199
1893	199
1893	200
1896	200
1896	201
1909	201
1909	202
1923	202
1923	203
1928	203
1928	204
1929	204
1929	205
1938	205
1938	206
1946	206
1946	205
1952	205
1952	206
1957	206
1957	207
1965	207
1965	206
1973	206
1973	207
1984	207
1984	206
2032	206
2032	205
2048	205
2048	204
2050	204
2050	203
2051	203
2051	204
2061	204
2061	203
2072	203
2072	202
2080	202
2080	201
2081	201
2081	200
2098	200
2098	201
2097	201
2097	202
2096	202
2096	203
2095	203
2095	204
2094	204
2094	205
2093	205
2093	206
2091	206
2091	205
2090	205
2090	208
2085	208
2085	211
2083	211
2083	212
2080	212
2080	213
2078	213
2078	214
2075	214
2075	215
2069	215
2069	216
2067	216
2067	217
2068	217
2068	218
2063	218
2063	219
2059	219
2059	220
2052	220
2052	221
2051	221
2051	222
2046	222
2046	223
2041	223
2041	224
2036	224
2036	225
2034	225
2034	226
2025	226
2025	228
2021	228
2021	229
2013	229
2013	231
2003	231
2003	232
2002	232
2002	233
1997	233
1997	234
1982	234
1982	235
1976	235
1976	236
1972	236
1972	237
1966	237
1966	238
1965	238
1965	239
1964	239
1964	238
1963	238
1963	239
1952	239
1952	240
1947	240
1947	241
1942	241
1942	242
1936	242
1936	243
1931	243
1931	244
1926	244
1926	245
1920	245
1920	246
1915	246
1915	247
1904	247
1904	248
1903	248
1903	249
1901	249
1901	250
1891	250
1891	251
1888	251
1888	250
1887	250
1887	251
1884	251
1884	252
1885	252
1885	253
1884	253
1884	256
1882	256
1882	257
1876	257
1876	258
1873	258
1873	259
1871	259
1871	258
1870	258
1870	259
1868	259
1868	258
1865	258
1865	259
1864	259
1864	260
1862	260
1862	261
1859	261
1859	262
1858	262
1858	261
1844	261
1844	262
1843	262
1843	268
1838	268
1838	269
1816	269
1816	268
1803	268
1803	267
1801	267
1801	266
1790	266
1790	275
1783	275
1783	276
1780	276
1780	277
1775	277
1775	276
1774	276
1774	275
1760	275
1760	274
1757	274
1757	273
1756	273
1756	272
1751	272
1751	270
1750	270
1750	269
1749	269
1749	270
1748	270
1748	269
1745	269
1745	268
1735	268
1735	279
1736	279
1736	280
1732	280
1732	281
1723	281
1723	280
1712	280
1712	279
1707	279
1707	278
1704	278
1704	277
1702	277
1702	275
1696	275
1696	274
1692	274
1692	273
1691	273
1691	272
1688	272
1688	271
1680	271
1680	270
1677	270
1677	271
1676	271
1676	272
1677	272
1677	274
1676	274
1676	276
1677	276
1677	280
1675	280
1675	281
1674	281
1674	280
1673	280
1673	281
1664	281
1664	280
1658	280
1658	281
1654	281
1654	280
1649	280
1649	279
1646	279
1646	278
1641	278
1641	277
1638	277
1638	276
1635	276
1635	275
1630	275
1630	274
1628	274
1628	273
1617	273
1617	283
1612	283
1612	284
1603	284
1603	283
1596	283
1596	282
1588	282
1588	281
1585	281
1585	280
1580	280
1580	279
1572	279
1572	278
1571	278
1571	277
1569	277
1569	276
1568	276
1568	275
1564	275
1564	274
1561	274
1561	273
1552	273
1552	275
1551	275
1551	283
1543	283
1543	282
1542	282
1542	281
1535	281
1535	280
1534	280
1534	281
1533	281
1533	280
1531	280
1531	279
1529	279
1529	278
1526	278
1526	277
1525	277
1525	276
1524	276
1524	275
1519	275
1519	274
1515	274
1515	273
1513	273
1513	272
1511	272
1511	270
1510	270
1510	271
1509	271
1509	270
1508	270
1508	269
1507	269
1507	268
1506	268
1506	267
1504	267
1504	266
1501	266
1501	265
1499	265
1499	264
1490	264
1490	265
1489	265
1489	272
1487	272
1487	273
1484	273
1484	272
1482	272
1482	270
1481	270
1481	269
1471	269
1471	267
1466	267
1466	266
1465	266
1465	264
1460	264
1460	263
1458	263
1458	262
1457	262
1457	261
1453	261
1453	260
1451	260
1451	259
1449	259
1449	258
1448	258
1448	257
1444	257
1444	256
1443	256
1443	253
1437	253
1437	252
1428	252
1428	253
1427	253
1427	258
1424	258
1424	259
1419	259
1419	258
1416	258
1416	257
1414	257
1414	256
1411	256
1411	255
1410	255
1410	253
1404	253
1404	252
1403	252
1403	251
1400	251
1400	250
1399	250
1399	248
1397	248
1397	247
1391	247
1391	246
1389	246
1389	245
1388	245
1388	244
1385	244
1385	243
1383	243
1383	242
1382	242
1382	241
1378	241
1378	240
1376	240
1376	239
1375	239
1375	238
1372	238
1372	237
1369	237
1369	238
1368	238
1368	236
1367	236
1367	237
1364	237
1364	240
1363	240
1363	241
1361	241
1361	242
1360	242
1360	241
1359	241
1359	242
1356	242
1356	241
1354	241
1354	240
1350	240
1350	239
1346	239
1346	238
1344	238
1344	237
1342	237
1342	236
1340	236
1340	235
1338	235
1338	234
1335	234
1335	233
1334	233
1334	232
1333	232
1333	231
1330	231
1330	230
1328	230
1328	229
1325	229
1325	228
1324	228
1324	227
1323	227
1323	226
1321	226
1321	225
1320	225
1320	226
1319	226
1319	225
1317	225
1317	224
1316	224
1316	223
1314	223
1314	222
1311	222
1311	219
1310	219
1310	218
1306	218
1306	217
1303	217
1303	216
1294	216
1294	217
1292	217
1292	216
1289	216
1289	215
1285	215
1285	214
1283	214
1283	213
1280	213
1280	212
1278	212
1278	210
1277	210
1277	209
1272	209
1272	207
1268	207
1268	206
1266	206
1266	205
1262	205
1262	204
1260	204
1260	203
1257	203
1257	202
1255	202
1255	201
1253	201
1253	200
1251	200
1251	199
1250	199
1250	198
1246	198
1246	197
1244	197
1244	196
1242	196
1242	195
1241	195
1241	194
1240	194
1240	193
1237	193
1237	192
1236	192
1236	191
1235	191
1235	190
1234	190
1234	189
1219	189
1219	188
1218	188
1218	187
1212	187
1212	186
1207	186
1207	185
1203	185
1203	184
1201	184
1201	182
1194	182
1194	181
1190	181
1190	180
1187	180
1187	179
1184	179
1184	178
1180	178
1180	177
1179	177
1179	176
1174	176
1174	175
1170	175
1170	174
1164	174
1164	173
1156	173
1156	172
1152	172
1152	171
1145	171
1145	170
1132	170
1132	179
1133	179
1133	180
1134	180
1134	181
1136	181
1136	182
1138	182
1138	183
1139	183
1139	184
1142	184
1142	185
1143	185
1143	186
1144	186
1144	187
1145	187
1145	189
1150	189
1150	191
1151	191
1151	192
1152	192
1152	193
1154	193
1154	194
1155	194
1155	195
1157	195
1157	196
1158	196
1158	197
1160	197
1160	198
1161	198
1161	200
1164	200
1164	201
1165	201
1165	203
1167	203
1167	204
1169	204
1169	205
1170	205
1170	206
1171	206
1171	207
1172	207
1172	208
1174	208
1174	209
1176	209
1176	211
1178	211
1178	212
1179	212
1179	213
1180	213
1180	215
1183	215
1183	217
1185	217
1185	218
1187	218
1187	219
1188	219
1188	220
1189	220
1189	222
1192	222
1192	223
1193	223
1193	224
1194	224
1194	225
1196	225
1196	226
1197	226
1197	228
1198	228
1198	227
1199	227
1199	228
1200	228
1200	229
1201	229
1201	230
1203	230
1203	231
1205	231
1205	232
1206	232
1206	233
1207	233
1207	234
1208	234
1208	235
1209	235
1209	236
1210	236
1210	237
1211	237
1211	238
1214	238
1214	239
1217	239
1217	241
1220	241
1220	242
1221	242
1221	244
1224	244
1224	245
1225	245
1225	246
1227	246
1227	247
1231	247
1231	248
1232	248
1232	249
1233	249
1233	250
1234	250
1234	251
1237	251
1237	252
1238	252
1238	253
1241	253
1241	255
1242	255
1242	254
1243	254
1243	255
1244	255
1244	256
1245	256
1245	257
1248	257
1248	259
1249	259
1249	260
1250	260
1250	261
1253	261
1253	262
1254	262
1254	263
1255	263
1255	264
1256	264
1256	265
1259	265
1259	267
1260	267
1260	268
1261	268
1261	269
1262	269
1262	270
1263	270
1263	271
1264	271
1264	272
1265	272
1265	273
1266	273
1266	274
1268	274
1268	275
1269	275
1269	276
1271	276
1271	279
1272	279
1272	280
1273	280
1273	281
1274	281
1274	282
1275	282
1275	283
1276	283
1276	284
1277	284
1277	285
1280	285
1280	287
1282	287
1282	288
1287	288
1287	293
1288	293
1288	295
1289	295
1289	296
1290	296
1290	297
1292	297
1292	298
1293	298
1293	299
1296	299
1296	300
1298	300
1298	301
1299	301
1299	302
1302	302
1302	303
1304	303
1304	304
1305	304
1305	305
1306	305
1306	306
1309	306
1309	307
1313	307
1313	309
1315	309
1315	310
1316	310
1316	311
1317	311
1317	312
1320	312
1320	313
1323	313
1323	314
1324	314
1324	316
1325	316
1325	317
1327	317
1327	318
1328	318
1328	319
1331	319
1331	320
1332	320
1332	321
1335	321
1335	322
1336	322
1336	324
1342	324
1342	327
1344	327
1344	328
1349	328
1349	329
1350	329
1350	331
1353	331
1353	333
1354	333
1354	334
1361	334
1361	336
1362	336
1362	337
1365	337
1365	338
1366	338
1366	340
1367	340
1367	341
1363	341
1363	343
1362	343
1362	344
1361	344
1361	353
1362	353
1362	354
1364	354
1364	355
1366	355
1366	356
1369	356
1369	357
1370	357
1370	358
1374	358
1374	359
1376	359
1376	360
1377	360
1377	361
1380	361
1380	363
1385	363
1385	364
1386	364
1386	366
1388	366
1388	367
1391	367
1391	368
1394	368
1394	369
1395	369
1395	370
1398	370
1398	371
1401	371
1401	373
1407	373
1407	374
1408	374
1408	376
1414	376
1414	378
1416	378
1416	379
1418	379
1418	380
1420	380
1420	381
1423	381
1423	382
1426	382
1426	383
1427	383
1427	384
1430	384
1430	385
1435	385
1435	387
1436	387
1436	388
1438	388
1438	389
1444	389
1444	391
1447	391
1447	392
1448	392
1448	393
1451	393
1451	394
1458	394
1458	398
1462	398
1462	399
1463	399
1463	401
1459	401
1459	402
1458	402
1458	403
1457	403
1457	404
1455	404
1455	405
1454	405
1454	407
1453	407
1453	409
1454	409
1454	410
1453	410
1453	414
1454	414
1454	415
1456	415
1456	416
1457	416
1457	417
1460	417
1460	418
1461	418
1461	419
1463	419
1463	420
1466	420
1466	422
1467	422
1467	423
1471	423
1471	424
1472	424
1472	425
1473	425
1473	426
1480	426
1480	430
1485	430
1485	432
1486	432
1486	433
1487	433
1487	434
1490	434
1490	435
1491	435
1491	437
1495	437
1495	438
1496	438
1496	439
1498	439
1498	440
1499	440
1499	442
1502	442
1502	443
1505	443
1505	444
1507	444
1507	445
1506	445
1506	446
1508	446
1508	447
1509	447
1509	448
1515	448
1515	449
1516	449
1516	453
1521	453
1521	456
1522	456
1522	458
1523	458
1523	459
1516	459
1516	460
1512	460
1512	461
1510	461
1510	462
1509	462
1509	470
1510	470
1510	471
1513	471
1513	472
1514	472
1514	473
1517	473
1517	474
1518	474
1518	475
1523	475
1523	476
1526	476
1526	477
1529	477
1529	479
1530	479
1530	480
1535	480
1535	482
1537	482
1537	483
1541	483
1541	485
1543	485
1543	486
1545	486
1545	488
1547	488
1547	489
1550	489
1550	490
1552	490
1552	491
1553	491
1553	492
1555	492
1555	494
1556	494
1556	493
1557	493
1557	494
1562	494
1562	496
1563	496
1563	497
1567	497
1567	498
1568	498
1568	502
1569	502
1569	503
1572	503
1572	504
1573	504
1573	506
1568	506
1568	507
1567	507
1567	508
1565	508
1565	509
1563	509
1563	510
1561	510
1561	511
1560	511
1560	512
1558	512
1558	521
1559	521
1559	522
1562	522
1562	523
1568	523
1568	525
1570	525
1570	526
1571	526
1571	527
1574	527
1574	528
1575	528
1575	527
1576	527
1576	528
1579	528
1579	530
1580	530
1580	531
1584	531
1584	532
1585	532
1585	533
1588	533
1588	534
1589	534
1589	535
1590	535
1590	536
1595	536
1595	537
1596	537
1596	539
1599	539
1599	540
1601	540
1601	541
1602	541
1602	543
1606	543
1606	544
1609	544
1609	545
1612	545
1612	546
1616	546
1616	547
1618	547
1618	550
1620	550
1620	552
1622	552
1622	554
1623	554
1623	555
1624	555
1624	556
1626	556
1626	557
1629	557
1629	558
1630	558
1630	560
1632	560
1632	562
1633	562
1633	563
1632	563
1632	564
1624	564
1624	565
1622	565
1622	566
1620	566
1620	567
1617	567
1617	576
1618	576
1618	577
1620	577
1620	578
1623	578
1623	579
1624	579
1624	580
1629	580
1629	582
1632	582
1632	583
1634	583
1634	585
1640	585
1640	588
1643	588
1643	590
1647	590
1647	591
1648	591
1648	592
1651	592
1651	594
1652	594
1652	595
1654	595
1654	596
1657	596
1657	597
1659	597
1659	598
1660	598
1660	597
1661	597
1661	598
1660	598
1660	599
1663	599
1663	600
1666	600
1666	601
1667	601
1667	603
1671	603
1671	604
1672	604
1672	606
1673	606
1673	607
1677	607
1677	611
1678	611
1678	613
1679	613
1679	614
1680	614
1680	616
1673	616
1673	617
1671	617
1671	618
1669	618
1669	619
1667	619
1667	620
1666	620
1666	621
1665	621
1665	629
1666	629
1666	630
1667	630
1667	631
1673	631
1673	632
1678	632
1678	635
1685	635
1685	636
1684	636
1684	637
1685	637
1685	639
1688	639
1688	640
1690	640
1690	641
1694	641
1694	645
1698	645
1698	646
1700	646
1700	647
1703	647
1703	650
1704	650
1704	651
1708	651
1708	654
1709	654
1709	655
1715	655
1715	656
1716	656
1716	659
1719	659
1719	661
1720	661
1720	662
1722	662
1722	663
1725	663
1725	664
1726	664
1726	665
1727	665
1727	668
1728	668
1728	669
1729	669
1729	670
1730	670
1730	674
1731	674
1731	677
1716	677
1716	678
1715	678
1715	679
1713	679
1713	680
1710	680
1710	691
1713	691
1713	692
1718	692
1718	694
1721	694
1721	695
1723	695
1723	696
1724	696
1724	695
1725	695
1725	696
1726	696
1726	697
1727	697
1727	698
1732	698
1732	699
1733	699
1733	701
1737	701
1737	702
1738	702
1738	703
1740	703
1740	704
1743	704
1743	705
1744	705
1744	706
1746	706
1746	707
1748	707
1748	708
1749	708
1749	709
1750	709
1750	710
1752	710
1752	711
1754	711
1754	712
1755	712
1755	713
1757	713
1757	715
1758	715
1758	716
1761	716
1761	718
1765	718
1765	721
1766	721
1766	722
1767	722
1767	723
1770	723
1770	724
1771	724
1771	727
1772	727
1772	728
1774	728
1774	729
1775	729
1775	730
1776	730
1776	731
1777	731
1777	738
1771	738
1771	739
1768	739
1768	742
1760	742
1760	743
1757	743
1757	744
1756	744
1756	745
1755	745
1755	746
1754	746
1754	754
1755	754
1755	755
1763	755
1763	756
1767	756
1767	757
1768	757
1768	758
1771	758
1771	759
1774	759
1774	761
1778	761
1778	762
1779	762
1779	763
1780	763
1780	764
1782	764
1782	766
1783	766
1783	767
1787	767
1787	768
1788	768
1788	769
1789	769
1789	771
1793	771
1793	773
1794	773
1794	775
1799	775
1799	777
1802	777
1802	778
1804	778
1804	782
1808	782
1808	783
1809	783
1809	786
1810	786
1810	787
1809	787
1809	788
1813	788
1813	789
1816	789
1816	790
1817	790
1817	791
1818	791
1818	793
1821	793
1821	794
1822	794
1822	797
1824	797
1824	798
1825	798
1825	800
1827	800
1827	802
1828	802
1828	804
1829	804
1829	805
1830	805
1830	806
1829	806
1829	807
1830	807
1830	808
1831	808
1831	809
1832	809
1832	818
1821	818
1821	819
1818	819
1818	820
1815	820
1815	821
1813	821
1813	822
1812	822
1812	823
1811	823
1811	824
1810	824
1810	832
1811	832
1811	833
1816	833
1816	835
1819	835
1819	836
1821	836
1821	838
1823	838
1823	840
1824	840
1824	841
1827	841
1827	842
1830	842
1830	843
1831	843
1831	844
1833	844
1833	845
1834	845
1834	846
1836	846
1836	848
1837	848
1837	849
1838	849
1838	850
1841	850
1841	854
1842	854
1842	855
1843	855
1843	856
1848	856
1848	860
1853	860
1853	861
1854	861
1854	862
1853	862
1853	863
1854	863
1854	865
1858	865
1858	866
1859	866
1859	867
1860	867
1860	868
1859	868
1859	869
1860	869
1860	871
1862	871
1862	872
1865	872
1865	876
1867	876
1867	877
1868	877
1868	879
1869	879
1869	880
1870	880
1870	882
1871	882
1871	884
1872	884
1872	885
1873	885
1873	887
1874	887
1874	891
1860	891
1860	892
1859	892
1859	894
1854	894
1854	895
1853	895
1853	901
1852	901
1852	902
1853	902
1853	904
1856	904
1856	906
1859	906
1859	908
1862	908
1862	909
1864	909
1864	910
1865	910
1865	911
1866	911
1866	912
1870	912
1870	913
1873	913
1873	914
1875	914
1875	918
1878	918
1878	919
1880	919
1880	921
1881	921
1881	922
1882	922
1882	923
1883	923
1883	924
1884	924
1884	925
1886	925
1886	928
1887	928
1887	929
1888	929
1888	930
1890	930
1890	931
1892	931
1892	933
1893	933
1893	934
1894	934
1894	935
1896	935
1896	936
1898	936
1898	939
1899	939
1899	943
1903	943
1903	946
1904	946
1904	948
1906	948
1906	949
1907	949
1907	954
1908	954
1908	956
1897	956
1897	967
1899	967
1899	968
1902	968
1902	969
1903	969
1903	970
1904	970
1904	971
1905	971
1905	972
1907	972
1907	975
1908	975
1908	977
1909	977
1909	978
1913	978
1913	979
1914	979
1914	981
1915	981
1915	982
1916	982
1916	984
1917	984
1917	985
1919	985
1919	986
1920	986
1920	987
1922	987
1922	989
1923	989
1923	990
1925	990
1925	993
1926	993
1926	994
1928	994
1928	997
1930	997
1930	998
1931	998
1931	1000
1932	1000
1932	1001
1933	1001
1933	1004
1934	1004
1934	1005
1935	1005
1935	1007
1934	1007
1934	1008
1926	1008
1926	1009
1923	1009
1923	1010
1922	1010
1922	1018
1923	1018
1923	1019
1925	1019
1925	1022
1930	1022
1930	1024
1931	1024
1931	1026
1933	1026
1933	1029
1934	1029
1934	1030
1936	1030
1936	1032
1938	1032
1938	1033
1940	1033
1940	1037
1941	1037
1941	1039
1942	1039
1942	1041
1945	1041
1945	1044
1946	1044
1946	1046
1948	1046
1948	1047
1949	1047
1949	1050
1950	1050
1950	1051
1951	1051
1951	1052
1953	1052
1953	1054
1954	1054
1954	1056
1955	1056
1955	1057
1956	1057
1956	1058
1957	1058
1957	1059
1958	1059
1958	1061
1959	1061
1959	1063
1961	1063
1961	1064
1962	1064
1962	1066
1963	1066
1963	1067
1964	1067
1964	1071
1965	1071
1965	1073
1966	1073
1966	1074
1968	1074
1968	1075
1969	1075
1969	1078
1970	1078
1970	1080
1972	1080
1972	1081
1973	1081
1973	1084
1975	1084
1975	1086
1976	1086
1976	1088
1978	1088
1978	1089
1980	1089
1980	1092
1981	1092
1981	1093
1982	1093
1982	1094
1983	1094
1983	1095
1984	1095
1984	1097
1985	1097
1985	1099
1986	1099
1986	1100
1988	1100
1988	1101
1989	1101
1989	1102
1990	1102
1990	1103
1991	1103
1991	1105
1992	1105
1992	1107
1994	1107
1994	1108
1997	1108
1997	1113
2000	1113
2000	1114
2001	1114
2001	1116
2002	1116
2002	1117
2001	1117
2001	1118
2005	1118
2005	1119
2006	1119
2006	1121
2007	1121
2007	1122
2008	1122
2008	1124
2010	1124
2010	1127
2012	1127
2012	1128
2013	1128
2013	1129
2014	1129
2014	1130
2015	1130
2015	1132
2016	1132
2016	1136
2019	1136
2019	1137
2021	1137
2021	1139
2022	1139
2022	1140
2023	1140
2023	1142
2024	1142
2024	1143
2025	1143
2025	1144
2028	1144
2028	1146
2029	1146
2029	1148
2030	1148
2030	1149
2032	1149
2032	1151
2034	1151
2034	1152
2035	1152
2035	1155
2039	1155
2039	1156
2040	1156
2040	1158
2041	1158
2041	1160
2042	1160
2042	1161
2043	1161
2043	1162
2045	1162
2045	1164
2046	1164
2046	1167
2047	1167
2047	1168
2050	1168
2050	1169
2051	1169
2051	1170
2052	1170
2052	1173
2054	1173
2054	1174
2056	1174
2056	1175
2057	1175
2057	1179
2061	1179
2061	1181
2062	1181
2062	1182
2063	1182
2063	1183
2062	1183
2062	1184
2065	1184
2065	1185
2066	1185
2066	1186
2068	1186
2068	1189
2070	1189
2070	1193
2072	1193
2072	1195
2077	1195
2077	1197
2078	1197
2078	1198
2080	1198
2080	1199
2079	1199
2079	1200
2080	1200
2080	1201
2082	1201
2082	1202
2084	1202
2084	1204
2085	1204
2085	1206
2086	1206
2086	1207
2090	1207
2090	1211
2091	1211
2091	1212
2093	1212
2093	1213
2094	1213
2094	1214
2095	1214
2095	1215
2096	1215
2096	1217
2097	1217
2097	1218
2099	1218
2099	1220
2101	1220
2101	1222
2102	1222
2102	1223
2105	1223
2105	1224
2106	1224
2106	1227
2107	1227
2107	1228
2109	1228
2109	1229
2110	1229
2110	1230
2111	1230
2111	1231
2112	1231
2112	1233
2113	1233
2113	1234
2115	1234
2115	1235
2114	1235
2114	1236
2117	1236
2117	1238
2118	1238
2118	1239
2119	1239
2119	1240
2121	1240
2121	1242
2122	1242
2122	1245
2124	1245
2124	1246
2125	1246
2125	1247
2126	1247
2126	1249
2127	1249
2127	1251
2128	1251
2128	1252
2129	1252
2129	1255
2130	1255
2130	1256
2131	1256
2131	1259
2132	1259
2132	1260
2133	1260
2133	1262
2134	1262
2134	1266
2135	1266
2135	1268
2136	1268
2136	1271
2137	1271
2137	1272
2136	1272
2136	1271
2133	1271
2133	1270
2131	1270
2131	1269
2129	1269
2129	1267
2127	1267
2127	1266
2126	1266
2126	1265
2118	1265
2118	1260
2117	1260
2117	1259
2115	1259
2115	1258
2114	1258
2114	1257
2113	1257
2113	1256
2111	1256
2111	1255
2110	1255
2110	1254
2109	1254
2109	1253
2108	1253
2108	1252
2101	1252
2101	1247
2100	1247
2100	1246
2098	1246
2098	1245
2097	1245
2097	1243
2092	1243
2092	1241
2091	1241
2091	1240
2087	1240
2087	1238
2086	1238
2086	1237
2081	1237
2081	1232
2076	1232
2076	1231
2075	1231
2075	1230
2073	1230
2073	1229
2070	1229
2070	1225
2065	1225
2065	1221
2059	1221
2059	1219
2057	1219
2057	1218
2055	1218
2055	1217
2053	1217
2053	1216
2054	1216
2054	1215
2053	1215
2053	1214
2049	1214
2049	1213
2048	1213
2048	1210
2047	1210
2047	1209
2045	1209
2045	1210
2044	1210
2044	1209
2042	1209
2042	1205
2037	1205
2037	1203
2032	1203
2032	1200
2031	1200
2031	1199
2029	1199
2029	1197
2027	1197
2027	1196
2026	1196
2026	1194
2021	1194
2021	1193
2019	1193
2019	1192
2018	1192
2018	1191
2017	1191
2017	1190
2016	1190
2016	1189
2015	1189
2015	1188
2011	1188
2011	1187
2010	1187
2010	1183
2008	1183
2008	1182
2004	1182
2004	1180
1999	1180
1999	1177
1998	1177
1998	1176
1995	1176
1995	1175
1993	1175
1993	1171
1989	1171
1989	1170
1988	1170
1988	1169
1987	1169
1987	1168
1988	1168
1988	1167
1987	1167
1987	1166
1982	1166
1982	1165
1981	1165
1981	1164
1980	1164
1980	1161
1979	1161
1979	1160
1975	1160
1975	1159
1974	1159
1974	1158
1973	1158
1973	1157
1972	1157
1972	1156
1971	1156
1971	1155
1970	1155
1970	1154
1967	1154
1967	1152
1966	1152
1966	1150
1965	1150
1965	1148
1959	1148
1959	1147
1957	1147
1957	1146
1956	1146
1956	1145
1955	1145
1955	1144
1954	1144
1954	1143
1953	1143
1953	1142
1950	1142
1950	1141
1949	1141
1949	1139
1947	1139
1947	1138
1944	1138
1944	1135
1943	1135
1943	1133
1937	1133
1937	1132
1936	1132
1936	1131
1935	1131
1935	1129
1934	1129
1934	1128
1933	1128
1933	1127
1932	1127
1932	1126
1929	1126
1929	1123
1928	1123
1928	1122
1924	1122
1924	1121
1922	1121
1922	1120
1921	1120
1921	1117
1919	1117
1919	1116
1918	1116
1918	1115
1917	1115
1917	1114
1906	1114
1906	1113
1905	1113
1905	1111
1900	1111
1900	1110
1899	1110
1899	1108
1896	1108
1896	1107
1894	1107
1894	1104
1893	1104
1893	1103
1891	1103
1891	1101
1890	1101
1890	1100
1887	1100
1887	1099
1886	1099
1886	1098
1885	1098
1885	1095
1883	1095
1883	1094
1881	1094
1881	1093
1879	1093
1879	1092
1878	1092
1878	1090
1877	1090
1877	1089
1873	1089
1873	1088
1872	1088
1872	1084
1868	1084
1868	1083
1867	1083
1867	1082
1865	1082
1865	1081
1864	1081
1864	1079
1861	1079
1861	1076
1858	1076
1858	1075
1856	1075
1856	1073
1855	1073
1855	1071
1852	1071
1852	1070
1851	1070
1851	1069
1850	1069
1850	1068
1849	1068
1849	1067
1848	1067
1848	1066
1847	1066
1847	1065
1846	1065
1846	1064
1845	1064
1845	1062
1844	1062
1844	1061
1843	1061
1843	1060
1844	1060
1844	1059
1842	1059
1842	1058
1841	1058
1841	1055
1840	1055
1840	1053
1838	1053
1838	1052
1836	1052
1836	1053
1835	1053
1835	1052
1833	1052
1833	1053
1830	1053
1830	1054
1829	1054
1829	1056
1827	1056
1827	1057
1826	1057
1826	1066
1823	1066
1823	1065
1820	1065
1820	1064
1818	1064
1818	1062
1817	1062
1817	1060
1812	1060
1812	1059
1811	1059
1811	1056
1806	1056
1806	1055
1805	1055
1805	1054
1804	1054
1804	1053
1802	1053
1802	1052
1801	1052
1801	1050
1799	1050
1799	1049
1798	1049
1798	1048
1797	1048
1797	1046
1796	1046
1796	1045
1794	1045
1794	1044
1793	1044
1793	1043
1792	1043
1792	1042
1791	1042
1791	1040
1790	1040
1790	1037
1789	1037
1789	1036
1786	1036
1786	1035
1785	1035
1785	1034
1784	1034
1784	1032
1783	1032
1783	1029
1782	1029
1782	1028
1779	1028
1779	1023
1775	1023
1775	1018
1773	1018
1773	1012
1771	1012
1771	1011
1770	1011
1770	1010
1771	1010
1771	1009
1769	1009
1769	1008
1761	1008
1761	1009
1760	1009
1760	1011
1759	1011
1759	1012
1758	1012
1758	1013
1757	1013
1757	1015
1756	1015
1756	1016
1757	1016
1757	1024
1758	1024
1758	1025
1755	1025
1755	1024
1754	1024
1754	1023
1750	1023
1750	1022
1748	1022
1748	1021
1747	1021
1747	1020
1746	1020
1746	1018
1742	1018
1742	1017
1741	1017
1741	1016
1740	1016
1740	1013
1739	1013
1739	1012
1736	1012
1736	1011
1735	1011
1735	1009
1734	1009
1734	1007
1733	1007
1733	1006
1732	1006
1732	1005
1731	1005
1731	1004
1730	1004
1730	1003
1729	1003
1729	1002
1728	1002
1728	1001
1727	1001
1727	998
1726	998
1726	996
1725	996
1725	995
1724	995
1724	990
1723	990
1723	989
1720	989
1720	987
1719	987
1719	984
1718	984
1718	974
1709	974
1709	975
1708	975
1708	978
1707	978
1707	979
1706	979
1706	980
1705	980
1705	983
1704	983
1704	984
1703	984
1703	985
1702	985
1702	984
1701	984
1701	983
1698	983
1698	982
1696	982
1696	979
1693	979
1693	978
1692	978
1692	977
1691	977
1691	974
1690	974
1690	973
1686	973
1686	972
1685	972
1685	968
1683	968
1683	967
1682	967
1682	966
1681	966
1681	964
1680	964
1680	963
1679	963
1679	962
1677	962
1677	960
1676	960
1676	957
1675	957
1675	956
1674	956
1674	952
1671	952
1671	950
1670	950
1670	949
1671	949
1671	947
1670	947
1670	946
1668	946
1668	945
1667	945
1667	942
1666	942
1666	939
1665	939
1665	934
1664	934
1664	932
1655	932
1655	933
1654	933
1654	935
1653	935
1653	938
1652	938
1652	939
1651	939
1651	941
1650	941
1650	946
1647	946
1647	945
1646	945
1646	944
1645	944
1645	943
1643	943
1643	941
1641	941
1641	940
1640	940
1640	939
1639	939
1639	938
1637	938
1637	936
1636	936
1636	933
1635	933
1635	930
1632	930
1632	929
1631	929
1631	927
1632	927
1632	926
1631	926
1631	925
1630	925
1630	924
1628	924
1628	922
1627	922
1627	920
1628	920
1628	919
1627	919
1627	918
1625	918
1625	917
1623	917
1623	914
1622	914
1622	913
1620	913
1620	911
1619	911
1619	908
1618	908
1618	907
1617	907
1617	906
1616	906
1616	904
1615	904
1615	902
1614	902
1614	900
1613	900
1613	896
1612	896
1612	894
1611	894
1611	893
1610	893
1610	881
1609	881
1609	880
1601	880
1601	881
1600	881
1600	882
1599	882
1599	884
1598	884
1598	886
1597	886
1597	891
1593	891
1593	890
1591	890
1591	889
1589	889
1589	888
1587	888
1587	887
1586	887
1586	885
1584	885
1584	884
1582	884
1582	881
1581	881
1581	880
1580	880
1580	879
1578	879
1578	878
1577	878
1577	875
1576	875
1576	874
1574	874
1574	873
1573	873
1573	872
1572	872
1572	869
1570	869
1570	864
1568	864
1568	863
1567	863
1567	862
1566	862
1566	859
1565	859
1565	858
1564	858
1564	853
1561	853
1561	849
1560	849
1560	847
1559	847
1559	844
1558	844
1558	839
1557	839
1557	835
1555	835
1555	834
1553	834
1553	835
1551	835
1551	834
1550	834
1550	835
1547	835
1547	836
1546	836
1546	838
1545	838
1545	840
1544	840
1544	841
1543	841
1543	843
1542	843
1542	845
1539	845
1539	844
1538	844
1538	843
1536	843
1536	841
1535	841
1535	840
1534	840
1534	838
1533	838
1533	837
1532	837
1532	836
1531	836
1531	832
1532	832
1532	831
1530	831
1530	830
1529	830
1529	831
1528	831
1528	829
1527	829
1527	828
1528	828
1528	827
1527	827
1527	825
1523	825
1523	822
1522	822
1522	820
1521	820
1521	819
1520	819
1520	814
1518	814
1518	813
1517	813
1517	812
1516	812
1516	810
1517	810
1517	809
1515	809
1515	804
1514	804
1514	803
1513	803
1513	802
1512	802
1512	799
1511	799
1511	798
1510	798
1510	794
1509	794
1509	787
1507	787
1507	784
1506	784
1506	782
1507	782
1507	780
1506	780
1506	778
1498	778
1498	779
1496	779
1496	781
1494	781
1494	782
1493	782
1493	784
1492	784
1492	786
1491	786
1491	791
1488	791
1488	790
1487	790
1487	789
1486	789
1486	788
1484	788
1484	786
1482	786
1482	781
1480	781
1480	780
1479	780
1479	779
1478	779
1478	778
1477	778
1477	777
1476	777
1476	776
1475	776
1475	775
1474	775
1474	773
1473	773
1473	771
1472	771
1472	770
1471	770
1471	768
1470	768
1470	764
1468	764
1468	761
1467	761
1467	760
1466	760
1466	758
1465	758
1465	754
1464	754
1464	753
1463	753
1463	752
1462	752
1462	749
1461	749
1461	748
1460	748
1460	745
1459	745
1459	743
1458	743
1458	741
1457	741
1457	739
1456	739
1456	732
1455	732
1455	730
1454	730
1454	721
1453	721
1453	718
1452	718
1452	717
1443	717
1443	718
1442	718
1442	721
1441	721
1441	722
1440	722
1440	724
1439	724
1439	727
1438	727
1438	729
1437	729
1437	728
1435	728
1435	726
1433	726
1433	725
1432	725
1432	721
1429	721
1429	716
1428	716
1428	715
1426	715
1426	714
1424	714
1424	712
1423	712
1423	710
1422	710
1422	709
1421	709
1421	704
1419	704
1419	701
1418	701
1418	699
1417	699
1417	698
1416	698
1416	694
1415	694
1415	691
1414	691
1414	688
1412	688
1412	683
1411	683
1411	682
1410	682
1410	677
1408	677
1408	674
1407	674
1407	672
1406	672
1406	669
1405	669
1405	661
1404	661
1404	654
1403	654
1403	653
1396	653
1396	654
1392	654
1392	658
1389	658
1389	659
1390	659
1390	660
1389	660
1389	663
1388	663
1388	665
1386	665
1386	663
1385	663
1385	662
1384	662
1384	660
1382	660
1382	659
1381	659
1381	657
1380	657
1380	656
1379	656
1379	655
1378	655
1378	654
1377	654
1377	649
1376	649
1376	648
1375	648
1375	646
1374	646
1374	645
1373	645
1373	642
1372	642
1372	638
1370	638
1370	633
1369	633
1369	630
1368	630
1368	626
1367	626
1367	624
1366	624
1366	617
1365	617
1365	616
1363	616
1363	609
1362	609
1362	608
1363	608
1363	607
1362	607
1362	605
1361	605
1361	600
1360	600
1360	598
1361	598
1361	595
1360	595
1360	592
1352	592
1352	593
1348	593
1348	597
1347	597
1347	598
1346	598
1346	599
1345	599
1345	602
1344	602
1344	604
1342	604
1342	602
1341	602
1341	601
1340	601
1340	599
1339	599
1339	595
1338	595
1338	594
1336	594
1336	593
1335	593
1335	589
1334	589
1334	588
1333	588
1333	584
1332	584
1332	583
1331	583
1331	580
1330	580
1330	579
1329	579
1329	576
1328	576
1328	572
1327	572
1327	570
1326	570
1326	568
1325	568
1325	566
1324	566
1324	562
1323	562
1323	557
1322	557
1322	555
1321	555
1321	552
1320	552
1320	549
1319	549
1319	546
1318	546
1318	539
1317	539
1317	534
1316	534
1316	532
1317	532
1317	530
1316	530
1316	528
1315	528
1315	527
1314	527
1314	523
1304	523
1304	525
1303	525
1303	526
1302	526
1302	527
1301	527
1301	528
1300	528
1300	529
1299	529
1299	531
1298	531
1298	533
1297	533
1297	535
1295	535
1295	534
1294	534
1294	533
1293	533
1293	531
1292	531
1292	528
1291	528
1291	523
1289	523
1289	517
1287	517
1287	505
1286	505
1286	501
1285	501
1285	495
1284	495
1284	493
1283	493
1283	488
1282	488
1282	485
1281	485
1281	481
1280	481
1280	474
1279	474
1279	472
1278	472
1278	463
1277	463
1277	462
1276	462
1276	456
1275	456
1275	455
1276	455
1276	451
1275	451
1275	440
1266	440
1266	441
1265	441
1265	446
1264	446
1264	447
1263	447
1263	446
1262	446
1262	445
1260	445
1260	442
1259	442
1259	440
1258	440
1258	435
1257	435
1257	434
1256	434
1256	430
1255	430
1255	429
1254	429
1254	427
1253	427
1253	423
1252	423
1252	420
1251	420
1251	413
1250	413
1250	412
1249	412
1249	410
1248	410
1248	406
1247	406
1247	401
1246	401
1246	399
1245	399
1245	391
1243	391
1243	389
1242	389
1242	385
1241	385
1241	381
1240	381
1240	377
1239	377
1239	370
1238	370
1238	367
1237	367
1237	360
1236	360
1236	357
1229	357
1229	356
1228	356
1228	355
1226	355
1226	354
1224	354
1224	352
1223	352
1223	347
1222	347
1222	346
1220	346
1220	345
1219	345
1219	344
1220	344
1220	342
1219	342
1219	341
1217	341
1217	340
1216	340
1216	338
1215	338
1215	335
1214	335
1214	334
1213	334
1213	331
1212	331
1212	329
1211	329
1211	328
1210	328
1210	326
1209	326
1209	324
1208	324
1208	323
1207	323
1207	320
1206	320
1206	319
1205	319
1205	316
1204	316
1204	313
1202	313
1202	312
1201	312
1201	308
1200	308
1200	307
1199	307
1199	306
1198	306
1198	303
1197	303
1197	302
1198	302
1198	301
1196	301
1196	298
1195	298
1195	297
1194	297
1194	296
1193	296
1193	293
1192	293
1192	292
1191	292
1191	291
1190	291
1190	287
1189	287
1189	286
1188	286
1188	285
1187	285
1187	281
1186	281
1186	280
1185	280
1185	277
1184	277
1184	275
1182	275
1182	274
1181	274
1181	272
1180	272
1180	270
1179	270
1179	269
1178	269
1178	268
1177	268
1177	266
1176	266
1176	265
1175	265
1175	264
1174	264
1174	260
1173	260
1173	259
1171	259
1171	258
1170	258
1170	255
1169	255
1169	254
1167	254
1167	253
1166	253
1166	252
1165	252
1165	251
1164	251
1164	248
1163	248
1163	246
1161	246
1161	244
1160	244
1160	242
1159	242
1159	241
1158	241
1158	239
1157	239
1157	237
1155	237
1155	235
1154	235
1154	233
1153	233
1153	232
1152	232
1152	230
1151	230
1151	229
1150	229
1150	228
1149	228
1149	227
1148	227
1148	225
1147	225
1147	224
1146	224
1146	221
1145	221
1145	220
1143	220
1143	217
1141	217
1141	216
1140	216
1140	215
1139	215
1139	213
1137	213
1137	212
1136	212
1136	211
1135	211
1135	209
1133	209
1133	207
1132	207
1132	206
1131	206
1131	204
1130	204
1130	203
1129	203
1129	201
1128	201
1128	200
1127	200
1127	198
1125	198
1125	196
1124	196
1124	193
1123	193
1123	192
1122	192
1122	191
1120	191
1120	190
1119	190
1119	182
1109	182
1109	194
1111	194
1111	199
1112	199
1112	200
1113	200
1113	203
1114	203
1114	205
1115	205
1115	210
1116	210
1116	213
1117	213
1117	218
1118	218
1118	223
1119	223
1119	231
1120	231
1120	232
1121	232
1121	238
1122	238
1122	239
1121	239
1121	240
1122	240
1122	242
1123	242
1123	244
1124	244
1124	248
1125	248
1125	253
1126	253
1126	258
1127	258
1127	262
1128	262
1128	267
1129	267
1129	271
1130	271
1130	278
1131	278
1131	282
1132	282
1132	286
1133	286
1133	292
1134	292
1134	294
1135	294
1135	299
1136	299
1136	303
1137	303
1137	305
1138	305
1138	309
1139	309
1139	311
1140	311
1140	315
1141	315
1141	317
1142	317
1142	322
1143	322
1143	324
1144	324
1144	327
1145	327
1145	331
1147	331
1147	336
1148	336
1148	341
1149	341
1149	343
1150	343
1150	348
1151	348
1151	349
1152	349
1152	356
1153	356
1153	360
1154	360
1154	365
1155	365
1155	375
1156	375
1156	376
1157	376
1157	380
1156	380
1156	381
1155	381
1155	388
1156	388
1156	390
1157	390
1157	392
1158	392
1158	394
1159	394
1159	395
1160	395
1160	397
1161	397
1161	398
1162	398
1162	399
1163	399
1163	402
1164	402
1164	404
1165	404
1165	405
1166	405
1166	408
1167	408
1167	409
1168	409
1168	411
1169	411
1169	412
1170	412
1170	413
1171	413
1171	415
1172	415
1172	420
1174	420
1174	421
1175	421
1175	426
1176	426
1176	427
1177	427
1177	428
1176	428
1176	429
1177	429
1177	431
1179	431
1179	434
1180	434
1180	435
1181	435
1181	438
1182	438
1182	439
1183	439
1183	441
1184	441
1184	443
1185	443
1185	444
1186	444
1186	448
1187	448
1187	451
1188	451
1188	452
1187	452
1187	453
1189	453
1189	454
1190	454
1190	455
1191	455
1191	457
1192	457
1192	460
1193	460
1193	464
1194	464
1194	469
1196	469
1196	473
1197	473
1197	478
1198	478
1198	480
1197	480
1197	481
1193	481
1193	490
1194	490
1194	491
1195	491
1195	492
1196	492
1196	494
1197	494
1197	497
1199	497
1199	499
1200	499
1200	501
1201	501
1201	503
1203	503
1203	506
1204	506
1204	508
1205	508
1205	511
1206	511
1206	512
1207	512
1207	513
1208	513
1208	515
1209	515
1209	520
1210	520
1210	519
1211	519
1211	521
1212	521
1212	524
1213	524
1213	525
1214	525
1214	526
1215	526
1215	530
1217	530
1217	531
1218	531
1218	534
1219	534
1219	536
1221	536
1221	541
1222	541
1222	542
1223	542
1223	544
1224	544
1224	545
1225	545
1225	548
1226	548
1226	550
1227	550
1227	552
1229	552
1229	556
1230	556
1230	557
1231	557
1231	558
1232	558
1232	568
1233	568
1233	569
1232	569
1232	568
1229	568
1229	567
1219	567
1219	568
1218	568
1218	577
1219	577
1219	578
1220	578
1220	581
1222	581
1222	582
1223	582
1223	583
1222	583
1222	584
1224	584
1224	587
1226	587
1226	590
1227	590
1227	592
1228	592
1228	594
1229	594
1229	595
1230	595
1230	597
1231	597
1231	598
1232	598
1232	599
1233	599
1233	600
1232	600
1232	601
1233	601
1233	606
1235	606
1235	607
1236	607
1236	610
1237	610
1237	611
1238	611
1238	612
1239	612
1239	614
1240	614
1240	616
1241	616
1241	618
1242	618
1242	619
1243	619
1243	622
1242	622
1242	623
1245	623
1245	629
1248	629
1248	632
1249	632
1249	638
1251	638
1251	644
1252	644
1252	645
1253	645
1253	646
1254	646
1254	647
1255	647
1255	648
1257	648
1257	652
1258	652
1258	654
1257	654
1257	655
1258	655
1258	656
1259	656
1259	657
1260	657
1260	661
1261	661
1261	666
1260	666
1260	665
1258	665
1258	664
1257	664
1257	663
1246	663
1246	673
1247	673
1247	674
1248	674
1248	676
1249	676
1249	678
1250	678
1250	679
1251	679
1251	680
1252	680
1252	683
1253	683
1253	685
1254	685
1254	689
1257	689
1257	691
1258	691
1258	692
1259	692
1259	695
1260	695
1260	700
1264	700
1264	705
1265	705
1265	707
1266	707
1266	709
1268	709
1268	716
1270	716
1270	717
1271	717
1271	722
1272	722
1272	723
1273	723
1273	725
1274	725
1274	726
1275	726
1275	728
1276	728
1276	731
1277	731
1277	732
1276	732
1276	733
1278	733
1278	735
1279	735
1279	736
1278	736
1278	737
1279	737
1279	741
1280	741
1280	746
1279	746
1279	748
1277	748
1277	747
1276	747
1276	746
1275	746
1275	745
1273	745
1273	743
1259	743
1259	752
1260	752
1260	755
1261	755
1261	757
1263	757
1263	760
1264	760
1264	761
1265	761
1265	765
1266	765
1266	766
1268	766
1268	769
1269	769
1269	772
1270	772
1270	773
1271	773
1271	776
1270	776
1270	777
1271	777
1271	778
1273	778
1273	780
1274	780
1274	781
1275	781
1275	783
1276	783
1276	787
1277	787
1277	789
1278	789
1278	793
1279	793
1279	794
1280	794
1280	795
1281	795
1281	799
1282	799
1282	800
1283	800
1283	804
1284	804
1284	807
1285	807
1285	808
1286	808
1286	814
1287	814
1287	824
1288	824
1288	825
1287	825
1287	830
1285	830
1285	828
1284	828
1284	827
1281	827
1281	826
1277	826
1277	825
1269	825
1269	826
1268	826
1268	827
1269	827
1269	828
1268	828
1268	829
1269	829
1269	833
1268	833
1268	834
1269	834
1269	835
1268	835
1268	836
1269	836
1269	837
1271	837
1271	838
1272	838
1272	840
1273	840
1273	841
1274	841
1274	843
1275	843
1275	845
1276	845
1276	848
1277	848
1277	849
1278	849
1278	852
1280	852
1280	855
1281	855
1281	858
1282	858
1282	859
1283	859
1283	860
1284	860
1284	864
1285	864
1285	866
1286	866
1286	868
1287	868
1287	870
1288	870
1288	872
1289	872
1289	876
1290	876
1290	879
1291	879
1291	881
1292	881
1292	882
1293	882
1293	887
1294	887
1294	888
1295	888
1295	890
1296	890
1296	893
1297	893
1297	906
1294	906
1294	904
1290	904
1290	903
1276	903
1276	912
1277	912
1277	915
1279	915
1279	916
1281	916
1281	917
1282	917
1282	920
1283	920
1283	925
1284	925
1284	926
1285	926
1285	925
1286	925
1286	926
1285	926
1285	927
1286	927
1286	930
1287	930
1287	931
1288	931
1288	935
1289	935
1289	937
1290	937
1290	938
1291	938
1291	942
1292	942
1292	945
1293	945
1293	948
1294	948
1294	950
1295	950
1295	953
1296	953
1296	956
1297	956
1297	960
1298	960
1298	964
1299	964
1299	966
1300	966
1300	971
1301	971
1301	973
1302	973
1302	980
1301	980
1301	988
1300	988
1300	990
1299	990
1299	991
1298	991
1298	992
1297	992
1297	990
1295	990
1295	989
1293	989
1293	988
1289	988
1289	987
1285	987
1285	986
1282	986
1282	987
1280	987
1280	986
1279	986
1279	987
1278	987
1278	986
1277	986
1277	987
1276	987
