1570	826
1571	826
1571	827
1572	827
1572	829
1573	829
1573	830
1571	830
1571	829
1570	829
1570	828
1569	828
1569	827
1565	827
1565	826
1561	826
1561	827
1560	827
1560	826
1544	826
1544	827
1538	827
1538	828
1534	828
1534	830
1533	830
1533	832
1534	832
1534	833
1533	833
1533	837
1534	837
1534	838
1535	838
1535	839
1537	839
1537	840
1539	840
1539	841
1540	841
1540	842
1541	842
1541	843
1544	843
1544	845
1545	845
1545	847
1546	847
1546	846
1547	846
1547	847
1548	847
1548	848
1549	848
1549	850
1550	850
1550	851
1552	851
1552	852
1553	852
1553	853
1554	853
1554	855
1555	855
1555	856
1556	856
1556	857
1557	857
1557	858
1558	858
1558	859
1559	859
1559	861
1561	861
1561	862
1562	862
1562	866
1564	866
1564	868
1568	868
1568	871
1569	871
1569	875
1571	875
1571	876
1573	876
1573	877
1574	877
1574	880
1576	880
1576	882
1577	882
1577	883
1579	883
1579	885
1580	885
1580	887
1581	887
1581	888
1582	888
1582	891
1584	891
1584	893
1587	893
1587	896
1588	896
1588	895
1589	895
1589	900
1590	900
1590	901
1593	901
1593	902
1594	902
1594	906
1598	906
1598	908
1599	908
1599	911
1601	911
1601	915
1602	915
1602	916
1604	916
1604	920
1605	920
1605	922
1606	922
1606	926
1607	926
1607	930
1608	930
1608	933
1607	933
1607	931
1606	931
1606	930
1604	930
1604	929
1601	929
1601	928
1600	928
1600	927
1596	927
1596	926
1590	926
1590	925
1573	925
1573	926
1572	926
1572	927
1573	927
1573	929
1572	929
1572	933
1573	933
1573	934
1574	934
1574	936
1577	936
1577	938
1578	938
1578	939
1579	939
1579	940
1580	940
1580	941
1583	941
1583	943
1584	943
1584	946
1587	946
1587	947
1588	947
1588	948
1587	948
1587	950
1588	950
1588	951
1591	951
1591	952
1592	952
1592	955
1593	955
1593	956
1595	956
1595	957
1596	957
1596	960
1597	960
1597	966
1599	966
1599	971
1602	971
1602	972
1603	972
1603	973
1604	973
1604	981
1608	981
1608	982
1609	982
1609	985
1610	985
1610	986
1611	986
1611	987
1612	987
1612	988
1613	988
1613	989
1614	989
1614	991
1617	991
1617	992
1618	992
1618	995
1619	995
1619	1000
1624	1000
1624	1011
1627	1011
1627	1016
1629	1016
1629	1019
1630	1019
1630	1021
1631	1021
1631	1026
1632	1026
1632	1027
1631	1027
1631	1028
1630	1028
1630	1027
1629	1027
1629	1026
1628	1026
1628	1025
1627	1025
1627	1024
1626	1024
1626	1022
1621	1022
1621	1021
1616	1021
1616	1020
1615	1020
1615	1019
1611	1019
1611	1018
1604	1018
1604	1017
1595	1017
1595	1018
1594	1018
1594	1026
1598	1026
1598	1027
1600	1027
1600	1028
1601	1028
1601	1030
1602	1030
1602	1031
1604	1031
1604	1033
1606	1033
1606	1035
1608	1035
1608	1037
1609	1037
1609	1041
1611	1041
1611	1042
1612	1042
1612	1046
1614	1046
1614	1051
1616	1051
1616	1052
1617	1052
1617	1056
1622	1056
1622	1063
1623	1063
1623	1067
1625	1067
1625	1070
1626	1070
1626	1071
1627	1071
1627	1072
1629	1072
1629	1077
1631	1077
1631	1080
1632	1080
1632	1081
1633	1081
1633	1083
1634	1083
1634	1084
1635	1084
1635	1086
1636	1086
1636	1091
1637	1091
1637	1092
1639	1092
1639	1098
1641	1098
1641	1099
1643	1099
1643	1102
1644	1102
1644	1111
1645	1111
1645	1112
1646	1112
1646	1115
1643	1115
1643	1112
1642	1112
1642	1111
1641	1111
1641	1110
1636	1110
1636	1109
1631	1109
1631	1108
1626	1108
1626	1106
1617	1106
1617	1114
1618	1114
1618	1115
1619	1115
1619	1116
1620	1116
1620	1117
1621	1117
1621	1119
1623	1119
1623	1122
1625	1122
1625	1123
1626	1123
1626	1124
1627	1124
1627	1126
1628	1126
1628	1127
1629	1127
1629	1131
1630	1131
1630	1132
1632	1132
1632	1133
1633	1133
1633	1136
1634	1136
1634	1141
1635	1141
1635	1142
1637	1142
1637	1146
1638	1146
1638	1147
1639	1147
1639	1151
1640	1151
1640	1152
1641	1152
1641	1156
1642	1156
1642	1157
1644	1157
1644	1162
1646	1162
1646	1164
1647	1164
1647	1167
1651	1167
1651	1174
1652	1174
1652	1177
1653	1177
1653	1178
1654	1178
1654	1182
1655	1182
1655	1183
1654	1183
1654	1184
1652	1184
1652	1183
1651	1183
1651	1181
1649	1181
1649	1180
1646	1180
1646	1179
1638	1179
1638	1182
1637	1182
1637	1183
1638	1183
1638	1185
1637	1185
1637	1187
1638	1187
1638	1188
1639	1188
1639	1192
1642	1192
1642	1194
1643	1194
1643	1195
1644	1195
1644	1200
1646	1200
1646	1201
1647	1201
1647	1207
1650	1207
1650	1208
1651	1208
1651	1211
1652	1211
1652	1212
1653	1212
1653	1213
1654	1213
1654	1217
1655	1217
1655	1218
1656	1218
1656	1222
1658	1222
1658	1223
1659	1223
1659	1224
1660	1224
1660	1227
1662	1227
1662	1233
1661	1233
1661	1234
1660	1234
1660	1235
1658	1235
1658	1233
1657	1233
1657	1231
1655	1231
1655	1230
1653	1230
1653	1229
1647	1229
1647	1228
1646	1228
1646	1229
1643	1229
1643	1237
1645	1237
1645	1238
1646	1238
1646	1239
1647	1239
1647	1240
1648	1240
1648	1241
1649	1241
1649	1247
1651	1247
1651	1248
1652	1248
1652	1252
1653	1252
1653	1253
1654	1253
1654	1259
1656	1259
1656	1260
1657	1260
1657	1261
1658	1261
1658	1263
1659	1263
1659	1265
1660	1265
1660	1268
1662	1268
1662	1270
1663	1270
1663	1272
1664	1272
1664	1277
1665	1277
1665	1278
1667	1278
1667	1289
1668	1289
1668	1290
1669	1290
1669	1291
1666	1291
1666	1287
1661	1287
1661	1286
1657	1286
1657	1285
1655	1285
1655	1284
1648	1284
1648	1285
1647	1285
1647	1292
1648	1292
1648	1294
1649	1294
1649	1297
1650	1297
1650	1298
1651	1298
1651	1299
1652	1299
1652	1303
1653	1303
1653	1307
1654	1307
1654	1317
1655	1317
1655	1318
1656	1318
1656	1319
1657	1319
1657	1328
1658	1328
1658	1329
1659	1329
1659	1333
1660	1333
1660	1334
1659	1334
1659	1337
1660	1337
1660	1338
1662	1338
1662	1339
1664	1339
1664	1343
1666	1343
1666	1344
1667	1344
1667	1346
1668	1346
1668	1348
1667	1348
1667	1349
1659	1349
1659	1357
1660	1357
1660	1359
1661	1359
1661	1360
1662	1360
1662	1363
1663	1363
1663	1368
1664	1368
1664	1372
1665	1372
1665	1374
1667	1374
1667	1378
1668	1378
1668	1383
1669	1383
1669	1390
1670	1390
1670	1391
1669	1391
1669	1392
1670	1392
1670	1394
1671	1394
1671	1398
1672	1398
1672	1403
1673	1403
1673	1404
1674	1404
1674	1407
1675	1407
1675	1409
1676	1409
1676	1413
1677	1413
1677	1418
1678	1418
1678	1422
1679	1422
1679	1431
1680	1431
1680	1434
1682	1434
1682	1438
1683	1438
1683	1443
1684	1443
1684	1448
1686	1448
1686	1449
1688	1449
1688	1453
1689	1453
1689	1455
1690	1455
1690	1459
1692	1459
1692	1463
1693	1463
1693	1468
1694	1468
1694	1473
1695	1473
1695	1474
1697	1474
1697	1475
1698	1475
1698	1476
1697	1476
1697	1478
1698	1478
1698	1479
1700	1479
1700	1484
1702	1484
1702	1486
1703	1486
1703	1489
1704	1489
1704	1492
1705	1492
1705	1494
1707	1494
1707	1498
1708	1498
1708	1500
1709	1500
1709	1501
1708	1501
1708	1502
1709	1502
1709	1504
1713	1504
1713	1513
1714	1513
1714	1514
1715	1514
1715	1519
1717	1519
1717	1521
1718	1521
1718	1522
1719	1522
1719	1524
1720	1524
1720	1527
1721	1527
1721	1528
1722	1528
1722	1529
1723	1529
1723	1533
1724	1533
1724	1534
1725	1534
1725	1539
1727	1539
1727	1540
1728	1540
1728	1543
1729	1543
1729	1544
1730	1544
1730	1546
1731	1546
1731	1547
1732	1547
1732	1550
1733	1550
1733	1553
1734	1553
1734	1554
1735	1554
1735	1555
1736	1555
1736	1557
1737	1557
1737	1559
1738	1559
1738	1562
1740	1562
1740	1565
1741	1565
1741	1567
1742	1567
1742	1569
1743	1569
1743	1572
1744	1572
1744	1575
1742	1575
1742	1574
1741	1574
1741	1573
1740	1573
1740	1572
1739	1572
1739	1571
1738	1571
1738	1570
1736	1570
1736	1569
1734	1569
1734	1566
1732	1566
1732	1563
1731	1563
1731	1562
1728	1562
1728	1561
1727	1561
1727	1558
1726	1558
1726	1557
1724	1557
1724	1555
1723	1555
1723	1553
1721	1553
1721	1552
1720	1552
1720	1551
1719	1551
1719	1550
1720	1550
1720	1549
1719	1549
1719	1547
1716	1547
1716	1546
1717	1546
1717	1544
1716	1544
1716	1542
1712	1542
1712	1537
1711	1537
1711	1536
1710	1536
1710	1535
1709	1535
1709	1534
1708	1534
1708	1533
1707	1533
1707	1529
1706	1529
1706	1527
1702	1527
1702	1523
1701	1523
1701	1522
1699	1522
1699	1518
1698	1518
1698	1517
1694	1517
1694	1512
1692	1512
1692	1510
1691	1510
1691	1509
1692	1509
1692	1508
1691	1508
1691	1507
1689	1507
1689	1506
1688	1506
1688	1505
1687	1505
1687	1503
1686	1503
1686	1502
1685	1502
1685	1501
1684	1501
1684	1497
1681	1497
1681	1492
1680	1492
1680	1489
1679	1489
1679	1487
1676	1487
1676	1482
1674	1482
1674	1481
1673	1481
1673	1480
1674	1480
1674	1478
1673	1478
1673	1477
1670	1477
1670	1472
1668	1472
1668	1471
1667	1471
1667	1467
1665	1467
1665	1466
1664	1466
1664	1465
1663	1465
1663	1464
1662	1464
1662	1462
1661	1462
1661	1457
1658	1457
1658	1452
1654	1452
1654	1449
1653	1449
1653	1447
1651	1447
1651	1442
1650	1442
1650	1441
1649	1441
1649	1442
1648	1442
1648	1437
1646	1437
1646	1436
1644	1436
1644	1432
1642	1432
1642	1431
1641	1431
1641	1427
1640	1427
1640	1426
1639	1426
1639	1425
1638	1425
1638	1422
1636	1422
1636	1421
1635	1421
1635	1419
1634	1419
1634	1417
1633	1417
1633	1414
1632	1414
1632	1413
1631	1413
1631	1412
1630	1412
1630	1411
1629	1411
1629	1410
1628	1410
1628	1409
1627	1409
1627	1408
1624	1408
1624	1401
1623	1401
1623	1400
1621	1400
1621	1397
1620	1397
1620	1396
1617	1396
1617	1394
1616	1394
1616	1392
1615	1392
1615	1391
1613	1391
1613	1386
1609	1386
1609	1385
1608	1385
1608	1382
1607	1382
1607	1381
1606	1381
1606	1379
1604	1379
1604	1377
1602	1377
1602	1376
1601	1376
1601	1371
1598	1371
1598	1367
1597	1367
1597	1366
1596	1366
1596	1362
1595	1362
1595	1361
1591	1361
1591	1357
1590	1357
1590	1356
1588	1356
1588	1352
1587	1352
1587	1351
1586	1351
1586	1350
1585	1350
1585	1349
1583	1349
1583	1348
1582	1348
1582	1347
1581	1347
1581	1341
1568	1341
1568	1337
1567	1337
1567	1332
1566	1332
1566	1327
1565	1327
1565	1325
1564	1325
1564	1324
1563	1324
1563	1323
1562	1323
1562	1322
1561	1322
1561	1321
1559	1321
1559	1316
1556	1316
1556	1312
1555	1312
1555	1311
1553	1311
1553	1303
1552	1303
1552	1301
1544	1301
1544	1302
1542	1302
1542	1303
1541	1303
1541	1316
1537	1316
1537	1315
1536	1315
1536	1314
1535	1314
1535	1312
1534	1312
1534	1311
1533	1311
1533	1310
1532	1310
1532	1309
1531	1309
1531	1305
1530	1305
1530	1304
1529	1304
1529	1302
1528	1302
1528	1297
1527	1297
1527	1296
1526	1296
1526	1292
1525	1292
1525	1289
1522	1289
1522	1287
1521	1287
1521	1286
1520	1286
1520	1282
1519	1282
1519	1281
1518	1281
1518	1277
1517	1277
1517	1276
1516	1276
1516	1275
1515	1275
1515	1273
1513	1273
1513	1272
1512	1272
1512	1266
1511	1266
1511	1265
1510	1265
1510	1264
1511	1264
1511	1262
1510	1262
1510	1260
1509	1260
1509	1259
1508	1259
1508	1252
1507	1252
1507	1249
1506	1249
1506	1243
1497	1243
1497	1244
1496	1244
1496	1246
1493	1246
1493	1250
1492	1250
1492	1251
1491	1251
1491	1255
1490	1255
1490	1263
1489	1263
1489	1264
1488	1264
1488	1263
1487	1263
1487	1261
1486	1261
1486	1260
1485	1260
1485	1258
1483	1258
1483	1254
1480	1254
1480	1253
1478	1253
1478	1252
1479	1252
1479	1251
1478	1251
1478	1250
1479	1250
1479	1249
1478	1249
1478	1248
1479	1248
1479	1247
1478	1247
1478	1246
1477	1246
1477	1245
1475	1245
1475	1241
1474	1241
1474	1240
1473	1240
1473	1236
1472	1236
1472	1231
1470	1231
1470	1230
1469	1230
1469	1229
1468	1229
1468	1226
1467	1226
1467	1221
1466	1221
1466	1220
1465	1220
1465	1218
1464	1218
1464	1217
1463	1217
1463	1214
1462	1214
1462	1210
1461	1210
1461	1206
1460	1206
1460	1196
1459	1196
1459	1193
1450	1193
1450	1194
1449	1194
1449	1195
1448	1195
1448	1197
1447	1197
1447	1198
1446	1198
1446	1201
1445	1201
1445	1209
1443	1209
1443	1208
1442	1208
1442	1207
1441	1207
1441	1205
1440	1205
1440	1203
1438	1203
1438	1201
1437	1201
1437	1200
1435	1200
1435	1196
1434	1196
1434	1195
1433	1195
1433	1191
1432	1191
1432	1190
1431	1190
1431	1189
1430	1189
1430	1185
1429	1185
1429	1181
1428	1181
1428	1180
1427	1180
1427	1176
1426	1176
1426	1175
1425	1175
1425	1170
1424	1170
1424	1169
1423	1169
1423	1165
1421	1165
1421	1164
1420	1164
1420	1160
1419	1160
1419	1158
1418	1158
1418	1154
1417	1154
1417	1153
1418	1153
1418	1152
1417	1152
1417	1150
1415	1150
1415	1145
1412	1145
1412	1140
1411	1140
1411	1135
1410	1135
1410	1125
1409	1125
1409	1121
1408	1121
1408	1119
1407	1119
1407	1117
1408	1117
1408	1116
1407	1116
1407	1114
1403	1114
1403	1115
1400	1115
1400	1114
1399	1114
1399	1115
1397	1115
1397	1117
1395	1117
1395	1118
1394	1118
1394	1120
1391	1120
1391	1123
1390	1123
1390	1124
1389	1124
1389	1125
1388	1125
1388	1130
1387	1130
1387	1135
1385	1135
1385	1133
1384	1133
1384	1132
1383	1132
1383	1130
1382	1130
1382	1129
1381	1129
1381	1128
1380	1128
1380	1121
1379	1121
1379	1120
1377	1120
1377	1109
1375	1109
1375	1107
1374	1107
1374	1105
1373	1105
1373	1102
1374	1102
1374	1101
1373	1101
1373	1096
1372	1096
1372	1091
1371	1091
1371	1090
1370	1090
1370	1085
1369	1085
1369	1084
1368	1084
1368	1080
1367	1080
1367	1075
1365	1075
1365	1065
1363	1065
1363	1060
1362	1060
1362	1055
1361	1055
1361	1054
1360	1054
1360	1051
1359	1051
1359	1048
1358	1048
1358	1049
1357	1049
1357	1045
1356	1045
1356	1042
1357	1042
1357	1025
1356	1025
1356	1024
1349	1024
1349	1025
1347	1025
1347	1028
1346	1028
1346	1029
1345	1029
1345	1030
1343	1030
1343	1032
1342	1032
1342	1033
1343	1033
1343	1034
1342	1034
1342	1039
1338	1039
1338	1040
1337	1040
1337	1044
1336	1044
1336	1045
1335	1045
1335	1046
1334	1046
1334	1049
1332	1049
1332	1045
1331	1045
1331	1044
1329	1044
1329	1041
1330	1041
1330	1040
1328	1040
1328	1038
1327	1038
1327	1034
1326	1034
1326	1032
1327	1032
1327	1031
1326	1031
1326	1030
1325	1030
1325	1028
1324	1028
1324	1027
1325	1027
1325	1026
1324	1026
1324	1020
1323	1020
1323	1015
1322	1015
1322	1005
1321	1005
1321	1004
1320	1004
1320	1000
1319	1000
1319	982
1320	982
1320	981
1319	981
1319	979
1309	979
1309	969
1308	969
1308	961
1307	961
1307	960
1308	960
1308	956
1309	956
1309	936
1310	936
1310	935
1311	935
1311	932
1312	932
1312	931
1311	931
1311	927
1302	927
1302	929
1299	929
1299	930
1298	930
1298	933
1294	933
1294	934
1292	934
1292	941
1289	941
1289	942
1288	942
1288	948
1286	948
1286	949
1285	949
1285	955
1284	955
1284	954
1282	954
1282	952
1281	952
1281	950
1280	950
1280	949
1279	949
1279	944
1277	944
1277	939
1276	939
1276	934
1274	934
1274	924
1272	924
1272	912
1271	912
1271	889
1269	889
1269	866
1270	866
1270	865
1271	865
1271	857
1270	857
1270	856
1267	856
1267	857
1266	857
1266	856
1264	856
1264	857
1262	857
1262	858
1261	858
1261	859
1260	859
1260	861
1258	861
1258	862
1257	862
1257	865
1256	865
1256	866
1255	866
1255	867
1254	867
1254	868
1253	868
1253	869
1252	869
1252	870
1251	870
1251	872
1250	872
1250	873
1249	873
1249	874
1248	874
1248	878
1247	878
1247	890
1248	890
1248	891
1250	891
1250	895
1251	895
1251	896
1252	896
1252	901
1254	901
1254	905
1255	905
1255	910
1256	910
1256	911
1257	911
1257	915
1254	915
1254	912
1253	912
1253	911
1251	911
1251	909
1249	909
1249	908
1243	908
1243	907
1233	907
1233	908
1232	908
1232	917
1233	917
1233	918
1234	918
1234	919
1235	919
1235	920
1236	920
1236	921
1238	921
1238	922
1239	922
1239	926
1242	926
1242	931
1245	931
1245	935
1246	935
1246	936
1249	936
1249	938
1250	938
1250	942
1251	942
1251	945
1252	945
1252	951
1254	951
1254	952
1255	952
1255	955
1256	955
1256	957
1257	957
1257	961
1259	961
1259	963
1260	963
1260	965
1261	965
1261	967
1262	967
1262	972
1263	972
1263	973
1264	973
1264	974
1265	974
1265	975
1266	975
1266	978
1267	978
1267	981
1269	981
1269	982
1270	982
1270	984
1272	984
1272	1005
1273	1005
1273	1006
1274	1006
1274	1008
1273	1008
1273	1009
1271	1009
1271	1004
1269	1004
1269	1003
1268	1003
1268	1002
1267	1002
1267	1001
1266	1001
1266	999
1264	999
1264	997
1259	997
1259	996
1254	996
1254	994
1241	994
1241	1004
1242	1004
1242	1006
1244	1006
1244	1009
1245	1009
1245	1011
1247	1011
1247	1016
1249	1016
1249	1017
1251	1017
1251	1021
1252	1021
1252	1022
1254	1022
1254	1028
1255	1028
1255	1029
1256	1029
1256	1028
1257	1028
1257	1031
1258	1031
1258	1033
1259	1033
1259	1034
1258	1034
1258	1035
1259	1035
1259	1036
1260	1036
1260	1046
1261	1046
1261	1047
1262	1047
1262	1057
1266	1057
1266	1058
1267	1058
1267	1063
1268	1063
1268	1064
1269	1064
1269	1067
1270	1067
1270	1077
1272	1077
1272	1085
1273	1085
1273	1086
1272	1086
1272	1097
1271	1097
1271	1099
1270	1099
1270	1101
1269	1101
1269	1100
1268	1100
1268	1094
1267	1094
1267	1093
1266	1093
1266	1092
1264	1092
1264	1090
1262	1090
1262	1089
1260	1089
1260	1088
1259	1088
1259	1085
1258	1085
1258	1084
1256	1084
1256	1085
1255	1085
1255	1084
1253	1084
1253	1083
1249	1083
1249	1082
1248	1082
1248	1081
1238	1081
1238	1082
1237	1082
1237	1091
1238	1091
1238	1092
1240	1092
1240	1094
1241	1094
1241	1097
1243	1097
1243	1099
1244	1099
1244	1101
1245	1101
1245	1103
1246	1103
1246	1106
1247	1106
1247	1107
1250	1107
1250	1114
1251	1114
1251	1115
1252	1115
1252	1122
1253	1122
1253	1123
1254	1123
1254	1128
1255	1128
1255	1137
1257	1137
1257	1142
1259	1142
1259	1143
1260	1143
1260	1144
1259	1144
1259	1147
1260	1147
1260	1148
1259	1148
1259	1151
1260	1151
1260	1152
1262	1152
1262	1158
1263	1158
1263	1160
1264	1160
1264	1163
1265	1163
1265	1167
1266	1167
1266	1172
1267	1172
1267	1182
1268	1182
1268	1183
1269	1183
1269	1189
1270	1189
1270	1190
1267	1190
1267	1195
1266	1195
1266	1196
1265	1196
1265	1198
1264	1198
1264	1193
1263	1193
1263	1192
1262	1192
1262	1190
1259	1190
1259	1186
1258	1186
1258	1185
1254	1185
1254	1183
1253	1183
1253	1181
1251	1181
1251	1179
1250	1179
1250	1180
1249	1180
1249	1178
1244	1178
1244	1175
1232	1175
1232	1184
1233	1184
1233	1186
1234	1186
1234	1187
1233	1187
1233	1188
1235	1188
1235	1191
1236	1191
1236	1192
1237	1192
1237	1197
1238	1197
1238	1198
1239	1198
1239	1199
1240	1199
1240	1202
1241	1202
1241	1205
1242	1205
1242	1217
1243	1217
1243	1218
1244	1218
1244	1227
1245	1227
1245	1228
1247	1228
1247	1247
1249	1247
1249	1248
1250	1248
1250	1249
1251	1249
1251	1254
1252	1254
1252	1262
1253	1262
1253	1267
1254	1267
1254	1275
1253	1275
1253	1277
1252	1277
1252	1281
1251	1281
1251	1283
1249	1283
1249	1277
1248	1277
1248	1275
1246	1275
1246	1274
1245	1274
1245	1273
1244	1273
1244	1271
1243	1271
1243	1269
1241	1269
1241	1268
1240	1268
1240	1267
1239	1267
1239	1266
1235	1266
1235	1265
1234	1265
1234	1264
1232	1264
1232	1263
1225	1263
1225	1262
1223	1262
1223	1263
1222	1263
1222	1277
1223	1277
1223	1278
1225	1278
1225	1280
1227	1280
1227	1284
1228	1284
1228	1285
1229	1285
1229	1293
1230	1293
1230	1299
1231	1299
1231	1306
1232	1306
1232	1322
1233	1322
1233	1323
1235	1323
1235	1333
1236	1333
1236	1339
1237	1339
1237	1346
1236	1346
1236	1348
1235	1348
1235	1350
1236	1350
1236	1355
1235	1355
1235	1361
1233	1361
1233	1362
1232	1362
1232	1364
1230	1364
1230	1358
1229	1358
1229	1356
1227	1356
1227	1354
1225	1354
1225	1353
1224	1353
1224	1350
1219	1350
1219	1346
1216	1346
1216	1345
1215	1345
1215	1344
1214	1344
1214	1342
1213	1342
1213	1341
1205	1341
1205	1352
1206	1352
1206	1358
1207	1358
1207	1368
1208	1368
1208	1375
1209	1375
1209	1383
1208	1383
1208	1386
1207	1386
1207	1422
1205	1422
1205	1428
1204	1428
1204	1432
1202	1432
1202	1433
1200	1433
1200	1431
1199	1431
1199	1425
1198	1425
1198	1424
1197	1424
1197	1423
1196	1423
1196	1422
1195	1422
1195	1421
1194	1421
1194	1420
1193	1420
1193	1419
1185	1419
1185	1420
1184	1420
1184	1427
1185	1427
1185	1433
1186	1433
1186	1434
1187	1434
1187	1436
1186	1436
1186	1440
1187	1440
1187	1450
1186	1450
1186	1451
1187	1451
1187	1452
1186	1452
1186	1454
1185	1454
1185	1463
1184	1463
1184	1473
1183	1473
1183	1477
1181	1477
1181	1478
1182	1478
1182	1479
1181	1479
1181	1481
1182	1481
1182	1483
1180	1483
1180	1484
1179	1484
1179	1478
1178	1478
1178	1477
1176	1477
1176	1473
1175	1473
1175	1472
1167	1472
1167	1484
1168	1484
1168	1486
1169	1486
1169	1491
1170	1491
1170	1498
1171	1498
1171	1500
1172	1500
1172	1502
1171	1502
1171	1520
1172	1520
1172	1522
1171	1522
1171	1523
1172	1523
1172	1524
1173	1524
1173	1537
1172	1537
1172	1539
1171	1539
1171	1540
1170	1540
1170	1538
1169	1538
1169	1534
1168	1534
1168	1533
1167	1533
1167	1532
1159	1532
1159	1533
1158	1533
1158	1552
1157	1552
1157	1568
1156	1568
1156	1591
1157	1591
1157	1592
1156	1592
1156	1594
1155	1594
1155	1596
1153	1596
1153	1593
1152	1593
1152	1592
1151	1592
1151	1590
1150	1590
1150	1589
1149	1589
1149	1588
1148	1588
1148	1589
1142	1589
1142	1592
1141	1592
1141	1608
1139	1608
1139	1619
1138	1619
1138	1623
1137	1623
1137	1624
1136	1624
1136	1633
1135	1633
1135	1638
1134	1638
1134	1644
1133	1644
1133	1650
1134	1650
1134	1652
1133	1652
1133	1655
1132	1655
1132	1656
1133	1656
1133	1657
1132	1657
1132	1658
1131	1658
1131	1668
1129	1668
1129	1699
1128	1699
1128	1708
1127	1708
1127	1709
1126	1709
1126	1711
1127	1711
1127	1722
1126	1722
1126	1739
1125	1739
1125	1744
1124	1744
1124	1795
1125	1795
1125	1796
1124	1796
1124	1839
1125	1839
1125	1854
1124	1854
1124	1853
1123	1853
1123	1852
1122	1852
1122	1851
1121	1851
1121	1849
1120	1849
1120	1848
1119	1848
1119	1845
1118	1845
1118	1844
1117	1844
1117	1842
1116	1842
1116	1839
1115	1839
1115	1835
1114	1835
1114	1831
1113	1831
1113	1826
1112	1826
1112	1825
1111	1825
1111	1818
1110	1818
1110	1812
1109	1812
1109	1811
1110	1811
1110	1809
1108	1809
1108	1793
1107	1793
1107	1789
1106	1789
1106	1786
1105	1786
1105	1779
1104	1779
1104	1771
1103	1771
1103	1768
1101	1768
1101	1746
1100	1746
1100	1739
1099	1739
1099	1738
1098	1738
1098	1719
1097	1719
1097	1718
1096	1718
1096	1709
1095	1709
1095	1704
1094	1704
1094	1700
1093	1700
1093	1683
1091	1683
1091	1673
1089	1673
1089	1671
1088	1671
1088	1663
1087	1663
1087	1659
1086	1659
1086	1640
1085	1640
1085	1633
1084	1633
1084	1632
1083	1632
1083	1618
1082	1618
1082	1617
1081	1617
1081	1613
1080	1613
1080	1608
1079	1608
1079	1607
1078	1607
1078	1598
1077	1598
1077	1597
1076	1597
1076	1592
1075	1592
1075	1587
1074	1587
1074	1582
1073	1582
1073	1570
1064	1570
1064	1574
1063	1574
1063	1573
1062	1573
1062	1572
1061	1572
1061	1568
1060	1568
1060	1560
1061	1560
1061	1559
1060	1559
1060	1549
1061	1549
1061	1537
1054	1537
1054	1536
1053	1536
1053	1533
1052	1533
1052	1532
1051	1532
1051	1523
1050	1523
1050	1497
1049	1497
1049	1479
1048	1479
1048	1478
1040	1478
1040	1479
1039	1479
1039	1481
1037	1481
1037	1482
1036	1482
1036	1486
1035	1486
1035	1492
1034	1492
1034	1489
1033	1489
1033	1487
1030	1487
1030	1482
1028	1482
1028	1466
1027	1466
1027	1464
1028	1464
1028	1463
1027	1463
1027	1462
1028	1462
1028	1460
1027	1460
1027	1457
1026	1457
1026	1443
1025	1443
1025	1434
1024	1434
1024	1433
1023	1433
1023	1403
1024	1403
1024	1392
1023	1392
1023	1391
1015	1391
1015	1392
1014	1392
1014	1394
1012	1394
1012	1395
1011	1395
1011	1396
1009	1396
1009	1398
1008	1398
1008	1401
1006	1401
1006	1403
1005	1403
1005	1411
1004	1411
1004	1412
1003	1412
1003	1411
1001	1411
1001	1412
1000	1412
1000	1402
998	1402
998	1392
997	1392
997	1386
996	1386
996	1368
997	1368
997	1353
991	1353
991	1352
990	1352
990	1350
989	1350
989	1339
990	1339
990	1337
991	1337
991	1333
992	1333
992	1332
993	1332
993	1323
994	1323
994	1319
995	1319
995	1315
996	1315
996	1311
997	1311
997	1308
998	1308
998	1307
999	1307
999	1303
1000	1303
1000	1294
997	1294
997	1293
996	1293
996	1294
993	1294
993	1293
992	1293
992	1294
991	1294
991	1295
990	1295
990	1296
989	1296
989	1297
988	1297
988	1298
987	1298
987	1299
986	1299
986	1300
985	1300
985	1305
981	1305
981	1306
979	1306
979	1307
978	1307
978	1313
977	1313
977	1311
975	1311
975	1307
974	1307
974	1306
972	1306
972	1291
973	1291
973	1288
972	1288
972	1248
973	1248
973	1247
974	1247
974	1239
973	1239
973	1237
972	1237
972	1236
970	1236
970	1232
971	1232
971	1231
970	1231
970	1230
971	1230
971	1223
972	1223
972	1221
973	1221
973	1219
972	1219
972	1218
973	1218
973	1216
974	1216
974	1213
975	1213
975	1210
976	1210
976	1207
977	1207
977	1206
978	1206
978	1202
979	1202
979	1200
980	1200
980	1189
971	1189
971	1190
970	1190
970	1191
968	1191
968	1192
966	1192
966	1193
961	1193
961	1195
960	1195
960	1196
958	1196
958	1197
956	1197
956	1199
954	1199
954	1200
950	1200
950	1202
949	1202
949	1203
948	1203
948	1204
947	1204
947	1205
946	1205
946	1206
945	1206
945	1211
943	1211
943	1210
942	1210
942	1205
941	1205
941	1202
942	1202
942	1190
943	1190
943	1187
944	1187
944	1182
945	1182
945	1178
946	1178
946	1177
947	1177
947	1173
948	1173
948	1172
949	1172
949	1171
950	1171
950	1166
951	1166
951	1162
952	1162
952	1152
954	1152
954	1150
955	1150
955	1144
956	1144
956	1143
957	1143
957	1137
958	1137
958	1134
959	1134
959	1131
960	1131
960	1125
962	1125
962	1123
963	1123
963	1121
964	1121
964	1119
965	1119
965	1117
967	1117
967	1110
968	1110
968	1109
967	1109
967	1107
959	1107
959	1106
958	1106
958	1107
956	1107
956	1108
955	1108
955	1109
953	1109
953	1110
951	1110
951	1111
950	1111
950	1112
946	1112
946	1113
945	1113
945	1116
944	1116
944	1117
943	1117
943	1118
942	1118
942	1119
941	1119
941	1120
940	1120
940	1124
938	1124
938	1121
937	1121
937	1098
938	1098
938	1096
939	1096
939	1094
940	1094
940	1093
939	1093
939	1092
940	1092
940	1087
942	1087
942	1080
943	1080
943	1073
942	1073
942	1072
935	1072
935	1071
934	1071
934	1067
933	1067
933	1063
932	1063
932	1062
931	1062
931	1061
929	1061
929	1060
928	1060
928	1059
926	1059
926	1058
925	1058
925	1055
923	1055
923	1054
922	1054
922	1052
921	1052
921	1051
920	1051
920	1052
913	1052
913	1061
914	1061
914	1063
915	1063
915	1076
916	1076
916	1077
917	1077
917	1080
916	1080
916	1091
917	1091
917	1095
915	1095
915	1115
914	1115
914	1120
913	1120
913	1125
912	1125
912	1130
910	1130
910	1135
908	1135
908	1140
906	1140
906	1141
905	1141
905	1145
902	1145
902	1141
901	1141
901	1139
900	1139
900	1137
899	1137
899	1136
898	1136
898	1135
897	1135
897	1134
896	1134
896	1132
895	1132
895	1131
894	1131
894	1130
893	1130
893	1129
892	1129
892	1125
881	1125
881	1124
880	1124
880	1136
881	1136
881	1137
882	1137
882	1140
883	1140
883	1147
885	1147
885	1165
874	1165
874	1170
873	1170
873	1180
872	1180
872	1190
870	1190
870	1202
869	1202
869	1205
868	1205
868	1208
867	1208
867	1210
868	1210
868	1212
867	1212
867	1215
866	1215
866	1216
865	1216
865	1220
864	1220
864	1221
863	1221
863	1224
862	1224
862	1225
861	1225
861	1226
860	1226
860	1228
859	1228
859	1229
857	1229
857	1221
856	1221
856	1220
854	1220
854	1216
853	1216
853	1215
852	1215
852	1213
851	1213
851	1212
850	1212
850	1211
849	1211
849	1209
847	1209
847	1208
837	1208
837	1220
836	1220
836	1224
835	1224
835	1230
834	1230
834	1231
833	1231
833	1232
832	1232
832	1237
831	1237
831	1241
830	1241
830	1242
829	1242
829	1244
830	1244
830	1245
829	1245
829	1246
828	1246
828	1247
827	1247
827	1256
826	1256
826	1260
825	1260
825	1265
824	1265
824	1266
822	1266
822	1277
821	1277
821	1281
820	1281
820	1283
819	1283
819	1287
820	1287
820	1288
819	1288
819	1289
820	1289
820	1290
819	1290
819	1291
818	1291
818	1297
817	1297
817	1295
816	1295
816	1293
815	1293
815	1292
814	1292
814	1291
813	1291
813	1290
812	1290
812	1287
811	1287
811	1286
809	1286
809	1285
808	1285
808	1284
807	1284
807	1283
806	1283
806	1281
796	1281
796	1291
795	1291
795	1294
794	1294
794	1306
793	1306
793	1315
792	1315
792	1323
791	1323
791	1325
790	1325
790	1326
789	1326
789	1331
788	1331
788	1332
787	1332
787	1339
786	1339
786	1340
785	1340
785	1342
784	1342
784	1346
783	1346
783	1347
782	1347
782	1350
781	1350
781	1351
780	1351
780	1352
779	1352
779	1355
778	1355
778	1356
775	1356
775	1359
773	1359
773	1352
772	1352
772	1351
771	1351
771	1346
762	1346
762	1351
760	1351
760	1352
759	1352
759	1361
757	1361
757	1366
756	1366
756	1368
755	1368
755	1369
754	1369
754	1375
753	1375
753	1377
752	1377
752	1380
751	1380
751	1381
750	1381
750	1382
749	1382
749	1386
747	1386
747	1387
746	1387
746	1391
745	1391
745	1392
744	1392
744	1396
742	1396
742	1397
741	1397
741	1401
740	1401
740	1402
739	1402
739	1412
738	1412
738	1416
737	1416
737	1417
736	1417
736	1421
735	1421
735	1422
734	1422
734	1423
733	1423
733	1424
732	1424
732	1422
731	1422
731	1417
729	1417
729	1416
728	1416
728	1417
726	1417
726	1416
722	1416
722	1417
721	1417
721	1422
720	1422
720	1423
719	1423
719	1428
718	1428
718	1432
717	1432
717	1435
716	1435
716	1436
715	1436
715	1437
714	1437
714	1441
713	1441
713	1442
711	1442
711	1446
710	1446
710	1447
708	1447
708	1451
707	1451
707	1452
704	1452
704	1457
702	1457
702	1461
701	1461
701	1462
699	1462
699	1467
698	1467
698	1470
697	1470
697	1472
694	1472
694	1481
693	1481
693	1482
692	1482
692	1484
691	1484
691	1485
692	1485
692	1487
690	1487
690	1488
689	1488
689	1497
686	1497
686	1502
685	1502
685	1503
684	1503
684	1507
683	1507
683	1509
682	1509
682	1513
681	1513
681	1516
680	1516
680	1517
679	1517
679	1522
677	1522
677	1523
676	1523
676	1526
677	1526
677	1527
676	1527
676	1529
677	1529
677	1531
676	1531
676	1536
675	1536
675	1537
674	1537
674	1543
673	1543
673	1547
671	1547
671	1552
670	1552
670	1553
668	1553
668	1554
669	1554
669	1560
668	1560
668	1562
667	1562
667	1564
666	1564
666	1572
665	1572
665	1573
664	1573
664	1582
663	1582
663	1587
662	1587
662	1588
661	1588
661	1591
662	1591
662	1592
661	1592
661	1602
660	1602
660	1603
659	1603
659	1609
658	1609
658	1614
657	1614
657	1619
656	1619
656	1624
655	1624
655	1628
654	1628
654	1633
653	1633
653	1634
652	1634
652	1642
651	1642
651	1646
650	1646
650	1648
649	1648
649	1652
648	1652
648	1654
647	1654
647	1656
646	1656
646	1658
645	1658
645	1661
644	1661
644	1664
643	1664
643	1663
642	1663
642	1658
641	1658
641	1600
640	1600
640	1589
641	1589
641	1547
642	1547
642	1540
643	1540
643	1538
644	1538
644	1519
645	1519
645	1518
646	1518
646	1508
645	1508
645	1493
646	1493
646	1488
647	1488
647	1485
648	1485
648	1480
649	1480
649	1469
650	1469
650	1468
651	1468
651	1466
650	1466
650	1448
651	1448
651	1426
650	1426
650	1425
642	1425
642	1422
643	1422
643	1419
644	1419
644	1418
645	1418
645	1417
646	1417
646	1414
647	1414
647	1413
648	1413
648	1410
649	1410
649	1409
651	1409
651	1408
652	1408
652	1404
653	1404
653	1402
654	1402
654	1400
655	1400
655	1390
656	1390
656	1382
657	1382
657	1378
658	1378
658	1360
649	1360
649	1364
647	1364
647	1363
646	1363
646	1357
647	1357
647	1353
648	1353
648	1348
649	1348
649	1347
650	1347
650	1346
651	1346
651	1341
652	1341
652	1338
653	1338
653	1333
655	1333
655	1330
656	1330
656	1329
655	1329
655	1328
656	1328
656	1326
657	1326
657	1324
658	1324
658	1316
657	1316
657	1315
649	1315
649	1316
648	1316
648	1317
647	1317
647	1318
646	1318
646	1319
645	1319
645	1320
644	1320
644	1323
643	1323
643	1324
642	1324
642	1323
641	1323
641	1304
642	1304
642	1303
643	1303
643	1298
644	1298
644	1297
645	1297
645	1292
646	1292
646	1287
647	1287
647	1282
648	1282
648	1278
650	1278
650	1277
651	1277
651	1268
652	1268
652	1267
653	1267
653	1263
654	1263
654	1262
655	1262
655	1259
656	1259
656	1257
658	1257
658	1246
649	1246
649	1249
647	1249
647	1250
644	1250
644	1251
643	1251
643	1252
642	1252
642	1253
641	1253
641	1254
640	1254
640	1255
639	1255
639	1256
638	1256
638	1260
637	1260
637	1261
635	1261
635	1259
636	1259
636	1238
637	1238
637	1237
638	1237
638	1236
639	1236
639	1234
638	1234
638	1233
639	1233
639	1231
638	1231
638	1230
639	1230
639	1228
640	1228
640	1226
641	1226
641	1223
642	1223
642	1222
643	1222
643	1218
644	1218
644	1217
646	1217
646	1212
647	1212
647	1209
648	1209
648	1202
651	1202
651	1190
652	1190
652	1181
654	1181
654	1178
655	1178
655	1177
656	1177
656	1176
657	1176
657	1173
658	1173
658	1170
660	1170
660	1168
661	1168
661	1167
662	1167
662	1166
663	1166
663	1163
664	1163
664	1162
665	1162
665	1161
666	1161
666	1158
667	1158
667	1157
666	1157
666	1155
667	1155
667	1154
666	1154
666	1151
656	1151
656	1152
654	1152
654	1153
649	1153
649	1154
648	1154
648	1155
644	1155
644	1156
643	1156
643	1157
642	1157
642	1158
640	1158
640	1159
639	1159
639	1160
635	1160
635	1165
633	1165
633	1151
634	1151
634	1147
635	1147
635	1146
636	1146
636	1141
637	1141
637	1136
638	1136
638	1132
640	1132
640	1131
641	1131
641	1127
642	1127
642	1126
643	1126
643	1122
645	1122
645	1119
646	1119
646	1118
645	1118
645	1117
646	1117
646	1116
647	1116
647	1113
648	1113
648	1111
649	1111
649	1109
650	1109
650	1107
651	1107
651	1106
652	1106
652	1102
653	1102
653	1097
655	1097
655	1096
656	1096
656	1092
657	1092
657	1091
658	1091
658	1089
659	1089
659	1087
661	1087
661	1086
662	1086
662	1084
663	1084
663	1082
665	1082
665	1081
666	1081
666	1079
667	1079
667	1078
668	1078
668	1077
670	1077
670	1076
672	1076
672	1067
660	1067
660	1068
659	1068
659	1069
653	1069
653	1070
646	1070
646	1072
644	1072
644	1073
643	1073
643	1074
644	1074
644	1075
643	1075
643	1076
641	1076
641	1066
642	1066
642	1065
643	1065
643	1061
644	1061
644	1057
645	1057
645	1056
646	1056
646	1055
645	1055
645	1054
646	1054
646	1052
647	1052
647	1049
648	1049
648	1048
649	1048
649	1047
650	1047
650	1046
651	1046
651	1043
653	1043
653	1038
654	1038
654	1037
655	1037
655	1036
656	1036
656	1035
657	1035
657	1034
658	1034
658	1031
660	1031
660	1029
661	1029
661	1028
660	1028
660	1027
661	1027
661	1026
663	1026
663	1021
666	1021
666	1016
668	1016
668	1013
669	1013
669	1012
671	1012
671	1010
672	1010
672	1003
675	1003
675	1002
677	1002
677	1001
678	1001
678	999
679	999
679	998
680	998
680	997
682	997
682	996
685	996
685	995
686	995
686	993
688	993
688	984
669	984
669	986
664	986
664	987
659	987
659	989
658	989
658	992
656	992
656	986
658	986
658	981
660	981
660	978
661	978
661	977
660	977
660	976
661	976
661	971
665	971
665	967
666	967
666	966
668	966
668	961
670	961
670	960
671	960
671	956
675	956
675	955
676	955
676	952
677	952
677	951
680	951
680	949
681	949
681	948
680	948
680	947
681	947
681	946
682	946
682	945
683	945
683	942
684	942
684	941
685	941
685	940
686	940
686	938
687	938
687	936
691	936
691	931
692	931
692	926
699	926
699	925
698	925
698	924
699	924
699	923
701	923
701	922
702	922
702	921
704	921
704	913
703	913
703	912
685	912
685	913
683	913
683	914
679	914
679	916
673	916
673	918
671	918
671	917
672	917
672	912
673	912
673	911
674	911
674	910
676	910
676	909
675	909
675	908
676	908
676	906
677	906
677	905
678	905
678	901
679	901
679	900
681	900
681	896
682	896
682	895
683	895
683	892
685	892
685	890
686	890
686	889
687	889
687	888
689	888
689	886
690	886
690	885
691	885
691	884
692	884
692	883
693	883
693	882
695	882
695	881
697	881
697	880
698	880
698	877
700	877
700	875
701	875
701	874
703	874
703	873
704	873
704	872
705	872
705	871
706	871
706	870
707	870
707	869
708	869
708	868
709	868
709	867
711	867
711	866
712	866
712	865
716	865
716	857
715	857
715	856
707	856
707	855
694	855
694	854
693	854
693	855
692	855
692	856
691	856
691	857
689	857
689	855
691	855
691	852
692	852
692	850
694	850
694	846
695	846
695	845
696	845
696	842
698	842
698	840
700	840
700	839
701	839
701	837
702	837
702	835
704	835
704	831
705	831
705	830
706	830
706	828
711	828
711	825
712	825
712	824
713	824
713	823
714	823
714	822
715	822
715	821
716	821
716	816
718	816
718	815
721	815
721	811
722	811
722	808
723	808
723	807
724	807
724	806
725	806
725	805
726	805
726	804
727	804
727	802
728	802
728	801
729	801
729	800
733	800
733	798
734	798
734	797
733	797
733	795
736	795
736	792
737	792
737	790
741	790
741	788
742	788
742	787
743	787
743	786
746	786
746	785
747	785
747	784
746	784
746	783
747	783
747	782
746	782
746	781
747	781
747	777
746	777
746	776
735	776
735	777
728	777
728	778
724	778
724	779
720	779
720	780
718	780
718	781
717	781
717	783
716	783
716	775
718	775
718	771
719	771
719	769
720	769
720	767
721	767
721	765
725	765
725	764
726	764
726	760
727	760
727	755
729	755
729	746
728	746
728	743
727	743
727	738
726	738
726	734
725	734
725	732
724	732
724	733
723	733
723	732
715	732
715	733
714	733
714	738
712	738
712	743
711	743
711	745
709	745
709	748
707	748
707	753
704	753
704	758
701	758
701	759
700	759
700	760
701	760
701	763
698	763
698	765
697	765
697	766
698	766
698	768
696	768
696	773
694	773
694	778
692	778
692	784
691	784
691	785
690	785
690	786
689	786
689	788
687	788
687	793
684	793
684	798
682	798
682	799
681	799
681	801
679	801
679	803
677	803
677	804
676	804
676	805
675	805
675	806
674	806
674	807
673	807
673	805
674	805
674	797
673	797
673	794
672	794
672	792
671	792
671	789
670	789
670	786
669	786
669	784
668	784
668	781
659	781
659	788
658	788
658	792
657	792
657	794
656	794
656	796
655	796
655	798
654	798
654	802
653	802
653	803
651	803
651	802
650	802
650	808
649	808
649	809
648	809
648	811
647	811
647	813
645	813
645	814
644	814
644	817
643	817
643	818
642	818
642	823
639	823
639	826
638	826
638	828
637	828
637	830
635	830
635	831
634	831
634	833
633	833
633	835
632	835
632	837
630	837
630	838
629	838
629	839
628	839
628	840
629	840
629	841
628	841
628	842
629	842
629	843
628	843
628	842
627	842
627	843
626	843
626	844
625	844
625	845
624	845
624	846
622	846
622	847
621	847
621	848
620	848
620	849
618	849
618	850
619	850
619	851
615	851
615	850
614	850
614	853
611	853
611	852
612	852
612	851
613	851
613	844
612	844
612	834
611	834
611	833
610	833
610	831
611	831
611	829
610	829
610	828
609	828
609	827
608	827
608	826
601	826
601	827
600	827
600	828
598	828
598	833
597	833
597	834
596	834
596	835
595	835
595	836
594	836
594	837
593	837
593	839
592	839
592	843
590	843
590	844
588	844
588	848
587	848
587	849
585	849
585	850
583	850
583	853
582	853
582	855
581	855
581	856
580	856
580	857
579	857
579	858
577	858
577	859
575	859
575	862
573	862
573	865
572	865
572	866
571	866
571	867
570	867
570	868
569	868
569	870
568	870
568	873
567	873
567	874
566	874
566	875
565	875
565	878
564	878
564	879
561	879
561	881
560	881
560	883
558	883
558	884
557	884
557	886
556	886
556	887
555	887
555	888
554	888
554	889
553	889
553	891
550	891
550	892
548	892
548	894
542	894
542	895
543	895
543	896
539	896
539	897
537	897
537	896
538	896
538	895
540	895
540	889
541	889
541	888
540	888
540	879
539	879
539	876
538	876
538	874
539	874
539	873
538	873
538	872
530	872
530	873
529	873
529	874
528	874
528	877
527	877
527	878
526	878
526	882
525	882
525	883
524	883
524	884
523	884
523	885
521	885
521	886
520	886
520	888
519	888
519	889
518	889
518	890
516	890
516	891
517	891
517	892
516	892
516	893
513	893
513	896
511	896
511	898
510	898
510	899
508	899
508	903
507	903
507	904
505	904
505	906
503	906
503	909
500	909
500	910
501	910
501	911
500	911
500	912
498	912
498	914
497	914
497	916
496	916
496	917
494	917
494	918
493	918
493	919
491	919
491	921
488	921
488	924
487	924
487	925
483	925
483	928
479	928
479	929
478	929
478	930
474	930
474	929
475	929
475	928
474	928
474	922
475	922
475	920
474	920
474	918
473	918
473	914
472	914
472	909
469	909
469	908
468	908
468	909
463	909
463	910
462	910
462	913
463	913
463	914
462	914
462	915
461	915
461	916
460	916
460	917
459	917
459	918
458	918
458	920
457	920
457	921
456	921
456	922
455	922
455	923
454	923
454	924
452	924
452	925
451	925
451	926
449	926
449	927
448	927
448	928
447	928
447	929
446	929
446	930
445	930
445	931
444	931
444	932
442	932
442	934
439	934
439	935
438	935
438	937
435	937
435	939
433	939
433	940
431	940
431	941
430	941
430	942
429	942
429	944
426	944
426	946
425	946
425	947
423	947
423	948
422	948
422	949
421	949
421	950
420	950
420	951
418	951
418	952
416	952
416	953
414	953
414	954
412	954
412	955
411	955
411	956
410	956
410	957
409	957
409	958
408	958
408	959
407	959
407	960
405	960
405	961
403	961
403	962
401	962
401	963
397	963
397	962
398	962
398	961
399	961
399	960
400	960
400	956
399	956
399	955
400	955
400	952
399	952
399	951
392	951
392	952
390	952
390	954
387	954
387	956
386	956
386	957
385	957
385	958
384	958
384	959
381	959
381	961
380	961
380	962
379	962
379	963
378	963
378	964
377	964
377	965
376	965
376	966
375	966
375	967
374	967
374	968
373	968
373	969
372	969
372	970
371	970
371	971
367	971
367	974
365	974
365	975
364	975
364	977
362	977
362	979
359	979
359	974
358	974
358	973
349	973
349	974
348	974
348	975
347	975
347	977
342	977
342	980
341	980
341	981
339	981
339	982
336	982
336	983
335	983
335	984
333	984
333	985
332	985
332	987
330	987
330	988
329	988
329	989
327	989
327	990
326	990
326	991
325	991
325	992
324	992
324	993
322	993
322	996
320	996
320	997
318	997
318	998
316	998
316	997
315	997
315	998
312	998
312	997
311	997
311	998
309	998
309	999
307	999
307	1001
302	1001
302	1003
301	1003
301	1004
297	1004
297	1005
296	1005
296	1006
295	1006
295	1007
294	1007
294	1008
293	1008
293	1009
287	1009
287	1011
286	1011
286	1016
279	1016
279	1017
278	1017
278	1018
275	1018
275	1019
272	1019
272	1020
271	1020
271	1022
269	1022
269	1023
268	1023
268	1024
267	1024
267	1026
266	1026
266	1027
262	1027
262	1029
257	1029
257	1030
256	1030
256	1032
252	1032
252	1033
251	1033
251	1034
247	1034
247	1035
246	1035
246	1036
245	1036
245	1037
244	1037
244	1040
237	1040
237	1041
236	1041
236	1043
232	1043
232	1045
230	1045
230	1046
229	1046
229	1047
228	1047
228	1048
227	1048
227	1049
226	1049
226	1050
221	1050
221	1051
220	1051
220	1052
219	1052
219	1053
218	1053
218	1054
215	1054
215	1055
214	1055
214	1056
212	1056
212	1057
209	1057
209	1059
205	1059
205	1060
202	1060
202	1062
201	1062
201	1067
194	1067
194	1068
193	1068
193	1069
192	1069
192	1070
190	1070
190	1071
187	1071
187	1072
182	1072
182	1073
181	1073
181	1076
178	1076
178	1075
177	1075
177	1076
176	1076
176	1077
174	1077
174	1076
173	1076
173	1077
172	1077
172	1078
171	1078
171	1079
170	1079
170	1080
165	1080
165	1081
164	1081
164	1082
163	1082
163	1083
162	1083
162	1084
161	1084
161	1085
155	1085
155	1087
154	1087
154	1088
153	1088
153	1089
151	1089
151	1090
146	1090
146	1092
143	1092
143	1093
141	1093
141	1095
136	1095
136	1096
134	1096
134	1097
131	1097
131	1098
129	1098
129	1099
128	1099
128	1100
125	1100
125	1101
121	1101
121	1102
116	1102
116	1103
113	1103
113	1104
111	1104
111	1103
110	1103
110	1102
111	1102
111	1101
112	1101
112	1100
113	1100
113	1099
116	1099
116	1097
118	1097
118	1096
119	1096
119	1095
121	1095
121	1094
122	1094
122	1092
126	1092
126	1091
127	1091
127	1089
129	1089
129	1088
130	1088
130	1087
132	1087
132	1086
133	1086
133	1084
137	1084
137	1083
138	1083
138	1082
139	1082
139	1081
142	1081
142	1078
143	1078
143	1075
148	1075
148	1074
150	1074
150	1073
151	1073
151	1072
153	1072
153	1071
156	1071
156	1072
157	1072
157	1071
158	1071
158	1068
159	1068
159	1066
163	1066
163	1064
167	1064
167	1063
168	1063
168	1060
170	1060
170	1059
171	1059
171	1057
173	1057
173	1054
174	1054
174	1053
173	1053
173	1052
181	1052
181	1051
185	1051
185	1049
186	1049
186	1048
188	1048
188	1045
190	1045
190	1044
191	1044
191	1043
193	1043
193	1042
196	1042
196	1041
198	1041
198	1038
199	1038
199	1037
200	1037
200	1036
203	1036
203	1034
206	1034
206	1033
208	1033
208	1026
218	1026
218	1017
224	1017
224	1016
228	1016
228	1013
229	1013
229	1012
230	1012
230	1011
236	1011
236	1007
237	1007
237	1006
238	1006
238	1002
239	1002
239	1001
243	1001
243	992
244	992
244	991
253	991
253	989
254	989
254	988
255	988
255	986
258	986
258	983
259	983
259	982
260	982
260	980
261	980
261	978
263	978
263	977
264	977
264	976
266	976
266	972
267	972
267	971
268	971
268	970
269	970
269	969
270	969
270	966
274	966
274	961
278	961
278	960
279	960
279	956
283	956
283	952
284	952
284	951
285	951
285	950
286	950
286	948
285	948
285	947
286	947
286	946
289	946
289	945
290	945
290	944
289	944
289	937
287	937
287	936
286	936
286	937
285	937
285	936
284	936
284	935
285	935
285	933
286	933
286	931
288	931
288	930
290	930
290	929
293	929
293	928
294	928
294	926
298	926
298	925
299	925
299	921
303	921
303	920
304	920
304	916
305	916
305	915
306	915
306	913
308	913
308	912
309	912
309	911
310	911
310	910
312	910
312	906
314	906
314	904
315	904
315	903
317	903
317	901
319	901
319	899
320	899
320	897
321	897
321	896
324	896
324	895
326	895
326	891
328	891
328	890
329	890
329	887
332	887
332	886
334	886
334	884
335	884
335	883
338	883
338	882
339	882
339	873
337	873
337	872
323	872
323	873
321	873
321	871
322	871
322	870
324	870
324	866
328	866
328	865
329	865
329	860
330	860
330	861
331	861
331	860
332	860
332	861
333	861
333	860
334	860
334	856
335	856
335	855
338	855
338	854
339	854
339	852
344	852
344	846
345	846
345	845
348	845
348	844
349	844
349	841
354	841
354	838
356	838
356	837
359	837
359	835
360	835
360	833
361	833
361	832
364	832
364	829
366	829
366	828
369	828
369	825
372	825
372	824
373	824
373	823
374	823
374	822
375	822
375	821
376	821
376	820
379	820
379	819
380	819
380	818
382	818
382	817
383	817
383	810
382	810
382	809
381	809
381	808
364	808
364	809
362	809
362	811
361	811
361	807
362	807
362	805
363	805
363	804
364	804
364	800
368	800
368	799
369	799
369	796
370	796
370	794
371	794
371	793
372	793
372	791
374	791
374	790
378	790
378	789
379	789
379	785
381	785
381	784
382	784
382	782
383	782
383	781
384	781
384	780
385	780
385	779
386	779
386	778
389	778
389	777
391	777
391	776
392	776
392	775
393	775
393	774
395	774
395	773
396	773
396	770
397	770
397	771
398	771
398	770
399	770
399	765
408	765
408	764
409	764
409	760
414	760
414	758
415	758
415	756
417	756
417	755
419	755
419	754
420	754
420	752
423	752
423	751
424	751
424	750
428	750
428	749
430	749
430	748
429	748
429	746
434	746
434	745
438	745
438	744
439	744
439	736
435	736
435	735
426	735
426	734
417	734
417	735
412	735
412	736
411	736
411	737
409	737
409	735
410	735
410	734
411	734
411	732
412	732
412	730
413	730
413	729
414	729
414	727
415	727
415	726
416	726
416	725
417	725
417	724
419	724
419	720
423	720
423	719
424	719
424	716
426	716
426	715
427	715
427	714
429	714
429	712
430	712
430	711
431	711
431	710
432	710
432	709
434	709
434	708
435	708
435	707
436	707
436	706
437	706
437	705
439	705
439	704
440	704
440	703
444	703
444	702
446	702
446	700
449	700
449	699
450	699
450	697
453	697
453	696
455	696
455	695
456	695
456	694
459	694
459	692
460	692
460	691
461	691
461	690
462	690
462	689
464	689
464	687
465	687
465	686
468	686
468	687
469	687
469	686
470	686
470	685
472	685
472	684
474	684
474	683
475	683
475	682
479	682
479	681
481	681
481	680
482	680
482	672
481	672
481	671
475	671
475	670
474	670
474	669
468	669
468	668
466	668
466	669
461	669
461	668
460	668
460	669
456	669
456	670
454	670
454	668
455	668
455	667
456	667
456	666
458	666
458	665
459	665
459	663
460	663
460	662
461	662
461	661
462	661
462	660
464	660
464	659
465	659
465	657
466	657
466	656
467	656
467	655
468	655
468	654
469	654
469	653
470	653
470	652
471	652
471	650
473	650
473	649
475	649
475	645
480	645
480	644
481	644
481	643
482	643
482	639
490	639
490	635
500	635
500	634
504	634
504	633
505	633
505	631
510	631
510	627
511	627
511	626
515	626
515	624
519	624
519	623
520	623
520	622
522	622
522	621
525	621
525	620
527	620
527	619
534	619
534	618
535	618
535	608
534	608
534	607
531	607
531	606
529	606
529	605
525	605
525	604
520	604
520	603
519	603
519	602
508	602
508	604
506	604
506	602
507	602
507	601
508	601
508	600
509	600
509	599
511	599
511	598
512	598
512	596
513	596
513	595
514	595
514	594
515	594
515	592
516	592
516	591
517	591
517	590
518	590
518	589
519	589
519	588
521	588
521	587
523	587
523	586
524	586
524	585
525	585
525	584
529	584
529	583
530	583
530	582
531	582
531	583
532	583
532	582
533	582
533	581
534	581
534	580
535	580
535	579
539	579
539	578
540	578
540	576
546	576
546	575
548	575
548	574
552	574
552	573
553	573
553	574
554	574
554	573
555	573
555	570
560	570
560	569
565	569
565	565
566	565
566	564
567	564
567	565
570	565
570	561
574	561
574	560
575	560
575	559
579	559
579	558
584	558
584	557
585	557
585	556
589	556
589	555
592	555
592	554
595	554
595	553
596	553
596	552
595	552
595	544
594	544
594	543
592	543
592	542
590	542
590	540
585	540
585	539
580	539
580	537
579	537
579	536
578	536
578	537
577	537
577	536
576	536
576	537
575	537
575	536
573	536
573	537
569	537
569	535
570	535
570	534
571	534
571	533
572	533
572	530
575	530
575	529
576	529
576	528
577	528
577	527
578	527
578	526
580	526
580	524
584	524
584	523
586	523
586	522
587	522
587	521
588	521
588	520
592	520
592	519
593	519
593	518
595	518
595	517
598	517
598	516
599	516
599	515
606	515
606	514
608	514
608	513
611	513
611	512
614	512
614	511
619	511
619	510
622	510
622	509
623	509
623	508
625	508
625	507
626	507
626	506
637	506
637	505
640	505
640	504
641	504
641	496
640	496
640	494
637	494
637	493
636	493
636	492
635	492
635	490
626	490
626	489
628	489
628	488
629	488
629	487
630	487
630	486
629	486
629	485
630	485
630	484
633	484
633	483
634	483
634	484
635	484
635	483
640	483
640	482
641	482
641	480
643	480
643	479
645	479
645	478
646	478
646	475
659	475
659	474
661	474
661	473
665	473
665	472
666	472
666	471
667	471
667	469
672	469
672	468
675	468
675	467
677	467
677	466
678	466
678	465
682	465
682	464
685	464
685	463
688	463
688	461
699	461
699	460
703	460
703	459
706	459
706	450
705	450
705	449
703	449
703	448
701	448
701	446
699	446
699	445
698	445
698	443
696	443
696	442
691	442
691	441
688	441
688	440
679	440
679	441
674	441
674	442
673	442
673	443
669	443
669	445
664	445
664	447
661	447
661	445
662	445
662	446
663	446
663	443
664	443
664	438
666	438
666	426
657	426
657	427
656	427
656	429
654	429
654	431
649	431
649	435
648	435
648	436
647	436
647	435
645	435
645	436
643	436
643	437
642	437
642	438
641	438
641	439
640	439
640	440
639	440
639	441
638	441
638	442
637	442
637	443
635	443
635	444
632	444
632	445
631	445
631	446
629	446
629	447
628	447
628	448
627	448
627	449
626	449
626	450
625	450
625	451
624	451
624	453
619	453
619	454
618	454
618	456
614	456
614	457
613	457
613	461
609	461
609	462
604	462
604	463
603	463
603	465
601	465
601	466
597	466
597	465
598	465
598	463
600	463
600	443
592	443
592	445
590	445
590	446
589	446
589	447
588	447
588	448
587	448
587	449
584	449
584	450
583	450
583	453
582	453
582	454
579	454
579	455
578	455
578	456
574	456
574	457
573	457
573	459
569	459
569	460
568	460
568	461
565	461
565	462
564	462
564	463
562	463
562	464
561	464
561	465
560	465
560	466
556	466
556	467
554	467
554	468
555	468
555	469
551	469
551	470
550	470
550	471
549	471
549	472
548	472
548	473
543	473
543	474
538	474
538	476
529	476
529	477
528	477
528	478
526	478
526	477
527	477
527	476
528	476
528	475
530	475
530	473
531	473
531	469
532	469
532	458
524	458
524	459
523	459
523	461
522	461
522	462
521	462
521	464
519	464
519	465
517	465
517	466
514	466
514	467
513	467
513	469
509	469
509	470
508	470
508	471
504	471
504	472
503	472
503	474
498	474
498	476
494	476
494	477
492	477
492	478
489	478
489	479
488	479
488	480
483	480
483	481
478	481
478	482
477	482
477	483
474	483
474	482
473	482
473	483
469	483
469	482
470	482
470	480
471	480
471	479
472	479
472	477
473	477
473	467
472	467
472	466
463	466
463	469
462	469
462	470
456	470
456	473
455	473
455	474
454	474
454	475
448	475
448	476
443	476
443	478
438	478
438	479
437	479
437	480
433	480
433	481
432	481
432	482
428	482
428	484
427	484
427	485
423	485
423	486
418	486
418	487
417	487
417	488
409	488
409	487
406	487
406	486
407	486
407	485
408	485
408	484
409	484
409	483
411	483
411	474
409	474
409	473
403	473
403	474
402	474
402	475
397	475
397	476
393	476
393	477
392	477
392	478
389	478
389	479
382	479
382	481
368	481
368	482
359	482
359	483
353	483
353	484
343	484
343	485
338	485
338	484
337	484
337	480
328	480
328	481
320	481
320	482
318	482
318	483
308	483
308	484
306	484
306	485
297	485
297	486
285	486
285	487
277	487
277	488
272	488
272	489
269	489
269	490
262	490
262	491
247	491
247	492
240	492
240	493
239	493
239	494
238	494
238	495
227	495
227	496
215	496
215	497
212	497
212	498
213	498
213	499
196	499
196	500
192	500
192	501
187	501
187	502
181	502
181	503
171	503
171	504
162	504
162	505
156	505
156	506
118	506
118	505
120	505
120	504
121	504
121	503
123	503
123	501
128	501
128	500
130	500
130	499
133	499
133	498
138	498
138	497
139	497
139	496
143	496
143	495
146	495
146	494
148	494
148	493
150	493
150	494
152	494
152	493
154	493
154	492
155	492
155	491
156	491
156	490
163	490
163	488
168	488
168	486
182	486
182	485
183	485
183	486
184	486
184	484
188	484
188	483
195	483
195	481
197	481
197	479
198	479
198	478
208	478
208	477
211	477
211	474
216	474
216	473
221	473
221	474
222	474
222	473
223	473
223	472
225	472
225	471
228	471
228	470
232	470
232	469
237	469
237	468
238	468
238	467
239	467
239	463
241	463
241	464
251	464
251	463
253	463
253	462
255	462
255	460
260	460
260	459
261	459
261	460
265	460
265	459
267	459
267	458
273	458
273	456
274	456
274	455
278	455
278	453
283	453
283	451
284	451
284	449
286	449
286	448
298	448
298	446
299	446
299	444
300	444
300	443
304	443
304	442
306	442
306	440
308	440
308	439
309	439
309	438
313	438
313	437
314	437
314	436
315	436
315	435
318	435
318	434
319	434
319	433
324	433
324	431
325	431
325	429
324	429
324	428
325	428
325	424
324	424
324	421
327	421
327	420
329	420
329	419
332	419
332	418
339	418
339	414
340	414
340	413
348	413
348	412
349	412
349	411
351	411
351	410
353	410
353	409
354	409
354	408
360	408
360	407
361	407
361	405
363	405
363	404
364	404
364	405
366	405
366	404
367	404
367	403
373	403
373	402
374	402
374	399
383	399
383	398
386	398
386	389
385	389
385	388
384	388
384	386
381	386
381	385
380	385
380	384
377	384
377	383
378	383
378	382
379	382
379	381
380	381
380	380
384	380
384	379
387	379
387	378
393	378
393	377
395	377
395	376
399	376
399	373
403	373
403	372
404	372
404	371
413	371
413	370
416	370
416	369
421	369
421	368
439	368
439	367
440	367
440	366
439	366
439	365
440	365
440	364
439	364
439	363
440	363
440	362
439	362
439	361
440	361
440	359
438	359
438	358
436	358
436	357
434	357
434	356
424	356
424	355
425	355
425	354
426	354
426	353
427	353
427	352
429	352
429	349
431	349
431	348
432	348
432	347
434	347
434	346
435	346
435	345
438	345
438	344
440	344
440	343
444	343
444	342
445	342
445	341
444	341
444	340
445	340
445	339
446	339
446	340
456	340
456	339
459	339
459	338
462	338
462	337
471	337
471	336
473	336
473	335
480	335
480	334
499	334
499	333
500	333
500	325
495	325
495	321
490	321
490	319
489	319
489	318
486	318
486	319
485	319
485	318
482	318
482	316
483	316
483	315
487	315
487	314
489	314
489	313
490	313
490	312
494	312
494	311
495	311
495	310
497	310
497	309
503	309
503	308
507	308
507	307
515	307
515	308
517	308
517	307
530	307
530	306
532	306
532	305
535	305
535	304
538	304
538	303
547	303
547	302
548	302
548	303
550	303
550	302
564	302
564	294
563	294
563	292
562	292
562	291
560	291
560	288
559	288
559	287
557	287
557	285
555	285
555	283
550	283
550	282
551	282
551	281
553	281
553	280
555	280
555	279
558	279
558	278
562	278
562	277
579	277
579	276
584	276
584	277
596	277
596	276
598	276
598	275
625	275
625	265
621	265
621	264
618	264
618	265
617	265
617	264
615	264
615	265
614	265
614	264
612	264
612	259
611	259
611	258
608	258
608	257
610	257
610	256
612	256
612	255
617	255
617	254
619	254
619	253
629	253
629	252
652	252
652	253
673	253
673	252
678	252
678	253
687	253
687	254
695	254
695	253
696	253
696	247
695	247
695	245
692	245
692	243
691	243
691	241
690	241
690	239
689	239
689	238
688	238
688	237
687	237
687	236
685	236
685	237
684	237
684	236
683	236
683	237
682	237
682	236
680	236
680	235
677	235
677	234
679	234
679	233
680	233
680	232
684	232
684	231
686	231
686	230
708	230
708	231
710	231
710	232
722	232
722	231
723	231
723	221
722	221
722	217
711	217
711	218
704	218
704	219
699	219
699	220
676	220
676	217
678	217
678	216
679	216
679	208
669	208
669	209
668	209
668	210
636	210
636	209
634	209
634	208
632	208
632	207
631	207
631	200
626	200
626	199
623	199
623	198
615	198
615	197
610	197
610	196
595	196
595	195
589	195
589	194
585	194
585	193
584	193
584	192
575	192
575	191
568	191
568	190
566	190
566	189
565	189
565	188
564	188
564	187
557	187
557	188
556	188
556	187
554	187
554	186
550	186
550	185
545	185
545	183
544	183
544	182
539	182
539	181
530	181
530	180
525	180
525	179
524	179
524	178
519	178
519	177
510	177
510	175
506	175
506	174
504	174
504	173
499	173
499	172
494	172
494	171
492	171
492	172
491	172
491	171
490	171
490	170
489	170
489	169
487	169
487	170
485	170
485	168
484	168
484	167
477	167
477	165
475	165
475	164
473	164
473	165
471	165
471	164
470	164
470	163
469	163
469	162
465	162
465	161
464	161
464	159
459	159
459	158
455	158
455	157
454	157
454	158
453	158
453	157
452	157
452	156
451	156
451	155
449	155
449	154
448	154
448	153
444	153
444	152
443	152
443	151
435	151
435	148
434	148
434	145
429	145
429	144
428	144
428	142
432	142
432	143
442	143
442	144
445	144
445	145
448	145
448	146
452	146
452	147
455	147
455	148
459	148
459	149
463	149
463	150
466	150
466	151
467	151
467	152
471	152
471	151
472	151
472	152
478	152
478	153
483	153
483	154
493	154
493	156
500	156
500	157
528	157
528	158
566	158
566	157
574	157
574	158
586	158
586	157
607	157
607	156
620	156
620	155
623	155
623	154
630	154
630	153
634	153
634	152
633	152
633	144
639	144
639	145
644	145
644	146
652	146
652	147
675	147
675	148
677	148
677	147
685	147
685	146
686	146
686	139
688	139
688	138
695	138
695	137
713	137
713	136
716	136
716	137
738	137
738	138
756	138
756	136
760	136
760	127
759	127
759	126
758	126
758	123
770	123
770	124
778	124
778	125
780	125
780	126
782	126
782	127
790	127
790	128
798	128
798	129
800	129
800	131
801	131
801	130
802	130
802	131
809	131
809	132
815	132
815	133
816	133
816	132
817	132
817	133
818	133
818	132
821	132
821	123
820	123
820	120
819	120
819	118
818	118
818	117
820	117
820	118
822	118
822	119
827	119
827	120
829	120
829	121
832	121
832	122
835	122
835	123
836	123
836	124
839	124
839	125
840	125
840	126
845	126
845	127
846	127
846	128
848	128
848	129
852	129
852	130
854	130
854	131
859	131
859	132
862	132
862	133
869	133
869	135
868	135
868	136
870	136
870	137
878	137
878	136
879	136
879	135
878	135
878	134
879	134
879	128
878	128
878	126
877	126
877	125
878	125
878	124
876	124
876	122
880	122
880	123
881	123
881	124
882	124
882	125
885	125
885	126
890	126
890	127
892	127
892	128
893	128
893	129
894	129
894	130
895	130
895	131
899	131
899	132
900	132
900	133
902	133
902	134
905	134
905	136
910	136
910	137
912	137
912	138
917	138
917	139
918	139
918	140
920	140
920	141
921	141
921	142
924	142
924	141
926	141
926	142
928	142
928	141
929	141
929	142
930	142
930	141
932	141
932	138
933	138
933	137
934	137
934	136
938	136
938	137
940	137
940	138
941	138
941	139
944	139
944	140
945	140
945	141
947	141
947	142
951	142
951	144
955	144
955	145
956	145
956	146
959	146
959	147
960	147
960	148
962	148
962	149
964	149
964	150
966	150
966	151
968	151
968	152
970	152
970	153
976	153
976	152
982	152
982	151
983	151
983	152
985	152
985	153
987	153
987	154
990	154
990	155
993	155
993	156
996	156
996	157
999	157
999	158
1000	158
1000	159
1004	159
1004	160
1005	160
1005	161
1006	161
1006	162
1009	162
1009	163
1013	163
1013	164
1015	164
1015	165
1016	165
1016	166
1017	166
1017	167
1019	167
1019	168
1021	168
1021	169
1026	169
1026	170
1030	170
1030	172
1036	172
1036	173
1037	173
1037	174
1042	174
1042	175
1049	175
1049	176
1051	176
1051	177
1060	177
1060	176
1063	176
1063	177
1084	177
1084	178
1086	178
1086	179
1096	179
1096	180
1102	180
1102	181
1113	181
1113	180
1114	180
1114	181
1115	181
1115	182
1117	182
1117	183
1119	183
1119	184
1130	184
1130	183
1133	183
1133	182
1137	182
1137	181
1139	181
1139	180
1141	180
1141	179
1146	179
1146	178
1150	178
1150	177
1159	177
1159	176
1160	176
1160	175
1161	175
1161	174
1166	174
1166	173
1170	173
1170	172
1172	172
1172	171
1174	171
1174	169
1175	169
1175	168
1180	168
1180	167
1184	167
1184	166
1185	166
1185	165
1187	165
1187	164
1190	164
1190	165
1192	165
1192	166
1204	166
1204	164
1206	164
1206	163
1207	163
1207	162
1212	162
1212	161
1214	161
1214	160
1215	160
1215	159
1218	159
1218	158
1221	158
1221	157
1222	157
1222	156
1225	156
1225	155
1226	155
1226	154
1233	154
1233	152
1235	152
1235	151
1239	151
1239	149
1241	149
1241	148
1245	148
1245	147
1246	147
1246	148
1247	148
1247	152
1256	152
1256	151
1257	151
1257	152
1258	152
1258	150
1259	150
1259	149
1261	149
1261	148
1264	148
1264	147
1266	147
1266	146
1269	146
1269	145
1270	145
1270	144
1271	144
1271	143
1276	143
1276	142
1279	142
1279	139
1284	139
1284	137
1288	137
1288	136
1290	136
1290	135
1292	135
1292	134
1296	134
1296	135
1294	135
1294	139
1293	139
1293	141
1292	141
1292	142
1293	142
1293	143
1292	143
1292	149
1296	149
1296	150
1297	150
1297	149
1303	149
1303	147
1307	147
1307	146
1309	146
1309	145
1311	145
1311	144
1315	144
1315	143
1319	143
1319	142
1322	142
1322	141
1326	141
1326	140
1327	140
1327	141
1328	141
1328	140
1330	140
1330	139
1332	139
1332	138
1333	138
1333	137
1335	137
1335	136
1339	136
1339	134
1342	134
1342	133
1347	133
1347	132
1352	132
1352	131
1353	131
1353	132
1354	132
1354	131
1357	131
1357	134
1353	134
1353	135
1352	135
1352	141
1353	141
1353	142
1352	142
1352	143
1353	143
1353	144
1365	144
1365	142
1366	142
1366	141
1367	141
1367	142
1369	142
1369	141
1375	141
1375	139
1378	139
1378	138
1388	138
1388	137
1389	137
1389	136
1390	136
1390	135
1399	135
1399	134
1400	134
1400	133
1401	133
1401	134
1404	134
1404	133
1409	133
1409	134
1407	134
1407	135
1406	135
1406	139
1405	139
1405	140
1406	140
1406	143
1415	143
1415	142
1417	142
1417	141
1425	141
1425	140
1426	140
1426	138
1432	138
1432	137
1436	137
1436	136
1437	136
1437	137
1439	137
1439	136
1440	136
1440	137
1444	137
1444	136
1446	136
1446	137
1448	137
1448	136
1450	136
1450	135
1453	135
1453	144
1454	144
1454	143
1465	143
1465	142
1469	142
1469	141
1475	141
1475	139
1480	139
1480	138
1486	138
1486	137
1488	137
1488	136
1491	136
1491	134
1505	134
1505	133
1508	133
1508	135
1507	135
1507	136
1505	136
1505	137
1506	137
1506	138
1505	138
1505	146
1515	146
1515	145
1516	145
1516	144
1520	144
1520	143
1526	143
1526	142
1534	142
1534	141
1552	141
1552	140
1560	140
1560	139
1562	139
1562	138
1587	138
1587	137
1601	137
1601	136
1606	136
1606	134
1614	134
1614	133
1621	133
1621	132
1624	132
1624	131
1631	131
1631	130
1634	130
1634	129
1636	129
1636	128
1638	128
1638	127
1649	127
1649	126
1656	126
1656	125
1658	125
1658	124
1662	124
1662	123
1665	123
1665	122
1673	122
1673	121
1676	121
1676	120
1677	120
1677	119
1679	119
1679	118
1682	118
1682	117
1685	117
1685	116
1692	116
1692	115
1691	115
1691	114
1692	114
1692	111
1701	111
1701	110
1703	110
1703	109
1706	109
1706	108
1707	108
1707	107
1709	107
1709	106
1711	106
1711	105
1712	105
1712	104
1714	104
1714	103
1717	103
1717	102
1718	102
1718	101
1721	101
1721	100
1722	100
1722	99
1724	99
1724	98
1726	98
1726	97
1727	97
1727	96
1731	96
1731	99
1729	99
1729	100
1728	100
1728	102
1727	102
1727	103
1726	103
1726	104
1725	104
1725	106
1724	106
1724	107
1721	107
1721	108
1720	108
1720	109
1718	109
1718	111
1717	111
1717	112
1715	112
1715	113
1714	113
1714	115
1712	115
1712	117
1710	117
1710	118
1709	118
1709	119
1705	119
1705	120
1704	120
1704	124
1700	124
1700	125
1699	125
1699	126
1695	126
1695	127
1694	127
1694	129
1690	129
1690	130
1689	130
1689	131
1685	131
1685	132
1684	132
1684	134
1680	134
1680	135
1679	135
1679	136
1675	136
1675	137
1674	137
1674	139
1670	139
1670	140
1669	140
1669	141
1666	141
1666	142
1664	142
1664	144
1661	144
1661	145
1659	145
1659	147
1654	147
1654	149
1649	149
1649	151
1647	151
1647	152
1645	152
1645	153
1643	153
1643	154
1635	154
1635	155
1634	155
1634	157
1630	157
1630	158
1629	158
1629	161
1624	161
1624	162
1620	162
1620	163
1619	163
1619	164
1617	164
1617	165
1616	165
1616	164
1615	164
1615	165
1614	165
1614	167
1610	167
1610	168
1605	168
1605	169
1603	169
1603	170
1602	170
1602	171
1599	171
1599	172
1595	172
1595	173
1594	173
1594	174
1592	174
1592	175
1591	175
1591	174
1590	174
1590	175
1589	175
1589	177
1586	177
1586	178
1584	178
1584	179
1583	179
1583	180
1579	180
1579	181
1578	181
1578	182
1576	182
1576	181
1575	181
1575	182
1574	182
1574	187
1570	187
1570	188
1569	188
1569	187
1568	187
1568	188
1567	188
1567	187
1565	187
1565	188
1564	188
1564	189
1562	189
1562	190
1561	190
1561	191
1560	191
1560	192
1545	192
1545	193
1544	193
1544	194
1543	194
1543	195
1536	195
1536	196
1535	196
1535	207
1537	207
1537	208
1534	208
1534	210
1533	210
1533	211
1504	211
1504	212
1501	212
1501	220
1499	220
1499	221
1498	221
1498	222
1494	222
1494	223
1493	223
1493	231
1494	231
1494	232
1506	232
1506	231
1505	231
1505	230
1507	230
1507	231
1509	231
1509	232
1520	232
1520	230
1526	230
1526	231
1529	231
1529	230
1537	230
1537	229
1539	229
1539	230
1544	230
1544	231
1545	231
1545	230
1546	230
1546	231
1549	231
1549	232
1550	232
1550	233
1551	233
1551	232
1554	232
1554	233
1555	233
1555	234
1553	234
1553	235
1548	235
1548	237
1545	237
1545	238
1544	238
1544	241
1543	241
1543	243
1542	243
1542	244
1541	244
1541	245
1540	245
1540	246
1539	246
1539	247
1538	247
1538	248
1537	248
1537	256
1538	256
1538	257
1555	257
1555	255
1558	255
1558	254
1559	254
1559	255
1606	255
1606	256
1609	256
1609	257
1616	257
1616	259
1614	259
1614	260
1609	260
1609	264
1608	264
1608	265
1605	265
1605	266
1604	266
1604	270
1602	270
1602	269
1601	269
1601	270
1600	270
1600	271
1599	271
1599	280
1612	280
1612	279
1615	279
1615	280
1623	280
1623	281
1624	281
1624	282
1636	282
1636	280
1638	280
1638	281
1649	281
1649	282
1655	282
1655	283
1664	283
1664	287
1667	287
1667	289
1665	289
1665	290
1664	290
1664	289
1661	289
1661	290
1660	290
1660	291
1659	291
1659	293
1656	293
1656	294
1655	294
1655	295
1654	295
1654	297
1653	297
1653	300
1654	300
1654	301
1653	301
1653	303
1654	303
1654	304
1670	304
1670	305
1688	305
1688	306
1697	306
1697	305
1702	305
1702	306
1705	306
1705	307
1712	307
1712	308
1714	308
1714	309
1716	309
1716	310
1719	310
1719	311
1720	311
1720	312
1723	312
1723	313
1725	313
1725	314
1727	314
1727	316
1723	316
1723	317
1718	317
1718	319
1717	319
1717	320
1716	320
1716	321
1715	321
1715	322
1714	322
1714	323
1713	323
1713	325
1711	325
1711	333
1712	333
1712	334
1716	334
1716	335
1719	335
1719	334
1726	334
1726	335
1728	335
1728	336
1730	336
1730	337
1731	337
1731	338
1744	338
1744	339
1746	339
1746	340
1755	340
1755	341
1759	341
1759	342
1762	342
1762	343
1765	343
1765	344
1769	344
1769	345
1772	345
1772	346
1775	346
1775	347
1781	347
1781	348
1783	348
1783	350
1785	350
1785	353
1787	353
1787	354
1781	354
1781	355
1779	355
1779	357
1777	357
1777	358
1775	358
1775	360
1774	360
1774	366
1775	366
1775	368
1784	368
1784	369
1787	369
1787	370
1791	370
1791	371
1794	371
1794	372
1797	372
1797	373
1805	373
1805	374
1810	374
1810	377
1811	377
1811	378
1820	378
1820	380
1821	380
1821	381
1826	381
1826	382
1830	382
1830	386
1821	386
1821	387
1820	387
1820	388
1819	388
1819	396
1820	396
1820	398
1828	398
1828	403
1835	403
1835	404
1836	404
1836	405
1838	405
1838	406
1840	406
1840	407
1841	407
1841	408
1845	408
1845	409
1848	409
1848	410
1850	410
1850	412
1851	412
1851	413
1855	413
1855	414
1856	414
1856	415
1860	415
1860	418
1863	418
1863	419
1864	419
1864	421
1865	421
1865	422
1866	422
1866	423
1875	423
1875	424
1876	424
1876	425
1880	425
1880	427
1881	427
1881	428
1896	428
1896	429
1895	429
1895	430
1896	430
1896	431
1895	431
1895	432
1896	432
1896	435
1897	435
1897	434
1900	434
1900	435
1904	435
1904	436
1911	436
1911	438
1914	438
1914	439
1919	439
1919	440
1921	440
1921	441
1925	441
1925	442
1926	442
1926	443
1936	443
1936	444
1938	444
1938	445
1940	445
1940	446
1941	446
1941	448
1953	448
1953	449
1958	449
1958	450
1968	450
1968	451
1969	451
1969	452
1976	452
1976	453
1984	453
1984	454
1988	454
1988	455
1994	455
1994	456
2000	456
2000	457
2001	457
2001	458
2016	458
2016	459
2024	459
2024	458
2031	458
2031	459
2039	459
2039	460
2049	460
2049	459
2055	459
2055	460
2067	460
2067	461
2075	461
2075	462
2079	462
2079	463
2078	463
2078	464
2076	464
2076	465
2072	465
2072	466
2070	466
2070	467
2065	467
2065	468
2058	468
2058	469
2047	469
2047	470
2046	470
2046	471
2037	471
2037	472
2036	472
2036	473
2022	473
2022	474
1977	474
1977	475
1973	475
1973	474
1947	474
1947	473
1933	473
1933	472
1930	472
1930	471
1913	471
1913	472
1911	472
1911	473
1908	473
1908	472
1907	472
1907	471
1897	471
1897	470
1886	470
1886	471
1882	471
1882	470
1867	470
1867	469
1856	469
1856	468
1848	468
1848	471
1842	471
1842	468
1833	468
1833	472
1832	472
1832	473
1822	473
1822	471
1817	471
1817	469
1812	469
1812	468
1807	468
1807	466
1802	466
1802	464
1794	464
1794	463
1793	463
1793	462
1792	462
1792	461
1782	461
1782	470
1783	470
1783	471
1784	471
1784	473
1786	473
1786	474
1781	474
1781	473
1772	473
1772	472
1771	472
1771	471
1767	471
1767	469
1766	469
1766	468
1762	468
1762	467
1756	467
1756	466
1752	466
1752	465
1747	465
1747	462
1741	462
1741	461
1736	461
1736	460
1732	460
1732	459
1731	459
1731	458
1727	458
1727	457
1725	457
1725	456
1721	456
1721	454
1719	454
1719	453
1713	453
1713	454
1711	454
1711	463
1712	463
1712	468
1714	468
1714	470
1715	470
1715	471
1717	471
1717	473
1714	473
1714	472
1708	472
1708	473
1707	473
1707	472
1706	472
1706	471
1702	471
1702	470
1701	470
1701	469
1696	469
1696	468
1694	468
1694	467
1692	467
1692	465
1691	465
1691	464
1686	464
1686	462
1685	462
1685	461
1680	461
1680	460
1679	460
1679	458
1675	458
1675	457
1674	457
1674	456
1669	456
1669	455
1668	455
1668	454
1667	454
1667	452
1666	452
1666	451
1661	451
1661	449
1660	449
1660	448
1659	448
1659	447
1658	447
1658	446
1649	446
1649	460
1651	460
1651	461
1654	461
1654	463
1643	463
1643	462
1642	462
1642	461
1640	461
1640	460
1638	460
1638	459
1636	459
1636	457
1635	457
1635	456
1631	456
1631	455
1627	455
1627	454
1626	454
1626	451
1625	451
1625	450
1624	450
1624	449
1616	449
1616	446
1615	446
1615	445
1614	445
1614	444
1613	444
1613	443
1612	443
1612	442
1611	442
1611	441
1606	441
1606	440
1604	440
1604	441
1602	441
1602	440
1601	440
1601	432
1600	432
1600	431
1592	431
1592	442
1593	442
1593	443
1595	443
1595	451
1594	451
1594	450
1592	450
1592	449
1591	449
1591	446
1581	446
1581	444
1580	444
1580	443
1569	443
1569	444
1568	444
1568	440
1566	440
1566	432
1565	432
1565	431
1561	431
1561	430
1560	430
1560	429
1558	429
1558	426
1556	426
1556	425
1555	425
1555	424
1551	424
1551	421
1546	421
1546	419
1544	419
1544	418
1541	418
1541	415
1540	415
1540	413
1532	413
1532	417
1531	417
1531	418
1532	418
1532	423
1536	423
1536	432
1537	432
1537	433
1536	433
1536	434
1532	434
1532	433
1531	433
1531	432
1530	432
1530	431
1519	431
1519	432
1518	432
1518	433
1517	433
1517	434
1514	434
1514	435
1513	435
1513	436
1512	436
1512	437
1511	437
1511	446
1516	446
1516	447
1517	447
1517	446
1519	446
1519	447
1523	447
1523	448
1533	448
1533	449
1534	449
1534	450
1536	450
1536	451
1539	451
1539	453
1548	453
1548	454
1551	454
1551	455
1552	455
1552	454
1554	454
1554	455
1555	455
1555	456
1558	456
1558	457
1559	457
1559	458
1565	458
1565	459
1569	459
1569	461
1571	461
1571	462
1574	462
1574	463
1585	463
1585	464
1588	464
1588	465
1594	465
1594	466
1596	466
1596	467
1599	467
1599	468
1600	468
1600	469
1604	469
1604	473
1612	473
1612	474
1613	474
1613	476
1614	476
1614	479
1616	479
1616	480
1617	480
1617	479
1619	479
1619	481
1610	481
1610	482
1604	482
1604	484
1599	484
1599	486
1595	486
1595	487
1594	487
1594	489
1593	489
1593	492
1592	492
1592	493
1593	493
1593	499
1594	499
1594	498
1596	498
1596	499
1598	499
1598	500
1610	500
1610	501
1616	501
1616	502
1619	502
1619	503
1622	503
1622	504
1623	504
1623	505
1625	505
1625	506
1627	506
1627	507
1629	507
1629	509
1637	509
1637	510
1638	510
1638	513
1643	513
1643	514
1645	514
1645	515
1648	515
1648	516
1649	516
1649	518
1650	518
1650	519
1659	519
1659	520
1662	520
1662	521
1664	521
1664	523
1665	523
1665	524
1669	524
1669	528
1672	528
1672	529
1673	529
1673	528
1674	528
1674	529
1677	529
1677	533
1678	533
1678	534
1680	534
1680	535
1681	535
1681	536
1682	536
1682	538
1681	538
1681	537
1667	537
1667	538
1666	538
1666	539
1664	539
1664	540
1662	540
1662	541
1661	541
1661	542
1659	542
1659	543
1657	543
1657	544
1656	544
1656	552
1659	552
1659	553
1661	553
1661	554
1663	554
1663	553
1664	553
1664	554
1670	554
1670	555
1673	555
1673	556
1675	556
1675	555
1676	555
1676	556
1678	556
1678	557
1680	557
1680	558
1681	558
1681	559
1683	559
1683	560
1685	560
1685	561
1687	561
1687	562
1690	562
1690	563
1691	563
1691	564
1693	564
1693	565
1694	565
1694	564
1695	564
1695	565
1697	565
1697	566
1698	566
1698	567
1699	567
1699	568
1700	568
1700	569
1706	569
1706	570
1707	570
1707	571
1713	571
1713	572
1714	572
1714	573
1715	573
1715	574
1719	574
1719	575
1722	575
1722	576
1723	576
1723	577
1724	577
1724	578
1726	578
1726	579
1730	579
1730	580
1731	580
1731	581
1734	581
1734	582
1735	582
1735	584
1739	584
1739	585
1738	585
1738	586
1742	586
1742	587
1743	587
1743	588
1746	588
1746	592
1730	592
1730	596
1729	596
1729	597
1727	597
1727	598
1726	598
1726	599
1724	599
1724	600
1720	600
1720	601
1719	601
1719	611
1723	611
1723	612
1725	612
1725	613
1730	613
1730	614
1733	614
1733	615
1735	615
1735	616
1737	616
1737	617
1740	617
1740	619
1744	619
1744	620
1745	620
1745	622
1749	622
1749	623
1750	623
1750	624
1752	624
1752	625
1754	625
1754	626
1755	626
1755	629
1758	629
1758	630
1761	630
1761	631
1763	631
1763	632
1765	632
1765	634
1769	634
1769	636
1770	636
1770	637
1774	637
1774	638
1775	638
1775	641
1779	641
1779	642
1780	642
1780	644
1786	644
1786	646
1787	646
1787	647
1788	647
1788	648
1789	648
1789	649
1790	649
1790	654
1795	654
1795	659
1800	659
1800	664
1801	664
1801	667
1800	667
1800	666
1796	666
1796	665
1783	665
1783	666
1782	666
1782	665
1781	665
1781	666
1780	666
1780	679
1785	679
1785	680
1790	680
1790	681
1791	681
1791	682
1792	682
1792	683
1793	683
1793	684
1795	684
1795	686
1796	686
1796	687
1797	687
1797	686
1798	686
1798	687
1800	687
1800	689
1801	689
1801	690
1806	690
1806	691
1810	691
1810	699
1816	699
1816	700
1818	700
1818	701
1819	701
1819	702
1822	702
1822	704
1823	704
1823	705
1826	705
1826	707
1829	707
1829	709
1831	709
1831	710
1833	710
1833	711
1835	711
1835	714
1836	714
1836	715
1838	715
1838	716
1839	716
1839	719
1840	719
1840	720
1842	720
1842	722
1846	722
1846	723
1845	723
1845	728
1844	728
1844	727
1843	727
1843	726
1825	726
1825	735
1826	735
1826	736
1829	736
1829	737
1831	737
1831	738
1835	738
1835	740
1838	740
1838	741
1840	741
1840	743
1841	743
1841	744
1843	744
1843	745
1846	745
1846	746
1848	746
1848	747
1849	747
1849	748
1850	748
1850	749
1851	749
1851	750
1854	750
1854	751
1855	751
1855	754
1856	754
1856	755
1861	755
1861	756
1860	756
1860	757
1861	757
1861	759
1862	759
1862	760
1865	760
1865	761
1866	761
1866	762
1869	762
1869	764
1870	764
1870	765
1871	765
1871	767
1875	767
1875	768
1876	768
1876	769
1877	769
1877	770
1880	770
1880	774
1881	774
1881	775
1882	775
1882	778
1878	778
1878	777
1870	777
1870	778
1866	778
1866	779
1865	779
1865	788
1866	788
1866	790
1872	790
1872	791
1873	791
1873	792
1875	792
1875	793
1876	793
1876	795
1881	795
1881	796
1883	796
1883	797
1886	797
1886	800
1890	800
1890	804
1891	804
1891	805
1900	805
1900	807
1901	807
1901	815
1910	815
1910	816
1911	816
1911	820
1912	820
1912	821
1913	821
1913	823
1912	823
1912	822
1909	822
1909	821
1901	821
1901	822
1900	822
1900	823
1898	823
1898	832
1901	832
1901	835
1903	835
1903	836
1904	836
1904	835
1905	835
1905	836
1906	836
1906	837
1909	837
1909	839
1911	839
1911	841
1912	841
1912	843
1914	843
1914	845
1915	845
1915	846
1916	846
1916	845
1918	845
1918	846
1919	846
1919	845
1920	845
1920	846
1921	846
1921	850
1920	850
1920	851
1921	851
1921	852
1922	852
1922	853
1925	853
1925	854
1926	854
1926	857
1927	857
1927	858
1928	858
1928	857
1929	857
1929	858
1931	858
1931	860
1936	860
1936	862
1937	862
1937	863
1938	863
1938	865
1941	865
1941	866
1942	866
1942	867
1943	867
1943	868
1944	868
1944	871
1945	871
1945	872
1946	872
1946	873
1945	873
1945	874
1944	874
1944	873
1937	873
1937	874
1936	874
1936	882
1937	882
1937	883
1940	883
1940	884
1941	884
1941	885
1942	885
1942	886
1944	886
1944	888
1945	888
1945	889
1946	889
1946	890
1947	890
1947	891
1948	891
1948	893
1949	893
1949	896
1953	896
1953	898
1956	898
1956	905
1957	905
1957	906
1959	906
1959	905
1961	905
1961	910
1962	910
1962	911
1964	911
1964	912
1965	912
1965	914
1966	914
1966	916
1967	916
1967	917
1969	917
1969	919
1971	919
1971	921
1976	921
1976	927
1977	927
1977	928
1980	928
1980	929
1981	929
1981	931
1983	931
1983	932
1982	932
1982	933
1984	933
1984	936
1988	936
1988	938
1989	938
1989	940
1991	940
1991	945
1992	945
1992	946
1996	946
1996	950
1997	950
1997	951
2001	951
2001	955
2002	955
2002	956
2006	956
2006	960
2007	960
2007	961
2009	961
2009	962
2011	962
2011	964
2012	964
2012	966
2016	966
2016	972
2017	972
2017	971
2021	971
2021	972
2022	972
2022	973
2024	973
2024	974
2026	974
2026	978
2031	978
2031	980
2032	980
2032	981
2033	981
2033	982
2035	982
2035	983
2036	983
2036	986
2037	986
2037	987
2041	987
2041	991
2042	991
2042	992
2043	992
2043	993
2044	993
2044	994
2046	994
2046	995
2047	995
2047	997
2049	997
2049	996
2050	996
2050	997
2051	997
2051	1001
2052	1001
2052	1003
2054	1003
2054	1004
2055	1004
2055	1003
2056	1003
2056	1006
2061	1006
2061	1008
2062	1008
2062	1011
2063	1011
2063	1012
2064	1012
2064	1011
2067	1011
2067	1012
2068	1012
2068	1013
2072	1013
2072	1014
2071	1014
2071	1016
2072	1016
2072	1017
2075	1017
2075	1018
2076	1018
2076	1019
2075	1019
2075	1020
2077	1020
2077	1021
2078	1021
2078	1022
2080	1022
2080	1025
2081	1025
2081	1026
2084	1026
2084	1027
2085	1027
2085	1026
2086	1026
2086	1027
2087	1027
2087	1028
2089	1028
2089	1029
2092	1029
2092	1032
2093	1032
2093	1033
2094	1033
2094	1034
2097	1034
2097	1036
2099	1036
2099	1037
2102	1037
2102	1039
2106	1039
2106	1040
2107	1040
2107	1041
2109	1041
2109	1042
2110	1042
2110	1043
2113	1043
2113	1044
2114	1044
2114	1045
2120	1045
2120	1047
2121	1047
2121	1048
2122	1048
2122	1051
2124	1051
2124	1052
2128	1052
2128	1053
2129	1053
2129	1054
2131	1054
2131	1055
2132	1055
2132	1056
2133	1056
2133	1057
2135	1057
2135	1059
2126	1059
2126	1058
2119	1058
2119	1057
2118	1057
2118	1056
2114	1056
2114	1054
2109	1054
2109	1053
2108	1053
2108	1052
2104	1052
2104	1051
2099	1051
2099	1049
2098	1049
2098	1048
2095	1048
2095	1047
2094	1047
2094	1046
2088	1046
2088	1045
2086	1045
2086	1044
2084	1044
2084	1042
2083	1042
2083	1041
2079	1041
2079	1040
2077	1040
2077	1039
2072	1039
2072	1038
2071	1038
2071	1037
2070	1037
2070	1036
2069	1036
2069	1035
2068	1035
2068	1034
2064	1034
2064	1033
2063	1033
2063	1032
2059	1032
2059	1030
2058	1030
2058	1029
2053	1029
2053	1026
2048	1026
2048	1025
2047	1025
2047	1024
2043	1024
2043	1023
2042	1023
2042	1022
2041	1022
2041	1021
2040	1021
2040	1020
2039	1020
2039	1019
2034	1019
2034	1018
2032	1018
2032	1017
2031	1017
2031	1016
2030	1016
2030	1015
2029	1015
2029	1014
2027	1014
2027	1013
2026	1013
2026	1012
2022	1012
2022	1011
2019	1011
2019	1010
2018	1010
2018	1009
2016	1009
2016	1008
2015	1008
2015	1007
2014	1007
2014	1006
2013	1006
2013	1004
2008	1004
2008	1001
2004	1001
2004	1000
2003	1000
2003	999
1999	999
1999	997
1998	997
1998	996
1993	996
1993	994
1988	994
1988	990
1983	990
1983	988
1982	988
1982	987
1977	987
1977	984
1973	984
1973	982
1972	982
1972	981
1968	981
1968	979
1967	979
1967	978
1965	978
1965	977
1961	977
1961	978
1960	978
1960	977
1958	977
1958	974
1957	974
1957	973
1956	973
1956	972
1955	972
1955	971
1954	971
1954	970
1953	970
1953	969
1948	969
1948	967
1943	967
1943	964
1938	964
1938	961
1936	961
1936	960
1935	960
1935	959
1931	959
1931	957
1929	957
1929	956
1928	956
1928	954
1926	954
1926	953
1924	953
1924	952
1916	952
1916	956
1915	956
1915	957
1913	957
1913	955
1912	955
1912	953
1910	953
1910	951
1909	951
1909	950
1908	950
1908	949
1907	949
1907	948
1906	948
1906	947
1905	947
1905	946
1904	946
1904	945
1903	945
1903	944
1901	944
1901	942
1896	942
1896	941
1895	941
1895	940
1894	940
1894	939
1892	939
1892	938
1891	938
1891	937
1890	937
1890	936
1889	936
1889	935
1888	935
1888	933
1887	933
1887	934
1886	934
1886	933
1885	933
1885	931
1880	931
1880	929
1878	929
1878	928
1877	928
1877	927
1874	927
1874	926
1872	926
1872	924
1871	924
1871	923
1870	923
1870	922
1869	922
1869	921
1868	921
1868	920
1867	920
1867	919
1864	919
1864	918
1856	918
1856	919
1855	919
1855	928
1857	928
1857	929
1859	929
1859	930
1856	930
1856	929
1852	929
1852	927
1848	927
1848	926
1847	926
1847	925
1846	925
1846	924
1843	924
1843	923
1842	923
1842	921
1838	921
1838	920
1837	920
1837	919
1836	919
1836	918
1835	918
1835	917
1834	917
1834	916
1833	916
1833	915
1832	915
1832	913
1830	913
1830	912
1829	912
1829	910
1828	910
1828	909
1826	909
1826	908
1825	908
1825	907
1824	907
1824	906
1822	906
1822	904
1820	904
1820	903
1818	903
1818	902
1817	902
1817	901
1815	901
1815	900
1814	900
1814	899
1813	899
1813	898
1812	898
1812	897
1811	897
1811	896
1808	896
1808	895
1807	895
1807	893
1805	893
1805	892
1804	892
1804	891
1803	891
1803	890
1802	890
1802	889
1801	889
1801	888
1800	888
1800	889
1799	889
1799	888
1798	888
1798	887
1797	887
1797	884
1796	884
1796	883
1794	883
1794	884
1793	884
1793	883
1792	883
1792	879
1789	879
1789	878
1787	878
1787	873
1778	873
1778	879
1777	879
1777	884
1776	884
1776	895
1777	895
1777	896
1778	896
1778	898
1777	898
1777	897
1775	897
1775	896
1772	896
1772	894
1771	894
1771	893
1770	893
1770	894
1769	894
1769	893
1768	893
1768	894
1767	894
1767	891
1762	891
1762	889
1761	889
1761	888
1759	888
1759	887
1758	887
1758	886
1757	886
1757	884
1755	884
1755	883
1754	883
1754	882
1753	882
1753	881
1752	881
1752	879
1751	879
1751	878
1750	878
1750	879
1749	879
1749	878
1747	878
1747	875
1746	875
1746	874
1742	874
1742	870
1741	870
1741	869
1739	869
1739	868
1737	868
1737	867
1736	867
1736	866
1734	866
1734	864
1732	864
1732	862
1731	862
1731	861
1730	861
1730	860
1729	860
1729	859
1728	859
1728	858
1727	858
1727	857
1726	857
1726	856
1725	856
1725	854
1724	854
1724	853
1723	853
1723	852
1722	852
1722	849
1721	849
1721	848
1720	848
1720	847
1719	847
1719	844
1718	844
1718	843
1710	843
1710	846
1709	846
1709	849
1708	849
1708	860
1709	860
1709	862
1710	862
1710	864
1708	864
1708	865
1711	865
1711	866
1712	866
1712	868
1709	868
1709	867
1706	867
1706	865
1704	865
1704	864
1703	864
1703	863
1699	863
1699	862
1698	862
1698	861
1697	861
1697	859
1696	859
1696	858
1692	858
1692	857
1691	857
1691	856
1690	856
1690	855
1688	855
1688	854
1687	854
1687	853
1686	853
1686	851
1685	851
1685	849
1684	849
1684	848
1682	848
1682	847
1681	847
1681	843
1676	843
1676	840
1674	840
1674	838
1672	838
1672	837
1671	837
1671	834
1670	834
1670	832
1667	832
1667	831
1666	831
1666	829
1657	829
1657	830
1656	830
1656	827
1651	827
1651	824
1650	824
1650	823
1649	823
1649	822
1648	822
1648	818
1646	818
1646	817
1645	817
1645	816
1644	816
1644	813
1643	813
1643	812
1641	812
1641	809
1640	809
1640	808
1639	808
1639	806
1640	806
1640	805
1639	805
1639	803
1636	803
1636	798
1634	798
1634	794
1635	794
1635	793
1624	793
1624	797
1623	797
1623	798
1622	798
1622	803
1620	803
1620	817
1622	817
1622	821
1623	821
1623	822
1622	822
1622	823
1618	823
1618	821
1616	821
1616	819
1615	819
1615	818
1611	818
1611	817
1610	817
1610	815
1607	815
1607	813
1606	813
1606	812
1605	812
1605	811
1603	811
1603	809
1602	809
1602	808
1600	808
1600	806
1598	806
1598	804
1597	804
1597	803
1596	803
1596	799
1595	799
1595	798
1593	798
1593	793
1591	793
1591	792
1590	792
1590	791
1589	791
1589	790
1588	790
1588	789
1587	789
1587	788
1586	788
1586	786
1585	786
1585	785
1583	785
1583	783
1581	783
1581	778
1578	778
1578	773
1575	773
1575	772
1574	772
1574	771
1573	771
1573	769
1572	769
1572	768
1568	768
1568	754
1567	754
1567	753
1559	753
1559	755
1558	755
1558	756
1559	756
1559	757
1558	757
1558	758
1557	758
1557	759
1556	759
1556	763
1555	763
1555	771
1554	771
1554	774
1555	774
1555	776
1554	776
1554	778
1555	778
1555	780
1556	780
1556	781
1552	781
1552	780
1551	780
1551	775
1546	775
1546	774
1545	774
1545	773
1543	773
1543	769
1542	769
1542	768
1540	768
1540	763
1537	763
1537	758
1535	758
1535	756
1534	756
1534	755
1533	755
1533	753
1531	753
1531	752
1530	752
1530	751
1528	751
1528	750
1519	750
1519	751
1513	751
1513	752
1512	752
1512	751
1510	751
1510	752
1508	752
1508	753
1504	753
1504	754
1503	754
1503	761
1504	761
1504	762
1505	762
1505	763
1508	763
1508	764
1509	764
1509	765
1510	765
1510	766
1513	766
1513	767
1514	767
1514	770
1517	770
1517	771
1519	771
1519	772
1520	772
1520	773
1522	773
1522	774
1521	774
1521	775
1523	775
1523	778
1527	778
1527	779
1528	779
1528	781
1529	781
1529	782
1531	782
1531	783
1532	783
1532	784
1534	784
1534	790
1541	790
1541	791
1542	791
1542	792
1543	792
1543	793
1544	793
1544	795
1546	795
1546	796
1547	796
1547	797
1548	797
1548	798
1549	798
1549	800
1552	800
1552	801
1554	801
1554	802
1555	802
1555	804
1556	804
1556	803
1557	803
1557	805
1558	805
1558	806
1559	806
1559	810
1562	810
1562	811
1563	811
1563	813
1564	813
1564	815
1566	815
1566	820
1568	820
1568	822
1569	822
1569	821
1570	821
