1729	575
1730	575
1730	576
1736	576
1736	578
1741	578
1741	580
1742	580
1742	581
1743	581
1743	582
1749	582
1749	584
1751	584
1751	585
1753	585
1753	586
1755	586
1755	588
1757	588
1757	589
1758	589
1758	590
1760	590
1760	592
1761	592
1761	594
1762	594
1762	595
1764	595
1764	596
1765	596
1765	597
1766	597
1766	599
1767	599
1767	600
1765	600
1765	601
1756	601
1756	602
1755	602
1755	605
1751	605
1751	606
1750	606
1750	616
1758	616
1758	618
1763	618
1763	619
1765	619
1765	620
1768	620
1768	622
1771	622
1771	623
1774	623
1774	627
1775	627
1775	626
1777	626
1777	627
1781	627
1781	628
1785	628
1785	629
1786	629
1786	633
1788	633
1788	635
1793	635
1793	639
1800	639
1800	642
1809	642
1809	643
1810	643
1810	644
1812	644
1812	645
1814	645
1814	646
1816	646
1816	649
1818	649
1818	651
1819	651
1819	652
1820	652
1820	653
1823	653
1823	654
1824	654
1824	655
1825	655
1825	658
1824	658
1824	659
1822	659
1822	660
1818	660
1818	661
1817	661
1817	662
1813	662
1813	663
1812	663
1812	666
1811	666
1811	675
1812	675
1812	676
1813	676
1813	677
1815	677
1815	676
1817	676
1817	677
1818	677
1818	678
1820	678
1820	679
1823	679
1823	680
1824	680
1824	682
1825	682
1825	683
1831	683
1831	686
1832	686
1832	687
1841	687
1841	688
1842	688
1842	690
1845	690
1845	691
1846	691
1846	692
1847	692
1847	693
1853	693
1853	695
1854	695
1854	696
1856	696
1856	697
1857	697
1857	698
1858	698
1858	697
1861	697
1861	699
1862	699
1862	701
1868	701
1868	703
1869	703
1869	704
1870	704
1870	705
1872	705
1872	708
1874	708
1874	709
1876	709
1876	711
1877	711
1877	712
1879	712
1879	715
1880	715
1880	716
1881	716
1881	717
1880	717
1880	718
1878	718
1878	719
1875	719
1875	735
1878	735
1878	736
1881	736
1881	740
1887	740
1887	742
1890	742
1890	743
1892	743
1892	744
1893	744
1893	745
1894	745
1894	746
1897	746
1897	747
1898	747
1898	748
1901	748
1901	749
1902	749
1902	751
1904	751
1904	752
1905	752
1905	754
1906	754
1906	755
1910	755
1910	756
1912	756
1912	758
1914	758
1914	759
1917	759
1917	760
1919	760
1919	762
1920	762
1920	763
1925	763
1925	765
1926	765
1926	766
1927	766
1927	765
1930	765
1930	766
1933	766
1933	767
1935	767
1935	768
1936	768
1936	769
1935	769
1935	770
1932	770
1932	781
1934	781
1934	782
1935	782
1935	783
1938	783
1938	784
1941	784
1941	786
1942	786
1942	787
1946	787
1946	788
1949	788
1949	789
1948	789
1948	790
1950	790
1950	791
1951	791
1951	792
1952	792
1952	793
1956	793
1956	796
1958	796
1958	797
1962	797
1962	798
1963	798
1963	802
1969	802
1969	803
1970	803
1970	804
1971	804
1971	806
1976	806
1976	809
1977	809
1977	810
1980	810
1980	811
1982	811
1982	812
1986	812
1986	813
1988	813
1988	814
1989	814
1989	815
1990	815
1990	816
1991	816
1991	817
1992	817
1992	818
1996	818
1996	819
1999	819
1999	821
2001	821
2001	822
2006	822
2006	823
2007	823
2007	824
2008	824
2008	825
2009	825
2009	826
2012	826
2012	827
2013	827
2013	828
2016	828
2016	829
2021	829
2021	830
2022	830
2022	832
2026	832
2026	834
2027	834
2027	835
2030	835
2030	836
2032	836
2032	837
2033	837
2033	838
2034	838
2034	839
2035	839
2035	840
2039	840
2039	841
2040	841
2040	842
2041	842
2041	841
2042	841
2042	842
2044	842
2044	844
2051	844
2051	845
2057	845
2057	847
2058	847
2058	849
2064	849
2064	850
2066	850
2066	851
2071	851
2071	853
2077	853
2077	854
2078	854
2078	855
2080	855
2080	856
2084	856
2084	857
2085	857
2085	858
2090	858
2090	859
2091	859
2091	860
2096	860
2096	861
2097	861
2097	862
2100	862
2100	863
2104	863
2104	865
2107	865
2107	866
2108	866
2108	867
2111	867
2111	868
2113	868
2113	869
2115	869
2115	870
2118	870
2118	871
2121	871
2121	872
2123	872
2123	873
2128	873
2128	874
2130	874
2130	875
2131	875
2131	876
2133	876
2133	877
2134	877
2134	878
2135	878
2135	879
2136	879
2136	882
2132	882
2132	883
2098	883
2098	884
2094	884
2094	883
2074	883
2074	882
2060	882
2060	881
2052	881
2052	880
2041	880
2041	877
2029	877
2029	876
2028	876
2028	875
2024	875
2024	874
2012	874
2012	873
2010	873
2010	872
2009	872
2009	871
2008	871
2008	870
2006	870
2006	871
2005	871
2005	870
2003	870
2003	869
1995	869
1995	868
1993	868
1993	867
1990	867
1990	866
1986	866
1986	865
1984	865
1984	864
1981	864
1981	863
1977	863
1977	862
1973	862
1973	861
1971	861
1971	860
1967	860
1967	859
1965	859
1965	858
1964	858
1964	857
1959	857
1959	856
1953	856
1953	855
1952	855
1952	854
1951	854
1951	852
1948	852
1948	851
1947	851
1947	852
1946	852
1946	851
1942	851
1942	852
1941	852
1941	851
1940	851
1940	850
1935	850
1935	849
1933	849
1933	848
1928	848
1928	846
1927	846
1927	845
1915	845
1915	844
1914	844
1914	843
1907	843
1907	842
1904	842
1904	841
1902	841
1902	840
1901	840
1901	839
1888	839
1888	840
1887	840
1887	848
1871	848
1871	846
1869	846
1869	845
1867	845
1867	846
1863	846
1863	845
1860	845
1860	844
1857	844
1857	843
1851	843
1851	842
1848	842
1848	841
1846	841
1846	840
1845	840
1845	839
1840	839
1840	838
1839	838
1839	837
1838	837
1838	836
1836	836
1836	835
1833	835
1833	834
1832	834
1832	833
1827	833
1827	832
1826	832
1826	831
1823	831
1823	830
1821	830
1821	829
1820	829
1820	827
1819	827
1819	826
1813	826
1813	825
1812	825
1812	824
1810	824
1810	823
1808	823
1808	822
1807	822
1807	821
1806	821
1806	820
1804	820
1804	819
1802	819
1802	817
1801	817
1801	815
1800	815
1800	814
1787	814
1787	821
1786	821
1786	834
1782	834
1782	833
1780	833
1780	832
1779	832
1779	833
1775	833
1775	832
1772	832
1772	831
1767	831
1767	829
1765	829
1765	830
1764	830
1764	828
1763	828
1763	827
1762	827
1762	826
1757	826
1757	824
1756	824
1756	823
1754	823
1754	822
1752	822
1752	821
1751	821
1751	820
1750	820
1750	818
1745	818
1745	816
1744	816
1744	814
1739	814
1739	812
1738	812
1738	811
1737	811
1737	810
1736	810
1736	809
1734	809
1734	808
1732	808
1732	807
1731	807
1731	806
1729	806
1729	805
1728	805
1728	804
1727	804
1727	802
1726	802
1726	801
1725	801
1725	800
1724	800
1724	799
1723	799
1723	798
1722	798
1722	797
1721	797
1721	796
1720	796
1720	795
1719	795
1719	794
1718	794
1718	793
1708	793
1708	794
1707	794
1707	795
1705	795
1705	801
1704	801
1704	809
1700	809
1700	808
1699	808
1699	807
1691	807
1691	806
1689	806
1689	805
1687	805
1687	801
1681	801
1681	800
1679	800
1679	798
1677	798
1677	797
1675	797
1675	795
1674	795
1674	794
1673	794
1673	793
1672	793
1672	792
1671	792
1671	791
1669	791
1669	789
1667	789
1667	788
1666	788
1666	787
1665	787
1665	786
1664	786
1664	785
1663	785
1663	784
1662	784
1662	782
1661	782
1661	781
1659	781
1659	780
1658	780
1658	779
1657	779
1657	778
1656	778
1656	776
1653	776
1653	775
1652	775
1652	773
1650	773
1650	772
1649	772
1649	770
1647	770
1647	769
1646	769
1646	768
1645	768
1645	767
1644	767
1644	765
1643	765
1643	763
1642	763
1642	762
1641	762
1641	761
1639	761
1639	759
1638	759
1638	758
1636	758
1636	757
1635	757
1635	758
1632	758
1632	757
1631	757
1631	758
1627	758
1627	759
1626	759
1626	760
1625	760
1625	763
1624	763
1624	765
1623	765
1623	767
1622	767
1622	776
1613	776
1613	775
1612	775
1612	774
1611	774
1611	773
1609	773
1609	770
1606	770
1606	769
1605	769
1605	768
1595	768
1595	763
1594	763
1594	762
1593	762
1593	761
1592	761
1592	760
1589	760
1589	759
1588	759
1588	757
1586	757
1586	754
1583	754
1583	753
1582	753
1582	752
1580	752
1580	745
1579	745
1579	744
1577	744
1577	743
1576	743
1576	742
1575	742
1575	741
1574	741
1574	739
1573	739
1573	738
1572	738
1572	736
1571	736
1571	734
1570	734
1570	733
1569	733
1569	732
1568	732
1568	730
1567	730
1567	726
1566	726
1566	725
1565	725
1565	724
1564	724
1564	722
1563	722
1563	721
1561	721
1561	720
1560	720
1560	721
1559	721
1559	720
1556	720
1556	721
1555	721
1555	720
1553	720
1553	721
1552	721
1552	722
1551	722
1551	723
1550	723
1550	724
1549	724
1549	726
1547	726
1547	732
1546	732
1546	734
1547	734
1547	736
1546	736
1546	737
1545	737
1545	738
1543	738
1543	737
1541	737
1541	736
1540	736
1540	735
1539	735
1539	734
1538	734
1538	733
1537	733
1537	732
1534	732
1534	731
1532	731
1532	730
1531	730
1531	729
1530	729
1530	726
1529	726
1529	725
1526	725
1526	723
1524	723
1524	721
1523	721
1523	719
1522	719
1522	718
1520	718
1520	717
1519	717
1519	716
1518	716
1518	714
1517	714
1517	713
1516	713
1516	712
1515	712
1515	711
1514	711
1514	710
1513	710
1513	709
1512	709
1512	708
1511	708
1511	705
1510	705
1510	704
1511	704
1511	703
1510	703
1510	700
1508	700
1508	699
1507	699
1507	698
1506	698
1506	697
1504	697
1504	692
1502	692
1502	690
1501	690
1501	689
1499	689
1499	685
1498	685
1498	682
1497	682
1497	681
1496	681
1496	680
1485	680
1485	681
1484	681
1484	682
1483	682
1483	685
1482	685
1482	686
1481	686
1481	691
1478	691
1478	690
1476	690
1476	688
1474	688
1474	687
1472	687
1472	686
1471	686
1471	685
1469	685
1469	684
1467	684
1467	682
1466	682
1466	681
1464	681
1464	680
1463	680
1463	678
1462	678
1462	677
1461	677
1461	675
1460	675
1460	673
1459	673
1459	671
1458	671
1458	670
1457	670
1457	669
1456	669
1456	667
1455	667
1455	666
1454	666
1454	665
1455	665
1455	664
1454	664
1454	663
1453	663
1453	662
1451	662
1451	660
1450	660
1450	659
1449	659
1449	658
1448	658
1448	657
1447	657
1447	656
1446	656
1446	654
1445	654
1445	650
1444	650
1444	649
1443	649
1443	648
1442	648
1442	646
1441	646
1441	642
1440	642
1440	639
1439	639
1439	638
1438	638
1438	634
1428	634
1428	635
1427	635
1427	637
1426	637
1426	643
1425	643
1425	651
1426	651
1426	653
1427	653
1427	657
1428	657
1428	658
1430	658
1430	659
1431	659
1431	661
1432	661
1432	662
1419	662
1419	663
1417	663
1417	662
1415	662
1415	663
1414	663
1414	665
1413	665
1413	666
1411	666
1411	667
1409	667
1409	668
1408	668
1408	677
1409	677
1409	678
1410	678
1410	679
1415	679
1415	680
1416	680
1416	681
1418	681
1418	682
1420	682
1420	683
1421	683
1421	685
1422	685
1422	686
1425	686
1425	687
1427	687
1427	689
1430	689
1430	691
1432	691
1432	692
1433	692
1433	695
1435	695
1435	696
1439	696
1439	700
1440	700
1440	702
1443	702
1443	703
1444	703
1444	705
1447	705
1447	708
1449	708
1449	709
1450	709
1450	708
1451	708
1451	709
1454	709
1454	710
1456	710
1456	711
1457	711
1457	714
1459	714
1459	715
1463	715
1463	716
1465	716
1465	717
1466	717
1466	718
1467	718
1467	720
1468	720
1468	721
1469	721
1469	722
1471	722
1471	726
1472	726
1472	727
1475	727
1475	733
1476	733
1476	734
1477	734
1477	739
1478	739
1478	740
1479	740
1479	742
1477	742
1477	741
1465	741
1465	740
1464	740
1464	742
1463	742
1463	743
1461	743
1461	744
1460	744
1460	753
1461	753
1461	754
1462	754
1462	755
1465	755
1465	756
1467	756
1467	757
1468	757
1468	758
1470	758
1470	759
1471	759
1471	760
1472	760
1472	761
1473	761
1473	762
1474	762
1474	763
1476	763
1476	764
1477	764
1477	767
1479	767
1479	768
1481	768
1481	769
1483	769
1483	771
1484	771
1484	772
1488	772
1488	774
1489	774
1489	775
1490	775
1490	777
1492	777
1492	778
1493	778
1493	779
1494	779
1494	780
1495	780
1495	781
1496	781
1496	783
1497	783
1497	784
1501	784
1501	785
1502	785
1502	787
1503	787
1503	790
1508	790
1508	791
1509	791
1509	793
1510	793
1510	795
1511	795
1511	796
1512	796
1512	797
1514	797
1514	798
1515	798
1515	802
1516	802
1516	803
1518	803
1518	805
1519	805
1519	809
1520	809
1520	810
1521	810
1521	815
1522	815
1522	816
1523	816
1523	819
1522	819
1522	820
1520	820
1520	819
1508	819
1508	820
1497	820
1497	822
1496	822
1496	830
1497	830
1497	831
1498	831
1498	832
1500	832
1500	833
1502	833
1502	834
1503	834
1503	835
1505	835
1505	836
1507	836
1507	841
1512	841
1512	843
1513	843
1513	844
1514	844
1514	847
1517	847
1517	850
1518	850
1518	851
1520	851
1520	853
1521	853
1521	854
1523	854
1523	855
1524	855
1524	857
1526	857
1526	858
1527	858
1527	859
1528	859
1528	862
1530	862
1530	863
1531	863
1531	866
1533	866
1533	869
1534	869
1534	872
1535	872
1535	873
1539	873
1539	874
1540	874
1540	878
1542	878
1542	879
1543	879
1543	880
1544	880
1544	883
1545	883
1545	885
1547	885
1547	886
1549	886
1549	887
1550	887
1550	890
1551	890
1551	892
1552	892
1552	894
1553	894
1553	897
1554	897
1554	898
1556	898
1556	904
1557	904
1557	907
1556	907
1556	908
1554	908
1554	907
1539	907
1539	908
1533	908
1533	909
1532	909
1532	919
1533	919
1533	920
1534	920
1534	922
1535	922
1535	923
1539	923
1539	924
1540	924
1540	926
1541	926
1541	927
1544	927
1544	928
1545	928
1545	930
1546	930
1546	931
1547	931
1547	935
1548	935
1548	936
1549	936
1549	935
1550	935
1550	938
1551	938
1551	941
1552	941
1552	942
1554	942
1554	943
1555	943
1555	945
1556	945
1556	948
1557	948
1557	949
1559	949
1559	953
1560	953
1560	954
1561	954
1561	955
1562	955
1562	956
1563	956
1563	957
1565	957
1565	960
1566	960
1566	961
1567	961
1567	962
1568	962
1568	964
1570	964
1570	967
1572	967
1572	968
1573	968
1573	969
1574	969
1574	971
1576	971
1576	974
1577	974
1577	976
1578	976
1578	978
1579	978
1579	980
1580	980
1580	981
1582	981
1582	986
1583	986
1583	997
1579	997
1579	996
1558	996
1558	997
1556	997
1556	1006
1557	1006
1557	1007
1558	1007
1558	1008
1560	1008
1560	1009
1562	1009
1562	1011
1563	1011
1563	1012
1564	1012
1564	1013
1565	1013
1565	1014
1567	1014
1567	1015
1568	1015
1568	1017
1569	1017
1569	1018
1571	1018
1571	1019
1572	1019
1572	1023
1573	1023
1573	1024
1574	1024
1574	1025
1575	1025
1575	1028
1576	1028
1576	1029
1577	1029
1577	1031
1578	1031
1578	1032
1579	1032
1579	1033
1580	1033
1580	1034
1581	1034
1581	1037
1582	1037
1582	1038
1583	1038
1583	1039
1584	1039
1584	1041
1585	1041
1585	1043
1586	1043
1586	1044
1587	1044
1587	1046
1589	1046
1589	1049
1590	1049
1590	1051
1591	1051
1591	1055
1593	1055
1593	1056
1594	1056
1594	1057
1595	1057
1595	1059
1596	1059
1596	1060
1597	1060
1597	1062
1598	1062
1598	1064
1599	1064
1599	1067
1600	1067
1600	1069
1601	1069
1601	1071
1602	1071
1602	1074
1603	1074
1603	1078
1604	1078
1604	1080
1605	1080
1605	1082
1606	1082
1606	1086
1607	1086
1607	1088
1608	1088
1608	1089
1607	1089
1607	1093
1605	1093
1605	1092
1604	1092
1604	1091
1579	1091
1579	1093
1578	1093
1578	1101
1579	1101
1579	1102
1580	1102
1580	1103
1582	1103
1582	1104
1583	1104
1583	1105
1584	1105
1584	1106
1587	1106
1587	1107
1588	1107
1588	1108
1589	1108
1589	1112
1590	1112
1590	1113
1591	1113
1591	1118
1593	1118
1593	1119
1595	1119
1595	1124
1596	1124
1596	1125
1597	1125
1597	1126
1599	1126
1599	1130
1600	1130
1600	1131
1601	1131
1601	1134
1602	1134
1602	1137
1603	1137
1603	1138
1604	1138
1604	1140
1605	1140
1605	1143
1606	1143
1606	1147
1607	1147
1607	1149
1608	1149
1608	1150
1609	1150
1609	1154
1610	1154
1610	1156
1612	1156
1612	1157
1613	1157
1613	1161
1614	1161
1614	1163
1616	1163
1616	1168
1617	1168
1617	1169
1619	1169
1619	1174
1620	1174
1620	1175
1621	1175
1621	1176
1622	1176
1622	1180
1623	1180
1623	1188
1624	1188
1624	1192
1623	1192
1623	1197
1622	1197
1622	1198
1621	1198
1621	1199
1620	1199
1620	1197
1618	1197
1618	1196
1617	1196
1617	1193
1616	1193
1616	1195
1615	1195
1615	1194
1611	1194
1611	1193
1608	1193
1608	1192
1593	1192
1593	1193
1592	1193
1592	1202
1593	1202
1593	1203
1595	1203
1595	1204
1597	1204
1597	1205
1598	1205
1598	1209
1599	1209
1599	1210
1600	1210
1600	1211
1601	1211
1601	1212
1603	1212
1603	1213
1605	1213
1605	1219
1606	1219
1606	1220
1607	1220
1607	1221
1608	1221
1608	1225
1609	1225
1609	1227
1610	1227
1610	1229
1611	1229
1611	1230
1612	1230
1612	1231
1613	1231
1613	1236
1614	1236
1614	1238
1615	1238
1615	1240
1616	1240
1616	1244
1617	1244
1617	1246
1619	1246
1619	1247
1620	1247
1620	1254
1621	1254
1621	1257
1622	1257
1622	1259
1623	1259
1623	1264
1625	1264
1625	1268
1626	1268
1626	1269
1627	1269
1627	1270
1628	1270
1628	1272
1629	1272
1629	1277
1630	1277
1630	1282
1631	1282
1631	1288
1632	1288
1632	1290
1631	1290
1631	1291
1630	1291
1630	1293
1629	1293
1629	1300
1628	1300
1628	1302
1627	1302
1627	1303
1625	1303
1625	1302
1624	1302
1624	1300
1618	1300
1618	1299
1606	1299
1606	1310
1607	1310
1607	1313
1608	1313
1608	1315
1609	1315
1609	1318
1610	1318
1610	1320
1611	1320
1611	1323
1612	1323
1612	1326
1613	1326
1613	1328
1614	1328
1614	1333
1615	1333
1615	1336
1616	1336
1616	1351
1617	1351
1617	1352
1618	1352
1618	1354
1617	1354
1617	1357
1618	1357
1618	1365
1619	1365
1619	1368
1620	1368
1620	1372
1621	1372
1621	1375
1622	1375
1622	1379
1623	1379
1623	1384
1624	1384
1624	1385
1625	1385
1625	1388
1626	1388
1626	1390
1628	1390
1628	1391
1629	1391
1629	1402
1630	1402
1630	1403
1631	1403
1631	1408
1632	1408
1632	1409
1631	1409
1631	1410
1624	1410
1624	1411
1619	1411
1619	1412
1618	1412
1618	1421
1619	1421
1619	1425
1620	1425
1620	1426
1621	1426
1621	1431
1622	1431
1622	1432
1621	1432
1621	1434
1622	1434
1622	1440
1623	1440
1623	1454
1624	1454
1624	1458
1625	1458
1625	1460
1626	1460
1626	1461
1627	1461
1627	1465
1628	1465
1628	1467
1629	1467
1629	1472
1631	1472
1631	1478
1632	1478
1632	1484
1633	1484
1633	1490
1634	1490
1634	1496
1635	1496
1635	1503
1636	1503
1636	1504
1637	1504
1637	1510
1638	1510
1638	1511
1639	1511
1639	1512
1638	1512
1638	1520
1639	1520
1639	1526
1640	1526
1640	1527
1641	1527
1641	1528
1640	1528
1640	1529
1641	1529
1641	1533
1642	1533
1642	1535
1643	1535
1643	1537
1644	1537
1644	1542
1645	1542
1645	1547
1646	1547
1646	1552
1647	1552
1647	1557
1648	1557
1648	1560
1649	1560
1649	1562
1650	1562
1650	1564
1651	1564
1651	1569
1652	1569
1652	1572
1653	1572
1653	1574
1654	1574
1654	1579
1655	1579
1655	1581
1656	1581
1656	1584
1657	1584
1657	1590
1658	1590
1658	1595
1659	1595
1659	1596
1660	1596
1660	1599
1661	1599
1661	1602
1662	1602
1662	1606
1663	1606
1663	1609
1664	1609
1664	1611
1665	1611
1665	1616
1666	1616
1666	1618
1667	1618
1667	1623
1668	1623
1668	1624
1669	1624
1669	1627
1670	1627
1670	1630
1671	1630
1671	1631
1672	1631
1672	1633
1673	1633
1673	1636
1674	1636
1674	1637
1675	1637
1675	1640
1676	1640
1676	1643
1677	1643
1677	1647
1678	1647
1678	1650
1679	1650
1679	1654
1680	1654
1680	1655
1681	1655
1681	1657
1682	1657
1682	1660
1683	1660
1683	1663
1684	1663
1684	1666
1685	1666
1685	1668
1686	1668
1686	1670
1687	1670
1687	1673
1688	1673
1688	1677
1687	1677
1687	1679
1685	1679
1685	1678
1683	1678
1683	1677
1682	1677
1682	1676
1681	1676
1681	1675
1679	1675
1679	1674
1678	1674
1678	1673
1677	1673
1677	1672
1675	1672
1675	1669
1674	1669
1674	1668
1672	1668
1672	1667
1671	1667
1671	1666
1670	1666
1670	1665
1669	1665
1669	1663
1668	1663
1668	1662
1667	1662
1667	1661
1665	1661
1665	1660
1664	1660
1664	1659
1663	1659
1663	1658
1662	1658
1662	1657
1660	1657
1660	1656
1659	1656
1659	1654
1657	1654
1657	1652
1656	1652
1656	1651
1655	1651
1655	1649
1653	1649
1653	1648
1652	1648
1652	1647
1651	1647
1651	1645
1650	1645
1650	1643
1649	1643
1649	1641
1647	1641
1647	1640
1645	1640
1645	1637
1644	1637
1644	1636
1643	1636
1643	1634
1641	1634
1641	1633
1640	1633
1640	1631
1639	1631
1639	1630
1638	1630
1638	1628
1634	1628
1634	1623
1633	1623
1633	1622
1632	1622
1632	1620
1631	1620
1631	1616
1630	1616
1630	1615
1629	1615
1629	1614
1628	1614
1628	1613
1627	1613
1627	1611
1625	1611
1625	1609
1624	1609
1624	1603
1620	1603
1620	1601
1619	1601
1619	1597
1617	1597
1617	1594
1616	1594
1616	1591
1615	1591
1615	1590
1614	1590
1614	1585
1613	1585
1613	1584
1612	1584
1612	1583
1611	1583
1611	1580
1612	1580
1612	1579
1611	1579
1611	1578
1608	1578
1608	1575
1607	1575
1607	1573
1606	1573
1606	1572
1605	1572
1605	1571
1603	1571
1603	1566
1602	1566
1602	1565
1601	1565
1601	1560
1600	1560
1600	1559
1599	1559
1599	1557
1598	1557
1598	1556
1597	1556
1597	1555
1596	1555
1596	1552
1595	1552
1595	1551
1594	1551
1594	1549
1593	1549
1593	1546
1591	1546
1591	1543
1590	1543
1590	1541
1589	1541
1589	1539
1588	1539
1588	1538
1589	1538
1589	1535
1588	1535
1588	1534
1587	1534
1587	1533
1585	1533
1585	1530
1584	1530
1584	1528
1583	1528
1583	1525
1582	1525
1582	1521
1581	1521
1581	1520
1580	1520
1580	1521
1579	1521
1579	1520
1578	1520
1578	1518
1577	1518
1577	1515
1576	1515
1576	1509
1574	1509
1574	1505
1571	1505
1571	1502
1570	1502
1570	1499
1569	1499
1569	1495
1568	1495
1568	1492
1567	1492
1567	1490
1566	1490
1566	1489
1565	1489
1565	1486
1564	1486
1564	1484
1563	1484
1563	1483
1562	1483
1562	1481
1561	1481
1561	1475
1559	1475
1559	1474
1558	1474
1558	1472
1557	1472
1557	1470
1556	1470
1556	1468
1555	1468
1555	1465
1554	1465
1554	1464
1553	1464
1553	1463
1552	1463
1552	1458
1551	1458
1551	1457
1550	1457
1550	1454
1549	1454
1549	1450
1548	1450
1548	1445
1538	1445
1538	1443
1536	1443
1536	1440
1535	1440
1535	1439
1534	1439
1534	1436
1533	1436
1533	1432
1531	1432
1531	1427
1530	1427
1530	1426
1529	1426
1529	1422
1528	1422
1528	1420
1526	1420
1526	1415
1525	1415
1525	1413
1524	1413
1524	1410
1523	1410
1523	1407
1522	1407
1522	1404
1521	1404
1521	1400
1520	1400
1520	1397
1519	1397
1519	1395
1518	1395
1518	1394
1517	1394
1517	1389
1516	1389
1516	1388
1515	1388
1515	1386
1516	1386
1516	1385
1515	1385
1515	1383
1514	1383
1514	1379
1513	1379
1513	1376
1512	1376
1512	1375
1511	1375
1511	1373
1510	1373
1510	1369
1509	1369
1509	1365
1508	1365
1508	1363
1504	1363
1504	1362
1503	1362
1503	1363
1502	1363
1502	1362
1498	1362
1498	1363
1497	1363
1497	1364
1496	1364
1496	1365
1495	1365
1495	1366
1494	1366
1494	1370
1493	1370
1493	1372
1492	1372
1492	1371
1487	1371
1487	1367
1486	1367
1486	1365
1485	1365
1485	1363
1483	1363
1483	1362
1482	1362
1482	1361
1481	1361
1481	1358
1480	1358
1480	1356
1479	1356
1479	1351
1478	1351
1478	1350
1477	1350
1477	1349
1476	1349
1476	1345
1473	1345
1473	1332
1472	1332
1472	1329
1471	1329
1471	1325
1470	1325
1470	1323
1469	1323
1469	1319
1468	1319
1468	1313
1467	1313
1467	1308
1466	1308
1466	1306
1464	1306
1464	1300
1463	1300
1463	1295
1462	1295
1462	1294
1463	1294
1463	1288
1459	1288
1459	1287
1458	1287
1458	1288
1452	1288
1452	1292
1451	1292
1451	1293
1450	1293
1450	1294
1449	1294
1449	1295
1448	1295
1448	1297
1447	1297
1447	1299
1446	1299
1446	1302
1443	1302
1443	1301
1441	1301
1441	1300
1440	1300
1440	1299
1438	1299
1438	1298
1437	1298
1437	1297
1436	1297
1436	1295
1435	1295
1435	1294
1433	1294
1433	1291
1432	1291
1432	1290
1431	1290
1431	1287
1430	1287
1430	1285
1429	1285
1429	1284
1428	1284
1428	1281
1427	1281
1427	1280
1426	1280
1426	1278
1427	1278
1427	1277
1426	1277
1426	1271
1425	1271
1425	1265
1424	1265
1424	1263
1423	1263
1423	1259
1422	1259
1422	1250
1420	1250
1420	1249
1421	1249
1421	1248
1419	1248
1419	1244
1418	1244
1418	1241
1416	1241
1416	1231
1414	1231
1414	1228
1413	1228
1413	1225
1412	1225
1412	1213
1413	1213
1413	1204
1412	1204
1412	1203
1411	1203
1411	1204
1410	1204
1410	1203
1408	1203
1408	1204
1405	1204
1405	1203
1403	1203
1403	1204
1400	1204
1400	1207
1398	1207
1398	1208
1395	1208
1395	1209
1394	1209
1394	1210
1393	1210
1393	1211
1390	1211
1390	1212
1389	1212
1389	1215
1388	1215
1388	1216
1386	1216
1386	1214
1385	1214
1385	1211
1384	1211
1384	1210
1383	1210
1383	1208
1382	1208
1382	1205
1381	1205
1381	1202
1380	1202
1380	1199
1379	1199
1379	1198
1378	1198
1378	1193
1377	1193
1377	1185
1376	1185
1376	1177
1375	1177
1375	1169
1374	1169
1374	1167
1373	1167
1373	1165
1372	1165
1372	1163
1371	1163
1371	1160
1370	1160
1370	1158
1369	1158
1369	1132
1370	1132
1370	1124
1368	1124
1368	1123
1359	1123
1359	1122
1358	1122
1358	1125
1357	1125
1357	1126
1356	1126
1356	1127
1355	1127
1355	1128
1353	1128
1353	1129
1352	1129
1352	1130
1351	1130
1351	1131
1350	1131
1350	1133
1349	1133
1349	1136
1348	1136
1348	1137
1346	1137
1346	1136
1345	1136
1345	1135
1344	1135
1344	1133
1342	1133
1342	1132
1341	1132
1341	1131
1340	1131
1340	1129
1339	1129
1339	1127
1338	1127
1338	1125
1337	1125
1337	1123
1336	1123
1336	1118
1335	1118
1335	1114
1334	1114
1334	1100
1333	1100
1333	1096
1332	1096
1332	1094
1331	1094
1331	1090
1330	1090
1330	1089
1329	1089
1329	1079
1328	1079
1328	1073
1327	1073
1327	1043
1315	1043
1315	1044
1313	1044
1313	1046
1307	1046
1307	1048
1305	1048
1305	1051
1304	1051
1304	1052
1303	1052
1303	1054
1300	1054
1300	1053
1299	1053
1299	1052
1298	1052
1298	1049
1297	1049
1297	1048
1296	1048
1296	1047
1295	1047
1295	1044
1294	1044
1294	1041
1293	1041
1293	1039
1291	1039
1291	1035
1290	1035
1290	1033
1289	1033
1289	1032
1290	1032
1290	1031
1289	1031
1289	1026
1288	1026
1288	1022
1287	1022
1287	1020
1288	1020
1288	1019
1287	1019
1287	1018
1288	1018
1288	1017
1287	1017
1287	1016
1288	1016
1288	1011
1287	1011
1287	1003
1286	1003
1286	998
1285	998
1285	994
1284	994
1284	989
1283	989
1283	984
1282	984
1282	974
1283	974
1283	958
1282	958
1282	957
1272	957
1272	958
1271	958
1271	959
1269	959
1269	960
1268	960
1268	961
1266	961
1266	962
1264	962
1264	963
1263	963
1263	964
1262	964
1262	965
1261	965
1261	967
1260	967
1260	969
1259	969
1259	971
1258	971
1258	969
1256	969
1256	968
1255	968
1255	967
1254	967
1254	965
1253	965
1253	963
1252	963
1252	960
1251	960
1251	959
1249	959
1249	955
1248	955
1248	954
1247	954
1247	949
1246	949
1246	945
1245	945
1245	924
1244	924
1244	916
1245	916
1245	902
1244	902
1244	898
1245	898
1245	877
1246	877
1246	868
1235	868
1235	869
1234	869
1234	870
1233	870
1233	871
1231	871
1231	872
1230	872
1230	873
1229	873
1229	875
1228	875
1228	876
1227	876
1227	877
1225	877
1225	874
1224	874
1224	872
1222	872
1222	868
1221	868
1221	867
1220	867
1220	859
1219	859
1219	858
1218	858
1218	854
1217	854
1217	848
1216	848
1216	847
1217	847
1217	843
1216	843
1216	842
1217	842
1217	839
1216	839
1216	836
1217	836
1217	829
1218	829
1218	820
1217	820
1217	819
1213	819
1213	817
1212	817
1212	812
1211	812
1211	810
1212	810
1212	804
1213	804
1213	802
1214	802
1214	797
1215	797
1215	795
1216	795
1216	785
1215	785
1215	783
1206	783
1206	784
1205	784
1205	785
1201	785
1201	786
1200	786
1200	787
1199	787
1199	788
1197	788
1197	789
1196	789
1196	791
1195	791
1195	793
1194	793
1194	795
1192	795
1192	794
1191	794
1191	792
1189	792
1189	785
1188	785
1188	782
1186	782
1186	778
1185	778
1185	777
1184	777
1184	772
1183	772
1183	763
1184	763
1184	758
1185	758
1185	752
1186	752
1186	740
1187	740
1187	737
1186	737
1186	736
1187	736
1187	731
1188	731
1188	724
1189	724
1189	713
1179	713
1179	714
1177	714
1177	715
1176	715
1176	716
1175	716
1175	717
1173	717
1173	719
1171	719
1171	720
1170	720
1170	729
1169	729
1169	731
1167	731
1167	730
1166	730
1166	729
1165	729
1165	728
1163	728
1163	727
1162	727
1162	726
1152	726
1152	727
1151	727
1151	739
1152	739
1152	740
1153	740
1153	741
1155	741
1155	745
1154	745
1154	746
1156	746
1156	747
1157	747
1157	749
1159	749
1159	754
1160	754
1160	756
1161	756
1161	757
1162	757
1162	765
1163	765
1163	767
1164	767
1164	769
1165	769
1165	770
1164	770
1164	771
1165	771
1165	773
1166	773
1166	774
1167	774
1167	775
1168	775
1168	779
1169	779
1169	783
1170	783
1170	784
1172	784
1172	787
1173	787
1173	788
1174	788
1174	790
1175	790
1175	792
1176	792
1176	796
1177	796
1177	801
1178	801
1178	803
1177	803
1177	813
1176	813
1176	814
1173	814
1173	812
1171	812
1171	811
1170	811
1170	810
1167	810
1167	809
1166	809
1166	810
1165	810
1165	809
1163	809
1163	808
1162	808
1162	807
1152	807
1152	819
1153	819
1153	821
1154	821
1154	823
1155	823
1155	827
1156	827
1156	828
1157	828
1157	831
1158	831
1158	834
1159	834
1159	838
1160	838
1160	839
1161	839
1161	847
1162	847
1162	848
1163	848
1163	851
1164	851
1164	854
1165	854
1165	857
1166	857
1166	860
1167	860
1167	863
1168	863
1168	866
1169	866
1169	868
1170	868
1170	872
1171	872
1171	876
1172	876
1172	879
1173	879
1173	880
1174	880
1174	885
1175	885
1175	887
1176	887
1176	896
1175	896
1175	897
1176	897
1176	899
1175	899
1175	903
1174	903
1174	906
1173	906
1173	905
1171	905
1171	904
1170	904
1170	903
1167	903
1167	902
1163	902
1163	901
1162	901
1162	900
1149	900
1149	910
1152	910
1152	914
1153	914
1153	915
1154	915
1154	916
1155	916
1155	918
1156	918
1156	919
1155	919
1155	921
1156	921
1156	923
1158	923
1158	926
1159	926
1159	929
1160	929
1160	931
1161	931
1161	935
1162	935
1162	936
1163	936
1163	938
1164	938
1164	943
1165	943
1165	948
1166	948
1166	949
1167	949
1167	952
1168	952
1168	955
1169	955
1169	958
1170	958
1170	960
1171	960
1171	963
1172	963
1172	968
1173	968
1173	982
1172	982
1172	986
1171	986
1171	988
1169	988
1169	985
1167	985
1167	984
1164	984
1164	983
1160	983
1160	982
1149	982
1149	993
1150	993
1150	994
1151	994
1151	996
1152	996
1152	999
1153	999
1153	1002
1154	1002
1154	1005
1155	1005
1155	1010
1156	1010
1156	1011
1157	1011
1157	1012
1158	1012
1158	1013
1157	1013
1157	1014
1158	1014
1158	1018
1159	1018
1159	1019
1160	1019
1160	1020
1161	1020
1161	1021
1162	1021
1162	1030
1164	1030
1164	1032
1165	1032
1165	1037
1166	1037
1166	1038
1167	1038
1167	1040
1168	1040
1168	1049
1169	1049
1169	1054
1170	1054
1170	1062
1169	1062
1169	1066
1168	1066
1168	1068
1167	1068
1167	1072
1166	1072
1166	1074
1165	1074
1165	1076
1162	1076
1162	1074
1161	1074
1161	1073
1160	1073
1160	1072
1159	1072
1159	1071
1158	1071
1158	1070
1157	1070
1157	1069
1154	1069
1154	1068
1151	1068
1151	1067
1149	1067
1149	1066
1137	1066
1137	1077
1138	1077
1138	1078
1139	1078
1139	1082
1140	1082
1140	1086
1141	1086
1141	1088
1142	1088
1142	1092
1143	1092
1143	1106
1145	1106
1145	1111
1146	1111
1146	1112
1145	1112
1145	1114
1146	1114
1146	1117
1147	1117
1147	1123
1148	1123
1148	1132
1149	1132
1149	1139
1150	1139
1150	1144
1152	1144
1152	1145
1151	1145
1151	1161
1150	1161
1150	1162
1149	1162
1149	1168
1148	1168
1148	1169
1147	1169
1147	1171
1146	1171
1146	1173
1144	1173
1144	1172
1143	1172
1143	1171
1142	1171
1142	1170
1141	1170
1141	1169
1140	1169
1140	1167
1138	1167
1138	1166
1137	1166
1137	1165
1134	1165
1134	1164
1132	1164
1132	1162
1131	1162
1131	1161
1118	1161
1118	1172
1119	1172
1119	1175
1120	1175
1120	1178
1121	1178
1121	1180
1122	1180
1122	1183
1123	1183
1123	1187
1124	1187
1124	1200
1125	1200
1125	1201
1126	1201
1126	1209
1128	1209
1128	1214
1129	1214
1129	1216
1130	1216
1130	1226
1131	1226
1131	1227
1132	1227
1132	1242
1131	1242
1131	1244
1130	1244
1130	1246
1129	1246
1129	1249
1128	1249
1128	1253
1127	1253
1127	1255
1126	1255
1126	1256
1124	1256
1124	1255
1123	1255
1123	1254
1124	1254
1124	1253
1121	1253
1121	1252
1120	1252
1120	1251
1119	1251
1119	1250
1112	1250
1112	1249
1110	1249
1110	1248
1098	1248
1098	1257
1099	1257
1099	1259
1100	1259
1100	1262
1101	1262
1101	1264
1102	1264
1102	1269
1103	1269
1103	1277
1104	1277
1104	1279
1105	1279
1105	1281
1104	1281
1104	1284
1105	1284
1105	1286
1104	1286
1104	1288
1105	1288
1105	1295
1106	1295
1106	1301
1107	1301
1107	1311
1106	1311
1106	1318
1107	1318
1107	1321
1106	1321
1106	1325
1105	1325
1105	1326
1104	1326
1104	1329
1105	1329
1105	1331
1104	1331
1104	1332
1103	1332
1103	1337
1102	1337
1102	1338
1098	1338
1098	1341
1097	1341
1097	1339
1096	1339
1096	1338
1095	1338
1095	1337
1094	1337
1094	1336
1091	1336
1091	1335
1088	1335
1088	1334
1087	1334
1087	1332
1081	1332
1081	1331
1070	1331
1070	1341
1071	1341
1071	1345
1072	1345
1072	1349
1073	1349
1073	1364
1074	1364
1074	1365
1075	1365
1075	1392
1076	1392
1076	1394
1075	1394
1075	1401
1074	1401
1074	1402
1073	1402
1073	1405
1074	1405
1074	1406
1073	1406
1073	1408
1072	1408
1072	1412
1071	1412
1071	1414
1070	1414
1070	1418
1069	1418
1069	1419
1065	1419
1065	1417
1064	1417
1064	1416
1063	1416
1063	1414
1062	1414
1062	1413
1060	1413
1060	1412
1056	1412
1056	1411
1047	1411
1047	1412
1046	1412
1046	1424
1047	1424
1047	1427
1048	1427
1048	1482
1047	1482
1047	1485
1046	1485
1046	1489
1045	1489
1045	1490
1044	1490
1044	1493
1043	1493
1043	1494
1040	1494
1040	1493
1039	1493
1039	1491
1038	1491
1038	1490
1037	1490
1037	1488
1036	1488
1036	1487
1032	1487
1032	1486
1029	1486
1029	1485
1017	1485
1017	1484
1016	1484
1016	1496
1017	1496
1017	1499
1018	1499
1018	1506
1017	1506
1017	1511
1016	1511
1016	1519
1017	1519
1017	1521
1016	1521
1016	1526
1015	1526
1015	1538
1014	1538
1014	1546
1013	1546
1013	1555
1012	1555
1012	1563
1011	1563
1011	1566
1010	1566
1010	1572
1009	1572
1009	1575
1008	1575
1008	1578
1007	1578
1007	1579
1006	1579
1006	1578
1005	1578
1005	1577
1004	1577
1004	1576
991	1576
991	1592
990	1592
990	1597
989	1597
989	1601
988	1601
988	1604
987	1604
987	1612
985	1612
985	1615
984	1615
984	1616
983	1616
983	1625
981	1625
981	1632
980	1632
980	1634
979	1634
979	1639
978	1639
978	1640
979	1640
979	1642
978	1642
978	1653
977	1653
977	1658
976	1658
976	1664
975	1664
975	1666
974	1666
974	1670
973	1670
973	1674
972	1674
972	1680
971	1680
971	1685
970	1685
970	1691
969	1691
969	1694
968	1694
968	1696
969	1696
969	1697
968	1697
968	1699
967	1699
967	1704
966	1704
966	1712
965	1712
965	1728
964	1728
964	1730
963	1730
963	1734
962	1734
962	1742
961	1742
961	1748
960	1748
960	1749
959	1749
959	1773
958	1773
958	1779
957	1779
957	1786
956	1786
956	1800
955	1800
955	1811
954	1811
954	1812
953	1812
953	1844
954	1844
954	1846
955	1846
955	1849
956	1849
956	1852
957	1852
957	1856
958	1856
958	1859
959	1859
959	1866
958	1866
958	1867
956	1867
956	1866
955	1866
955	1865
954	1865
954	1864
953	1864
953	1863
951	1863
951	1860
950	1860
950	1859
949	1859
949	1857
948	1857
948	1856
947	1856
947	1854
946	1854
946	1852
945	1852
945	1850
944	1850
944	1848
943	1848
943	1846
942	1846
942	1843
941	1843
941	1841
940	1841
940	1840
939	1840
939	1838
938	1838
938	1836
937	1836
937	1833
936	1833
936	1830
935	1830
935	1829
934	1829
934	1826
933	1826
933	1825
932	1825
932	1821
931	1821
931	1819
930	1819
930	1812
929	1812
929	1811
927	1811
927	1805
926	1805
926	1803
925	1803
925	1800
924	1800
924	1795
923	1795
923	1792
922	1792
922	1789
921	1789
921	1781
920	1781
920	1779
919	1779
919	1775
918	1775
918	1770
917	1770
917	1766
916	1766
916	1763
915	1763
915	1757
914	1757
914	1738
913	1738
913	1734
912	1734
912	1729
911	1729
911	1711
910	1711
910	1707
911	1707
911	1692
910	1692
910	1687
909	1687
909	1678
908	1678
908	1665
907	1665
907	1661
906	1661
906	1626
905	1626
905	1597
904	1597
904	1586
905	1586
905	1574
904	1574
904	1573
894	1573
894	1574
893	1574
893	1575
892	1575
892	1572
891	1572
891	1571
890	1571
890	1570
891	1570
891	1569
890	1569
890	1568
889	1568
889	1509
890	1509
890	1501
891	1501
891	1496
892	1496
892	1489
893	1489
893	1488
892	1488
892	1487
893	1487
893	1484
894	1484
894	1474
893	1474
893	1473
882	1473
882	1474
880	1474
880	1475
879	1475
879	1476
877	1476
877	1477
876	1477
876	1478
875	1478
875	1479
874	1479
874	1481
872	1481
872	1480
871	1480
871	1478
870	1478
870	1476
869	1476
869	1472
868	1472
868	1471
867	1471
867	1467
866	1467
866	1463
867	1463
867	1459
866	1459
866	1448
867	1448
867	1447
866	1447
866	1446
867	1446
867	1442
866	1442
866	1441
867	1441
867	1434
868	1434
868	1429
869	1429
869	1419
870	1419
870	1416
871	1416
871	1410
872	1410
872	1408
873	1408
873	1404
874	1404
874	1399
876	1399
876	1389
868	1389
868	1388
866	1388
866	1389
865	1389
865	1390
864	1390
864	1391
862	1391
862	1392
861	1392
861	1393
860	1393
860	1394
857	1394
857	1392
856	1392
856	1390
855	1390
855	1388
854	1388
854	1382
853	1382
853	1377
852	1377
852	1371
853	1371
853	1365
854	1365
854	1348
855	1348
855	1342
856	1342
856	1334
857	1334
857	1328
858	1328
858	1327
860	1327
860	1321
861	1321
861	1316
862	1316
862	1311
863	1311
863	1309
864	1309
864	1300
863	1300
863	1299
850	1299
850	1300
847	1300
847	1301
846	1301
846	1302
843	1302
843	1303
842	1303
842	1304
841	1304
841	1305
840	1305
840	1306
839	1306
839	1305
838	1305
838	1301
837	1301
837	1298
836	1298
836	1291
835	1291
835	1280
836	1280
836	1276
837	1276
837	1271
838	1271
838	1266
839	1266
839	1261
840	1261
840	1258
841	1258
841	1250
842	1250
842	1248
843	1248
843	1242
844	1242
844	1238
845	1238
845	1237
846	1237
846	1232
847	1232
847	1231
848	1231
848	1228
847	1228
847	1226
848	1226
848	1224
849	1224
849	1222
850	1222
850	1216
851	1216
851	1215
853	1215
853	1213
854	1213
854	1209
855	1209
855	1208
857	1208
857	1196
845	1196
845	1197
840	1197
840	1198
835	1198
835	1199
832	1199
832	1201
831	1201
831	1202
829	1202
829	1204
828	1204
828	1203
827	1203
827	1200
826	1200
826	1194
825	1194
825	1175
826	1175
826	1172
828	1172
828	1170
829	1170
829	1169
828	1169
828	1168
829	1168
829	1166
830	1166
830	1165
831	1165
831	1161
830	1161
830	1158
831	1158
831	1157
832	1157
832	1154
833	1154
833	1153
834	1153
834	1152
833	1152
833	1151
834	1151
834	1150
835	1150
835	1145
836	1145
836	1143
837	1143
837	1139
838	1139
838	1138
839	1138
839	1131
841	1131
841	1130
842	1130
842	1129
843	1129
843	1125
844	1125
844	1124
845	1124
845	1123
846	1123
846	1119
848	1119
848	1118
849	1118
849	1116
850	1116
850	1115
851	1115
851	1113
852	1113
852	1112
854	1112
854	1102
840	1102
840	1103
834	1103
834	1104
831	1104
831	1105
829	1105
829	1106
828	1106
828	1107
826	1107
826	1108
825	1108
825	1109
824	1109
824	1110
821	1110
821	1108
820	1108
820	1104
819	1104
819	1102
820	1102
820	1096
821	1096
821	1093
822	1093
822	1088
823	1088
823	1083
824	1083
824	1081
825	1081
825	1076
826	1076
826	1075
827	1075
827	1074
828	1074
828	1073
829	1073
829	1068
830	1068
830	1065
831	1065
831	1062
833	1062
833	1059
834	1059
834	1056
835	1056
835	1055
836	1055
836	1054
837	1054
837	1048
838	1048
838	1047
839	1047
839	1044
840	1044
840	1043
842	1043
842	1040
843	1040
843	1036
844	1036
844	1035
845	1035
845	1032
847	1032
847	1031
848	1031
848	1028
850	1028
850	1026
851	1026
851	1024
853	1024
853	1023
854	1023
854	1021
855	1021
855	1012
854	1012
854	1011
844	1011
844	1012
835	1012
835	1013
833	1013
833	1014
832	1014
832	1015
829	1015
829	1006
830	1006
830	1001
831	1001
831	997
832	997
832	992
833	992
833	991
834	991
834	987
835	987
835	986
836	986
836	985
837	985
837	982
838	982
838	980
840	980
840	976
841	976
841	974
842	974
842	972
843	972
843	970
844	970
844	968
843	968
843	967
844	967
844	965
845	965
845	963
846	963
846	962
847	962
847	961
848	961
848	959
849	959
849	957
850	957
850	953
851	953
851	952
852	952
852	948
854	948
854	944
855	944
855	943
856	943
856	941
857	941
857	939
858	939
858	938
859	938
859	936
860	936
860	933
861	933
861	932
863	932
863	931
864	931
864	930
866	930
866	929
867	929
867	928
868	928
868	918
850	918
850	919
848	919
848	920
843	920
843	917
844	917
844	908
845	908
845	905
846	905
846	904
847	904
847	902
848	902
848	901
849	901
849	898
850	898
850	896
851	896
851	895
852	895
852	892
853	892
853	891
854	891
854	889
855	889
855	888
856	888
856	886
857	886
857	885
860	885
860	880
861	880
861	879
863	879
863	878
864	878
864	877
865	877
865	875
866	875
866	871
867	871
867	870
868	870
868	869
869	869
869	867
870	867
870	866
872	866
872	865
873	865
873	850
874	850
874	848
875	848
875	847
876	847
876	846
877	846
877	845
878	845
878	844
879	844
879	842
881	842
881	841
882	841
882	839
884	839
884	838
886	838
886	837
887	837
887	835
889	835
889	834
890	834
890	833
891	833
891	832
892	832
892	822
880	822
880	823
876	823
876	824
875	824
875	825
874	825
874	826
871	826
871	817
872	817
872	810
873	810
873	808
874	808
874	804
875	804
875	802
876	802
876	800
877	800
877	799
878	799
878	798
879	798
879	788
878	788
878	787
877	787
877	788
872	788
872	787
871	787
871	785
870	785
870	782
869	782
869	781
859	781
859	782
855	782
855	797
854	797
854	800
853	800
853	803
852	803
852	808
851	808
851	810
850	810
850	820
849	820
849	827
848	827
848	831
847	831
847	833
846	833
846	835
845	835
845	837
844	837
844	838
843	838
843	839
842	839
842	841
841	841
841	842
840	842
840	844
838	844
838	846
837	846
837	848
836	848
836	849
834	849
834	848
833	848
833	846
832	846
832	843
831	843
831	841
829	841
829	839
818	839
818	846
817	846
817	859
816	859
816	864
815	864
815	867
814	867
814	873
813	873
813	876
812	876
812	879
811	879
811	882
810	882
810	887
809	887
809	890
808	890
808	894
807	894
807	896
806	896
806	901
805	901
805	902
802	902
802	907
801	907
801	908
800	908
800	910
798	910
798	912
797	912
797	913
796	913
796	914
795	914
795	915
794	915
794	916
793	916
793	917
792	917
792	918
791	918
791	919
790	919
790	918
789	918
789	915
788	915
788	912
787	912
787	911
786	911
786	910
785	910
785	909
784	909
784	908
783	908
783	907
774	907
774	908
773	908
773	915
772	915
772	921
770	921
770	930
769	930
769	935
768	935
768	939
767	939
767	943
765	943
765	947
764	947
764	950
763	950
763	952
762	952
762	954
761	954
761	956
760	956
760	958
759	958
759	959
758	959
758	961
757	961
757	963
756	963
756	966
755	966
755	967
754	967
754	968
753	968
753	969
752	969
752	971
751	971
751	972
750	972
750	973
749	973
749	974
748	974
748	975
746	975
746	976
745	976
745	977
744	977
744	978
743	978
743	979
740	979
740	980
738	980
738	978
737	978
737	972
736	972
736	970
735	970
735	969
734	969
734	966
733	966
733	965
722	965
722	966
721	966
721	971
720	971
720	973
719	973
719	982
720	982
720	983
724	983
724	984
718	984
718	985
717	985
717	986
716	986
716	988
715	988
715	990
714	990
714	991
712	991
712	992
711	992
711	995
710	995
710	997
707	997
707	1003
706	1003
706	1006
705	1006
705	1009
704	1009
704	1012
703	1012
703	1015
702	1015
702	1016
701	1016
701	1017
700	1017
700	1020
699	1020
699	1024
698	1024
698	1025
696	1025
696	1026
695	1026
695	1027
694	1027
694	1029
692	1029
692	1030
691	1030
691	1032
689	1032
689	1033
688	1033
688	1034
687	1034
687	1035
686	1035
686	1034
685	1034
685	1036
684	1036
684	1037
683	1037
683	1038
682	1038
682	1037
681	1037
681	1036
680	1036
680	1035
681	1035
681	1033
680	1033
680	1031
679	1031
679	1030
678	1030
678	1029
677	1029
677	1028
676	1028
676	1027
675	1027
675	1025
663	1025
663	1035
662	1035
662	1040
661	1040
661	1043
660	1043
660	1044
659	1044
659	1050
658	1050
658	1051
657	1051
657	1054
656	1054
656	1060
653	1060
653	1061
652	1061
652	1065
651	1065
651	1067
650	1067
650	1068
649	1068
649	1070
648	1070
648	1072
647	1072
647	1073
644	1073
644	1079
643	1079
643	1081
642	1081
642	1083
640	1083
640	1084
638	1084
638	1087
637	1087
637	1088
636	1088
636	1089
635	1089
635	1090
634	1090
634	1092
631	1092
631	1094
630	1094
630	1095
629	1095
629	1096
628	1096
628	1098
623	1098
623	1095
622	1095
622	1094
621	1094
621	1091
620	1091
620	1089
619	1089
619	1088
618	1088
618	1086
616	1086
616	1084
615	1084
615	1083
614	1083
614	1082
605	1082
605	1083
604	1083
604	1087
603	1087
603	1090
602	1090
602	1096
601	1096
601	1098
600	1098
600	1099
599	1099
599	1101
598	1101
598	1104
597	1104
597	1107
596	1107
596	1109
595	1109
595	1110
594	1110
594	1111
593	1111
593	1115
592	1115
592	1117
591	1117
591	1119
590	1119
590	1121
589	1121
589	1122
588	1122
588	1123
587	1123
587	1125
586	1125
586	1126
585	1126
585	1129
584	1129
584	1132
582	1132
582	1133
581	1133
581	1134
580	1134
580	1138
579	1138
579	1139
578	1139
578	1141
576	1141
576	1142
575	1142
575	1143
574	1143
574	1145
575	1145
575	1146
574	1146
574	1147
575	1147
575	1149
574	1149
574	1151
569	1151
569	1152
568	1152
568	1153
567	1153
567	1154
565	1154
565	1155
562	1155
562	1158
559	1158
559	1159
557	1159
557	1160
555	1160
555	1161
554	1161
554	1160
553	1160
553	1152
552	1152
552	1150
551	1150
551	1149
550	1149
550	1148
539	1148
539	1149
537	1149
537	1152
536	1152
536	1153
537	1153
537	1155
536	1155
536	1157
535	1157
535	1158
534	1158
534	1161
533	1161
533	1163
532	1163
532	1165
531	1165
531	1167
530	1167
530	1169
529	1169
529	1170
528	1170
528	1171
527	1171
527	1173
525	1173
525	1174
524	1174
524	1178
523	1178
523	1179
522	1179
522	1180
521	1180
521	1181
520	1181
520	1183
519	1183
519	1184
518	1184
518	1185
517	1185
517	1187
516	1187
516	1188
515	1188
515	1189
514	1189
514	1192
512	1192
512	1193
511	1193
511	1195
510	1195
510	1196
509	1196
509	1197
508	1197
508	1198
507	1198
507	1199
505	1199
505	1201
504	1201
504	1202
503	1202
503	1203
502	1203
502	1204
501	1204
501	1205
500	1205
500	1206
499	1206
499	1207
498	1207
498	1208
496	1208
496	1209
494	1209
494	1208
493	1208
493	1207
492	1207
492	1203
491	1203
491	1202
490	1202
490	1201
489	1201
489	1200
488	1200
488	1198
487	1198
487	1197
478	1197
478	1198
477	1198
477	1203
476	1203
476	1204
474	1204
474	1205
473	1205
473	1206
472	1206
472	1208
471	1208
471	1209
470	1209
470	1211
468	1211
468	1212
467	1212
467	1215
466	1215
466	1216
465	1216
465	1218
464	1218
464	1220
463	1220
463	1221
461	1221
461	1224
460	1224
460	1225
459	1225
459	1226
458	1226
458	1227
457	1227
457	1228
455	1228
455	1230
454	1230
454	1232
453	1232
453	1234
451	1234
451	1235
450	1235
450	1236
449	1236
449	1237
447	1237
447	1238
446	1238
446	1240
444	1240
444	1241
443	1241
443	1242
441	1242
441	1243
438	1243
438	1244
437	1244
437	1245
434	1245
434	1246
431	1246
431	1240
429	1240
429	1239
424	1239
424	1240
423	1240
423	1239
421	1239
421	1240
420	1240
420	1241
418	1241
418	1242
417	1242
417	1243
416	1243
416	1245
415	1245
415	1246
413	1246
413	1248
412	1248
412	1249
410	1249
410	1250
409	1250
409	1251
408	1251
408	1253
407	1253
407	1254
406	1254
406	1255
405	1255
405	1256
402	1256
402	1257
401	1257
401	1258
400	1258
400	1260
399	1260
399	1261
397	1261
397	1262
396	1262
396	1263
395	1263
395	1264
394	1264
394	1266
393	1266
393	1267
392	1267
392	1268
390	1268
390	1271
389	1271
389	1272
388	1272
388	1273
387	1273
387	1274
386	1274
386	1275
385	1275
385	1277
384	1277
384	1278
383	1278
383	1279
382	1279
382	1280
381	1280
381	1281
379	1281
379	1282
378	1282
378	1284
377	1284
377	1286
376	1286
376	1287
373	1287
373	1288
372	1288
372	1290
370	1290
370	1291
369	1291
369	1293
366	1293
366	1296
365	1296
365	1297
364	1297
364	1298
363	1298
363	1299
362	1299
362	1300
360	1300
360	1301
359	1301
359	1302
358	1302
358	1304
357	1304
357	1305
356	1305
356	1306
355	1306
355	1307
354	1307
354	1309
353	1309
353	1310
352	1310
352	1311
350	1311
350	1312
348	1312
348	1313
347	1313
347	1316
346	1316
346	1317
345	1317
345	1319
341	1319
341	1321
340	1321
340	1322
339	1322
339	1323
340	1323
340	1324
339	1324
339	1325
335	1325
335	1328
334	1328
334	1330
333	1330
333	1331
331	1331
331	1332
329	1332
329	1333
328	1333
328	1337
327	1337
327	1338
326	1338
326	1341
325	1341
325	1342
324	1342
324	1343
323	1343
323	1344
322	1344
322	1345
320	1345
320	1347
319	1347
319	1348
318	1348
318	1349
317	1349
317	1350
315	1350
315	1351
314	1351
314	1353
313	1353
313	1354
312	1354
312	1355
311	1355
311	1356
310	1356
310	1357
309	1357
309	1359
308	1359
308	1361
305	1361
305	1362
306	1362
306	1363
303	1363
303	1368
301	1368
301	1369
300	1369
300	1371
299	1371
299	1372
297	1372
297	1374
296	1374
296	1376
295	1376
295	1377
294	1377
294	1378
293	1378
293	1379
292	1379
292	1381
291	1381
291	1382
289	1382
289	1383
288	1383
288	1384
287	1384
287	1385
286	1385
286	1386
285	1386
285	1387
284	1387
284	1388
282	1388
282	1389
281	1389
281	1391
280	1391
280	1392
278	1392
278	1394
277	1394
277	1396
275	1396
275	1398
274	1398
274	1399
272	1399
272	1400
271	1400
271	1401
270	1401
270	1403
269	1403
269	1404
268	1404
268	1405
267	1405
267	1406
265	1406
265	1409
264	1409
264	1410
263	1410
263	1411
262	1411
262	1412
261	1412
261	1413
260	1413
260	1414
259	1414
259	1415
258	1415
258	1416
257	1416
257	1417
256	1417
256	1418
254	1418
254	1420
251	1420
251	1422
250	1422
250	1423
249	1423
249	1424
248	1424
248	1426
245	1426
245	1427
244	1427
244	1428
243	1428
243	1429
241	1429
241	1430
240	1430
240	1431
239	1431
239	1432
237	1432
237	1433
236	1433
236	1434
234	1434
234	1436
233	1436
233	1437
232	1437
232	1438
231	1438
231	1439
228	1439
228	1440
227	1440
227	1443
226	1443
226	1444
225	1444
225	1445
224	1445
224	1444
223	1444
223	1446
222	1446
222	1447
221	1447
221	1448
220	1448
220	1449
218	1449
218	1450
217	1450
217	1451
215	1451
215	1452
211	1452
211	1448
212	1448
212	1444
213	1444
213	1443
214	1443
214	1441
215	1441
215	1440
216	1440
216	1437
217	1437
217	1434
218	1434
218	1433
220	1433
220	1431
221	1431
221	1429
222	1429
222	1427
223	1427
223	1426
224	1426
224	1423
225	1423
225	1422
226	1422
226	1418
227	1418
227	1416
228	1416
228	1415
229	1415
229	1413
230	1413
230	1410
231	1410
231	1408
232	1408
232	1405
233	1405
233	1404
235	1404
235	1403
236	1403
236	1399
237	1399
237	1398
238	1398
238	1397
239	1397
239	1395
240	1395
240	1392
242	1392
242	1391
241	1391
241	1390
242	1390
242	1389
243	1389
243	1388
244	1388
244	1385
245	1385
245	1384
247	1384
247	1383
248	1383
248	1380
249	1380
249	1379
250	1379
250	1378
251	1378
251	1377
252	1377
252	1375
253	1375
253	1373
254	1373
254	1372
255	1372
255	1370
256	1370
256	1367
257	1367
257	1366
258	1366
258	1365
260	1365
260	1363
261	1363
261	1358
262	1358
262	1357
263	1357
263	1355
264	1355
264	1353
266	1353
266	1352
267	1352
267	1349
268	1349
268	1347
270	1347
270	1344
271	1344
271	1343
272	1343
272	1342
273	1342
273	1340
274	1340
274	1338
275	1338
275	1337
276	1337
276	1336
277	1336
277	1333
279	1333
279	1330
280	1330
280	1327
282	1327
282	1323
283	1323
283	1322
284	1322
284	1321
286	1321
286	1320
287	1320
287	1316
288	1316
288	1314
289	1314
289	1312
290	1312
290	1308
293	1308
293	1307
292	1307
292	1306
293	1306
293	1304
294	1304
294	1302
295	1302
295	1300
296	1300
296	1299
297	1299
297	1298
298	1298
298	1297
299	1297
299	1295
300	1295
300	1293
301	1293
301	1291
302	1291
302	1289
304	1289
304	1288
305	1288
305	1287
304	1287
304	1286
305	1286
305	1283
306	1283
306	1282
307	1282
307	1280
308	1280
308	1277
309	1277
309	1276
311	1276
311	1272
312	1272
312	1270
313	1270
313	1269
314	1269
314	1267
315	1267
315	1264
316	1264
316	1263
317	1263
317	1261
318	1261
318	1258
319	1258
319	1257
320	1257
320	1255
321	1255
321	1253
322	1253
322	1251
323	1251
323	1250
324	1250
324	1245
325	1245
325	1244
326	1244
326	1243
327	1243
327	1240
328	1240
328	1239
329	1239
329	1238
330	1238
330	1233
331	1233
331	1232
332	1232
332	1230
333	1230
333	1228
334	1228
334	1227
335	1227
335	1225
336	1225
336	1224
337	1224
337	1223
338	1223
338	1221
339	1221
339	1220
340	1220
340	1219
341	1219
341	1220
342	1220
342	1218
343	1218
343	1209
342	1209
342	1207
339	1207
339	1206
335	1206
335	1205
333	1205
333	1206
332	1206
332	1205
330	1205
330	1203
331	1203
331	1202
332	1202
332	1199
333	1199
333	1195
335	1195
335	1194
336	1194
336	1191
337	1191
337	1189
338	1189
338	1188
341	1188
341	1187
340	1187
340	1185
341	1185
341	1184
342	1184
342	1183
343	1183
343	1182
344	1182
344	1180
345	1180
345	1179
347	1179
347	1177
348	1177
348	1174
349	1174
349	1173
350	1173
350	1172
352	1172
352	1171
353	1171
353	1170
354	1170
354	1169
355	1169
355	1165
356	1165
356	1164
357	1164
357	1162
358	1162
358	1161
359	1161
359	1160
360	1160
360	1159
361	1159
361	1157
363	1157
363	1156
364	1156
364	1154
365	1154
365	1153
367	1153
367	1152
368	1152
368	1151
369	1151
369	1150
370	1150
370	1149
371	1149
371	1138
364	1138
364	1137
362	1137
362	1138
356	1138
356	1135
355	1135
355	1134
356	1134
356	1132
357	1132
357	1129
358	1129
358	1125
361	1125
361	1119
362	1119
362	1118
363	1118
363	1117
364	1117
364	1115
366	1115
366	1114
368	1114
368	1113
367	1113
367	1112
370	1112
370	1111
369	1111
369	1109
370	1109
370	1108
371	1108
371	1106
373	1106
373	1105
374	1105
374	1101
375	1101
375	1100
377	1100
377	1098
378	1098
378	1097
379	1097
379	1095
380	1095
380	1094
382	1094
382	1093
383	1093
383	1091
384	1091
384	1090
386	1090
386	1087
389	1087
389	1086
390	1086
390	1084
392	1084
392	1083
393	1083
393	1082
394	1082
394	1081
399	1081
399	1077
400	1077
400	1076
401	1076
401	1075
403	1075
403	1074
405	1074
405	1073
406	1073
406	1072
407	1072
407	1070
408	1070
408	1066
407	1066
407	1065
408	1065
408	1063
407	1063
407	1061
405	1061
405	1060
400	1060
400	1059
389	1059
389	1053
390	1053
390	1048
391	1048
391	1047
392	1047
392	1043
393	1043
393	1042
394	1042
394	1040
396	1040
396	1038
397	1038
397	1037
398	1037
398	1036
399	1036
399	1034
400	1034
400	1033
402	1033
402	1032
404	1032
404	1030
406	1030
406	1027
407	1027
407	1026
412	1026
412	1025
413	1025
413	1024
414	1024
414	1022
415	1022
415	1021
417	1021
417	1020
418	1020
418	1019
419	1019
419	1016
420	1016
420	1015
421	1015
421	1016
422	1016
422	1015
423	1015
423	1014
424	1014
424	1012
427	1012
427	1010
428	1010
428	1009
430	1009
430	1008
431	1008
431	1006
434	1006
434	1005
437	1005
437	1003
440	1003
440	1002
443	1002
443	1001
444	1001
444	1000
443	1000
443	991
440	991
440	990
438	990
438	989
424	989
424	988
425	988
425	983
426	983
426	981
428	981
428	977
431	977
431	973
433	973
433	972
434	972
434	970
436	970
436	968
437	968
437	967
438	967
438	968
439	968
439	967
440	967
440	965
441	965
441	961
449	961
449	960
450	960
450	955
454	955
454	954
456	954
456	952
457	952
457	951
458	951
458	950
462	950
462	949
463	949
463	946
466	946
466	945
468	945
468	943
469	943
469	942
471	942
471	941
473	941
473	940
474	940
474	939
475	939
475	938
478	938
478	937
480	937
480	936
481	936
481	935
482	935
482	925
481	925
481	924
476	924
476	923
475	923
475	922
474	922
474	921
463	921
463	920
462	920
462	917
465	917
465	911
467	911
467	910
468	910
468	909
469	909
469	906
470	906
470	905
472	905
472	904
475	904
475	900
477	900
477	899
478	899
478	898
480	898
480	897
482	897
482	896
481	896
481	895
482	895
482	894
484	894
484	893
485	893
485	892
487	892
487	890
488	890
488	888
490	888
490	886
491	886
491	885
493	885
493	884
494	884
494	881
495	881
495	880
498	880
498	879
499	879
499	878
500	878
500	877
501	877
501	876
503	876
503	875
504	875
504	874
505	874
505	872
508	872
508	871
511	871
511	870
513	870
513	869
515	869
515	868
517	868
517	867
519	867
519	866
522	866
522	855
520	855
520	854
516	854
516	853
514	853
514	852
512	852
512	851
501	851
501	847
503	847
503	843
504	843
504	842
505	842
505	841
506	841
506	839
507	839
507	837
509	837
509	836
510	836
510	834
513	834
513	831
514	831
514	830
515	830
515	829
516	829
516	827
517	827
517	826
519	826
519	825
520	825
520	823
522	823
522	822
526	822
526	819
528	819
528	818
530	818
530	817
531	817
531	816
532	816
532	815
534	815
534	812
538	812
538	811
539	811
539	810
538	810
538	809
539	809
539	808
544	808
544	807
545	807
545	804
547	804
547	803
550	803
550	802
551	802
551	801
552	801
552	800
554	800
554	799
555	799
555	797
559	797
559	796
561	796
561	795
564	795
564	794
566	794
566	793
567	793
567	782
563	782
563	781
562	781
562	780
559	780
559	779
558	779
558	778
554	778
554	777
545	777
545	772
546	772
546	771
547	771
547	769
548	769
548	768
549	768
549	766
550	766
550	765
551	765
551	764
552	764
552	763
554	763
554	762
555	762
555	760
558	760
558	759
560	759
560	758
562	758
562	757
563	757
563	756
564	756
564	755
565	755
565	754
566	754
566	753
569	753
569	752
570	752
570	750
576	750
576	749
577	749
577	748
579	748
579	747
580	747
580	746
582	746
582	745
583	745
583	744
585	744
585	743
587	743
587	742
589	742
589	741
590	741
590	740
591	740
591	738
595	738
595	737
596	737
596	736
599	736
599	735
601	735
601	734
602	734
602	735
603	735
603	734
604	734
604	733
605	733
605	732
607	732
607	731
611	731
611	730
612	730
612	729
614	729
614	728
615	728
615	726
616	726
616	725
615	725
615	723
616	723
616	722
615	722
615	721
616	721
616	720
615	720
615	718
613	718
613	717
612	717
612	716
610	716
610	715
608	715
608	714
602	714
602	713
601	713
601	712
602	712
602	709
603	709
603	708
605	708
605	706
606	706
606	705
607	705
607	702
609	702
609	701
611	701
611	699
614	699
614	698
616	698
616	697
621	697
621	694
626	694
626	692
627	692
627	689
626	689
626	688
636	688
636	687
637	687
637	686
638	686
638	684
639	684
639	683
643	683
643	680
646	680
646	679
647	679
647	678
649	678
649	677
652	677
652	676
655	676
655	675
656	675
656	674
658	674
658	673
660	673
660	672
662	672
662	671
663	671
663	670
666	670
666	668
667	668
667	659
666	659
666	658
665	658
665	657
664	657
664	656
660	656
660	655
655	655
655	654
654	654
654	655
652	655
652	652
653	652
653	651
654	651
654	649
655	649
655	648
658	648
658	647
659	647
659	646
660	646
660	645
661	645
661	644
662	644
662	643
663	643
663	641
666	641
666	640
667	640
667	639
670	639
670	638
674	638
674	636
681	636
681	635
680	635
680	633
684	633
684	632
686	632
686	631
687	631
687	629
688	629
688	628
691	628
691	627
692	627
692	625
695	625
695	624
696	624
696	612
688	612
688	609
689	609
689	603
688	603
688	599
677	599
677	600
676	600
676	603
674	603
674	604
673	604
673	605
672	605
672	608
670	608
670	609
668	609
668	610
667	610
667	611
666	611
666	612
663	612
663	616
661	616
661	617
660	617
660	618
658	618
658	619
657	619
657	621
656	621
656	622
655	622
655	623
654	623
654	624
653	624
653	625
651	625
651	626
650	626
650	628
649	628
649	629
648	629
648	630
647	630
647	631
646	631
646	633
644	633
644	634
643	634
643	635
642	635
642	636
641	636
641	637
638	637
638	638
637	638
637	640
636	640
636	641
634	641
634	642
632	642
632	643
626	643
626	644
625	644
625	645
621	645
621	643
622	643
622	634
619	634
619	633
618	633
618	634
611	634
611	637
610	637
610	638
609	638
609	639
608	639
608	641
607	641
607	643
606	643
606	644
603	644
603	646
602	646
602	647
601	647
601	648
599	648
599	649
598	649
598	651
597	651
597	650
596	650
596	653
594	653
594	654
593	654
593	653
592	653
592	655
591	655
591	656
587	656
587	659
586	659
586	660
585	660
585	661
583	661
583	662
581	662
581	664
580	664
580	665
579	665
579	666
577	666
577	667
576	667
576	668
575	668
575	669
573	669
573	670
572	670
572	671
571	671
571	672
569	672
569	673
567	673
567	674
565	674
565	675
561	675
561	676
556	676
556	677
552	677
552	676
551	676
551	675
552	675
552	674
553	674
553	663
552	663
552	662
541	662
541	665
540	665
540	667
539	667
539	668
538	668
538	669
536	669
536	671
535	671
535	672
533	672
533	674
532	674
532	675
530	675
530	676
529	676
529	677
527	677
527	678
526	678
526	680
524	680
524	681
521	681
521	683
520	683
520	685
518	685
518	687
517	687
517	688
515	688
515	690
514	690
514	691
512	691
512	692
511	692
511	693
509	693
509	695
508	695
508	696
507	696
507	697
505	697
505	698
504	698
504	699
502	699
502	700
499	700
499	701
498	701
498	703
497	703
497	704
496	704
496	705
494	705
494	706
487	706
487	707
486	707
486	709
481	709
481	710
475	710
475	702
476	702
476	701
475	701
475	699
466	699
466	700
462	700
462	701
461	701
461	703
460	703
460	705
458	705
458	706
455	706
455	707
454	707
454	710
453	710
453	711
452	711
452	712
451	712
451	713
448	713
448	716
446	716
446	717
445	717
445	718
444	718
444	719
438	719
438	722
435	722
435	723
432	723
432	724
429	724
429	725
423	725
423	720
422	720
422	716
421	716
421	714
420	714
420	713
416	713
416	714
414	714
414	713
412	713
412	714
410	714
410	716
409	716
409	717
408	717
408	718
406	718
406	719
405	719
405	720
404	720
404	721
403	721
403	722
401	722
401	723
399	723
399	724
398	724
398	725
395	725
395	726
392	726
392	727
391	727
391	728
390	728
390	729
389	729
389	730
386	730
386	731
381	731
381	732
373	732
373	733
372	733
372	734
371	734
371	733
370	733
370	725
354	725
354	726
353	726
353	729
351	729
351	730
349	730
349	731
346	731
346	732
344	732
344	731
343	731
343	732
341	732
341	734
340	734
340	735
338	735
338	736
336	736
336	737
335	737
335	738
328	738
328	741
317	741
317	736
306	736
306	737
303	737
303	738
297	738
297	739
296	739
296	740
295	740
295	741
290	741
290	742
288	742
288	743
283	743
283	744
277	744
277	745
274	745
274	744
273	744
273	745
272	745
272	746
271	746
271	747
268	747
268	748
267	748
267	749
264	749
264	750
260	750
260	751
259	751
259	752
255	752
255	753
249	753
249	754
247	754
247	755
244	755
244	756
243	756
243	757
234	757
234	761
227	761
227	762
224	762
224	763
210	763
210	764
208	764
208	766
206	766
206	767
196	767
196	769
191	769
191	770
189	770
189	771
185	771
185	772
183	772
183	773
179	773
179	774
177	774
177	775
176	775
176	776
164	776
164	777
163	777
163	778
159	778
159	779
153	779
153	780
148	780
148	781
146	781
146	780
144	780
144	781
143	781
143	782
127	782
127	783
126	783
126	784
123	784
123	785
122	785
122	784
116	784
116	785
112	785
112	784
110	784
110	783
111	783
111	781
112	781
112	780
113	780
113	779
114	779
114	778
117	778
117	777
119	777
119	776
120	776
120	775
121	775
121	774
124	774
124	773
127	773
127	771
128	771
128	770
130	770
130	769
132	769
132	768
133	768
133	767
134	767
134	766
136	766
136	765
140	765
140	764
141	764
141	762
143	762
143	761
146	761
146	760
147	760
147	759
152	759
152	758
153	758
153	756
155	756
155	755
156	755
156	754
158	754
158	753
159	753
159	752
161	752
161	751
163	751
163	750
165	750
165	749
169	749
169	748
172	748
172	745
175	745
175	744
178	744
178	743
179	743
179	741
183	741
183	740
184	740
184	739
188	739
188	738
191	738
191	736
195	736
195	735
197	735
197	734
198	734
198	733
199	733
199	732
200	732
200	731
206	731
206	730
207	730
207	729
210	729
210	728
211	728
211	727
212	727
212	725
219	725
219	724
222	724
222	723
223	723
223	720
225	720
225	719
227	719
227	717
229	717
229	716
231	716
231	715
235	715
235	714
236	714
236	713
240	713
240	711
242	711
242	710
244	710
244	709
247	709
247	708
248	708
248	706
250	706
250	705
252	705
252	703
254	703
254	702
255	702
255	700
257	700
257	699
260	699
260	697
261	697
261	696
266	696
266	695
267	695
267	693
268	693
268	692
270	692
270	693
271	693
271	691
273	691
273	690
274	690
274	689
275	689
275	688
276	688
276	687
278	687
278	686
279	686
279	685
281	685
281	683
285	683
285	682
286	682
286	681
288	681
288	680
289	680
289	674
290	674
290	672
292	672
292	671
295	671
295	670
298	670
298	668
300	668
300	669
301	669
301	667
304	667
304	665
307	665
307	664
310	664
310	663
311	663
311	658
317	658
317	654
320	654
320	653
322	653
322	652
324	652
324	650
326	650
326	649
328	649
328	648
330	648
330	646
336	646
336	636
335	636
335	635
333	635
333	634
332	634
332	633
329	633
329	632
324	632
324	630
325	630
325	629
326	629
326	628
328	628
328	627
327	627
327	626
329	626
329	625
330	625
330	622
331	622
331	621
332	621
332	620
336	620
336	617
339	617
339	616
340	616
340	615
342	615
342	614
343	614
343	612
347	612
347	611
349	611
349	609
356	609
356	607
362	607
362	606
363	606
363	605
365	605
365	604
368	604
368	602
370	602
370	601
374	601
374	600
375	600
375	599
377	599
377	598
378	598
378	597
380	597
380	596
381	596
381	595
386	595
386	594
388	594
388	593
390	593
390	592
391	592
391	593
392	593
392	592
395	592
395	581
394	581
394	580
392	580
392	579
390	579
390	578
388	578
388	577
384	577
384	574
385	574
385	573
386	573
386	572
387	572
387	571
389	571
389	570
390	570
390	569
392	569
392	568
393	568
393	566
394	566
394	565
396	565
396	564
397	564
397	563
399	563
399	562
402	562
402	561
404	561
404	560
405	560
405	559
414	559
414	558
417	558
417	557
418	557
418	555
420	555
420	554
421	554
421	553
422	553
422	552
425	552
425	551
430	551
430	550
431	550
431	549
433	549
433	548
435	548
435	547
438	547
438	546
440	546
440	547
441	547
441	546
444	546
444	544
446	544
446	545
447	545
447	544
452	544
452	534
451	534
451	533
450	533
450	531
449	531
449	530
446	530
446	529
444	529
444	528
442	528
442	527
440	527
440	526
437	526
437	525
438	525
438	523
440	523
440	522
441	522
441	521
442	521
442	520
443	520
443	518
444	518
444	517
446	517
446	516
447	516
447	515
449	515
449	514
450	514
450	513
451	513
451	512
452	512
452	511
454	511
454	510
457	510
457	509
460	509
460	508
461	508
461	507
468	507
468	506
469	506
469	505
476	505
476	504
481	504
481	503
482	503
482	501
491	501
491	500
494	500
494	499
497	499
497	500
499	500
499	499
504	499
504	489
503	489
503	488
501	488
501	486
499	486
499	485
494	485
494	483
495	483
495	482
496	482
496	481
497	481
497	480
498	480
498	478
500	478
500	477
501	477
501	476
502	476
502	475
506	475
506	474
507	474
507	473
508	473
508	472
511	472
511	471
512	471
512	470
514	470
514	469
524	469
524	468
526	468
526	467
532	467
532	466
533	466
533	465
545	465
545	464
546	464
546	463
549	463
549	462
560	462
560	452
559	452
559	451
558	451
558	450
555	450
555	449
551	449
551	445
553	445
553	444
555	444
555	443
557	443
557	441
559	441
559	440
563	440
563	438
565	438
565	437
569	437
569	436
571	436
571	435
574	435
574	436
575	436
575	435
577	435
577	436
578	436
578	435
583	435
583	434
588	434
588	433
590	433
590	432
594	432
594	431
598	431
598	430
602	430
602	429
607	429
607	428
617	428
617	427
619	427
619	426
628	426
628	425
629	425
629	415
628	415
628	413
627	413
627	411
626	411
626	410
623	410
623	409
622	409
622	408
621	408
621	407
619	407
619	406
616	406
616	404
617	404
617	403
618	403
618	402
621	402
621	401
622	401
622	400
626	400
626	399
627	399
627	398
628	398
628	397
632	397
632	396
639	396
639	395
640	395
640	394
664	394
664	393
671	393
671	392
683	392
683	391
695	391
695	390
696	390
696	379
695	379
695	378
693	378
693	377
687	377
687	374
688	374
688	373
690	373
690	371
695	371
695	370
698	370
698	369
703	369
703	368
710	368
710	367
713	367
713	368
730	368
730	367
755	367
755	366
757	366
757	367
760	367
760	366
768	366
768	367
769	367
769	366
771	366
771	362
770	362
770	361
771	361
771	355
770	355
770	353
768	353
768	352
769	352
769	350
773	350
773	349
778	349
778	348
808	348
808	349
821	349
821	348
822	348
822	347
826	347
826	346
838	346
838	345
840	345
840	346
842	346
842	345
846	345
846	344
847	344
847	342
848	342
848	339
847	339
847	338
848	338
848	337
847	337
847	336
848	336
848	335
847	335
847	334
845	334
845	326
844	326
844	325
841	325
841	326
838	326
838	325
835	325
835	326
832	326
832	327
819	327
819	326
817	326
817	325
816	325
816	320
795	320
795	321
782	321
782	322
779	322
779	321
777	321
777	323
770	323
770	324
764	324
764	325
761	325
761	326
757	326
757	327
746	327
746	326
741	326
741	325
738	325
738	324
737	324
737	317
735	317
735	309
720	309
720	308
719	308
719	309
716	309
716	308
715	308
715	307
702	307
702	306
698	306
698	305
677	305
677	303
670	303
670	302
667	302
667	301
664	301
664	300
663	300
663	299
662	299
662	298
664	298
664	296
665	296
665	295
668	295
668	284
644	284
644	283
638	283
638	282
630	282
630	281
626	281
626	280
614	280
614	277
602	277
602	276
601	276
601	275
597	275
597	274
594	274
594	273
591	273
591	272
589	272
589	271
587	271
587	270
586	270
586	269
585	269
585	267
587	267
587	263
588	263
588	262
587	262
587	256
578	256
578	255
574	255
574	254
564	254
564	251
563	251
563	250
561	250
561	249
559	249
559	248
558	248
558	247
557	247
557	246
556	246
556	245
551	245
551	244
552	244
552	243
549	243
549	242
545	242
545	240
543	240
543	239
539	239
539	238
538	238
538	237
534	237
534	236
532	236
532	235
528	235
528	234
526	234
526	233
524	233
524	232
520	232
520	231
518	231
518	230
517	230
517	229
514	229
514	228
513	228
513	227
511	227
511	226
510	226
510	225
509	225
509	226
508	226
508	225
506	225
506	224
503	224
503	223
502	223
502	222
501	222
501	221
499	221
499	220
498	220
498	219
496	219
496	218
495	218
495	217
494	217
494	214
490	214
490	211
489	211
489	212
486	212
486	211
483	211
483	210
482	210
482	209
481	209
481	208
475	208
475	206
474	206
474	205
472	205
472	204
470	204
470	203
469	203
469	201
465	201
465	200
464	200
464	199
462	199
462	198
460	198
460	197
458	197
458	196
457	196
457	195
454	195
454	194
453	194
453	193
451	193
451	192
450	192
450	189
442	189
442	188
440	188
440	187
439	187
439	186
438	186
438	184
437	184
437	183
435	183
435	182
431	182
431	180
429	180
429	179
427	179
427	177
426	177
426	176
425	176
425	175
424	175
424	174
423	174
423	173
421	173
421	172
420	172
420	170
416	170
416	169
415	169
415	166
414	166
414	167
413	167
413	165
412	165
412	164
410	164
410	163
408	163
408	162
407	162
407	161
406	161
406	159
405	159
405	157
404	157
404	155
403	155
403	153
406	153
406	152
407	152
407	153
409	153
409	152
410	152
410	153
419	153
419	154
420	154
420	155
425	155
425	157
429	157
429	158
433	158
433	159
435	159
435	160
436	160
436	161
442	161
442	162
446	162
446	163
448	163
448	164
449	164
449	165
454	165
454	166
455	166
455	167
461	167
461	168
465	168
465	169
466	169
466	170
468	170
468	171
473	171
473	172
475	172
475	173
480	173
480	174
486	174
486	175
489	175
489	176
490	176
490	177
493	177
493	178
501	178
501	179
502	179
502	180
509	180
509	181
514	181
514	182
524	182
524	184
538	184
538	185
544	185
544	184
545	184
545	185
553	185
553	186
558	186
558	187
568	187
568	188
570	188
570	189
578	189
578	190
581	190
581	191
618	191
618	192
627	192
627	193
629	193
629	194
630	194
630	195
636	195
636	196
637	196
637	197
649	197
649	188
661	188
661	189
668	189
668	190
676	190
676	191
681	191
681	194
689	194
689	195
697	195
697	196
700	196
700	197
712	197
712	198
714	198
714	199
715	199
715	200
720	200
720	201
726	201
726	203
730	203
730	204
733	204
733	205
735	205
735	206
737	206
737	207
746	207
746	206
747	206
747	202
746	202
746	201
747	201
747	200
746	200
746	199
747	199
747	197
746	197
746	195
745	195
745	194
744	194
744	191
743	191
743	190
742	190
742	189
741	189
741	186
743	186
743	187
744	187
744	186
747	186
747	187
754	187
754	188
758	188
758	189
764	189
764	190
765	190
765	191
770	191
770	192
771	192
771	193
772	193
772	194
773	194
773	196
774	196
774	195
775	195
775	196
776	196
776	197
777	197
777	198
780	198
780	199
781	199
781	200
784	200
784	201
787	201
787	202
788	202
788	203
791	203
791	204
793	204
793	205
796	205
796	206
800	206
800	207
805	207
805	208
807	208
807	209
809	209
809	210
813	210
813	211
814	211
814	212
817	212
817	213
822	213
822	214
823	214
823	215
826	215
826	216
828	216
828	217
830	217
830	218
831	218
831	219
841	219
841	208
840	208
840	204
839	204
839	201
838	201
838	199
841	199
841	200
845	200
845	201
846	201
846	203
851	203
851	204
853	204
853	205
855	205
855	206
856	206
856	207
858	207
858	208
859	208
859	209
861	209
861	210
862	210
862	211
864	211
864	212
865	212
865	213
867	213
867	214
870	214
870	215
871	215
871	216
872	216
872	217
873	217
873	218
874	218
874	219
878	219
878	220
879	220
879	221
881	221
881	222
889	222
889	223
893	223
893	224
894	224
894	225
896	225
896	226
897	226
897	225
898	225
898	226
901	226
901	227
909	227
909	228
910	228
910	229
913	229
913	230
915	230
915	231
921	231
921	232
924	232
924	233
928	233
928	234
939	234
939	232
946	232
946	233
953	233
953	234
954	234
954	235
960	235
960	236
962	236
962	237
966	237
966	238
971	238
971	239
972	239
972	240
978	240
978	241
984	241
984	242
985	242
985	243
992	243
992	244
993	244
993	245
995	245
995	244
996	244
996	245
997	245
997	246
998	246
998	247
1003	247
1003	248
1004	248
1004	249
1007	249
1007	250
1008	250
1008	251
1012	251
1012	253
1017	253
1017	254
1022	254
1022	255
1023	255
1023	256
1024	256
1024	257
1027	257
1027	258
1029	258
1029	259
1030	259
1030	260
1033	260
1033	261
1035	261
1035	262
1037	262
1037	263
1039	263
1039	264
1040	264
1040	265
1041	265
1041	266
1042	266
1042	267
1043	267
1043	266
1044	266
1044	267
1046	267
1046	268
1047	268
1047	269
1051	269
1051	270
1052	270
1052	271
1053	271
1053	272
1054	272
1054	273
1082	273
1082	272
1083	272
1083	271
1084	271
1084	269
1085	269
1085	268
1090	268
1090	267
1094	267
1094	265
1095	265
1095	264
1096	264
1096	263
1099	263
1099	262
1100	262
1100	261
1101	261
1101	260
1106	260
1106	258
1112	258
1112	257
1113	257
1113	256
1116	256
1116	255
1122	255
1122	254
1125	254
1125	253
1126	253
1126	252
1130	252
1130	251
1135	251
1135	249
1140	249
1140	248
1141	248
1141	247
1144	247
1144	246
1151	246
1151	244
1155	244
1155	243
1156	243
1156	242
1163	242
1163	241
1166	241
1166	240
1168	240
1168	239
1175	239
1175	238
1177	238
1177	237
1178	237
1178	236
1188	236
1188	235
1194	235
1194	234
1195	234
1195	232
1201	232
1201	231
1205	231
1205	230
1208	230
1208	229
1211	229
1211	228
1213	228
1213	227
1215	227
1215	226
1216	226
1216	225
1224	225
1224	223
1222	223
1222	222
1224	222
1224	223
1227	223
1227	222
1234	222
1234	221
1236	221
1236	219
1238	219
1238	218
1240	218
1240	221
1241	221
1241	222
1251	222
1251	221
1252	221
1252	219
1254	219
1254	218
1255	218
1255	217
1258	217
1258	216
1259	216
1259	215
1262	215
1262	214
1264	214
1264	213
1266	213
1266	212
1268	212
1268	211
1269	211
1269	210
1272	210
1272	209
1277	209
1277	207
1279	207
1279	206
1280	206
1280	207
1281	207
1281	206
1283	206
1283	205
1285	205
1285	204
1286	204
1286	203
1289	203
1289	202
1290	202
1290	201
1291	201
1291	200
1292	200
1292	198
1295	198
1295	197
1296	197
1296	196
1297	196
1297	195
1299	195
1299	194
1300	194
1300	193
1302	193
1302	192
1304	192
1304	191
1306	191
1306	189
1307	189
1307	188
1311	188
1311	186
1314	186
1314	185
1315	185
1315	184
1317	184
1317	183
1318	183
1318	182
1320	182
1320	181
1325	181
1325	180
1326	180
1326	179
1327	179
1327	178
1334	178
1334	177
1335	177
1335	176
1337	176
1337	178
1336	178
1336	196
1337	196
1337	197
1346	197
1346	195
1347	195
1347	194
1349	194
1349	193
1350	193
1350	192
1351	192
1351	191
1353	191
1353	187
1360	187
1360	186
1365	186
1365	185
1367	185
1367	184
1371	184
1371	183
1372	183
1372	182
1379	182
1379	181
1378	181
1378	179
1380	179
1380	178
1384	178
1384	176
1385	176
1385	175
1387	175
1387	174
1390	174
1390	173
1392	173
1392	172
1395	172
1395	171
1397	171
1397	169
1399	169
1399	168
1400	168
1400	167
1403	167
1403	166
1405	166
1405	165
1406	165
1406	164
1407	164
1407	163
1411	163
1411	162
1413	162
1413	161
1414	161
1414	160
1416	160
1416	159
1421	159
1421	158
1424	158
1424	157
1429	157
1429	156
1435	156
1435	157
1434	157
1434	158
1433	158
1433	175
1439	175
1439	176
1440	176
1440	175
1442	175
1442	176
1443	176
1443	175
1447	175
1447	174
1449	174
1449	173
1453	173
1453	172
1458	172
1458	171
1460	171
1460	170
1466	170
1466	169
1472	169
1472	168
1479	168
1479	167
1482	167
1482	166
1490	166
1490	165
1493	165
1493	164
1505	164
1505	163
1508	163
1508	162
1513	162
1513	161
1514	161
1514	160
1518	160
1518	159
1524	159
1524	158
1526	158
1526	157
1532	157
1532	156
1533	156
1533	157
1534	157
1534	156
1536	156
1536	155
1542	155
1542	154
1544	154
1544	156
1543	156
1543	166
1544	166
1544	167
1553	167
1553	166
1557	166
1557	165
1561	165
1561	163
1563	163
1563	162
1566	162
1566	161
1572	161
1572	160
1574	160
1574	159
1580	159
1580	158
1581	158
1581	157
1582	157
1582	156
1590	156
1590	155
1599	155
1599	153
1611	153
1611	151
1612	151
1612	150
1620	150
1620	149
1621	149
1621	148
1631	148
1631	147
1632	147
1632	146
1640	146
1640	145
1641	145
1641	144
1642	144
1642	143
1643	143
1643	142
1651	142
1651	141
1652	141
1652	140
1657	140
1657	139
1662	139
1662	138
1663	138
1663	137
1670	137
1670	136
1673	136
1673	135
1675	135
1675	134
1680	134
1680	133
1681	133
1681	131
1685	131
1685	130
1691	130
1691	129
1694	129
1694	128
1695	128
1695	127
1700	127
1700	126
1703	126
1703	125
1704	125
1704	124
1706	124
1706	123
1707	123
1707	122
1709	122
1709	121
1717	121
1717	118
1722	118
1722	117
1724	117
1724	118
1725	118
1725	117
1727	117
1727	116
1726	116
1726	115
1729	115
1729	114
1732	114
1732	113
1736	113
1736	112
1738	112
1738	110
1741	110
1741	109
1743	109
1743	108
1745	108
1745	106
1749	106
1749	102
1762	102
1762	101
1763	101
1763	100
1764	100
1764	101
1765	101
1765	100
1767	100
1767	98
1775	98
1775	97
1788	97
1788	101
1787	101
1787	103
1785	103
1785	106
1782	106
1782	107
1781	107
1781	109
1780	109
1780	110
1779	110
1779	111
1778	111
1778	113
1775	113
1775	114
1774	114
1774	115
1773	115
1773	117
1772	117
1772	119
1768	119
1768	120
1766	120
1766	121
1767	121
1767	122
1765	122
1765	123
1764	123
1764	125
1762	125
1762	126
1760	126
1760	127
1758	127
1758	128
1757	128
1757	129
1756	129
1756	130
1754	130
1754	131
1753	131
1753	132
1749	132
1749	134
1748	134
1748	136
1745	136
1745	137
1743	137
1743	138
1742	138
1742	140
1740	140
1740	141
1737	141
1737	143
1736	143
1736	145
1735	145
1735	147
1733	147
1733	148
1730	148
1730	149
1727	149
1727	150
1724	150
1724	151
1723	151
1723	154
1722	154
1722	155
1719	155
1719	156
1717	156
1717	157
1715	157
1715	158
1714	158
1714	159
1713	159
1713	160
1711	160
1711	161
1709	161
1709	162
1708	162
1708	161
1707	161
1707	163
1705	163
1705	165
1703	165
1703	166
1702	166
1702	168
1699	168
1699	169
1697	169
1697	170
1692	170
1692	173
1691	173
1691	174
1689	174
1689	175
1687	175
1687	176
1686	176
1686	177
1685	177
1685	179
1684	179
1684	180
1683	180
1683	181
1681	181
1681	182
1679	182
1679	184
1678	184
1678	185
1677	185
1677	186
1674	186
1674	187
1672	187
1672	188
1668	188
1668	189
1666	189
1666	190
1665	190
1665	191
1662	191
1662	193
1661	193
1661	194
1657	194
1657	195
1655	195
1655	196
1654	196
1654	197
1653	197
1653	198
1652	198
1652	199
1651	199
1651	200
1649	200
1649	201
1647	201
1647	202
1646	202
1646	203
1645	203
1645	204
1644	204
1644	205
1643	205
1643	206
1640	206
1640	207
1638	207
1638	208
1636	208
1636	209
1635	209
1635	211
1634	211
1634	212
1629	212
1629	214
1623	214
1623	215
1622	215
1622	217
1620	217
1620	218
1618	218
1618	219
1615	219
1615	220
1614	220
1614	229
1615	229
1615	231
1614	231
1614	232
1613	232
1613	233
1610	233
1610	236
1608	236
1608	237
1605	237
1605	238
1604	238
1604	239
1598	239
1598	240
1597	240
1597	241
1595	241
1595	242
1591	242
1591	243
1588	243
1588	244
1585	244
1585	245
1582	245
1582	248
1573	248
1573	249
1570	249
1570	250
1565	250
1565	251
1562	251
1562	252
1554	252
1554	253
1553	253
1553	254
1554	254
1554	255
1540	255
1540	266
1541	266
1541	267
1543	267
1543	269
1544	269
1544	270
1545	270
1545	271
1543	271
1543	272
1541	272
1541	274
1536	274
1536	275
1531	275
1531	276
1510	276
1510	277
1500	277
1500	278
1496	278
1496	279
1476	279
1476	280
1475	280
1475	291
1476	291
1476	292
1477	292
1477	294
1476	294
1476	295
1474	295
1474	296
1465	296
1465	297
1463	297
1463	298
1459	298
1459	297
1456	297
1456	298
1455	298
1455	297
1453	297
1453	296
1419	296
1419	307
1417	307
1417	308
1415	308
1415	309
1401	309
1401	310
1397	310
1397	309
1389	309
1389	308
1384	308
1384	307
1377	307
1377	306
1364	306
1364	317
1368	317
1368	319
1364	319
1364	320
1350	320
1350	319
1340	319
1340	318
1334	318
1334	317
1328	317
1328	316
1326	316
1326	315
1312	315
1312	314
1294	314
1294	329
1295	329
1295	330
1307	330
1307	329
1310	329
1310	328
1318	328
1318	327
1320	327
1320	328
1326	328
1326	329
1328	329
1328	332
1327	332
1327	333
1326	333
1326	334
1325	334
1325	336
1324	336
1324	345
1325	345
1325	346
1336	346
1336	348
1337	348
1337	347
1341	347
1341	348
1346	348
1346	349
1350	349
1350	350
1355	350
1355	351
1370	351
1370	352
1381	352
1381	351
1393	351
1393	352
1402	352
1402	353
1404	353
1404	354
1406	354
1406	355
1408	355
1408	358
1406	358
1406	359
1403	359
1403	360
1402	360
1402	362
1401	362
1401	365
1400	365
1400	366
1401	366
1401	367
1400	367
1400	372
1401	372
1401	373
1402	373
1402	374
1404	374
1404	373
1408	373
1408	374
1420	374
1420	375
1423	375
1423	376
1426	376
1426	375
1428	375
1428	376
1434	376
1434	377
1441	377
1441	379
1451	379
1451	380
1461	380
1461	382
1464	382
1464	383
1466	383
1466	384
1470	384
1470	385
1472	385
1472	386
1474	386
1474	387
1476	387
1476	389
1477	389
1477	390
1480	390
1480	391
1483	391
1483	392
1484	392
1484	393
1486	393
1486	395
1484	395
1484	396
1481	396
1481	397
1478	397
1478	398
1477	398
1477	399
1476	399
1476	400
1475	400
1475	410
1485	410
1485	411
1491	411
1491	412
1492	412
1492	413
1494	413
1494	414
1498	414
1498	415
1504	415
1504	416
1505	416
1505	417
1509	417
1509	418
1525	418
1525	419
1531	419
1531	421
1534	421
1534	422
1537	422
1537	423
1538	423
1538	424
1542	424
1542	425
1545	425
1545	426
1546	426
1546	427
1547	427
1547	428
1550	428
1550	429
1551	429
1551	430
1552	430
1552	431
1553	431
1553	434
1551	434
1551	435
1547	435
1547	437
1546	437
1546	436
1545	436
1545	439
1544	439
1544	440
1543	440
1543	441
1542	441
1542	450
1543	450
1543	451
1547	451
1547	452
1550	452
1550	453
1560	453
1560	454
1566	454
1566	455
1567	455
1567	456
1572	456
1572	457
1574	457
1574	458
1575	458
1575	460
1576	460
1576	459
1585	459
1585	460
1588	460
1588	461
1591	461
1591	462
1592	462
1592	463
1599	463
1599	464
1603	464
1603	465
1606	465
1606	466
1608	466
1608	467
1609	467
1609	468
1610	468
1610	471
1615	471
1615	472
1616	472
1616	473
1617	473
1617	475
1619	475
1619	476
1620	476
1620	477
1622	477
1622	479
1617	479
1617	480
1616	480
1616	481
1614	481
1614	482
1612	482
1612	483
1611	483
1611	484
1610	484
1610	485
1609	485
1609	486
1608	486
1608	487
1607	487
1607	489
1605	489
1605	500
1618	500
1618	501
1623	501
1623	502
1625	502
1625	503
1630	503
1630	504
1634	504
1634	505
1635	505
1635	506
1636	506
1636	507
1641	507
1641	508
1643	508
1643	509
1644	509
1644	508
1646	508
1646	509
1651	509
1651	510
1654	510
1654	512
1662	512
1662	513
1663	513
1663	514
1664	514
1664	515
1669	515
1669	516
1673	516
1673	518
1674	518
1674	519
1679	519
1679	522
1681	522
1681	523
1682	523
1682	524
1684	524
1684	526
1686	526
1686	527
1687	527
1687	529
1689	529
1689	531
1690	531
1690	532
1692	532
1692	534
1691	534
1691	535
1685	535
1685	537
1684	537
1684	538
1682	538
1682	539
1681	539
1681	541
1679	541
1679	542
1676	542
1676	543
1675	543
1675	554
1677	554
1677	555
1678	555
1678	556
1686	556
1686	557
1688	557
1688	558
1692	558
1692	559
1700	559
1700	561
1701	561
1701	562
1704	562
1704	563
1710	563
1710	566
1716	566
1716	567
1717	567
1717	570
1721	570
1721	572
1724	572
1724	573
1729	573
