1189	843
1193	843
1193	848
1195	848
1195	849
1196	849
1196	851
1198	851
1198	852
1199	852
1199	855
1202	855
1202	856
1203	856
1203	857
1204	857
1204	858
1205	858
1205	863
1206	863
1206	864
1207	864
1207	868
1208	868
1208	870
1209	870
1209	873
1211	873
1211	874
1214	874
1214	873
1215	873
1215	878
1216	878
1216	879
1217	879
1217	880
1219	880
1219	879
1220	879
1220	880
1222	880
1222	882
1224	882
1224	888
1226	888
1226	889
1229	889
1229	891
1228	891
1228	892
1229	892
1229	894
1228	894
1228	896
1229	896
1229	898
1233	898
1233	903
1234	903
1234	904
1235	904
1235	907
1236	907
1236	908
1237	908
1237	909
1238	909
1238	911
1239	911
1239	915
1238	915
1238	917
1233	917
1233	916
1232	916
1232	917
1230	917
1230	918
1229	918
1229	919
1225	919
1225	920
1223	920
1223	921
1220	921
1220	922
1217	922
1217	923
1215	923
1215	924
1206	924
1206	925
1205	925
1205	926
1203	926
1203	927
1200	927
1200	945
1204	945
1204	948
1205	948
1205	949
1204	949
1204	950
1205	950
1205	952
1206	952
1206	953
1207	953
1207	954
1208	954
1208	955
1209	955
1209	956
1213	956
1213	958
1214	958
1214	960
1215	960
1215	965
1219	965
1219	966
1220	966
1220	968
1219	968
1219	969
1220	969
1220	971
1219	971
1219	972
1220	972
1220	975
1223	975
1223	976
1224	976
1224	977
1225	977
1225	979
1226	979
1226	980
1227	980
1227	989
1229	989
1229	990
1231	990
1231	991
1232	991
1232	992
1233	992
1233	993
1234	993
1234	994
1235	994
1235	1004
1237	1004
1237	1005
1238	1005
1238	1010
1239	1010
1239	1013
1241	1013
1241	1019
1242	1019
1242	1021
1243	1021
1243	1023
1244	1023
1244	1025
1245	1025
1245	1027
1246	1027
1246	1030
1247	1030
1247	1031
1248	1031
1248	1032
1249	1032
1249	1034
1250	1034
1250	1036
1251	1036
1251	1045
1252	1045
1252	1047
1254	1047
1254	1048
1255	1048
1255	1052
1257	1052
1257	1054
1258	1054
1258	1057
1257	1057
1257	1059
1258	1059
1258	1061
1259	1061
1259	1062
1260	1062
1260	1063
1261	1063
1261	1064
1262	1064
1262	1067
1263	1067
1263	1070
1264	1070
1264	1071
1265	1071
1265	1075
1266	1075
1266	1077
1267	1077
1267	1080
1268	1080
1268	1081
1269	1081
1269	1082
1270	1082
1270	1083
1271	1083
1271	1089
1272	1089
1272	1092
1273	1092
1273	1093
1274	1093
1274	1095
1275	1095
1275	1100
1276	1100
1276	1109
1277	1109
1277	1117
1274	1117
1274	1118
1268	1118
1268	1119
1267	1119
1267	1120
1265	1120
1265	1121
1262	1121
1262	1122
1259	1122
1259	1123
1257	1123
1257	1124
1255	1124
1255	1125
1249	1125
1249	1126
1248	1126
1248	1127
1244	1127
1244	1128
1239	1128
1239	1131
1237	1131
1237	1132
1236	1132
1236	1153
1237	1153
1237	1154
1238	1154
1238	1156
1241	1156
1241	1157
1246	1157
1246	1159
1247	1159
1247	1160
1248	1160
1248	1161
1249	1161
1249	1162
1250	1162
1250	1167
1251	1167
1251	1168
1253	1168
1253	1171
1254	1171
1254	1174
1255	1174
1255	1176
1256	1176
1256	1177
1257	1177
1257	1179
1258	1179
1258	1180
1259	1180
1259	1182
1260	1182
1260	1187
1261	1187
1261	1190
1262	1190
1262	1195
1263	1195
1263	1197
1264	1197
1264	1204
1265	1204
1265	1208
1266	1208
1266	1212
1267	1212
1267	1216
1268	1216
1268	1220
1269	1220
1269	1223
1270	1223
1270	1224
1271	1224
1271	1226
1272	1226
1272	1231
1273	1231
1273	1236
1274	1236
1274	1237
1275	1237
1275	1238
1276	1238
1276	1240
1277	1240
1277	1245
1278	1245
1278	1247
1279	1247
1279	1251
1280	1251
1280	1253
1281	1253
1281	1256
1282	1256
1282	1260
1283	1260
1283	1262
1284	1262
1284	1263
1283	1263
1283	1264
1284	1264
1284	1265
1285	1265
1285	1270
1286	1270
1286	1271
1287	1271
1287	1272
1286	1272
1286	1273
1287	1273
1287	1274
1288	1274
1288	1283
1289	1283
1289	1288
1290	1288
1290	1289
1289	1289
1289	1291
1288	1291
1288	1293
1287	1293
1287	1307
1286	1307
1286	1308
1277	1308
1277	1309
1273	1309
1273	1310
1272	1310
1272	1311
1259	1311
1259	1312
1258	1312
1258	1314
1257	1314
1257	1315
1250	1315
1250	1316
1249	1316
1249	1315
1248	1315
1248	1316
1247	1316
1247	1330
1248	1330
1248	1332
1249	1332
1249	1333
1251	1333
1251	1335
1252	1335
1252	1337
1253	1337
1253	1341
1254	1341
1254	1342
1257	1342
1257	1345
1258	1345
1258	1348
1257	1348
1257	1349
1258	1349
1258	1350
1259	1350
1259	1351
1260	1351
1260	1352
1261	1352
1261	1357
1262	1357
1262	1358
1263	1358
1263	1360
1264	1360
1264	1361
1265	1361
1265	1366
1266	1366
1266	1368
1267	1368
1267	1376
1268	1376
1268	1382
1269	1382
1269	1385
1270	1385
1270	1391
1271	1391
1271	1399
1272	1399
1272	1408
1273	1408
1273	1411
1274	1411
1274	1417
1275	1417
1275	1418
1276	1418
1276	1423
1277	1423
1277	1452
1276	1452
1276	1454
1275	1454
1275	1457
1274	1457
1274	1459
1275	1459
1275	1460
1274	1460
1274	1461
1273	1461
1273	1463
1272	1463
1272	1465
1271	1465
1271	1468
1270	1468
1270	1470
1257	1470
1257	1472
1249	1472
1249	1474
1248	1474
1248	1475
1232	1475
1232	1476
1231	1476
1231	1475
1227	1475
1227	1476
1222	1476
1222	1478
1221	1478
1221	1491
1222	1491
1222	1492
1225	1492
1225	1494
1226	1494
1226	1496
1227	1496
1227	1498
1228	1498
1228	1499
1229	1499
1229	1503
1228	1503
1228	1504
1229	1504
1229	1506
1231	1506
1231	1507
1232	1507
1232	1508
1233	1508
1233	1516
1234	1516
1234	1518
1235	1518
1235	1520
1236	1520
1236	1526
1237	1526
1237	1528
1238	1528
1238	1544
1239	1544
1239	1545
1240	1545
1240	1548
1241	1548
1241	1555
1242	1555
1242	1565
1243	1565
1243	1568
1242	1568
1242	1577
1243	1577
1243	1585
1242	1585
1242	1601
1241	1601
1241	1607
1240	1607
1240	1611
1239	1611
1239	1615
1238	1615
1238	1620
1236	1620
1236	1621
1235	1621
1235	1628
1234	1628
1234	1629
1233	1629
1233	1632
1232	1632
1232	1633
1224	1633
1224	1632
1223	1632
1223	1633
1220	1633
1220	1634
1217	1634
1217	1635
1216	1635
1216	1634
1208	1634
1208	1635
1205	1635
1205	1634
1189	1634
1189	1635
1188	1635
1188	1649
1189	1649
1189	1652
1190	1652
1190	1660
1191	1660
1191	1661
1193	1661
1193	1667
1195	1667
1195	1681
1196	1681
1196	1689
1197	1689
1197	1704
1198	1704
1198	1708
1197	1708
1197	1719
1196	1719
1196	1720
1197	1720
1197	1728
1196	1728
1196	1732
1195	1732
1195	1737
1194	1737
1194	1740
1193	1740
1193	1742
1192	1742
1192	1746
1191	1746
1191	1748
1190	1748
1190	1750
1189	1750
1189	1751
1188	1751
1188	1754
1187	1754
1187	1755
1185	1755
1185	1756
1184	1756
1184	1757
1183	1757
1183	1758
1182	1758
1182	1759
1181	1759
1181	1760
1178	1760
1178	1759
1176	1759
1176	1758
1173	1758
1173	1757
1172	1757
1172	1756
1150	1756
1150	1757
1149	1757
1149	1774
1150	1774
1150	1776
1151	1776
1151	1799
1150	1799
1150	1804
1149	1804
1149	1810
1148	1810
1148	1819
1147	1819
1147	1821
1146	1821
1146	1822
1145	1822
1145	1824
1144	1824
1144	1830
1143	1830
1143	1833
1142	1833
1142	1834
1141	1834
1141	1837
1140	1837
1140	1838
1139	1838
1139	1840
1138	1840
1138	1842
1136	1842
1136	1844
1135	1844
1135	1846
1134	1846
1134	1848
1133	1848
1133	1849
1132	1849
1132	1850
1128	1850
1128	1849
1111	1849
1111	1850
1110	1850
1110	1857
1109	1857
1109	1863
1108	1863
1108	1872
1107	1872
1107	1877
1106	1877
1106	1880
1105	1880
1105	1881
1104	1881
1104	1882
1103	1882
1103	1890
1102	1890
1102	1891
1100	1891
1100	1894
1099	1894
1099	1895
1098	1895
1098	1899
1097	1899
1097	1900
1095	1900
1095	1901
1094	1901
1094	1907
1093	1907
1093	1908
1092	1908
1092	1909
1091	1909
1091	1912
1090	1912
1090	1914
1089	1914
1089	1916
1088	1916
1088	1919
1087	1919
1087	1923
1086	1923
1086	1933
1085	1933
1085	1936
1084	1936
1084	1939
1083	1939
1083	1941
1082	1941
1082	1942
1081	1942
1081	1943
1080	1943
1080	1944
1079	1944
1079	1947
1078	1947
1078	1948
1077	1948
1077	1949
1076	1949
1076	1950
1074	1950
1074	1949
1073	1949
1073	1946
1072	1946
1072	1945
1071	1945
1071	1944
1070	1944
1070	1942
1069	1942
1069	1941
1068	1941
1068	1939
1067	1939
1067	1938
1066	1938
1066	1937
1064	1937
1064	1936
1063	1936
1063	1935
1062	1935
1062	1932
1061	1932
1061	1931
1060	1931
1060	1930
1059	1930
1059	1928
1058	1928
1058	1927
1057	1927
1057	1925
1056	1925
1056	1924
1055	1924
1055	1922
1054	1922
1054	1920
1053	1920
1053	1917
1052	1917
1052	1914
1051	1914
1051	1913
1050	1913
1050	1911
1049	1911
1049	1910
1047	1910
1047	1908
1046	1908
1046	1903
1045	1903
1045	1902
1039	1902
1039	1901
1038	1901
1038	1900
1039	1900
1039	1899
1038	1899
1038	1886
1037	1886
1037	1882
1035	1882
1035	1881
1034	1881
1034	1877
1033	1877
1033	1876
1032	1876
1032	1875
1031	1875
1031	1872
1030	1872
1030	1869
1029	1869
1029	1866
1028	1866
1028	1862
1027	1862
1027	1861
1026	1861
1026	1858
1025	1858
1025	1857
1024	1857
1024	1856
1025	1856
1025	1855
1024	1855
1024	1851
1023	1851
1023	1848
1022	1848
1022	1846
1021	1846
1021	1843
1020	1843
1020	1840
1019	1840
1019	1835
1018	1835
1018	1833
1017	1833
1017	1829
1016	1829
1016	1824
1015	1824
1015	1817
1014	1817
1014	1809
1013	1809
1013	1808
995	1808
995	1809
994	1809
994	1810
988	1810
988	1811
987	1811
987	1812
985	1812
985	1813
981	1813
981	1814
975	1814
975	1813
974	1813
974	1812
975	1812
975	1811
972	1811
972	1809
971	1809
971	1808
970	1808
970	1805
969	1805
969	1804
967	1804
967	1802
966	1802
966	1800
965	1800
965	1799
964	1799
964	1797
963	1797
963	1794
962	1794
962	1791
961	1791
961	1790
960	1790
960	1785
958	1785
958	1784
957	1784
957	1780
956	1780
956	1775
955	1775
955	1773
953	1773
953	1767
952	1767
952	1765
951	1765
951	1758
950	1758
950	1756
949	1756
949	1755
948	1755
948	1736
949	1736
949	1735
948	1735
948	1720
947	1720
947	1719
932	1719
932	1720
928	1720
928	1721
913	1721
913	1722
912	1722
912	1723
911	1723
911	1722
910	1722
910	1723
904	1723
904	1724
903	1724
903	1723
902	1723
902	1722
901	1722
901	1721
900	1721
900	1720
899	1720
899	1718
898	1718
898	1717
897	1717
897	1715
896	1715
896	1714
895	1714
895	1711
894	1711
894	1709
893	1709
893	1708
892	1708
892	1706
891	1706
891	1705
892	1705
892	1703
891	1703
891	1702
889	1702
889	1697
888	1697
888	1695
887	1695
887	1692
886	1692
886	1688
884	1688
884	1681
883	1681
883	1674
882	1674
882	1673
881	1673
881	1669
880	1669
880	1660
879	1660
879	1640
880	1640
880	1639
879	1639
879	1638
880	1638
880	1636
881	1636
881	1631
882	1631
882	1630
883	1630
883	1623
884	1623
884	1622
885	1622
885	1621
886	1621
886	1618
885	1618
885	1616
886	1616
886	1607
885	1607
885	1606
869	1606
869	1607
865	1607
865	1608
864	1608
864	1607
848	1607
848	1608
839	1608
839	1607
838	1607
838	1605
837	1605
837	1604
836	1604
836	1602
835	1602
835	1601
836	1601
836	1600
835	1600
835	1594
834	1594
834	1582
832	1582
832	1581
831	1581
831	1576
830	1576
830	1566
828	1566
828	1563
827	1563
827	1562
828	1562
828	1560
827	1560
827	1557
826	1557
826	1546
825	1546
825	1498
826	1498
826	1497
827	1497
827	1493
828	1493
828	1486
829	1486
829	1484
830	1484
830	1480
831	1480
831	1479
832	1479
832	1478
833	1478
833	1477
834	1477
834	1476
835	1476
835	1475
836	1475
836	1471
837	1471
837	1456
832	1456
832	1455
831	1455
831	1456
829	1456
829	1455
828	1455
828	1454
826	1454
826	1453
824	1453
824	1452
818	1452
818	1451
811	1451
811	1450
807	1450
807	1449
806	1449
806	1448
805	1448
805	1447
803	1447
803	1446
796	1446
796	1445
792	1445
792	1444
791	1444
791	1443
789	1443
789	1442
788	1442
788	1436
787	1436
787	1434
786	1434
786	1400
787	1400
787	1390
786	1390
786	1389
787	1389
787	1386
788	1386
788	1381
789	1381
789	1372
790	1372
790	1371
791	1371
791	1366
792	1366
792	1362
793	1362
793	1361
795	1361
795	1360
796	1360
796	1343
797	1343
797	1342
798	1342
798	1341
799	1341
799	1340
800	1340
800	1339
801	1339
801	1332
802	1332
802	1329
803	1329
803	1328
804	1328
804	1325
805	1325
805	1323
807	1323
807	1321
808	1321
808	1320
809	1320
809	1313
810	1313
810	1312
811	1312
811	1310
812	1310
812	1308
814	1308
814	1307
815	1307
815	1305
816	1305
816	1302
817	1302
817	1301
819	1301
819	1297
821	1297
821	1294
822	1294
822	1290
821	1290
821	1289
822	1289
822	1284
821	1284
821	1282
817	1282
817	1281
811	1281
811	1280
808	1280
808	1279
803	1279
803	1278
801	1278
801	1277
800	1277
800	1276
796	1276
796	1274
795	1274
795	1273
792	1273
792	1272
789	1272
789	1271
786	1271
786	1270
783	1270
783	1269
779	1269
779	1268
778	1268
778	1264
777	1264
777	1262
778	1262
778	1261
777	1261
777	1260
778	1260
778	1258
779	1258
779	1256
780	1256
780	1250
781	1250
781	1249
782	1249
782	1247
783	1247
783	1239
784	1239
784	1237
785	1237
785	1235
786	1235
786	1227
787	1227
787	1225
788	1225
788	1224
789	1224
789	1223
791	1223
791	1217
792	1217
792	1210
793	1210
793	1209
794	1209
794	1208
795	1208
795	1207
796	1207
796	1201
797	1201
797	1199
798	1199
798	1193
799	1193
799	1192
801	1192
801	1188
802	1188
802	1182
803	1182
803	1179
804	1179
804	1177
805	1177
805	1171
806	1171
806	1164
807	1164
807	1162
808	1162
808	1151
809	1151
809	1145
812	1145
812	1144
813	1144
813	1143
815	1143
815	1141
816	1141
816	1139
815	1139
815	1138
816	1138
816	1136
818	1136
818	1135
819	1135
819	1130
821	1130
821	1127
822	1127
822	1126
821	1126
821	1125
822	1125
822	1124
823	1124
823	1123
824	1123
824	1122
826	1122
826	1120
830	1120
830	1118
831	1118
831	1116
833	1116
833	1115
834	1115
834	1114
835	1114
835	1099
830	1099
830	1098
829	1098
829	1097
827	1097
827	1098
826	1098
826	1097
825	1097
825	1096
824	1096
824	1095
816	1095
816	1094
815	1094
815	1093
810	1093
810	1092
804	1092
804	1091
803	1091
803	1090
801	1090
801	1089
800	1089
800	1090
799	1090
799	1089
797	1089
797	1088
790	1088
790	1084
789	1084
789	1081
790	1081
790	1074
791	1074
791	1059
792	1059
792	1057
793	1057
793	1055
794	1055
794	1054
795	1054
795	1053
797	1053
797	1046
798	1046
798	1045
797	1045
797	1042
798	1042
798	1041
799	1041
799	1040
800	1040
800	1039
801	1039
801	1037
802	1037
802	1036
803	1036
803	1034
804	1034
804	1033
805	1033
805	1032
806	1032
806	1026
807	1026
807	1025
808	1025
808	1024
809	1024
809	1020
810	1020
810	1018
811	1018
811	1016
812	1016
812	1014
813	1014
813	1012
812	1012
812	1010
813	1010
813	1009
815	1009
815	1004
816	1004
816	1003
817	1003
817	992
818	992
818	991
820	991
820	989
821	989
821	988
820	988
820	986
821	986
821	983
823	983
823	979
824	979
824	977
825	977
825	973
826	973
826	968
827	968
827	965
828	965
828	963
829	963
829	962
830	962
830	956
831	956
831	954
832	954
832	947
833	947
833	946
834	946
834	940
835	940
835	939
836	939
836	938
837	938
837	936
838	936
838	932
839	932
839	930
840	930
840	928
841	928
841	927
843	927
843	926
844	926
844	917
845	917
845	916
846	916
846	915
847	915
847	913
848	913
848	912
849	912
849	910
850	910
850	908
852	908
852	907
853	907
853	906
854	906
854	905
853	905
853	904
854	904
854	896
855	896
855	895
857	895
857	894
859	894
859	893
860	893
860	892
861	892
861	890
862	890
862	889
863	889
863	886
864	886
864	884
865	884
865	878
868	878
868	876
869	876
869	862
868	862
868	861
838	861
838	862
836	862
836	863
824	863
824	864
823	864
823	866
821	866
821	867
820	867
820	869
819	869
819	876
815	876
815	877
814	877
814	890
813	890
813	891
812	891
812	892
811	892
811	896
809	896
809	897
810	897
810	898
809	898
809	900
810	900
810	901
809	901
809	903
808	903
808	908
807	908
807	909
806	909
806	911
805	911
805	916
804	916
804	921
803	921
803	924
802	924
802	925
801	925
801	927
800	927
800	934
799	934
799	935
798	935
798	936
799	936
799	941
798	941
798	943
797	943
797	944
795	944
795	945
794	945
794	953
793	953
793	954
791	954
791	961
790	961
790	963
789	963
789	969
787	969
787	970
786	970
786	971
785	971
785	973
784	973
784	974
781	974
781	977
779	977
779	978
778	978
778	979
777	979
777	980
775	980
775	981
774	981
774	982
773	982
773	984
771	984
771	985
770	985
770	986
769	986
769	985
767	985
767	983
766	983
766	982
765	982
765	981
764	981
764	980
761	980
761	978
759	978
759	977
755	977
755	976
754	976
754	975
752	975
752	974
751	974
751	973
749	973
749	972
748	972
748	971
747	971
747	970
745	970
745	969
743	969
743	968
728	968
728	972
727	972
727	992
726	992
726	1001
725	1001
725	1002
723	1002
723	1010
721	1010
721	1011
720	1011
720	1014
719	1014
719	1015
717	1015
717	1021
715	1021
715	1022
714	1022
714	1023
713	1023
713	1025
714	1025
714	1026
713	1026
713	1028
712	1028
712	1030
711	1030
711	1031
708	1031
708	1033
707	1033
707	1040
705	1040
705	1041
704	1041
704	1042
703	1042
703	1048
702	1048
702	1050
700	1050
700	1051
699	1051
699	1053
700	1053
700	1057
698	1057
698	1058
697	1058
697	1059
696	1059
696	1060
694	1060
694	1061
693	1061
693	1069
689	1069
689	1070
688	1070
688	1072
687	1072
687	1075
688	1075
688	1076
687	1076
687	1079
684	1079
684	1084
683	1084
683	1087
682	1087
682	1088
681	1088
681	1089
678	1089
678	1098
676	1098
676	1100
675	1100
675	1101
674	1101
674	1102
673	1102
673	1105
672	1105
672	1107
670	1107
670	1108
669	1108
669	1109
668	1109
668	1112
666	1112
666	1113
665	1113
665	1115
660	1115
660	1116
659	1116
659	1118
657	1118
657	1121
656	1121
656	1122
654	1122
654	1123
653	1123
653	1124
652	1124
652	1125
650	1125
650	1126
649	1126
649	1127
646	1127
646	1126
645	1126
645	1125
643	1125
643	1124
640	1124
640	1123
639	1123
639	1122
634	1122
634	1121
632	1121
632	1120
631	1120
631	1118
622	1118
622	1116
621	1116
621	1115
620	1115
620	1114
603	1114
603	1116
602	1116
602	1118
601	1118
601	1131
600	1131
600	1133
599	1133
599	1134
598	1134
598	1136
597	1136
597	1137
598	1137
598	1139
597	1139
597	1140
596	1140
596	1143
595	1143
595	1144
594	1144
594	1147
592	1147
592	1149
591	1149
591	1156
588	1156
588	1159
587	1159
587	1160
586	1160
586	1161
585	1161
585	1162
584	1162
584	1163
585	1163
585	1166
582	1166
582	1170
581	1170
581	1171
580	1171
580	1172
579	1172
579	1173
578	1173
578	1175
574	1175
574	1176
572	1176
572	1182
571	1182
571	1184
569	1184
569	1185
567	1185
567	1187
566	1187
566	1188
563	1188
563	1190
562	1190
562	1193
561	1193
561	1194
560	1194
560	1196
557	1196
557	1200
556	1200
556	1202
555	1202
555	1203
554	1203
554	1204
553	1204
553	1205
549	1205
549	1208
548	1208
548	1209
547	1209
547	1210
546	1210
546	1211
545	1211
545	1213
544	1213
544	1214
542	1214
542	1215
540	1215
540	1217
539	1217
539	1218
538	1218
538	1219
536	1219
536	1220
535	1220
535	1221
534	1221
534	1222
533	1222
533	1223
532	1223
532	1224
528	1224
528	1226
527	1226
527	1227
526	1227
526	1228
524	1228
524	1229
523	1229
523	1231
522	1231
522	1232
513	1232
513	1231
512	1231
512	1230
509	1230
509	1229
506	1229
506	1228
505	1228
505	1227
501	1227
501	1226
499	1226
499	1225
498	1225
498	1224
494	1224
494	1223
493	1223
493	1222
491	1222
491	1221
477	1221
477	1222
476	1222
476	1227
475	1227
475	1233
474	1233
474	1234
473	1234
473	1236
472	1236
472	1242
470	1242
470	1244
466	1244
466	1252
465	1252
465	1254
464	1254
464	1256
463	1256
463	1257
462	1257
462	1258
461	1258
461	1260
460	1260
460	1262
459	1262
459	1263
456	1263
456	1265
455	1265
455	1266
456	1266
456	1268
455	1268
455	1269
454	1269
454	1272
452	1272
452	1273
447	1273
447	1274
446	1274
446	1277
445	1277
445	1279
443	1279
443	1280
441	1280
441	1281
440	1281
440	1282
437	1282
437	1283
436	1283
436	1286
435	1286
435	1287
434	1287
434	1288
433	1288
433	1289
432	1289
432	1291
431	1291
431	1292
428	1292
428	1293
427	1293
427	1294
426	1294
426	1295
425	1295
425	1296
424	1296
424	1297
423	1297
423	1298
418	1298
418	1299
417	1299
417	1303
415	1303
415	1304
414	1304
414	1305
409	1305
409	1306
408	1306
408	1307
407	1307
407	1309
406	1309
406	1310
403	1310
403	1311
398	1311
398	1315
396	1315
396	1316
394	1316
394	1315
392	1315
392	1316
391	1316
391	1317
390	1317
390	1318
388	1318
388	1319
381	1319
381	1317
380	1317
380	1316
379	1316
379	1315
378	1315
378	1313
376	1313
376	1311
374	1311
374	1310
373	1310
373	1309
371	1309
371	1308
369	1308
369	1307
367	1307
367	1305
366	1305
366	1304
364	1304
364	1303
361	1303
361	1302
350	1302
350	1301
349	1301
349	1302
347	1302
347	1303
346	1303
346	1308
345	1308
345	1310
344	1310
344	1311
341	1311
341	1312
340	1312
340	1319
339	1319
339	1320
338	1320
338	1321
337	1321
337	1322
336	1322
336	1323
335	1323
335	1325
334	1325
334	1326
333	1326
333	1327
332	1327
332	1328
330	1328
330	1330
329	1330
329	1333
325	1333
325	1334
324	1334
324	1335
323	1335
323	1337
322	1337
322	1338
321	1338
321	1339
320	1339
320	1340
315	1340
315	1341
314	1341
314	1344
313	1344
313	1346
312	1346
312	1347
310	1347
310	1348
308	1348
308	1349
302	1349
302	1350
301	1350
301	1354
297	1354
297	1355
296	1355
296	1356
294	1356
294	1357
292	1357
292	1358
291	1358
291	1359
285	1359
285	1360
273	1360
273	1362
272	1362
272	1363
271	1363
271	1364
264	1364
264	1363
260	1363
260	1361
259	1361
259	1360
258	1360
258	1355
257	1355
257	1354
256	1354
256	1352
255	1352
255	1350
240	1350
240	1352
239	1352
239	1353
240	1353
240	1354
238	1354
238	1357
237	1357
237	1359
235	1359
235	1360
234	1360
234	1361
233	1361
233	1363
231	1363
231	1364
230	1364
230	1365
229	1365
229	1366
227	1366
227	1367
225	1367
225	1368
224	1368
224	1369
223	1369
223	1370
222	1370
222	1371
221	1371
221	1372
220	1372
220	1373
219	1373
219	1374
218	1374
218	1375
214	1375
214	1376
211	1376
211	1377
209	1377
209	1378
208	1378
208	1379
202	1379
202	1383
200	1383
200	1384
199	1384
199	1385
198	1385
198	1386
195	1386
195	1388
189	1388
189	1389
186	1389
186	1392
185	1392
185	1391
184	1391
184	1392
183	1392
183	1393
180	1393
180	1394
178	1394
178	1395
176	1395
176	1396
174	1396
174	1397
172	1397
172	1398
167	1398
167	1399
166	1399
166	1400
164	1400
164	1401
162	1401
162	1402
157	1402
157	1403
156	1403
156	1405
154	1405
154	1406
152	1406
152	1407
147	1407
147	1408
146	1408
146	1409
145	1409
145	1410
143	1410
143	1411
141	1411
141	1412
138	1412
138	1413
134	1413
134	1414
128	1414
128	1417
120	1417
120	1418
112	1418
112	1417
110	1417
110	1399
111	1399
111	1395
112	1395
112	1386
114	1386
114	1385
115	1385
115	1383
116	1383
116	1381
118	1381
118	1380
119	1380
119	1377
120	1377
120	1370
122	1370
122	1367
123	1367
123	1360
124	1360
124	1359
125	1359
125	1351
126	1351
126	1349
127	1349
127	1348
128	1348
128	1341
129	1341
129	1339
130	1339
130	1338
132	1338
132	1332
133	1332
133	1331
134	1331
134	1328
135	1328
135	1326
136	1326
136	1325
137	1325
137	1322
138	1322
138	1320
139	1320
139	1319
142	1319
142	1318
143	1318
143	1312
145	1312
145	1311
146	1311
146	1310
147	1310
147	1305
149	1305
149	1304
150	1304
150	1303
152	1303
152	1289
151	1289
151	1288
150	1288
150	1286
149	1286
149	1285
148	1285
148	1283
147	1283
147	1282
144	1282
144	1281
143	1281
143	1280
142	1280
142	1279
141	1279
141	1278
140	1278
140	1276
139	1276
139	1275
141	1275
141	1274
142	1274
142	1273
143	1273
143	1272
144	1272
144	1269
145	1269
145	1268
146	1268
146	1267
147	1267
147	1264
148	1264
148	1260
149	1260
149	1258
150	1258
150	1257
151	1257
151	1255
152	1255
152	1248
153	1248
153	1247
154	1247
154	1245
155	1245
155	1243
156	1243
156	1242
155	1242
155	1239
156	1239
156	1237
157	1237
157	1236
158	1236
158	1234
159	1234
159	1227
160	1227
160	1226
162	1226
162	1221
163	1221
163	1220
164	1220
164	1218
165	1218
165	1217
164	1217
164	1216
167	1216
167	1215
168	1215
168	1212
167	1212
167	1211
168	1211
168	1208
170	1208
170	1206
171	1206
171	1201
172	1201
172	1200
175	1200
175	1199
177	1199
177	1194
179	1194
179	1192
180	1192
180	1191
181	1191
181	1189
184	1189
184	1188
185	1188
185	1187
187	1187
187	1182
188	1182
188	1181
189	1181
189	1180
190	1180
190	1179
195	1179
195	1178
196	1178
196	1176
197	1176
197	1165
196	1165
196	1164
197	1164
197	1163
196	1163
196	1161
188	1161
188	1160
187	1160
187	1155
185	1155
185	1154
184	1154
184	1152
183	1152
183	1151
181	1151
181	1150
180	1150
180	1149
179	1149
179	1148
178	1148
178	1147
176	1147
176	1146
174	1146
174	1145
172	1145
172	1144
171	1144
171	1143
170	1143
170	1141
168	1141
168	1139
167	1139
167	1138
166	1138
166	1137
162	1137
162	1136
161	1136
161	1135
160	1135
160	1134
159	1134
159	1133
158	1133
158	1131
159	1131
159	1129
160	1129
160	1118
161	1118
161	1114
162	1114
162	1113
163	1113
163	1112
164	1112
164	1110
166	1110
166	1109
167	1109
167	1107
168	1107
168	1106
167	1106
167	1105
168	1105
168	1104
167	1104
167	1103
168	1103
168	1101
169	1101
169	1100
170	1100
170	1098
171	1098
171	1095
172	1095
172	1091
175	1091
175	1090
177	1090
177	1084
178	1084
178	1082
179	1082
179	1081
180	1081
180	1079
182	1079
182	1071
189	1071
189	1069
190	1069
190	1067
191	1067
191	1066
192	1066
192	1064
193	1064
193	1063
194	1063
194	1062
196	1062
196	1059
197	1059
197	1057
198	1057
198	1056
199	1056
199	1054
200	1054
200	1053
201	1053
201	1052
205	1052
205	1051
206	1051
206	1048
207	1048
207	1047
209	1047
209	1045
211	1045
211	1044
212	1044
212	1042
215	1042
215	1041
216	1041
216	1038
217	1038
217	1037
218	1037
218	1034
220	1034
220	1033
224	1033
224	1032
225	1032
225	1031
226	1031
226	1028
229	1028
229	1027
230	1027
230	1026
231	1026
231	1023
235	1023
235	1021
240	1021
240	1019
241	1019
241	1018
242	1018
242	1017
246	1017
246	1016
248	1016
248	1015
250	1015
250	1000
248	1000
248	999
245	999
245	993
244	993
244	992
241	992
241	990
239	990
239	989
238	989
238	988
237	988
237	987
236	987
236	985
235	985
235	983
232	983
232	982
231	982
231	981
230	981
230	980
229	980
229	979
226	979
226	976
224	976
224	975
223	975
223	974
222	974
222	973
219	973
219	971
218	971
218	970
217	970
217	969
216	969
216	968
215	968
215	966
213	966
213	959
214	959
214	958
215	958
215	955
216	955
216	954
217	954
217	953
218	953
218	946
219	946
219	945
220	945
220	944
222	944
222	942
223	942
223	939
222	939
222	937
223	937
223	936
226	936
226	935
227	935
227	934
229	934
229	933
230	933
230	927
231	927
231	926
235	926
235	925
237	925
237	924
238	924
238	923
239	923
239	920
240	920
240	919
242	919
242	918
243	918
243	917
244	917
244	916
245	916
245	914
248	914
248	912
250	912
250	911
254	911
254	910
255	910
255	907
254	907
254	906
255	906
255	905
254	905
254	903
258	903
258	902
260	902
260	903
261	903
261	902
263	902
263	900
264	900
264	899
265	899
265	897
267	897
267	896
271	896
271	895
272	895
272	894
273	894
273	893
274	893
274	890
275	890
275	889
276	889
276	888
282	888
282	887
284	887
284	886
287	886
287	885
289	885
289	883
290	883
290	882
294	882
294	881
295	881
295	880
298	880
298	879
299	879
299	878
305	878
305	877
306	877
306	874
325	874
325	873
326	873
326	863
327	863
327	862
326	862
326	858
325	858
325	856
323	856
323	854
322	854
322	853
321	853
321	852
320	852
320	851
319	851
319	850
318	850
318	848
317	848
317	847
316	847
316	846
315	846
315	845
314	845
314	844
313	844
313	840
312	840
312	838
311	838
311	837
310	837
310	836
309	836
309	835
308	835
308	833
307	833
307	830
306	830
306	828
304	828
304	827
303	827
303	822
304	822
304	821
305	821
305	820
306	820
306	819
308	819
308	818
310	818
310	817
309	817
309	815
310	815
310	814
312	814
312	813
313	813
313	812
314	812
314	809
320	809
320	808
321	808
321	806
322	806
322	804
323	804
323	800
329	800
329	799
332	799
332	794
333	794
333	793
335	793
335	792
338	792
338	791
340	791
340	790
341	790
341	789
342	789
342	788
351	788
351	787
353	787
353	785
354	785
354	784
353	784
353	782
354	782
354	780
364	780
364	777
366	777
366	775
367	775
367	773
368	773
368	771
375	771
375	772
376	772
376	767
378	767
378	766
383	766
383	765
388	765
388	763
389	763
389	762
390	762
390	761
391	761
391	759
393	759
393	758
400	758
400	754
401	754
401	755
405	755
405	754
406	754
406	752
409	752
409	751
412	751
412	750
419	750
419	749
420	749
420	748
429	748
429	745
433	745
433	744
435	744
435	743
437	743
437	742
442	742
442	743
443	743
443	742
446	742
446	727
445	727
445	726
444	726
444	724
443	724
443	723
441	723
441	720
440	720
440	719
439	719
439	717
438	717
438	713
437	713
437	712
435	712
435	711
434	711
434	710
433	710
433	709
432	709
432	708
431	708
431	706
430	706
430	704
429	704
429	701
428	701
428	700
426	700
426	699
425	699
425	698
424	698
424	694
428	694
428	692
429	692
429	689
431	689
431	688
433	688
433	684
435	684
435	685
436	685
436	684
438	684
438	683
439	683
439	682
440	682
440	680
445	680
445	679
449	679
449	678
450	678
450	675
457	675
457	674
458	674
458	673
461	673
461	672
463	672
463	671
469	671
469	670
470	670
470	669
471	669
471	668
476	668
476	667
484	667
484	666
486	666
486	665
487	665
487	662
496	662
496	658
506	658
506	657
509	657
509	656
516	656
516	654
518	654
518	653
519	653
519	651
518	651
518	648
537	648
537	647
539	647
539	646
544	646
544	644
545	644
545	639
563	639
563	638
564	638
564	637
573	637
573	631
574	631
574	630
576	630
576	629
577	629
577	630
578	630
578	629
579	629
579	630
581	630
581	629
583	629
583	628
584	628
584	626
602	626
602	625
603	625
603	611
602	611
602	610
597	610
597	608
596	608
596	601
595	601
595	598
594	598
594	597
593	597
593	596
592	596
592	595
591	595
591	593
590	593
590	588
592	588
592	587
593	587
593	586
605	586
605	583
606	583
606	582
615	582
615	581
617	581
617	580
618	580
618	578
638	578
638	574
640	574
640	576
641	576
641	577
649	577
649	578
664	578
664	577
666	577
666	574
669	574
669	575
685	575
685	569
686	569
686	568
687	568
687	569
697	569
697	568
699	568
699	567
700	567
700	560
709	560
709	559
711	559
711	558
713	558
713	557
715	557
715	556
716	556
716	552
727	552
727	551
728	551
728	549
729	549
729	544
739	544
739	543
743	543
743	542
745	542
745	540
746	540
746	539
747	539
747	534
749	534
749	533
754	533
754	534
756	534
756	533
757	533
757	532
758	532
758	530
759	530
759	529
760	529
760	524
766	524
766	523
776	523
776	516
780	516
780	515
785	515
785	514
786	514
786	511
790	511
790	506
800	506
800	505
803	505
803	504
805	504
805	497
818	497
818	496
819	496
819	487
820	487
820	485
834	485
834	481
836	481
836	480
839	480
839	479
842	479
842	478
843	478
843	474
844	474
844	473
846	473
846	472
847	472
847	473
850	473
850	472
853	472
853	471
854	471
854	470
855	470
855	467
857	467
857	466
859	466
859	467
862	467
862	466
866	466
866	465
867	465
867	464
868	464
868	463
869	463
869	462
873	462
873	457
879	457
879	456
880	456
880	455
883	455
883	450
884	450
884	449
887	449
887	448
889	448
889	447
891	447
891	448
892	448
892	446
893	446
893	445
894	445
894	441
895	441
895	427
880	427
880	428
877	428
877	429
873	429
873	430
872	430
872	431
863	431
863	432
859	432
859	433
855	433
855	434
853	434
853	435
838	435
838	436
823	436
823	437
818	437
818	438
808	438
808	439
803	439
803	440
795	440
795	441
790	441
790	440
785	440
785	441
784	441
784	440
773	440
773	441
753	441
753	440
742	440
742	441
740	441
740	440
738	440
738	441
733	441
733	440
724	440
724	441
723	441
723	440
713	440
713	439
700	439
700	438
698	438
698	437
688	437
688	438
687	438
687	437
680	437
680	436
675	436
675	434
662	434
662	433
660	433
660	432
649	432
649	431
646	431
646	430
645	430
645	416
622	416
622	413
612	413
612	412
600	412
600	411
593	411
593	410
591	410
591	409
589	409
589	408
588	408
588	407
584	407
584	406
583	406
583	404
582	404
582	403
578	403
578	402
574	402
574	401
573	401
573	400
572	400
572	399
570	399
570	398
567	398
567	397
565	397
565	396
564	396
564	395
565	395
565	394
564	394
564	393
559	393
559	392
556	392
556	391
552	391
552	390
550	390
550	387
548	387
548	386
546	386
546	385
544	385
544	384
535	384
535	380
534	380
534	379
532	379
532	378
531	378
531	377
530	377
530	376
526	376
526	372
525	372
525	369
526	369
526	355
523	355
523	354
521	354
521	353
517	353
517	352
515	352
515	351
512	351
512	350
511	350
511	351
510	351
510	350
509	350
509	349
508	349
508	348
506	348
506	346
505	346
505	345
501	345
501	344
499	344
499	343
495	343
495	342
493	342
493	341
492	341
492	340
490	340
490	339
489	339
489	338
488	338
488	337
487	337
487	335
483	335
483	334
482	334
482	333
481	333
481	332
479	332
479	330
478	330
478	329
477	329
477	326
475	326
475	325
474	325
474	323
465	323
465	321
464	321
464	320
463	320
463	316
462	316
462	315
461	315
461	314
459	314
459	313
458	313
458	311
456	311
456	310
455	310
455	309
454	309
454	307
453	307
453	306
452	306
452	305
451	305
451	304
450	304
450	303
449	303
449	302
448	302
448	297
445	297
445	296
443	296
443	294
442	294
442	293
441	293
441	291
440	291
440	289
438	289
438	288
437	288
437	286
436	286
436	285
435	285
435	284
434	284
434	282
433	282
433	281
431	281
431	279
430	279
430	277
428	277
428	274
427	274
427	271
426	271
426	269
425	269
425	267
424	267
424	266
423	266
423	264
422	264
422	262
421	262
421	258
420	258
420	257
419	257
419	249
418	249
418	248
417	248
417	245
418	245
418	244
417	244
417	243
418	243
418	242
419	242
419	241
427	241
427	240
446	240
446	241
466	241
466	242
474	242
474	243
485	243
485	245
487	245
487	246
488	246
488	245
501	245
501	244
505	244
505	245
510	245
510	246
512	246
512	247
516	247
516	248
518	248
518	249
520	249
520	250
552	250
552	253
553	253
553	254
566	254
566	255
573	255
573	256
575	256
575	257
576	257
576	258
577	258
577	259
579	259
579	260
592	260
592	261
593	261
593	262
594	262
594	264
595	264
595	266
613	266
613	246
614	246
614	242
615	242
615	233
616	233
616	230
618	230
618	231
625	231
625	232
627	232
627	233
639	233
639	236
640	236
640	237
650	237
650	238
649	238
649	239
650	239
650	240
662	240
662	241
663	241
663	243
664	243
664	244
674	244
674	245
677	245
677	247
678	247
678	249
679	249
679	250
684	250
684	251
686	251
686	252
689	252
689	253
691	253
691	254
692	254
692	255
712	255
712	256
713	256
713	257
715	257
715	258
720	258
720	257
721	257
721	259
722	259
722	260
723	260
723	259
727	259
727	260
736	260
736	262
737	262
737	263
755	263
755	265
758	265
758	266
760	266
760	269
774	269
774	270
776	270
776	271
777	271
777	272
790	272
790	277
791	277
791	278
792	278
792	279
803	279
803	280
805	280
805	281
806	281
806	282
816	282
816	283
818	283
818	284
826	284
826	285
833	285
833	288
834	288
834	289
847	289
847	292
848	292
848	294
852	294
852	295
869	295
869	297
870	297
870	298
871	298
871	300
873	300
873	301
876	301
876	302
884	302
884	301
885	301
885	302
891	302
891	303
892	303
892	305
893	305
893	306
907	306
907	307
908	307
908	308
917	308
917	309
918	309
918	312
917	312
917	313
918	313
918	314
919	314
919	315
920	315
920	316
926	316
926	317
928	317
928	318
930	318
930	319
934	319
934	321
935	321
935	322
936	322
936	321
939	321
939	322
941	322
941	324
940	324
940	325
942	325
942	326
944	326
944	327
951	327
951	328
952	328
952	329
955	329
955	330
956	330
956	333
955	333
955	334
956	334
956	337
961	337
961	338
963	338
963	341
964	341
964	343
966	343
966	345
968	345
968	347
974	347
974	350
977	350
977	354
978	354
978	355
979	355
979	356
982	356
982	357
983	357
983	358
984	358
984	361
985	361
985	366
999	366
999	367
1000	367
1000	359
1001	359
1001	356
1002	356
1002	354
1003	354
1003	353
1004	353
1004	352
1005	352
1005	348
1006	348
1006	346
1008	346
1008	341
1009	341
1009	339
1010	339
1010	338
1011	338
1011	337
1012	337
1012	335
1013	335
1013	334
1014	334
1014	332
1015	332
1015	331
1017	331
1017	328
1020	328
1020	327
1022	327
1022	325
1023	325
1023	320
1027	320
1027	318
1028	318
1028	316
1029	316
1029	313
1030	313
1030	312
1032	312
1032	311
1033	311
1033	308
1040	308
1040	307
1041	307
1041	301
1043	301
1043	300
1044	300
1044	299
1045	299
1045	298
1046	298
1046	297
1047	297
1047	295
1049	295
1049	294
1052	294
1052	293
1053	293
1053	288
1056	288
1056	287
1057	287
1057	285
1058	285
1058	284
1059	284
1059	269
1060	269
1060	270
1061	270
1061	271
1074	271
1074	270
1075	270
1075	269
1076	269
1076	267
1077	267
1077	263
1078	263
1078	262
1079	262
1079	263
1080	263
1080	262
1087	262
1087	261
1088	261
1088	260
1089	260
1089	253
1095	253
1095	250
1098	250
1098	247
1102	247
1102	246
1103	246
1103	244
1106	244
1106	243
1108	243
1108	241
1110	241
1110	240
1114	240
1114	239
1115	239
1115	237
1118	237
1118	236
1120	236
1120	235
1121	235
1121	234
1122	234
1122	232
1123	232
1123	231
1124	231
1124	229
1125	229
1125	227
1126	227
1126	226
1131	226
1131	225
1132	225
1132	224
1131	224
1131	223
1132	223
1132	222
1133	222
1133	221
1137	221
1137	219
1138	219
1138	218
1139	218
1139	213
1140	213
1140	212
1143	212
1143	211
1144	211
1144	212
1146	212
1146	210
1147	210
1147	208
1148	208
1148	209
1152	209
1152	208
1153	208
1153	204
1154	204
1154	202
1157	202
1157	201
1158	201
1158	200
1159	200
1159	199
1160	199
1160	197
1162	197
1162	195
1163	195
1163	192
1166	192
1166	191
1169	191
1169	187
1170	187
1170	184
1174	184
1174	183
1175	183
1175	182
1176	182
1176	180
1178	180
1178	179
1179	179
1179	178
1180	178
1180	175
1182	175
1182	174
1185	174
1185	173
1186	173
1186	172
1192	172
1192	167
1195	167
1195	166
1196	166
1196	165
1201	165
1201	162
1202	162
1202	161
1206	161
1206	160
1209	160
1209	159
1212	159
1212	173
1213	173
1213	180
1214	180
1214	182
1215	182
1215	186
1216	186
1216	188
1217	188
1217	190
1216	190
1216	194
1217	194
1217	196
1216	196
1216	198
1217	198
1217	202
1218	202
1218	205
1219	205
1219	208
1220	208
1220	209
1233	209
1233	208
1234	208
1234	202
1235	202
1235	201
1236	201
1236	200
1238	200
1238	196
1239	196
1239	194
1243	194
1243	193
1245	193
1245	191
1246	191
1246	189
1250	189
1250	182
1259	182
1259	180
1260	180
1260	177
1261	177
1261	173
1268	173
1268	172
1269	172
1269	168
1276	168
1276	167
1277	167
1277	165
1279	165
1279	164
1284	164
1284	158
1285	158
1285	157
1294	157
1294	153
1303	153
1303	150
1304	150
1304	149
1305	149
1305	148
1308	148
1308	147
1309	147
1309	148
1311	148
1311	147
1312	147
1312	146
1313	146
1313	144
1322	144
1322	143
1324	143
1324	142
1325	142
1325	141
1326	141
1326	140
1327	140
1327	137
1328	137
1328	136
1336	136
1336	135
1337	135
1337	134
1338	134
1338	133
1339	133
1339	132
1341	132
1341	133
1343	133
1343	132
1344	132
1344	131
1346	131
1346	130
1347	130
1347	128
1348	128
1348	127
1349	127
1349	126
1350	126
1350	125
1359	125
1359	124
1360	124
1360	123
1362	123
1362	121
1364	121
1364	120
1370	120
1370	119
1371	119
1371	117
1375	117
1375	116
1389	116
1389	115
1392	115
1392	114
1394	114
1394	115
1395	115
1395	125
1396	125
1396	126
1397	126
1397	127
1398	127
1398	130
1397	130
1397	131
1398	131
1398	134
1400	134
1400	135
1401	135
1401	138
1402	138
1402	141
1403	141
1403	143
1402	143
1402	144
1403	144
1403	146
1406	146
1406	147
1408	147
1408	146
1419	146
1419	145
1420	145
1420	144
1423	144
1423	143
1424	143
1424	140
1425	140
1425	137
1431	137
1431	135
1432	135
1432	134
1437	134
1437	133
1438	133
1438	132
1439	132
1439	130
1441	130
1441	129
1446	129
1446	130
1450	130
1450	129
1451	129
1451	125
1452	125
1452	124
1454	124
1454	125
1468	125
1468	120
1483	120
1483	118
1484	118
1484	117
1503	117
1503	116
1504	116
1504	114
1512	114
1512	118
1513	118
1513	120
1514	120
1514	124
1515	124
1515	125
1516	125
1516	127
1532	127
1532	126
1535	126
1535	127
1537	127
1537	126
1541	126
1541	125
1547	125
1547	124
1549	124
1549	122
1550	122
1550	120
1552	120
1552	119
1554	119
1554	118
1555	118
1555	117
1563	117
1563	115
1569	115
1569	110
1579	110
1579	108
1585	108
1585	107
1587	107
1587	106
1596	106
1596	105
1616	105
1616	104
1617	104
1617	103
1620	103
1620	102
1627	102
1627	101
1640	101
1640	102
1643	102
1643	103
1644	103
1644	104
1643	104
1643	109
1642	109
1642	115
1640	115
1640	116
1639	116
1639	122
1636	122
1636	123
1635	123
1635	124
1634	124
1634	127
1633	127
1633	128
1634	128
1634	133
1633	133
1633	135
1632	135
1632	136
1631	136
1631	137
1630	137
1630	139
1629	139
1629	141
1628	141
1628	142
1626	142
1626	143
1625	143
1625	147
1624	147
1624	148
1622	148
1622	149
1620	149
1620	150
1618	150
1618	155
1617	155
1617	156
1616	156
1616	157
1615	157
1615	158
1613	158
1613	160
1611	160
1611	161
1609	161
1609	162
1608	162
1608	164
1607	164
1607	165
1605	165
1605	167
1602	167
1602	168
1601	168
1601	169
1600	169
1600	170
1597	170
1597	171
1596	171
1596	174
1595	174
1595	175
1594	175
1594	176
1593	176
1593	177
1591	177
1591	178
1587	178
1587	182
1586	182
1586	183
1585	183
1585	184
1584	184
1584	185
1583	185
1583	187
1582	187
1582	188
1581	188
1581	190
1579	190
1579	191
1578	191
1578	205
1579	205
1579	206
1580	206
1580	207
1584	207
1584	210
1583	210
1583	211
1582	211
1582	213
1581	213
1581	214
1579	214
1579	216
1577	216
1577	218
1576	218
1576	219
1575	219
1575	221
1574	221
1574	222
1572	222
1572	223
1568	223
1568	224
1567	224
1567	228
1565	228
1565	229
1558	229
1558	233
1557	233
1557	234
1556	234
1556	235
1554	235
1554	236
1552	236
1552	237
1551	237
1551	238
1550	238
1550	239
1549	239
1549	240
1547	240
1547	241
1545	241
1545	242
1543	242
1543	243
1542	243
1542	244
1541	244
1541	245
1540	245
1540	246
1539	246
1539	247
1538	247
1538	248
1532	248
1532	249
1531	249
1531	251
1530	251
1530	253
1528	253
1528	255
1527	255
1527	256
1526	256
1526	257
1520	257
1520	258
1519	258
1519	262
1516	262
1516	263
1515	263
1515	264
1510	264
1510	265
1509	265
1509	268
1508	268
1508	269
1507	269
1507	271
1505	271
1505	272
1503	272
1503	273
1502	273
1502	274
1499	274
1499	275
1498	275
1498	276
1497	276
1497	275
1496	275
1496	276
1495	276
1495	277
1491	277
1491	278
1489	278
1489	279
1490	279
1490	280
1488	280
1488	281
1483	281
1483	282
1479	282
1479	283
1470	283
1470	301
1471	301
1471	305
1472	305
1472	306
1473	306
1473	308
1475	308
1475	309
1476	309
1476	310
1477	310
1477	311
1476	311
1476	313
1475	313
1475	314
1473	314
1473	316
1470	316
1470	318
1466	318
1466	319
1467	319
1467	321
1463	321
1463	322
1461	322
1461	324
1460	324
1460	325
1456	325
1456	326
1452	326
1452	327
1451	327
1451	329
1450	329
1450	330
1448	330
1448	331
1443	331
1443	332
1442	332
1442	333
1441	333
1441	334
1440	334
1440	335
1434	335
1434	336
1432	336
1432	340
1430	340
1430	341
1427	341
1427	342
1423	342
1423	343
1422	343
1422	344
1417	344
1417	345
1415	345
1415	344
1414	344
1414	345
1412	345
1412	348
1409	348
1409	349
1408	349
1408	350
1402	350
1402	351
1401	351
1401	352
1394	352
1394	353
1392	353
1392	354
1386	354
1386	355
1373	355
1373	357
1362	357
1362	358
1356	358
1356	357
1351	357
1351	356
1349	356
1349	357
1347	357
1347	355
1346	355
1346	354
1329	354
1329	369
1330	369
1330	371
1331	371
1331	372
1332	372
1332	373
1333	373
1333	374
1335	374
1335	378
1334	378
1334	379
1332	379
1332	380
1329	380
1329	381
1326	381
1326	382
1320	382
1320	383
1318	383
1318	384
1317	384
1317	385
1312	385
1312	386
1311	386
1311	387
1305	387
1305	388
1297	388
1297	389
1292	389
1292	390
1267	390
1267	391
1257	391
1257	392
1248	392
1248	393
1192	393
1192	392
1177	392
1177	393
1142	393
1142	394
1141	394
1141	395
1137	395
1137	396
1135	396
1135	397
1132	397
1132	398
1116	398
1116	399
1104	399
1104	400
1080	400
1080	401
1065	401
1065	402
1064	402
1064	403
1063	403
1063	404
1062	404
1062	417
1064	417
1064	418
1065	418
1065	419
1066	419
1066	418
1068	418
1068	420
1070	420
1070	421
1074	421
1074	422
1075	422
1075	423
1076	423
1076	424
1078	424
1078	425
1083	425
1083	427
1084	427
1084	429
1088	429
1088	430
1093	430
1093	431
1094	431
1094	433
1098	433
1098	436
1099	436
1099	437
1105	437
1105	438
1106	438
1106	439
1108	439
1108	441
1109	441
1109	442
1111	442
1111	444
1112	444
1112	445
1117	445
1117	446
1118	446
1118	447
1120	447
1120	448
1121	448
1121	449
1122	449
1122	450
1124	450
1124	451
1125	451
1125	452
1126	452
1126	453
1127	453
1127	454
1131	454
1131	455
1133	455
1133	457
1137	457
1137	458
1144	458
1144	462
1145	462
1145	463
1152	463
1152	464
1156	464
1156	467
1157	467
1157	468
1161	468
1161	469
1164	469
1164	470
1166	470
1166	474
1175	474
1175	477
1176	477
1176	478
1175	478
1175	479
1176	479
1176	482
1185	482
1185	483
1186	483
1186	484
1190	484
1190	485
1200	485
1200	491
1201	491
1201	492
1214	492
1214	493
1224	493
1224	496
1225	496
1225	500
1226	500
1226	501
1232	501
1232	502
1241	502
1241	501
1247	501
1247	502
1248	502
1248	503
1249	503
1249	504
1257	504
1257	508
1268	508
1268	511
1271	511
1271	512
1272	512
1272	513
1286	513
1286	517
1287	517
1287	520
1288	520
1288	521
1296	521
1296	525
1298	525
1298	524
1299	524
1299	525
1300	525
1300	524
1302	524
1302	525
1312	525
1312	524
1315	524
1315	525
1316	525
1316	527
1326	527
1326	532
1343	532
1343	531
1344	531
1344	530
1345	530
1345	531
1347	531
1347	533
1369	533
1369	535
1388	535
1388	536
1391	536
1391	537
1400	537
1400	536
1401	536
1401	537
1406	537
1406	540
1415	540
1415	542
1416	542
1416	543
1434	543
1434	544
1442	544
1442	546
1451	546
1451	549
1450	549
1450	550
1449	550
1449	551
1448	551
1448	552
1447	552
1447	553
1446	553
1446	555
1445	555
1445	557
1443	557
1443	558
1442	558
1442	563
1441	563
1441	564
1440	564
1440	565
1439	565
1439	568
1438	568
1438	582
1442	582
1442	583
1443	583
1443	584
1447	584
1447	585
1460	585
1460	584
1461	584
1461	581
1462	581
1462	580
1463	580
1463	579
1464	579
1464	582
1482	582
1482	580
1484	580
1484	582
1496	582
1496	583
1498	583
1498	584
1517	584
1517	587
1518	587
1518	588
1519	588
1519	589
1520	589
1520	590
1538	590
1538	593
1567	593
1567	595
1572	595
1572	596
1577	596
1577	597
1578	597
1578	598
1594	598
1594	597
1595	597
1595	600
1597	600
1597	601
1598	601
1598	602
1599	602
1599	603
1610	603
1610	605
1611	605
1611	606
1613	606
1613	607
1615	607
1615	608
1617	608
1617	609
1619	609
1619	610
1627	610
1627	611
1630	611
1630	614
1629	614
1629	617
1628	617
1628	623
1627	623
1627	629
1626	629
1626	632
1625	632
1625	635
1624	635
1624	640
1623	640
1623	641
1624	641
1624	647
1623	647
1623	653
1624	653
1624	655
1626	655
1626	656
1629	656
1629	655
1631	655
1631	656
1632	656
1632	655
1634	655
1634	656
1635	656
1635	655
1640	655
1640	654
1647	654
1647	653
1654	653
1654	651
1656	651
1656	653
1657	653
1657	654
1674	654
1674	656
1689	656
1689	660
1690	660
1690	661
1700	661
1700	662
1707	662
1707	664
1712	664
1712	665
1713	665
1713	666
1717	666
1717	667
1726	667
1726	668
1727	668
1727	669
1732	669
1732	671
1734	671
1734	672
1741	672
1741	674
1742	674
1742	675
1745	675
1745	677
1746	677
1746	678
1749	678
1749	679
1750	679
1750	680
1755	680
1755	681
1756	681
1756	682
1758	682
1758	683
1759	683
1759	684
1762	684
1762	685
1764	685
1764	687
1766	687
1766	688
1771	688
1771	689
1772	689
1772	690
1773	690
1773	691
1774	691
1774	692
1775	692
1775	693
1777	693
1777	694
1779	694
1779	695
1782	695
1782	700
1781	700
1781	703
1780	703
1780	706
1779	706
1779	716
1778	716
1778	718
1777	718
1777	719
1778	719
1778	720
1777	720
1777	725
1776	725
1776	726
1775	726
1775	727
1774	727
1774	742
1775	742
1775	743
1801	743
1801	744
1809	744
1809	748
1823	748
1823	752
1833	752
1833	755
1834	755
1834	756
1838	756
1838	757
1840	757
1840	758
1841	758
1841	759
1847	759
1847	762
1856	762
1856	763
1857	763
1857	766
1858	766
1858	767
1859	767
1859	766
1860	766
1860	767
1866	767
1866	768
1868	768
1868	770
1871	770
1871	771
1873	771
1873	772
1878	772
1878	773
1879	773
1879	776
1880	776
1880	777
1883	777
1883	778
1884	778
1884	779
1886	779
1886	780
1887	780
1887	781
1890	781
1890	782
1891	782
1891	783
1892	783
1892	786
1893	786
1893	787
1894	787
1894	788
1896	788
1896	790
1897	790
1897	791
1898	791
1898	792
1899	792
1899	793
1901	793
1901	794
1900	794
1900	795
1903	795
1903	796
1904	796
1904	798
1907	798
1907	799
1908	799
1908	800
1910	800
1910	801
1909	801
1909	803
1908	803
1908	804
1907	804
1907	808
1906	808
1906	809
1905	809
1905	814
1904	814
1904	818
1903	818
1903	819
1902	819
1902	822
1901	822
1901	824
1900	824
1900	828
1897	828
1897	829
1896	829
1896	833
1895	833
1895	853
1901	853
1901	855
1902	855
1902	857
1904	857
1904	859
1912	859
1912	861
1915	861
1915	862
1917	862
1917	861
1919	861
1919	862
1920	862
1920	861
1923	861
1923	862
1924	862
1924	866
1925	866
1925	868
1928	868
1928	869
1936	869
1936	870
1937	870
1937	872
1939	872
1939	873
1940	873
1940	874
1941	874
1941	875
1947	875
1947	877
1949	877
1949	878
1952	878
1952	879
1953	879
1953	880
1954	880
1954	882
1955	882
1955	883
1956	883
1956	884
1961	884
1961	885
1963	885
1963	886
1964	886
1964	887
1967	887
1967	891
1968	891
1968	892
1971	892
1971	893
1974	893
1974	894
1975	894
1975	896
1976	896
1976	897
1978	897
1978	898
1979	898
1979	899
1980	899
1980	900
1981	900
1981	901
1982	901
1982	902
1984	902
1984	903
1985	903
1985	904
1986	904
1986	908
1987	908
1987	911
1988	911
1988	912
1992	912
1992	917
1994	917
1994	918
1995	918
1995	920
1996	920
1996	922
1997	922
1997	926
1998	926
1998	927
1999	927
1999	929
1997	929
1997	931
1995	931
1995	933
1994	933
1994	934
1992	934
1992	937
1990	937
1990	939
1989	939
1989	940
1988	940
1988	942
1987	942
1987	944
1985	944
1985	943
1984	943
1984	944
1982	944
1982	952
1981	952
1981	953
1980	953
1980	954
1979	954
1979	955
1978	955
1978	956
1974	956
1974	957
1973	957
1973	961
1972	961
1972	962
1971	962
1971	963
1970	963
1970	966
1969	966
1969	967
1970	967
1970	977
1971	977
1971	978
1973	978
1973	980
1976	980
1976	981
1977	981
1977	982
1978	982
1978	983
1980	983
1980	984
1989	984
1989	985
1993	985
1993	986
1995	986
1995	990
1998	990
1998	991
2000	991
2000	992
2001	992
2001	993
2002	993
2002	994
2004	994
2004	995
2005	995
2005	996
2007	996
2007	997
2010	997
2010	998
2011	998
2011	999
2012	999
2012	1004
2016	1004
2016	1005
2021	1005
2021	1008
2022	1008
2022	1009
2027	1009
2027	1014
2030	1014
2030	1019
2031	1019
2031	1020
2033	1020
2033	1021
2034	1021
2034	1022
2035	1022
2035	1023
2036	1023
2036	1024
2037	1024
2037	1025
2038	1025
2038	1026
2039	1026
2039	1028
2040	1028
2040	1031
2041	1031
2041	1032
2043	1032
2043	1033
2045	1033
2045	1034
2046	1034
2046	1035
2047	1035
2047	1037
2048	1037
2048	1039
2049	1039
2049	1040
2050	1040
2050	1041
2051	1041
2051	1042
2053	1042
2053	1043
2054	1043
2054	1044
2053	1044
2053	1047
2055	1047
2055	1050
2056	1050
2056	1054
2058	1054
2058	1055
2059	1055
2059	1056
2060	1056
2060	1059
2059	1059
2059	1060
2057	1060
2057	1062
2056	1062
2056	1063
2057	1063
2057	1064
2056	1064
2056	1065
2057	1065
2057	1066
2056	1066
2056	1067
2055	1067
2055	1082
2059	1082
2059	1087
2060	1087
2060	1090
2062	1090
2062	1091
2065	1091
2065	1092
2067	1092
2067	1094
2068	1094
2068	1096
2070	1096
2070	1095
2071	1095
2071	1096
2074	1096
2074	1100
2076	1100
2076	1101
2079	1101
2079	1102
2080	1102
2080	1103
2084	1103
2084	1106
2085	1106
2085	1107
2087	1107
2087	1109
2089	1109
2089	1110
2091	1110
2091	1111
2095	1111
2095	1112
2096	1112
2096	1113
2097	1113
2097	1116
2098	1116
2098	1119
2099	1119
2099	1120
2104	1120
2104	1122
2105	1122
2105	1124
2106	1124
2106	1125
2108	1125
2108	1128
2109	1128
2109	1129
2114	1129
2114	1130
2115	1130
2115	1132
2116	1132
2116	1133
2120	1133
2120	1134
2122	1134
2122	1136
2123	1136
2123	1137
2125	1137
2125	1139
2127	1139
2127	1140
2128	1140
2128	1141
2129	1141
2129	1144
2131	1144
2131	1145
2132	1145
2132	1146
2134	1146
2134	1150
2135	1150
2135	1149
2136	1149
2136	1150
2137	1150
2137	1156
2133	1156
2133	1157
2128	1157
2128	1159
2126	1159
2126	1160
2120	1160
2120	1161
2096	1161
2096	1162
2094	1162
2094	1161
2078	1161
2078	1160
2071	1160
2071	1159
2061	1159
2061	1157
2053	1157
2053	1156
2045	1156
2045	1155
2040	1155
2040	1154
2032	1154
2032	1153
2030	1153
2030	1152
2028	1152
2028	1153
2027	1153
2027	1152
2023	1152
2023	1153
2022	1153
2022	1152
2021	1152
2021	1151
2002	1151
2002	1152
2001	1152
2001	1153
1998	1153
1998	1152
1993	1152
1993	1153
1992	1153
1992	1152
1982	1152
1982	1153
1981	1153
1981	1152
1974	1152
1974	1151
1967	1151
1967	1150
1963	1150
1963	1149
1961	1149
1961	1148
1947	1148
1947	1147
1946	1147
1946	1148
1944	1148
1944	1150
1943	1150
1943	1151
1942	1151
1942	1153
1941	1153
1941	1155
1940	1155
1940	1157
1939	1157
1939	1160
1937	1160
1937	1161
1936	1161
1936	1166
1935	1166
1935	1167
1934	1167
1934	1169
1924	1169
1924	1170
1922	1170
1922	1171
1914	1171
1914	1170
1911	1170
1911	1169
1907	1169
1907	1167
1906	1167
1906	1166
1890	1166
1890	1165
1888	1165
1888	1164
1887	1164
1887	1162
1880	1162
1880	1161
1878	1161
1878	1160
1877	1160
1877	1159
1875	1159
1875	1158
1872	1158
1872	1157
1870	1157
1870	1156
1868	1156
1868	1155
1867	1155
1867	1154
1865	1154
1865	1153
1864	1153
1864	1152
1863	1152
1863	1151
1860	1151
1860	1150
1859	1150
1859	1149
1858	1149
1858	1147
1855	1147
1855	1146
1853	1146
1853	1145
1851	1145
1851	1144
1850	1144
1850	1143
1849	1143
1849	1142
1843	1142
1843	1141
1842	1141
1842	1142
1838	1142
1838	1141
1836	1141
1836	1142
1834	1142
1834	1143
1833	1143
1833	1145
1832	1145
1832	1146
1831	1146
1831	1147
1829	1147
1829	1148
1828	1148
1828	1152
1827	1152
1827	1153
1825	1153
1825	1154
1824	1154
1824	1155
1823	1155
1823	1156
1821	1156
1821	1157
1819	1157
1819	1159
1818	1159
1818	1162
1817	1162
1817	1163
1816	1163
1816	1164
1812	1164
1812	1163
1810	1163
1810	1162
1809	1162
1809	1161
1793	1161
1793	1162
1792	1162
1792	1158
1791	1158
1791	1156
1790	1156
1790	1155
1788	1155
1788	1154
1786	1154
1786	1153
1782	1153
1782	1151
1780	1151
1780	1150
1778	1150
1778	1149
1774	1149
1774	1148
1773	1148
1773	1147
1772	1147
1772	1146
1770	1146
1770	1145
1768	1145
1768	1144
1766	1144
1766	1143
1764	1143
1764	1142
1762	1142
1762	1138
1761	1138
1761	1137
1759	1137
1759	1138
1758	1138
1758	1137
1755	1137
1755	1136
1754	1136
1754	1135
1752	1135
1752	1134
1751	1134
1751	1133
1750	1133
1750	1131
1748	1131
1748	1129
1745	1129
1745	1128
1744	1128
1744	1127
1743	1127
1743	1125
1741	1125
1741	1124
1740	1124
1740	1123
1739	1123
1739	1121
1738	1121
1738	1120
1736	1120
1736	1118
1735	1118
1735	1117
1734	1117
1734	1116
1733	1116
1733	1114
1731	1114
1731	1113
1730	1113
1730	1112
1729	1112
1729	1109
1728	1109
1728	1107
1727	1107
1727	1106
1726	1106
1726	1105
1725	1105
1725	1103
1709	1103
1709	1105
1707	1105
1707	1106
1706	1106
1706	1105
1705	1105
1705	1107
1704	1107
1704	1108
1703	1108
1703	1109
1702	1109
1702	1110
1700	1110
1700	1111
1699	1111
1699	1112
1697	1112
1697	1113
1695	1113
1695	1114
1693	1114
1693	1115
1692	1115
1692	1117
1691	1117
1691	1119
1690	1119
1690	1120
1689	1120
1689	1121
1688	1121
1688	1120
1686	1120
1686	1119
1684	1119
1684	1118
1682	1118
1682	1117
1677	1117
1677	1116
1675	1116
1675	1115
1672	1115
1672	1114
1671	1114
1671	1113
1670	1113
1670	1114
1669	1114
1669	1113
1667	1113
1667	1112
1665	1112
1665	1111
1661	1111
1661	1110
1659	1110
1659	1109
1657	1109
1657	1108
1656	1108
1656	1107
1655	1107
1655	1106
1651	1106
1651	1105
1648	1105
1648	1104
1647	1104
1647	1103
1645	1103
1645	1102
1641	1102
1641	1101
1639	1101
1639	1099
1638	1099
1638	1098
1639	1098
1639	1097
1636	1097
1636	1095
1635	1095
1635	1094
1633	1094
1633	1095
1632	1095
1632	1094
1631	1094
1631	1093
1629	1093
1629	1092
1627	1092
1627	1090
1626	1090
1626	1089
1621	1089
1621	1088
1620	1088
1620	1087
1619	1087
1619	1086
1618	1086
1618	1085
1617	1085
1617	1084
1615	1084
1615	1083
1614	1083
1614	1082
1612	1082
1612	1081
1610	1081
1610	1080
1609	1080
1609	1079
1608	1079
1608	1077
1607	1077
1607	1075
1605	1075
1605	1074
1603	1074
1603	1073
1602	1073
1602	1070
1599	1070
1599	1069
1598	1069
1598	1068
1597	1068
1597	1067
1596	1067
1596	1066
1595	1066
1595	1065
1593	1065
1593	1064
1592	1064
1592	1062
1591	1062
1591	1060
1590	1060
1590	1059
1589	1059
1589	1058
1588	1058
1588	1057
1587	1057
1587	1056
1586	1056
1586	1054
1584	1054
1584	1051
1583	1051
1583	1050
1582	1050
1582	1047
1581	1047
1581	1045
1580	1045
1580	1043
1579	1043
1579	1041
1578	1041
1578	1040
1577	1040
1577	1036
1575	1036
1575	1035
1561	1035
1561	1037
1560	1037
1560	1036
1559	1036
1559	1038
1558	1038
1558	1039
1557	1039
1557	1040
1556	1040
1556	1041
1555	1041
1555	1043
1553	1043
1553	1044
1552	1044
1552	1047
1550	1047
1550	1048
1549	1048
1549	1049
1548	1049
1548	1050
1547	1050
1547	1051
1546	1051
1546	1052
1544	1052
1544	1053
1543	1053
1543	1054
1542	1054
1542	1055
1538	1055
1538	1056
1537	1056
1537	1057
1534	1057
1534	1059
1533	1059
1533	1060
1532	1060
1532	1062
1530	1062
1530	1061
1529	1061
1529	1060
1526	1060
1526	1059
1525	1059
1525	1058
1524	1058
1524	1057
1523	1057
1523	1058
1522	1058
1522	1057
1520	1057
1520	1056
1518	1056
1518	1055
1515	1055
1515	1054
1514	1054
1514	1053
1512	1053
1512	1052
1511	1052
1511	1050
1508	1050
1508	1049
1507	1049
1507	1048
1506	1048
1506	1047
1504	1047
1504	1046
1503	1046
1503	1045
1502	1045
1502	1043
1501	1043
1501	1040
1500	1040
1500	1041
1497	1041
1497	1040
1496	1040
1496	1039
1494	1039
1494	1038
1493	1038
1493	1037
1490	1037
1490	1036
1489	1036
1489	1034
1488	1034
1488	1033
1487	1033
1487	1031
1486	1031
1486	1030
1484	1030
1484	1029
1483	1029
1483	1028
1482	1028
1482	1026
1481	1026
1481	1025
1479	1025
1479	1024
1478	1024
1478	1022
1477	1022
1477	1021
1475	1021
1475	1020
1473	1020
1473	1019
1472	1019
1472	1018
1473	1018
1473	1017
1472	1017
1472	1012
1468	1012
1468	1011
1467	1011
1467	1010
1466	1010
1466	1009
1464	1009
1464	1006
1463	1006
1463	1005
1462	1005
1462	1002
1459	1002
1459	1001
1458	1001
1458	1000
1457	1000
1457	999
1456	999
1456	997
1455	997
1455	996
1453	996
1453	993
1452	993
1452	992
1450	992
1450	991
1449	991
1449	990
1448	990
1448	989
1447	989
1447	988
1446	988
1446	986
1445	986
1445	985
1444	985
1444	984
1443	984
1443	982
1442	982
1442	981
1440	981
1440	980
1439	980
1439	978
1438	978
1438	977
1437	977
1437	976
1436	976
1436	974
1435	974
1435	973
1434	973
1434	971
1433	971
1433	970
1432	970
1432	968
1431	968
1431	966
1430	966
1430	964
1429	964
1429	959
1428	959
1428	958
1427	958
1427	952
1426	952
1426	953
1425	953
1425	952
1424	952
1424	945
1423	945
1423	946
1409	946
1409	947
1408	947
1408	948
1407	948
1407	952
1404	952
1404	953
1399	953
1399	954
1398	954
1398	958
1395	958
1395	960
1394	960
1394	961
1393	961
1393	962
1391	962
1391	963
1388	963
1388	965
1387	965
1387	967
1386	967
1386	968
1384	968
1384	969
1383	969
1383	968
1381	968
1381	967
1380	967
1380	966
1378	966
1378	965
1377	965
1377	963
1376	963
1376	962
1375	962
1375	961
1374	961
1374	958
1373	958
1373	957
1372	957
1372	956
1371	956
1371	955
1369	955
1369	953
1368	953
1368	951
1367	951
1367	950
1366	950
1366	945
1365	945
1365	944
1362	944
1362	942
1360	942
1360	940
1359	940
1359	938
1358	938
1358	937
1357	937
1357	935
1356	935
1356	934
1355	934
1355	933
1353	933
1353	932
1352	932
1352	927
1350	927
1350	926
1349	926
1349	925
1348	925
1348	924
1347	924
1347	921
1346	921
1346	920
1344	920
1344	918
1342	918
1342	915
1340	915
1340	914
1339	914
1339	913
1338	913
1338	912
1337	912
1337	910
1336	910
1336	909
1335	909
1335	908
1334	908
1334	907
1333	907
1333	906
1332	906
1332	905
1331	905
1331	904
1330	904
1330	903
1329	903
1329	897
1328	897
1328	896
1323	896
1323	894
1322	894
1322	893
1321	893
1321	892
1320	892
1320	891
1319	891
1319	890
1318	890
1318	888
1317	888
1317	886
1316	886
1316	885
1315	885
1315	884
1314	884
1314	883
1313	883
1313	881
1312	881
1312	880
1311	880
1311	878
1310	878
1310	877
1309	877
1309	875
1308	875
1308	873
1307	873
1307	871
1306	871
1306	870
1305	870
1305	869
1304	869
1304	867
1303	867
1303	866
1302	866
1302	865
1301	865
1301	862
1300	862
1300	861
1299	861
1299	858
1298	858
1298	857
1297	857
1297	856
1296	856
1296	855
1295	855
1295	852
1294	852
1294	851
1293	851
1293	850
1292	850
1292	847
1291	847
1291	846
1290	846
1290	844
1289	844
1289	843
1288	843
1288	838
1286	838
1286	837
1285	837
1285	836
1284	836
1284	835
1282	835
1282	828
1281	828
1281	824
1280	824
1280	823
1279	823
1279	819
1278	819
1278	817
1277	817
1277	813
1276	813
1276	804
1275	804
1275	803
1259	803
1259	804
1258	804
1258	806
1257	806
1257	808
1256	808
1256	809
1254	809
1254	810
1253	810
1253	816
1252	816
1252	818
1250	818
1250	819
1249	819
1249	820
1248	820
1248	822
1247	822
1247	823
1246	823
1246	825
1245	825
1245	827
1244	827
1244	828
1239	828
1239	827
1238	827
1238	825
1237	825
1237	823
1236	823
1236	822
1235	822
1235	820
1234	820
1234	819
1233	819
1233	818
1231	818
1231	817
1229	817
1229	816
1228	816
1228	813
1227	813
1227	811
1225	811
1225	809
1224	809
1224	807
1223	807
1223	806
1222	806
1222	805
1221	805
1221	800
1220	800
1220	799
1219	799
1219	797
1218	797
1218	796
1217	796
1217	793
1216	793
1216	792
1215	792
1215	790
1214	790
1214	788
1213	788
1213	786
1212	786
1212	780
1211	780
1211	779
1209	779
1209	774
1208	774
1208	772
1207	772
1207	770
1206	770
1206	769
1205	769
1205	766
1204	766
1204	761
1202	761
1202	760
1201	760
1201	757
1200	757
1200	754
1199	754
1199	753
1198	753
1198	750
1196	750
1196	748
1195	748
1195	745
1194	745
1194	744
1182	744
1182	719
1181	719
1181	717
1180	717
1180	716
1179	716
1179	712
1176	712
1176	711
1175	711
1175	709
1174	709
1174	704
1173	704
1173	701
1172	701
1172	700
1171	700
1171	698
1169	698
1169	695
1168	695
1168	693
1167	693
1167	692
1166	692
1166	689
1163	689
1163	683
1161	683
1161	681
1160	681
1160	679
1159	679
1159	678
1158	678
1158	675
1157	675
1157	674
1156	674
1156	673
1155	673
1155	671
1154	671
1154	668
1153	668
1153	664
1151	664
1151	662
1150	662
1150	661
1149	661
1149	657
1147	657
1147	656
1146	656
1146	654
1144	654
1144	648
1143	648
1143	645
1142	645
1142	644
1140	644
1140	642
1139	642
1139	640
1138	640
1138	637
1137	637
1137	635
1136	635
1136	634
1135	634
1135	632
1134	632
1134	626
1133	626
1133	625
1132	625
1132	623
1131	623
1131	621
1130	621
1130	619
1129	619
1129	617
1128	617
1128	614
1127	614
1127	613
1126	613
1126	609
1125	609
1125	607
1124	607
1124	605
1122	605
1122	602
1121	602
1121	599
1120	599
1120	596
1118	596
1118	594
1116	594
1116	590
1115	590
1115	587
1113	587
1113	585
1112	585
1112	584
1111	584
1111	583
1110	583
1110	581
1109	581
1109	579
1108	579
1108	577
1107	577
1107	576
1106	576
1106	574
1104	574
1104	572
1103	572
1103	571
1102	571
1102	568
1101	568
1101	566
1100	566
1100	565
1099	565
1099	563
1098	563
1098	561
1097	561
1097	560
1096	560
1096	558
1095	558
1095	557
1080	557
1080	576
1081	576
1081	577
1082	577
1082	578
1083	578
1083	579
1084	579
1084	583
1085	583
1085	584
1086	584
1086	586
1087	586
1087	588
1088	588
1088	590
1089	590
1089	592
1090	592
1090	602
1091	602
1091	603
1092	603
1092	605
1093	605
1093	607
1094	607
1094	608
1095	608
1095	615
1096	615
1096	617
1097	617
1097	618
1098	618
1098	619
1099	619
1099	625
1100	625
1100	627
1103	627
1103	630
1105	630
1105	639
1106	639
1106	640
1107	640
1107	641
1108	641
1108	640
1109	640
1109	642
1110	642
1110	645
1113	645
1113	652
1114	652
1114	653
1115	653
1115	655
1116	655
1116	656
1117	656
1117	657
1118	657
1118	663
1120	663
1120	665
1122	665
1122	669
1123	669
1123	675
1124	675
1124	676
1125	676
1125	680
1126	680
1126	681
1127	681
1127	682
1126	682
1126	686
1127	686
1127	687
1128	687
1128	688
1129	688
1129	690
1130	690
1130	694
1131	694
1131	695
1132	695
1132	703
1133	703
1133	704
1135	704
1135	706
1137	706
1137	711
1138	711
1138	713
1139	713
1139	716
1140	716
1140	718
1141	718
1141	719
1142	719
1142	723
1144	723
1144	728
1145	728
1145	731
1146	731
1146	732
1147	732
1147	733
1148	733
1148	734
1149	734
1149	735
1150	735
1150	743
1151	743
1151	744
1153	744
1153	746
1154	746
1154	752
1155	752
1155	757
1156	757
1156	758
1158	758
1158	759
1160	759
1160	763
1161	763
1161	772
1163	772
1163	774
1165	774
1165	776
1166	776
1166	786
1167	786
1167	787
1169	787
1169	790
1168	790
1168	791
1169	791
1169	792
1170	792
1170	793
1171	793
1171	801
1174	801
1174	802
1175	802
1175	803
1176	803
1176	804
1175	804
1175	808
1176	808
1176	809
1178	809
1178	820
1180	820
1180	821
1181	821
1181	822
1180	822
1180	823
1182	823
1182	825
1184	825
1184	826
1185	826
1185	831
1188	831
1188	832
1189	832
