1446	629
1447	629
1447	630
1448	630
1448	629
1449	629
1449	630
1453	630
1453	631
1454	631
1454	643
1461	643
1461	644
1462	644
1462	645
1468	645
1468	647
1477	647
1477	648
1485	648
1485	647
1487	647
1487	650
1486	650
1486	651
1482	651
1482	652
1481	652
1481	653
1479	653
1479	654
1478	654
1478	655
1477	655
1477	657
1476	657
1476	658
1475	658
1475	659
1473	659
1473	660
1472	660
1472	662
1471	662
1471	663
1470	663
1470	664
1468	664
1468	671
1469	671
1469	672
1472	672
1472	673
1473	673
1473	674
1482	674
1482	675
1484	675
1484	674
1485	674
1485	675
1486	675
1486	677
1485	677
1485	678
1486	678
1486	680
1490	680
1490	682
1491	682
1491	683
1495	683
1495	684
1497	684
1497	685
1498	685
1498	686
1499	686
1499	691
1500	691
1500	692
1501	692
1501	693
1504	693
1504	694
1507	694
1507	696
1510	696
1510	697
1512	697
1512	701
1513	701
1513	702
1520	702
1520	709
1523	709
1523	710
1528	710
1528	711
1537	711
1537	712
1538	712
1538	714
1535	714
1535	715
1531	715
1531	716
1530	716
1530	721
1526	721
1526	724
1525	724
1525	725
1524	725
1524	726
1521	726
1521	736
1529	736
1529	737
1530	737
1530	738
1531	738
1531	739
1533	739
1533	740
1534	740
1534	741
1536	741
1536	742
1539	742
1539	744
1540	744
1540	745
1546	745
1546	747
1548	747
1548	749
1549	749
1549	750
1553	750
1553	751
1554	751
1554	753
1557	753
1557	754
1558	754
1558	755
1565	755
1565	757
1566	757
1566	759
1567	759
1567	760
1569	760
1569	762
1570	762
1570	764
1571	764
1571	765
1574	765
1574	767
1575	767
1575	768
1576	768
1576	770
1577	770
1577	771
1578	771
1578	773
1579	773
1579	778
1571	778
1571	779
1569	779
1569	780
1568	780
1568	781
1566	781
1566	782
1565	782
1565	783
1562	783
1562	784
1561	784
1561	785
1559	785
1559	786
1558	786
1558	787
1557	787
1557	789
1555	789
1555	790
1554	790
1554	791
1553	791
1553	798
1557	798
1557	799
1561	799
1561	802
1566	802
1566	803
1570	803
1570	804
1573	804
1573	806
1574	806
1574	807
1578	807
1578	808
1583	808
1583	811
1584	811
1584	814
1585	814
1585	815
1586	815
1586	816
1589	816
1589	818
1590	818
1590	819
1591	819
1591	820
1593	820
1593	821
1594	821
1594	822
1597	822
1597	823
1599	823
1599	824
1602	824
1602	825
1604	825
1604	829
1605	829
1605	832
1606	832
1606	835
1607	835
1607	836
1609	836
1609	837
1610	837
1610	840
1611	840
1611	841
1614	841
1614	842
1615	842
1615	843
1616	843
1616	845
1617	845
1617	849
1614	849
1614	848
1611	848
1611	849
1609	849
1609	848
1607	848
1607	849
1604	849
1604	852
1602	852
1602	853
1601	853
1601	854
1597	854
1597	855
1596	855
1596	856
1592	856
1592	858
1590	858
1590	859
1588	859
1588	860
1587	860
1587	869
1588	869
1588	870
1589	870
1589	871
1596	871
1596	872
1597	872
1597	874
1602	874
1602	875
1604	875
1604	876
1605	876
1605	877
1606	877
1606	878
1608	878
1608	879
1610	879
1610	882
1611	882
1611	883
1619	883
1619	888
1621	888
1621	892
1622	892
1622	894
1623	894
1623	895
1624	895
1624	896
1627	896
1627	898
1628	898
1628	899
1631	899
1631	901
1636	901
1636	902
1639	902
1639	903
1641	903
1641	904
1642	904
1642	906
1644	906
1644	909
1646	909
1646	910
1648	910
1648	912
1649	912
1649	913
1650	913
1650	915
1651	915
1651	916
1652	916
1652	917
1653	917
1653	920
1651	920
1651	921
1649	921
1649	920
1648	920
1648	921
1645	921
1645	922
1642	922
1642	923
1641	923
1641	924
1639	924
1639	925
1637	925
1637	928
1633	928
1633	929
1632	929
1632	930
1631	930
1631	936
1632	936
1632	940
1640	940
1640	942
1642	942
1642	943
1644	943
1644	944
1646	944
1646	945
1654	945
1654	950
1656	950
1656	951
1657	951
1657	953
1659	953
1659	954
1660	954
1660	955
1661	955
1661	956
1662	956
1662	957
1663	957
1663	959
1664	959
1664	961
1665	961
1665	963
1669	963
1669	965
1670	965
1670	967
1671	967
1671	968
1675	968
1675	969
1676	969
1676	970
1677	970
1677	971
1679	971
1679	972
1680	972
1680	973
1681	973
1681	976
1685	976
1685	978
1686	978
1686	980
1687	980
1687	981
1688	981
1688	983
1689	983
1689	985
1690	985
1690	989
1685	989
1685	990
1681	990
1681	991
1680	991
1680	992
1677	992
1677	993
1676	993
1676	994
1674	994
1674	993
1673	993
1673	994
1672	994
1672	996
1669	996
1669	997
1668	997
1668	998
1667	998
1667	999
1664	999
1664	1000
1663	1000
1663	1007
1664	1007
1664	1008
1667	1008
1667	1009
1670	1009
1670	1011
1671	1011
1671	1012
1674	1012
1674	1013
1678	1013
1678	1014
1679	1014
1679	1015
1681	1015
1681	1017
1683	1017
1683	1018
1685	1018
1685	1019
1686	1019
1686	1020
1687	1020
1687	1021
1689	1021
1689	1024
1690	1024
1690	1025
1694	1025
1694	1029
1696	1029
1696	1030
1697	1030
1697	1031
1698	1031
1698	1032
1699	1032
1699	1034
1701	1034
1701	1035
1703	1035
1703	1037
1704	1037
1704	1038
1707	1038
1707	1041
1708	1041
1708	1042
1709	1042
1709	1043
1711	1043
1711	1044
1712	1044
1712	1043
1713	1043
1713	1042
1714	1042
1714	1043
1716	1043
1716	1048
1717	1048
1717	1047
1718	1047
1718	1050
1719	1050
1719	1051
1722	1051
1722	1052
1723	1052
1723	1055
1725	1055
1725	1059
1726	1059
1726	1060
1727	1060
1727	1061
1728	1061
1728	1064
1722	1064
1722	1065
1717	1065
1717	1066
1716	1066
1716	1067
1715	1067
1715	1068
1713	1068
1713	1069
1712	1069
1712	1070
1708	1070
1708	1072
1707	1072
1707	1073
1704	1073
1704	1074
1703	1074
1703	1076
1699	1076
1699	1082
1698	1082
1698	1083
1699	1083
1699	1085
1703	1085
1703	1086
1708	1086
1708	1087
1711	1087
1711	1088
1713	1088
1713	1089
1716	1089
1716	1091
1722	1091
1722	1093
1723	1093
1723	1094
1725	1094
1725	1095
1727	1095
1727	1096
1728	1096
1728	1095
1729	1095
1729	1096
1730	1096
1730	1097
1731	1097
1731	1098
1734	1098
1734	1099
1735	1099
1735	1100
1737	1100
1737	1103
1738	1103
1738	1104
1736	1104
1736	1105
1734	1105
1734	1107
1733	1107
1733	1109
1732	1109
1732	1113
1733	1113
1733	1115
1734	1115
1734	1117
1735	1117
1735	1119
1738	1119
1738	1120
1742	1120
1742	1121
1743	1121
1743	1122
1744	1122
1744	1123
1745	1123
1745	1125
1746	1125
1746	1124
1747	1124
1747	1126
1748	1126
1748	1127
1749	1127
1749	1128
1751	1128
1751	1131
1752	1131
1752	1133
1753	1133
1753	1134
1756	1134
1756	1135
1757	1135
1757	1136
1758	1136
1758	1138
1759	1138
1759	1139
1760	1139
1760	1140
1761	1140
1761	1141
1763	1141
1763	1144
1764	1144
1764	1145
1765	1145
1765	1148
1766	1148
1766	1149
1767	1149
1767	1151
1768	1151
1768	1153
1767	1153
1767	1154
1761	1154
1761	1155
1757	1155
1757	1156
1756	1156
1756	1157
1754	1157
1754	1158
1752	1158
1752	1162
1750	1162
1750	1163
1749	1163
1749	1164
1748	1164
1748	1165
1747	1165
1747	1172
1748	1172
1748	1173
1749	1173
1749	1174
1750	1174
1750	1175
1754	1175
1754	1176
1755	1176
1755	1178
1757	1178
1757	1180
1762	1180
1762	1182
1764	1182
1764	1183
1765	1183
1765	1184
1767	1184
1767	1186
1768	1186
1768	1187
1769	1187
1769	1188
1770	1188
1770	1190
1772	1190
1772	1192
1774	1192
1774	1194
1775	1194
1775	1195
1777	1195
1777	1197
1779	1197
1779	1200
1781	1200
1781	1201
1783	1201
1783	1202
1784	1202
1784	1205
1783	1205
1783	1206
1782	1206
1782	1207
1781	1207
1781	1208
1779	1208
1779	1216
1780	1216
1780	1217
1781	1217
1781	1218
1784	1218
1784	1219
1787	1219
1787	1220
1789	1220
1789	1221
1790	1221
1790	1222
1791	1222
1791	1223
1792	1223
1792	1224
1793	1224
1793	1225
1795	1225
1795	1226
1797	1226
1797	1227
1796	1227
1796	1228
1797	1228
1797	1229
1800	1229
1800	1232
1801	1232
1801	1233
1802	1233
1802	1234
1803	1234
1803	1235
1804	1235
1804	1237
1805	1237
1805	1240
1806	1240
1806	1241
1805	1241
1805	1244
1799	1244
1799	1245
1796	1245
1796	1246
1792	1246
1792	1247
1790	1247
1790	1248
1788	1248
1788	1249
1787	1249
1787	1250
1788	1250
1788	1257
1789	1257
1789	1258
1790	1258
1790	1259
1792	1259
1792	1260
1796	1260
1796	1261
1797	1261
1797	1262
1800	1262
1800	1264
1801	1264
1801	1266
1802	1266
1802	1265
1803	1265
1803	1266
1804	1266
1804	1267
1805	1267
1805	1268
1806	1268
1806	1269
1808	1269
1808	1270
1809	1270
1809	1271
1808	1271
1808	1272
1809	1272
1809	1273
1810	1273
1810	1274
1811	1274
1811	1275
1812	1275
1812	1276
1814	1276
1814	1278
1816	1278
1816	1279
1817	1279
1817	1281
1818	1281
1818	1282
1820	1282
1820	1283
1821	1283
1821	1284
1822	1284
1822	1285
1823	1285
1823	1286
1824	1286
1824	1288
1825	1288
1825	1290
1826	1290
1826	1291
1827	1291
1827	1295
1828	1295
1828	1296
1829	1296
1829	1298
1823	1298
1823	1299
1819	1299
1819	1301
1816	1301
1816	1303
1812	1303
1812	1304
1811	1304
1811	1312
1813	1312
1813	1313
1814	1313
1814	1314
1815	1314
1815	1315
1818	1315
1818	1317
1820	1317
1820	1318
1822	1318
1822	1319
1824	1319
1824	1320
1825	1320
1825	1322
1827	1322
1827	1323
1828	1323
1828	1326
1831	1326
1831	1328
1832	1328
1832	1330
1833	1330
1833	1331
1835	1331
1835	1332
1836	1332
1836	1334
1837	1334
1837	1336
1839	1336
1839	1338
1840	1338
1840	1340
1842	1340
1842	1341
1843	1341
1843	1342
1844	1342
1844	1344
1846	1344
1846	1346
1848	1346
1848	1349
1852	1349
1852	1353
1854	1353
1854	1354
1853	1354
1853	1355
1851	1355
1851	1356
1849	1356
1849	1357
1848	1357
1848	1358
1847	1358
1847	1359
1846	1359
1846	1360
1844	1360
1844	1361
1843	1361
1843	1368
1845	1368
1845	1370
1846	1370
1846	1371
1848	1371
1848	1372
1849	1372
1849	1373
1850	1373
1850	1375
1852	1375
1852	1376
1853	1376
1853	1378
1854	1378
1854	1379
1855	1379
1855	1380
1856	1380
1856	1381
1857	1381
1857	1382
1858	1382
1858	1385
1859	1385
1859	1388
1862	1388
1862	1390
1863	1390
1863	1392
1864	1392
1864	1393
1865	1393
1865	1394
1866	1394
1866	1397
1868	1397
1868	1399
1870	1399
1870	1402
1871	1402
1871	1403
1874	1403
1874	1404
1875	1404
1875	1405
1876	1405
1876	1408
1875	1408
1875	1409
1873	1409
1873	1411
1874	1411
1874	1417
1875	1417
1875	1418
1876	1418
1876	1419
1877	1419
1877	1421
1878	1421
1878	1422
1879	1422
1879	1423
1881	1423
1881	1427
1883	1427
1883	1428
1884	1428
1884	1430
1885	1430
1885	1433
1886	1433
1886	1434
1887	1434
1887	1435
1888	1435
1888	1436
1889	1436
1889	1438
1890	1438
1890	1442
1892	1442
1892	1443
1894	1443
1894	1447
1896	1447
1896	1448
1897	1448
1897	1449
1898	1449
1898	1450
1899	1450
1899	1451
1900	1451
1900	1452
1901	1452
1901	1455
1903	1455
1903	1456
1904	1456
1904	1457
1905	1457
1905	1459
1906	1459
1906	1460
1907	1460
1907	1462
1908	1462
1908	1464
1910	1464
1910	1466
1912	1466
1912	1468
1913	1468
1913	1469
1914	1469
1914	1470
1915	1470
1915	1471
1916	1471
1916	1472
1917	1472
1917	1474
1918	1474
1918	1475
1919	1475
1919	1476
1920	1476
1920	1478
1921	1478
1921	1482
1924	1482
1924	1484
1925	1484
1925	1487
1927	1487
1927	1489
1929	1489
1929	1494
1930	1494
1930	1495
1931	1495
1931	1496
1926	1496
1926	1495
1924	1495
1924	1496
1923	1496
1923	1495
1922	1495
1922	1494
1918	1494
1918	1493
1913	1493
1913	1491
1911	1491
1911	1490
1907	1490
1907	1489
1906	1489
1906	1488
1904	1488
1904	1486
1900	1486
1900	1484
1896	1484
1896	1483
1895	1483
1895	1482
1894	1482
1894	1481
1893	1481
1893	1480
1892	1480
1892	1479
1891	1479
1891	1478
1889	1478
1889	1477
1887	1477
1887	1475
1884	1475
1884	1474
1883	1474
1883	1473
1882	1473
1882	1472
1879	1472
1879	1471
1878	1471
1878	1469
1874	1469
1874	1467
1872	1467
1872	1466
1871	1466
1871	1465
1870	1465
1870	1464
1869	1464
1869	1462
1867	1462
1867	1461
1860	1461
1860	1456
1859	1456
1859	1455
1858	1455
1858	1454
1857	1454
1857	1453
1856	1453
1856	1451
1854	1451
1854	1450
1853	1450
1853	1449
1852	1449
1852	1447
1851	1447
1851	1446
1847	1446
1847	1444
1846	1444
1846	1443
1844	1443
1844	1442
1843	1442
1843	1439
1842	1439
1842	1438
1838	1438
1838	1436
1837	1436
1837	1435
1834	1435
1834	1433
1833	1433
1833	1432
1829	1432
1829	1429
1825	1429
1825	1427
1824	1427
1824	1426
1821	1426
1821	1425
1820	1425
1820	1424
1818	1424
1818	1422
1815	1422
1815	1421
1814	1421
1814	1420
1813	1420
1813	1419
1812	1419
1812	1418
1810	1418
1810	1417
1809	1417
1809	1415
1808	1415
1808	1413
1806	1413
1806	1412
1805	1412
1805	1411
1804	1411
1804	1410
1803	1410
1803	1408
1802	1408
1802	1407
1792	1407
1792	1409
1788	1409
1788	1411
1787	1411
1787	1413
1782	1413
1782	1412
1781	1412
1781	1410
1780	1410
1780	1409
1779	1409
1779	1408
1778	1408
1778	1407
1777	1407
1777	1406
1776	1406
1776	1403
1775	1403
1775	1402
1772	1402
1772	1400
1771	1400
1771	1399
1768	1399
1768	1398
1767	1398
1767	1396
1765	1396
1765	1395
1763	1395
1763	1393
1762	1393
1762	1391
1758	1391
1758	1387
1754	1387
1754	1383
1753	1383
1753	1382
1750	1382
1750	1381
1749	1381
1749	1378
1747	1378
1747	1374
1746	1374
1746	1373
1744	1373
1744	1371
1743	1371
1743	1367
1742	1367
1742	1365
1741	1365
1741	1364
1738	1364
1738	1365
1737	1365
1737	1364
1734	1364
1734	1365
1732	1365
1732	1366
1730	1366
1730	1368
1729	1368
1729	1369
1726	1369
1726	1371
1725	1371
1725	1373
1724	1373
1724	1376
1722	1376
1722	1375
1721	1375
1721	1374
1720	1374
1720	1373
1717	1373
1717	1372
1716	1372
1716	1371
1715	1371
1715	1370
1714	1370
1714	1368
1712	1368
1712	1365
1711	1365
1711	1364
1710	1364
1710	1362
1709	1362
1709	1360
1706	1360
1706	1358
1705	1358
1705	1355
1702	1355
1702	1353
1701	1353
1701	1351
1700	1351
1700	1350
1701	1350
1701	1349
1700	1349
1700	1347
1699	1347
1699	1346
1696	1346
1696	1342
1695	1342
1695	1341
1694	1341
1694	1340
1693	1340
1693	1339
1692	1339
1692	1338
1690	1338
1690	1337
1688	1337
1688	1335
1687	1335
1687	1330
1685	1330
1685	1328
1684	1328
1684	1327
1685	1327
1685	1326
1684	1326
1684	1325
1683	1325
1683	1320
1681	1320
1681	1317
1680	1317
1680	1314
1672	1314
1672	1316
1668	1316
1668	1320
1666	1320
1666	1323
1665	1323
1665	1325
1664	1325
1664	1326
1663	1326
1663	1329
1662	1329
1662	1333
1658	1333
1658	1331
1657	1331
1657	1332
1655	1332
1655	1331
1653	1331
1653	1330
1652	1330
1652	1329
1651	1329
1651	1328
1650	1328
1650	1327
1649	1327
1649	1326
1648	1326
1648	1325
1647	1325
1647	1324
1644	1324
1644	1323
1643	1323
1643	1320
1642	1320
1642	1319
1640	1319
1640	1318
1639	1318
1639	1316
1637	1316
1637	1315
1634	1315
1634	1311
1632	1311
1632	1307
1630	1307
1630	1303
1629	1303
1629	1302
1625	1302
1625	1298
1623	1298
1623	1294
1622	1294
1622	1293
1621	1293
1621	1291
1620	1291
1620	1289
1619	1289
1619	1288
1618	1288
1618	1284
1617	1284
1617	1281
1616	1281
1616	1276
1615	1276
1615	1272
1614	1272
1614	1269
1613	1269
1613	1267
1606	1267
1606	1268
1605	1268
1605	1269
1604	1269
1604	1270
1603	1270
1603	1272
1602	1272
1602	1275
1596	1275
1596	1276
1595	1276
1595	1282
1594	1282
1594	1283
1593	1283
1593	1284
1590	1284
1590	1283
1588	1283
1588	1281
1587	1281
1587	1280
1584	1280
1584	1279
1583	1279
1583	1278
1581	1278
1581	1274
1578	1274
1578	1273
1576	1273
1576	1271
1575	1271
1575	1270
1574	1270
1574	1267
1573	1267
1573	1266
1572	1266
1572	1263
1571	1263
1571	1261
1570	1261
1570	1258
1568	1258
1568	1254
1567	1254
1567	1253
1566	1253
1566	1249
1564	1249
1564	1248
1563	1248
1563	1241
1562	1241
1562	1240
1559	1240
1559	1238
1558	1238
1558	1237
1557	1237
1557	1232
1556	1232
1556	1231
1555	1231
1555	1230
1554	1230
1554	1225
1553	1225
1553	1223
1552	1223
1552	1214
1551	1214
1551	1206
1550	1206
1550	1205
1539	1205
1539	1209
1535	1209
1535	1210
1534	1210
1534	1214
1530	1214
1530	1217
1529	1217
1529	1218
1526	1218
1526	1221
1525	1221
1525	1223
1524	1223
1524	1227
1522	1227
1522	1226
1520	1226
1520	1225
1519	1225
1519	1223
1518	1223
1518	1222
1515	1222
1515	1219
1514	1219
1514	1218
1512	1218
1512	1215
1511	1215
1511	1213
1510	1213
1510	1210
1509	1210
1509	1209
1508	1209
1508	1207
1507	1207
1507	1205
1506	1205
1506	1204
1507	1204
1507	1203
1506	1203
1506	1202
1505	1202
1505	1200
1504	1200
1504	1196
1503	1196
1503	1194
1502	1194
1502	1192
1501	1192
1501	1191
1500	1191
1500	1190
1499	1190
1499	1187
1498	1187
1498	1183
1497	1183
1497	1182
1496	1182
1496	1181
1497	1181
1497	1179
1496	1179
1496	1178
1495	1178
1495	1175
1494	1175
1494	1170
1493	1170
1493	1166
1492	1166
1492	1147
1482	1147
1482	1148
1481	1148
1481	1150
1477	1150
1477	1153
1473	1153
1473	1155
1472	1155
1472	1156
1470	1156
1470	1157
1469	1157
1469	1159
1468	1159
1468	1160
1467	1160
1467	1161
1466	1161
1466	1164
1465	1164
1465	1165
1463	1165
1463	1164
1462	1164
1462	1161
1460	1161
1460	1160
1457	1160
1457	1156
1456	1156
1456	1155
1454	1155
1454	1152
1453	1152
1453	1151
1452	1151
1452	1147
1450	1147
1450	1143
1449	1143
1449	1142
1448	1142
1448	1135
1447	1135
1447	1133
1446	1133
1446	1130
1445	1130
1445	1126
1444	1126
1444	1124
1443	1124
1443	1116
1442	1116
1442	1104
1441	1104
1441	1098
1442	1098
1442	1089
1441	1089
1441	1088
1433	1088
1433	1090
1431	1090
1431	1091
1428	1091
1428	1092
1425	1092
1425	1093
1424	1093
1424	1095
1419	1095
1419	1098
1415	1098
1415	1101
1411	1101
1411	1100
1410	1100
1410	1094
1407	1094
1407	1093
1406	1093
1406	1089
1405	1089
1405	1085
1403	1085
1403	1080
1402	1080
1402	1077
1401	1077
1401	1072
1400	1072
1400	1067
1399	1067
1399	1064
1398	1064
1398	1059
1397	1059
1397	1054
1396	1054
1396	1047
1397	1047
1397	1044
1396	1044
1396	1043
1397	1043
1397	1041
1398	1041
1398	1031
1388	1031
1388	1034
1387	1034
1387	1035
1386	1035
1386	1036
1384	1036
1384	1041
1379	1041
1379	1042
1378	1042
1378	1043
1377	1043
1377	1046
1376	1046
1376	1045
1374	1045
1374	1044
1373	1044
1373	1043
1372	1043
1372	1041
1370	1041
1370	1040
1369	1040
1369	1038
1368	1038
1368	1036
1365	1036
1365	1034
1366	1034
1366	1033
1365	1033
1365	1032
1363	1032
1363	1031
1362	1031
1362	1028
1361	1028
1361	1027
1360	1027
1360	1026
1359	1026
1359	1023
1358	1023
1358	1021
1357	1021
1357	1019
1358	1019
1358	1017
1357	1017
1357	1016
1355	1016
1355	1010
1354	1010
1354	1009
1353	1009
1353	1005
1351	1005
1351	1002
1350	1002
1350	992
1347	992
1347	987
1346	987
1346	983
1345	983
1345	981
1346	981
1346	980
1345	980
1345	978
1344	978
1344	977
1343	977
1343	972
1344	972
1344	969
1345	969
1345	963
1346	963
1346	961
1347	961
1347	954
1346	954
1346	953
1338	953
1338	954
1337	954
1337	953
1336	953
1336	954
1335	954
1335	955
1332	955
1332	956
1331	956
1331	957
1330	957
1330	958
1326	958
1326	960
1324	960
1324	961
1323	961
1323	960
1322	960
1322	961
1321	961
1321	962
1317	962
1317	964
1316	964
1316	965
1315	965
1315	967
1314	967
1314	968
1313	968
1313	967
1312	967
1312	966
1311	966
1311	964
1310	964
1310	961
1309	961
1309	960
1308	960
1308	956
1306	956
1306	952
1305	952
1305	950
1304	950
1304	937
1303	937
1303	929
1302	929
1302	923
1301	923
1301	916
1300	916
1300	913
1299	913
1299	903
1297	903
1297	902
1296	902
1296	901
1297	901
1297	899
1295	899
1295	891
1296	891
1296	890
1297	890
1297	881
1298	881
1298	879
1299	879
1299	872
1298	872
1298	871
1291	871
1291	872
1290	872
1290	873
1282	873
1282	874
1281	874
1281	875
1278	875
1278	876
1273	876
1273	879
1269	879
1269	880
1268	880
1268	889
1269	889
1269	891
1270	891
1270	892
1271	892
1271	895
1272	895
1272	896
1273	896
1273	900
1274	900
1274	901
1275	901
1275	904
1276	904
1276	905
1277	905
1277	909
1278	909
1278	910
1280	910
1280	912
1281	912
1281	914
1282	914
1282	919
1283	919
1283	920
1284	920
1284	922
1285	922
1285	923
1286	923
1286	927
1287	927
1287	928
1288	928
1288	936
1289	936
1289	951
1288	951
1288	950
1257	950
1257	951
1254	951
1254	961
1255	961
1255	962
1256	962
1256	963
1257	963
1257	964
1258	964
1258	967
1262	967
1262	971
1263	971
1263	972
1264	972
1264	975
1265	975
1265	977
1266	977
1266	978
1267	978
1267	980
1268	980
1268	984
1270	984
1270	993
1271	993
1271	994
1272	994
1272	998
1273	998
1273	1003
1274	1003
1274	1005
1275	1005
1275	1011
1276	1011
1276	1012
1277	1012
1277	1020
1278	1020
1278	1021
1279	1021
1279	1024
1280	1024
1280	1026
1281	1026
1281	1042
1280	1042
1280	1050
1279	1050
1279	1051
1277	1051
1277	1050
1276	1050
1276	1049
1275	1049
1275	1048
1274	1048
1274	1047
1264	1047
1264	1046
1248	1046
1248	1047
1247	1047
1247	1054
1248	1054
1248	1055
1249	1055
1249	1056
1250	1056
1250	1059
1251	1059
1251	1060
1253	1060
1253	1061
1254	1061
1254	1065
1256	1065
1256	1066
1257	1066
1257	1068
1258	1068
1258	1071
1260	1071
1260	1073
1261	1073
1261	1075
1262	1075
1262	1077
1263	1077
1263	1078
1264	1078
1264	1082
1265	1082
1265	1083
1266	1083
1266	1084
1267	1084
1267	1085
1268	1085
1268	1095
1269	1095
1269	1096
1271	1096
1271	1100
1272	1100
1272	1101
1273	1101
1273	1109
1274	1109
1274	1111
1275	1111
1275	1112
1276	1112
1276	1114
1277	1114
1277	1127
1276	1127
1276	1129
1275	1129
1275	1130
1274	1130
1274	1136
1273	1136
1273	1137
1270	1137
1270	1134
1266	1134
1266	1132
1262	1132
1262	1131
1256	1131
1256	1130
1255	1130
1255	1129
1238	1129
1238	1130
1237	1130
1237	1140
1238	1140
1238	1141
1239	1141
1239	1143
1240	1143
1240	1144
1241	1144
1241	1147
1242	1147
1242	1148
1243	1148
1243	1149
1244	1149
1244	1152
1245	1152
1245	1155
1246	1155
1246	1158
1248	1158
1248	1161
1249	1161
1249	1162
1250	1162
1250	1166
1251	1166
1251	1167
1252	1167
1252	1170
1253	1170
1253	1178
1248	1178
1248	1188
1249	1188
1249	1192
1250	1192
1250	1194
1251	1194
1251	1197
1252	1197
1252	1200
1253	1200
1253	1206
1254	1206
1254	1207
1255	1207
1255	1227
1254	1227
1254	1230
1253	1230
1253	1234
1252	1234
1252	1236
1251	1236
1251	1237
1250	1237
1250	1238
1249	1238
1249	1236
1248	1236
1248	1234
1244	1234
1244	1233
1241	1233
1241	1232
1239	1232
1239	1231
1232	1231
1232	1230
1230	1230
1230	1229
1220	1229
1220	1238
1221	1238
1221	1240
1222	1240
1222	1242
1224	1242
1224	1246
1225	1246
1225	1247
1226	1247
1226	1248
1227	1248
1227	1251
1228	1251
1228	1252
1229	1252
1229	1254
1228	1254
1228	1255
1230	1255
1230	1256
1231	1256
1231	1258
1232	1258
1232	1262
1233	1262
1233	1268
1234	1268
1234	1272
1235	1272
1235	1295
1236	1295
1236	1296
1237	1296
1237	1302
1236	1302
1236	1307
1235	1307
1235	1312
1234	1312
1234	1315
1233	1315
1233	1316
1232	1316
1232	1315
1231	1315
1231	1314
1230	1314
1230	1313
1219	1313
1219	1312
1216	1312
1216	1311
1210	1311
1210	1310
1199	1310
1199	1318
1200	1318
1200	1319
1201	1319
1201	1320
1202	1320
1202	1324
1203	1324
1203	1326
1205	1326
1205	1330
1206	1330
1206	1335
1208	1335
1208	1336
1209	1336
1209	1340
1210	1340
1210	1346
1211	1346
1211	1353
1212	1353
1212	1356
1213	1356
1213	1361
1214	1361
1214	1367
1215	1367
1215	1374
1216	1374
1216	1378
1217	1378
1217	1397
1216	1397
1216	1401
1215	1401
1215	1402
1214	1402
1214	1404
1213	1404
1213	1405
1212	1405
1212	1407
1211	1407
1211	1406
1210	1406
1210	1405
1209	1405
1209	1404
1208	1404
1208	1403
1207	1403
1207	1402
1203	1402
1203	1401
1199	1401
1199	1399
1194	1399
1194	1398
1178	1398
1178	1407
1179	1407
1179	1410
1178	1410
1178	1411
1180	1411
1180	1413
1181	1413
1181	1414
1182	1414
1182	1416
1183	1416
1183	1419
1184	1419
1184	1428
1186	1428
1186	1430
1187	1430
1187	1472
1186	1472
1186	1476
1185	1476
1185	1480
1184	1480
1184	1485
1183	1485
1183	1489
1182	1489
1182	1490
1180	1490
1180	1489
1179	1489
1179	1488
1178	1488
1178	1487
1172	1487
1172	1486
1171	1486
1171	1484
1168	1484
1168	1483
1166	1483
1166	1482
1151	1482
1151	1490
1152	1490
1152	1492
1153	1492
1153	1496
1154	1496
1154	1498
1155	1498
1155	1499
1154	1499
1154	1500
1155	1500
1155	1502
1156	1502
1156	1506
1157	1506
1157	1525
1156	1525
1156	1532
1157	1532
1157	1556
1156	1556
1156	1558
1155	1558
1155	1563
1154	1563
1154	1565
1150	1565
1150	1563
1146	1563
1146	1562
1145	1562
1145	1561
1137	1561
1137	1560
1133	1560
1133	1559
1124	1559
1124	1567
1125	1567
1125	1571
1126	1571
1126	1574
1127	1574
1127	1579
1128	1579
1128	1584
1129	1584
1129	1621
1128	1621
1128	1625
1127	1625
1127	1628
1126	1628
1126	1634
1125	1634
1125	1638
1124	1638
1124	1640
1122	1640
1122	1643
1116	1643
1116	1642
1114	1642
1114	1640
1113	1640
1113	1639
1107	1639
1107	1638
1098	1638
1098	1639
1093	1639
1093	1643
1092	1643
1092	1644
1093	1644
1093	1651
1094	1651
1094	1656
1095	1656
1095	1670
1094	1670
1094	1671
1093	1671
1093	1672
1092	1672
1092	1673
1093	1673
1093	1674
1092	1674
1092	1675
1091	1675
1091	1681
1090	1681
1090	1682
1089	1682
1089	1687
1088	1687
1088	1689
1087	1689
1087	1692
1086	1692
1086	1693
1085	1693
1085	1699
1084	1699
1084	1702
1082	1702
1082	1710
1081	1710
1081	1715
1080	1715
1080	1720
1079	1720
1079	1725
1078	1725
1078	1730
1077	1730
1077	1737
1075	1737
1075	1736
1073	1736
1073	1735
1066	1735
1066	1736
1060	1736
1060	1740
1059	1740
1059	1741
1060	1741
1060	1756
1061	1756
1061	1760
1060	1760
1060	1764
1058	1764
1058	1772
1057	1772
1057	1773
1056	1773
1056	1774
1055	1774
1055	1781
1054	1781
1054	1793
1053	1793
1053	1797
1052	1797
1052	1800
1051	1800
1051	1810
1052	1810
1052	1813
1051	1813
1051	1814
1047	1814
1047	1815
1046	1815
1046	1838
1045	1838
1045	1845
1044	1845
1044	1853
1043	1853
1043	1857
1042	1857
1042	1862
1041	1862
1041	1866
1040	1866
1040	1867
1039	1867
1039	1873
1038	1873
1038	1875
1037	1875
1037	1876
1036	1876
1036	1881
1035	1881
1035	1888
1033	1888
1033	1893
1032	1893
1032	1894
1031	1894
1031	1896
1029	1896
1029	1897
1028	1897
1028	1896
1027	1896
1027	1894
1026	1894
1026	1893
1025	1893
1025	1891
1024	1891
1024	1888
1023	1888
1023	1884
1022	1884
1022	1880
1021	1880
1021	1879
1022	1879
1022	1876
1021	1876
1021	1872
1020	1872
1020	1870
1019	1870
1019	1866
1018	1866
1018	1862
1017	1862
1017	1844
1016	1844
1016	1843
1015	1843
1015	1834
1014	1834
1014	1827
1013	1827
1013	1822
1012	1822
1012	1816
1011	1816
1011	1812
1010	1812
1010	1803
1009	1803
1009	1800
1008	1800
1008	1791
1007	1791
1007	1788
1006	1788
1006	1768
1005	1768
1005	1767
1004	1767
1004	1766
1003	1766
1003	1765
999	1765
999	1764
994	1764
994	1761
995	1761
995	1738
994	1738
994	1725
995	1725
995	1708
987	1708
987	1709
982	1709
982	1708
979	1708
979	1709
978	1709
978	1710
977	1710
977	1711
976	1711
976	1709
975	1709
975	1697
974	1697
974	1672
975	1672
975	1657
976	1657
976	1656
977	1656
977	1651
978	1651
978	1647
979	1647
979	1646
980	1646
980	1637
963	1637
963	1638
959	1638
959	1639
957	1639
957	1640
954	1640
954	1632
955	1632
955	1622
956	1622
956	1615
957	1615
957	1610
958	1610
958	1606
959	1606
959	1604
960	1604
960	1603
959	1603
959	1601
960	1601
960	1588
961	1588
961	1578
960	1578
960	1577
959	1577
959	1573
958	1573
958	1563
959	1563
959	1561
960	1561
960	1556
961	1556
961	1552
962	1552
962	1551
963	1551
963	1548
964	1548
964	1547
965	1547
965	1544
966	1544
966	1543
967	1543
967	1542
968	1542
968	1540
969	1540
969	1531
949	1531
949	1532
940	1532
940	1533
934	1533
934	1532
933	1532
933	1527
934	1527
934	1522
935	1522
935	1518
936	1518
936	1513
937	1513
937	1512
938	1512
938	1509
939	1509
939	1507
940	1507
940	1504
941	1504
941	1503
942	1503
942	1489
943	1489
943	1486
942	1486
942	1483
943	1483
943	1481
944	1481
944	1475
945	1475
945	1473
946	1473
946	1467
947	1467
947	1465
948	1465
948	1463
949	1463
949	1462
950	1462
950	1458
951	1458
951	1457
952	1457
952	1454
953	1454
953	1451
955	1451
955	1443
954	1443
954	1442
932	1442
932	1443
931	1443
931	1444
927	1444
927	1445
926	1445
926	1446
924	1446
924	1445
922	1445
922	1443
923	1443
923	1441
924	1441
924	1432
925	1432
925	1424
926	1424
926	1420
927	1420
927	1419
928	1419
928	1414
929	1414
929	1390
930	1390
930	1387
931	1387
931	1385
930	1385
930	1383
931	1383
931	1380
932	1380
932	1379
933	1379
933	1375
935	1375
935	1371
937	1371
937	1368
938	1368
938	1367
939	1367
939	1364
940	1364
940	1362
941	1362
941	1357
940	1357
940	1356
938	1356
938	1355
937	1355
937	1354
919	1354
919	1355
918	1355
918	1354
914	1354
914	1356
912	1356
912	1357
909	1357
909	1353
908	1353
908	1352
909	1352
909	1344
910	1344
910	1340
912	1340
912	1338
913	1338
913	1334
914	1334
914	1331
915	1331
915	1327
916	1327
916	1324
917	1324
917	1321
918	1321
918	1320
919	1320
919	1317
920	1317
920	1309
921	1309
921	1300
924	1300
924	1296
925	1296
925	1295
926	1295
926	1291
928	1291
928	1288
929	1288
929	1287
930	1287
930	1285
931	1285
931	1282
932	1282
932	1281
933	1281
933	1277
934	1277
934	1276
935	1276
935	1275
936	1275
936	1274
937	1274
937	1273
938	1273
938	1271
939	1271
939	1268
940	1268
940	1261
939	1261
939	1260
936	1260
936	1259
917	1259
917	1260
916	1260
916	1259
915	1259
915	1260
904	1260
904	1261
903	1261
903	1263
902	1263
902	1262
900	1262
900	1257
901	1257
901	1255
902	1255
902	1250
903	1250
903	1247
904	1247
904	1241
905	1241
905	1238
906	1238
906	1237
907	1237
907	1232
908	1232
908	1230
909	1230
909	1229
910	1229
910	1228
911	1228
911	1224
913	1224
913	1218
914	1218
914	1216
915	1216
915	1210
914	1210
914	1209
912	1209
912	1208
913	1208
913	1206
912	1206
912	1205
913	1205
913	1204
912	1204
912	1203
913	1203
913	1202
915	1202
915	1197
916	1197
916	1196
915	1196
915	1195
916	1195
916	1194
919	1194
919	1193
920	1193
920	1191
921	1191
921	1189
923	1189
923	1188
924	1188
924	1185
925	1185
925	1184
926	1184
926	1182
927	1182
927	1181
928	1181
928	1179
929	1179
929	1178
930	1178
930	1177
931	1177
931	1176
932	1176
932	1175
933	1175
933	1168
931	1168
931	1167
920	1167
920	1166
909	1166
909	1167
906	1167
906	1168
904	1168
904	1169
899	1169
899	1165
898	1165
898	1164
899	1164
899	1157
900	1157
900	1154
901	1154
901	1152
902	1152
902	1144
903	1144
903	1142
904	1142
904	1138
906	1138
906	1136
907	1136
907	1134
908	1134
908	1133
909	1133
909	1131
910	1131
910	1130
911	1130
911	1127
912	1127
912	1125
913	1125
913	1122
915	1122
915	1113
916	1113
916	1111
917	1111
917	1106
918	1106
918	1104
919	1104
919	1103
920	1103
920	1099
921	1099
921	1097
922	1097
922	1096
923	1096
923	1095
925	1095
925	1092
926	1092
926	1091
928	1091
928	1089
930	1089
930	1088
931	1088
931	1087
932	1087
932	1086
933	1086
933	1085
934	1085
934	1084
935	1084
935	1083
938	1083
938	1074
918	1074
918	1075
909	1075
909	1076
905	1076
905	1077
903	1077
903	1078
902	1078
902	1080
900	1080
900	1079
899	1079
899	1070
898	1070
898	1066
899	1066
899	1063
900	1063
900	1060
901	1060
901	1058
902	1058
902	1055
903	1055
903	1051
904	1051
904	1050
905	1050
905	1049
906	1049
906	1046
907	1046
907	1045
908	1045
908	1042
909	1042
909	1039
910	1039
910	1038
911	1038
911	1037
912	1037
912	1034
914	1034
914	1033
915	1033
915	1029
916	1029
916	1028
917	1028
917	1027
918	1027
918	1026
919	1026
919	1023
920	1023
920	1021
921	1021
921	1019
922	1019
922	1018
923	1018
923	1016
925	1016
925	1015
926	1015
926	1012
927	1012
927	1011
928	1011
928	1009
929	1009
929	1008
931	1008
931	1007
933	1007
933	999
932	999
932	998
930	998
930	997
928	997
928	996
910	996
910	997
909	997
909	998
903	998
903	999
902	999
902	1000
900	1000
900	998
899	998
899	990
900	990
900	989
901	989
901	988
902	988
902	983
903	983
903	981
904	981
904	979
905	979
905	977
906	977
906	974
907	974
907	973
908	973
908	972
909	972
909	971
911	971
911	970
912	970
912	967
915	967
915	963
917	963
917	961
918	961
918	960
919	960
919	958
920	958
920	955
921	955
921	949
924	949
924	946
925	946
925	944
926	944
926	936
928	936
928	931
929	931
929	922
933	922
933	917
934	917
934	916
936	916
936	915
937	915
937	914
938	914
938	913
939	913
939	911
941	911
941	910
943	910
943	909
944	909
944	906
947	906
947	904
948	904
948	903
949	903
949	902
950	902
950	894
939	894
939	895
937	895
937	896
926	896
926	897
925	897
925	896
923	896
923	897
922	897
922	900
921	900
921	899
920	899
920	898
919	898
919	896
920	896
920	895
919	895
919	893
918	893
918	890
910	890
910	895
909	895
909	910
908	910
908	912
907	912
907	917
906	917
906	918
905	918
905	919
904	919
904	930
903	930
903	933
902	933
902	936
901	936
901	938
902	938
902	939
901	939
901	940
902	940
902	941
901	941
901	942
900	942
900	944
899	944
899	945
898	945
898	947
897	947
897	948
896	948
896	949
894	949
894	950
893	950
893	946
890	946
890	945
888	945
888	943
884	943
884	941
881	941
881	940
880	940
880	939
879	939
879	938
875	938
875	937
874	937
874	936
865	936
865	950
866	950
866	956
865	956
865	957
864	957
864	965
862	965
862	969
861	969
861	970
860	970
860	974
858	974
858	984
857	984
857	987
856	987
856	989
855	989
855	991
856	991
856	992
855	992
855	993
854	993
854	999
853	999
853	1001
852	1001
852	1008
849	1008
849	1009
847	1009
847	1014
846	1014
846	1015
845	1015
845	1017
843	1017
843	1019
842	1019
842	1021
841	1021
841	1022
839	1022
839	1021
838	1021
838	1020
837	1020
837	1019
836	1019
836	1018
834	1018
834	1017
833	1017
833	1016
832	1016
832	1015
831	1015
831	1014
827	1014
827	1013
826	1013
826	1012
824	1012
824	1011
819	1011
819	1008
811	1008
811	1009
810	1009
810	1031
809	1031
809	1032
808	1032
808	1036
807	1036
807	1040
806	1040
806	1041
805	1041
805	1045
804	1045
804	1051
803	1051
803	1054
801	1054
801	1056
800	1056
800	1057
801	1057
801	1058
800	1058
800	1062
799	1062
799	1063
798	1063
798	1067
796	1067
796	1072
794	1072
794	1075
793	1075
793	1076
792	1076
792	1077
791	1077
791	1080
790	1080
790	1081
789	1081
789	1084
788	1084
788	1085
786	1085
786	1088
785	1088
785	1089
783	1089
783	1091
780	1091
780	1090
779	1090
779	1086
776	1086
776	1085
771	1085
771	1081
770	1081
770	1080
768	1080
768	1079
767	1079
767	1077
765	1077
765	1076
758	1076
758	1099
757	1099
757	1108
756	1108
756	1111
755	1111
755	1112
754	1112
754	1116
753	1116
753	1119
752	1119
752	1120
749	1120
749	1125
746	1125
746	1133
745	1133
745	1134
743	1134
743	1140
741	1140
741	1141
740	1141
740	1143
738	1143
738	1147
736	1147
736	1149
735	1149
735	1150
734	1150
734	1151
732	1151
732	1152
731	1152
731	1153
730	1153
730	1154
729	1154
729	1155
727	1155
727	1156
726	1156
726	1152
725	1152
725	1151
724	1151
724	1150
723	1150
723	1149
720	1149
720	1147
716	1147
716	1145
715	1145
715	1143
712	1143
712	1142
711	1142
711	1139
710	1139
710	1138
700	1138
700	1146
701	1146
701	1154
700	1154
700	1162
699	1162
699	1166
698	1166
698	1179
687	1179
687	1184
686	1184
686	1187
685	1187
685	1192
684	1192
684	1196
682	1196
682	1198
681	1198
681	1202
680	1202
680	1203
679	1203
679	1204
677	1204
677	1205
676	1205
676	1209
672	1209
672	1211
671	1211
671	1212
672	1212
672	1213
670	1213
670	1214
669	1214
669	1215
668	1215
668	1216
667	1216
667	1217
666	1217
666	1218
663	1218
663	1222
661	1222
661	1223
660	1223
660	1225
658	1225
658	1226
657	1226
657	1227
656	1227
656	1226
655	1226
655	1219
654	1219
654	1214
648	1214
648	1212
647	1212
647	1209
644	1209
644	1207
643	1207
643	1205
635	1205
635	1217
634	1217
634	1218
633	1218
633	1219
632	1219
632	1234
631	1234
631	1235
630	1235
630	1236
629	1236
629	1240
625	1240
625	1244
624	1244
624	1245
623	1245
623	1249
621	1249
621	1250
620	1250
620	1253
619	1253
619	1255
618	1255
618	1258
617	1258
617	1259
616	1259
616	1262
615	1262
615	1263
614	1263
614	1267
612	1267
612	1268
610	1268
610	1269
609	1269
609	1272
608	1272
608	1275
607	1275
607	1276
606	1276
606	1277
605	1277
605	1278
604	1278
604	1279
603	1279
603	1281
602	1281
602	1282
600	1282
600	1283
598	1283
598	1285
594	1285
594	1281
593	1281
593	1280
591	1280
591	1276
589	1276
589	1275
588	1275
588	1274
587	1274
587	1272
586	1272
586	1271
582	1271
582	1269
580	1269
580	1268
579	1268
579	1267
578	1267
578	1266
570	1266
570	1269
569	1269
569	1271
568	1271
568	1272
567	1272
567	1280
566	1280
566	1281
565	1281
565	1285
564	1285
564	1289
563	1289
563	1293
561	1293
561	1294
560	1294
560	1298
558	1298
558	1302
556	1302
556	1303
555	1303
555	1307
553	1307
553	1308
554	1308
554	1310
553	1310
553	1311
550	1311
550	1315
549	1315
549	1316
547	1316
547	1317
546	1317
546	1319
547	1319
547	1320
546	1320
546	1321
545	1321
545	1324
543	1324
543	1325
542	1325
542	1329
540	1329
540	1330
539	1330
539	1331
538	1331
538	1332
537	1332
537	1333
536	1333
536	1335
532	1335
532	1337
531	1337
531	1339
530	1339
530	1340
527	1340
527	1338
526	1338
526	1337
525	1337
525	1335
524	1335
524	1333
521	1333
521	1332
520	1332
520	1331
519	1331
519	1330
517	1330
517	1329
516	1329
516	1327
515	1327
515	1326
508	1326
508	1327
507	1327
507	1334
506	1334
506	1336
505	1336
505	1338
503	1338
503	1343
502	1343
502	1347
501	1347
501	1351
499	1351
499	1353
498	1353
498	1354
499	1354
499	1355
498	1355
498	1356
496	1356
496	1360
495	1360
495	1361
494	1361
494	1362
493	1362
493	1363
492	1363
492	1364
491	1364
491	1365
490	1365
490	1369
489	1369
489	1370
488	1370
488	1373
485	1373
485	1378
483	1378
483	1377
482	1377
482	1382
479	1382
479	1384
478	1384
478	1386
476	1386
476	1387
474	1387
474	1385
473	1385
473	1382
470	1382
470	1381
469	1381
469	1380
468	1380
468	1379
467	1379
467	1378
462	1378
462	1377
461	1377
461	1378
458	1378
458	1382
457	1382
457	1383
456	1383
456	1387
455	1387
455	1388
454	1388
454	1391
452	1391
452	1395
451	1395
451	1397
450	1397
450	1398
451	1398
451	1400
450	1400
450	1401
446	1401
446	1402
445	1402
445	1403
444	1403
444	1404
443	1404
443	1409
439	1409
439	1413
437	1413
437	1414
436	1414
436	1417
435	1417
435	1418
432	1418
432	1419
433	1419
433	1420
432	1420
432	1421
431	1421
431	1422
430	1422
430	1423
429	1423
429	1424
428	1424
428	1425
427	1425
427	1426
426	1426
426	1427
425	1427
425	1428
424	1428
424	1427
423	1427
423	1425
422	1425
422	1424
420	1424
420	1425
419	1425
419	1424
412	1424
412	1427
410	1427
410	1432
409	1432
409	1433
408	1433
408	1434
407	1434
407	1435
405	1435
405	1436
404	1436
404	1437
405	1437
405	1438
404	1438
404	1440
403	1440
403	1442
402	1442
402	1443
401	1443
401	1444
398	1444
398	1445
397	1445
397	1449
395	1449
395	1450
394	1450
394	1451
395	1451
395	1453
392	1453
392	1454
390	1454
390	1456
389	1456
389	1458
387	1458
387	1460
379	1460
379	1461
378	1461
378	1462
377	1462
377	1463
376	1463
376	1466
374	1466
374	1468
373	1468
373	1469
372	1469
372	1472
371	1472
371	1473
370	1473
370	1474
369	1474
369	1475
368	1475
368	1476
367	1476
367	1477
366	1477
366	1478
365	1478
365	1479
364	1479
364	1480
363	1480
363	1482
362	1482
362	1483
361	1483
361	1484
359	1484
359	1485
358	1485
358	1486
357	1486
357	1488
356	1488
356	1489
354	1489
354	1493
351	1493
351	1497
350	1497
350	1498
348	1498
348	1500
346	1500
346	1501
345	1501
345	1502
344	1502
344	1503
343	1503
343	1504
342	1504
342	1505
341	1505
341	1506
340	1506
340	1507
339	1507
339	1508
338	1508
338	1509
337	1509
337	1513
333	1513
333	1514
332	1514
332	1515
331	1515
331	1516
330	1516
330	1517
329	1517
329	1518
328	1518
328	1519
327	1519
327	1520
325	1520
325	1522
323	1522
323	1524
319	1524
319	1525
318	1525
318	1526
317	1526
317	1528
315	1528
315	1529
314	1529
314	1530
311	1530
311	1531
310	1531
310	1532
306	1532
306	1533
304	1533
304	1534
302	1534
302	1533
301	1533
301	1531
302	1531
302	1530
303	1530
303	1525
304	1525
304	1522
305	1522
305	1518
306	1518
306	1517
307	1517
307	1513
308	1513
308	1512
309	1512
309	1510
310	1510
310	1509
311	1509
311	1507
312	1507
312	1505
315	1505
315	1504
316	1504
316	1501
317	1501
317	1499
318	1499
318	1498
319	1498
319	1497
318	1497
318	1496
319	1496
319	1495
320	1495
320	1491
322	1491
322	1489
323	1489
323	1487
324	1487
324	1486
325	1486
325	1483
326	1483
326	1481
327	1481
327	1478
328	1478
328	1477
329	1477
329	1476
330	1476
330	1473
331	1473
331	1472
332	1472
332	1469
333	1469
333	1468
334	1468
334	1465
336	1465
336	1464
338	1464
338	1461
339	1461
339	1460
340	1460
340	1457
341	1457
341	1455
343	1455
343	1452
344	1452
344	1451
346	1451
346	1450
347	1450
347	1442
351	1442
351	1438
352	1438
352	1437
354	1437
354	1434
355	1434
355	1432
356	1432
356	1430
357	1430
357	1428
358	1428
358	1425
359	1425
359	1424
360	1424
360	1420
361	1420
361	1418
362	1418
362	1415
363	1415
363	1414
364	1414
364	1408
365	1408
365	1406
364	1406
364	1400
360	1400
360	1396
361	1396
361	1395
360	1395
360	1394
361	1394
361	1393
362	1393
362	1392
363	1392
363	1391
365	1391
365	1389
366	1389
366	1388
367	1388
367	1385
368	1385
368	1384
369	1384
369	1381
370	1381
370	1380
371	1380
371	1377
372	1377
372	1376
371	1376
371	1375
373	1375
373	1374
374	1374
374	1370
375	1370
375	1368
376	1368
376	1366
378	1366
378	1357
379	1357
379	1356
381	1356
381	1354
382	1354
382	1353
383	1353
383	1349
384	1349
384	1344
390	1344
390	1343
389	1343
389	1341
390	1341
390	1340
391	1340
391	1339
392	1339
392	1336
394	1336
394	1335
397	1335
397	1331
400	1331
400	1323
399	1323
399	1322
396	1322
396	1320
394	1320
394	1319
393	1319
393	1318
390	1318
390	1317
387	1317
387	1318
386	1318
386	1317
383	1317
383	1314
384	1314
384	1312
385	1312
385	1310
386	1310
386	1308
387	1308
387	1307
388	1307
388	1305
389	1305
389	1303
390	1303
390	1301
391	1301
391	1300
392	1300
392	1299
394	1299
394	1298
395	1298
395	1296
396	1296
396	1295
398	1295
398	1289
400	1289
400	1287
401	1287
401	1285
400	1285
400	1284
404	1284
404	1283
405	1283
405	1282
406	1282
406	1281
407	1281
407	1279
408	1279
408	1278
409	1278
409	1276
410	1276
410	1275
411	1275
411	1274
412	1274
412	1273
414	1273
414	1272
415	1272
415	1271
416	1271
416	1270
418	1270
418	1269
419	1269
419	1260
418	1260
418	1259
417	1259
417	1258
415	1258
415	1257
414	1257
414	1256
412	1256
412	1255
405	1255
405	1251
406	1251
406	1248
407	1248
407	1247
408	1247
408	1246
409	1246
409	1245
410	1245
410	1243
411	1243
411	1242
413	1242
413	1241
415	1241
415	1240
416	1240
416	1238
418	1238
418	1236
419	1236
419	1232
421	1232
421	1231
423	1231
423	1230
425	1230
425	1226
426	1226
426	1225
427	1225
427	1224
428	1224
428	1222
429	1222
429	1216
428	1216
428	1214
427	1214
427	1211
429	1211
429	1209
430	1209
430	1207
431	1207
431	1206
432	1206
432	1205
434	1205
434	1204
438	1204
438	1203
439	1203
439	1202
440	1202
440	1201
441	1201
441	1200
444	1200
444	1199
445	1199
445	1186
442	1186
442	1185
441	1185
441	1184
439	1184
439	1183
438	1183
438	1182
430	1182
430	1171
431	1171
431	1170
432	1170
432	1166
433	1166
433	1164
434	1164
434	1163
435	1163
435	1162
436	1162
436	1159
437	1159
437	1158
438	1158
438	1157
439	1157
439	1156
438	1156
438	1154
440	1154
440	1153
442	1153
442	1151
443	1151
443	1150
444	1150
444	1149
446	1149
446	1148
447	1148
447	1145
448	1145
448	1144
450	1144
450	1143
451	1143
451	1141
452	1141
452	1140
455	1140
455	1139
456	1139
456	1134
460	1134
460	1133
463	1133
463	1132
464	1132
464	1131
467	1131
467	1130
468	1130
468	1129
471	1129
471	1128
472	1128
472	1127
473	1127
473	1119
472	1119
472	1118
470	1118
470	1116
467	1116
467	1114
463	1114
463	1112
462	1112
462	1111
460	1111
460	1110
458	1110
458	1109
452	1109
452	1105
453	1105
453	1103
454	1103
454	1101
455	1101
455	1100
456	1100
456	1098
457	1098
457	1091
466	1091
466	1090
467	1090
467	1086
468	1086
468	1085
469	1085
469	1084
472	1084
472	1082
474	1082
474	1080
475	1080
475	1079
476	1079
476	1077
477	1077
477	1076
480	1076
480	1074
481	1074
481	1070
480	1070
480	1069
486	1069
486	1067
489	1067
489	1066
490	1066
490	1065
491	1065
491	1064
493	1064
493	1062
496	1062
496	1061
498	1061
498	1060
499	1060
499	1059
501	1059
501	1058
504	1058
504	1056
509	1056
509	1054
511	1054
511	1053
516	1053
516	1045
514	1045
514	1044
512	1044
512	1043
511	1043
511	1042
507	1042
507	1041
506	1041
506	1040
503	1040
503	1038
502	1038
502	1036
498	1036
498	1035
492	1035
492	1034
489	1034
489	1030
490	1030
490	1029
491	1029
491	1028
493	1028
493	1029
494	1029
494	1028
495	1028
495	1026
496	1026
496	1024
498	1024
498	1021
500	1021
500	1022
502	1022
502	1021
501	1021
501	1020
502	1020
502	1019
503	1019
503	1017
504	1017
504	1016
507	1016
507	1015
509	1015
509	1014
510	1014
510	1013
511	1013
511	1010
512	1010
512	1009
516	1009
516	1008
517	1008
517	1007
519	1007
519	1006
520	1006
520	1002
521	1002
521	1001
522	1001
522	999
523	999
523	998
524	998
524	997
525	997
525	996
526	996
526	993
527	993
527	994
528	994
528	993
530	993
530	991
531	991
531	990
532	990
532	989
536	989
536	990
537	990
537	989
538	989
538	988
539	988
539	987
540	987
540	986
543	986
543	984
550	984
550	983
551	983
551	974
547	974
547	970
543	970
543	969
542	969
542	968
541	968
541	967
537	967
537	966
534	966
534	965
533	965
533	964
525	964
525	958
527	958
527	956
528	956
528	955
529	955
529	954
530	954
530	953
531	953
531	951
532	951
532	950
533	950
533	949
534	949
534	946
535	946
535	945
538	945
538	941
541	941
541	940
543	940
543	939
544	939
544	938
546	938
546	937
547	937
547	936
551	936
551	935
552	935
552	934
554	934
554	932
555	932
555	931
556	931
556	930
557	930
557	929
558	929
558	928
559	928
559	927
561	927
561	923
564	923
564	922
565	922
565	920
567	920
567	919
569	919
569	918
573	918
573	917
574	917
574	916
576	916
576	915
580	915
580	914
584	914
584	913
585	913
585	914
590	914
590	913
591	913
591	903
588	903
588	902
587	902
587	901
583	901
583	900
582	900
582	899
576	899
576	898
577	898
577	897
578	897
578	896
575	896
575	895
572	895
572	894
569	894
569	892
570	892
570	891
572	891
572	888
573	888
573	887
574	887
574	886
575	886
575	885
577	885
577	884
578	884
578	883
579	883
579	881
580	881
580	879
582	879
582	878
583	878
583	877
585	877
585	876
586	876
586	875
588	875
588	874
589	874
589	873
590	873
590	874
591	874
591	873
592	873
592	872
593	872
593	871
594	871
594	870
596	870
596	869
597	869
597	867
598	867
598	866
599	866
599	865
600	865
600	864
602	864
602	863
604	863
604	861
605	861
605	856
607	856
607	857
608	857
608	856
609	856
609	854
610	854
610	853
612	853
612	852
615	852
615	850
616	850
616	848
619	848
619	847
623	847
623	846
624	846
624	845
626	845
626	844
629	844
629	843
635	843
635	841
639	841
639	840
640	840
640	837
641	837
641	835
640	835
640	831
638	831
638	830
637	830
637	829
636	829
636	828
635	828
635	826
634	826
634	828
633	828
633	827
631	827
631	824
630	824
630	823
627	823
627	821
626	821
626	820
623	820
623	819
619	819
619	818
618	818
618	819
616	819
616	818
615	818
615	815
616	815
616	812
618	812
618	810
619	810
619	808
620	808
620	807
622	807
622	805
623	805
623	804
625	804
625	803
626	803
626	802
627	802
627	800
628	800
628	799
630	799
630	798
635	798
635	796
636	796
636	795
637	795
637	794
644	794
644	792
645	792
645	791
646	791
646	790
648	790
648	789
653	789
653	786
654	786
654	785
655	785
655	781
657	781
657	779
658	779
658	778
659	778
659	777
662	777
662	776
663	776
663	775
666	775
666	774
671	774
671	772
675	772
675	771
676	771
676	769
682	769
682	768
686	768
686	767
688	767
688	766
690	766
690	757
689	757
689	756
687	756
687	755
685	755
685	753
684	753
684	752
682	752
682	751
680	751
680	748
679	748
679	747
675	747
675	746
669	746
669	745
670	745
670	744
671	744
671	742
672	742
672	741
679	741
679	740
680	740
680	736
681	736
681	735
682	735
682	733
683	733
683	734
684	734
684	732
686	732
686	731
687	731
687	732
688	732
688	731
689	731
689	730
692	730
692	729
694	729
694	728
695	728
695	727
697	727
697	726
698	726
698	724
701	724
701	723
704	723
704	719
706	719
706	718
711	718
711	715
713	715
713	714
715	714
715	713
716	713
716	710
719	710
719	709
721	709
721	708
724	708
724	707
728	707
728	706
729	706
729	705
737	705
737	704
738	704
738	695
737	695
737	694
733	694
733	693
732	693
732	692
731	692
731	691
730	691
730	690
729	690
729	689
728	689
728	688
727	688
727	687
725	687
725	686
724	686
724	685
721	685
721	684
720	684
720	683
721	683
721	680
723	680
723	679
724	679
724	678
727	678
727	677
728	677
728	674
733	674
733	672
734	672
734	671
735	671
735	670
738	670
738	668
739	668
739	666
743	666
743	665
746	665
746	664
748	664
748	663
749	663
749	662
756	662
756	661
759	661
759	660
760	660
760	656
761	656
761	655
762	655
762	654
763	654
763	653
765	653
765	652
768	652
768	651
770	651
770	650
771	650
771	648
774	648
774	647
777	647
777	645
778	645
778	644
779	644
779	643
782	643
782	642
783	642
783	641
788	641
788	640
793	640
793	639
794	639
794	638
796	638
796	637
797	637
797	632
796	632
796	630
795	630
795	628
792	628
792	627
791	627
791	625
789	625
789	624
787	624
787	622
786	622
786	621
780	621
780	618
782	618
782	616
783	616
783	614
784	614
784	612
785	612
785	613
795	613
795	612
796	612
796	611
795	611
795	610
796	610
796	608
797	608
797	604
803	604
803	603
804	603
804	601
805	601
805	600
809	600
809	599
810	599
810	597
811	597
811	594
818	594
818	593
820	593
820	592
823	592
823	591
824	591
824	590
828	590
828	589
829	589
829	586
831	586
831	585
835	585
835	583
837	583
837	582
840	582
840	581
843	581
843	580
844	580
844	578
845	578
845	577
850	577
850	576
853	576
853	574
856	574
856	573
858	573
858	572
860	572
860	563
859	563
859	562
858	562
858	561
857	561
857	560
856	560
856	559
855	559
855	558
854	558
854	557
853	557
853	556
851	556
851	553
850	553
850	552
847	552
847	550
845	550
845	547
848	547
848	546
849	546
849	537
838	537
838	539
836	539
836	543
834	543
834	544
833	544
833	548
832	548
832	549
831	549
831	552
829	552
829	555
827	555
827	557
824	557
824	559
820	559
820	561
817	561
817	565
816	565
816	566
814	566
814	567
813	567
813	568
814	568
814	570
810	570
810	574
809	574
809	575
807	575
807	578
806	578
806	579
803	579
803	581
802	581
802	583
801	583
801	584
798	584
798	587
797	587
797	588
793	588
793	590
792	590
792	591
791	591
791	592
788	592
788	593
787	593
787	594
786	594
786	595
785	595
785	594
784	594
784	592
783	592
783	587
782	587
782	584
781	584
781	579
779	579
779	578
778	578
778	575
777	575
777	574
768	574
768	575
766	575
766	576
767	576
767	579
765	579
765	584
763	584
763	587
762	587
762	588
761	588
761	589
760	589
760	592
759	592
759	593
758	593
758	598
754	598
754	599
753	599
753	601
745	601
745	602
744	602
744	606
743	606
743	605
742	605
742	610
740	610
740	612
737	612
737	614
736	614
736	616
732	616
732	617
731	617
731	619
730	619
730	620
729	620
729	621
725	621
725	622
723	622
723	623
722	623
722	625
719	625
719	624
718	624
718	626
714	626
714	628
709	628
709	622
710	622
710	620
709	620
709	619
708	619
708	615
707	615
707	611
706	611
706	610
705	610
705	606
702	606
702	605
694	605
694	610
692	610
692	611
691	611
691	615
690	615
690	619
687	619
687	623
685	623
685	624
684	624
684	628
682	628
682	629
679	629
679	630
673	630
673	631
672	631
672	632
671	632
671	633
669	633
669	636
668	636
668	637
667	637
667	636
666	636
666	637
665	637
665	641
661	641
661	645
659	645
659	646
658	646
658	647
657	647
657	649
656	649
656	650
654	650
654	652
652	652
652	653
647	653
647	657
643	657
643	658
642	658
642	659
640	659
640	661
636	661
636	662
635	662
635	663
633	663
633	662
632	662
632	659
631	659
631	656
630	656
630	654
629	654
629	651
628	651
628	650
627	650
627	646
626	646
626	645
624	645
624	641
615	641
615	640
614	640
614	646
611	646
611	648
610	648
610	649
609	649
609	650
607	650
607	654
603	654
603	656
602	656
602	657
598	657
598	661
594	661
594	663
592	663
592	665
590	665
590	667
589	667
589	668
586	668
586	669
585	669
585	670
581	670
581	672
580	672
580	673
578	673
578	672
577	672
577	673
576	673
576	675
575	675
575	674
573	674
573	675
572	675
572	678
566	678
566	679
565	679
565	681
563	681
563	682
562	682
562	683
558	683
558	684
554	684
554	685
553	685
553	686
552	686
552	685
551	685
551	680
552	680
552	679
551	679
551	678
552	678
552	677
551	677
551	676
552	676
552	674
551	674
551	672
547	672
547	668
546	668
546	667
545	667
545	666
544	666
544	663
543	663
543	662
542	662
542	661
543	661
543	659
542	659
542	657
534	657
534	659
532	659
532	661
531	661
531	664
530	664
530	665
528	665
528	666
527	666
527	668
526	668
526	669
525	669
525	670
524	670
524	671
523	671
523	673
522	673
522	674
521	674
521	676
519	676
519	677
517	677
517	678
516	678
516	679
508	679
508	680
507	680
507	681
503	681
503	685
501	685
501	686
500	686
500	688
497	688
497	689
496	689
496	690
493	690
493	691
492	691
492	692
491	692
491	693
488	693
488	694
487	694
487	695
486	695
486	696
483	696
483	697
478	697
478	699
474	699
474	700
469	700
469	701
468	701
468	700
467	700
467	699
464	699
464	698
463	698
463	697
464	697
464	695
465	695
465	687
464	687
464	685
463	685
463	681
462	681
462	678
461	678
461	675
453	675
453	676
451	676
451	677
449	677
449	679
448	679
448	680
447	680
447	681
445	681
445	683
443	683
443	685
441	685
441	686
440	686
440	687
438	687
438	688
434	688
434	690
430	690
430	692
421	692
421	694
419	694
419	695
418	695
418	696
412	696
412	697
408	697
408	698
407	698
407	699
403	699
403	700
400	700
400	701
398	701
398	700
397	700
397	701
395	701
395	702
394	702
394	703
390	703
390	704
385	704
385	709
383	709
383	705
382	705
382	704
378	704
378	697
379	697
379	691
378	691
378	689
377	689
377	688
368	688
368	689
367	689
367	690
364	690
364	691
363	691
363	692
361	692
361	694
359	694
359	695
354	695
354	697
349	697
349	698
345	698
345	699
342	699
342	700
337	700
337	701
336	701
336	703
332	703
332	704
328	704
328	705
323	705
323	706
311	706
311	705
310	705
310	703
311	703
311	690
310	690
310	688
309	688
309	687
302	687
302	688
297	688
297	689
296	689
296	690
292	690
292	691
289	691
289	692
288	692
288	693
283	693
283	694
262	694
262	695
258	695
258	696
251	696
251	697
249	697
249	698
244	698
244	699
239	699
239	698
238	698
238	695
237	695
237	691
236	691
236	690
225	690
225	691
221	691
221	692
217	692
217	691
216	691
216	692
215	692
215	691
213	691
213	690
192	690
192	689
191	689
191	688
178	688
178	687
169	687
169	686
160	686
160	685
152	685
152	684
151	684
151	683
149	683
149	684
148	684
148	683
143	683
143	682
142	682
142	681
134	681
134	680
133	680
133	679
131	679
131	678
130	678
130	677
129	677
129	676
125	676
125	675
120	675
120	674
119	674
119	673
118	673
118	672
114	672
114	671
110	671
110	670
112	670
112	665
116	665
116	664
119	664
119	663
141	663
141	662
147	662
147	663
154	663
154	662
158	662
158	661
168	661
168	660
170	660
170	659
178	659
178	658
182	658
182	657
183	657
183	656
192	656
192	655
193	655
193	654
198	654
198	653
203	653
203	652
208	652
208	651
213	651
213	650
214	650
214	649
215	649
215	648
216	648
216	647
221	647
221	646
222	646
222	643
231	643
231	642
232	642
232	641
235	641
235	640
237	640
237	639
243	639
243	638
245	638
245	637
247	637
247	628
246	628
246	627
245	627
245	624
246	624
246	623
257	623
257	622
259	622
259	617
261	617
261	616
264	616
264	617
265	617
265	616
271	616
271	615
272	615
272	614
276	614
276	613
278	613
278	612
284	612
284	611
291	611
291	610
292	610
292	609
295	609
295	608
315	608
315	600
314	600
314	597
313	597
313	596
312	596
312	593
311	593
311	592
310	592
310	589
309	589
309	587
311	587
311	586
318	586
318	585
320	585
320	584
321	584
321	581
323	581
323	583
334	583
334	582
339	582
339	581
346	581
346	580
351	580
351	579
352	579
352	580
353	580
353	579
356	579
356	578
360	578
360	577
362	577
362	576
369	576
369	575
373	575
373	574
375	574
375	573
376	573
376	565
375	565
375	564
376	564
376	562
375	562
375	561
374	561
374	558
373	558
373	557
372	557
372	555
371	555
371	553
370	553
370	551
369	551
369	549
368	549
368	548
367	548
367	546
370	546
370	545
374	545
374	544
375	544
375	543
381	543
381	544
382	544
382	543
383	543
383	542
384	542
384	541
387	541
387	537
389	537
389	538
390	538
390	539
399	539
399	538
405	538
405	537
406	537
406	536
409	536
409	534
419	534
419	533
423	533
423	532
431	532
431	531
435	531
435	532
439	532
439	534
440	534
440	532
442	532
442	533
445	533
445	532
446	532
446	525
445	525
445	521
443	521
443	518
442	518
442	517
441	517
441	515
440	515
440	513
439	513
439	512
438	512
438	511
437	511
437	508
438	508
438	507
440	507
440	506
448	506
448	505
451	505
451	506
462	506
462	505
463	505
463	502
472	502
472	501
476	501
476	500
477	500
477	499
478	499
478	498
485	498
485	497
488	497
488	498
493	498
493	499
504	499
504	497
505	497
505	494
504	494
504	490
503	490
503	489
502	489
502	486
500	486
500	485
499	485
499	484
498	484
498	482
497	482
497	481
495	481
495	479
502	479
502	475
505	475
505	474
516	474
516	472
520	472
520	471
527	471
527	465
529	465
529	468
538	468
538	466
539	466
539	465
540	465
540	466
541	466
541	465
542	465
542	466
543	466
543	465
544	465
544	466
545	466
545	465
547	465
547	463
548	463
548	461
560	461
560	455
564	455
564	461
572	461
572	462
573	462
573	463
582	463
582	455
581	455
581	452
580	452
580	451
579	451
579	450
572	450
572	449
575	449
575	448
576	448
576	441
575	441
575	438
574	438
574	437
573	437
573	436
571	436
571	435
569	435
569	433
570	433
570	432
573	432
573	430
574	430
574	429
576	429
576	427
583	427
583	426
590	426
590	425
597	425
597	424
598	424
598	423
600	423
600	424
601	424
601	423
602	423
602	424
603	424
603	425
614	425
614	424
624	424
624	423
632	423
632	424
643	424
643	423
645	423
645	424
648	424
648	425
654	425
654	424
655	424
655	415
654	415
654	411
653	411
653	410
652	410
652	406
649	406
649	403
644	403
644	402
643	402
643	401
642	401
642	399
644	399
644	398
645	398
645	397
648	397
648	396
652	396
652	395
653	395
653	394
658	394
658	393
659	393
659	392
663	392
663	391
664	391
664	390
684	390
684	389
695	389
695	388
697	388
697	387
698	387
698	386
705	386
705	387
706	387
706	386
707	386
707	387
712	387
712	388
713	388
713	389
714	389
714	390
731	390
731	380
730	380
730	379
729	379
729	376
728	376
728	374
727	374
727	372
726	372
726	370
725	370
725	369
724	369
724	366
722	366
722	364
724	364
724	363
738	363
738	362
741	362
741	363
757	363
757	364
758	364
758	366
762	366
762	368
766	368
766	369
774	369
774	368
776	368
776	369
785	369
785	370
787	370
787	371
789	371
789	372
800	372
800	363
799	363
799	361
798	361
798	359
797	359
797	357
796	357
796	356
795	356
795	355
794	355
794	354
795	354
795	353
793	353
793	352
794	352
794	345
780	345
780	346
773	346
773	345
765	345
765	344
766	344
766	343
767	343
767	342
768	342
768	341
769	341
769	331
768	331
768	330
767	330
767	329
768	329
768	327
767	327
767	326
758	326
758	327
754	327
754	328
750	328
750	329
749	329
749	328
748	328
748	329
747	329
747	328
745	328
745	330
712	330
712	331
711	331
711	330
706	330
706	329
700	329
700	327
698	327
698	325
693	325
693	324
692	324
692	323
690	323
690	321
691	321
691	319
693	319
693	315
694	315
694	305
687	305
687	306
682	306
682	307
678	307
678	308
670	308
670	309
669	309
669	310
655	310
655	309
651	309
651	308
644	308
644	307
639	307
639	306
635	306
635	305
631	305
631	304
627	304
627	302
625	302
625	300
626	300
626	296
627	296
627	293
628	293
628	292
629	292
629	283
621	283
621	284
596	284
596	283
592	283
592	282
588	282
588	281
587	281
587	280
579	280
579	279
577	279
577	278
573	278
573	275
561	275
561	274
560	274
560	271
556	271
556	266
557	266
557	264
558	264
558	263
559	263
559	261
560	261
560	251
558	251
558	250
547	250
547	249
543	249
543	248
537	248
537	247
536	247
536	246
534	246
534	245
533	245
533	244
529	244
529	241
525	241
525	240
524	240
524	238
522	238
522	237
520	237
520	235
518	235
518	233
514	233
514	232
512	232
512	229
511	229
511	227
510	227
510	228
509	228
509	227
508	227
508	226
504	226
504	225
503	225
503	220
502	220
502	219
501	219
501	220
500	220
500	219
498	219
498	218
497	218
497	217
496	217
496	218
494	218
494	217
492	217
492	215
489	215
489	204
485	204
485	203
484	203
484	202
480	202
480	200
479	200
479	198
477	198
477	197
476	197
476	195
468	195
468	190
467	190
467	188
466	188
466	187
464	187
464	185
463	185
463	184
461	184
461	182
459	182
459	181
458	181
458	180
456	180
456	178
455	178
455	177
454	177
454	175
453	175
453	173
449	173
449	171
447	171
447	170
445	170
445	167
444	167
444	166
442	166
442	165
441	165
441	164
439	164
439	162
437	162
437	161
436	161
436	158
434	158
434	157
433	157
433	153
444	153
444	154
447	154
447	155
450	155
450	156
453	156
453	157
457	157
457	158
460	158
460	159
463	159
463	160
466	160
466	161
468	161
468	162
474	162
474	164
481	164
481	165
483	165
483	166
485	166
485	167
486	167
486	168
490	168
490	169
493	169
493	170
500	170
500	172
502	172
502	173
508	173
508	174
511	174
511	175
512	175
512	174
515	174
515	175
519	175
519	173
520	173
520	171
521	171
521	170
523	170
523	173
525	173
525	174
529	174
529	175
544	175
544	177
554	177
554	178
556	178
556	179
557	179
557	180
568	180
568	181
573	181
573	182
575	182
575	183
576	183
576	182
577	182
577	183
579	183
579	184
585	184
585	186
587	186
587	187
589	187
589	188
593	188
593	189
594	189
594	190
596	190
596	191
604	191
604	186
605	186
605	173
606	173
606	168
613	168
613	169
618	169
618	170
619	170
619	171
624	171
624	172
625	172
625	174
627	174
627	175
632	175
632	177
638	177
638	180
643	180
643	181
644	181
644	182
646	182
646	184
651	184
651	185
652	185
652	186
657	186
657	187
664	187
664	186
666	186
666	187
668	187
668	188
672	188
672	189
673	189
673	190
675	190
675	191
676	191
676	192
677	192
677	193
679	193
679	194
682	194
682	196
683	196
683	197
684	197
684	198
685	198
685	199
689	199
689	202
690	202
690	203
692	203
692	204
693	204
693	205
694	205
694	206
702	206
702	202
703	202
703	194
704	194
704	181
708	181
708	182
716	182
716	183
720	183
720	184
722	184
722	185
723	185
723	186
727	186
727	187
728	187
728	188
729	188
729	189
731	189
731	190
732	190
732	193
733	193
733	194
734	194
734	195
739	195
739	196
741	196
741	195
758	195
758	196
769	196
769	192
771	192
771	191
772	191
772	192
780	192
780	194
781	194
781	195
782	195
782	196
785	196
785	197
787	197
787	198
789	198
789	199
792	199
792	200
794	200
794	201
795	201
795	202
796	202
796	203
798	203
798	204
801	204
801	206
803	206
803	207
805	207
805	208
806	208
806	209
807	209
807	210
809	210
809	211
811	211
811	213
812	213
812	214
815	214
815	213
816	213
816	214
818	214
818	213
820	213
820	209
821	209
821	208
822	208
822	198
821	198
821	191
820	191
820	188
819	188
819	175
822	175
822	176
823	176
823	177
827	177
827	178
832	178
832	179
833	179
833	181
836	181
836	182
839	182
839	183
840	183
840	184
842	184
842	186
843	186
843	188
844	188
844	189
847	189
847	190
848	190
848	191
850	191
850	192
851	192
851	194
852	194
852	195
853	195
853	196
854	196
854	195
855	195
855	196
857	196
857	198
858	198
858	197
860	197
860	199
862	199
862	200
864	200
864	203
865	203
865	204
866	204
866	205
868	205
868	208
875	208
875	209
876	209
876	210
877	210
877	211
878	211
878	212
880	212
880	214
881	214
881	213
884	213
884	214
887	214
887	216
888	216
888	217
890	217
890	218
891	218
891	220
892	220
892	222
902	222
902	202
901	202
901	198
902	198
902	199
904	199
904	202
905	202
905	203
906	203
906	204
914	204
914	205
915	205
915	206
916	206
916	207
918	207
918	209
923	209
923	210
924	210
924	213
925	213
925	214
926	214
926	215
927	215
927	217
929	217
929	218
930	218
930	219
931	219
931	221
932	221
932	222
933	222
933	221
937	221
937	223
938	223
938	225
939	225
939	226
943	226
943	227
946	227
946	228
947	228
947	230
948	230
948	231
949	231
949	232
951	232
951	233
952	233
952	235
954	235
954	236
955	236
955	237
956	237
956	238
958	238
958	240
967	240
967	222
968	222
968	221
970	221
970	223
971	223
971	224
975	224
975	225
976	225
976	226
982	226
982	229
983	229
983	230
984	230
984	231
985	231
985	232
987	232
987	233
989	233
989	235
991	235
991	236
992	236
992	237
993	237
993	239
995	239
995	240
996	240
996	243
997	243
997	244
998	244
998	245
999	245
999	246
1000	246
1000	247
1001	247
1001	248
1004	248
1004	250
1005	250
1005	251
1006	251
1006	252
1007	252
1007	253
1009	253
1009	254
1010	254
1010	255
1011	255
1011	257
1013	257
1013	258
1015	258
1015	260
1016	260
1016	261
1018	261
1018	262
1019	262
1019	263
1021	263
1021	264
1023	264
1023	265
1025	265
1025	267
1027	267
1027	269
1029	269
1029	270
1032	270
1032	271
1033	271
1033	272
1035	272
1035	273
1037	273
1037	274
1038	274
1038	276
1041	276
1041	277
1042	277
1042	279
1046	279
1046	281
1047	281
1047	282
1050	282
1050	283
1052	283
1052	286
1054	286
1054	289
1055	289
1055	290
1058	290
1058	291
1060	291
1060	292
1062	292
1062	293
1063	293
1063	294
1064	294
1064	296
1065	296
1065	298
1067	298
1067	299
1069	299
1069	301
1073	301
1073	304
1077	304
1077	306
1079	306
1079	307
1080	307
1080	308
1081	308
1081	310
1083	310
1083	311
1087	311
1087	312
1088	312
1088	313
1089	313
1089	314
1091	314
1091	315
1095	315
1095	317
1097	317
1097	318
1099	318
1099	319
1104	319
1104	320
1105	320
1105	321
1106	321
1106	322
1107	322
1107	323
1108	323
1108	324
1110	324
1110	325
1111	325
1111	326
1112	326
1112	325
1116	325
1116	324
1130	324
1130	325
1131	325
1131	326
1137	326
1137	325
1138	325
1138	324
1145	324
1145	323
1146	323
1146	322
1148	322
1148	321
1149	321
1149	319
1150	319
1150	318
1151	318
1151	317
1153	317
1153	316
1154	316
1154	315
1155	315
1155	314
1156	314
1156	313
1157	313
1157	312
1158	312
1158	311
1159	311
1159	310
1161	310
1161	309
1163	309
1163	306
1165	306
1165	305
1166	305
1166	304
1170	304
1170	305
1171	305
1171	306
1179	306
1179	305
1180	305
1180	299
1181	299
1181	298
1180	298
1180	297
1177	297
1177	295
1181	295
1181	292
1182	292
1182	291
1184	291
1184	290
1186	290
1186	287
1187	287
1187	286
1188	286
1188	284
1190	284
1190	282
1191	282
1191	280
1192	280
1192	279
1194	279
1194	278
1195	278
1195	277
1196	277
1196	276
1195	276
1195	275
1197	275
1197	273
1198	273
1198	272
1199	272
1199	271
1200	271
1200	270
1203	270
1203	268
1204	268
1204	267
1205	267
1205	266
1207	266
1207	265
1208	265
1208	264
1210	264
1210	263
1212	263
1212	261
1214	261
1214	260
1215	260
1215	259
1214	259
1214	258
1215	258
1215	257
1216	257
1216	256
1217	256
1217	254
1218	254
1218	252
1219	252
1219	251
1220	251
1220	249
1221	249
1221	248
1223	248
1223	247
1224	247
1224	245
1226	245
1226	244
1231	244
1231	243
1233	243
1233	244
1232	244
1232	254
1233	254
1233	255
1240	255
1240	254
1241	254
1241	253
1243	253
1243	252
1244	252
1244	251
1245	251
1245	249
1246	249
1246	248
1247	248
1247	247
1248	247
1248	246
1249	246
1249	245
1251	245
1251	244
1252	244
1252	242
1254	242
1254	241
1255	241
1255	240
1256	240
1256	239
1257	239
1257	238
1258	238
1258	236
1259	236
1259	235
1260	235
1260	234
1261	234
1261	233
1262	233
1262	232
1265	232
1265	231
1266	231
1266	229
1268	229
1268	227
1269	227
1269	228
1270	228
1270	227
1271	227
1271	226
1274	226
1274	224
1275	224
1275	222
1277	222
1277	221
1279	221
1279	218
1280	218
1280	217
1283	217
1283	214
1284	214
1284	213
1285	213
1285	214
1286	214
1286	212
1288	212
1288	210
1289	210
1289	209
1291	209
1291	208
1296	208
1296	207
1297	207
1297	206
1300	206
1300	205
1303	205
1303	206
1306	206
1306	208
1305	208
1305	209
1304	209
1304	215
1303	215
1303	224
1302	224
1302	225
1303	225
1303	226
1311	226
1311	225
1312	225
1312	223
1313	223
1313	222
1314	222
1314	220
1315	220
1315	218
1316	218
1316	217
1317	217
1317	215
1318	215
1318	214
1319	214
1319	213
1320	213
1320	212
1321	212
1321	211
1322	211
1322	209
1323	209
1323	207
1324	207
1324	205
1327	205
1327	204
1330	204
1330	200
1332	200
1332	199
1333	199
1333	198
1334	198
1334	197
1337	197
1337	195
1340	195
1340	194
1341	194
1341	192
1342	192
1342	190
1343	190
1343	186
1345	186
1345	185
1347	185
1347	184
1349	184
1349	183
1350	183
1350	181
1351	181
1351	182
1352	182
1352	178
1361	178
1361	177
1363	177
1363	179
1362	179
1362	180
1363	180
1363	187
1364	187
1364	190
1365	190
1365	193
1366	193
1366	194
1365	194
1365	195
1374	195
1374	193
1375	193
1375	192
1376	192
1376	191
1377	191
1377	187
1385	187
1385	186
1386	186
1386	182
1390	182
1390	177
1394	177
1394	176
1395	176
1395	173
1398	173
1398	172
1399	172
1399	168
1403	168
1403	166
1404	166
1404	165
1403	165
1403	164
1407	164
1407	163
1408	163
1408	161
1413	161
1413	159
1414	159
1414	158
1416	158
1416	157
1419	157
1419	156
1420	156
1420	155
1425	155
1425	151
1428	151
1428	159
1430	159
1430	162
1431	162
1431	164
1432	164
1432	167
1433	167
1433	168
1434	168
1434	170
1437	170
1437	171
1439	171
1439	170
1440	170
1440	171
1442	171
1442	170
1444	170
1444	167
1447	167
1447	166
1448	166
1448	164
1449	164
1449	163
1451	163
1451	162
1452	162
1452	161
1454	161
1454	160
1455	160
1455	159
1456	159
1456	158
1458	158
1458	157
1460	157
1460	156
1462	156
1462	153
1465	153
1465	152
1466	152
1466	151
1469	151
1469	150
1470	150
1470	147
1474	147
1474	142
1478	142
1478	141
1480	141
1480	140
1481	140
1481	139
1483	139
1483	138
1485	138
1485	137
1487	137
1487	136
1488	136
1488	135
1493	135
1493	134
1494	134
1494	135
1497	135
1497	136
1498	136
1498	137
1499	137
1499	139
1500	139
1500	140
1501	140
1501	141
1503	141
1503	143
1504	143
1504	141
1508	141
1508	142
1509	142
1509	141
1511	141
1511	138
1512	138
1512	137
1514	137
1514	136
1515	136
1515	135
1516	135
1516	134
1519	134
1519	133
1523	133
1523	131
1526	131
1526	130
1527	130
1527	129
1528	129
1528	128
1531	128
1531	127
1533	127
1533	126
1535	126
1535	125
1536	125
1536	124
1537	124
1537	123
1538	123
1538	122
1539	122
1539	121
1541	121
1541	120
1543	120
1543	117
1544	117
1544	118
1545	118
1545	117
1546	117
1546	115
1547	115
1547	114
1548	114
1548	112
1551	112
1551	111
1552	111
1552	110
1553	110
1553	108
1555	108
1555	107
1556	107
1556	108
1557	108
1557	106
1558	106
1558	105
1559	105
1559	104
1560	104
1560	103
1564	103
1564	102
1570	102
1570	101
1571	101
1571	100
1574	100
1574	101
1575	101
1575	102
1574	102
1574	103
1572	103
1572	104
1573	104
1573	119
1582	119
1582	118
1584	118
1584	117
1585	117
1585	116
1587	116
1587	115
1589	115
1589	113
1590	113
1590	111
1597	111
1597	110
1598	110
1598	109
1600	109
1600	108
1601	108
1601	107
1603	107
1603	106
1605	106
1605	105
1606	105
1606	104
1607	104
1607	103
1609	103
1609	104
1610	104
1610	105
1611	105
1611	106
1612	106
1612	107
1622	107
1622	106
1630	106
1630	104
1631	104
1631	105
1632	105
1632	104
1634	104
1634	103
1639	103
1639	102
1643	102
1643	101
1644	101
1644	102
1646	102
1646	101
1648	101
1648	100
1651	100
1651	99
1660	99
1660	100
1664	100
1664	99
1685	99
1685	98
1691	98
1691	99
1705	99
1705	101
1706	101
1706	102
1710	102
1710	103
1709	103
1709	104
1708	104
1708	105
1707	105
1707	106
1705	106
1705	107
1703	107
1703	108
1700	108
1700	109
1699	109
1699	110
1694	110
1694	111
1693	111
1693	112
1692	112
1692	113
1691	113
1691	114
1690	114
1690	115
1689	115
1689	116
1687	116
1687	117
1686	117
1686	118
1685	118
1685	119
1683	119
1683	120
1681	120
1681	122
1677	122
1677	124
1673	124
1673	125
1672	125
1672	126
1667	126
1667	128
1666	128
1666	129
1665	129
1665	130
1663	130
1663	131
1659	131
1659	132
1658	132
1658	133
1655	133
1655	134
1654	134
1654	135
1650	135
1650	136
1649	136
1649	137
1648	137
1648	138
1644	138
1644	139
1642	139
1642	140
1636	140
1636	142
1634	142
1634	143
1633	143
1633	145
1628	145
1628	152
1627	152
1627	153
1628	153
1628	156
1619	156
1619	157
1616	157
1616	158
1614	158
1614	159
1613	159
1613	161
1611	161
1611	162
1610	162
1610	163
1609	163
1609	165
1607	165
1607	166
1606	166
1606	167
1605	167
1605	169
1603	169
1603	170
1602	170
1602	171
1601	171
1601	172
1600	172
1600	173
1598	173
1598	174
1597	174
1597	175
1596	175
1596	177
1595	177
1595	178
1593	178
1593	179
1588	179
1588	181
1584	181
1584	182
1575	182
1575	183
1574	183
1574	184
1575	184
1575	190
1577	190
1577	191
1578	191
1578	194
1580	194
1580	196
1583	196
1583	197
1588	197
1588	199
1587	199
1587	200
1584	200
1584	201
1583	201
1583	202
1582	202
1582	203
1581	203
1581	205
1579	205
1579	207
1578	207
1578	208
1575	208
1575	209
1574	209
1574	211
1572	211
1572	212
1570	212
1570	213
1566	213
1566	214
1565	214
1565	217
1564	217
1564	218
1563	218
1563	219
1562	219
1562	220
1557	220
1557	222
1553	222
1553	223
1552	223
1552	224
1550	224
1550	225
1548	225
1548	226
1547	226
1547	227
1546	227
1546	228
1543	228
1543	229
1541	229
1541	231
1539	231
1539	232
1535	232
1535	233
1531	233
1531	234
1527	234
1527	233
1516	233
1516	234
1515	234
1515	241
1516	241
1516	242
1517	242
1517	244
1518	244
1518	247
1519	247
1519	248
1520	248
1520	249
1521	249
1521	251
1524	251
1524	252
1526	252
1526	253
1527	253
1527	256
1528	256
1528	257
1523	257
1523	258
1521	258
1521	259
1519	259
1519	260
1517	260
1517	261
1513	261
1513	262
1508	262
1508	264
1504	264
1504	265
1499	265
1499	266
1496	266
1496	267
1495	267
1495	268
1484	268
1484	269
1483	269
1483	268
1482	268
1482	269
1481	269
1481	271
1473	271
1473	272
1472	272
1472	273
1449	273
1449	274
1448	274
1448	277
1449	277
1449	278
1448	278
1448	280
1449	280
1449	283
1450	283
1450	284
1451	284
1451	285
1452	285
1452	287
1453	287
1453	288
1454	288
1454	290
1455	290
1455	292
1456	292
1456	296
1455	296
1455	297
1451	297
1451	299
1449	299
1449	300
1448	300
1448	299
1443	299
1443	304
1441	304
1441	299
1433	299
1433	300
1432	300
1432	299
1430	299
1430	300
1428	300
1428	301
1424	301
1424	302
1414	302
1414	303
1406	303
1406	304
1398	304
1398	303
1381	303
1381	311
1382	311
1382	315
1383	315
1383	318
1384	318
1384	321
1385	321
1385	322
1386	322
1386	325
1381	325
1381	326
1377	326
1377	325
1376	325
1376	324
1373	324
1373	323
1372	323
1372	324
1365	324
1365	323
1342	323
1342	322
1339	322
1339	321
1328	321
1328	320
1317	320
1317	327
1318	327
1318	328
1320	328
1320	330
1315	330
1315	329
1304	329
1304	330
1301	330
1301	331
1298	331
1298	332
1295	332
1295	333
1294	333
1294	334
1286	334
1286	335
1277	335
1277	336
1275	336
1275	335
1266	335
1266	334
1261	334
1261	333
1256	333
1256	332
1255	332
1255	333
1254	333
1254	332
1253	332
1253	333
1252	333
1252	332
1251	332
1251	333
1249	333
1249	340
1250	340
1250	343
1249	343
1249	342
1248	342
1248	343
1247	343
1247	342
1244	342
1244	341
1241	341
1241	340
1239	340
1239	339
1234	339
1234	338
1232	338
1232	337
1219	337
1219	336
1206	336
1206	344
1210	344
1210	345
1211	345
1211	346
1217	346
1217	347
1225	347
1225	348
1227	348
1227	349
1229	349
1229	350
1236	350
1236	351
1237	351
1237	352
1242	352
1242	353
1246	353
1246	354
1248	354
1248	355
1261	355
1261	356
1269	356
1269	357
1281	357
1281	358
1282	358
1282	359
1287	359
1287	360
1288	360
1288	359
1293	359
1293	360
1302	360
1302	361
1312	361
1312	360
1314	360
1314	361
1317	361
1317	362
1321	362
1321	363
1322	363
1322	364
1324	364
1324	365
1326	365
1326	368
1341	368
1341	363
1350	363
1350	362
1351	362
1351	361
1355	361
1355	362
1354	362
1354	365
1353	365
1353	374
1363	374
1363	373
1370	373
1370	372
1376	372
1376	371
1381	371
1381	370
1398	370
1398	369
1399	369
1399	368
1400	368
1400	369
1402	369
1402	370
1424	370
1424	371
1433	371
1433	370
1434	370
1434	371
1435	371
1435	373
1434	373
1434	374
1433	374
1433	375
1432	375
1432	377
1431	377
1431	381
1430	381
1430	384
1429	384
1429	385
1428	385
1428	391
1429	391
1429	392
1440	392
1440	391
1441	391
1441	392
1443	392
1443	391
1445	391
1445	390
1476	390
1476	391
1479	391
1479	392
1481	392
1481	394
1486	394
1486	395
1487	395
1487	396
1500	396
1500	395
1503	395
1503	394
1514	394
1514	393
1516	393
1516	394
1518	394
1518	395
1519	395
1519	396
1518	396
1518	398
1517	398
1517	401
1516	401
1516	404
1515	404
1515	407
1516	407
1516	409
1515	409
1515	412
1516	412
1516	414
1523	414
1523	413
1531	413
1531	412
1537	412
1537	413
1540	413
1540	415
1551	415
1551	414
1554	414
1554	415
1555	415
1555	414
1557	414
1557	413
1560	413
1560	412
1569	412
1569	413
1581	413
1581	414
1583	414
1583	415
1584	415
1584	416
1589	416
1589	417
1590	417
1590	418
1593	418
1593	419
1597	419
1597	422
1596	422
1596	423
1595	423
1595	424
1594	424
1594	428
1593	428
1593	429
1592	429
1592	430
1591	430
1591	432
1590	432
1590	442
1591	442
1591	443
1598	443
1598	442
1602	442
1602	441
1615	441
1615	443
1620	443
1620	444
1627	444
1627	445
1628	445
1628	446
1632	446
1632	447
1634	447
1634	448
1636	448
1636	449
1638	449
1638	450
1641	450
1641	452
1649	452
1649	451
1650	451
1650	450
1652	450
1652	449
1658	449
1658	450
1659	450
1659	452
1663	452
1663	454
1666	454
1666	455
1667	455
1667	456
1668	456
1668	457
1669	457
1669	456
1670	456
1670	457
1675	457
1675	459
1671	459
1671	467
1670	467
1670	468
1665	468
1665	471
1664	471
1664	472
1663	472
1663	473
1662	473
1662	481
1673	481
1673	480
1675	480
1675	479
1676	479
1676	480
1678	480
1678	479
1679	479
1679	480
1680	480
1680	479
1685	479
1685	480
1688	480
1688	481
1707	481
1707	482
1708	482
1708	483
1719	483
1719	482
1720	482
1720	481
1722	481
1722	482
1726	482
1726	483
1729	483
1729	484
1733	484
1733	486
1734	486
1734	487
1735	487
1735	488
1736	488
1736	487
1738	487
1738	488
1740	488
1740	489
1741	489
1741	491
1742	491
1742	492
1743	492
1743	493
1742	493
1742	494
1739	494
1739	498
1738	498
1738	499
1736	499
1736	502
1735	502
1735	503
1734	503
1734	504
1732	504
1732	505
1733	505
1733	506
1732	506
1732	508
1730	508
1730	512
1729	512
1729	513
1728	513
1728	523
1736	523
1736	522
1739	522
1739	521
1744	521
1744	522
1751	522
1751	523
1761	523
1761	524
1763	524
1763	525
1766	525
1766	526
1770	526
1770	527
1771	527
1771	528
1779	528
1779	529
1783	529
1783	532
1789	532
1789	533
1790	533
1790	534
1800	534
1800	535
1801	535
1801	536
1804	536
1804	537
1806	537
1806	538
1809	538
1809	539
1810	539
1810	541
1813	541
1813	542
1814	542
1814	543
1815	543
1815	544
1817	544
1817	545
1818	545
1818	546
1819	546
1819	547
1821	547
1821	550
1820	550
1820	551
1815	551
1815	552
1814	552
1814	556
1813	556
1813	557
1812	557
1812	558
1811	558
1811	560
1810	560
1810	561
1809	561
1809	562
1807	562
1807	563
1805	563
1805	564
1806	564
1806	565
1805	565
1805	570
1804	570
1804	571
1805	571
1805	572
1804	572
1804	573
1805	573
1805	574
1806	574
1806	573
1807	573
1807	574
1808	574
1808	573
1809	573
1809	574
1811	574
1811	573
1816	573
1816	572
1818	572
1818	573
1826	573
1826	574
1827	574
1827	575
1832	575
1832	577
1833	577
1833	578
1840	578
1840	577
1841	577
1841	581
1845	581
1845	585
1851	585
1851	587
1854	587
1854	596
1856	596
1856	597
1862	597
1862	596
1870	596
1870	595
1872	595
1872	594
1877	594
1877	593
1881	593
1881	594
1883	594
1883	595
1881	595
1881	596
1880	596
1880	597
1879	597
1879	598
1878	598
1878	600
1877	600
1877	601
1875	601
1875	602
1874	602
1874	603
1875	603
1875	604
1874	604
1874	606
1872	606
1872	610
1871	610
1871	619
1881	619
1881	620
1883	620
1883	619
1884	619
1884	620
1887	620
1887	621
1890	621
1890	622
1892	622
1892	623
1898	623
1898	624
1902	624
1902	625
1905	625
1905	626
1907	626
1907	627
1910	627
1910	628
1912	628
1912	629
1913	629
1913	630
1915	630
1915	631
1918	631
1918	632
1919	632
1919	634
1927	634
1927	635
1929	635
1929	638
1932	638
1932	639
1933	639
1933	640
1935	640
1935	641
1937	641
1937	642
1938	642
1938	644
1939	644
1939	646
1940	646
1940	645
1941	645
1941	646
1943	646
1943	647
1949	647
1949	648
1956	648
1956	654
1955	654
1955	663
1954	663
1954	665
1955	665
1955	666
1957	666
1957	667
1959	667
1959	666
1963	666
1963	665
1965	665
1965	666
1967	666
1967	667
1969	667
1969	668
1970	668
1970	669
1971	669
1971	670
1972	670
1972	669
1973	669
1973	670
1974	670
1974	669
1976	669
1976	670
1978	670
1978	673
1979	673
1979	674
1990	674
1990	675
1993	675
1993	676
1998	676
1998	677
2007	677
2007	678
2008	678
2008	677
2009	677
2009	678
2011	678
2011	679
2012	679
2012	681
2010	681
2010	683
2009	683
2009	692
2012	692
2012	693
2030	693
2030	694
2031	694
2031	695
2032	695
2032	694
2034	694
2034	695
2035	695
2035	696
2037	696
2037	697
2040	697
2040	698
2041	698
2041	700
2042	700
2042	701
2045	701
2045	700
2046	700
2046	701
2055	701
2055	702
2061	702
2061	703
2063	703
2063	705
2075	705
2075	706
2085	706
2085	707
2103	707
2103	708
2106	708
2106	707
2109	707
2109	708
2110	708
2110	707
2112	707
2112	706
2123	706
2123	707
2127	707
2127	708
2129	708
2129	709
2132	709
2132	710
2136	710
2136	711
2137	711
2137	713
2136	713
2136	714
2133	714
2133	715
2131	715
2131	716
2129	716
2129	717
2128	717
2128	718
2125	718
2125	719
2124	719
2124	720
2123	720
2123	721
2121	721
2121	722
2120	722
2120	723
2116	723
2116	726
2113	726
2113	725
2112	725
2112	726
2107	726
2107	727
2103	727
2103	728
2094	728
2094	730
2085	730
2085	731
2082	731
2082	732
2080	732
2080	734
2072	734
2072	735
2067	735
2067	737
2052	737
2052	738
2049	738
2049	739
2045	739
2045	740
2041	740
2041	741
2036	741
2036	742
2035	742
2035	743
2023	743
2023	744
2013	744
2013	745
2012	745
2012	744
2007	744
2007	743
1996	743
1996	744
1994	744
1994	757
1993	757
1993	758
1989	758
1989	757
1988	757
1988	758
1984	758
1984	757
1979	757
1979	756
1975	756
1975	755
1961	755
1961	754
1954	754
1954	753
1953	753
1953	752
1945	752
1945	751
1944	751
1944	750
1938	750
1938	749
1936	749
1936	747
1932	747
1932	746
1925	746
1925	745
1924	745
1924	746
1923	746
1923	750
1922	750
1922	753
1921	753
1921	755
1920	755
1920	757
1921	757
1921	759
1920	759
1920	760
1921	760
1921	763
1920	763
1920	764
1917	764
1917	763
1900	763
1900	762
1892	762
1892	759
1891	759
1891	758
1892	758
1892	757
1887	757
1887	756
1884	756
1884	755
1882	755
1882	754
1878	754
1878	752
1872	752
1872	751
1869	751
1869	750
1868	750
1868	749
1865	749
1865	746
1862	746
1862	745
1860	745
1860	744
1859	744
1859	743
1858	743
1858	742
1857	742
1857	741
1856	741
1856	740
1855	740
1855	739
1854	739
1854	738
1850	738
1850	739
1849	739
1849	738
1846	738
1846	739
1845	739
1845	742
1844	742
1844	744
1842	744
1842	745
1843	745
1843	746
1842	746
1842	747
1841	747
1841	750
1840	750
1840	751
1841	751
1841	757
1840	757
1840	758
1832	758
1832	760
1830	760
1830	756
1829	756
1829	754
1825	754
1825	753
1822	753
1822	752
1820	752
1820	751
1811	751
1811	746
1809	746
1809	745
1803	745
1803	742
1798	742
1798	741
1797	741
1797	740
1794	740
1794	737
1790	737
1790	736
1789	736
1789	734
1785	734
1785	732
1784	732
1784	731
1783	731
1783	732
1782	732
1782	731
1780	731
1780	729
1778	729
1778	728
1777	728
1777	727
1772	727
1772	724
1771	724
1771	723
1772	723
1772	722
1771	722
1771	721
1767	721
1767	719
1765	719
1765	717
1764	717
1764	716
1762	716
1762	715
1761	715
1761	712
1760	712
1760	710
1758	710
1758	709
1750	709
1750	711
1749	711
1749	712
1748	712
1748	714
1747	714
1747	715
1748	715
1748	716
1747	716
1747	717
1746	717
1746	724
1745	724
1745	729
1744	729
1744	730
1743	730
1743	742
1740	742
1740	741
1738	741
1738	740
1732	740
1732	739
1729	739
1729	738
1727	738
1727	737
1724	737
1724	736
1719	736
1719	734
1718	734
1718	732
1716	732
1716	731
1708	731
1708	726
1706	726
1706	725
1704	725
1704	724
1703	724
1703	723
1702	723
1702	722
1701	722
1701	721
1700	721
1700	720
1696	720
1696	718
1694	718
1694	717
1693	717
1693	716
1691	716
1691	715
1690	715
1690	714
1689	714
1689	713
1688	713
1688	712
1686	712
1686	711
1685	711
1685	708
1683	708
1683	706
1682	706
1682	705
1680	705
1680	703
1679	703
1679	699
1678	699
1678	698
1677	698
1677	697
1669	697
1669	699
1668	699
1668	700
1667	700
1667	701
1668	701
1668	703
1667	703
1667	705
1668	705
1668	709
1666	709
1666	710
1663	710
1663	718
1658	718
1658	717
1656	717
1656	716
1655	716
1655	715
1652	715
1652	714
1651	714
1651	713
1647	713
1647	711
1643	711
1643	710
1641	710
1641	709
1639	709
1639	708
1638	708
1638	707
1637	707
1637	706
1635	706
1635	705
1634	705
1634	703
1631	703
1631	702
1630	702
1630	701
1629	701
1629	700
1626	700
1626	699
1625	699
1625	696
1624	696
1624	695
1623	695
1623	694
1616	694
1616	692
1612	692
1612	689
1611	689
1611	688
1610	688
1610	687
1608	687
1608	685
1607	685
1607	683
1606	683
1606	682
1605	682
1605	681
1604	681
1604	677
1601	677
1601	674
1600	674
1600	672
1599	672
1599	668
1597	668
1597	667
1596	667
1596	663
1588	663
1588	668
1586	668
1586	672
1584	672
1584	673
1583	673
1583	677
1581	677
1581	685
1576	685
1576	684
1575	684
1575	683
1572	683
1572	682
1571	682
1571	681
1568	681
1568	680
1567	680
1567	678
1564	678
1564	677
1563	677
1563	676
1561	676
1561	673
1560	673
1560	672
1558	672
1558	671
1557	671
1557	670
1556	670
1556	668
1553	668
1553	667
1552	667
1552	664
1551	664
1551	663
1548	663
1548	662
1547	662
1547	659
1536	659
1536	658
1535	658
1535	657
1534	657
1534	656
1533	656
1533	654
1532	654
1532	653
1531	653
1531	652
1528	652
1528	650
1527	650
1527	646
1524	646
1524	645
1523	645
1523	642
1522	642
1522	641
1521	641
1521	638
1520	638
1520	637
1519	637
1519	632
1518	632
1518	631
1517	631
1517	630
1516	630
1516	628
1515	628
1515	624
1514	624
1514	623
1507	623
1507	624
1506	624
1506	628
1504	628
1504	629
1503	629
1503	632
1502	632
1502	633
1501	633
1501	637
1499	637
1499	641
1498	641
1498	646
1496	646
1496	645
1494	645
1494	644
1490	644
1490	639
1488	639
1488	636
1487	636
1487	635
1482	635
1482	634
1480	634
1480	633
1479	633
1479	631
1477	631
1477	630
1476	630
1476	629
1475	629
1475	628
1470	628
1470	620
1469	620
1469	619
1468	619
1468	617
1467	617
1467	615
1466	615
1466	613
1465	613
1465	611
1464	611
1464	610
1463	610
1463	609
1459	609
1459	608
1458	608
1458	607
1457	607
1457	606
1456	606
1456	605
1454	605
1454	602
1453	602
1453	601
1452	601
1452	598
1451	598
1451	597
1450	597
1450	596
1449	596
1449	592
1448	592
1448	588
1445	588
1445	584
1444	584
1444	583
1437	583
1437	585
1436	585
1436	587
1435	587
1435	588
1432	588
1432	592
1430	592
1430	593
1429	593
1429	597
1426	597
1426	601
1424	601
1424	602
1422	602
1422	600
1421	600
1421	599
1413	599
1413	600
1412	600
1412	601
1410	601
1410	609
1412	609
1412	610
1413	610
1413	611
1415	611
1415	612
1422	612
1422	613
1424	613
1424	614
1425	614
1425	615
1428	615
1428	616
1430	616
1430	617
1433	617
1433	618
1436	618
1436	619
1437	619
1437	622
1438	622
1438	623
1440	623
1440	624
1441	624
1441	623
1445	623
1445	624
1446	624
