1960	665
1967	665
1967	666
1963	666
1963	674
1966	674
1966	675
1968	675
1968	676
1970	676
1970	677
1976	677
1976	678
1975	678
1975	680
1976	680
1976	681
1979	681
1979	684
1980	684
1980	685
1987	685
1987	688
1988	688
1988	689
1989	689
1989	690
1994	690
1994	691
1995	691
1995	692
1998	692
1998	693
2001	693
2001	694
2002	694
2002	695
2003	695
2003	696
2006	696
2006	697
2007	697
2007	698
2008	698
2008	700
2010	700
2010	701
2012	701
2012	702
2016	702
2016	704
2017	704
2017	705
2020	705
2020	706
2025	706
2025	707
2027	707
2027	709
2031	709
2031	710
2032	710
2032	712
2034	712
2034	713
2037	713
2037	714
2038	714
2038	715
2040	715
2040	716
2043	716
2043	717
2048	717
2048	720
2049	720
2049	721
2052	721
2052	722
2053	722
2053	723
2056	723
2056	724
2057	724
2057	725
2063	725
2063	727
2064	727
2064	728
2067	728
2067	727
2068	727
2068	729
2069	729
2069	730
2074	730
2074	733
2081	733
2081	734
2083	734
2083	735
2088	735
2088	737
2089	737
2089	739
2097	739
2097	740
2098	740
2098	741
2099	741
2099	742
2101	742
2101	743
2105	743
2105	745
2109	745
2109	746
2117	746
2117	748
2118	748
2118	749
2120	749
2120	750
2121	750
2121	751
2125	751
2125	753
2129	753
2129	755
2132	755
2132	756
2136	756
2136	759
2124	759
2124	758
2122	758
2122	757
2120	757
2120	758
2119	758
2119	757
2115	757
2115	756
2110	756
2110	755
2103	755
2103	754
2101	754
2101	753
2094	753
2094	752
2090	752
2090	751
2083	751
2083	750
2082	750
2082	749
2080	749
2080	750
2079	750
2079	749
2077	749
2077	748
2075	748
2075	749
2074	749
2074	748
2072	748
2072	747
2066	747
2066	746
2059	746
2059	745
2057	745
2057	744
2053	744
2053	743
2047	743
2047	742
2046	742
2046	741
2038	741
2038	740
2034	740
2034	739
2030	739
2030	738
2029	738
2029	737
2022	737
2022	736
2013	736
2013	735
1997	735
1997	734
1994	734
1994	733
1993	733
1993	732
1992	732
1992	733
1986	733
1986	732
1985	732
1985	731
1977	731
1977	730
1974	730
1974	731
1972	731
1972	734
1968	734
1968	733
1965	733
1965	731
1957	731
1957	728
1954	728
1954	729
1953	729
1953	728
1952	728
1952	729
1951	729
1951	728
1949	728
1949	729
1948	729
1948	728
1946	728
1946	727
1941	727
1941	725
1936	725
1936	724
1929	724
1929	723
1924	723
1924	722
1919	722
1919	721
1917	721
1917	719
1909	719
1909	717
1899	717
1899	725
1900	725
1900	728
1901	728
1901	729
1902	729
1902	730
1900	730
1900	729
1896	729
1896	728
1895	728
1895	729
1893	729
1893	728
1892	728
1892	727
1889	727
1889	725
1886	725
1886	724
1881	724
1881	723
1880	723
1880	722
1877	722
1877	721
1872	721
1872	719
1868	719
1868	718
1867	718
1867	717
1866	717
1866	715
1858	715
1858	714
1857	714
1857	713
1856	713
1856	714
1855	714
1855	713
1853	713
1853	711
1852	711
1852	710
1848	710
1848	709
1847	709
1847	708
1846	708
1846	707
1843	707
1843	706
1837	706
1837	707
1836	707
1836	717
1837	717
1837	720
1838	720
1838	722
1839	722
1839	723
1832	723
1832	722
1829	722
1829	721
1828	721
1828	722
1827	722
1827	721
1826	721
1826	720
1824	720
1824	719
1819	719
1819	718
1818	718
1818	717
1817	717
1817	716
1815	716
1815	715
1813	715
1813	714
1811	714
1811	713
1809	713
1809	712
1806	712
1806	711
1803	711
1803	710
1802	710
1802	709
1798	709
1798	708
1797	708
1797	707
1795	707
1795	706
1794	706
1794	705
1792	705
1792	704
1790	704
1790	703
1789	703
1789	702
1787	702
1787	701
1786	701
1786	700
1784	700
1784	699
1782	699
1782	698
1780	698
1780	697
1779	697
1779	696
1776	696
1776	695
1775	695
1775	694
1774	694
1774	693
1773	693
1773	692
1772	692
1772	691
1770	691
1770	690
1769	690
1769	689
1768	689
1768	688
1761	688
1761	689
1760	689
1760	696
1761	696
1761	698
1762	698
1762	703
1763	703
1763	706
1764	706
1764	707
1765	707
1765	708
1762	708
1762	707
1761	707
1761	708
1754	708
1754	707
1751	707
1751	706
1749	706
1749	705
1746	705
1746	704
1744	704
1744	703
1743	703
1743	701
1739	701
1739	700
1737	700
1737	699
1736	699
1736	698
1735	698
1735	696
1732	696
1732	695
1730	695
1730	694
1727	694
1727	693
1723	693
1723	692
1722	692
1722	691
1720	691
1720	690
1719	690
1719	689
1715	689
1715	686
1711	686
1711	685
1707	685
1707	683
1706	683
1706	682
1703	682
1703	681
1702	681
1702	680
1701	680
1701	679
1700	679
1700	678
1699	678
1699	677
1698	677
1698	676
1697	676
1697	675
1695	675
1695	674
1694	674
1694	673
1693	673
1693	674
1692	674
1692	673
1691	673
1691	674
1690	674
1690	673
1689	673
1689	674
1688	674
1688	676
1687	676
1687	688
1688	688
1688	693
1689	693
1689	694
1690	694
1690	695
1692	695
1692	696
1683	696
1683	695
1681	695
1681	694
1675	694
1675	693
1674	693
1674	692
1671	692
1671	691
1668	691
1668	690
1667	690
1667	689
1666	689
1666	687
1662	687
1662	686
1661	686
1661	685
1659	685
1659	684
1658	684
1658	683
1654	683
1654	682
1652	682
1652	683
1649	683
1649	684
1645	684
1645	685
1644	685
1644	686
1640	686
1640	687
1639	687
1639	695
1642	695
1642	696
1647	696
1647	695
1648	695
1648	696
1649	696
1649	697
1655	697
1655	699
1665	699
1665	700
1666	700
1666	701
1669	701
1669	703
1673	703
1673	705
1676	705
1676	707
1677	707
1677	708
1678	708
1678	709
1685	709
1685	710
1688	710
1688	711
1689	711
1689	712
1691	712
1691	713
1693	713
1693	714
1694	714
1694	715
1697	715
1697	716
1698	716
1698	717
1701	717
1701	719
1705	719
1705	721
1706	721
1706	724
1707	724
1707	725
1709	725
1709	726
1710	726
1710	729
1701	729
1701	731
1697	731
1697	732
1696	732
1696	733
1694	733
1694	734
1693	734
1693	735
1689	735
1689	744
1690	744
1690	745
1699	745
1699	746
1702	746
1702	747
1705	747
1705	746
1706	746
1706	747
1709	747
1709	748
1710	748
1710	749
1712	749
1712	750
1717	750
1717	751
1721	751
1721	753
1729	753
1729	756
1730	756
1730	757
1731	757
1731	758
1739	758
1739	761
1743	761
1743	763
1744	763
1744	764
1746	764
1746	766
1747	766
1747	765
1748	765
1748	766
1749	766
1749	767
1750	767
1750	768
1751	768
1751	769
1758	769
1758	770
1759	770
1759	772
1758	772
1758	773
1761	773
1761	777
1763	777
1763	779
1765	779
1765	781
1766	781
1766	783
1756	783
1756	784
1755	784
1755	785
1754	785
1754	786
1750	786
1750	787
1749	787
1749	788
1748	788
1748	789
1746	789
1746	790
1745	790
1745	791
1742	791
1742	792
1741	792
1741	795
1742	795
1742	797
1741	797
1741	799
1742	799
1742	800
1745	800
1745	801
1747	801
1747	802
1754	802
1754	804
1757	804
1757	805
1758	805
1758	806
1762	806
1762	807
1763	807
1763	806
1764	806
1764	807
1766	807
1766	809
1767	809
1767	810
1769	810
1769	811
1771	811
1771	812
1774	812
1774	814
1782	814
1782	818
1784	818
1784	819
1786	819
1786	821
1787	821
1787	822
1788	822
1788	821
1790	821
1790	824
1794	824
1794	826
1795	826
1795	827
1798	827
1798	829
1799	829
1799	830
1802	830
1802	834
1806	834
1806	836
1807	836
1807	838
1808	838
1808	839
1809	839
1809	841
1798	841
1798	842
1796	842
1796	841
1795	841
1795	842
1794	842
1794	843
1793	843
1793	844
1790	844
1790	845
1789	845
1789	846
1787	846
1787	845
1786	845
1786	848
1783	848
1783	856
1785	856
1785	857
1786	857
1786	858
1791	858
1791	859
1795	859
1795	860
1798	860
1798	863
1802	863
1802	865
1803	865
1803	866
1806	866
1806	869
1810	869
1810	871
1812	871
1812	873
1813	873
1813	874
1819	874
1819	879
1820	879
1820	880
1821	880
1821	881
1822	881
1822	883
1823	883
1823	884
1825	884
1825	886
1826	886
1826	890
1830	890
1830	894
1833	894
1833	895
1835	895
1835	896
1837	896
1837	897
1836	897
1836	898
1838	898
1838	902
1841	902
1841	903
1842	903
1842	906
1844	906
1844	908
1845	908
1845	910
1846	910
1846	914
1847	914
1847	916
1845	916
1845	915
1844	915
1844	914
1831	914
1831	915
1827	915
1827	916
1825	916
1825	926
1827	926
1827	927
1830	927
1830	928
1832	928
1832	929
1834	929
1834	931
1837	931
1837	932
1839	932
1839	933
1840	933
1840	934
1841	934
1841	935
1842	935
1842	938
1844	938
1844	939
1846	939
1846	940
1847	940
1847	941
1849	941
1849	942
1850	942
1850	943
1851	943
1851	944
1853	944
1853	946
1854	946
1854	947
1856	947
1856	951
1858	951
1858	952
1859	952
1859	953
1858	953
1858	955
1860	955
1860	956
1862	956
1862	957
1864	957
1864	958
1865	958
1865	959
1866	959
1866	960
1867	960
1867	963
1873	963
1873	967
1875	967
1875	968
1876	968
1876	969
1880	969
1880	970
1884	970
1884	976
1885	976
1885	978
1886	978
1886	979
1887	979
1887	983
1888	983
1888	986
1887	986
1887	985
1886	985
1886	984
1884	984
1884	983
1872	983
1872	984
1871	984
1871	995
1873	995
1873	996
1878	996
1878	999
1879	999
1879	1000
1881	1000
1881	1001
1882	1001
1882	1002
1883	1002
1883	1003
1884	1003
1884	1004
1885	1004
1885	1005
1886	1005
1886	1006
1887	1006
1887	1007
1889	1007
1889	1009
1891	1009
1891	1010
1893	1010
1893	1011
1894	1011
1894	1012
1896	1012
1896	1011
1898	1011
1898	1012
1899	1012
1899	1019
1902	1019
1902	1020
1903	1020
1903	1023
1906	1023
1906	1024
1907	1024
1907	1027
1909	1027
1909	1029
1910	1029
1910	1030
1911	1030
1911	1031
1913	1031
1913	1032
1914	1032
1914	1035
1915	1035
1915	1039
1917	1039
1917	1041
1918	1041
1918	1043
1916	1043
1916	1042
1915	1042
1915	1041
1913	1041
1913	1040
1900	1040
1900	1041
1898	1041
1898	1042
1894	1042
1894	1050
1895	1050
1895	1051
1898	1051
1898	1052
1899	1052
1899	1054
1903	1054
1903	1056
1905	1056
1905	1057
1906	1057
1906	1058
1907	1058
1907	1060
1909	1060
1909	1061
1910	1061
1910	1062
1911	1062
1911	1063
1912	1063
1912	1064
1913	1064
1913	1063
1914	1063
1914	1064
1915	1064
1915	1067
1916	1067
1916	1068
1919	1068
1919	1071
1920	1071
1920	1072
1924	1072
1924	1074
1923	1074
1923	1078
1922	1078
1922	1082
1923	1082
1923	1085
1925	1085
1925	1087
1926	1087
1926	1088
1928	1088
1928	1089
1929	1089
1929	1092
1931	1092
1931	1095
1932	1095
1932	1096
1933	1096
1933	1097
1934	1097
1934	1098
1939	1098
1939	1103
1940	1103
1940	1104
1943	1104
1943	1107
1944	1107
1944	1108
1947	1108
1947	1112
1951	1112
1951	1115
1952	1115
1952	1116
1951	1116
1951	1117
1952	1117
1952	1118
1954	1118
1954	1121
1953	1121
1953	1120
1952	1120
1952	1119
1944	1119
1944	1120
1943	1120
1943	1125
1944	1125
1944	1127
1948	1127
1948	1128
1949	1128
1949	1130
1950	1130
1950	1131
1956	1131
1956	1135
1957	1135
1957	1136
1958	1136
1958	1137
1959	1137
1959	1138
1960	1138
1960	1139
1961	1139
1961	1140
1962	1140
1962	1139
1963	1139
1963	1141
1964	1141
1964	1142
1965	1142
1965	1144
1967	1144
1967	1145
1966	1145
1966	1146
1964	1146
1964	1147
1960	1147
1960	1148
1959	1148
1959	1154
1960	1154
1960	1155
1961	1155
1961	1156
1964	1156
1964	1158
1965	1158
1965	1159
1964	1159
1964	1160
1965	1160
1965	1163
1966	1163
1966	1164
1968	1164
1968	1165
1971	1165
1971	1169
1972	1169
1972	1170
1971	1170
1971	1171
1972	1171
1972	1173
1973	1173
1973	1174
1974	1174
1974	1177
1975	1177
1975	1178
1976	1178
1976	1180
1977	1180
1977	1181
1980	1181
1980	1182
1982	1182
1982	1185
1983	1185
1983	1186
1985	1186
1985	1187
1986	1187
1986	1188
1988	1188
1988	1193
1987	1193
1987	1195
1988	1195
1988	1197
1987	1197
1987	1198
1988	1198
1988	1201
1990	1201
1990	1205
1991	1205
1991	1206
1992	1206
1992	1209
1996	1209
1996	1213
1998	1213
1998	1217
1999	1217
1999	1218
2000	1218
2000	1221
2003	1221
2003	1224
2004	1224
2004	1225
2005	1225
2005	1226
2006	1226
2006	1227
2007	1227
2007	1228
2008	1228
2008	1229
2010	1229
2010	1233
2015	1233
2015	1234
2016	1234
2016	1238
2017	1238
2017	1239
2018	1239
2018	1240
2019	1240
2019	1241
2020	1241
2020	1246
2021	1246
2021	1245
2024	1245
2024	1249
2025	1249
2025	1250
2026	1250
2026	1252
2027	1252
2027	1251
2028	1251
2028	1255
2032	1255
2032	1257
2034	1257
2034	1258
2036	1258
2036	1261
2038	1261
2038	1265
2040	1265
2040	1267
2041	1267
2041	1268
2044	1268
2044	1270
2045	1270
2045	1271
2046	1271
2046	1272
2047	1272
2047	1273
2048	1273
2048	1274
2049	1274
2049	1276
2050	1276
2050	1277
2051	1277
2051	1278
2052	1278
2052	1279
2053	1279
2053	1280
2056	1280
2056	1281
2057	1281
2057	1282
2058	1282
2058	1285
2059	1285
2059	1287
2060	1287
2060	1288
2064	1288
2064	1289
2065	1289
2065	1293
2066	1293
2066	1294
2067	1294
2067	1296
2068	1296
2068	1297
2070	1297
2070	1298
2071	1298
2071	1299
2072	1299
2072	1301
2073	1301
2073	1302
2075	1302
2075	1305
2077	1305
2077	1306
2078	1306
2078	1307
2080	1307
2080	1308
2081	1308
2081	1310
2084	1310
2084	1312
2085	1312
2085	1314
2087	1314
2087	1315
2088	1315
2088	1316
2092	1316
2092	1319
2093	1319
2093	1322
2098	1322
2098	1325
2099	1325
2099	1326
2101	1326
2101	1330
2105	1330
2105	1331
2106	1331
2106	1332
2109	1332
2109	1334
2108	1334
2108	1335
2109	1335
2109	1336
2107	1336
2107	1335
2103	1335
2103	1334
2101	1334
2101	1333
2099	1333
2099	1332
2096	1332
2096	1331
2094	1331
2094	1330
2090	1330
2090	1328
2088	1328
2088	1327
2086	1327
2086	1326
2084	1326
2084	1325
2083	1325
2083	1324
2081	1324
2081	1323
2080	1323
2080	1322
2079	1322
2079	1321
2078	1321
2078	1320
2076	1320
2076	1318
2072	1318
2072	1316
2069	1316
2069	1315
2068	1315
2068	1314
2067	1314
2067	1313
2066	1313
2066	1312
2062	1312
2062	1311
2061	1311
2061	1310
2060	1310
2060	1309
2059	1309
2059	1308
2057	1308
2057	1307
2056	1307
2056	1306
2054	1306
2054	1304
2052	1304
2052	1303
2051	1303
2051	1302
2050	1302
2050	1301
2048	1301
2048	1300
2046	1300
2046	1298
2045	1298
2045	1297
2043	1297
2043	1296
2040	1296
2040	1294
2039	1294
2039	1293
2038	1293
2038	1291
2034	1291
2034	1290
2033	1290
2033	1289
2032	1289
2032	1288
2031	1288
2031	1287
2029	1287
2029	1286
2028	1286
2028	1285
2027	1285
2027	1284
2026	1284
2026	1283
2025	1283
2025	1282
2022	1282
2022	1281
2021	1281
2021	1280
2018	1280
2018	1279
2017	1279
2017	1278
2016	1278
2016	1277
2015	1277
2015	1276
2014	1276
2014	1275
2012	1275
2012	1274
2011	1274
2011	1273
2010	1273
2010	1272
2008	1272
2008	1270
2007	1270
2007	1269
2006	1269
2006	1268
2005	1268
2005	1267
2002	1267
2002	1266
2000	1266
2000	1264
1999	1264
1999	1263
1998	1263
1998	1262
1997	1262
1997	1261
1994	1261
1994	1258
1989	1258
1989	1257
1988	1257
1988	1256
1987	1256
1987	1255
1985	1255
1985	1254
1984	1254
1984	1253
1982	1253
1982	1252
1980	1252
1980	1250
1979	1250
1979	1249
1977	1249
1977	1247
1970	1247
1970	1246
1969	1246
1969	1245
1970	1245
1970	1242
1969	1242
1969	1241
1965	1241
1965	1237
1962	1237
1962	1236
1961	1236
1961	1235
1957	1235
1957	1234
1956	1234
1956	1233
1955	1233
1955	1232
1952	1232
1952	1231
1950	1231
1950	1230
1949	1230
1949	1229
1948	1229
1948	1228
1942	1228
1942	1227
1941	1227
1941	1224
1940	1224
1940	1223
1938	1223
1938	1222
1937	1222
1937	1221
1930	1221
1930	1222
1929	1222
1929	1218
1926	1218
1926	1217
1925	1217
1925	1216
1924	1216
1924	1215
1923	1215
1923	1214
1922	1214
1922	1212
1921	1212
1921	1210
1920	1210
1920	1209
1919	1209
1919	1208
1918	1208
1918	1207
1917	1207
1917	1206
1913	1206
1913	1204
1912	1204
1912	1203
1909	1203
1909	1202
1908	1202
1908	1201
1907	1201
1907	1199
1904	1199
1904	1198
1902	1198
1902	1197
1901	1197
1901	1195
1900	1195
1900	1194
1896	1194
1896	1192
1895	1192
1895	1191
1893	1191
1893	1189
1891	1189
1891	1188
1890	1188
1890	1187
1889	1187
1889	1186
1888	1186
1888	1183
1885	1183
1885	1179
1876	1179
1876	1183
1875	1183
1875	1192
1874	1192
1874	1193
1871	1193
1871	1192
1870	1192
1870	1191
1869	1191
1869	1190
1868	1190
1868	1188
1867	1188
1867	1187
1866	1187
1866	1185
1864	1185
1864	1184
1863	1184
1863	1183
1861	1183
1861	1179
1860	1179
1860	1178
1856	1178
1856	1173
1853	1173
1853	1172
1852	1172
1852	1171
1851	1171
1851	1170
1850	1170
1850	1169
1849	1169
1849	1168
1848	1168
1848	1167
1847	1167
1847	1166
1846	1166
1846	1165
1844	1165
1844	1163
1841	1163
1841	1162
1840	1162
1840	1161
1839	1161
1839	1160
1838	1160
1838	1159
1836	1159
1836	1158
1835	1158
1835	1157
1834	1157
1834	1155
1833	1155
1833	1154
1832	1154
1832	1153
1830	1153
1830	1152
1829	1152
1829	1151
1828	1151
1828	1150
1827	1150
1827	1149
1826	1149
1826	1146
1823	1146
1823	1145
1822	1145
1822	1143
1821	1143
1821	1139
1819	1139
1819	1138
1813	1138
1813	1142
1812	1142
1812	1143
1811	1143
1811	1148
1810	1148
1810	1152
1811	1152
1811	1155
1810	1155
1810	1156
1809	1156
1809	1155
1808	1155
1808	1153
1803	1153
1803	1152
1802	1152
1802	1151
1801	1151
1801	1150
1800	1150
1800	1149
1798	1149
1798	1147
1796	1147
1796	1145
1794	1145
1794	1143
1793	1143
1793	1142
1792	1142
1792	1140
1791	1140
1791	1139
1790	1139
1790	1138
1789	1138
1789	1137
1790	1137
1790	1136
1789	1136
1789	1134
1786	1134
1786	1133
1785	1133
1785	1132
1784	1132
1784	1131
1783	1131
1783	1129
1781	1129
1781	1127
1780	1127
1780	1126
1779	1126
1779	1125
1778	1125
1778	1124
1777	1124
1777	1122
1776	1122
1776	1121
1775	1121
1775	1120
1774	1120
1774	1118
1772	1118
1772	1115
1771	1115
1771	1114
1769	1114
1769	1112
1770	1112
1770	1111
1769	1111
1769	1110
1766	1110
1766	1108
1765	1108
1765	1107
1764	1107
1764	1102
1755	1102
1755	1106
1754	1106
1754	1109
1753	1109
1753	1124
1752	1124
1752	1123
1751	1123
1751	1122
1750	1122
1750	1121
1748	1121
1748	1120
1747	1120
1747	1118
1744	1118
1744	1117
1743	1117
1743	1116
1741	1116
1741	1115
1740	1115
1740	1114
1739	1114
1739	1113
1738	1113
1738	1111
1737	1111
1737	1110
1735	1110
1735	1108
1736	1108
1736	1107
1735	1107
1735	1105
1734	1105
1734	1104
1732	1104
1732	1102
1728	1102
1728	1101
1727	1101
1727	1094
1726	1094
1726	1093
1725	1093
1725	1091
1723	1091
1723	1090
1722	1090
1722	1089
1721	1089
1721	1088
1720	1088
1720	1087
1719	1087
1719	1086
1718	1086
1718	1085
1717	1085
1717	1084
1718	1084
1718	1083
1717	1083
1717	1082
1716	1082
1716	1081
1715	1081
1715	1080
1714	1080
1714	1078
1713	1078
1713	1076
1712	1076
1712	1075
1711	1075
1711	1073
1710	1073
1710	1072
1711	1072
1711	1071
1710	1071
1710	1070
1709	1070
1709	1066
1705	1066
1705	1065
1704	1065
1704	1066
1701	1066
1701	1069
1700	1069
1700	1070
1699	1070
1699	1074
1698	1074
1698	1078
1696	1078
1696	1079
1695	1079
1695	1089
1693	1089
1693	1088
1691	1088
1691	1086
1690	1086
1690	1085
1689	1085
1689	1084
1687	1084
1687	1082
1686	1082
1686	1081
1685	1081
1685	1080
1684	1080
1684	1079
1682	1079
1682	1078
1681	1078
1681	1077
1680	1077
1680	1076
1681	1076
1681	1075
1680	1075
1680	1074
1679	1074
1679	1073
1678	1073
1678	1072
1677	1072
1677	1071
1675	1071
1675	1065
1674	1065
1674	1064
1673	1064
1673	1063
1672	1063
1672	1062
1671	1062
1671	1060
1670	1060
1670	1059
1669	1059
1669	1058
1668	1058
1668	1057
1669	1057
1669	1056
1668	1056
1668	1054
1667	1054
1667	1053
1666	1053
1666	1052
1665	1052
1665	1051
1664	1051
1664	1049
1663	1049
1663	1048
1664	1048
1664	1047
1663	1047
1663	1046
1661	1046
1661	1045
1660	1045
1660	1042
1659	1042
1659	1041
1658	1041
1658	1039
1657	1039
1657	1038
1655	1038
1655	1034
1654	1034
1654	1033
1653	1033
1653	1029
1652	1029
1652	1026
1651	1026
1651	1025
1645	1025
1645	1026
1644	1026
1644	1028
1643	1028
1643	1031
1642	1031
1642	1032
1641	1032
1641	1033
1640	1033
1640	1038
1639	1038
1639	1039
1638	1039
1638	1040
1637	1040
1637	1047
1636	1047
1636	1051
1635	1051
1635	1050
1634	1050
1634	1049
1633	1049
1633	1048
1632	1048
1632	1047
1631	1047
1631	1045
1630	1045
1630	1044
1629	1044
1629	1043
1628	1043
1628	1042
1627	1042
1627	1041
1626	1041
1626	1040
1625	1040
1625	1039
1624	1039
1624	1038
1623	1038
1623	1037
1622	1037
1622	1036
1621	1036
1621	1035
1620	1035
1620	1034
1619	1034
1619	1031
1618	1031
1618	1029
1617	1029
1617	1026
1616	1026
1616	1025
1615	1025
1615	1022
1614	1022
1614	1021
1613	1021
1613	1018
1612	1018
1612	1017
1610	1017
1610	1014
1609	1014
1609	1013
1608	1013
1608	1011
1607	1011
1607	1010
1606	1010
1606	1009
1605	1009
1605	1007
1604	1007
1604	1005
1602	1005
1602	1002
1601	1002
1601	999
1600	999
1600	997
1599	997
1599	996
1598	996
1598	991
1597	991
1597	988
1596	988
1596	987
1597	987
1597	986
1596	986
1596	984
1589	984
1589	985
1588	985
1588	986
1587	986
1587	987
1586	987
1586	989
1585	989
1585	993
1583	993
1583	994
1582	994
1582	1002
1581	1002
1581	1003
1580	1003
1580	1005
1578	1005
1578	1002
1577	1002
1577	1003
1576	1003
1576	1002
1575	1002
1575	1001
1574	1001
1574	999
1573	999
1573	996
1572	996
1572	995
1571	995
1571	994
1570	994
1570	991
1568	991
1568	989
1566	989
1566	985
1564	985
1564	981
1562	981
1562	977
1560	977
1560	973
1559	973
1559	969
1558	969
1558	966
1557	966
1557	965
1556	965
1556	962
1555	962
1555	957
1553	957
1553	953
1552	953
1552	949
1550	949
1550	945
1548	945
1548	944
1547	944
1547	937
1546	937
1546	936
1545	936
1545	926
1544	926
1544	924
1538	924
1538	925
1536	925
1536	927
1535	927
1535	929
1534	929
1534	930
1533	930
1533	931
1532	931
1532	932
1531	932
1531	933
1530	933
1530	936
1529	936
1529	937
1528	937
1528	956
1529	956
1529	957
1530	957
1530	958
1531	958
1531	959
1532	959
1532	962
1534	962
1534	963
1535	963
1535	964
1534	964
1534	965
1535	965
1535	966
1536	966
1536	967
1537	967
1537	968
1538	968
1538	970
1540	970
1540	976
1543	976
1543	977
1544	977
1544	983
1545	983
1545	984
1546	984
1546	985
1545	985
1545	986
1546	986
1546	987
1547	987
1547	988
1548	988
1548	991
1546	991
1546	988
1545	988
1545	987
1540	987
1540	986
1537	986
1537	987
1536	987
1536	986
1535	986
1535	987
1534	987
1534	986
1533	986
1533	985
1520	985
1520	987
1519	987
1519	990
1520	990
1520	992
1521	992
1521	993
1523	993
1523	994
1524	994
1524	995
1525	995
1525	996
1526	996
1526	997
1527	997
1527	998
1528	998
1528	999
1530	999
1530	1001
1531	1001
1531	1002
1532	1002
1532	1003
1534	1003
1534	1005
1535	1005
1535	1006
1539	1006
1539	1011
1540	1011
1540	1015
1542	1015
1542	1016
1543	1016
1543	1018
1544	1018
1544	1019
1545	1019
1545	1023
1548	1023
1548	1028
1550	1028
1550	1029
1551	1029
1551	1030
1552	1030
1552	1032
1553	1032
1553	1034
1554	1034
1554	1035
1555	1035
1555	1036
1556	1036
1556	1043
1558	1043
1558	1047
1559	1047
1559	1056
1557	1056
1557	1053
1556	1053
1556	1052
1554	1052
1554	1051
1553	1051
1553	1050
1547	1050
1547	1049
1543	1049
1543	1048
1535	1048
1535	1047
1524	1047
1524	1054
1523	1054
1523	1055
1525	1055
1525	1056
1526	1056
1526	1057
1528	1057
1528	1059
1529	1059
1529	1060
1530	1060
1530	1062
1532	1062
1532	1063
1533	1063
1533	1064
1534	1064
1534	1067
1536	1067
1536	1068
1537	1068
1537	1069
1538	1069
1538	1070
1539	1070
1539	1071
1540	1071
1540	1072
1541	1072
1541	1076
1543	1076
1543	1078
1544	1078
1544	1083
1545	1083
1545	1084
1547	1084
1547	1086
1548	1086
1548	1088
1549	1088
1549	1091
1550	1091
1550	1092
1552	1092
1552	1096
1553	1096
1553	1097
1554	1097
1554	1100
1555	1100
1555	1102
1556	1102
1556	1103
1555	1103
1555	1104
1558	1104
1558	1107
1559	1107
1559	1108
1560	1108
1560	1112
1562	1112
1562	1115
1563	1115
1563	1116
1564	1116
1564	1120
1565	1120
1565	1122
1566	1122
1566	1128
1568	1128
1568	1132
1569	1132
1569	1135
1568	1135
1568	1138
1567	1138
1567	1137
1566	1137
1566	1135
1565	1135
1565	1134
1562	1134
1562	1133
1553	1133
1553	1132
1544	1132
1544	1133
1543	1133
1543	1132
1542	1132
1542	1133
1540	1133
1540	1140
1541	1140
1541	1141
1542	1141
1542	1142
1543	1142
1543	1144
1544	1144
1544	1145
1545	1145
1545	1146
1546	1146
1546	1148
1548	1148
1548	1150
1550	1150
1550	1151
1551	1151
1551	1152
1552	1152
1552	1155
1553	1155
1553	1157
1554	1157
1554	1160
1555	1160
1555	1161
1556	1161
1556	1164
1557	1164
1557	1165
1558	1165
1558	1167
1559	1167
1559	1168
1560	1168
1560	1172
1561	1172
1561	1173
1562	1173
1562	1176
1563	1176
1563	1177
1564	1177
1564	1180
1567	1180
1567	1181
1568	1181
1568	1185
1571	1185
1571	1192
1572	1192
1572	1194
1573	1194
1573	1197
1575	1197
1575	1202
1576	1202
1576	1211
1575	1211
1575	1216
1574	1216
1574	1217
1573	1217
1573	1218
1572	1218
1572	1215
1571	1215
1571	1214
1570	1214
1570	1213
1568	1213
1568	1212
1567	1212
1567	1211
1565	1211
1565	1210
1562	1210
1562	1209
1554	1209
1554	1208
1548	1208
1548	1216
1549	1216
1549	1217
1550	1217
1550	1218
1552	1218
1552	1221
1554	1221
1554	1222
1555	1222
1555	1223
1558	1223
1558	1229
1559	1229
1559	1231
1560	1231
1560	1233
1562	1233
1562	1236
1563	1236
1563	1241
1564	1241
1564	1242
1565	1242
1565	1243
1566	1243
1566	1247
1568	1247
1568	1248
1567	1248
1567	1249
1568	1249
1568	1252
1569	1252
1569	1253
1570	1253
1570	1254
1571	1254
1571	1257
1572	1257
1572	1261
1573	1261
1573	1262
1574	1262
1574	1264
1575	1264
1575	1269
1576	1269
1576	1273
1577	1273
1577	1276
1578	1276
1578	1278
1579	1278
1579	1281
1580	1281
1580	1292
1578	1292
1578	1290
1576	1290
1576	1289
1575	1289
1575	1288
1574	1288
1574	1286
1566	1286
1566	1284
1557	1284
1557	1290
1558	1290
1558	1292
1560	1292
1560	1295
1561	1295
1561	1296
1562	1296
1562	1297
1564	1297
1564	1299
1565	1299
1565	1300
1566	1300
1566	1301
1567	1301
1567	1304
1568	1304
1568	1306
1570	1306
1570	1309
1571	1309
1571	1310
1572	1310
1572	1313
1573	1313
1573	1314
1574	1314
1574	1318
1575	1318
1575	1321
1576	1321
1576	1325
1577	1325
1577	1326
1578	1326
1578	1327
1579	1327
1579	1333
1580	1333
1580	1337
1581	1337
1581	1342
1582	1342
1582	1350
1583	1350
1583	1354
1582	1354
1582	1360
1581	1360
1581	1361
1580	1361
1580	1363
1579	1363
1579	1362
1578	1362
1578	1357
1576	1357
1576	1356
1574	1356
1574	1355
1572	1355
1572	1354
1571	1354
1571	1353
1570	1353
1570	1351
1569	1351
1569	1350
1568	1350
1568	1351
1567	1351
1567	1350
1566	1350
1566	1349
1565	1349
1565	1348
1561	1348
1561	1347
1552	1347
1552	1355
1553	1355
1553	1356
1554	1356
1554	1358
1556	1358
1556	1362
1558	1362
1558	1364
1559	1364
1559	1365
1560	1365
1560	1370
1561	1370
1561	1371
1562	1371
1562	1373
1563	1373
1563	1377
1564	1377
1564	1378
1565	1378
1565	1379
1567	1379
1567	1400
1568	1400
1568	1402
1569	1402
1569	1403
1570	1403
1570	1407
1571	1407
1571	1408
1570	1408
1570	1409
1571	1409
1571	1411
1572	1411
1572	1415
1573	1415
1573	1419
1574	1419
1574	1423
1576	1423
1576	1449
1573	1449
1573	1445
1570	1445
1570	1444
1569	1444
1569	1443
1567	1443
1567	1441
1563	1441
1563	1440
1562	1440
1562	1439
1552	1439
1552	1448
1553	1448
1553	1449
1554	1449
1554	1450
1555	1450
1555	1452
1556	1452
1556	1455
1557	1455
1557	1458
1558	1458
1558	1463
1559	1463
1559	1470
1558	1470
1558	1477
1559	1477
1559	1478
1560	1478
1560	1487
1561	1487
1561	1500
1562	1500
1562	1511
1563	1511
1563	1512
1564	1512
1564	1522
1563	1522
1563	1526
1561	1526
1561	1524
1560	1524
1560	1522
1558	1522
1558	1521
1556	1521
1556	1520
1548	1520
1548	1528
1549	1528
1549	1530
1550	1530
1550	1544
1551	1544
1551	1565
1552	1565
1552	1568
1553	1568
1553	1572
1555	1572
1555	1576
1556	1576
1556	1579
1557	1579
1557	1583
1556	1583
1556	1582
1555	1582
1555	1581
1553	1581
1553	1580
1552	1580
1552	1581
1548	1581
1548	1592
1549	1592
1549	1595
1550	1595
1550	1604
1551	1604
1551	1616
1552	1616
1552	1623
1553	1623
1553	1632
1554	1632
1554	1633
1555	1633
1555	1640
1556	1640
1556	1664
1557	1664
1557	1665
1558	1665
1558	1671
1559	1671
1559	1674
1560	1674
1560	1676
1561	1676
1561	1680
1562	1680
1562	1684
1563	1684
1563	1685
1564	1685
1564	1688
1563	1688
1563	1689
1564	1689
1564	1693
1566	1693
1566	1699
1567	1699
1567	1701
1568	1701
1568	1705
1569	1705
1569	1707
1570	1707
1570	1709
1571	1709
1571	1714
1572	1714
1572	1717
1574	1717
1574	1719
1575	1719
1575	1720
1576	1720
1576	1725
1577	1725
1577	1727
1578	1727
1578	1729
1579	1729
1579	1730
1580	1730
1580	1734
1581	1734
1581	1736
1582	1736
1582	1739
1583	1739
1583	1740
1584	1740
1584	1741
1585	1741
1585	1742
1586	1742
1586	1744
1588	1744
1588	1750
1589	1750
1589	1751
1590	1751
1590	1754
1591	1754
1591	1755
1592	1755
1592	1757
1593	1757
1593	1758
1594	1758
1594	1760
1595	1760
1595	1763
1596	1763
1596	1765
1597	1765
1597	1767
1598	1767
1598	1768
1599	1768
1599	1772
1600	1772
1600	1774
1601	1774
1601	1775
1602	1775
1602	1778
1603	1778
1603	1780
1604	1780
1604	1784
1602	1784
1602	1783
1600	1783
1600	1781
1599	1781
1599	1780
1597	1780
1597	1779
1596	1779
1596	1778
1595	1778
1595	1777
1594	1777
1594	1776
1593	1776
1593	1775
1592	1775
1592	1774
1591	1774
1591	1773
1590	1773
1590	1771
1589	1771
1589	1770
1588	1770
1588	1769
1587	1769
1587	1768
1585	1768
1585	1766
1584	1766
1584	1765
1582	1765
1582	1762
1581	1762
1581	1761
1580	1761
1580	1760
1578	1760
1578	1755
1576	1755
1576	1756
1575	1756
1575	1755
1574	1755
1574	1752
1572	1752
1572	1748
1571	1748
1571	1747
1568	1747
1568	1746
1567	1746
1567	1744
1566	1744
1566	1742
1565	1742
1565	1741
1564	1741
1564	1740
1563	1740
1563	1739
1562	1739
1562	1736
1560	1736
1560	1733
1559	1733
1559	1731
1556	1731
1556	1730
1555	1730
1555	1727
1554	1727
1554	1724
1553	1724
1553	1723
1551	1723
1551	1720
1550	1720
1550	1719
1549	1719
1549	1717
1548	1717
1548	1716
1546	1716
1546	1712
1545	1712
1545	1711
1544	1711
1544	1708
1543	1708
1543	1707
1542	1707
1542	1704
1541	1704
1541	1703
1540	1703
1540	1700
1539	1700
1539	1699
1538	1699
1538	1695
1535	1695
1535	1694
1536	1694
1536	1692
1535	1692
1535	1691
1532	1691
1532	1690
1533	1690
1533	1689
1532	1689
1532	1687
1530	1687
1530	1683
1528	1683
1528	1682
1527	1682
1527	1679
1526	1679
1526	1676
1525	1676
1525	1675
1524	1675
1524	1673
1525	1673
1525	1672
1524	1672
1524	1671
1522	1671
1522	1667
1520	1667
1520	1666
1521	1666
1521	1665
1519	1665
1519	1662
1518	1662
1518	1659
1516	1659
1516	1658
1515	1658
1515	1657
1512	1657
1512	1651
1510	1651
1510	1650
1509	1650
1509	1649
1510	1649
1510	1648
1509	1648
1509	1647
1508	1647
1508	1646
1507	1646
1507	1643
1505	1643
1505	1642
1504	1642
1504	1641
1503	1641
1503	1639
1501	1639
1501	1631
1499	1631
1499	1630
1498	1630
1498	1627
1497	1627
1497	1624
1498	1624
1498	1623
1495	1623
1495	1619
1494	1619
1494	1617
1493	1617
1493	1614
1492	1614
1492	1611
1491	1611
1491	1610
1489	1610
1489	1607
1488	1607
1488	1606
1487	1606
1487	1603
1486	1603
1486	1602
1485	1602
1485	1598
1483	1598
1483	1594
1481	1594
1481	1592
1480	1592
1480	1591
1479	1591
1479	1586
1477	1586
1477	1582
1476	1582
1476	1579
1475	1579
1475	1574
1474	1574
1474	1573
1473	1573
1473	1566
1471	1566
1471	1560
1463	1560
1463	1562
1462	1562
1462	1563
1461	1563
1461	1571
1459	1571
1459	1570
1458	1570
1458	1568
1457	1568
1457	1566
1456	1566
1456	1565
1455	1565
1455	1562
1454	1562
1454	1558
1453	1558
1453	1554
1452	1554
1452	1552
1451	1552
1451	1546
1449	1546
1449	1539
1448	1539
1448	1537
1447	1537
1447	1533
1446	1533
1446	1526
1445	1526
1445	1522
1444	1522
1444	1521
1443	1521
1443	1519
1442	1519
1442	1500
1436	1500
1436	1501
1434	1501
1434	1502
1433	1502
1433	1505
1432	1505
1432	1506
1430	1506
1430	1510
1428	1510
1428	1513
1427	1513
1427	1514
1426	1514
1426	1513
1425	1513
1425	1511
1424	1511
1424	1509
1423	1509
1423	1502
1422	1502
1422	1501
1421	1501
1421	1494
1420	1494
1420	1493
1419	1493
1419	1485
1418	1485
1418	1474
1417	1474
1417	1470
1416	1470
1416	1469
1415	1469
1415	1462
1414	1462
1414	1460
1413	1460
1413	1459
1412	1459
1412	1458
1413	1458
1413	1457
1412	1457
1412	1456
1413	1456
1413	1455
1412	1455
1412	1448
1411	1448
1411	1446
1412	1446
1412	1439
1413	1439
1413	1437
1412	1437
1412	1435
1405	1435
1405	1436
1403	1436
1403	1437
1402	1437
1402	1439
1400	1439
1400	1440
1399	1440
1399	1441
1398	1441
1398	1442
1397	1442
1397	1443
1396	1443
1396	1445
1395	1445
1395	1449
1394	1449
1394	1450
1393	1450
1393	1446
1392	1446
1392	1445
1391	1445
1391	1441
1389	1441
1389	1438
1388	1438
1388	1437
1387	1437
1387	1425
1386	1425
1386	1421
1385	1421
1385	1418
1384	1418
1384	1417
1383	1417
1383	1413
1382	1413
1382	1409
1381	1409
1381	1406
1380	1406
1380	1392
1379	1392
1379	1385
1378	1385
1378	1372
1379	1372
1379	1369
1380	1369
1380	1361
1373	1361
1373	1362
1371	1362
1371	1363
1370	1363
1370	1364
1369	1364
1369	1365
1367	1365
1367	1366
1366	1366
1366	1368
1362	1368
1362	1372
1361	1372
1361	1373
1360	1373
1360	1376
1359	1376
1359	1378
1358	1378
1358	1379
1357	1379
1357	1378
1356	1378
1356	1374
1355	1374
1355	1373
1354	1373
1354	1371
1353	1371
1353	1370
1352	1370
1352	1369
1351	1369
1351	1368
1352	1368
1352	1367
1351	1367
1351	1363
1350	1363
1350	1362
1351	1362
1351	1359
1350	1359
1350	1349
1349	1349
1349	1346
1348	1346
1348	1335
1347	1335
1347	1334
1348	1334
1348	1314
1349	1314
1349	1306
1350	1306
1350	1296
1342	1296
1342	1298
1340	1298
1340	1299
1338	1299
1338	1301
1334	1301
1334	1304
1332	1304
1332	1303
1331	1303
1331	1304
1330	1304
1330	1308
1329	1308
1329	1311
1328	1311
1328	1308
1327	1308
1327	1304
1326	1304
1326	1300
1324	1300
1324	1278
1325	1278
1325	1273
1326	1273
1326	1260
1325	1260
1325	1259
1324	1259
1324	1258
1325	1258
1325	1257
1328	1257
1328	1254
1329	1254
1329	1251
1330	1251
1330	1244
1329	1244
1329	1243
1321	1243
1321	1245
1320	1245
1320	1246
1318	1246
1318	1247
1315	1247
1315	1248
1314	1248
1314	1251
1313	1251
1313	1252
1312	1252
1312	1253
1311	1253
1311	1252
1310	1252
1310	1245
1309	1245
1309	1240
1308	1240
1308	1232
1309	1232
1309	1220
1310	1220
1310	1213
1311	1213
1311	1211
1312	1211
1312	1203
1311	1203
1311	1202
1304	1202
1304	1203
1302	1203
1302	1205
1301	1205
1301	1207
1299	1207
1299	1211
1298	1211
1298	1215
1297	1215
1297	1214
1296	1214
1296	1211
1295	1211
1295	1209
1293	1209
1293	1208
1292	1208
1292	1204
1290	1204
1290	1196
1289	1196
1289	1195
1288	1195
1288	1188
1287	1188
1287	1186
1286	1186
1286	1184
1287	1184
1287	1174
1286	1174
1286	1172
1285	1172
1285	1150
1284	1150
1284	1136
1285	1136
1285	1127
1286	1127
1286	1124
1287	1124
1287	1119
1288	1119
1288	1118
1287	1118
1287	1115
1279	1115
1279	1116
1278	1116
1278	1117
1277	1117
1277	1118
1274	1118
1274	1119
1273	1119
1273	1120
1272	1120
1272	1122
1270	1122
1270	1123
1269	1123
1269	1124
1266	1124
1266	1125
1265	1125
1265	1126
1264	1126
1264	1128
1263	1128
1263	1129
1262	1129
1262	1130
1261	1130
1261	1133
1260	1133
1260	1140
1259	1140
1259	1148
1260	1148
1260	1149
1261	1149
1261	1156
1262	1156
1262	1158
1263	1158
1263	1161
1264	1161
1264	1162
1265	1162
1265	1164
1266	1164
1266	1166
1267	1166
1267	1170
1268	1170
1268	1175
1269	1175
1269	1176
1268	1176
1268	1179
1269	1179
1269	1187
1268	1187
1268	1192
1267	1192
1267	1195
1265	1195
1265	1191
1264	1191
1264	1190
1263	1190
1263	1187
1260	1187
1260	1186
1259	1186
1259	1187
1256	1187
1256	1186
1255	1186
1255	1185
1254	1185
1254	1184
1253	1184
1253	1185
1252	1185
1252	1184
1251	1184
1251	1183
1242	1183
1242	1189
1241	1189
1241	1197
1242	1197
1242	1199
1243	1199
1243	1203
1244	1203
1244	1208
1245	1208
1245	1216
1248	1216
1248	1220
1247	1220
1247	1228
1248	1228
1248	1239
1249	1239
1249	1260
1248	1260
1248	1262
1246	1262
1246	1264
1245	1264
1245	1266
1244	1266
1244	1263
1243	1263
1243	1259
1240	1259
1240	1258
1239	1258
1239	1256
1237	1256
1237	1255
1235	1255
1235	1256
1234	1256
1234	1255
1233	1255
1233	1253
1231	1253
1231	1251
1230	1251
1230	1250
1227	1250
1227	1249
1222	1249
1222	1250
1221	1250
1221	1252
1220	1252
1220	1260
1221	1260
1221	1265
1222	1265
1222	1268
1223	1268
1223	1269
1225	1269
1225	1310
1226	1310
1226	1328
1225	1328
1225	1338
1224	1338
1224	1339
1223	1339
1223	1340
1222	1340
1222	1343
1221	1343
1221	1344
1220	1344
1220	1342
1219	1342
1219	1340
1218	1340
1218	1339
1217	1339
1217	1338
1216	1338
1216	1337
1215	1337
1215	1336
1213	1336
1213	1334
1211	1334
1211	1332
1207	1332
1207	1330
1204	1330
1204	1329
1202	1329
1202	1328
1195	1328
1195	1329
1194	1329
1194	1333
1195	1333
1195	1340
1196	1340
1196	1346
1197	1346
1197	1354
1198	1354
1198	1362
1199	1362
1199	1366
1198	1366
1198	1381
1199	1381
1199	1389
1198	1389
1198	1400
1197	1400
1197	1401
1198	1401
1198	1403
1197	1403
1197	1407
1196	1407
1196	1409
1195	1409
1195	1410
1194	1410
1194	1408
1193	1408
1193	1407
1194	1407
1194	1405
1191	1405
1191	1403
1189	1403
1189	1401
1187	1401
1187	1399
1186	1399
1186	1398
1183	1398
1183	1397
1181	1397
1181	1395
1179	1395
1179	1393
1178	1393
1178	1394
1177	1394
1177	1393
1171	1393
1171	1394
1170	1394
1170	1401
1171	1401
1171	1403
1172	1403
1172	1407
1173	1407
1173	1429
1172	1429
1172	1436
1171	1436
1171	1450
1170	1450
1170	1467
1171	1467
1171	1470
1170	1470
1170	1473
1169	1473
1169	1474
1168	1474
1168	1478
1167	1478
1167	1482
1166	1482
1166	1484
1165	1484
1165	1485
1164	1485
1164	1483
1163	1483
1163	1478
1162	1478
1162	1476
1161	1476
1161	1475
1159	1475
1159	1473
1156	1473
1156	1472
1155	1472
1155	1471
1154	1471
1154	1469
1151	1469
1151	1468
1148	1468
1148	1467
1147	1467
1147	1468
1145	1468
1145	1467
1144	1467
1144	1468
1143	1468
1143	1482
1144	1482
1144	1503
1143	1503
1143	1513
1142	1513
1142	1524
1143	1524
1143	1525
1142	1525
1142	1543
1141	1543
1141	1547
1140	1547
1140	1549
1139	1549
1139	1546
1138	1546
1138	1542
1135	1542
1135	1541
1134	1541
1134	1540
1130	1540
1130	1538
1121	1538
1121	1547
1122	1547
1122	1565
1121	1565
1121	1571
1120	1571
1120	1578
1119	1578
1119	1579
1118	1579
1118	1586
1117	1586
1117	1587
1116	1587
1116	1590
1115	1590
1115	1592
1114	1592
1114	1594
1113	1594
1113	1595
1112	1595
1112	1596
1111	1596
1111	1590
1109	1590
1109	1587
1108	1587
1108	1586
1107	1586
1107	1585
1106	1585
1106	1582
1104	1582
1104	1581
1103	1581
1103	1580
1096	1580
1096	1595
1095	1595
1095	1599
1094	1599
1094	1606
1093	1606
1093	1611
1092	1611
1092	1615
1090	1615
1090	1620
1089	1620
1089	1632
1088	1632
1088	1640
1087	1640
1087	1641
1080	1641
1080	1642
1079	1642
1079	1647
1078	1647
1078	1649
1077	1649
1077	1651
1078	1651
1078	1652
1077	1652
1077	1653
1078	1653
1078	1654
1077	1654
1077	1655
1076	1655
1076	1665
1075	1665
1075	1666
1074	1666
1074	1671
1073	1671
1073	1675
1072	1675
1072	1679
1070	1679
1070	1684
1069	1684
1069	1687
1068	1687
1068	1692
1067	1692
1067	1695
1066	1695
1066	1700
1065	1700
1065	1703
1064	1703
1064	1707
1062	1707
1062	1715
1061	1715
1061	1718
1060	1718
1060	1720
1059	1720
1059	1721
1060	1721
1060	1723
1059	1723
1059	1729
1058	1729
1058	1730
1057	1730
1057	1735
1056	1735
1056	1738
1055	1738
1055	1739
1056	1739
1056	1742
1055	1742
1055	1747
1054	1747
1054	1752
1053	1752
1053	1756
1052	1756
1052	1761
1051	1761
1051	1762
1052	1762
1052	1763
1051	1763
1051	1764
1050	1764
1050	1784
1049	1784
1049	1789
1048	1789
1048	1795
1047	1795
1047	1800
1046	1800
1046	1807
1045	1807
1045	1820
1044	1820
1044	1823
1043	1823
1043	1835
1042	1835
1042	1842
1041	1842
1041	1845
1040	1845
1040	1853
1039	1853
1039	1857
1038	1857
1038	1861
1037	1861
1037	1868
1036	1868
1036	1872
1035	1872
1035	1873
1034	1873
1034	1877
1033	1877
1033	1880
1032	1880
1032	1883
1033	1883
1033	1884
1032	1884
1032	1885
1033	1885
1033	1886
1030	1886
1030	1888
1029	1888
1029	1889
1028	1889
1028	1890
1027	1890
1027	1885
1026	1885
1026	1856
1027	1856
1027	1852
1026	1852
1026	1848
1027	1848
1027	1847
1026	1847
1026	1835
1025	1835
1025	1824
1024	1824
1024	1810
1023	1810
1023	1804
1022	1804
1022	1787
1021	1787
1021	1776
1020	1776
1020	1774
1021	1774
1021	1773
1020	1773
1020	1768
1019	1768
1019	1761
1020	1761
1020	1760
1019	1760
1019	1744
1018	1744
1018	1735
1017	1735
1017	1731
1016	1731
1016	1730
1015	1730
1015	1729
1016	1729
1016	1724
1015	1724
1015	1718
1014	1718
1014	1701
1013	1701
1013	1691
1012	1691
1012	1680
1011	1680
1011	1677
1012	1677
1012	1673
1011	1673
1011	1672
1012	1672
1012	1664
1011	1664
1011	1659
1010	1659
1010	1658
1009	1658
1009	1647
1008	1647
1008	1646
1007	1646
1007	1641
1006	1641
1006	1637
1005	1637
1005	1621
1006	1621
1006	1619
1005	1619
1005	1617
1006	1617
1006	1614
1003	1614
1003	1613
1002	1613
1002	1614
997	1614
997	1615
995	1615
995	1617
993	1617
993	1619
992	1619
992	1623
991	1623
991	1622
990	1622
990	1620
989	1620
989	1617
988	1617
988	1607
987	1607
987	1603
988	1603
988	1596
989	1596
989	1586
990	1586
990	1581
991	1581
991	1580
990	1580
990	1577
991	1577
991	1576
993	1576
993	1568
984	1568
984	1569
983	1569
983	1574
981	1574
981	1570
980	1570
980	1569
979	1569
979	1558
980	1558
980	1555
981	1555
981	1546
982	1546
982	1539
983	1539
983	1523
984	1523
984	1522
985	1522
985	1515
986	1515
986	1509
987	1509
987	1506
988	1506
988	1499
979	1499
979	1501
978	1501
978	1502
977	1502
977	1504
976	1504
976	1505
975	1505
975	1506
974	1506
974	1513
973	1513
973	1512
972	1512
972	1511
971	1511
971	1509
970	1509
970	1506
969	1506
969	1502
968	1502
968	1501
967	1501
967	1494
966	1494
966	1484
967	1484
967	1479
968	1479
968	1475
969	1475
969	1454
970	1454
970	1446
971	1446
971	1443
973	1443
973	1435
974	1435
974	1434
975	1434
975	1432
976	1432
976	1426
975	1426
975	1425
968	1425
968	1426
967	1426
967	1427
964	1427
964	1428
963	1428
963	1429
961	1429
961	1430
959	1430
959	1431
958	1431
958	1433
955	1433
955	1434
953	1434
953	1436
952	1436
952	1437
951	1437
951	1440
949	1440
949	1438
948	1438
948	1436
947	1436
947	1427
948	1427
948	1426
949	1426
949	1411
950	1411
950	1407
951	1407
951	1403
952	1403
952	1401
953	1401
953	1384
954	1384
954	1381
955	1381
955	1376
954	1376
954	1375
955	1375
955	1374
957	1374
957	1368
958	1368
958	1366
959	1366
959	1363
960	1363
960	1362
961	1362
961	1360
962	1360
962	1352
951	1352
951	1354
950	1354
950	1355
947	1355
947	1357
943	1357
943	1358
940	1358
940	1359
939	1359
939	1361
938	1361
938	1362
937	1362
937	1363
936	1363
936	1364
935	1364
935	1365
934	1365
934	1361
933	1361
933	1343
932	1343
932	1342
933	1342
933	1340
934	1340
934	1337
935	1337
935	1330
937	1330
937	1325
938	1325
938	1319
939	1319
939	1314
940	1314
940	1313
941	1313
941	1306
942	1306
942	1302
943	1302
943	1298
944	1298
944	1296
945	1296
945	1294
946	1294
946	1293
948	1293
948	1292
949	1292
949	1287
950	1287
950	1286
951	1286
951	1284
952	1284
952	1283
953	1283
953	1274
943	1274
943	1275
940	1275
940	1276
938	1276
938	1278
934	1278
934	1279
931	1279
931	1280
929	1280
929	1281
928	1281
928	1282
927	1282
927	1283
925	1283
925	1284
924	1284
924	1286
923	1286
923	1287
922	1287
922	1284
921	1284
921	1280
920	1280
920	1279
921	1279
921	1277
920	1277
920	1276
921	1276
921	1274
922	1274
922	1263
920	1263
920	1262
926	1262
926	1258
927	1258
927	1253
928	1253
928	1252
929	1252
929	1247
930	1247
930	1246
931	1246
931	1245
932	1245
932	1244
933	1244
933	1243
932	1243
932	1241
933	1241
933	1238
934	1238
934	1236
935	1236
935	1230
936	1230
936	1229
937	1229
937	1224
938	1224
938	1221
939	1221
939	1217
940	1217
940	1216
941	1216
941	1209
942	1209
942	1207
943	1207
943	1205
944	1205
944	1202
945	1202
945	1197
946	1197
946	1196
947	1196
947	1194
948	1194
948	1193
949	1193
949	1192
950	1192
950	1188
951	1188
951	1187
952	1187
952	1186
953	1186
953	1185
954	1185
954	1184
955	1184
955	1183
956	1183
956	1181
957	1181
957	1180
958	1180
958	1178
959	1178
959	1171
951	1171
951	1172
950	1172
950	1173
943	1173
943	1174
942	1174
942	1175
939	1175
939	1176
936	1176
936	1177
934	1177
934	1178
932	1178
932	1177
931	1177
931	1178
930	1178
930	1179
929	1179
929	1180
928	1180
928	1181
926	1181
926	1183
925	1183
925	1185
924	1185
924	1183
923	1183
923	1181
924	1181
924	1172
925	1172
925	1168
926	1168
926	1165
927	1165
927	1164
928	1164
928	1163
929	1163
929	1162
930	1162
930	1158
931	1158
931	1156
932	1156
932	1155
933	1155
933	1151
934	1151
934	1149
935	1149
935	1148
936	1148
936	1144
937	1144
937	1142
938	1142
938	1141
940	1141
940	1140
941	1140
941	1136
943	1136
943	1132
945	1132
945	1124
946	1124
946	1122
947	1122
947	1120
948	1120
948	1119
949	1119
949	1116
950	1116
950	1115
951	1115
951	1112
953	1112
953	1108
954	1108
954	1107
955	1107
955	1106
956	1106
956	1104
957	1104
957	1103
958	1103
958	1102
959	1102
959	1100
960	1100
960	1099
961	1099
961	1098
962	1098
962	1097
963	1097
963	1096
964	1096
964	1095
965	1095
965	1089
964	1089
964	1088
963	1088
963	1089
951	1089
951	1090
941	1090
941	1092
940	1092
940	1091
939	1091
939	1092
937	1092
937	1094
935	1094
935	1095
934	1095
934	1096
933	1096
933	1097
932	1097
932	1098
931	1098
931	1096
932	1096
932	1094
933	1094
933	1093
932	1093
932	1091
933	1091
933	1085
934	1085
934	1084
935	1084
935	1081
936	1081
936	1079
937	1079
937	1077
938	1077
938	1076
939	1076
939	1073
940	1073
940	1071
941	1071
941	1068
943	1068
943	1067
944	1067
944	1066
945	1066
945	1062
946	1062
946	1060
949	1060
949	1058
950	1058
950	1057
949	1057
949	1056
950	1056
950	1055
952	1055
952	1054
953	1054
953	1051
954	1051
954	1048
955	1048
955	1047
956	1047
956	1046
957	1046
957	1044
958	1044
958	1040
960	1040
960	1039
961	1039
961	1036
963	1036
963	1033
964	1033
964	1032
965	1032
965	1031
967	1031
967	1028
968	1028
968	1027
970	1027
970	1025
973	1025
973	1017
952	1017
952	1018
946	1018
946	1021
945	1021
945	1022
944	1022
944	1015
945	1015
945	1011
946	1011
946	1010
947	1010
947	1009
946	1009
946	1008
947	1008
947	1005
948	1005
948	1003
950	1003
950	1001
949	1001
949	1000
950	1000
950	999
951	999
951	997
952	997
952	995
953	995
953	994
954	994
954	992
955	992
955	991
957	991
957	987
958	987
958	985
960	985
960	984
961	984
961	982
962	982
962	981
963	981
963	979
964	979
964	978
965	978
965	975
967	975
967	973
968	973
968	971
970	971
970	970
971	970
971	967
972	967
972	966
973	966
973	963
975	963
975	962
977	962
977	959
978	959
978	958
980	958
980	956
981	956
981	955
984	955
984	954
985	954
985	946
975	946
975	947
973	947
973	949
971	949
971	952
970	952
970	955
969	955
969	956
968	956
968	957
966	957
966	959
963	959
963	951
962	951
962	949
961	949
961	948
960	948
960	947
959	947
959	945
958	945
958	944
957	944
957	942
956	942
956	941
955	941
955	940
954	940
954	939
953	939
953	937
948	937
948	936
946	936
946	937
945	937
945	942
944	942
944	953
943	953
943	957
942	957
942	959
941	959
941	960
940	960
940	965
939	965
939	969
938	969
938	970
937	970
937	974
936	974
936	981
935	981
935	985
934	985
934	988
933	988
933	992
932	992
932	996
931	996
931	998
930	998
930	1001
929	1001
929	1005
927	1005
927	1006
926	1006
926	1009
923	1009
923	1010
924	1010
924	1011
923	1011
923	1012
922	1012
922	1014
920	1014
920	1012
921	1012
921	1010
920	1010
920	1006
919	1006
919	1005
918	1005
918	1003
917	1003
917	1001
916	1001
916	1000
915	1000
915	999
914	999
914	997
913	997
913	995
912	995
912	993
910	993
910	991
909	991
909	989
902	989
902	993
901	993
901	1009
900	1009
900	1013
899	1013
899	1014
898	1014
898	1018
897	1018
897	1020
896	1020
896	1022
895	1022
895	1026
894	1026
894	1030
892	1030
892	1035
891	1035
891	1038
890	1038
890	1041
889	1041
889	1043
888	1043
888	1046
887	1046
887	1050
886	1050
886	1054
885	1054
885	1058
884	1058
884	1062
881	1062
881	1065
880	1065
880	1066
878	1066
878	1073
876	1073
876	1070
875	1070
875	1065
874	1065
874	1062
873	1062
873	1061
872	1061
872	1060
871	1060
871	1059
870	1059
870	1058
869	1058
869	1056
868	1056
868	1055
869	1055
869	1054
867	1054
867	1052
866	1052
866	1053
865	1053
865	1052
864	1052
864	1050
862	1050
862	1049
858	1049
858	1050
856	1050
856	1061
855	1061
855	1066
854	1066
854	1074
852	1074
852	1076
851	1076
851	1078
850	1078
850	1082
848	1082
848	1086
846	1086
846	1090
845	1090
845	1091
844	1091
844	1094
843	1094
843	1098
841	1098
841	1102
840	1102
840	1104
839	1104
839	1105
840	1105
840	1106
838	1106
838	1110
836	1110
836	1112
835	1112
835	1114
834	1114
834	1116
833	1116
833	1119
832	1119
832	1120
830	1120
830	1122
829	1122
829	1124
828	1124
828	1125
827	1125
827	1126
826	1126
826	1127
822	1127
822	1129
819	1129
819	1128
820	1128
820	1120
819	1120
819	1118
818	1118
818	1116
817	1116
817	1114
816	1114
816	1113
815	1113
815	1110
814	1110
814	1108
813	1108
813	1106
810	1106
810	1103
809	1103
809	1102
802	1102
802	1105
801	1105
801	1111
800	1111
800	1118
799	1118
799	1119
798	1119
798	1122
797	1122
797	1126
795	1126
795	1127
794	1127
794	1130
793	1130
793	1135
792	1135
792	1136
791	1136
791	1137
790	1137
790	1138
788	1138
788	1139
787	1139
787	1141
786	1141
786	1143
785	1143
785	1147
782	1147
782	1148
781	1148
781	1150
780	1150
780	1151
779	1151
779	1154
778	1154
778	1155
777	1155
777	1157
775	1157
775	1158
774	1158
774	1162
772	1162
772	1163
771	1163
771	1166
770	1166
770	1167
768	1167
768	1168
767	1168
767	1169
768	1169
768	1170
766	1170
766	1171
765	1171
765	1174
764	1174
764	1175
763	1175
763	1178
761	1178
761	1179
760	1179
760	1180
759	1180
759	1181
757	1181
757	1183
755	1183
755	1185
754	1185
754	1186
753	1186
753	1187
751	1187
751	1178
750	1178
750	1176
749	1176
749	1171
748	1171
748	1170
747	1170
747	1167
746	1167
746	1166
745	1166
745	1164
744	1164
744	1163
743	1163
743	1160
735	1160
735	1162
734	1162
734	1165
733	1165
733	1171
731	1171
731	1179
730	1179
730	1180
729	1180
729	1183
728	1183
728	1184
727	1184
727	1187
724	1187
724	1188
725	1188
725	1190
724	1190
724	1191
722	1191
722	1194
721	1194
721	1195
719	1195
719	1200
718	1200
718	1201
717	1201
717	1203
715	1203
715	1207
713	1207
713	1208
712	1208
712	1209
713	1209
713	1210
712	1210
712	1211
713	1211
713	1212
712	1212
712	1213
709	1213
709	1215
707	1215
707	1217
705	1217
705	1219
704	1219
704	1221
702	1221
702	1222
701	1222
701	1223
700	1223
700	1224
698	1224
698	1229
694	1229
694	1230
690	1230
690	1229
691	1229
691	1228
690	1228
690	1227
691	1227
691	1226
690	1226
690	1223
691	1223
691	1220
690	1220
690	1219
689	1219
689	1216
688	1216
688	1211
687	1211
687	1208
686	1208
686	1207
685	1207
685	1205
684	1205
684	1203
677	1203
677	1204
676	1204
676	1207
675	1207
675	1210
674	1210
674	1219
669	1219
669	1221
668	1221
668	1223
667	1223
667	1224
666	1224
666	1227
665	1227
665	1228
664	1228
664	1229
663	1229
663	1230
662	1230
662	1231
660	1231
660	1233
659	1233
659	1234
658	1234
658	1235
657	1235
657	1236
656	1236
656	1240
655	1240
655	1242
656	1242
656	1243
655	1243
655	1244
650	1244
650	1245
649	1245
649	1246
648	1246
648	1249
647	1249
647	1250
645	1250
645	1252
644	1252
644	1253
643	1253
643	1254
642	1254
642	1255
641	1255
641	1256
640	1256
640	1260
638	1260
638	1262
637	1262
637	1263
636	1263
636	1265
635	1265
635	1266
634	1266
634	1267
633	1267
633	1268
632	1268
632	1269
631	1269
631	1270
630	1270
630	1271
629	1271
629	1272
628	1272
628	1274
624	1274
624	1276
623	1276
623	1275
621	1275
621	1276
620	1276
620	1277
619	1277
619	1264
618	1264
618	1260
617	1260
617	1259
616	1259
616	1260
614	1260
614	1259
611	1259
611	1260
608	1260
608	1263
606	1263
606	1264
605	1264
605	1267
604	1267
604	1268
603	1268
603	1269
602	1269
602	1270
601	1270
601	1271
600	1271
600	1275
598	1275
598	1276
596	1276
596	1280
592	1280
592	1282
591	1282
591	1284
588	1284
588	1287
586	1287
586	1288
584	1288
584	1290
580	1290
580	1291
579	1291
579	1292
578	1292
578	1293
577	1293
577	1294
576	1294
576	1296
574	1296
574	1298
573	1298
573	1299
572	1299
572	1301
568	1301
568	1304
567	1304
567	1305
564	1305
564	1307
563	1307
563	1309
561	1309
561	1311
560	1311
560	1312
558	1312
558	1313
556	1313
556	1314
555	1314
555	1316
554	1316
554	1317
553	1317
553	1318
552	1318
552	1320
550	1320
550	1322
548	1322
548	1324
545	1324
545	1325
541	1325
541	1324
542	1324
542	1320
529	1320
529	1322
527	1322
527	1325
524	1325
524	1326
523	1326
523	1328
521	1328
521	1329
518	1329
518	1331
517	1331
517	1332
514	1332
514	1333
513	1333
513	1334
512	1334
512	1335
511	1335
511	1337
510	1337
510	1338
509	1338
509	1339
508	1339
508	1340
507	1340
507	1341
503	1341
503	1342
502	1342
502	1343
501	1343
501	1344
499	1344
499	1345
498	1345
498	1346
497	1346
497	1347
496	1347
496	1348
494	1348
494	1349
492	1349
492	1350
491	1350
491	1351
488	1351
488	1352
486	1352
486	1353
487	1353
487	1354
483	1354
483	1357
482	1357
482	1358
480	1358
480	1359
478	1359
478	1360
477	1360
477	1362
475	1362
475	1364
473	1364
473	1365
471	1365
471	1366
469	1366
469	1368
465	1368
465	1369
464	1369
464	1371
463	1371
463	1372
461	1372
461	1373
460	1373
460	1374
457	1374
457	1375
456	1375
456	1376
455	1376
455	1377
454	1377
454	1378
453	1378
453	1379
451	1379
451	1381
450	1381
450	1382
447	1382
447	1383
446	1383
446	1384
445	1384
445	1386
444	1386
444	1387
443	1387
443	1388
442	1388
442	1389
440	1389
440	1391
437	1391
437	1392
436	1392
436	1393
434	1393
434	1394
431	1394
431	1395
430	1395
430	1397
428	1397
428	1399
424	1399
424	1402
422	1402
422	1404
420	1404
420	1405
418	1405
418	1409
414	1409
414	1410
413	1410
413	1412
411	1412
411	1413
410	1413
410	1418
407	1418
407	1419
403	1419
403	1420
402	1420
402	1423
398	1423
398	1426
397	1426
397	1427
396	1427
396	1428
395	1428
395	1429
394	1429
394	1431
392	1431
392	1432
391	1432
391	1433
390	1433
390	1434
389	1434
389	1435
388	1435
388	1437
386	1437
386	1439
385	1439
385	1440
383	1440
383	1443
382	1443
382	1444
380	1444
380	1445
378	1445
378	1447
377	1447
377	1448
376	1448
376	1449
374	1449
374	1453
371	1453
371	1454
370	1454
370	1457
369	1457
369	1458
368	1458
368	1459
367	1459
367	1460
366	1460
366	1461
365	1461
365	1462
364	1462
364	1463
363	1463
363	1467
359	1467
359	1468
358	1468
358	1469
357	1469
357	1470
355	1470
355	1464
356	1464
356	1463
357	1463
357	1461
358	1461
358	1460
359	1460
359	1458
360	1458
360	1455
361	1455
361	1452
362	1452
362	1451
363	1451
363	1450
364	1450
364	1448
366	1448
366	1447
367	1447
367	1443
368	1443
368	1442
369	1442
369	1440
370	1440
370	1439
371	1439
371	1435
374	1435
374	1433
375	1433
375	1432
376	1432
376	1431
377	1431
377	1430
378	1430
378	1428
379	1428
379	1424
380	1424
380	1417
381	1417
381	1418
383	1418
383	1417
386	1417
386	1415
387	1415
387	1412
388	1412
388	1410
389	1410
389	1409
390	1409
390	1407
391	1407
391	1406
393	1406
393	1405
394	1405
394	1403
395	1403
395	1402
396	1402
396	1399
398	1399
398	1398
399	1398
399	1395
400	1395
400	1394
402	1394
402	1392
403	1392
403	1391
404	1391
404	1390
405	1390
405	1389
406	1389
406	1388
407	1388
407	1387
408	1387
408	1384
409	1384
409	1383
410	1383
410	1382
412	1382
412	1379
414	1379
414	1378
416	1378
416	1375
417	1375
417	1372
418	1372
418	1371
419	1371
419	1370
420	1370
420	1369
421	1369
421	1367
422	1367
422	1366
423	1366
423	1364
424	1364
424	1363
425	1363
425	1362
427	1362
427	1357
430	1357
430	1356
431	1356
431	1354
432	1354
432	1351
433	1351
433	1350
434	1350
434	1347
435	1347
435	1346
436	1346
436	1345
437	1345
437	1342
440	1342
440	1341
441	1341
441	1340
442	1340
442	1337
443	1337
443	1336
442	1336
442	1335
443	1335
443	1334
445	1334
445	1333
444	1333
444	1332
446	1332
446	1330
447	1330
447	1328
449	1328
449	1327
451	1327
451	1323
452	1323
452	1322
454	1322
454	1320
455	1320
455	1318
458	1318
458	1315
459	1315
459	1314
460	1314
460	1312
461	1312
461	1309
462	1309
462	1306
463	1306
463	1305
464	1305
464	1302
465	1302
465	1299
466	1299
466	1298
468	1298
468	1290
464	1290
464	1289
466	1289
466	1287
468	1287
468	1286
469	1286
469	1285
471	1285
471	1283
472	1283
472	1282
474	1282
474	1280
475	1280
475	1278
476	1278
476	1277
478	1277
478	1273
479	1273
479	1270
480	1270
480	1269
481	1269
481	1268
482	1268
482	1265
484	1265
484	1262
485	1262
485	1260
484	1260
484	1259
485	1259
485	1256
488	1256
488	1255
489	1255
489	1251
491	1251
491	1250
492	1250
492	1248
493	1248
493	1246
494	1246
494	1240
499	1240
499	1239
500	1239
500	1238
501	1238
501	1237
500	1237
500	1234
501	1234
501	1233
505	1233
505	1226
497	1226
497	1225
496	1225
496	1226
493	1226
493	1225
492	1225
492	1226
491	1226
491	1227
490	1227
490	1225
489	1225
489	1224
490	1224
490	1221
492	1221
492	1220
493	1220
493	1217
496	1217
496	1216
498	1216
498	1215
497	1215
497	1212
499	1212
499	1211
500	1211
500	1210
501	1210
501	1209
502	1209
502	1205
506	1205
506	1204
507	1204
507	1197
512	1197
512	1196
513	1196
513	1193
516	1193
516	1192
517	1192
517	1189
520	1189
520	1188
521	1188
521	1186
522	1186
522	1185
524	1185
524	1184
525	1184
525	1182
526	1182
526	1180
527	1180
527	1179
528	1179
528	1180
529	1180
529	1179
531	1179
531	1178
532	1178
532	1177
533	1177
533	1169
522	1169
522	1174
518	1174
518	1173
514	1173
514	1172
513	1172
513	1169
514	1169
514	1166
515	1166
515	1159
518	1159
518	1160
519	1160
519	1157
520	1157
520	1156
521	1156
521	1153
522	1153
522	1152
525	1152
525	1148
527	1148
527	1146
528	1146
528	1145
529	1145
529	1144
531	1144
531	1141
532	1141
532	1140
533	1140
533	1138
534	1138
534	1136
537	1136
537	1133
538	1133
538	1132
541	1132
541	1128
543	1128
543	1124
546	1124
546	1123
547	1123
547	1122
549	1122
549	1121
550	1121
550	1120
552	1120
552	1110
551	1110
551	1109
539	1109
539	1110
537	1110
537	1112
535	1112
535	1109
536	1109
536	1107
537	1107
537	1101
538	1101
538	1099
543	1099
543	1097
544	1097
544	1095
545	1095
545	1091
549	1091
549	1089
551	1089
551	1088
553	1088
553	1085
554	1085
554	1083
555	1083
555	1080
559	1080
559	1072
564	1072
564	1071
565	1071
565	1070
566	1070
566	1068
569	1068
569	1067
570	1067
570	1065
573	1065
573	1064
576	1064
576	1063
578	1063
578	1062
579	1062
579	1061
580	1061
580	1060
581	1060
581	1059
582	1059
582	1057
581	1057
581	1056
582	1056
582	1053
581	1053
581	1052
574	1052
574	1051
564	1051
564	1052
560	1052
560	1053
559	1053
559	1054
558	1054
558	1056
557	1056
557	1047
558	1047
558	1040
559	1040
559	1039
561	1039
561	1040
562	1040
562	1039
564	1039
564	1038
565	1038
565	1036
566	1036
566	1035
569	1035
569	1031
570	1031
570	1029
574	1029
574	1024
576	1024
576	1023
579	1023
579	1020
580	1020
580	1019
582	1019
582	1017
584	1017
584	1018
585	1018
585	1016
586	1016
586	1013
587	1013
587	1012
589	1012
589	1011
590	1011
590	1009
591	1009
591	1007
594	1007
594	1004
595	1004
595	1003
598	1003
598	1000
599	1000
599	999
601	999
601	998
602	998
602	997
603	997
603	995
605	995
605	994
606	994
606	993
607	993
607	992
609	992
609	991
610	991
610	990
612	990
612	989
613	989
613	988
614	988
614	987
617	987
617	986
618	986
618	985
620	985
620	984
622	984
622	976
617	976
617	975
614	975
614	974
607	974
607	973
605	973
605	972
600	972
600	971
599	971
599	972
597	972
597	973
594	973
594	974
593	974
593	975
591	975
591	973
592	973
592	972
593	972
593	971
594	971
594	968
595	968
595	967
597	967
597	965
598	965
598	963
602	963
602	955
609	955
609	954
610	954
610	951
611	951
611	950
614	950
614	946
616	946
616	945
619	945
619	944
620	944
620	943
622	943
622	942
623	942
623	941
624	941
624	940
623	940
623	939
626	939
626	938
627	938
627	937
628	937
628	935
630	935
630	931
635	931
635	930
638	930
638	928
639	928
639	927
640	927
640	926
642	926
642	925
645	925
645	924
646	924
646	923
647	923
647	922
648	922
648	921
649	921
649	920
651	920
651	919
653	919
653	918
658	918
658	916
662	916
662	915
663	915
663	914
664	914
664	913
665	913
665	909
664	909
664	907
662	907
662	906
660	906
660	905
658	905
658	904
657	904
657	905
654	905
654	904
650	904
650	903
646	903
646	902
635	902
635	904
633	904
633	902
634	902
634	899
635	899
635	898
636	898
636	895
637	895
637	894
640	894
640	891
641	891
641	890
642	890
642	889
643	889
643	888
645	888
645	887
646	887
646	885
649	885
649	884
650	884
650	883
651	883
651	882
655	882
655	878
664	878
664	877
663	877
663	876
666	876
666	871
667	871
667	870
670	870
670	868
672	868
672	867
673	867
673	866
674	866
674	863
676	863
676	862
679	862
679	860
680	860
680	858
684	858
684	856
686	856
686	855
689	855
689	854
690	854
690	853
693	853
693	852
695	852
695	851
696	851
696	850
702	850
702	849
703	849
703	848
704	848
704	845
705	845
705	844
704	844
704	841
703	841
703	840
700	840
700	839
698	839
698	838
694	838
694	837
688	837
688	836
687	836
687	837
686	837
686	836
677	836
677	837
676	837
676	838
674	838
674	837
675	837
675	835
677	835
677	834
678	834
678	831
679	831
679	830
681	830
681	829
682	829
682	825
683	825
683	824
686	824
686	822
687	822
687	820
688	820
688	819
689	819
689	818
691	818
691	817
692	817
692	816
694	816
694	815
695	815
695	811
696	811
696	810
701	810
701	809
703	809
703	806
706	806
706	805
707	805
707	804
708	804
708	803
709	803
709	802
710	802
710	801
709	801
709	800
715	800
715	799
717	799
717	798
719	798
719	796
722	796
722	795
725	795
725	794
726	794
726	793
727	793
727	792
729	792
729	791
731	791
731	790
732	790
732	789
734	789
734	788
735	788
735	787
737	787
737	786
739	786
739	785
747	785
747	784
748	784
748	783
750	783
750	782
751	782
751	781
752	781
752	780
751	780
751	776
750	776
750	775
748	775
748	774
747	774
747	773
746	773
746	772
742	772
742	771
740	771
740	770
734	770
734	771
733	771
733	773
730	773
730	772
729	772
729	770
726	770
726	768
727	768
727	765
730	765
730	764
731	764
731	761
732	761
732	760
734	760
734	759
735	759
735	758
736	758
736	757
739	757
739	755
741	755
741	754
743	754
743	753
746	753
746	752
749	752
749	751
750	751
750	750
751	750
751	749
754	749
754	748
758	748
758	747
761	747
761	745
763	745
763	744
765	744
765	743
767	743
767	742
768	742
768	741
770	741
770	740
771	740
771	739
775	739
775	738
776	738
776	737
778	737
778	736
781	736
781	735
782	735
782	734
783	734
783	733
786	733
786	732
789	732
789	731
793	731
793	730
796	730
796	729
797	729
797	723
796	723
796	721
795	721
795	719
788	719
788	716
783	716
783	715
784	715
784	713
785	713
785	712
786	712
786	711
788	711
788	709
789	709
789	708
790	708
790	707
791	707
791	706
794	706
794	705
795	705
795	704
796	704
796	703
797	703
797	702
799	702
799	701
801	701
801	700
802	700
802	699
803	699
803	698
805	698
805	697
806	697
806	698
807	698
807	696
809	696
809	695
812	695
812	694
813	694
813	693
814	693
814	692
815	692
815	691
818	691
818	689
822	689
822	688
824	688
824	687
825	687
825	686
826	686
826	685
827	685
827	684
828	684
828	681
834	681
834	680
836	680
836	679
839	679
839	678
840	678
840	677
845	677
845	676
850	676
850	675
853	675
853	674
855	674
855	673
856	673
856	672
858	672
858	666
857	666
857	665
856	665
856	664
854	664
854	663
853	663
853	662
852	662
852	661
844	661
844	662
842	662
842	663
840	663
840	660
839	660
839	657
841	657
841	646
840	646
840	644
839	644
839	643
832	643
832	644
830	644
830	646
829	646
829	648
828	648
828	649
826	649
826	652
825	652
825	653
824	653
824	654
823	654
823	655
822	655
822	656
821	656
821	658
820	658
820	659
819	659
819	660
818	660
818	661
817	661
817	663
816	663
816	664
815	664
815	665
814	665
814	666
813	666
813	665
812	665
812	668
811	668
811	669
810	669
810	670
809	670
809	671
808	671
808	672
807	672
807	673
806	673
806	674
805	674
805	675
804	675
804	676
803	676
803	677
802	677
802	678
801	678
801	680
799	680
799	681
798	681
798	682
797	682
797	683
796	683
796	684
795	684
795	685
794	685
794	686
793	686
793	687
792	687
792	688
791	688
791	689
789	689
789	690
788	690
788	691
787	691
787	690
786	690
786	692
782	692
782	693
781	693
781	694
777	694
777	696
775	696
775	697
773	697
773	696
772	696
772	695
774	695
774	694
775	694
775	692
776	692
776	691
777	691
777	685
776	685
776	673
775	673
775	670
768	670
768	672
767	672
767	674
766	674
766	675
765	675
765	676
764	676
764	677
763	677
763	678
762	678
762	679
761	679
761	681
760	681
760	682
758	682
758	683
756	683
756	685
754	685
754	687
753	687
753	688
750	688
750	689
749	689
749	691
747	691
747	693
746	693
746	695
744	695
744	696
742	696
742	697
739	697
739	698
737	698
737	700
736	700
736	701
735	701
735	702
734	702
734	703
733	703
733	704
732	704
732	705
731	705
731	706
729	706
729	707
728	707
728	708
726	708
726	710
723	710
723	711
720	711
720	712
719	712
719	713
718	713
718	714
717	714
717	715
715	715
715	716
712	716
712	717
711	717
711	718
709	718
709	717
710	717
710	716
711	716
711	702
712	702
712	701
711	701
711	695
712	695
712	694
711	694
711	691
710	691
710	688
703	688
703	689
702	689
702	690
701	690
701	691
700	691
700	693
698	693
698	694
697	694
697	695
696	695
696	697
695	697
695	698
693	698
693	699
692	699
692	701
691	701
691	702
689	702
689	703
686	703
686	705
685	705
685	706
683	706
683	707
681	707
681	708
679	708
679	709
678	709
678	710
677	710
677	711
674	711
674	712
673	712
673	713
671	713
671	714
670	714
670	713
669	713
669	715
668	715
668	716
667	716
667	717
666	717
666	718
665	718
665	719
663	719
663	721
662	721
662	722
660	722
660	723
656	723
656	725
654	725
654	727
652	727
652	728
649	728
649	729
648	729
648	731
644	731
644	732
643	732
643	733
637	733
637	734
634	734
634	733
635	733
635	732
636	732
636	728
637	728
637	724
636	724
636	723
637	723
637	722
638	722
638	708
637	708
637	709
630	709
630	711
629	711
629	712
628	712
628	713
626	713
626	714
625	714
625	715
624	715
624	716
623	716
623	717
621	717
621	719
620	719
620	720
616	720
616	722
614	722
614	723
608	723
608	724
607	724
607	725
606	725
606	726
605	726
605	727
604	727
604	728
602	728
602	729
600	729
600	732
599	732
599	733
598	733
598	732
594	732
594	733
592	733
592	736
588	736
588	737
584	737
584	739
583	739
583	740
580	740
580	741
574	741
574	742
573	742
573	741
572	741
572	742
570	742
570	741
571	741
571	740
572	740
572	737
573	737
573	736
574	736
574	728
575	728
575	714
574	714
574	715
568	715
568	716
567	716
567	717
566	717
566	718
565	718
565	719
563	719
563	721
562	721
562	722
560	722
560	723
558	723
558	724
557	724
557	725
554	725
554	726
553	726
553	727
552	727
552	728
548	728
548	729
544	729
544	730
543	730
543	731
540	731
540	732
539	732
539	733
533	733
533	734
531	734
531	735
527	735
527	736
526	736
526	737
523	737
523	738
520	738
520	739
519	739
519	741
511	741
511	742
510	742
510	743
503	743
503	744
501	744
501	742
503	742
503	737
504	737
504	736
503	736
503	733
504	733
504	730
503	730
503	728
495	728
495	729
494	729
494	731
491	731
491	732
490	732
490	733
489	733
489	734
488	734
488	735
485	735
485	736
484	736
484	737
480	737
480	738
479	738
479	739
474	739
474	740
473	740
473	742
467	742
467	743
466	743
466	744
463	744
463	745
456	745
456	746
451	746
451	747
449	747
449	746
448	746
448	743
450	743
450	742
451	742
451	741
452	741
452	729
445	729
445	730
444	730
444	731
441	731
441	732
440	732
440	733
436	733
436	735
434	735
434	736
432	736
432	737
430	737
430	739
420	739
420	740
419	740
419	741
411	741
411	742
410	742
410	743
403	743
403	744
398	744
398	745
397	745
397	744
392	744
392	742
393	742
393	741
394	741
394	740
395	740
395	736
396	736
396	733
395	733
395	727
386	727
386	729
384	729
384	728
383	728
383	729
382	729
382	730
378	730
378	731
371	731
371	732
355	732
355	733
346	733
346	734
344	734
344	735
330	735
330	734
329	734
329	730
330	730
330	731
331	731
331	723
324	723
324	724
323	724
323	725
322	725
322	724
320	724
320	725
316	725
316	724
315	724
315	723
267	723
267	722
266	722
266	721
262	721
262	720
254	720
254	719
243	719
243	720
199	720
199	721
189	721
189	720
169	720
169	721
164	721
164	720
157	720
157	721
144	721
144	720
127	720
127	721
126	721
126	720
122	720
122	719
119	719
119	718
117	718
117	717
112	717
112	716
110	716
110	715
113	715
113	714
121	714
121	713
129	713
129	712
131	712
131	711
134	711
134	712
137	712
137	711
138	711
138	710
145	710
145	709
158	709
158	708
162	708
162	707
167	707
167	706
170	706
170	705
185	705
185	704
189	704
189	703
190	703
190	702
191	702
191	701
196	701
196	700
197	700
197	701
201	701
201	700
206	700
206	699
210	699
210	697
211	697
211	696
212	696
212	697
221	697
221	696
222	696
222	695
223	695
223	694
234	694
234	693
237	693
237	692
238	692
238	693
241	693
241	692
243	692
243	691
246	691
246	690
251	690
251	688
255	688
255	687
258	687
258	686
259	686
259	685
260	685
260	684
261	684
261	685
265	685
265	684
267	684
267	682
268	682
268	681
272	681
272	680
287	680
287	678
295	678
295	677
296	677
296	676
297	676
297	677
298	677
298	676
299	676
299	674
303	674
303	673
307	673
307	672
312	672
312	671
313	671
313	670
314	670
314	669
315	669
315	668
319	668
319	666
323	666
323	665
326	665
326	664
331	664
331	663
333	663
333	656
331	656
331	654
329	654
329	653
330	653
330	652
335	652
335	651
348	651
348	650
349	650
349	649
351	649
351	648
356	648
356	647
357	647
357	646
359	646
359	644
360	644
360	643
363	643
363	642
368	642
368	641
372	641
372	640
375	640
375	639
376	639
376	637
381	637
381	636
387	636
387	635
388	635
388	629
387	629
387	628
384	628
384	626
376	626
376	625
375	625
375	623
376	623
376	622
380	622
380	620
382	620
382	619
386	619
386	618
388	618
388	617
389	617
389	616
395	616
395	615
401	615
401	614
410	614
410	613
412	613
412	612
413	612
413	611
414	611
414	610
415	610
415	609
421	609
421	608
424	608
424	606
428	606
428	605
429	605
429	606
430	606
430	605
431	605
431	604
444	604
444	603
445	603
445	602
444	602
444	600
445	600
445	599
444	599
444	596
440	596
440	593
436	593
436	592
431	592
431	591
429	591
429	589
432	589
432	586
433	586
433	585
437	585
437	584
439	584
439	583
444	583
444	580
450	580
450	579
451	579
451	580
452	580
452	579
453	579
453	577
456	577
456	576
459	576
459	575
461	575
461	574
465	574
465	573
472	573
472	572
473	572
473	570
480	570
480	569
482	569
482	568
485	568
485	567
489	567
489	565
508	565
508	564
509	564
509	558
508	558
508	557
507	557
507	556
506	556
506	555
504	555
504	554
503	554
503	553
501	553
501	552
500	552
500	551
499	551
499	552
498	552
498	551
497	551
497	550
496	550
496	549
489	549
489	547
490	547
490	546
492	546
492	545
493	545
493	543
501	543
501	540
503	540
503	539
505	539
505	534
506	534
506	533
509	533
509	534
511	534
511	535
521	535
521	534
522	534
522	533
525	533
525	531
533	531
533	530
537	530
537	528
538	528
538	527
545	527
545	525
551	525
551	524
558	524
558	523
562	523
562	524
575	524
575	523
576	523
576	521
575	521
575	520
576	520
576	517
575	517
575	516
574	516
574	515
573	515
573	513
570	513
570	512
569	512
569	509
566	509
566	508
565	508
565	507
563	507
563	505
561	505
561	504
560	504
560	503
554	503
554	501
555	501
555	500
556	500
556	499
559	499
559	498
560	498
560	496
562	496
562	495
567	495
567	494
570	494
570	493
572	493
572	492
575	492
575	493
576	493
576	491
585	491
585	490
586	490
586	491
589	491
589	490
591	490
591	488
594	488
594	487
604	487
604	486
606	486
606	484
613	484
613	483
617	483
617	482
618	482
618	484
619	484
619	483
620	483
620	482
627	482
627	483
635	483
635	484
642	484
642	473
640	473
640	472
636	472
636	473
635	473
635	472
634	472
634	470
635	470
635	469
634	469
634	466
630	466
630	460
622	460
622	458
624	458
624	457
625	457
625	456
630	456
630	455
631	455
631	454
632	454
632	455
633	455
633	454
638	454
638	453
656	453
656	454
660	454
660	455
673	455
673	456
686	456
686	457
688	457
688	458
689	458
689	459
690	459
690	458
691	458
691	459
698	459
698	458
699	458
699	450
698	450
698	449
697	449
697	448
696	448
696	447
695	447
695	445
694	445
694	444
693	444
693	443
692	443
692	442
691	442
691	441
690	441
690	440
688	440
688	439
691	439
691	438
744	438
744	436
745	436
745	432
744	432
744	429
747	429
747	428
748	428
748	427
749	427
749	419
747	419
747	415
746	415
746	414
738	414
738	415
729	415
729	416
721	416
721	417
714	417
714	418
702	418
702	417
695	417
695	416
694	416
694	415
691	415
691	414
690	414
690	413
688	413
688	412
687	412
687	410
691	410
691	411
692	411
692	410
694	410
694	409
695	409
695	406
696	406
696	404
697	404
697	400
696	400
696	398
685	398
685	399
676	399
676	398
663	398
663	397
652	397
652	398
646	398
646	397
638	397
638	396
634	396
634	395
633	395
633	394
632	394
632	395
631	395
631	394
629	394
629	393
625	393
625	392
624	392
624	391
627	391
627	390
628	390
628	389
630	389
630	387
631	387
631	386
633	386
633	383
634	383
634	382
635	382
635	375
634	375
634	374
630	374
630	375
622	375
622	374
618	374
618	373
617	373
617	372
606	372
606	371
605	371
605	370
598	370
598	369
590	369
590	368
573	368
573	367
569	367
569	366
566	366
566	365
565	365
565	364
564	364
564	363
565	363
565	362
567	362
567	361
568	361
568	358
570	358
570	357
571	357
571	350
563	350
563	351
562	351
562	350
551	350
551	349
550	349
550	348
545	348
545	347
543	347
543	348
542	348
542	347
541	347
541	346
533	346
533	345
527	345
527	344
525	344
525	343
527	343
527	342
530	342
530	341
531	341
531	334
522	334
522	333
516	333
516	332
508	332
508	331
505	331
505	330
504	330
504	324
497	324
497	323
493	323
493	322
489	322
489	320
487	320
487	319
485	319
485	320
484	320
484	319
483	319
483	318
481	318
481	317
477	317
477	316
476	316
476	315
469	315
469	314
461	314
461	311
456	311
456	309
455	309
455	310
454	310
454	309
444	309
444	308
440	308
440	307
436	307
436	306
432	306
432	305
431	305
431	304
428	304
428	303
424	303
424	301
421	301
421	300
415	300
415	299
412	299
412	298
410	298
410	297
408	297
408	296
406	296
406	295
400	295
400	293
396	293
396	292
395	292
395	291
391	291
391	290
388	290
388	288
387	288
387	287
382	287
382	286
381	286
381	285
376	285
376	284
375	284
375	283
371	283
371	282
368	282
368	281
367	281
367	280
365	280
365	279
364	279
364	278
362	278
362	275
360	275
360	273
361	273
361	274
368	274
368	275
369	275
369	276
375	276
375	277
381	277
381	278
383	278
383	279
386	279
386	281
400	281
400	282
406	282
406	283
409	283
409	284
410	284
410	285
437	285
437	286
451	286
451	287
472	287
472	286
473	286
473	287
483	287
483	286
487	286
487	287
497	287
497	285
499	285
499	287
513	287
513	286
520	286
520	285
521	285
521	283
523	283
523	287
530	287
530	286
531	286
531	282
534	282
534	283
543	283
543	284
548	284
548	285
565	285
565	282
567	282
567	284
568	284
568	285
579	285
579	275
578	275
578	274
577	274
577	273
574	273
574	272
575	272
575	271
611	271
611	273
626	273
626	276
627	276
627	277
634	277
634	267
633	267
633	264
632	264
632	263
630	263
630	261
628	261
628	259
640	259
640	258
642	258
642	259
652	259
652	260
653	260
653	261
658	261
658	262
663	262
663	263
668	263
668	264
673	264
673	265
676	265
676	266
678	266
678	267
680	267
680	268
681	268
681	269
689	269
689	268
690	268
690	264
689	264
689	263
690	263
690	261
689	261
689	259
688	259
688	255
687	255
687	252
686	252
686	251
685	251
685	250
684	250
684	249
683	249
683	248
682	248
682	246
685	246
685	247
688	247
688	248
690	248
690	249
702	249
702	250
708	250
708	251
709	251
709	253
713	253
713	254
719	254
719	255
725	255
725	256
726	256
726	257
733	257
733	258
737	258
737	259
738	259
738	258
742	258
742	259
745	259
745	260
746	260
746	261
750	261
750	262
752	262
752	263
756	263
756	265
765	265
765	258
764	258
764	256
763	256
763	254
762	254
762	253
761	253
761	251
759	251
759	247
755	247
755	243
752	243
752	242
753	242
753	241
769	241
769	242
775	242
775	243
777	243
777	244
779	244
779	245
789	245
789	246
791	246
791	247
792	247
792	248
793	248
793	249
796	249
796	250
797	250
797	251
801	251
801	252
803	252
803	253
805	253
805	252
806	252
806	253
809	253
809	255
813	255
813	257
815	257
815	258
819	258
819	259
821	259
821	260
822	260
822	261
824	261
824	262
832	262
832	260
833	260
833	256
832	256
832	250
831	250
831	249
832	249
832	248
831	248
831	247
829	247
829	244
828	244
828	243
827	243
827	242
826	242
826	241
832	241
832	242
837	242
837	243
841	243
841	244
842	244
842	245
845	245
845	246
847	246
847	247
853	247
853	248
855	248
855	250
857	250
857	251
862	251
862	253
865	253
865	254
866	254
866	255
869	255
869	256
871	256
871	257
872	257
872	258
875	258
875	259
877	259
877	260
879	260
879	261
881	261
881	262
883	262
883	263
884	263
884	264
885	264
885	265
888	265
888	266
889	266
889	267
890	267
890	268
891	268
891	269
893	269
893	270
894	270
894	271
895	271
895	272
896	272
896	273
897	273
897	274
900	274
900	275
902	275
902	274
904	274
904	273
905	273
905	265
904	265
904	258
903	258
903	257
902	257
902	255
903	255
903	256
906	256
906	257
911	257
911	258
920	258
920	257
923	257
923	256
924	256
924	255
925	255
925	253
924	253
924	252
925	252
925	251
924	251
924	250
925	250
925	249
922	249
922	248
920	248
920	247
917	247
917	245
916	245
916	244
913	244
913	243
912	243
912	241
909	241
909	240
908	240
908	239
906	239
906	238
905	238
905	237
904	237
904	236
900	236
900	235
898	235
898	234
896	234
896	233
895	233
895	232
891	232
891	231
889	231
889	230
888	230
888	227
891	227
891	226
892	226
892	225
893	225
893	224
892	224
892	219
890	219
890	218
888	218
888	217
887	217
887	216
886	216
886	215
884	215
884	212
880	212
880	211
879	211
879	210
878	210
878	209
877	209
877	208
876	208
876	209
875	209
875	208
874	208
874	207
873	207
873	206
872	206
872	203
871	203
871	204
868	204
868	203
867	203
867	202
866	202
866	201
865	201
865	200
864	200
864	193
863	193
863	192
862	192
862	190
860	190
860	189
858	189
858	187
857	187
857	186
856	186
856	185
852	185
852	184
851	184
851	183
850	183
850	182
848	182
848	180
847	180
847	179
845	179
845	178
843	178
843	175
842	175
842	174
840	174
840	173
839	173
839	171
838	171
838	170
836	170
836	168
835	168
835	166
834	166
834	165
833	165
833	163
832	163
832	162
831	162
831	161
830	161
830	160
829	160
829	159
828	159
828	158
827	158
827	157
825	157
825	155
824	155
824	153
823	153
823	152
820	152
820	151
819	151
819	150
817	150
817	149
816	149
816	147
815	147
815	146
812	146
812	145
811	145
811	144
810	144
810	142
808	142
808	140
807	140
807	138
805	138
805	137
803	137
803	136
802	136
802	135
801	135
801	134
800	134
800	133
799	133
799	132
797	132
797	131
796	131
796	130
795	130
795	129
794	129
794	128
792	128
792	126
790	126
790	125
789	125
789	124
788	124
788	122
787	122
787	120
784	120
784	119
783	119
783	118
782	118
782	117
781	117
781	116
780	116
780	115
779	115
779	114
778	114
778	112
777	112
777	110
776	110
776	109
775	109
775	108
773	108
773	106
772	106
772	105
771	105
771	102
769	102
769	100
768	100
768	98
769	98
769	99
772	99
772	100
773	100
773	101
775	101
775	102
776	102
776	103
777	103
777	104
778	104
778	105
782	105
782	106
781	106
781	107
785	107
785	108
786	108
786	109
789	109
789	110
793	110
793	112
795	112
795	111
796	111
796	112
798	112
798	113
801	113
801	116
802	116
802	117
805	117
805	118
809	118
809	119
810	119
810	120
813	120
813	123
814	123
814	124
817	124
817	125
818	125
818	124
819	124
819	125
820	125
820	127
823	127
823	128
824	128
824	132
829	132
829	133
830	133
830	135
838	135
838	137
839	137
839	138
841	138
841	139
844	139
844	140
846	140
846	142
849	142
849	143
851	143
851	144
854	144
854	145
856	145
856	146
858	146
858	147
859	147
859	148
870	148
870	150
874	150
874	153
875	153
875	154
879	154
879	155
881	155
881	156
882	156
882	157
883	157
883	158
886	158
886	159
887	159
887	160
889	160
889	161
890	161
890	162
892	162
892	163
893	163
893	164
896	164
896	165
899	165
899	166
900	166
900	167
901	167
901	168
906	168
906	169
907	169
907	170
910	170
910	171
911	171
911	172
915	172
915	173
918	173
918	174
919	174
919	176
924	176
924	178
926	178
926	179
927	179
927	180
935	180
935	171
937	171
937	172
939	172
939	173
940	173
940	174
942	174
942	175
943	175
943	176
946	176
946	178
948	178
948	179
950	179
950	180
951	180
951	181
952	181
952	182
954	182
954	183
955	183
955	184
957	184
957	185
958	185
958	186
959	186
959	188
963	188
963	189
965	189
965	191
967	191
967	192
968	192
968	193
972	193
972	195
974	195
974	196
976	196
976	197
977	197
977	198
978	198
978	200
979	200
979	201
986	201
986	200
987	200
987	190
988	190
988	191
991	191
991	192
994	192
994	195
996	195
996	196
998	196
998	197
1000	197
1000	198
1001	198
1001	200
1003	200
1003	202
1005	202
1005	204
1006	204
1006	205
1008	205
1008	206
1009	206
1009	208
1011	208
1011	209
1012	209
1012	210
1013	210
1013	212
1014	212
1014	211
1015	211
1015	213
1016	213
1016	214
1017	214
1017	215
1018	215
1018	216
1020	216
1020	219
1021	219
1021	220
1023	220
1023	221
1025	221
1025	222
1026	222
1026	223
1028	223
1028	224
1029	224
1029	225
1031	225
1031	226
1033	226
1033	228
1034	228
1034	229
1037	229
1037	230
1038	230
1038	231
1039	231
1039	234
1042	234
1042	235
1043	235
1043	237
1045	237
1045	239
1046	239
1046	241
1047	241
1047	242
1049	242
1049	243
1054	243
1054	242
1055	242
1055	239
1056	239
1056	233
1057	233
1057	234
1058	234
1058	235
1059	235
1059	236
1062	236
1062	237
1063	237
1063	238
1064	238
1064	239
1065	239
1065	240
1066	240
1066	241
1067	241
1067	242
1068	242
1068	244
1069	244
1069	245
1070	245
1070	246
1071	246
1071	248
1072	248
1072	249
1073	249
1073	251
1074	251
1074	252
1075	252
1075	253
1076	253
1076	254
1077	254
1077	255
1078	255
1078	256
1079	256
1079	257
1081	257
1081	260
1084	260
1084	262
1085	262
1085	263
1087	263
1087	265
1089	265
1089	266
1091	266
1091	269
1092	269
1092	272
1093	272
1093	273
1094	273
1094	274
1095	274
1095	276
1096	276
1096	278
1097	278
1097	279
1099	279
1099	280
1101	280
1101	279
1102	279
1102	280
1103	280
1103	279
1104	279
1104	278
1105	278
1105	277
1106	277
1106	276
1107	276
1107	272
1108	272
1108	273
1112	273
1112	276
1113	276
1113	278
1114	278
1114	279
1115	279
1115	281
1116	281
1116	283
1117	283
1117	285
1119	285
1119	287
1120	287
1120	289
1121	289
1121	291
1123	291
1123	293
1124	293
1124	294
1126	294
1126	297
1127	297
1127	298
1129	298
1129	299
1130	299
1130	300
1131	300
1131	301
1132	301
1132	303
1133	303
1133	305
1136	305
1136	306
1137	306
1137	307
1138	307
1138	309
1140	309
1140	310
1141	310
1141	312
1148	312
1148	311
1149	311
1149	309
1152	309
1152	310
1153	310
1153	311
1154	311
1154	312
1155	312
1155	313
1156	313
1156	315
1157	315
1157	317
1158	317
1158	318
1159	318
1159	320
1160	320
1160	321
1161	321
1161	322
1162	322
1162	323
1163	323
1163	325
1164	325
1164	326
1166	326
1166	327
1167	327
1167	329
1168	329
1168	331
1169	331
1169	333
1171	333
1171	335
1172	335
1172	336
1173	336
1173	337
1174	337
1174	339
1176	339
1176	340
1177	340
1177	342
1178	342
1178	343
1181	343
1181	346
1183	346
1183	347
1184	347
1184	348
1185	348
1185	349
1186	349
1186	350
1188	350
1188	352
1189	352
1189	353
1190	353
1190	354
1192	354
1192	355
1193	355
1193	357
1196	357
1196	358
1197	358
1197	359
1198	359
1198	360
1200	360
1200	361
1201	361
1201	362
1204	362
1204	364
1205	364
1205	365
1206	365
1206	366
1207	366
1207	367
1208	367
1208	368
1210	368
1210	369
1213	369
1213	370
1222	370
1222	371
1241	371
1241	370
1255	370
1255	369
1256	369
1256	368
1261	368
1261	367
1263	367
1263	366
1265	366
1265	365
1270	365
1270	364
1274	364
1274	363
1276	363
1276	362
1280	362
1280	361
1281	361
1281	359
1287	359
1287	358
1291	358
1291	357
1292	357
1292	356
1298	356
1298	354
1303	354
1303	352
1304	352
1304	351
1309	351
1309	350
1311	350
1311	349
1312	349
1312	348
1314	348
1314	347
1317	347
1317	346
1319	346
1319	345
1320	345
1320	346
1323	346
1323	345
1324	345
1324	344
1333	344
1333	343
1337	343
1337	341
1344	341
1344	340
1346	340
1346	339
1347	339
1347	338
1349	338
1349	337
1351	337
1351	336
1354	336
1354	335
1356	335
1356	331
1360	331
1360	332
1361	332
1361	331
1363	331
1363	329
1368	329
1368	328
1370	328
1370	326
1376	326
1376	323
1380	323
1380	322
1381	322
1381	321
1392	321
1392	320
1393	320
1393	319
1394	319
1394	317
1398	317
1398	318
1399	318
1399	317
1400	317
1400	316
1408	316
1408	315
1410	315
1410	314
1411	314
1411	313
1413	313
1413	311
1415	311
1415	310
1416	310
1416	309
1418	309
1418	308
1420	308
1420	307
1423	307
1423	306
1424	306
1424	305
1428	305
1428	304
1431	304
1431	303
1433	303
1433	302
1434	302
1434	301
1436	301
1436	300
1437	300
1437	299
1439	299
1439	298
1442	298
1442	297
1445	297
1445	295
1446	295
1446	294
1449	294
1449	293
1453	293
1453	291
1454	291
1454	289
1457	289
1457	288
1459	288
1459	287
1460	287
1460	286
1463	286
1463	285
1469	285
1469	282
1471	282
1471	281
1472	281
1472	282
1471	282
1471	287
1470	287
1470	295
1478	295
1478	294
1479	294
1479	293
1482	293
1482	292
1483	292
1483	291
1485	291
1485	290
1486	290
1486	289
1489	289
1489	288
1491	288
1491	287
1495	287
1495	286
1497	286
1497	285
1502	285
1502	284
1503	284
1503	283
1506	283
1506	282
1509	282
1509	281
1512	281
1512	280
1514	280
1514	279
1517	279
1517	278
1519	278
1519	277
1521	277
1521	276
1523	276
1523	274
1529	274
1529	273
1531	273
1531	272
1533	272
1533	271
1534	271
1534	270
1535	270
1535	269
1542	269
1542	268
1545	268
1545	269
1544	269
1544	272
1543	272
1543	278
1542	278
1542	279
1543	279
1543	280
1542	280
1542	284
1543	284
1543	285
1549	285
1549	284
1550	284
1550	283
1552	283
1552	282
1553	282
1553	281
1558	281
1558	280
1560	280
1560	278
1563	278
1563	277
1570	277
1570	276
1571	276
1571	275
1579	275
1579	274
1583	274
1583	273
1586	273
1586	272
1587	272
1587	271
1591	271
1591	270
1592	270
1592	269
1597	269
1597	268
1599	268
1599	267
1604	267
1604	265
1615	265
1615	264
1618	264
1618	263
1620	263
1620	264
1619	264
1619	266
1618	266
1618	267
1617	267
1617	275
1626	275
1626	274
1627	274
1627	273
1634	273
1634	272
1635	272
1635	271
1641	271
1641	270
1646	270
1646	269
1667	269
1667	268
1668	268
1668	267
1681	267
1681	268
1682	268
1682	269
1690	269
1690	268
1694	268
1694	267
1696	267
1696	266
1707	266
1707	265
1711	265
1711	264
1714	264
1714	263
1721	263
1721	261
1726	261
1726	260
1728	260
1728	259
1731	259
1731	258
1734	258
1734	257
1742	257
1742	256
1743	256
1743	255
1747	255
1747	254
1751	254
1751	253
1753	253
1753	252
1754	252
1754	251
1761	251
1761	250
1762	250
1762	247
1770	247
1770	246
1772	246
1772	245
1776	245
1776	241
1786	241
1786	240
1788	240
1788	239
1790	239
1790	240
1789	240
1789	243
1786	243
1786	245
1785	245
1785	246
1784	246
1784	247
1782	247
1782	250
1779	250
1779	251
1778	251
1778	253
1774	253
1774	255
1772	255
1772	256
1769	256
1769	257
1768	257
1768	259
1765	259
1765	260
1764	260
1764	261
1762	261
1762	263
1758	263
1758	264
1757	264
1757	266
1756	266
1756	267
1753	267
1753	268
1752	268
1752	269
1750	269
1750	271
1746	271
1746	272
1745	272
1745	273
1742	273
1742	275
1737	275
1737	277
1734	277
1734	278
1733	278
1733	279
1730	279
1730	280
1729	280
1729	281
1725	281
1725	282
1722	282
1722	283
1721	283
1721	284
1720	284
1720	282
1719	282
1719	284
1717	284
1717	285
1716	285
1716	286
1715	286
1715	287
1713	287
1713	289
1711	289
1711	290
1709	290
1709	292
1706	292
1706	293
1704	293
1704	294
1703	294
1703	295
1702	295
1702	296
1698	296
1698	297
1694	297
1694	298
1693	298
1693	299
1689	299
1689	300
1685	300
1685	301
1684	301
1684	302
1682	302
1682	303
1681	303
1681	304
1679	304
1679	305
1678	305
1678	304
1677	304
1677	305
1676	305
1676	306
1675	306
1675	307
1672	307
1672	308
1670	308
1670	309
1667	309
1667	311
1664	311
1664	312
1663	312
1663	313
1662	313
1662	312
1661	312
1661	315
1655	315
1655	316
1653	316
1653	317
1649	317
1649	318
1645	318
1645	319
1644	319
1644	320
1645	320
1645	326
1646	326
1646	327
1650	327
1650	330
1649	330
1649	331
1642	331
1642	332
1637	332
1637	333
1635	333
1635	334
1633	334
1633	335
1626	335
1626	336
1624	336
1624	337
1620	337
1620	338
1617	338
1617	339
1612	339
1612	340
1611	340
1611	341
1609	341
1609	342
1601	342
1601	343
1600	343
1600	344
1597	344
1597	347
1593	347
1593	349
1592	349
1592	354
1593	354
1593	355
1595	355
1595	356
1598	356
1598	358
1589	358
1589	359
1587	359
1587	360
1584	360
1584	361
1578	361
1578	362
1572	362
1572	363
1562	363
1562	362
1554	362
1554	363
1553	363
1553	369
1554	369
1554	371
1556	371
1556	373
1553	373
1553	374
1536	374
1536	375
1535	375
1535	374
1533	374
1533	375
1531	375
1531	376
1520	376
1520	377
1513	377
1513	378
1506	378
1506	377
1502	377
1502	378
1501	378
1501	377
1500	377
1500	378
1499	378
1499	379
1500	379
1500	380
1499	380
1499	384
1500	384
1500	386
1501	386
1501	387
1502	387
1502	388
1505	388
1505	390
1501	390
1501	389
1500	389
1500	390
1494	390
1494	389
1486	389
1486	388
1473	388
1473	387
1460	387
1460	386
1450	386
1450	387
1449	387
1449	393
1448	393
1448	394
1421	394
1421	393
1408	393
1408	392
1391	392
1391	394
1390	394
1390	398
1389	398
1389	399
1380	399
1380	398
1376	398
1376	397
1372	397
1372	396
1369	396
1369	395
1368	395
1368	394
1356	394
1356	393
1355	393
1355	394
1348	394
1348	392
1340	392
1340	391
1339	391
1339	390
1320	390
1320	389
1316	389
1316	388
1292	388
1292	387
1283	387
1283	386
1273	386
1273	385
1272	385
1272	386
1269	386
1269	385
1268	385
1268	386
1267	386
1267	393
1268	393
1268	394
1269	394
1269	395
1271	395
1271	396
1273	396
1273	397
1274	397
1274	399
1276	399
1276	400
1277	400
1277	401
1278	401
1278	402
1282	402
1282	403
1286	403
1286	404
1294	404
1294	407
1300	407
1300	408
1301	408
1301	409
1302	409
1302	410
1309	410
1309	411
1310	411
1310	412
1312	412
1312	413
1313	413
1313	412
1317	412
1317	413
1318	413
1318	415
1322	415
1322	416
1329	416
1329	417
1333	417
1333	418
1337	418
1337	419
1349	419
1349	420
1355	420
1355	421
1363	421
1363	423
1364	423
1364	426
1367	426
1367	427
1368	427
1368	426
1369	426
1369	427
1372	427
1372	426
1381	426
1381	427
1383	427
1383	426
1385	426
1385	427
1398	427
1398	428
1406	428
1406	429
1419	429
1419	428
1426	428
1426	429
1429	429
1429	430
1432	430
1432	434
1433	434
1433	435
1432	435
1432	436
1446	436
1446	435
1455	435
1455	434
1458	434
1458	435
1465	435
1465	434
1487	434
1487	433
1488	433
1488	432
1507	432
1507	431
1508	431
1508	430
1512	430
1512	431
1513	431
1513	432
1511	432
1511	433
1510	433
1510	436
1509	436
1509	442
1510	442
1510	443
1511	443
1511	444
1512	444
1512	443
1526	443
1526	442
1538	442
1538	441
1541	441
1541	440
1544	440
1544	439
1550	439
1550	438
1552	438
1552	439
1553	439
1553	438
1558	438
1558	437
1559	437
1559	436
1564	436
1564	435
1570	435
1570	434
1572	434
1572	435
1577	435
1577	434
1582	434
1582	435
1584	435
1584	436
1581	436
1581	438
1580	438
1580	440
1579	440
1579	441
1577	441
1577	444
1576	444
1576	447
1575	447
1575	448
1574	448
1574	456
1575	456
1575	457
1582	457
1582	456
1586	456
1586	455
1587	455
1587	454
1591	454
1591	455
1592	455
1592	454
1602	454
1602	453
1607	453
1607	454
1615	454
1615	453
1616	453
1616	452
1633	452
1633	451
1636	451
1636	452
1646	452
1646	454
1648	454
1648	455
1649	455
1649	456
1647	456
1647	457
1646	457
1646	456
1645	456
1645	458
1644	458
1644	459
1643	459
1643	460
1642	460
1642	461
1641	461
1641	464
1640	464
1640	465
1639	465
1639	469
1638	469
1638	476
1656	476
1656	477
1657	477
1657	476
1671	476
1671	475
1695	475
1695	474
1707	474
1707	475
1712	475
1712	476
1715	476
1715	477
1721	477
1721	479
1722	479
1722	480
1724	480
1724	481
1719	481
1719	482
1718	482
1718	483
1717	483
1717	485
1713	485
1713	487
1710	487
1710	488
1709	488
1709	491
1708	491
1708	492
1707	492
1707	493
1706	493
1706	494
1705	494
1705	496
1704	496
1704	498
1703	498
1703	504
1704	504
1704	505
1712	505
1712	504
1714	504
1714	505
1716	505
1716	504
1718	504
1718	505
1723	505
1723	506
1730	506
1730	507
1735	507
1735	508
1741	508
1741	509
1743	509
1743	508
1744	508
1744	509
1745	509
1745	510
1746	510
1746	511
1754	511
1754	512
1762	512
1762	513
1768	513
1768	514
1770	514
1770	515
1782	515
1782	517
1786	517
1786	519
1787	519
1787	520
1789	520
1789	521
1790	521
1790	522
1791	522
1791	523
1790	523
1790	524
1786	524
1786	525
1782	525
1782	528
1780	528
1780	529
1778	529
1778	531
1777	531
1777	532
1776	532
1776	533
1774	533
1774	535
1773	535
1773	543
1787	543
1787	544
1792	544
1792	545
1803	545
1803	547
1804	547
1804	548
1805	548
1805	549
1814	549
1814	552
1815	552
1815	551
1818	551
1818	552
1829	552
1829	555
1831	555
1831	556
1834	556
1834	557
1835	557
1835	558
1838	558
1838	560
1835	560
1835	561
1831	561
1831	562
1830	562
1830	563
1829	563
1829	565
1827	565
1827	566
1826	566
1826	567
1825	567
1825	568
1824	568
1824	569
1823	569
1823	576
1824	576
1824	577
1834	577
1834	578
1842	578
1842	579
1847	579
1847	580
1849	580
1849	581
1851	581
1851	582
1854	582
1854	583
1855	583
1855	584
1862	584
1862	585
1863	585
1863	586
1867	586
1867	587
1868	587
1868	588
1869	588
1869	589
1870	589
1870	588
1872	588
1872	589
1875	589
1875	591
1878	591
1878	592
1881	592
1881	593
1882	593
1882	595
1883	595
1883	597
1885	597
1885	600
1882	600
1882	601
1881	601
1881	602
1877	602
1877	603
1875	603
1875	604
1874	604
1874	612
1882	612
1882	613
1888	613
1888	614
1889	614
1889	615
1891	615
1891	616
1895	616
1895	617
1897	617
1897	618
1898	618
1898	619
1899	619
1899	620
1900	620
1900	621
1906	621
1906	622
1907	622
1907	624
1911	624
1911	625
1914	625
1914	626
1917	626
1917	627
1920	627
1920	628
1923	628
1923	629
1924	629
1924	630
1926	630
1926	631
1927	631
1927	632
1928	632
1928	633
1929	633
1929	634
1930	634
1930	635
1931	635
1931	637
1927	637
1927	638
1924	638
1924	639
1923	639
1923	640
1920	640
1920	641
1919	641
1919	648
1920	648
1920	649
1924	649
1924	650
1930	650
1930	652
1933	652
1933	653
1934	653
1934	656
1940	656
1940	657
1941	657
1941	658
1947	658
1947	659
1948	659
1948	660
1949	660
1949	661
1950	661
1950	662
1954	662
1954	663
1956	663
1956	664
1960	664
