2136	660
2128	660
2128	661
2096	661
2096	660
2084	660
2084	661
2068	661
2068	660
2057	660
2057	659
2048	659
2048	660
2047	660
2047	659
2043	659
2043	660
2017	660
2017	659
2008	659
2008	660
1996	660
1996	661
1979	661
1979	662
1978	662
1978	663
1968	663
1968	662
1952	662
1952	664
1942	664
1942	665
1940	665
1940	666
1926	666
1926	665
1916	665
1916	664
1915	664
1915	663
1914	663
1914	662
1913	662
1913	663
1902	663
1902	667
1901	667
1901	677
1902	677
1902	683
1898	683
1898	682
1881	682
1881	681
1867	681
1867	680
1865	680
1865	679
1855	679
1855	678
1854	678
1854	677
1831	677
1831	676
1828	676
1828	675
1827	675
1827	673
1821	673
1821	672
1813	672
1813	671
1812	671
1812	672
1808	672
1808	686
1809	686
1809	692
1811	692
1811	695
1810	695
1810	696
1809	696
1809	697
1805	697
1805	698
1777	698
1777	697
1775	697
1775	698
1773	698
1773	696
1772	696
1772	695
1767	695
1767	694
1766	694
1766	693
1761	693
1761	692
1758	692
1758	691
1756	691
1756	690
1753	690
1753	689
1752	689
1752	688
1751	688
1751	686
1750	686
1750	687
1749	687
1749	685
1747	685
1747	684
1738	684
1738	689
1737	689
1737	703
1738	703
1738	706
1739	706
1739	707
1740	707
1740	712
1738	712
1738	713
1737	713
1737	714
1736	714
1736	715
1732	715
1732	716
1718	716
1718	715
1717	715
1717	714
1712	714
1712	712
1707	712
1707	711
1706	711
1706	710
1701	710
1701	708
1699	708
1699	707
1697	707
1697	708
1696	708
1696	707
1695	707
1695	706
1691	706
1691	705
1690	705
1690	704
1688	704
1688	703
1685	703
1685	701
1683	701
1683	700
1682	700
1682	699
1681	699
1681	698
1679	698
1679	697
1674	697
1674	695
1673	695
1673	694
1672	694
1672	693
1671	693
1671	694
1670	694
1670	692
1661	692
1661	693
1660	693
1660	701
1659	701
1659	718
1660	718
1660	720
1656	720
1656	721
1648	721
1648	720
1646	720
1646	719
1642	719
1642	718
1640	718
1640	717
1636	717
1636	716
1634	716
1634	715
1625	715
1625	716
1624	716
1624	715
1625	715
1625	713
1624	713
1624	709
1619	709
1619	707
1620	707
1620	706
1615	706
1615	705
1614	705
1614	704
1612	704
1612	703
1611	703
1611	702
1610	702
1610	701
1606	701
1606	700
1605	700
1605	699
1603	699
1603	697
1602	697
1602	695
1597	695
1597	694
1596	694
1596	693
1595	693
1595	692
1594	692
1594	691
1592	691
1592	690
1591	690
1591	689
1590	689
1590	688
1582	688
1582	689
1581	689
1581	693
1580	693
1580	696
1579	696
1579	704
1578	704
1578	715
1565	715
1565	714
1564	714
1564	712
1559	712
1559	711
1558	711
1558	710
1556	710
1556	709
1554	709
1554	708
1553	708
1553	707
1552	707
1552	706
1550	706
1550	705
1549	705
1549	704
1548	704
1548	701
1544	701
1544	699
1542	699
1542	697
1540	697
1540	696
1538	696
1538	695
1536	695
1536	694
1535	694
1535	693
1533	693
1533	692
1532	692
1532	691
1531	691
1531	690
1530	690
1530	689
1529	689
1529	688
1528	688
1528	686
1527	686
1527	685
1526	685
1526	683
1525	683
1525	682
1516	682
1516	683
1515	683
1515	690
1514	690
1514	699
1515	699
1515	701
1516	701
1516	704
1512	704
1512	705
1510	705
1510	706
1508	706
1508	707
1507	707
1507	712
1505	712
1505	715
1504	715
1504	716
1503	716
1503	726
1506	726
1506	727
1526	727
1526	728
1529	728
1529	730
1534	730
1534	731
1544	731
1544	733
1549	733
1549	735
1552	735
1552	736
1556	736
1556	737
1561	737
1561	739
1566	739
1566	740
1568	740
1568	742
1573	742
1573	743
1580	743
1580	744
1582	744
1582	745
1584	745
1584	746
1585	746
1585	747
1586	747
1586	749
1585	749
1585	750
1582	750
1582	752
1581	752
1581	753
1580	753
1580	754
1579	754
1579	755
1578	755
1578	756
1577	756
1577	757
1575	757
1575	758
1574	758
1574	760
1573	760
1573	761
1572	761
1572	762
1571	762
1571	765
1569	765
1569	766
1567	766
1567	768
1566	768
1566	769
1565	769
1565	779
1576	779
1576	780
1584	780
1584	781
1586	781
1586	782
1587	782
1587	781
1589	781
1589	782
1595	782
1595	785
1600	785
1600	786
1601	786
1601	787
1608	787
1608	788
1609	788
1609	791
1617	791
1617	793
1618	793
1618	794
1621	794
1621	795
1622	795
1622	796
1628	796
1628	797
1631	797
1631	798
1637	798
1637	799
1638	799
1638	801
1640	801
1640	802
1644	802
1644	806
1645	806
1645	807
1648	807
1648	809
1647	809
1647	810
1644	810
1644	811
1642	811
1642	812
1641	812
1641	813
1640	813
1640	814
1639	814
1639	815
1637	815
1637	816
1634	816
1634	818
1633	818
1633	819
1632	819
1632	820
1631	820
1631	821
1630	821
1630	831
1642	831
1642	832
1647	832
1647	833
1650	833
1650	834
1652	834
1652	835
1655	835
1655	836
1656	836
1656	837
1657	837
1657	838
1658	838
1658	840
1660	840
1660	839
1662	839
1662	840
1664	840
1664	841
1667	841
1667	842
1668	842
1668	841
1669	841
1669	842
1670	842
1670	843
1671	843
1671	844
1672	844
1672	845
1673	845
1673	846
1680	846
1680	848
1685	848
1685	850
1686	850
1686	851
1691	851
1691	852
1693	852
1693	854
1694	854
1694	856
1695	856
1695	857
1697	857
1697	856
1698	856
1698	859
1699	859
1699	861
1700	861
1700	862
1699	862
1699	863
1696	863
1696	864
1695	864
1695	865
1693	865
1693	867
1692	867
1692	868
1689	868
1689	869
1688	869
1688	871
1686	871
1686	872
1685	872
1685	873
1684	873
1684	874
1683	874
1683	876
1681	876
1681	877
1680	877
1680	886
1681	886
1681	887
1687	887
1687	888
1693	888
1693	889
1695	889
1695	890
1696	890
1696	889
1698	889
1698	890
1700	890
1700	891
1704	891
1704	893
1709	893
1709	894
1710	894
1710	895
1715	895
1715	896
1716	896
1716	898
1717	898
1717	900
1718	900
1718	899
1719	899
1719	900
1722	900
1722	901
1724	901
1724	902
1727	902
1727	905
1728	905
1728	906
1731	906
1731	907
1732	907
1732	908
1735	908
1735	909
1738	909
1738	911
1741	911
1741	912
1743	912
1743	917
1744	917
1744	918
1747	918
1747	920
1749	920
1749	923
1745	923
1745	924
1744	924
1744	925
1742	925
1742	926
1740	926
1740	928
1739	928
1739	930
1738	930
1738	932
1732	932
1732	933
1733	933
1733	934
1732	934
1732	937
1727	937
1727	947
1732	947
1732	949
1734	949
1734	950
1748	950
1748	951
1749	951
1749	952
1755	952
1755	953
1758	953
1758	954
1759	954
1759	955
1761	955
1761	956
1764	956
1764	958
1765	958
1765	960
1768	960
1768	961
1770	961
1770	963
1772	963
1772	964
1776	964
1776	966
1779	966
1779	968
1783	968
1783	969
1785	969
1785	970
1784	970
1784	971
1788	971
1788	972
1790	972
1790	976
1791	976
1791	977
1794	977
1794	980
1795	980
1795	981
1796	981
1796	983
1797	983
1797	984
1796	984
1796	986
1790	986
1790	988
1789	988
1789	989
1788	989
1788	990
1783	990
1783	996
1771	996
1771	998
1770	998
1770	999
1769	999
1769	1008
1770	1008
1770	1010
1775	1010
1775	1011
1777	1011
1777	1012
1781	1012
1781	1013
1782	1013
1782	1015
1785	1015
1785	1016
1788	1016
1788	1017
1790	1017
1790	1018
1791	1018
1791	1020
1792	1020
1792	1021
1796	1021
1796	1022
1797	1022
1797	1024
1798	1024
1798	1026
1799	1026
1799	1027
1803	1027
1803	1031
1805	1031
1805	1032
1809	1032
1809	1037
1811	1037
1811	1038
1812	1038
1812	1037
1814	1037
1814	1038
1815	1038
1815	1039
1816	1039
1816	1040
1817	1040
1817	1042
1819	1042
1819	1044
1820	1044
1820	1045
1819	1045
1819	1046
1820	1046
1820	1048
1822	1048
1822	1049
1823	1049
1823	1050
1824	1050
1824	1055
1816	1055
1816	1056
1809	1056
1809	1059
1806	1059
1806	1060
1805	1060
1805	1068
1806	1068
1806	1069
1809	1069
1809	1070
1810	1070
1810	1071
1814	1071
1814	1073
1815	1073
1815	1074
1820	1074
1820	1077
1821	1077
1821	1078
1822	1078
1822	1079
1826	1079
1826	1081
1829	1081
1829	1083
1834	1083
1834	1085
1835	1085
1835	1086
1834	1086
1834	1087
1836	1087
1836	1088
1844	1088
1844	1094
1845	1094
1845	1099
1843	1099
1843	1100
1840	1100
1840	1101
1837	1101
1837	1103
1835	1103
1835	1104
1831	1104
1831	1114
1834	1114
1834	1115
1835	1115
1835	1117
1838	1117
1838	1118
1841	1118
1841	1119
1843	1119
1843	1120
1846	1120
1846	1121
1847	1121
1847	1122
1848	1122
1848	1125
1849	1125
1849	1126
1853	1126
1853	1127
1856	1127
1856	1130
1858	1130
1858	1132
1859	1132
1859	1133
1861	1133
1861	1135
1863	1135
1863	1136
1865	1136
1865	1138
1866	1138
1866	1140
1867	1140
1867	1141
1868	1141
1868	1142
1870	1142
1870	1143
1872	1143
1872	1151
1865	1151
1865	1152
1864	1152
1864	1153
1862	1153
1862	1154
1859	1154
1859	1155
1858	1155
1858	1156
1857	1156
1857	1157
1856	1157
1856	1158
1857	1158
1857	1166
1859	1166
1859	1169
1863	1169
1863	1170
1864	1170
1864	1174
1867	1174
1867	1175
1868	1175
1868	1177
1869	1177
1869	1179
1870	1179
1870	1180
1872	1180
1872	1181
1873	1181
1873	1182
1874	1182
1874	1183
1875	1183
1875	1185
1876	1185
1876	1186
1878	1186
1878	1189
1880	1189
1880	1190
1881	1190
1881	1191
1882	1191
1882	1192
1883	1192
1883	1193
1884	1193
1884	1195
1885	1195
1885	1197
1886	1197
1886	1198
1887	1198
1887	1199
1889	1199
1889	1202
1891	1202
1891	1204
1892	1204
1892	1207
1894	1207
1894	1208
1897	1208
1897	1213
1902	1213
1902	1216
1904	1216
1904	1217
1905	1217
1905	1219
1913	1219
1913	1228
1914	1228
1914	1230
1916	1230
1916	1231
1917	1231
1917	1232
1918	1232
1918	1234
1919	1234
1919	1235
1920	1235
1920	1236
1922	1236
1922	1238
1924	1238
1924	1239
1925	1239
1925	1240
1928	1240
1928	1241
1930	1241
1930	1245
1931	1245
1931	1246
1934	1246
1934	1247
1941	1247
1941	1257
1946	1257
1946	1259
1947	1259
1947	1260
1948	1260
1948	1262
1951	1262
1951	1263
1952	1263
1952	1265
1953	1265
1953	1268
1957	1268
1957	1269
1958	1269
1958	1270
1960	1270
1960	1272
1962	1272
1962	1273
1963	1273
1963	1276
1968	1276
1968	1278
1969	1278
1969	1279
1972	1279
1972	1280
1973	1280
1973	1282
1974	1282
1974	1284
1976	1284
1976	1285
1977	1285
1977	1289
1978	1289
1978	1290
1984	1290
1984	1293
1985	1293
1985	1295
1988	1295
1988	1296
1990	1296
1990	1298
1991	1298
1991	1299
1993	1299
1993	1300
1994	1300
1994	1301
1996	1301
1996	1302
1997	1302
1997	1303
1999	1303
1999	1304
2000	1304
2000	1305
2001	1305
2001	1306
2002	1306
2002	1307
2004	1307
2004	1308
2006	1308
2006	1309
2007	1309
2007	1311
2008	1311
2008	1312
2011	1312
2011	1313
2012	1313
2012	1316
2013	1316
2013	1317
2016	1317
2016	1318
2017	1318
2017	1320
2019	1320
2019	1321
2020	1321
2020	1322
2021	1322
2021	1323
2023	1323
2023	1328
2027	1328
2027	1331
2028	1331
2028	1332
2022	1332
2022	1331
2014	1331
2014	1330
2010	1330
2010	1329
2008	1329
2008	1328
2007	1328
2007	1327
2004	1327
2004	1326
2003	1326
2003	1325
1997	1325
1997	1324
1993	1324
1993	1323
1992	1323
1992	1321
1987	1321
1987	1319
1985	1319
1985	1318
1981	1318
1981	1316
1980	1316
1980	1315
1975	1315
1975	1313
1970	1313
1970	1310
1965	1310
1965	1309
1964	1309
1964	1307
1959	1307
1959	1305
1958	1305
1958	1304
1952	1304
1952	1302
1951	1302
1951	1300
1950	1300
1950	1299
1948	1299
1948	1297
1945	1297
1945	1296
1943	1296
1943	1294
1942	1294
1942	1293
1938	1293
1938	1292
1937	1292
1937	1291
1932	1291
1932	1288
1931	1288
1931	1287
1927	1287
1927	1285
1926	1285
1926	1283
1922	1283
1922	1282
1921	1282
1921	1281
1920	1281
1920	1280
1915	1280
1915	1277
1911	1277
1911	1276
1910	1276
1910	1275
1906	1275
1906	1274
1905	1274
1905	1273
1904	1273
1904	1272
1902	1272
1902	1271
1896	1271
1896	1268
1894	1268
1894	1267
1893	1267
1893	1266
1891	1266
1891	1264
1889	1264
1889	1263
1888	1263
1888	1261
1887	1261
1887	1260
1886	1260
1886	1261
1884	1261
1884	1260
1882	1260
1882	1258
1881	1258
1881	1257
1878	1257
1878	1256
1877	1256
1877	1253
1872	1253
1872	1252
1871	1252
1871	1250
1870	1250
1870	1249
1866	1249
1866	1247
1860	1247
1860	1244
1855	1244
1855	1239
1851	1239
1851	1238
1850	1238
1850	1234
1849	1234
1849	1233
1844	1233
1844	1231
1843	1231
1843	1230
1842	1230
1842	1229
1841	1229
1841	1228
1832	1228
1832	1232
1831	1232
1831	1234
1830	1234
1830	1236
1829	1236
1829	1238
1828	1238
1828	1241
1827	1241
1827	1240
1826	1240
1826	1241
1824	1241
1824	1240
1822	1240
1822	1238
1815	1238
1815	1233
1811	1233
1811	1228
1807	1228
1807	1227
1806	1227
1806	1225
1805	1225
1805	1224
1804	1224
1804	1223
1800	1223
1800	1217
1797	1217
1797	1216
1796	1216
1796	1213
1795	1213
1795	1207
1794	1207
1794	1206
1793	1206
1793	1205
1792	1205
1792	1206
1791	1206
1791	1205
1790	1205
1790	1206
1783	1206
1783	1209
1782	1209
1782	1213
1781	1213
1781	1214
1778	1214
1778	1212
1777	1212
1777	1211
1773	1211
1773	1210
1772	1210
1772	1209
1767	1209
1767	1206
1766	1206
1766	1205
1765	1205
1765	1206
1763	1206
1763	1205
1756	1205
1756	1195
1752	1195
1752	1194
1751	1194
1751	1191
1750	1191
1750	1190
1745	1190
1745	1184
1742	1184
1742	1183
1740	1183
1740	1178
1737	1178
1737	1177
1736	1177
1736	1175
1735	1175
1735	1173
1734	1173
1734	1168
1733	1168
1733	1167
1731	1167
1731	1162
1721	1162
1721	1167
1720	1167
1720	1168
1719	1168
1719	1173
1716	1173
1716	1175
1715	1175
1715	1177
1716	1177
1716	1178
1715	1178
1715	1179
1714	1179
1714	1184
1713	1184
1713	1187
1710	1187
1710	1186
1702	1186
1702	1184
1701	1184
1701	1183
1700	1183
1700	1182
1699	1182
1699	1181
1696	1181
1696	1179
1695	1179
1695	1178
1693	1178
1693	1177
1691	1177
1691	1174
1690	1174
1690	1172
1682	1172
1682	1171
1681	1171
1681	1168
1682	1168
1682	1166
1681	1166
1681	1165
1682	1165
1682	1163
1681	1163
1681	1162
1678	1162
1678	1160
1677	1160
1677	1159
1676	1159
1676	1157
1675	1157
1675	1156
1674	1156
1674	1151
1670	1151
1670	1150
1669	1150
1669	1146
1666	1146
1666	1145
1665	1145
1665	1143
1664	1143
1664	1140
1663	1140
1663	1135
1662	1135
1662	1134
1660	1134
1660	1132
1659	1132
1659	1131
1660	1131
1660	1130
1659	1130
1659	1129
1651	1129
1651	1130
1650	1130
1650	1133
1649	1133
1649	1134
1648	1134
1648	1138
1647	1138
1647	1140
1643	1140
1643	1141
1642	1141
1642	1147
1641	1147
1641	1148
1640	1148
1640	1149
1639	1149
1639	1152
1638	1152
1638	1155
1634	1155
1634	1154
1633	1154
1633	1153
1632	1153
1632	1154
1630	1154
1630	1153
1628	1153
1628	1151
1624	1151
1624	1149
1622	1149
1622	1148
1621	1148
1621	1147
1620	1147
1620	1146
1619	1146
1619	1145
1617	1145
1617	1144
1616	1144
1616	1142
1615	1142
1615	1140
1614	1140
1614	1139
1610	1139
1610	1132
1609	1132
1609	1131
1608	1131
1608	1129
1606	1129
1606	1128
1605	1128
1605	1126
1606	1126
1606	1125
1604	1125
1604	1124
1603	1124
1603	1123
1602	1123
1602	1119
1597	1119
1597	1113
1596	1113
1596	1112
1594	1112
1594	1110
1593	1110
1593	1109
1592	1109
1592	1107
1589	1107
1589	1103
1588	1103
1588	1101
1584	1101
1584	1100
1585	1100
1585	1099
1584	1099
1584	1091
1583	1091
1583	1089
1582	1089
1582	1086
1581	1086
1581	1080
1580	1080
1580	1079
1570	1079
1570	1080
1568	1080
1568	1084
1567	1084
1567	1085
1566	1085
1566	1086
1565	1086
1565	1087
1564	1087
1564	1089
1563	1089
1563	1090
1562	1090
1562	1091
1560	1091
1560	1094
1559	1094
1559	1101
1556	1101
1556	1104
1553	1104
1553	1102
1551	1102
1551	1101
1547	1101
1547	1100
1545	1100
1545	1099
1544	1099
1544	1098
1543	1098
1543	1097
1542	1097
1542	1096
1541	1096
1541	1095
1540	1095
1540	1094
1539	1094
1539	1093
1538	1093
1538	1092
1532	1092
1532	1084
1531	1084
1531	1080
1529	1080
1529	1079
1528	1079
1528	1077
1527	1077
1527	1076
1526	1076
1526	1073
1525	1073
1525	1069
1523	1069
1523	1068
1524	1068
1524	1067
1522	1067
1522	1065
1521	1065
1521	1062
1520	1062
1520	1058
1519	1058
1519	1057
1518	1057
1518	1055
1517	1055
1517	1053
1516	1053
1516	1052
1515	1052
1515	1047
1514	1047
1514	1045
1513	1045
1513	1040
1512	1040
1512	1036
1511	1036
1511	1034
1506	1034
1506	1035
1505	1035
1505	1034
1503	1034
1503	1035
1502	1035
1502	1036
1501	1036
1501	1037
1500	1037
1500	1038
1499	1038
1499	1039
1498	1039
1498	1041
1497	1041
1497	1042
1496	1042
1496	1043
1495	1043
1495	1044
1494	1044
1494	1045
1493	1045
1493	1046
1492	1046
1492	1047
1491	1047
1491	1048
1490	1048
1490	1049
1489	1049
1489	1056
1486	1056
1486	1055
1484	1055
1484	1054
1483	1054
1483	1053
1481	1053
1481	1052
1480	1052
1480	1051
1479	1051
1479	1050
1478	1050
1478	1049
1477	1049
1477	1048
1476	1048
1476	1046
1475	1046
1475	1045
1474	1045
1474	1044
1473	1044
1473	1043
1472	1043
1472	1042
1471	1042
1471	1038
1470	1038
1470	1036
1468	1036
1468	1034
1467	1034
1467	1032
1468	1032
1468	1031
1467	1031
1467	1030
1465	1030
1465	1025
1461	1025
1461	1019
1460	1019
1460	1018
1459	1018
1459	1015
1458	1015
1458	1014
1455	1014
1455	1003
1454	1003
1454	997
1452	997
1452	992
1451	992
1451	989
1450	989
1450	986
1441	986
1441	987
1440	987
1440	988
1439	988
1439	990
1438	990
1438	991
1439	991
1439	993
1437	993
1437	994
1433	994
1433	993
1432	993
1432	994
1431	994
1431	995
1430	995
1430	997
1429	997
1429	998
1428	998
1428	1002
1425	1002
1425	1001
1424	1001
1424	1000
1423	1000
1423	999
1422	999
1422	998
1421	998
1421	997
1420	997
1420	995
1419	995
1419	994
1418	994
1418	993
1417	993
1417	992
1415	992
1415	990
1413	990
1413	981
1412	981
1412	976
1411	976
1411	975
1410	975
1410	970
1408	970
1408	969
1407	969
1407	966
1406	966
1406	964
1405	964
1405	959
1403	959
1403	957
1402	957
1402	955
1401	955
1401	948
1399	948
1399	947
1398	947
1398	944
1397	944
1397	942
1398	942
1398	941
1397	941
1397	940
1398	940
1398	939
1397	939
1397	936
1388	936
1388	937
1385	937
1385	938
1384	938
1384	939
1383	939
1383	940
1382	940
1382	942
1378	942
1378	943
1377	943
1377	945
1375	945
1375	947
1373	947
1373	945
1372	945
1372	943
1370	943
1370	942
1369	942
1369	941
1368	941
1368	938
1367	938
1367	935
1366	935
1366	934
1362	934
1362	925
1361	925
1361	921
1360	921
1360	919
1359	919
1359	914
1358	914
1358	910
1356	910
1356	905
1355	905
1355	904
1353	904
1353	900
1352	900
1352	897
1351	897
1351	896
1352	896
1352	895
1351	895
1351	893
1350	893
1350	888
1349	888
1349	886
1348	886
1348	881
1347	881
1347	880
1335	880
1335	881
1333	881
1333	882
1330	882
1330	883
1329	883
1329	888
1328	888
1328	889
1321	889
1321	892
1320	892
1320	893
1321	893
1321	895
1320	895
1320	896
1321	896
1321	898
1320	898
1320	899
1321	899
1321	900
1320	900
1320	901
1321	901
1321	902
1323	902
1323	903
1325	903
1325	905
1326	905
1326	910
1327	910
1327	911
1332	911
1332	913
1335	913
1335	915
1336	915
1336	917
1338	917
1338	918
1339	918
1339	919
1340	919
1340	922
1341	922
1341	923
1342	923
1342	926
1343	926
1343	927
1345	927
1345	931
1344	931
1344	936
1342	936
1342	935
1332	935
1332	936
1322	936
1322	937
1316	937
1316	938
1315	938
1315	945
1316	945
1316	947
1318	947
1318	948
1321	948
1321	952
1322	952
1322	951
1323	951
1323	952
1326	952
1326	955
1329	955
1329	956
1330	956
1330	957
1331	957
1331	959
1332	959
1332	961
1335	961
1335	962
1336	962
1336	963
1337	963
1337	965
1338	965
1338	966
1340	966
1340	968
1341	968
1341	971
1342	971
1342	972
1344	972
1344	973
1345	973
1345	974
1346	974
1346	975
1348	975
1348	976
1349	976
1349	979
1351	979
1351	983
1353	983
1353	987
1354	987
1354	988
1357	988
1357	990
1359	990
1359	994
1363	994
1363	999
1368	999
1368	1000
1369	1000
1369	1002
1370	1002
1370	1007
1372	1007
1372	1010
1373	1010
1373	1011
1372	1011
1372	1010
1371	1010
1371	1012
1359	1012
1359	1013
1357	1013
1357	1012
1355	1012
1355	1013
1353	1013
1353	1014
1348	1014
1348	1016
1341	1016
1341	1025
1342	1025
1342	1026
1343	1026
1343	1027
1345	1027
1345	1028
1347	1028
1347	1029
1348	1029
1348	1032
1350	1032
1350	1033
1353	1033
1353	1034
1354	1034
1354	1037
1355	1037
1355	1038
1358	1038
1358	1040
1359	1040
1359	1042
1360	1042
1360	1043
1362	1043
1362	1045
1363	1045
1363	1048
1366	1048
1366	1049
1368	1049
1368	1052
1369	1052
1369	1053
1370	1053
1370	1059
1374	1059
1374	1060
1375	1060
1375	1064
1376	1064
1376	1065
1377	1065
1377	1067
1378	1067
1378	1068
1379	1068
1379	1069
1380	1069
1380	1071
1381	1071
1381	1076
1383	1076
1383	1078
1384	1078
1384	1082
1385	1082
1385	1090
1384	1090
1384	1091
1369	1091
1369	1092
1353	1092
1353	1103
1354	1103
1354	1104
1356	1104
1356	1106
1359	1106
1359	1109
1361	1109
1361	1110
1363	1110
1363	1111
1364	1111
1364	1112
1365	1112
1365	1114
1369	1114
1369	1115
1370	1115
1370	1119
1371	1119
1371	1120
1375	1120
1375	1122
1376	1122
1376	1125
1379	1125
1379	1126
1380	1126
1380	1127
1381	1127
1381	1130
1382	1130
1382	1131
1385	1131
1385	1132
1386	1132
1386	1133
1387	1133
1387	1136
1389	1136
1389	1139
1390	1139
1390	1140
1391	1140
1391	1141
1392	1141
1392	1142
1393	1142
1393	1143
1394	1143
1394	1145
1395	1145
1395	1149
1397	1149
1397	1152
1398	1152
1398	1153
1399	1153
1399	1155
1400	1155
1400	1157
1401	1157
1401	1158
1402	1158
1402	1159
1403	1159
1403	1172
1402	1172
1402	1171
1392	1171
1392	1172
1391	1172
1391	1171
1389	1171
1389	1172
1386	1172
1386	1173
1381	1173
1381	1174
1376	1174
1376	1175
1374	1175
1374	1176
1369	1176
1369	1177
1368	1177
1368	1179
1367	1179
1367	1181
1368	1181
1368	1186
1372	1186
1372	1187
1373	1187
1373	1189
1375	1189
1375	1190
1376	1190
1376	1191
1377	1191
1377	1192
1381	1192
1381	1194
1384	1194
1384	1195
1385	1195
1385	1196
1386	1196
1386	1198
1387	1198
1387	1202
1392	1202
1392	1207
1395	1207
1395	1209
1396	1209
1396	1210
1395	1210
1395	1211
1397	1211
1397	1212
1398	1212
1398	1213
1399	1213
1399	1216
1400	1216
1400	1218
1401	1218
1401	1219
1403	1219
1403	1223
1404	1223
1404	1224
1405	1224
1405	1225
1406	1225
1406	1227
1407	1227
1407	1229
1408	1229
1408	1232
1409	1232
1409	1235
1412	1235
1412	1240
1413	1240
1413	1245
1414	1245
1414	1256
1413	1256
1413	1259
1411	1259
1411	1258
1410	1258
1410	1257
1406	1257
1406	1256
1404	1256
1404	1255
1372	1255
1372	1256
1370	1256
1370	1264
1371	1264
1371	1265
1372	1265
1372	1268
1375	1268
1375	1269
1376	1269
1376	1270
1377	1270
1377	1271
1378	1271
1378	1272
1379	1272
1379	1273
1380	1273
1380	1274
1381	1274
1381	1278
1382	1278
1382	1279
1385	1279
1385	1280
1386	1280
1386	1283
1387	1283
1387	1284
1388	1284
1388	1285
1389	1285
1389	1288
1390	1288
1390	1290
1392	1290
1392	1295
1394	1295
1394	1297
1395	1297
1395	1299
1396	1299
1396	1300
1397	1300
1397	1301
1398	1301
1398	1304
1399	1304
1399	1306
1400	1306
1400	1309
1401	1309
1401	1310
1402	1310
1402	1312
1405	1312
1405	1317
1406	1317
1406	1323
1407	1323
1407	1326
1408	1326
1408	1328
1410	1328
1410	1333
1411	1333
1411	1337
1412	1337
1412	1338
1413	1338
1413	1340
1414	1340
1414	1353
1411	1353
1411	1352
1405	1352
1405	1351
1376	1351
1376	1352
1375	1352
1375	1360
1376	1360
1376	1361
1377	1361
1377	1362
1379	1362
1379	1364
1380	1364
1380	1366
1381	1366
1381	1367
1383	1367
1383	1368
1384	1368
1384	1372
1386	1372
1386	1375
1387	1375
1387	1377
1388	1377
1388	1378
1389	1378
1389	1380
1390	1380
1390	1383
1391	1383
1391	1384
1392	1384
1392	1389
1393	1389
1393	1391
1394	1391
1394	1395
1395	1395
1395	1397
1394	1397
1394	1398
1395	1398
1395	1400
1396	1400
1396	1406
1398	1406
1398	1411
1399	1411
1399	1416
1400	1416
1400	1419
1401	1419
1401	1426
1400	1426
1400	1432
1399	1432
1399	1436
1398	1436
1398	1435
1397	1435
1397	1434
1395	1434
1395	1432
1390	1432
1390	1431
1376	1431
1376	1432
1375	1432
1375	1440
1378	1440
1378	1441
1379	1441
1379	1444
1381	1444
1381	1449
1384	1449
1384	1450
1385	1450
1385	1453
1387	1453
1387	1455
1389	1455
1389	1456
1388	1456
1388	1457
1389	1457
1389	1460
1390	1460
1390	1461
1391	1461
1391	1462
1392	1462
1392	1476
1393	1476
1393	1477
1394	1477
1394	1480
1392	1480
1392	1488
1389	1488
1389	1486
1377	1486
1377	1485
1366	1485
1366	1494
1367	1494
1367	1495
1369	1495
1369	1498
1370	1498
1370	1499
1373	1499
1373	1504
1375	1504
1375	1507
1376	1507
1376	1508
1378	1508
1378	1514
1379	1514
1379	1516
1380	1516
1380	1517
1379	1517
1379	1518
1380	1518
1380	1520
1381	1520
1381	1526
1382	1526
1382	1527
1383	1527
1383	1531
1386	1531
1386	1540
1387	1540
1387	1543
1388	1543
1388	1545
1389	1545
1389	1552
1390	1552
1390	1554
1391	1554
1391	1561
1388	1561
1388	1560
1385	1560
1385	1559
1379	1559
1379	1558
1377	1558
1377	1557
1369	1557
1369	1558
1368	1558
1368	1567
1369	1567
1369	1570
1371	1570
1371	1572
1372	1572
1372	1574
1373	1574
1373	1577
1374	1577
1374	1578
1375	1578
1375	1579
1376	1579
1376	1581
1377	1581
1377	1584
1379	1584
1379	1586
1380	1586
1380	1589
1381	1589
1381	1591
1383	1591
1383	1594
1384	1594
1384	1600
1383	1600
1383	1601
1377	1601
1377	1603
1376	1603
1376	1606
1377	1606
1377	1607
1376	1607
1376	1610
1377	1610
1377	1613
1378	1613
1378	1617
1379	1617
1379	1621
1380	1621
1380	1626
1381	1626
1381	1647
1382	1647
1382	1648
1383	1648
1383	1676
1384	1676
1384	1683
1385	1683
1385	1694
1386	1694
1386	1709
1387	1709
1387	1723
1388	1723
1388	1729
1389	1729
1389	1741
1390	1741
1390	1755
1391	1755
1391	1757
1390	1757
1390	1760
1391	1760
1391	1766
1392	1766
1392	1832
1391	1832
1391	1836
1390	1836
1390	1840
1389	1840
1389	1841
1388	1841
1388	1840
1387	1840
1387	1838
1386	1838
1386	1836
1383	1836
1383	1827
1382	1827
1382	1826
1380	1826
1380	1822
1379	1822
1379	1820
1378	1820
1378	1816
1377	1816
1377	1813
1376	1813
1376	1810
1375	1810
1375	1806
1374	1806
1374	1798
1373	1798
1373	1797
1372	1797
1372	1788
1370	1788
1370	1786
1369	1786
1369	1784
1368	1784
1368	1781
1367	1781
1367	1779
1366	1779
1366	1777
1367	1777
1367	1776
1366	1776
1366	1771
1364	1771
1364	1768
1363	1768
1363	1761
1362	1761
1362	1760
1361	1760
1361	1750
1360	1750
1360	1749
1359	1749
1359	1746
1358	1746
1358	1738
1357	1738
1357	1733
1356	1733
1356	1728
1355	1728
1355	1727
1354	1727
1354	1724
1353	1724
1353	1721
1352	1721
1352	1717
1351	1717
1351	1716
1350	1716
1350	1706
1349	1706
1349	1705
1348	1705
1348	1704
1347	1704
1347	1700
1346	1700
1346	1697
1345	1697
1345	1694
1344	1694
1344	1689
1342	1689
1342	1685
1341	1685
1341	1678
1340	1678
1340	1676
1339	1676
1339	1673
1338	1673
1338	1672
1337	1672
1337	1667
1336	1667
1336	1666
1335	1666
1335	1662
1334	1662
1334	1658
1333	1658
1333	1653
1332	1653
1332	1650
1331	1650
1331	1648
1330	1648
1330	1645
1328	1645
1328	1638
1326	1638
1326	1636
1325	1636
1325	1633
1324	1633
1324	1629
1323	1629
1323	1628
1322	1628
1322	1627
1323	1627
1323	1626
1322	1626
1322	1623
1319	1623
1319	1616
1309	1616
1309	1614
1308	1614
1308	1611
1307	1611
1307	1610
1306	1610
1306	1609
1307	1609
1307	1607
1306	1607
1306	1605
1305	1605
1305	1603
1304	1603
1304	1601
1303	1601
1303	1598
1302	1598
1302	1596
1301	1596
1301	1595
1300	1595
1300	1590
1297	1590
1297	1585
1296	1585
1296	1584
1295	1584
1295	1579
1292	1579
1292	1577
1291	1577
1291	1575
1290	1575
1290	1573
1289	1573
1289	1568
1287	1568
1287	1560
1286	1560
1286	1549
1287	1549
1287	1548
1286	1548
1286	1546
1278	1546
1278	1547
1277	1547
1277	1549
1276	1549
1276	1548
1275	1548
1275	1550
1274	1550
1274	1551
1272	1551
1272	1552
1271	1552
1271	1554
1270	1554
1270	1555
1269	1555
1269	1556
1267	1556
1267	1557
1266	1557
1266	1559
1265	1559
1265	1560
1264	1560
1264	1561
1263	1561
1263	1562
1261	1562
1261	1565
1260	1565
1260	1566
1258	1566
1258	1565
1257	1565
1257	1563
1255	1563
1255	1562
1254	1562
1254	1557
1251	1557
1251	1554
1252	1554
1252	1553
1251	1553
1251	1552
1250	1552
1250	1551
1247	1551
1247	1546
1246	1546
1246	1544
1245	1544
1245	1542
1246	1542
1246	1541
1245	1541
1245	1540
1244	1540
1244	1536
1243	1536
1243	1529
1242	1529
1242	1528
1243	1528
1243	1526
1242	1526
1242	1519
1241	1519
1241	1518
1240	1518
1240	1494
1237	1494
1237	1493
1236	1493
1236	1494
1232	1494
1232	1493
1231	1493
1231	1494
1230	1494
1230	1495
1229	1495
1229	1496
1227	1496
1227	1497
1222	1497
1222	1501
1217	1501
1217	1502
1216	1502
1216	1503
1215	1503
1215	1505
1213	1505
1213	1504
1212	1504
1212	1502
1209	1502
1209	1497
1207	1497
1207	1491
1205	1491
1205	1486
1204	1486
1204	1481
1203	1481
1203	1479
1202	1479
1202	1459
1201	1459
1201	1458
1200	1458
1200	1448
1201	1448
1201	1442
1202	1442
1202	1435
1201	1435
1201	1434
1189	1434
1189	1436
1184	1436
1184	1438
1182	1438
1182	1439
1180	1439
1180	1440
1178	1440
1178	1442
1173	1442
1173	1444
1172	1444
1172	1445
1171	1445
1171	1446
1170	1446
1170	1447
1168	1447
1168	1445
1167	1445
1167	1444
1166	1444
1166	1441
1165	1441
1165	1440
1164	1440
1164	1432
1163	1432
1163	1431
1164	1431
1164	1427
1163	1427
1163	1419
1162	1419
1162	1403
1161	1403
1161	1392
1162	1392
1162	1391
1161	1391
1161	1388
1162	1388
1162	1384
1163	1384
1163	1379
1164	1379
1164	1377
1163	1377
1163	1376
1164	1376
1164	1372
1165	1372
1165	1368
1166	1368
1166	1358
1156	1358
1156	1359
1153	1359
1153	1360
1150	1360
1150	1362
1146	1362
1146	1363
1145	1363
1145	1364
1143	1364
1143	1365
1142	1365
1142	1368
1141	1368
1141	1367
1139	1367
1139	1368
1135	1368
1135	1369
1134	1369
1134	1370
1132	1370
1132	1371
1129	1371
1129	1373
1128	1373
1128	1374
1127	1374
1127	1373
1126	1373
1126	1372
1125	1372
1125	1367
1124	1367
1124	1365
1122	1365
1122	1360
1121	1360
1121	1355
1120	1355
1120	1340
1121	1340
1121	1336
1122	1336
1122	1326
1123	1326
1123	1318
1124	1318
1124	1317
1125	1317
1125	1302
1126	1302
1126	1301
1127	1301
1127	1298
1128	1298
1128	1296
1129	1296
1129	1295
1130	1295
1130	1282
1118	1282
1118	1283
1117	1283
1117	1284
1116	1284
1116	1285
1115	1285
1115	1284
1113	1284
1113	1285
1112	1285
1112	1286
1109	1286
1109	1287
1106	1287
1106	1288
1102	1288
1102	1289
1101	1289
1101	1290
1100	1290
1100	1289
1099	1289
1099	1290
1097	1290
1097	1291
1096	1291
1096	1292
1095	1292
1095	1293
1092	1293
1092	1292
1089	1292
1089	1282
1088	1282
1088	1270
1087	1270
1087	1268
1088	1268
1088	1258
1089	1258
1089	1252
1090	1252
1090	1247
1091	1247
1091	1246
1092	1246
1092	1233
1093	1233
1093	1232
1092	1232
1092	1231
1093	1231
1093	1228
1094	1228
1094	1226
1095	1226
1095	1223
1096	1223
1096	1220
1097	1220
1097	1216
1098	1216
1098	1215
1099	1215
1099	1213
1100	1213
1100	1211
1101	1211
1101	1205
1102	1205
1102	1203
1101	1203
1101	1202
1102	1202
1102	1201
1101	1201
1101	1200
1086	1200
1086	1201
1085	1201
1085	1202
1084	1202
1084	1203
1079	1203
1079	1204
1075	1204
1075	1205
1072	1205
1072	1204
1071	1204
1071	1205
1069	1205
1069	1206
1065	1206
1065	1204
1066	1204
1066	1202
1065	1202
1065	1191
1066	1191
1066	1190
1067	1190
1067	1189
1066	1189
1066	1187
1067	1187
1067	1186
1068	1186
1068	1185
1067	1185
1067	1182
1069	1182
1069	1180
1070	1180
1070	1174
1071	1174
1071	1171
1072	1171
1072	1164
1073	1164
1073	1162
1074	1162
1074	1158
1075	1158
1075	1157
1076	1157
1076	1154
1077	1154
1077	1151
1078	1151
1078	1148
1079	1148
1079	1147
1081	1147
1081	1141
1082	1141
1082	1140
1083	1140
1083	1136
1084	1136
1084	1130
1083	1130
1083	1128
1074	1128
1074	1129
1068	1129
1068	1131
1063	1131
1063	1132
1061	1132
1061	1133
1060	1133
1060	1134
1057	1134
1057	1135
1056	1135
1056	1133
1055	1133
1055	1130
1054	1130
1054	1124
1053	1124
1053	1123
1052	1123
1052	1121
1053	1121
1053	1120
1052	1120
1052	1116
1053	1116
1053	1114
1054	1114
1054	1105
1055	1105
1055	1103
1056	1103
1056	1099
1057	1099
1057	1098
1058	1098
1058	1097
1059	1097
1059	1092
1060	1092
1060	1087
1061	1087
1061	1084
1062	1084
1062	1079
1063	1079
1063	1076
1064	1076
1064	1075
1065	1075
1065	1071
1066	1071
1066	1070
1067	1070
1067	1068
1068	1068
1068	1065
1069	1065
1069	1064
1070	1064
1070	1063
1071	1063
1071	1054
1057	1054
1057	1056
1055	1056
1055	1057
1045	1057
1045	1058
1043	1058
1043	1059
1042	1059
1042	1060
1041	1060
1041	1061
1040	1061
1040	1059
1039	1059
1039	1052
1038	1052
1038	1049
1039	1049
1039	1042
1040	1042
1040	1038
1041	1038
1041	1033
1042	1033
1042	1030
1043	1030
1043	1026
1044	1026
1044	1021
1045	1021
1045	1018
1046	1018
1046	1016
1047	1016
1047	1015
1048	1015
1048	1008
1049	1008
1049	1004
1050	1004
1050	1003
1051	1003
1051	1001
1052	1001
1052	999
1053	999
1053	998
1054	998
1054	994
1055	994
1055	991
1056	991
1056	990
1057	990
1057	989
1058	989
1058	988
1059	988
1059	979
1058	979
1058	978
1057	978
1057	979
1056	979
1056	978
1055	978
1055	979
1053	979
1053	978
1044	978
1044	979
1036	979
1036	980
1035	980
1035	981
1033	981
1033	979
1032	979
1032	978
1033	978
1033	977
1032	977
1032	965
1033	965
1033	963
1034	963
1034	959
1035	959
1035	956
1036	956
1036	955
1037	955
1037	949
1039	949
1039	946
1040	946
1040	937
1039	937
1039	936
1038	936
1038	935
1037	935
1037	934
1031	934
1031	932
1030	932
1030	931
1028	931
1028	932
1027	932
1027	931
1025	931
1025	930
1014	930
1014	940
1015	940
1015	943
1016	943
1016	946
1017	946
1017	971
1018	971
1018	975
1019	975
1019	1006
1018	1006
1018	1010
1016	1010
1016	1011
1015	1011
1015	1009
1010	1009
1010	1008
1009	1008
1009	1007
1004	1007
1004	1006
990	1006
990	1015
991	1015
991	1016
992	1016
992	1021
993	1021
993	1022
994	1022
994	1026
995	1026
995	1032
996	1032
996	1048
997	1048
997	1077
995	1077
995	1075
993	1075
993	1074
985	1074
985	1073
974	1073
974	1083
975	1083
975	1087
977	1087
977	1093
978	1093
978	1098
979	1098
979	1103
980	1103
980	1113
981	1113
981	1115
982	1115
982	1120
983	1120
983	1124
984	1124
984	1149
982	1149
982	1150
981	1150
981	1152
980	1152
980	1154
979	1154
979	1153
977	1153
977	1152
976	1152
976	1151
972	1151
972	1150
971	1150
971	1149
965	1149
965	1148
956	1148
956	1158
957	1158
957	1159
958	1159
958	1169
960	1169
960	1170
961	1170
961	1172
962	1172
962	1173
961	1173
961	1174
963	1174
963	1176
962	1176
962	1180
963	1180
963	1182
964	1182
964	1186
965	1186
965	1191
966	1191
966	1202
965	1202
965	1206
964	1206
964	1211
963	1211
963	1214
962	1214
962	1216
961	1216
961	1217
959	1217
959	1220
958	1220
958	1221
957	1221
957	1220
956	1220
956	1219
955	1219
955	1218
953	1218
953	1217
952	1217
952	1216
950	1216
950	1215
949	1215
949	1214
946	1214
946	1213
944	1213
944	1211
933	1211
933	1213
930	1213
930	1215
929	1215
929	1222
930	1222
930	1224
931	1224
931	1283
930	1283
930	1286
929	1286
929	1293
924	1293
924	1292
923	1292
923	1291
922	1291
922	1290
920	1290
920	1289
917	1289
917	1288
915	1288
915	1287
904	1287
904	1301
906	1301
906	1306
907	1306
907	1308
908	1308
908	1311
907	1311
907	1312
908	1312
908	1320
907	1320
907	1322
908	1322
908	1326
907	1326
907	1336
906	1336
906	1337
903	1337
903	1338
902	1338
902	1339
901	1339
901	1341
902	1341
902	1342
901	1342
901	1344
899	1344
899	1343
896	1343
896	1342
895	1342
895	1341
894	1341
894	1340
889	1340
889	1338
888	1338
888	1337
878	1337
878	1347
879	1347
879	1351
880	1351
880	1355
881	1355
881	1360
882	1360
882	1367
881	1367
881	1376
882	1376
882	1377
881	1377
881	1379
882	1379
882	1381
881	1381
881	1382
880	1382
880	1387
879	1387
879	1388
878	1388
878	1393
876	1393
876	1395
875	1395
875	1396
874	1396
874	1397
873	1397
873	1396
872	1396
872	1395
870	1395
870	1394
867	1394
867	1393
865	1393
865	1392
862	1392
862	1391
861	1391
861	1390
858	1390
858	1389
856	1389
856	1388
855	1388
855	1387
851	1387
851	1386
850	1386
850	1385
842	1385
842	1386
841	1386
841	1410
842	1410
842	1414
841	1414
841	1419
840	1419
840	1420
838	1420
838	1428
837	1428
837	1429
838	1429
838	1430
837	1430
837	1431
836	1431
836	1443
835	1443
835	1456
834	1456
834	1458
833	1458
833	1459
832	1459
832	1463
830	1463
830	1464
829	1464
829	1468
828	1468
828	1469
826	1469
826	1470
825	1470
825	1471
824	1471
824	1472
823	1472
823	1469
815	1469
815	1468
814	1468
814	1464
813	1464
813	1463
811	1463
811	1462
804	1462
804	1463
803	1463
803	1492
801	1492
801	1493
800	1493
800	1496
799	1496
799	1502
798	1502
798	1510
795	1510
795	1513
794	1513
794	1514
793	1514
793	1516
794	1516
794	1517
793	1517
793	1518
792	1518
792	1522
791	1522
791	1526
790	1526
790	1529
789	1529
789	1531
788	1531
788	1535
787	1535
787	1544
786	1544
786	1551
785	1551
785	1553
786	1553
786	1554
785	1554
785	1557
783	1557
783	1569
782	1569
782	1573
781	1573
781	1579
780	1579
780	1593
779	1593
779	1596
778	1596
778	1600
777	1600
777	1612
776	1612
776	1623
775	1623
775	1636
774	1636
774	1645
772	1645
772	1661
771	1661
771	1663
770	1663
770	1668
769	1668
769	1672
767	1672
767	1678
766	1678
766	1683
765	1683
765	1690
764	1690
764	1694
763	1694
763	1699
762	1699
762	1700
761	1700
761	1705
760	1705
760	1707
759	1707
759	1710
758	1710
758	1714
757	1714
757	1716
756	1716
756	1718
755	1718
755	1725
753	1725
753	1727
752	1727
752	1728
751	1728
751	1731
750	1731
750	1733
748	1733
748	1735
747	1735
747	1736
746	1736
746	1735
745	1735
745	1734
744	1734
744	1733
743	1733
743	1726
742	1726
742	1716
741	1716
741	1699
742	1699
742	1666
741	1666
741	1664
742	1664
742	1653
741	1653
741	1640
742	1640
742	1630
741	1630
741	1579
740	1579
740	1578
739	1578
739	1573
738	1573
738	1565
739	1565
739	1529
738	1529
738	1517
728	1517
728	1519
727	1519
727	1520
726	1520
726	1518
725	1518
725	1514
724	1514
724	1503
725	1503
725	1492
724	1492
724	1484
725	1484
725	1462
726	1462
726	1460
727	1460
727	1455
730	1455
730	1444
719	1444
719	1445
716	1445
716	1446
712	1446
712	1447
711	1447
711	1448
705	1448
705	1449
706	1449
706	1450
705	1450
705	1451
703	1451
703	1450
704	1450
704	1449
702	1449
702	1448
703	1448
703	1442
701	1442
701	1441
700	1441
700	1440
701	1440
701	1432
700	1432
700	1431
701	1431
701	1427
702	1427
702	1421
703	1421
703	1415
704	1415
704	1405
705	1405
705	1394
708	1394
708	1386
709	1386
709	1385
710	1385
710	1383
711	1383
711	1381
712	1381
712	1379
713	1379
713	1378
714	1378
714	1377
715	1377
715	1374
716	1374
716	1365
700	1365
700	1367
691	1367
691	1368
689	1368
689	1369
685	1369
685	1370
684	1370
684	1369
683	1369
683	1370
682	1370
682	1371
679	1371
679	1370
678	1370
678	1368
677	1368
677	1366
676	1366
676	1365
677	1365
677	1363
676	1363
676	1361
677	1361
677	1360
676	1360
676	1355
677	1355
677	1347
678	1347
678	1346
679	1346
679	1345
680	1345
680	1344
681	1344
681	1339
682	1339
682	1333
683	1333
683	1329
684	1329
684	1328
686	1328
686	1318
687	1318
687	1317
688	1317
688	1314
689	1314
689	1312
691	1312
691	1307
692	1307
692	1305
693	1305
693	1303
694	1303
694	1301
696	1301
696	1300
697	1300
697	1296
698	1296
698	1295
700	1295
700	1292
701	1292
701	1290
702	1290
702	1289
704	1289
704	1286
706	1286
706	1276
702	1276
702	1275
696	1275
696	1274
691	1274
691	1275
688	1275
688	1274
680	1274
680	1275
671	1275
671	1276
668	1276
668	1270
667	1270
667	1262
669	1262
669	1256
670	1256
670	1252
671	1252
671	1250
672	1250
672	1247
673	1247
673	1246
674	1246
674	1245
675	1245
675	1241
676	1241
676	1240
677	1240
677	1237
678	1237
678	1235
680	1235
680	1230
681	1230
681	1229
682	1229
682	1226
683	1226
683	1225
684	1225
684	1224
685	1224
685	1223
687	1223
687	1222
686	1222
686	1221
687	1221
687	1219
689	1219
689	1218
691	1218
691	1214
692	1214
692	1213
691	1213
691	1212
693	1212
693	1211
694	1211
694	1210
695	1210
695	1209
696	1209
696	1208
697	1208
697	1205
700	1205
700	1204
703	1204
703	1201
704	1201
704	1200
706	1200
706	1199
708	1199
708	1188
706	1188
706	1187
703	1187
703	1186
697	1186
697	1184
681	1184
681	1183
680	1183
680	1182
668	1182
668	1183
667	1183
667	1175
669	1175
669	1168
670	1168
670	1167
671	1167
671	1159
672	1159
672	1158
678	1158
678	1154
679	1154
679	1152
681	1152
681	1150
682	1150
682	1148
683	1148
683	1147
686	1147
686	1142
687	1142
687	1141
688	1141
688	1139
689	1139
689	1138
690	1138
690	1137
692	1137
692	1136
694	1136
694	1132
695	1132
695	1131
696	1131
696	1130
697	1130
697	1128
698	1128
698	1127
700	1127
700	1126
701	1126
701	1125
702	1125
702	1124
704	1124
704	1123
703	1123
703	1122
704	1122
704	1121
706	1121
706	1120
707	1120
707	1119
708	1119
708	1117
709	1117
709	1116
711	1116
711	1115
713	1115
713	1114
714	1114
714	1112
717	1112
717	1111
718	1111
718	1110
719	1110
719	1109
723	1109
723	1099
722	1099
722	1098
719	1098
719	1096
714	1096
714	1095
712	1095
712	1094
709	1094
709	1095
708	1095
708	1094
704	1094
704	1093
697	1093
697	1091
692	1091
692	1090
691	1090
691	1089
686	1089
686	1081
687	1081
687	1077
688	1077
688	1076
691	1076
691	1072
692	1072
692	1070
693	1070
693	1069
694	1069
694	1068
695	1068
695	1066
697	1066
697	1065
699	1065
699	1063
700	1063
700	1061
701	1061
701	1060
703	1060
703	1059
704	1059
704	1057
706	1057
706	1056
708	1056
708	1054
710	1054
710	1051
711	1051
711	1049
713	1049
713	1048
714	1048
714	1047
715	1047
715	1046
716	1046
716	1045
718	1045
718	1043
719	1043
719	1042
721	1042
721	1041
722	1041
722	1040
724	1040
724	1038
726	1038
726	1036
727	1036
727	1035
728	1035
728	1033
729	1033
729	1032
735	1032
735	1029
736	1029
736	1028
741	1028
741	1027
742	1027
742	1026
743	1026
743	1025
744	1025
744	1017
743	1017
743	1016
741	1016
741	1014
736	1014
736	1013
735	1013
735	1012
731	1012
731	1011
730	1011
730	1009
729	1009
729	1008
724	1008
724	1007
714	1007
714	1006
711	1006
711	1005
710	1005
710	1000
711	1000
711	997
712	997
712	994
713	994
713	993
714	993
714	991
716	991
716	989
717	989
717	988
719	988
719	985
724	985
724	983
725	983
725	982
726	982
726	979
728	979
728	978
729	978
729	977
730	977
730	974
732	974
732	973
733	973
733	972
734	972
734	971
735	971
735	970
736	970
736	969
737	969
737	968
738	968
738	967
742	967
742	966
741	966
741	965
743	965
743	963
746	963
746	961
752	961
752	957
754	957
754	955
757	955
757	954
758	954
758	955
759	955
759	952
762	952
762	951
764	951
764	950
768	950
768	944
769	944
769	943
768	943
768	940
758	940
758	936
757	936
757	932
756	932
756	931
754	931
754	932
753	932
753	931
752	931
752	930
746	930
746	926
747	926
747	922
748	922
748	918
749	918
749	917
751	917
751	916
752	916
752	914
753	914
753	913
754	913
754	912
756	912
756	911
757	911
757	909
759	909
759	908
760	908
760	907
761	907
761	906
762	906
762	905
763	905
763	904
765	904
765	903
768	903
768	900
769	900
769	899
770	899
770	897
771	897
771	896
773	896
773	895
774	895
774	894
775	894
775	892
778	892
778	891
780	891
780	890
782	890
782	889
784	889
784	888
785	888
785	886
787	886
787	885
788	885
788	884
790	884
790	882
792	882
792	881
795	881
795	880
796	880
796	879
797	879
797	878
799	878
799	879
800	879
800	878
802	878
802	867
801	867
801	866
800	866
800	865
795	865
795	864
792	864
792	863
791	863
791	862
790	862
790	860
785	860
785	859
784	859
784	858
780	858
780	857
779	857
779	848
780	848
780	847
783	847
783	846
784	846
784	847
787	847
787	846
790	846
790	845
791	845
791	842
792	842
792	841
793	841
793	840
795	840
795	839
796	839
796	838
798	838
798	837
801	837
801	835
806	835
806	833
807	833
807	830
808	830
808	829
812	829
812	827
814	827
814	826
816	826
816	825
817	825
817	824
821	824
821	823
823	823
823	821
824	821
824	820
829	820
829	818
833	818
833	817
834	817
834	816
835	816
835	815
840	815
840	814
844	814
844	813
845	813
845	803
842	803
842	802
840	802
840	800
831	800
831	799
830	799
830	798
828	798
828	797
826	797
826	794
825	794
825	792
824	792
824	791
823	791
823	789
822	789
822	788
819	788
819	778
808	778
808	785
807	785
807	788
805	788
805	789
803	789
803	794
802	794
802	797
801	797
801	798
800	798
800	799
801	799
801	800
797	800
797	805
794	805
794	810
793	810
793	811
792	811
792	815
791	815
791	816
788	816
788	817
787	817
787	822
786	822
786	824
785	824
785	825
783	825
783	827
782	827
782	828
781	828
781	830
780	830
780	831
778	831
778	832
777	832
777	833
776	833
776	834
775	834
775	836
774	836
774	842
773	842
773	840
772	840
772	838
765	838
765	833
764	833
764	832
763	832
763	827
760	827
760	826
759	826
759	822
756	822
756	821
749	821
749	822
748	822
748	824
747	824
747	827
745	827
745	828
744	828
744	830
745	830
745	831
744	831
744	837
742	837
742	838
739	838
739	843
737	843
737	848
736	848
736	849
733	849
733	854
732	854
732	855
731	855
731	857
730	857
730	858
729	858
729	859
728	859
728	862
726	862
726	864
725	864
725	865
723	865
723	866
722	866
722	869
721	869
721	870
720	870
720	871
718	871
718	872
717	872
717	876
712	876
712	879
710	879
710	880
707	880
707	881
706	881
706	882
701	882
701	883
700	883
700	884
697	884
697	877
696	877
696	876
695	876
695	875
694	875
694	870
693	870
693	866
692	866
692	867
684	867
684	866
683	866
683	871
682	871
682	872
681	872
681	876
679	876
679	877
678	877
678	880
679	880
679	881
678	881
678	882
677	882
677	884
676	884
676	886
675	886
675	887
673	887
673	888
672	888
672	893
671	893
671	894
670	894
670	895
669	895
669	896
668	896
668	899
666	899
666	900
665	900
665	908
664	908
664	909
658	909
658	910
657	910
657	913
654	913
654	914
653	914
653	915
651	915
651	917
650	917
650	918
649	918
649	919
648	919
648	920
646	920
646	921
644	921
644	920
643	920
643	921
642	921
642	920
641	920
641	922
637	922
637	916
636	916
636	915
635	915
635	914
634	914
634	911
633	911
633	910
632	910
632	905
631	905
631	904
629	904
629	902
628	902
628	899
627	899
627	894
626	894
626	893
617	893
617	894
616	894
616	896
614	896
614	897
615	897
615	898
613	898
613	901
611	901
611	902
609	902
609	903
608	903
608	904
607	904
607	907
606	907
606	908
605	908
605	909
604	909
604	910
603	910
603	913
600	913
600	914
599	914
599	915
596	915
596	920
594	920
594	921
592	921
592	924
591	924
591	925
590	925
590	926
589	926
589	927
588	927
588	928
586	928
586	929
585	929
585	931
584	931
584	932
583	932
583	931
582	931
582	932
580	932
580	934
579	934
579	935
578	935
578	936
577	936
577	937
574	937
574	939
573	939
573	940
570	940
570	941
569	941
569	943
568	943
568	944
564	944
564	945
562	945
562	946
559	946
559	945
558	945
558	946
553	946
553	947
551	947
551	945
552	945
552	944
551	944
551	932
550	932
550	929
549	929
549	925
548	925
548	921
546	921
546	920
537	920
537	921
536	921
536	923
534	923
534	924
533	924
533	926
530	926
530	928
529	928
529	929
528	929
528	930
527	930
527	931
525	931
525	933
524	933
524	934
523	934
523	935
522	935
522	936
521	936
521	937
519	937
519	938
518	938
518	939
517	939
517	940
516	940
516	941
515	941
515	942
511	942
511	946
504	946
504	947
503	947
503	951
498	951
498	952
497	952
497	953
492	953
492	955
491	955
491	956
481	956
481	957
475	957
475	956
474	956
474	943
473	943
473	942
472	942
472	937
459	937
459	942
455	942
455	943
454	943
454	945
453	945
453	948
452	948
452	947
451	947
451	948
448	948
448	951
446	951
446	952
444	952
444	953
443	953
443	955
442	955
442	956
438	956
438	957
437	957
437	958
436	958
436	959
432	959
432	958
431	958
431	959
429	959
429	962
421	962
421	964
416	964
416	965
410	965
410	966
407	966
407	965
406	965
406	964
404	964
404	956
403	956
403	951
402	951
402	948
401	948
401	945
400	945
400	943
392	943
392	944
388	944
388	946
383	946
383	947
382	947
382	949
381	949
381	950
380	950
380	951
379	951
379	952
373	952
373	953
371	953
371	954
368	954
368	955
366	955
366	956
361	956
361	957
359	957
359	956
357	956
357	957
355	957
355	959
350	959
350	960
349	960
349	961
348	961
348	962
344	962
344	964
338	964
338	966
333	966
333	967
332	967
332	968
330	968
330	967
329	967
329	968
326	968
326	967
325	967
325	968
322	968
322	969
321	969
321	970
315	970
315	954
313	954
313	953
311	953
311	954
310	954
310	953
308	953
308	954
305	954
305	956
300	956
300	959
294	959
294	961
293	961
293	962
288	962
288	963
289	963
289	964
284	964
284	965
283	965
283	967
277	967
277	968
273	968
273	969
272	969
272	970
262	970
262	971
261	971
261	972
259	972
259	973
251	973
251	974
250	974
250	976
249	976
249	975
247	975
247	976
245	976
245	978
240	978
240	979
239	979
239	978
235	978
235	979
234	979
234	980
233	980
233	981
229	981
229	983
224	983
224	984
221	984
221	985
217	985
217	986
212	986
212	987
207	987
207	989
201	989
201	990
200	990
200	989
191	989
191	990
190	990
190	991
189	991
189	992
188	992
188	991
187	991
187	992
184	992
184	994
174	994
174	995
164	995
164	996
163	996
163	997
153	997
153	998
151	998
151	999
149	999
149	1000
140	1000
140	1001
139	1001
139	1000
137	1000
137	1001
136	1001
136	1002
134	1002
134	1003
132	1003
132	1002
131	1002
131	1003
129	1003
129	1002
126	1002
126	1003
120	1003
120	1002
111	1002
111	1001
110	1001
110	998
111	998
111	996
116	996
116	995
117	995
117	994
119	994
119	993
120	993
120	992
121	992
121	990
126	990
126	989
130	989
130	988
137	988
137	985
138	985
138	984
139	984
139	985
140	985
140	984
142	984
142	985
143	985
143	983
144	983
144	982
145	982
145	983
146	983
146	982
148	982
148	980
150	980
150	979
155	979
155	977
159	977
159	975
160	975
160	974
161	974
161	975
164	975
164	974
165	974
165	973
166	973
166	972
168	972
168	971
171	971
171	970
175	970
175	969
176	969
176	967
179	967
179	966
182	966
182	965
183	965
183	964
184	964
184	963
188	963
188	961
197	961
197	958
198	958
198	957
202	957
202	956
203	956
203	954
205	954
205	953
208	953
208	952
209	952
209	951
211	951
211	950
214	950
214	949
216	949
216	948
218	948
218	947
219	947
219	946
222	946
222	945
224	945
224	944
225	944
225	941
227	941
227	940
231	940
231	938
232	938
232	939
235	939
235	938
236	938
236	936
238	936
238	935
241	935
241	934
242	934
242	933
246	933
246	932
247	932
247	931
248	931
248	930
249	930
249	929
252	929
252	928
254	928
254	927
255	927
255	925
257	925
257	924
258	924
258	922
259	922
259	923
260	923
260	922
263	922
263	921
264	921
264	920
267	920
267	919
268	919
268	918
269	918
269	911
270	911
270	912
271	912
271	911
275	911
275	909
278	909
278	908
279	908
279	906
280	906
280	904
282	904
282	903
285	903
285	901
287	901
287	900
290	900
290	899
291	899
291	898
293	898
293	897
294	897
294	895
296	895
296	893
298	893
298	892
299	892
299	891
301	891
301	890
303	890
303	889
307	889
307	887
309	887
309	886
310	886
310	885
313	885
313	876
311	876
311	875
310	875
310	873
308	873
308	871
305	871
305	869
304	869
304	868
303	868
303	866
301	866
301	865
299	865
299	863
300	863
300	862
302	862
302	860
303	860
303	859
306	859
306	858
307	858
307	855
310	855
310	854
314	854
314	853
317	853
317	852
318	852
318	850
322	850
322	849
323	849
323	848
326	848
326	847
329	847
329	846
330	846
330	847
331	847
331	846
334	846
334	845
335	845
335	843
338	843
338	842
341	842
341	841
344	841
344	840
362	840
362	827
357	827
357	826
356	826
356	825
355	825
355	824
354	824
354	823
353	823
353	822
352	822
352	821
351	821
351	819
350	819
350	818
347	818
347	817
346	817
346	815
343	815
343	814
342	814
342	813
341	813
341	811
342	811
342	810
345	810
345	809
346	809
346	806
347	806
347	805
350	805
350	804
351	804
351	803
352	803
352	802
357	802
357	801
358	801
358	800
360	800
360	799
363	799
363	798
366	798
366	796
373	796
373	794
381	794
381	793
386	793
386	792
395	792
395	791
406	791
406	778
405	778
405	777
404	777
404	776
403	776
403	775
402	775
402	774
401	774
401	772
400	772
400	771
398	771
398	770
399	770
399	769
397	769
397	768
396	768
396	767
395	767
395	766
394	766
394	765
391	765
391	764
390	764
390	762
391	762
391	761
393	761
393	760
394	760
394	759
395	759
395	758
399	758
399	756
400	756
400	755
399	755
399	754
406	754
406	752
413	752
413	750
414	750
414	749
422	749
422	748
429	748
429	747
431	747
431	746
434	746
434	745
435	745
435	744
439	744
439	743
453	743
453	742
467	742
467	741
473	741
473	740
474	740
474	733
473	733
473	728
474	728
474	727
472	727
472	723
469	723
469	721
467	721
467	718
466	718
466	717
465	717
465	716
464	716
464	715
463	715
463	714
462	714
462	712
461	712
461	709
463	709
463	708
466	708
466	706
471	706
471	705
474	705
474	704
477	704
477	703
489	703
489	702
490	702
490	700
491	700
491	699
492	699
492	700
493	700
493	699
510	699
510	700
512	700
512	699
513	699
513	700
527	700
527	690
524	690
524	686
523	686
523	685
522	685
522	684
521	684
521	679
518	679
518	676
519	676
519	675
522	675
522	673
526	673
526	672
530	672
530	671
536	671
536	670
550	670
550	671
558	671
558	670
575	670
575	669
577	669
577	668
591	668
591	670
600	670
600	669
601	669
601	660
600	660
600	657
599	657
599	655
598	655
598	651
597	651
597	646
592	646
592	644
591	644
591	643
592	643
592	642
598	642
598	640
599	640
599	639
605	639
605	638
612	638
612	637
631	637
631	635
634	635
634	634
669	634
669	624
668	624
668	621
667	621
667	619
666	619
666	613
661	613
661	607
659	607
659	595
658	595
658	594
655	594
655	593
654	593
654	592
653	592
653	588
654	588
654	587
655	587
655	576
654	576
654	572
643	572
643	574
641	574
641	575
635	575
635	578
630	578
630	579
629	579
629	580
624	580
624	581
623	581
623	580
619	580
619	581
618	581
618	582
613	582
613	583
581	583
581	582
578	582
578	580
579	580
579	578
580	578
580	577
581	577
581	576
582	576
582	567
581	567
581	564
582	564
582	563
581	563
581	562
582	562
582	561
581	561
581	560
571	560
571	561
570	561
570	562
564	562
564	563
563	563
563	564
561	564
561	563
560	563
560	564
559	564
559	563
556	563
556	564
555	564
555	563
554	563
554	564
552	564
552	565
542	565
542	566
541	566
541	567
537	567
537	566
531	566
531	565
529	565
529	564
526	564
526	563
520	563
520	562
516	562
516	556
517	556
517	555
518	555
518	552
519	552
519	549
521	549
521	536
520	536
520	535
512	535
512	536
484	536
484	535
478	535
478	534
474	534
474	533
472	533
472	532
471	532
471	531
466	531
466	529
465	529
465	528
462	528
462	529
461	529
461	528
460	528
460	529
458	529
458	526
457	526
457	525
458	525
458	524
460	524
460	522
462	522
462	521
463	521
463	518
464	518
464	517
465	517
465	508
464	508
464	507
458	507
458	506
454	506
454	507
450	507
450	506
445	506
445	504
444	504
444	503
439	503
439	501
434	501
434	500
432	500
432	499
428	499
428	497
427	497
427	496
418	496
418	495
417	495
417	494
413	494
413	493
412	493
412	488
411	488
411	485
400	485
400	484
396	484
396	483
395	483
395	482
394	482
394	481
390	481
390	480
389	480
389	479
379	479
379	478
373	478
373	476
353	476
353	477
352	477
352	475
348	475
348	470
340	470
340	469
335	469
335	468
330	468
330	467
329	467
329	465
324	465
324	463
318	463
318	462
314	462
314	461
313	461
313	460
312	460
312	459
307	459
307	457
302	457
302	455
301	455
301	454
297	454
297	453
296	453
296	452
295	452
295	451
294	451
294	450
293	450
293	449
292	449
292	448
296	448
296	447
299	447
299	446
301	446
301	445
323	445
323	444
328	444
328	443
332	443
332	444
334	444
334	445
414	445
414	446
416	446
416	447
427	447
427	446
428	446
428	441
429	441
429	439
431	439
431	440
446	440
446	439
448	439
448	440
457	440
457	439
476	439
476	440
479	440
479	439
480	439
480	441
486	441
486	442
490	442
490	443
491	443
491	444
501	444
501	433
500	433
500	428
499	428
499	425
498	425
498	424
497	424
497	422
496	422
496	419
506	419
506	418
513	418
513	419
518	419
518	420
524	420
524	421
525	421
525	422
526	422
526	423
547	423
547	424
555	424
555	425
556	425
556	426
563	426
563	428
565	428
565	429
566	429
566	428
568	428
568	429
569	429
569	428
570	428
570	429
574	429
574	428
576	428
576	416
575	416
575	413
574	413
574	405
573	405
573	401
592	401
592	403
597	403
597	404
598	404
598	403
601	403
601	404
602	404
602	403
604	403
604	404
605	404
605	405
606	405
606	406
616	406
616	407
617	407
617	406
618	406
618	407
620	407
620	408
622	408
622	409
629	409
629	412
633	412
633	414
644	414
644	405
643	405
643	398
642	398
642	392
641	392
641	391
640	391
640	390
658	390
658	389
662	389
662	390
667	390
667	391
673	391
673	394
674	394
674	395
680	395
680	396
685	396
685	397
686	397
686	398
688	398
688	399
689	399
689	400
690	400
690	401
698	401
698	404
701	404
701	406
713	406
713	405
714	405
714	390
715	390
715	380
717	380
717	381
719	381
719	382
720	382
720	383
722	383
722	384
724	384
724	385
738	385
738	386
739	386
739	387
742	387
742	388
744	388
744	389
746	389
746	390
748	390
748	391
750	391
750	392
754	392
754	394
756	394
756	395
759	395
759	396
766	396
766	397
769	397
769	401
773	401
773	402
776	402
776	403
777	403
777	405
778	405
778	406
788	406
788	382
794	382
794	383
793	383
793	384
799	384
799	385
801	385
801	386
805	386
805	387
808	387
808	388
810	388
810	389
811	389
811	390
812	390
812	391
813	391
813	392
815	392
815	393
816	393
816	395
819	395
819	396
823	396
823	400
824	400
824	401
828	401
828	402
831	402
831	403
832	403
832	405
833	405
833	406
838	406
838	407
843	407
843	411
844	411
844	412
848	412
848	413
849	413
849	414
850	414
850	415
854	415
854	417
855	417
855	418
857	418
857	420
858	420
858	421
859	421
859	423
860	423
860	424
861	424
861	425
862	425
862	426
863	426
863	428
872	428
872	426
873	426
873	423
883	423
883	424
884	424
884	425
883	425
883	426
884	426
884	428
886	428
886	429
887	429
887	430
888	430
888	431
889	431
889	432
892	432
892	433
893	433
893	434
911	434
911	425
910	425
910	424
908	424
908	423
906	423
906	422
905	422
905	421
904	421
904	420
901	420
901	419
899	419
899	418
897	418
897	417
896	417
896	416
889	416
889	414
888	414
888	413
884	413
884	411
882	411
882	410
879	410
879	409
878	409
878	405
872	405
872	399
869	399
869	398
868	398
868	397
867	397
867	396
869	396
869	395
874	395
874	394
875	394
875	392
876	392
876	391
877	391
877	390
880	390
880	389
881	389
881	381
880	381
880	380
879	380
879	379
874	379
874	378
872	378
872	377
869	377
869	376
866	376
866	375
865	375
865	374
864	374
864	373
863	373
863	372
861	372
861	370
860	370
860	369
858	369
858	368
857	368
857	366
856	366
856	364
853	364
853	362
852	362
852	361
851	361
851	360
850	360
850	359
849	359
849	358
848	358
848	357
847	357
847	356
846	356
846	355
845	355
845	354
844	354
844	353
843	353
843	352
842	352
842	350
841	350
841	349
839	349
839	344
835	344
835	340
834	340
834	339
833	339
833	338
832	338
832	335
839	335
839	333
840	333
840	332
844	332
844	331
845	331
845	330
846	330
846	329
847	329
847	320
846	320
846	319
845	319
845	317
844	317
844	316
843	316
843	317
842	317
842	316
840	316
840	314
839	314
839	312
836	312
836	310
835	310
835	309
834	309
834	306
830	306
830	301
829	301
829	300
826	300
826	296
825	296
825	295
824	295
824	294
823	294
823	293
822	293
822	292
821	292
821	290
820	290
820	287
819	287
819	286
818	286
818	284
817	284
817	283
816	283
816	281
815	281
815	279
814	279
814	273
812	273
812	267
822	267
822	266
823	266
823	265
824	265
824	264
826	264
826	263
827	263
827	255
826	255
826	254
825	254
825	253
824	253
824	252
823	252
823	251
822	251
822	250
821	250
821	246
820	246
820	245
818	245
818	240
817	240
817	239
816	239
816	238
815	238
815	235
814	235
814	229
812	229
812	224
810	224
810	222
809	222
809	220
808	220
808	218
807	218
807	217
806	217
806	213
805	213
805	212
803	212
803	211
804	211
804	210
803	210
803	207
800	207
800	206
799	206
799	204
798	204
798	199
799	199
799	198
800	198
800	190
799	190
799	188
798	188
798	185
796	185
796	180
794	180
794	179
793	179
793	178
792	178
792	177
793	177
793	176
792	176
792	174
790	174
790	169
789	169
789	168
788	168
788	166
787	166
787	158
786	158
786	157
785	157
785	152
782	152
782	150
781	150
781	144
782	144
782	143
781	143
781	141
779	141
779	140
778	140
778	137
777	137
777	134
776	134
776	133
775	133
775	130
774	130
774	126
773	126
773	125
772	125
772	120
771	120
771	118
770	118
770	114
769	114
769	100
770	100
770	96
772	96
772	97
774	97
774	99
777	99
777	100
779	100
779	101
780	101
780	102
781	102
781	103
782	103
782	104
783	104
783	107
786	107
786	108
787	108
787	109
788	109
788	110
789	110
789	111
788	111
788	112
789	112
789	116
794	116
794	117
795	117
795	118
796	118
796	119
797	119
797	120
796	120
796	121
798	121
798	122
800	122
800	124
802	124
802	126
803	126
803	127
805	127
805	129
806	129
806	130
808	130
808	131
809	131
809	132
811	132
811	134
813	134
813	135
814	135
814	137
815	137
815	138
819	138
819	141
820	141
820	142
821	142
821	143
824	143
824	145
826	145
826	146
827	146
827	148
828	148
828	149
829	149
829	150
831	150
831	152
832	152
832	153
833	153
833	154
834	154
834	155
835	155
835	156
837	156
837	158
838	158
838	159
841	159
841	161
842	161
842	163
843	163
843	164
844	164
844	165
845	165
845	167
846	167
846	168
848	168
848	170
849	170
849	171
851	171
851	174
852	174
852	176
862	176
862	175
864	175
864	171
866	171
866	172
868	172
868	173
871	173
871	175
872	175
872	176
874	176
874	177
875	177
875	178
876	178
876	181
877	181
877	182
880	182
880	183
881	183
881	185
882	185
882	186
883	186
883	187
884	187
884	188
885	188
885	190
886	190
886	192
889	192
889	194
891	194
891	196
892	196
892	198
893	198
893	200
894	200
894	201
897	201
897	204
898	204
898	206
900	206
900	208
901	208
901	209
903	209
903	212
905	212
905	213
906	213
906	214
907	214
907	215
909	215
909	218
914	218
914	221
915	221
915	222
914	222
914	226
915	226
915	231
925	231
925	230
926	230
926	228
927	228
927	227
929	227
929	226
931	226
931	225
933	225
933	222
940	222
940	221
942	221
942	225
946	225
946	227
947	227
947	231
948	231
948	236
950	236
950	237
953	237
953	241
954	241
954	242
955	242
955	243
956	243
956	245
957	245
957	248
958	248
958	252
960	252
960	253
961	253
961	255
962	255
962	258
963	258
963	259
964	259
964	263
966	263
966	264
967	264
967	265
968	265
968	266
969	266
969	269
970	269
970	270
971	270
971	274
972	274
972	277
973	277
973	279
974	279
974	280
975	280
975	287
977	287
977	288
979	288
979	287
982	287
982	288
983	288
983	287
985	287
985	286
986	286
986	285
988	285
988	283
989	283
989	280
993	280
993	277
994	277
994	275
995	275
995	274
996	274
996	271
997	271
997	273
999	273
999	274
1001	274
1001	276
1002	276
1002	278
1003	278
1003	280
1005	280
1005	282
1006	282
1006	286
1007	286
1007	287
1008	287
1008	290
1009	290
1009	292
1010	292
1010	294
1011	294
1011	297
1012	297
1012	298
1013	298
1013	302
1014	302
1014	303
1013	303
1013	305
1014	305
1014	307
1015	307
1015	308
1016	308
1016	311
1017	311
1017	316
1018	316
1018	319
1019	319
1019	324
1021	324
1021	325
1022	325
1022	328
1023	328
1023	330
1024	330
1024	336
1025	336
1025	338
1024	338
1024	339
1025	339
1025	341
1026	341
1026	357
1037	357
1037	355
1038	355
1038	354
1039	354
1039	353
1040	353
1040	352
1042	352
1042	351
1043	351
1043	350
1044	350
1044	349
1045	349
1045	348
1044	348
1044	347
1045	347
1045	346
1051	346
1051	349
1052	349
1052	351
1053	351
1053	355
1054	355
1054	358
1055	358
1055	370
1056	370
1056	373
1057	373
1057	383
1058	383
1058	385
1059	385
1059	394
1060	394
1060	397
1061	397
1061	406
1062	406
1062	419
1064	419
1064	418
1065	418
1065	419
1068	419
1068	422
1069	422
1069	423
1080	423
1080	422
1081	422
1081	388
1080	388
1080	384
1081	384
1081	379
1084	379
1084	378
1085	378
1085	377
1087	377
1087	378
1088	378
1088	379
1101	379
1101	368
1100	368
1100	361
1099	361
1099	359
1100	359
1100	356
1101	356
1101	353
1102	353
1102	347
1103	347
1103	341
1104	341
1104	339
1105	339
1105	330
1106	330
1106	320
1107	320
1107	314
1108	314
1108	313
1111	313
1111	310
1112	310
1112	313
1113	313
1113	316
1116	316
1116	317
1121	317
1121	318
1122	318
1122	319
1124	319
1124	320
1126	320
1126	321
1128	321
1128	320
1129	320
1129	321
1131	321
1131	320
1134	320
1134	308
1133	308
1133	302
1135	302
1135	296
1136	296
1136	291
1137	291
1137	290
1138	290
1138	288
1137	288
1137	283
1138	283
1138	277
1139	277
1139	273
1140	273
1140	270
1141	270
1141	269
1142	269
1142	264
1143	264
1143	261
1144	261
1144	258
1147	258
1147	252
1148	252
1148	251
1149	251
1149	250
1150	250
1150	249
1151	249
1151	248
1153	248
1153	251
1154	251
1154	253
1156	253
1156	258
1158	258
1158	259
1160	259
1160	260
1161	260
1161	263
1163	263
1163	264
1174	264
1174	253
1175	253
1175	250
1176	250
1176	243
1177	243
1177	240
1178	240
1178	239
1179	239
1179	236
1181	236
1181	235
1182	235
1182	231
1183	231
1183	228
1184	228
1184	227
1185	227
1185	226
1186	226
1186	222
1187	222
1187	218
1188	218
1188	215
1190	215
1190	214
1191	214
1191	209
1192	209
1192	207
1193	207
1193	206
1194	206
1194	204
1195	204
1195	203
1196	203
1196	199
1197	199
1197	198
1199	198
1199	197
1198	197
1198	196
1201	196
1201	195
1202	195
1202	193
1206	193
1206	194
1207	194
1207	195
1208	195
1208	196
1209	196
1209	197
1210	197
1210	198
1219	198
1219	196
1220	196
1220	193
1221	193
1221	190
1223	190
1223	189
1224	189
1224	187
1226	187
1226	183
1227	183
1227	182
1228	182
1228	181
1229	181
1229	180
1230	180
1230	177
1232	177
1232	176
1234	176
1234	175
1235	175
1235	171
1236	171
1236	170
1239	170
1239	166
1240	166
1240	165
1242	165
1242	164
1243	164
1243	163
1244	163
1244	160
1245	160
1245	159
1247	159
1247	158
1248	158
1248	157
1249	157
1249	154
1251	154
1251	152
1252	152
1252	151
1253	151
1253	150
1254	150
1254	148
1256	148
1256	147
1257	147
1257	143
1258	143
1258	141
1259	141
1259	140
1260	140
1260	138
1262	138
1262	136
1263	136
1263	135
1264	135
1264	134
1265	134
1265	132
1267	132
1267	133
1268	133
1268	131
1270	131
1270	128
1272	128
1272	127
1274	127
1274	126
1275	126
1275	125
1278	125
1278	124
1279	124
1279	122
1284	122
1284	120
1287	120
1287	119
1289	119
1289	118
1290	118
1290	116
1291	116
1291	114
1292	114
1292	113
1293	113
1293	112
1295	112
1295	110
1298	110
1298	109
1299	109
1299	108
1303	108
1303	107
1304	107
1304	108
1306	108
1306	110
1303	110
1303	111
1302	111
1302	112
1301	112
1301	113
1300	113
1300	114
1299	114
1299	115
1298	115
1298	118
1299	118
1299	124
1298	124
1298	125
1297	125
1297	131
1296	131
1296	135
1294	135
1294	137
1293	137
1293	147
1292	147
1292	154
1291	154
1291	158
1290	158
1290	163
1289	163
1289	164
1288	164
1288	176
1287	176
1287	179
1286	179
1286	180
1285	180
1285	191
1286	191
1286	192
1288	192
1288	200
1287	200
1287	201
1286	201
1286	206
1285	206
1285	212
1283	212
1283	213
1282	213
1282	222
1280	222
1280	225
1279	225
1279	227
1278	227
1278	229
1275	229
1275	231
1274	231
1274	233
1273	233
1273	234
1274	234
1274	236
1272	236
1272	239
1271	239
1271	244
1272	244
1272	246
1283	246
1283	247
1284	247
1284	251
1285	251
1285	256
1283	256
1283	257
1282	257
1282	261
1281	261
1281	264
1280	264
1280	266
1279	266
1279	269
1278	269
1278	273
1276	273
1276	278
1275	278
1275	280
1274	280
1274	283
1273	283
1273	284
1272	284
1272	285
1271	285
1271	286
1270	286
1270	287
1269	287
1269	289
1267	289
1267	290
1266	290
1266	292
1265	292
1265	293
1264	293
1264	294
1263	294
1263	303
1262	303
1262	304
1266	304
1266	305
1269	305
1269	306
1271	306
1271	307
1272	307
1272	308
1286	308
1286	307
1287	307
1287	305
1288	305
1288	304
1289	304
1289	302
1292	302
1292	299
1293	299
1293	297
1295	297
1295	296
1296	296
1296	294
1300	294
1300	296
1301	296
1301	298
1300	298
1300	299
1302	299
1302	301
1303	301
1303	303
1304	303
1304	305
1305	305
1305	306
1304	306
1304	307
1307	307
1307	308
1308	308
1308	307
1309	307
1309	308
1310	308
1310	307
1311	307
1311	308
1312	308
1312	307
1315	307
1315	306
1316	306
1316	302
1317	302
1317	299
1318	299
1318	297
1320	297
1320	294
1322	294
1322	293
1323	293
1323	292
1324	292
1324	291
1327	291
1327	290
1328	290
1328	286
1329	286
1329	285
1330	285
1330	284
1331	284
1331	283
1333	283
1333	281
1334	281
1334	280
1335	280
1335	279
1336	279
1336	278
1337	278
1337	277
1339	277
1339	275
1340	275
1340	274
1341	274
1341	273
1342	273
1342	272
1343	272
1343	271
1344	271
1344	270
1345	270
1345	269
1350	269
1350	265
1355	265
1355	263
1356	263
1356	262
1358	262
1358	261
1359	261
1359	269
1360	269
1360	271
1361	271
1361	274
1362	274
1362	276
1363	276
1363	280
1373	280
1373	278
1374	278
1374	277
1375	277
1375	275
1377	275
1377	274
1378	274
1378	268
1382	268
1382	267
1383	267
1383	265
1384	265
1384	264
1387	264
1387	263
1388	263
1388	260
1389	260
1389	259
1390	259
1390	258
1391	258
1391	256
1392	256
1392	255
1393	255
1393	254
1394	254
1394	253
1395	253
1395	252
1396	252
1396	251
1398	251
1398	249
1397	249
1397	248
1399	248
1399	247
1400	247
1400	246
1401	246
1401	245
1404	245
1404	244
1405	244
1405	241
1406	241
1406	240
1408	240
1408	239
1409	239
1409	238
1411	238
1411	236
1416	236
1416	234
1417	234
1417	232
1420	232
1420	236
1421	236
1421	237
1422	237
1422	241
1423	241
1423	242
1424	242
1424	246
1425	246
1425	249
1426	249
1426	251
1427	251
1427	252
1429	252
1429	253
1437	253
1437	251
1438	251
1438	247
1439	247
1439	246
1440	246
1440	245
1441	245
1441	244
1442	244
1442	243
1444	243
1444	241
1446	241
1446	239
1449	239
1449	236
1454	236
1454	234
1455	234
1455	233
1456	233
1456	232
1457	232
1457	231
1460	231
1460	230
1463	230
1463	226
1464	226
1464	225
1466	225
1466	224
1467	224
1467	223
1471	223
1471	222
1472	222
1472	221
1476	221
1476	220
1481	220
1481	219
1482	219
1482	217
1485	217
1485	216
1486	216
1486	217
1487	217
1487	216
1488	216
1488	220
1489	220
1489	235
1490	235
1490	238
1491	238
1491	240
1501	240
1501	239
1502	239
1502	238
1504	238
1504	236
1506	236
1506	235
1507	235
1507	234
1509	234
1509	232
1510	232
1510	231
1513	231
1513	230
1515	230
1515	228
1517	228
1517	227
1520	227
1520	226
1521	226
1521	225
1526	225
1526	224
1529	224
1529	223
1531	223
1531	221
1534	221
1534	220
1536	220
1536	218
1537	218
1537	217
1540	217
1540	216
1542	216
1542	215
1546	215
1546	216
1547	216
1547	215
1549	215
1549	216
1551	216
1551	215
1555	215
1555	214
1558	214
1558	213
1559	213
1559	212
1560	212
1560	211
1561	211
1561	210
1562	210
1562	209
1563	209
1563	208
1566	208
1566	207
1567	207
1567	206
1568	206
1568	204
1570	204
1570	203
1575	203
1575	201
1576	201
1576	200
1578	200
1578	202
1579	202
1579	203
1591	203
1591	202
1590	202
1590	201
1591	201
1591	199
1593	199
1593	198
1596	198
1596	197
1597	197
1597	195
1598	195
1598	194
1599	194
1599	193
1602	193
1602	192
1604	192
1604	191
1605	191
1605	189
1609	189
1609	187
1613	187
1613	186
1614	186
1614	185
1615	185
1615	184
1619	184
1619	181
1621	181
1621	182
1624	182
1624	181
1625	181
1625	180
1624	180
1624	179
1626	179
1626	178
1629	178
1629	177
1630	177
1630	176
1634	176
1634	175
1637	175
1637	174
1642	174
1642	171
1643	171
1643	170
1646	170
1646	169
1647	169
1647	168
1649	168
1649	165
1652	165
1652	164
1654	164
1654	163
1657	163
1657	162
1658	162
1658	160
1662	160
1662	159
1663	159
1663	158
1667	158
1667	157
1668	157
1668	156
1671	156
1671	154
1675	154
1675	152
1677	152
1677	150
1678	150
1678	149
1685	149
1685	148
1688	148
1688	145
1690	145
1690	144
1692	144
1692	143
1696	143
1696	141
1700	141
1700	140
1702	140
1702	138
1709	138
1709	137
1714	137
1714	136
1715	136
1715	137
1716	137
1716	139
1715	139
1715	142
1714	142
1714	144
1713	144
1713	145
1712	145
1712	147
1710	147
1710	151
1709	151
1709	153
1705	153
1705	157
1704	157
1704	158
1703	158
1703	159
1700	159
1700	161
1699	161
1699	164
1697	164
1697	165
1696	165
1696	164
1695	164
1695	165
1694	165
1694	168
1693	168
1693	169
1689	169
1689	170
1688	170
1688	172
1689	172
1689	173
1688	173
1688	174
1683	174
1683	178
1682	178
1682	179
1680	179
1680	180
1677	180
1677	182
1675	182
1675	183
1674	183
1674	185
1670	185
1670	193
1665	193
1665	194
1664	194
1664	196
1661	196
1661	198
1659	198
1659	200
1658	200
1658	201
1656	201
1656	202
1655	202
1655	205
1653	205
1653	207
1650	207
1650	210
1648	210
1648	212
1645	212
1645	213
1644	213
1644	215
1643	215
1643	216
1642	216
1642	220
1641	220
1641	223
1634	223
1634	225
1633	225
1633	226
1632	226
1632	228
1631	228
1631	229
1628	229
1628	230
1627	230
1627	232
1626	232
1626	234
1623	234
1623	239
1622	239
1622	240
1617	240
1617	244
1616	244
1616	245
1612	245
1612	247
1611	247
1611	248
1609	248
1609	249
1608	249
1608	250
1607	250
1607	260
1609	260
1609	264
1608	264
1608	265
1606	265
1606	267
1605	267
1605	268
1603	268
1603	267
1602	267
1602	268
1601	268
1601	269
1600	269
1600	271
1598	271
1598	273
1595	273
1595	275
1593	275
1593	276
1591	276
1591	277
1589	277
1589	278
1585	278
1585	279
1584	279
1584	281
1582	281
1582	282
1579	282
1579	284
1578	284
1578	290
1579	290
1579	293
1580	293
1580	294
1584	294
1584	298
1582	298
1582	299
1581	299
1581	300
1579	300
1579	302
1578	302
1578	303
1574	303
1574	304
1573	304
1573	305
1572	305
1572	306
1568	306
1568	308
1564	308
1564	309
1562	309
1562	310
1557	310
1557	311
1549	311
1549	312
1548	312
1548	321
1549	321
1549	322
1551	322
1551	325
1552	325
1552	326
1558	326
1558	327
1560	327
1560	329
1559	329
1559	330
1558	330
1558	333
1556	333
1556	334
1555	334
1555	336
1553	336
1553	337
1552	337
1552	338
1551	338
1551	341
1549	341
1549	342
1547	342
1547	343
1546	343
1546	344
1541	344
1541	345
1540	345
1540	348
1539	348
1539	347
1535	347
1535	350
1530	350
1530	351
1529	351
1529	353
1524	353
1524	357
1523	357
1523	358
1518	358
1518	359
1514	359
1514	360
1506	360
1506	361
1505	361
1505	360
1503	360
1503	361
1501	361
1501	370
1502	370
1502	374
1504	374
1504	375
1505	375
1505	376
1507	376
1507	380
1510	380
1510	381
1512	381
1512	382
1513	382
1513	385
1512	385
1512	386
1508	386
1508	387
1507	387
1507	389
1506	389
1506	391
1504	391
1504	392
1502	392
1502	394
1501	394
1501	395
1497	395
1497	396
1496	396
1496	397
1491	397
1491	399
1480	399
1480	402
1473	402
1473	403
1462	403
1462	402
1452	402
1452	403
1451	403
1451	411
1452	411
1452	412
1453	412
1453	415
1454	415
1454	416
1455	416
1455	417
1458	417
1458	419
1459	419
1459	421
1458	421
1458	423
1457	423
1457	424
1456	424
1456	425
1453	425
1453	426
1448	426
1448	427
1447	427
1447	429
1443	429
1443	430
1441	430
1441	432
1431	432
1431	434
1430	434
1430	435
1425	435
1425	436
1414	436
1414	437
1405	437
1405	436
1395	436
1395	441
1394	441
1394	443
1395	443
1395	446
1396	446
1396	450
1398	450
1398	451
1399	451
1399	450
1401	450
1401	453
1402	453
1402	454
1401	454
1401	455
1399	455
1399	456
1398	456
1398	457
1396	457
1396	466
1397	466
1397	467
1410	467
1410	464
1411	464
1411	463
1412	463
1412	462
1413	462
1413	461
1414	461
1414	462
1415	462
1415	461
1421	461
1421	460
1420	460
1420	459
1421	459
1421	458
1426	458
1426	457
1427	457
1427	456
1433	456
1433	455
1437	455
1437	454
1438	454
1438	453
1446	453
1446	452
1452	452
1452	454
1451	454
1451	456
1450	456
1450	465
1449	465
1449	468
1450	468
1450	469
1449	469
1449	470
1461	470
1461	469
1462	469
1462	468
1461	468
1461	467
1465	467
1465	466
1466	466
1466	465
1467	465
1467	464
1468	464
1468	463
1469	463
1469	462
1472	462
1472	460
1474	460
1474	459
1478	459
1478	458
1479	458
1479	457
1482	457
1482	456
1486	456
1486	455
1488	455
1488	454
1487	454
1487	453
1493	453
1493	452
1504	452
1504	451
1505	451
1505	450
1507	450
1507	451
1508	451
1508	452
1515	452
1515	453
1518	453
1518	454
1517	454
1517	458
1516	458
1516	459
1515	459
1515	461
1514	461
1514	472
1525	472
1525	471
1526	471
1526	470
1527	470
1527	469
1529	469
1529	468
1533	468
1533	467
1536	467
1536	465
1540	465
1540	464
1543	464
1543	463
1547	463
1547	462
1549	462
1549	461
1551	461
1551	460
1552	460
1552	459
1558	459
1558	457
1559	457
1559	456
1568	456
1568	455
1570	455
1570	453
1580	453
1580	454
1583	454
1583	455
1584	455
1584	456
1583	456
1583	457
1582	457
1582	467
1581	467
1581	477
1582	477
1582	478
1593	478
1593	477
1594	477
1594	476
1595	476
1595	474
1600	474
1600	472
1608	472
1608	471
1614	471
1614	470
1615	470
1615	468
1616	468
1616	467
1628	467
1628	466
1631	466
1631	465
1632	465
1632	464
1633	464
1633	463
1641	463
1641	462
1642	462
1642	461
1651	461
1651	462
1662	462
1662	463
1663	463
1663	465
1661	465
1661	468
1660	468
1660	470
1659	470
1659	477
1658	477
1658	478
1657	478
1657	481
1656	481
1656	491
1668	491
1668	489
1669	489
1669	488
1670	488
1670	487
1671	487
1671	488
1672	488
1672	487
1674	487
1674	486
1675	486
1675	485
1680	485
1680	483
1685	483
1685	482
1687	482
1687	481
1691	481
1691	480
1697	480
1697	479
1706	479
1706	478
1723	478
1723	477
1725	477
1725	478
1729	478
1729	479
1730	479
1730	488
1728	488
1728	492
1727	492
1727	503
1737	503
1737	502
1739	502
1739	500
1745	500
1745	499
1746	499
1746	500
1749	500
1749	499
1751	499
1751	497
1755	497
1755	496
1762	496
1762	495
1766	495
1766	494
1769	494
1769	495
1770	495
1770	496
1771	496
1771	497
1777	497
1777	498
1780	498
1780	499
1781	499
1781	498
1782	498
1782	499
1787	499
1787	500
1789	500
1789	501
1790	501
1790	504
1789	504
1789	507
1788	507
1788	508
1787	508
1787	509
1785	509
1785	513
1784	513
1784	516
1783	516
1783	528
1792	528
1792	527
1794	527
1794	526
1796	526
1796	525
1798	525
1798	524
1802	524
1802	525
1806	525
1806	524
1808	524
1808	523
1816	523
1816	524
1829	524
1829	525
1830	525
1830	526
1831	526
1831	527
1840	527
1840	529
1841	529
1841	530
1842	530
1842	531
1843	531
1843	533
1845	533
1845	532
1847	532
1847	533
1848	533
1848	536
1843	536
1843	537
1842	537
1842	541
1841	541
1841	542
1837	542
1837	547
1836	547
1836	548
1835	548
1835	550
1833	550
1833	552
1832	552
1832	553
1831	553
1831	565
1832	565
1832	566
1843	566
1843	565
1844	565
1844	564
1853	564
1853	566
1869	566
1869	567
1870	567
1870	568
1880	568
1880	569
1881	569
1881	568
1883	568
1883	569
1885	569
1885	570
1886	570
1886	571
1899	571
1899	572
1904	572
1904	573
1905	573
1905	574
1912	574
1912	576
1913	576
1913	577
1914	577
1914	578
1917	578
1917	579
1919	579
1919	583
1918	583
1918	585
1917	585
1917	586
1915	586
1915	590
1914	590
1914	593
1913	593
1913	594
1914	594
1914	595
1913	595
1913	598
1914	598
1914	600
1915	600
1915	601
1930	601
1930	603
1936	603
1936	604
1940	604
1940	605
1943	605
1943	606
1944	606
1944	607
1946	607
1946	609
1958	609
1958	610
1961	610
1961	611
1963	611
1963	612
1965	612
1965	613
1971	613
1971	615
1979	615
1979	617
1987	617
1987	619
1988	619
1988	620
1996	620
1996	622
2001	622
2001	623
2006	623
2006	625
2007	625
2007	626
2026	626
2026	627
2033	627
2033	629
2034	629
2034	631
2043	631
2043	632
2056	632
2056	633
2057	633
2057	634
2066	634
2066	635
2067	635
2067	636
2072	636
2072	637
2077	637
2077	638
2082	638
2082	640
2085	640
2085	641
2086	641
2086	640
2088	640
2088	641
2089	641
2089	642
2094	642
2094	643
2096	643
2096	642
2097	642
2097	643
2099	643
2099	644
2102	644
2102	645
2104	645
2104	646
2111	646
2111	647
2112	647
2112	648
2120	648
2120	649
2124	649
2124	650
2125	650
2125	651
2129	651
2129	652
2130	652
2130	653
2131	653
2131	654
2133	654
2133	655
2135	655
2135	656
2136	656
