1561	658
1563	658
1563	659
1566	659
1566	661
1568	661
1568	660
1569	660
1569	661
1570	661
1570	662
1572	662
1572	663
1574	663
1574	665
1578	665
1578	666
1579	666
1579	667
1581	667
1581	668
1582	668
1582	670
1585	670
1585	671
1586	671
1586	672
1587	672
1587	673
1590	673
1590	675
1591	675
1591	677
1594	677
1594	678
1595	678
1595	680
1598	680
1598	681
1599	681
1599	682
1600	682
1600	683
1601	683
1601	685
1602	685
1602	686
1604	686
1604	687
1605	687
1605	688
1606	688
1606	689
1607	689
1607	690
1608	690
1608	691
1609	691
1609	693
1611	693
1611	694
1613	694
1613	695
1615	695
1615	696
1616	696
1616	698
1620	698
1620	700
1623	700
1623	701
1624	701
1624	702
1625	702
1625	703
1626	703
1626	704
1627	704
1627	705
1628	705
1628	706
1629	706
1629	708
1630	708
1630	707
1631	707
1631	708
1632	708
1632	710
1633	710
1633	711
1635	711
1635	714
1636	714
1636	715
1638	715
1638	716
1639	716
1639	717
1640	717
1640	721
1634	721
1634	722
1632	722
1632	723
1631	723
1631	724
1630	724
1630	725
1628	725
1628	726
1627	726
1627	727
1626	727
1626	728
1625	728
1625	729
1620	729
1620	730
1619	730
1619	731
1618	731
1618	732
1617	732
1617	733
1616	733
1616	739
1617	739
1617	740
1622	740
1622	741
1626	741
1626	742
1628	742
1628	743
1629	743
1629	744
1633	744
1633	745
1635	745
1635	746
1636	746
1636	747
1637	747
1637	748
1639	748
1639	749
1640	749
1640	748
1641	748
1641	749
1643	749
1643	750
1644	750
1644	751
1645	751
1645	752
1648	752
1648	753
1649	753
1649	754
1651	754
1651	755
1652	755
1652	756
1653	756
1653	758
1657	758
1657	760
1660	760
1660	761
1661	761
1661	762
1662	762
1662	763
1663	763
1663	764
1665	764
1665	766
1669	766
1669	768
1670	768
1670	769
1673	769
1673	771
1674	771
1674	772
1675	772
1675	773
1678	773
1678	774
1679	774
1679	776
1682	776
1682	778
1685	778
1685	779
1686	779
1686	782
1687	782
1687	783
1689	783
1689	784
1690	784
1690	785
1691	785
1691	786
1693	786
1693	787
1694	787
1694	790
1697	790
1697	791
1698	791
1698	792
1699	792
1699	794
1701	794
1701	795
1702	795
1702	799
1695	799
1695	800
1690	800
1690	801
1689	801
1689	803
1688	803
1688	804
1686	804
1686	805
1685	805
1685	806
1684	806
1684	807
1683	807
1683	808
1678	808
1678	810
1674	810
1674	812
1673	812
1673	820
1676	820
1676	821
1679	821
1679	822
1682	822
1682	823
1685	823
1685	824
1686	824
1686	825
1690	825
1690	826
1691	826
1691	827
1695	827
1695	828
1697	828
1697	829
1698	829
1698	830
1699	830
1699	831
1702	831
1702	832
1704	832
1704	833
1707	833
1707	835
1709	835
1709	836
1711	836
1711	839
1715	839
1715	840
1716	840
1716	841
1718	841
1718	842
1719	842
1719	843
1721	843
1721	844
1722	844
1722	845
1724	845
1724	847
1725	847
1725	848
1727	848
1727	850
1728	850
1728	851
1729	851
1729	852
1731	852
1731	853
1732	853
1732	855
1733	855
1733	856
1736	856
1736	858
1738	858
1738	859
1740	859
1740	861
1743	861
1743	862
1744	862
1744	864
1746	864
1746	865
1747	865
1747	868
1749	868
1749	869
1752	869
1752	872
1754	872
1754	873
1755	873
1755	875
1756	875
1756	877
1758	877
1758	878
1759	878
1759	879
1760	879
1760	880
1761	880
1761	881
1760	881
1760	883
1749	883
1749	884
1748	884
1748	885
1745	885
1745	886
1744	886
1744	887
1740	887
1740	888
1739	888
1739	889
1738	889
1738	888
1737	888
1737	889
1735	889
1735	890
1733	890
1733	891
1728	891
1728	892
1725	892
1725	894
1720	894
1720	895
1719	895
1719	903
1720	903
1720	904
1726	904
1726	905
1728	905
1728	907
1731	907
1731	908
1732	908
1732	910
1736	910
1736	912
1738	912
1738	913
1740	913
1740	916
1744	916
1744	919
1745	919
1745	920
1748	920
1748	921
1749	921
1749	922
1752	922
1752	924
1753	924
1753	927
1755	927
1755	928
1757	928
1757	931
1759	931
1759	932
1760	932
1760	935
1764	935
1764	937
1765	937
1765	940
1766	940
1766	941
1768	941
1768	942
1769	942
1769	943
1770	943
1770	944
1771	944
1771	946
1772	946
1772	947
1773	947
1773	948
1774	948
1774	949
1775	949
1775	951
1777	951
1777	953
1779	953
1779	954
1781	954
1781	955
1782	955
1782	957
1783	957
1783	958
1784	958
1784	959
1785	959
1785	960
1786	960
1786	963
1788	963
1788	964
1789	964
1789	965
1790	965
1790	968
1792	968
1792	969
1793	969
1793	971
1794	971
1794	972
1795	972
1795	976
1796	976
1796	977
1797	977
1797	979
1798	979
1798	981
1799	981
1799	982
1800	982
1800	983
1801	983
1801	984
1800	984
1800	985
1786	985
1786	987
1783	987
1783	988
1782	988
1782	989
1778	989
1778	990
1774	990
1774	991
1773	991
1773	993
1768	993
1768	994
1766	994
1766	995
1765	995
1765	1002
1766	1002
1766	1003
1769	1003
1769	1004
1772	1004
1772	1005
1774	1005
1774	1006
1776	1006
1776	1007
1777	1007
1777	1008
1778	1008
1778	1009
1781	1009
1781	1011
1782	1011
1782	1014
1787	1014
1787	1016
1788	1016
1788	1017
1789	1017
1789	1018
1790	1018
1790	1019
1791	1019
1791	1020
1793	1020
1793	1022
1794	1022
1794	1024
1795	1024
1795	1025
1798	1025
1798	1028
1799	1028
1799	1029
1801	1029
1801	1030
1802	1030
1802	1031
1803	1031
1803	1032
1804	1032
1804	1034
1805	1034
1805	1035
1806	1035
1806	1036
1807	1036
1807	1039
1810	1039
1810	1040
1811	1040
1811	1043
1813	1043
1813	1044
1814	1044
1814	1045
1815	1045
1815	1047
1817	1047
1817	1048
1818	1048
1818	1051
1820	1051
1820	1052
1821	1052
1821	1053
1822	1053
1822	1055
1823	1055
1823	1056
1825	1056
1825	1058
1826	1058
1826	1060
1829	1060
1829	1063
1830	1063
1830	1064
1832	1064
1832	1066
1833	1066
1833	1067
1835	1067
1835	1070
1836	1070
1836	1071
1837	1071
1837	1072
1838	1072
1838	1076
1839	1076
1839	1078
1837	1078
1837	1079
1836	1079
1836	1078
1827	1078
1827	1079
1826	1079
1826	1080
1825	1080
1825	1081
1819	1081
1819	1082
1815	1082
1815	1084
1814	1084
1814	1085
1813	1085
1813	1086
1812	1086
1812	1092
1813	1092
1813	1093
1815	1093
1815	1095
1819	1095
1819	1097
1820	1097
1820	1098
1822	1098
1822	1099
1823	1099
1823	1101
1826	1101
1826	1102
1827	1102
1827	1105
1831	1105
1831	1106
1832	1106
1832	1109
1834	1109
1834	1110
1836	1110
1836	1113
1837	1113
1837	1114
1839	1114
1839	1115
1840	1115
1840	1117
1841	1117
1841	1118
1843	1118
1843	1120
1844	1120
1844	1123
1847	1123
1847	1124
1848	1124
1848	1126
1849	1126
1849	1127
1851	1127
1851	1128
1852	1128
1852	1129
1853	1129
1853	1132
1854	1132
1854	1131
1855	1131
1855	1133
1856	1133
1856	1134
1857	1134
1857	1135
1858	1135
1858	1136
1859	1136
1859	1137
1860	1137
1860	1139
1861	1139
1861	1140
1862	1140
1862	1141
1861	1141
1861	1142
1862	1142
1862	1143
1864	1143
1864	1145
1862	1145
1862	1153
1864	1153
1864	1154
1865	1154
1865	1155
1866	1155
1866	1156
1868	1156
1868	1158
1869	1158
1869	1159
1872	1159
1872	1160
1874	1160
1874	1161
1875	1161
1875	1163
1876	1163
1876	1164
1877	1164
1877	1165
1879	1165
1879	1166
1881	1166
1881	1168
1882	1168
1882	1171
1883	1171
1883	1172
1885	1172
1885	1173
1886	1173
1886	1174
1887	1174
1887	1175
1888	1175
1888	1176
1889	1176
1889	1177
1890	1177
1890	1178
1891	1178
1891	1179
1893	1179
1893	1180
1894	1180
1894	1182
1889	1182
1889	1183
1888	1183
1888	1184
1887	1184
1887	1185
1886	1185
1886	1186
1884	1186
1884	1187
1883	1187
1883	1189
1880	1189
1880	1190
1879	1190
1879	1191
1877	1191
1877	1198
1878	1198
1878	1201
1882	1201
1882	1202
1883	1202
1883	1203
1884	1203
1884	1204
1885	1204
1885	1205
1886	1205
1886	1206
1887	1206
1887	1208
1888	1208
1888	1209
1891	1209
1891	1212
1892	1212
1892	1214
1893	1214
1893	1215
1894	1215
1894	1217
1895	1217
1895	1218
1896	1218
1896	1220
1897	1220
1897	1221
1898	1221
1898	1223
1899	1223
1899	1224
1900	1224
1900	1225
1902	1225
1902	1226
1903	1226
1903	1228
1904	1228
1904	1230
1906	1230
1906	1233
1907	1233
1907	1234
1909	1234
1909	1235
1910	1235
1910	1237
1909	1237
1909	1238
1912	1238
1912	1239
1913	1239
1913	1242
1915	1242
1915	1243
1917	1243
1917	1246
1918	1246
1918	1247
1921	1247
1921	1249
1922	1249
1922	1250
1923	1250
1923	1251
1924	1251
1924	1252
1925	1252
1925	1254
1927	1254
1927	1257
1929	1257
1929	1258
1930	1258
1930	1259
1932	1259
1932	1260
1933	1260
1933	1262
1935	1262
1935	1264
1936	1264
1936	1265
1937	1265
1937	1266
1938	1266
1938	1268
1940	1268
1940	1270
1943	1270
1943	1271
1944	1271
1944	1272
1945	1272
1945	1274
1946	1274
1946	1275
1947	1275
1947	1276
1949	1276
1949	1278
1951	1278
1951	1279
1952	1279
1952	1280
1953	1280
1953	1281
1954	1281
1954	1283
1953	1283
1953	1284
1955	1284
1955	1283
1956	1283
1956	1284
1957	1284
1957	1285
1956	1285
1956	1286
1958	1286
1958	1288
1960	1288
1960	1289
1961	1289
1961	1290
1962	1290
1962	1291
1963	1291
1963	1292
1964	1292
1964	1293
1965	1293
1965	1294
1968	1294
1968	1295
1969	1295
1969	1297
1970	1297
1970	1298
1971	1298
1971	1299
1972	1299
1972	1301
1974	1301
1974	1302
1976	1302
1976	1303
1977	1303
1977	1306
1980	1306
1980	1307
1981	1307
1981	1308
1982	1308
1982	1309
1984	1309
1984	1310
1985	1310
1985	1313
1988	1313
1988	1314
1989	1314
1989	1315
1990	1315
1990	1316
1992	1316
1992	1317
1993	1317
1993	1318
1994	1318
1994	1319
1997	1319
1997	1321
1998	1321
1998	1322
1999	1322
1999	1323
2001	1323
2001	1324
2002	1324
2002	1325
2003	1325
2003	1326
2006	1326
2006	1327
2007	1327
2007	1328
2009	1328
2009	1329
2016	1329
2016	1330
2017	1330
2017	1331
2018	1331
2018	1334
2019	1334
2019	1335
2023	1335
2023	1338
2027	1338
2027	1339
2028	1339
2028	1340
2030	1340
2030	1341
2031	1341
2031	1342
2034	1342
2034	1344
2035	1344
2035	1345
2036	1345
2036	1346
2037	1346
2037	1347
2039	1347
2039	1350
2041	1350
2041	1351
2043	1351
2043	1353
2047	1353
2047	1354
2048	1354
2048	1355
2051	1355
2051	1356
2052	1356
2052	1357
2053	1357
2053	1358
2050	1358
2050	1357
2049	1357
2049	1358
2048	1358
2048	1357
2020	1357
2020	1356
2012	1356
2012	1355
2007	1355
2007	1354
2004	1354
2004	1353
1999	1353
1999	1352
1995	1352
1995	1351
1992	1351
1992	1350
1991	1350
1991	1349
1989	1349
1989	1348
1987	1348
1987	1347
1983	1347
1983	1346
1979	1346
1979	1345
1978	1345
1978	1344
1974	1344
1974	1343
1970	1343
1970	1342
1966	1342
1966	1340
1962	1340
1962	1337
1958	1337
1958	1336
1954	1336
1954	1334
1953	1334
1953	1333
1952	1333
1952	1334
1950	1334
1950	1332
1946	1332
1946	1331
1944	1331
1944	1330
1943	1330
1943	1329
1942	1329
1942	1328
1938	1328
1938	1327
1936	1327
1936	1326
1934	1326
1934	1325
1933	1325
1933	1323
1932	1323
1932	1322
1931	1322
1931	1323
1930	1323
1930	1322
1929	1322
1929	1321
1925	1321
1925	1320
1924	1320
1924	1319
1923	1319
1923	1318
1922	1318
1922	1317
1921	1317
1921	1316
1919	1316
1919	1315
1916	1315
1916	1313
1912	1313
1912	1311
1908	1311
1908	1309
1904	1309
1904	1308
1903	1308
1903	1307
1900	1307
1900	1306
1899	1306
1899	1305
1897	1305
1897	1304
1896	1304
1896	1303
1894	1303
1894	1302
1893	1302
1893	1301
1890	1301
1890	1300
1887	1300
1887	1299
1884	1299
1884	1298
1883	1298
1883	1297
1882	1297
1882	1296
1880	1296
1880	1295
1879	1295
1879	1293
1876	1293
1876	1292
1875	1292
1875	1291
1874	1291
1874	1290
1871	1290
1871	1289
1870	1289
1870	1288
1867	1288
1867	1286
1863	1286
1863	1285
1862	1285
1862	1284
1861	1284
1861	1283
1858	1283
1858	1281
1856	1281
1856	1280
1854	1280
1854	1278
1852	1278
1852	1277
1851	1277
1851	1276
1850	1276
1850	1274
1848	1274
1848	1273
1847	1273
1847	1272
1846	1272
1846	1270
1843	1270
1843	1269
1842	1269
1842	1270
1840	1270
1840	1269
1839	1269
1839	1270
1836	1270
1836	1274
1834	1274
1834	1278
1832	1278
1832	1283
1831	1283
1831	1284
1830	1284
1830	1283
1829	1283
1829	1282
1827	1282
1827	1281
1826	1281
1826	1280
1822	1280
1822	1279
1821	1279
1821	1278
1820	1278
1820	1277
1819	1277
1819	1276
1818	1276
1818	1275
1817	1275
1817	1274
1816	1274
1816	1273
1815	1273
1815	1272
1814	1272
1814	1270
1813	1270
1813	1269
1811	1269
1811	1268
1809	1268
1809	1266
1808	1266
1808	1265
1807	1265
1807	1264
1806	1264
1806	1263
1804	1263
1804	1261
1802	1261
1802	1260
1801	1260
1801	1258
1800	1258
1800	1257
1798	1257
1798	1255
1797	1255
1797	1254
1796	1254
1796	1253
1794	1253
1794	1251
1793	1251
1793	1249
1791	1249
1791	1248
1790	1248
1790	1247
1789	1247
1789	1246
1788	1246
1788	1244
1787	1244
1787	1243
1786	1243
1786	1241
1785	1241
1785	1240
1784	1240
1784	1237
1783	1237
1783	1236
1781	1236
1781	1233
1780	1233
1780	1232
1779	1232
1779	1231
1778	1231
1778	1230
1777	1230
1777	1228
1776	1228
1776	1227
1773	1227
1773	1228
1768	1228
1768	1230
1767	1230
1767	1232
1766	1232
1766	1233
1765	1233
1765	1237
1764	1237
1764	1236
1763	1236
1763	1239
1762	1239
1762	1238
1761	1238
1761	1245
1760	1245
1760	1247
1757	1247
1757	1246
1755	1246
1755	1245
1754	1245
1754	1242
1752	1242
1752	1241
1751	1241
1751	1240
1750	1240
1750	1239
1749	1239
1749	1238
1748	1238
1748	1235
1746	1235
1746	1232
1744	1232
1744	1231
1743	1231
1743	1230
1742	1230
1742	1229
1741	1229
1741	1227
1740	1227
1740	1226
1739	1226
1739	1225
1738	1225
1738	1224
1737	1224
1737	1223
1736	1223
1736	1222
1735	1222
1735	1221
1734	1221
1734	1220
1732	1220
1732	1217
1731	1217
1731	1216
1730	1216
1730	1212
1726	1212
1726	1208
1725	1208
1725	1207
1722	1207
1722	1204
1721	1204
1721	1203
1720	1203
1720	1201
1719	1201
1719	1202
1718	1202
1718	1200
1717	1200
1717	1199
1716	1199
1716	1198
1715	1198
1715	1197
1714	1197
1714	1196
1713	1196
1713	1195
1712	1195
1712	1194
1711	1194
1711	1192
1710	1192
1710	1191
1707	1191
1707	1186
1706	1186
1706	1185
1705	1185
1705	1184
1704	1184
1704	1182
1702	1182
1702	1178
1701	1178
1701	1177
1700	1177
1700	1174
1699	1174
1699	1170
1698	1170
1698	1169
1695	1169
1695	1168
1694	1168
1694	1169
1690	1169
1690	1170
1689	1170
1689	1174
1688	1174
1688	1175
1687	1175
1687	1177
1686	1177
1686	1178
1684	1178
1684	1179
1683	1179
1683	1182
1682	1182
1682	1183
1681	1183
1681	1186
1680	1186
1680	1187
1679	1187
1679	1190
1678	1190
1678	1192
1675	1192
1675	1190
1674	1190
1674	1189
1673	1189
1673	1188
1672	1188
1672	1187
1671	1187
1671	1186
1669	1186
1669	1185
1668	1185
1668	1184
1667	1184
1667	1183
1666	1183
1666	1182
1665	1182
1665	1181
1664	1181
1664	1180
1663	1180
1663	1178
1662	1178
1662	1177
1660	1177
1660	1176
1659	1176
1659	1174
1658	1174
1658	1173
1657	1173
1657	1170
1654	1170
1654	1168
1653	1168
1653	1166
1652	1166
1652	1165
1651	1165
1651	1162
1650	1162
1650	1161
1649	1161
1649	1160
1648	1160
1648	1159
1647	1159
1647	1158
1646	1158
1646	1154
1645	1154
1645	1155
1644	1155
1644	1154
1643	1154
1643	1153
1642	1153
1642	1150
1641	1150
1641	1149
1640	1149
1640	1148
1639	1148
1639	1147
1638	1147
1638	1145
1636	1145
1636	1143
1635	1143
1635	1141
1633	1141
1633	1139
1632	1139
1632	1138
1631	1138
1631	1137
1630	1137
1630	1133
1629	1133
1629	1132
1628	1132
1628	1131
1627	1131
1627	1130
1626	1130
1626	1129
1625	1129
1625	1128
1624	1128
1624	1124
1623	1124
1623	1123
1622	1123
1622	1121
1621	1121
1621	1120
1620	1120
1620	1117
1619	1117
1619	1116
1618	1116
1618	1113
1617	1113
1617	1112
1616	1112
1616	1110
1615	1110
1615	1108
1613	1108
1613	1104
1612	1104
1612	1100
1611	1100
1611	1099
1603	1099
1603	1100
1602	1100
1602	1101
1601	1101
1601	1102
1599	1102
1599	1104
1597	1104
1597	1105
1598	1105
1598	1106
1597	1106
1597	1107
1595	1107
1595	1108
1594	1108
1594	1109
1593	1109
1593	1111
1591	1111
1591	1112
1590	1112
1590	1114
1589	1114
1589	1115
1588	1115
1588	1116
1586	1116
1586	1120
1585	1120
1585	1121
1584	1121
1584	1124
1579	1124
1579	1122
1578	1122
1578	1121
1577	1121
1577	1120
1576	1120
1576	1119
1575	1119
1575	1116
1572	1116
1572	1112
1570	1112
1570	1110
1569	1110
1569	1109
1568	1109
1568	1108
1567	1108
1567	1106
1566	1106
1566	1105
1565	1105
1565	1104
1564	1104
1564	1100
1563	1100
1563	1099
1562	1099
1562	1098
1561	1098
1561	1096
1560	1096
1560	1095
1559	1095
1559	1091
1558	1091
1558	1090
1557	1090
1557	1087
1555	1087
1555	1086
1556	1086
1556	1085
1555	1085
1555	1083
1554	1083
1554	1082
1553	1082
1553	1081
1552	1081
1552	1079
1551	1079
1551	1075
1550	1075
1550	1074
1549	1074
1549	1071
1548	1071
1548	1070
1546	1070
1546	1066
1544	1066
1544	1062
1542	1062
1542	1061
1541	1061
1541	1057
1540	1057
1540	1054
1539	1054
1539	1050
1538	1050
1538	1046
1537	1046
1537	1044
1536	1044
1536	1042
1535	1042
1535	1037
1534	1037
1534	1033
1533	1033
1533	1029
1532	1029
1532	1028
1526	1028
1526	1029
1524	1029
1524	1031
1523	1031
1523	1032
1522	1032
1522	1033
1520	1033
1520	1035
1519	1035
1519	1036
1518	1036
1518	1037
1516	1037
1516	1038
1515	1038
1515	1040
1514	1040
1514	1041
1512	1041
1512	1042
1513	1042
1513	1043
1511	1043
1511	1044
1510	1044
1510	1045
1509	1045
1509	1049
1508	1049
1508	1050
1507	1050
1507	1054
1505	1054
1505	1053
1504	1053
1504	1052
1503	1052
1503	1051
1502	1051
1502	1048
1501	1048
1501	1047
1500	1047
1500	1046
1498	1046
1498	1045
1497	1045
1497	1041
1494	1041
1494	1037
1492	1037
1492	1036
1491	1036
1491	1035
1490	1035
1490	1033
1489	1033
1489	1030
1488	1030
1488	1029
1487	1029
1487	1024
1485	1024
1485	1022
1484	1022
1484	1020
1482	1020
1482	1019
1481	1019
1481	1016
1479	1016
1479	1015
1478	1015
1478	1013
1477	1013
1477	1010
1476	1010
1476	1004
1474	1004
1474	1000
1472	1000
1472	996
1471	996
1471	995
1470	995
1470	993
1469	993
1469	991
1468	991
1468	988
1467	988
1467	987
1466	987
1466	983
1464	983
1464	979
1463	979
1463	978
1462	978
1462	971
1461	971
1461	966
1460	966
1460	962
1459	962
1459	952
1452	952
1452	953
1450	953
1450	954
1449	954
1449	956
1448	956
1448	957
1447	957
1447	958
1445	958
1445	961
1444	961
1444	962
1443	962
1443	963
1441	963
1441	966
1440	966
1440	968
1438	968
1438	969
1437	969
1437	970
1436	970
1436	971
1435	971
1435	974
1434	974
1434	975
1433	975
1433	976
1432	976
1432	979
1433	979
1433	980
1432	980
1432	981
1430	981
1430	979
1428	979
1428	978
1427	978
1427	977
1426	977
1426	975
1425	975
1425	974
1424	974
1424	973
1423	973
1423	971
1421	971
1421	970
1420	970
1420	966
1418	966
1418	962
1417	962
1417	961
1416	961
1416	960
1415	960
1415	958
1414	958
1414	954
1412	954
1412	953
1411	953
1411	950
1410	950
1410	947
1409	947
1409	945
1408	945
1408	942
1407	942
1407	941
1406	941
1406	938
1405	938
1405	935
1404	935
1404	934
1403	934
1403	929
1402	929
1402	928
1401	928
1401	925
1400	925
1400	924
1399	924
1399	917
1398	917
1398	916
1397	916
1397	912
1396	912
1396	907
1395	907
1395	886
1387	886
1387	888
1385	888
1385	889
1384	889
1384	890
1383	890
1383	891
1382	891
1382	892
1379	892
1379	893
1378	893
1378	894
1377	894
1377	895
1375	895
1375	896
1374	896
1374	897
1373	897
1373	898
1372	898
1372	899
1371	899
1371	900
1370	900
1370	903
1367	903
1367	902
1366	902
1366	901
1367	901
1367	900
1364	900
1364	896
1362	896
1362	892
1361	892
1361	891
1360	891
1360	888
1359	888
1359	887
1358	887
1358	883
1357	883
1357	879
1356	879
1356	876
1355	876
1355	871
1354	871
1354	868
1353	868
1353	866
1352	866
1352	862
1351	862
1351	858
1349	858
1349	851
1348	851
1348	850
1347	850
1347	846
1346	846
1346	842
1345	842
1345	835
1344	835
1344	833
1343	833
1343	821
1342	821
1342	816
1343	816
1343	815
1342	815
1342	810
1343	810
1343	803
1336	803
1336	804
1333	804
1333	806
1332	806
1332	807
1331	807
1331	808
1329	808
1329	809
1328	809
1328	810
1327	810
1327	811
1325	811
1325	812
1324	812
1324	813
1323	813
1323	814
1322	814
1322	815
1321	815
1321	816
1320	816
1320	818
1319	818
1319	819
1318	819
1318	820
1317	820
1317	819
1316	819
1316	817
1315	817
1315	813
1314	813
1314	812
1312	812
1312	811
1313	811
1313	809
1311	809
1311	805
1310	805
1310	804
1309	804
1309	802
1308	802
1308	800
1307	800
1307	796
1305	796
1305	792
1303	792
1303	788
1302	788
1302	786
1301	786
1301	785
1302	785
1302	784
1301	784
1301	783
1300	783
1300	780
1299	780
1299	776
1298	776
1298	775
1296	775
1296	772
1295	772
1295	767
1293	767
1293	763
1292	763
1292	762
1291	762
1291	761
1292	761
1292	760
1291	760
1291	758
1290	758
1290	754
1289	754
1289	750
1288	750
1288	749
1287	749
1287	742
1286	742
1286	733
1285	733
1285	722
1286	722
1286	715
1283	715
1283	714
1282	714
1282	715
1277	715
1277	716
1276	716
1276	717
1274	717
1274	718
1273	718
1273	719
1272	719
1272	720
1271	720
1271	721
1269	721
1269	723
1267	723
1267	724
1265	724
1265	725
1262	725
1262	728
1261	728
1261	729
1260	729
1260	730
1258	730
1258	731
1257	731
1257	739
1258	739
1258	740
1259	740
1259	741
1260	741
1260	743
1261	743
1261	745
1262	745
1262	748
1263	748
1263	749
1264	749
1264	755
1265	755
1265	756
1266	756
1266	760
1267	760
1267	762
1268	762
1268	766
1269	766
1269	767
1270	767
1270	768
1271	768
1271	769
1272	769
1272	770
1273	770
1273	771
1274	771
1274	773
1275	773
1275	774
1276	774
1276	776
1277	776
1277	777
1278	777
1278	780
1279	780
1279	782
1280	782
1280	783
1281	783
1281	788
1282	788
1282	790
1283	790
1283	794
1285	794
1285	797
1284	797
1284	798
1282	798
1282	797
1280	797
1280	796
1252	796
1252	797
1251	797
1251	803
1252	803
1252	806
1253	806
1253	805
1254	805
1254	806
1256	806
1256	807
1257	807
1257	809
1258	809
1258	810
1259	810
1259	811
1261	811
1261	813
1262	813
1262	815
1263	815
1263	816
1265	816
1265	817
1266	817
1266	819
1267	819
1267	820
1268	820
1268	821
1269	821
1269	822
1270	822
1270	824
1271	824
1271	827
1272	827
1272	828
1273	828
1273	831
1274	831
1274	834
1275	834
1275	835
1277	835
1277	839
1279	839
1279	840
1280	840
1280	842
1281	842
1281	847
1282	847
1282	848
1283	848
1283	852
1285	852
1285	855
1286	855
1286	856
1287	856
1287	860
1288	860
1288	861
1289	861
1289	864
1290	864
1290	868
1291	868
1291	872
1293	872
1293	874
1294	874
1294	877
1295	877
1295	878
1296	878
1296	881
1297	881
1297	882
1298	882
1298	885
1299	885
1299	888
1300	888
1300	890
1301	890
1301	892
1302	892
1302	893
1303	893
1303	894
1304	894
1304	898
1305	898
1305	901
1306	901
1306	902
1307	902
1307	906
1303	906
1303	905
1302	905
1302	904
1285	904
1285	903
1266	903
1266	905
1265	905
1265	906
1266	906
1266	909
1267	909
1267	911
1268	911
1268	912
1269	912
1269	913
1270	913
1270	914
1271	914
1271	915
1272	915
1272	916
1273	916
1273	917
1274	917
1274	918
1275	918
1275	919
1276	919
1276	920
1277	920
1277	922
1278	922
1278	924
1279	924
1279	927
1281	927
1281	928
1282	928
1282	931
1283	931
1283	935
1286	935
1286	937
1287	937
1287	939
1288	939
1288	942
1289	942
1289	947
1290	947
1290	949
1291	949
1291	952
1292	952
1292	954
1293	954
1293	957
1294	957
1294	958
1295	958
1295	961
1296	961
1296	964
1298	964
1298	968
1299	968
1299	971
1300	971
1300	973
1301	973
1301	976
1302	976
1302	977
1303	977
1303	980
1304	980
1304	985
1306	985
1306	989
1307	989
1307	991
1308	991
1308	998
1309	998
1309	1001
1310	1001
1310	1013
1311	1013
1311	1017
1310	1017
1310	1020
1307	1020
1307	1019
1306	1019
1306	1018
1305	1018
1305	1017
1301	1017
1301	1016
1293	1016
1293	1015
1288	1015
1288	1014
1274	1014
1274	1022
1275	1022
1275	1023
1276	1023
1276	1024
1277	1024
1277	1026
1278	1026
1278	1028
1279	1028
1279	1031
1281	1031
1281	1035
1283	1035
1283	1036
1284	1036
1284	1038
1285	1038
1285	1040
1286	1040
1286	1043
1287	1043
1287	1044
1288	1044
1288	1045
1289	1045
1289	1048
1290	1048
1290	1051
1291	1051
1291	1052
1292	1052
1292	1053
1293	1053
1293	1055
1294	1055
1294	1059
1295	1059
1295	1063
1296	1063
1296	1064
1298	1064
1298	1068
1299	1068
1299	1071
1300	1071
1300	1072
1301	1072
1301	1076
1302	1076
1302	1080
1303	1080
1303	1084
1304	1084
1304	1088
1305	1088
1305	1089
1306	1089
1306	1092
1307	1092
1307	1094
1308	1094
1308	1101
1309	1101
1309	1102
1310	1102
1310	1114
1311	1114
1311	1122
1312	1122
1312	1126
1310	1126
1310	1125
1309	1125
1309	1124
1305	1124
1305	1123
1293	1123
1293	1122
1286	1122
1286	1121
1284	1121
1284	1120
1280	1120
1280	1119
1273	1119
1273	1120
1272	1120
1272	1126
1273	1126
1273	1127
1274	1127
1274	1128
1275	1128
1275	1131
1276	1131
1276	1132
1277	1132
1277	1134
1278	1134
1278	1135
1280	1135
1280	1137
1281	1137
1281	1139
1282	1139
1282	1141
1283	1141
1283	1142
1284	1142
1284	1143
1285	1143
1285	1146
1286	1146
1286	1148
1287	1148
1287	1151
1288	1151
1288	1152
1289	1152
1289	1154
1290	1154
1290	1156
1291	1156
1291	1163
1292	1163
1292	1164
1294	1164
1294	1167
1295	1167
1295	1171
1296	1171
1296	1172
1297	1172
1297	1176
1298	1176
1298	1178
1299	1178
1299	1184
1300	1184
1300	1186
1301	1186
1301	1188
1302	1188
1302	1190
1303	1190
1303	1195
1304	1195
1304	1201
1306	1201
1306	1205
1307	1205
1307	1206
1308	1206
1308	1213
1309	1213
1309	1215
1310	1215
1310	1226
1311	1226
1311	1231
1310	1231
1310	1232
1307	1232
1307	1231
1306	1231
1306	1229
1305	1229
1305	1228
1301	1228
1301	1227
1296	1227
1296	1226
1288	1226
1288	1225
1285	1225
1285	1224
1277	1224
1277	1223
1276	1223
1276	1222
1265	1222
1265	1223
1264	1223
1264	1229
1265	1229
1265	1230
1266	1230
1266	1234
1269	1234
1269	1237
1270	1237
1270	1238
1271	1238
1271	1239
1272	1239
1272	1242
1273	1242
1273	1243
1274	1243
1274	1245
1275	1245
1275	1248
1276	1248
1276	1250
1277	1250
1277	1251
1278	1251
1278	1256
1279	1256
1279	1259
1280	1259
1280	1260
1281	1260
1281	1263
1282	1263
1282	1267
1283	1267
1283	1268
1284	1268
1284	1271
1285	1271
1285	1272
1286	1272
1286	1275
1287	1275
1287	1280
1288	1280
1288	1281
1289	1281
1289	1284
1290	1284
1290	1288
1291	1288
1291	1296
1292	1296
1292	1298
1293	1298
1293	1301
1294	1301
1294	1303
1293	1303
1293	1304
1294	1304
1294	1309
1295	1309
1295	1316
1296	1316
1296	1318
1297	1318
1297	1319
1296	1319
1296	1320
1297	1320
1297	1326
1298	1326
1298	1334
1297	1334
1297	1336
1294	1336
1294	1335
1293	1335
1293	1333
1292	1333
1292	1332
1289	1332
1289	1331
1288	1331
1288	1330
1282	1330
1282	1329
1280	1329
1280	1328
1276	1328
1276	1327
1271	1327
1271	1326
1268	1326
1268	1325
1262	1325
1262	1333
1263	1333
1263	1334
1264	1334
1264	1337
1265	1337
1265	1338
1266	1338
1266	1339
1267	1339
1267	1340
1268	1340
1268	1341
1269	1341
1269	1343
1270	1343
1270	1346
1271	1346
1271	1347
1272	1347
1272	1348
1273	1348
1273	1350
1274	1350
1274	1351
1275	1351
1275	1352
1274	1352
1274	1354
1275	1354
1275	1355
1276	1355
1276	1356
1277	1356
1277	1359
1279	1359
1279	1363
1280	1363
1280	1365
1281	1365
1281	1368
1282	1368
1282	1372
1283	1372
1283	1375
1284	1375
1284	1376
1285	1376
1285	1379
1286	1379
1286	1383
1287	1383
1287	1388
1289	1388
1289	1396
1290	1396
1290	1404
1291	1404
1291	1414
1290	1414
1290	1415
1287	1415
1287	1414
1286	1414
1286	1413
1285	1413
1285	1411
1280	1411
1280	1410
1272	1410
1272	1409
1264	1409
1264	1408
1254	1408
1254	1417
1255	1417
1255	1418
1256	1418
1256	1421
1257	1421
1257	1422
1258	1422
1258	1425
1259	1425
1259	1427
1260	1427
1260	1433
1261	1433
1261	1434
1262	1434
1262	1438
1264	1438
1264	1441
1265	1441
1265	1446
1266	1446
1266	1449
1267	1449
1267	1451
1268	1451
1268	1453
1269	1453
1269	1455
1268	1455
1268	1457
1269	1457
1269	1466
1270	1466
1270	1490
1269	1490
1269	1493
1268	1493
1268	1496
1267	1496
1267	1497
1264	1497
1264	1494
1263	1494
1263	1493
1259	1493
1259	1490
1256	1490
1256	1489
1255	1489
1255	1488
1249	1488
1249	1487
1247	1487
1247	1486
1244	1486
1244	1485
1243	1485
1243	1484
1235	1484
1235	1492
1237	1492
1237	1496
1238	1496
1238	1498
1239	1498
1239	1500
1240	1500
1240	1504
1241	1504
1241	1508
1242	1508
1242	1509
1243	1509
1243	1514
1244	1514
1244	1524
1245	1524
1245	1528
1246	1528
1246	1534
1247	1534
1247	1545
1248	1545
1248	1547
1249	1547
1249	1549
1248	1549
1248	1550
1249	1550
1249	1552
1248	1552
1248	1554
1249	1554
1249	1561
1248	1561
1248	1565
1247	1565
1247	1569
1245	1569
1245	1568
1243	1568
1243	1567
1241	1567
1241	1568
1240	1568
1240	1567
1239	1567
1239	1564
1238	1564
1238	1563
1235	1563
1235	1561
1230	1561
1230	1560
1227	1560
1227	1559
1226	1559
1226	1558
1219	1558
1219	1559
1218	1559
1218	1560
1219	1560
1219	1567
1220	1567
1220	1570
1221	1570
1221	1571
1222	1571
1222	1572
1223	1572
1223	1579
1224	1579
1224	1580
1225	1580
1225	1587
1226	1587
1226	1591
1227	1591
1227	1604
1228	1604
1228	1613
1229	1613
1229	1624
1230	1624
1230	1626
1231	1626
1231	1629
1232	1629
1232	1633
1233	1633
1233	1639
1218	1639
1218	1640
1217	1640
1217	1644
1216	1644
1216	1645
1217	1645
1217	1650
1218	1650
1218	1651
1219	1651
1219	1656
1220	1656
1220	1665
1221	1665
1221	1667
1222	1667
1222	1683
1221	1683
1221	1688
1222	1688
1222	1689
1221	1689
1221	1695
1220	1695
1220	1712
1221	1712
1221	1718
1222	1718
1222	1728
1223	1728
1223	1738
1224	1738
1224	1742
1225	1742
1225	1754
1226	1754
1226	1764
1227	1764
1227	1779
1228	1779
1228	1791
1229	1791
1229	1803
1230	1803
1230	1804
1231	1804
1231	1816
1232	1816
1232	1821
1233	1821
1233	1829
1234	1829
1234	1832
1235	1832
1235	1842
1236	1842
1236	1850
1235	1850
1235	1851
1234	1851
1234	1872
1231	1872
1231	1869
1230	1869
1230	1868
1231	1868
1231	1865
1230	1865
1230	1864
1225	1864
1225	1862
1224	1862
1224	1861
1223	1861
1223	1860
1222	1860
1222	1859
1221	1859
1221	1858
1220	1858
1220	1857
1219	1857
1219	1856
1218	1856
1218	1854
1217	1854
1217	1853
1216	1853
1216	1850
1215	1850
1215	1849
1214	1849
1214	1848
1213	1848
1213	1845
1212	1845
1212	1843
1211	1843
1211	1840
1210	1840
1210	1835
1208	1835
1208	1831
1207	1831
1207	1830
1206	1830
1206	1826
1204	1826
1204	1823
1203	1823
1203	1818
1202	1818
1202	1815
1201	1815
1201	1814
1200	1814
1200	1813
1199	1813
1199	1811
1198	1811
1198	1807
1197	1807
1197	1805
1196	1805
1196	1803
1195	1803
1195	1802
1194	1802
1194	1797
1192	1797
1192	1794
1191	1794
1191	1790
1190	1790
1190	1789
1189	1789
1189	1785
1187	1785
1187	1781
1186	1781
1186	1777
1185	1777
1185	1774
1184	1774
1184	1772
1183	1772
1183	1769
1182	1769
1182	1765
1181	1765
1181	1760
1179	1760
1179	1753
1178	1753
1178	1752
1177	1752
1177	1748
1176	1748
1176	1747
1175	1747
1175	1744
1174	1744
1174	1742
1173	1742
1173	1737
1172	1737
1172	1736
1171	1736
1171	1735
1170	1735
1170	1731
1169	1731
1169	1730
1168	1730
1168	1729
1169	1729
1169	1728
1168	1728
1168	1727
1167	1727
1167	1723
1166	1723
1166	1722
1165	1722
1165	1719
1164	1719
1164	1718
1163	1718
1163	1715
1162	1715
1162	1711
1161	1711
1161	1710
1160	1710
1160	1706
1159	1706
1159	1703
1158	1703
1158	1698
1156	1698
1156	1694
1155	1694
1155	1690
1154	1690
1154	1686
1153	1686
1153	1685
1151	1685
1151	1681
1150	1681
1150	1677
1148	1677
1148	1673
1147	1673
1147	1669
1146	1669
1146	1668
1145	1668
1145	1665
1144	1665
1144	1657
1143	1657
1143	1656
1142	1656
1142	1650
1143	1650
1143	1642
1134	1642
1134	1643
1130	1643
1130	1644
1129	1644
1129	1645
1127	1645
1127	1646
1126	1646
1126	1645
1124	1645
1124	1637
1123	1637
1123	1635
1122	1635
1122	1630
1121	1630
1121	1624
1120	1624
1120	1619
1119	1619
1119	1615
1118	1615
1118	1611
1117	1611
1117	1605
1116	1605
1116	1594
1115	1594
1115	1579
1116	1579
1116	1567
1108	1567
1108	1568
1106	1568
1106	1569
1102	1569
1102	1570
1101	1570
1101	1571
1097	1571
1097	1572
1096	1572
1096	1577
1087	1577
1087	1575
1086	1575
1086	1573
1085	1573
1085	1564
1084	1564
1084	1563
1083	1563
1083	1557
1082	1557
1082	1552
1081	1552
1081	1544
1080	1544
1080	1541
1079	1541
1079	1509
1080	1509
1080	1508
1081	1508
1081	1501
1082	1501
1082	1500
1083	1500
1083	1490
1081	1490
1081	1489
1080	1489
1080	1490
1075	1490
1075	1491
1074	1491
1074	1492
1072	1492
1072	1493
1067	1493
1067	1496
1063	1496
1063	1497
1062	1497
1062	1498
1059	1498
1059	1499
1057	1499
1057	1501
1056	1501
1056	1502
1054	1502
1054	1505
1052	1505
1052	1506
1050	1506
1050	1504
1049	1504
1049	1503
1048	1503
1048	1499
1047	1499
1047	1498
1046	1498
1046	1494
1045	1494
1045	1493
1044	1493
1044	1490
1042	1490
1042	1467
1043	1467
1043	1462
1042	1462
1042	1460
1043	1460
1043	1457
1044	1457
1044	1451
1045	1451
1045	1446
1046	1446
1046	1442
1047	1442
1047	1441
1048	1441
1048	1434
1049	1434
1049	1430
1050	1430
1050	1426
1051	1426
1051	1425
1052	1425
1052	1415
1042	1415
1042	1416
1041	1416
1041	1417
1040	1417
1040	1418
1039	1418
1039	1419
1037	1419
1037	1420
1036	1420
1036	1419
1034	1419
1034	1421
1033	1421
1033	1422
1030	1422
1030	1423
1027	1423
1027	1424
1026	1424
1026	1427
1023	1427
1023	1428
1021	1428
1021	1432
1018	1432
1018	1431
1017	1431
1017	1430
1016	1430
1016	1429
1015	1429
1015	1423
1014	1423
1014	1422
1015	1422
1015	1421
1014	1421
1014	1419
1013	1419
1013	1412
1012	1412
1012	1410
1013	1410
1013	1408
1012	1408
1012	1402
1011	1402
1011	1400
1012	1400
1012	1390
1013	1390
1013	1388
1012	1388
1012	1387
1013	1387
1013	1382
1014	1382
1014	1380
1015	1380
1015	1375
1016	1375
1016	1372
1017	1372
1017	1368
1018	1368
1018	1367
1019	1367
1019	1363
1020	1363
1020	1361
1021	1361
1021	1359
1022	1359
1022	1360
1023	1360
1023	1351
1022	1351
1022	1350
1014	1350
1014	1351
1013	1351
1013	1352
1012	1352
1012	1353
1010	1353
1010	1352
1009	1352
1009	1353
1005	1353
1005	1354
1004	1354
1004	1355
1000	1355
1000	1356
995	1356
995	1359
994	1359
994	1360
993	1360
993	1361
990	1361
990	1358
989	1358
989	1357
988	1357
988	1353
987	1353
987	1350
988	1350
988	1348
987	1348
987	1325
988	1325
988	1322
989	1322
989	1320
990	1320
990	1317
991	1317
991	1312
992	1312
992	1306
993	1306
993	1304
994	1304
994	1301
995	1301
995	1300
996	1300
996	1296
997	1296
997	1294
998	1294
998	1292
999	1292
999	1288
1000	1288
1000	1285
1001	1285
1001	1284
1002	1284
1002	1280
1004	1280
1004	1276
1005	1276
1005	1275
1006	1275
1006	1266
1005	1266
1005	1265
998	1265
998	1266
996	1266
996	1267
993	1267
993	1268
992	1268
992	1269
988	1269
988	1270
984	1270
984	1271
980	1271
980	1272
979	1272
979	1273
976	1273
976	1277
971	1277
971	1276
970	1276
970	1262
969	1262
969	1253
968	1253
968	1246
969	1246
969	1236
970	1236
970	1226
971	1226
971	1216
972	1216
972	1213
973	1213
973	1207
974	1207
974	1205
975	1205
975	1201
976	1201
976	1200
977	1200
977	1197
978	1197
978	1196
979	1196
979	1192
980	1192
980	1190
982	1190
982	1188
983	1188
983	1184
984	1184
984	1177
982	1177
982	1176
981	1176
981	1177
979	1177
979	1176
978	1176
978	1177
975	1177
975	1178
971	1178
971	1179
967	1179
967	1181
963	1181
963	1182
959	1182
959	1183
955	1183
955	1184
954	1184
954	1186
953	1186
953	1188
952	1188
952	1189
951	1189
951	1188
950	1188
950	1187
948	1187
948	1166
947	1166
947	1164
948	1164
948	1151
949	1151
949	1150
950	1150
950	1149
949	1149
949	1148
950	1148
950	1130
951	1130
951	1128
952	1128
952	1125
953	1125
953	1121
954	1121
954	1115
955	1115
955	1111
956	1111
956	1109
957	1109
957	1105
958	1105
958	1104
959	1104
959	1098
960	1098
960	1096
961	1096
961	1093
962	1093
962	1092
963	1092
963	1089
964	1089
964	1088
965	1088
965	1086
966	1086
966	1084
967	1084
967	1081
969	1081
969	1080
970	1080
970	1078
971	1078
971	1069
963	1069
963	1070
959	1070
959	1071
958	1071
958	1072
953	1072
953	1073
947	1073
947	1074
945	1074
945	1075
942	1075
942	1076
938	1076
938	1078
937	1078
937	1080
936	1080
936	1081
935	1081
935	1082
933	1082
933	1081
932	1081
932	1043
933	1043
933	1036
934	1036
934	1031
935	1031
935	1030
936	1030
936	1023
937	1023
937	1017
938	1017
938	1002
939	1002
939	1001
940	1001
940	994
941	994
941	990
942	990
942	988
943	988
943	985
944	985
944	981
945	981
945	980
946	980
946	977
947	977
947	976
948	976
948	973
949	973
949	972
950	972
950	968
952	968
952	966
953	966
953	965
952	965
952	964
953	964
953	963
954	963
954	961
955	961
955	960
956	960
956	959
957	959
957	953
956	953
956	952
947	952
947	953
942	953
942	954
939	954
939	955
938	955
938	956
936	956
936	957
930	957
930	958
927	958
927	959
925	959
925	960
923	960
923	961
921	961
921	962
917	962
917	964
915	964
915	962
913	962
913	960
914	960
914	959
913	959
913	956
914	956
914	951
915	951
915	940
916	940
916	938
917	938
917	931
918	931
918	927
920	927
920	926
921	926
921	923
922	923
922	919
923	919
923	915
924	915
924	913
925	913
925	906
926	906
926	903
927	903
927	901
928	901
928	898
929	898
929	895
931	895
931	893
932	893
932	889
933	889
933	885
934	885
934	884
935	884
935	882
936	882
936	880
937	880
937	877
938	877
938	875
939	875
939	874
940	874
940	873
941	873
941	872
942	872
942	869
943	869
943	868
944	868
944	864
945	864
945	863
946	863
946	862
947	862
947	860
949	860
949	858
950	858
950	856
952	856
952	852
954	852
954	844
942	844
942	845
934	845
934	846
919	846
919	847
918	847
918	848
915	848
915	840
916	840
916	839
917	839
917	835
918	835
918	831
919	831
919	828
920	828
920	827
921	827
921	823
922	823
922	820
923	820
923	816
924	816
924	814
925	814
925	811
926	811
926	810
927	810
927	806
928	806
928	805
929	805
929	799
931	799
931	797
932	797
932	795
934	795
934	794
933	794
933	793
934	793
934	790
935	790
935	789
936	789
936	786
937	786
937	784
938	784
938	783
939	783
939	781
940	781
940	777
942	777
942	774
943	774
943	773
944	773
944	771
945	771
945	770
946	770
946	768
947	768
947	766
948	766
948	763
949	763
949	762
950	762
950	761
951	761
951	760
952	760
952	759
953	759
953	758
952	758
952	757
953	757
953	756
954	756
954	755
955	755
955	752
957	752
957	751
958	751
958	749
959	749
959	748
960	748
960	747
961	747
961	746
962	746
962	745
963	745
963	744
964	744
964	743
965	743
965	736
966	736
966	734
941	734
941	735
937	735
937	736
936	736
936	737
935	737
935	736
933	736
933	734
934	734
934	733
935	733
935	732
936	732
936	728
937	728
937	726
938	726
938	724
939	724
939	723
940	723
940	722
941	722
941	718
942	718
942	716
943	716
943	715
944	715
944	713
945	713
945	710
946	710
946	706
947	706
947	703
948	703
948	702
949	702
949	698
951	698
951	695
952	695
952	692
953	692
953	690
954	690
954	686
955	686
955	685
956	685
956	681
957	681
957	678
958	678
958	674
959	674
959	670
960	670
960	669
962	669
962	667
963	667
963	665
965	665
965	661
966	661
966	660
967	660
967	658
968	658
968	657
969	657
969	656
970	656
970	655
971	655
971	653
972	653
972	652
974	652
974	650
975	650
975	649
976	649
976	648
977	648
977	640
969	640
969	638
955	638
955	639
954	639
954	640
952	640
952	641
950	641
950	640
943	640
943	642
942	642
942	671
941	671
941	680
940	680
940	696
939	696
939	697
938	697
938	704
937	704
937	705
936	705
936	709
934	709
934	710
932	710
932	705
931	705
931	703
928	703
928	702
927	702
927	701
923	701
923	699
922	699
922	698
919	698
919	696
914	696
914	694
906	694
906	704
907	704
907	710
908	710
908	711
909	711
909	723
910	723
910	725
909	725
909	733
908	733
908	738
907	738
907	745
906	745
906	749
905	749
905	754
904	754
904	758
903	758
903	762
902	762
902	764
901	764
901	767
900	767
900	768
899	768
899	772
898	772
898	775
897	775
897	776
896	776
896	779
895	779
895	780
894	780
894	782
895	782
895	783
894	783
894	788
892	788
892	792
891	792
891	793
890	793
890	798
888	798
888	800
887	800
887	805
884	805
884	810
882	810
882	809
881	809
881	808
880	808
880	805
879	805
879	804
877	804
877	803
875	803
875	802
874	802
874	800
872	800
872	799
871	799
871	798
870	798
870	797
869	797
869	796
868	796
868	795
867	795
867	794
866	794
866	793
865	793
865	792
864	792
864	791
857	791
857	823
856	823
856	824
857	824
857	825
856	825
856	829
855	829
855	837
854	837
854	838
853	838
853	841
852	841
852	842
851	842
851	847
850	847
850	850
849	850
849	854
848	854
848	857
847	857
847	859
846	859
846	863
845	863
845	865
844	865
844	866
843	866
843	867
842	867
842	871
841	871
841	873
840	873
840	875
839	875
839	879
837	879
837	883
834	883
834	886
832	886
832	888
830	888
830	891
827	891
827	887
826	887
826	886
825	886
825	885
824	885
824	884
823	884
823	883
822	883
822	882
821	882
821	881
820	881
820	880
819	880
819	879
818	879
818	878
815	878
815	875
812	875
812	874
811	874
811	871
802	871
802	887
801	887
801	900
800	900
800	904
799	904
799	909
798	909
798	913
797	913
797	917
795	917
795	919
796	919
796	920
795	920
795	924
794	924
794	925
793	925
793	929
792	929
792	933
791	933
791	934
790	934
790	937
789	937
789	938
788	938
788	941
787	941
787	942
786	942
786	945
785	945
785	946
784	946
784	949
783	949
783	950
782	950
782	953
781	953
781	954
780	954
780	956
779	956
779	957
778	957
778	960
777	960
777	962
776	962
776	964
775	964
775	965
774	965
774	966
772	966
772	965
771	965
771	963
770	963
770	962
769	962
769	961
767	961
767	960
766	960
766	958
764	958
764	957
763	957
763	956
762	956
762	955
761	955
761	954
757	954
757	952
756	952
756	951
753	951
753	950
752	950
752	949
750	949
750	948
745	948
745	949
744	949
744	970
743	970
743	971
742	971
742	979
741	979
741	984
740	984
740	987
739	987
739	992
738	992
738	997
737	997
737	998
736	998
736	1000
735	1000
735	1001
734	1001
734	1005
733	1005
733	1007
732	1007
732	1012
730	1012
730	1016
729	1016
729	1017
728	1017
728	1020
727	1020
727	1021
726	1021
726	1026
725	1026
725	1030
724	1030
724	1031
723	1031
723	1032
722	1032
722	1034
721	1034
721	1035
720	1035
720	1036
718	1036
718	1038
717	1038
717	1040
716	1040
716	1042
715	1042
715	1044
714	1044
714	1045
713	1045
713	1044
712	1044
712	1043
711	1043
711	1041
710	1041
710	1040
709	1040
709	1039
708	1039
708	1037
707	1037
707	1036
706	1036
706	1035
705	1035
705	1034
704	1034
704	1033
702	1033
702	1032
701	1032
701	1031
700	1031
700	1030
699	1030
699	1029
698	1029
698	1028
696	1028
696	1027
695	1027
695	1024
694	1024
694	1023
690	1023
690	1022
682	1022
682	1026
681	1026
681	1033
680	1033
680	1038
679	1038
679	1048
678	1048
678	1050
677	1050
677	1054
676	1054
676	1058
675	1058
675	1060
674	1060
674	1061
673	1061
673	1062
672	1062
672	1066
670	1066
670	1071
669	1071
669	1073
668	1073
668	1075
667	1075
667	1077
666	1077
666	1078
664	1078
664	1080
663	1080
663	1081
664	1081
664	1082
663	1082
663	1084
662	1084
662	1085
661	1085
661	1086
660	1086
660	1088
659	1088
659	1093
658	1093
658	1095
656	1095
656	1096
655	1096
655	1100
654	1100
654	1101
653	1101
653	1103
652	1103
652	1104
651	1104
651	1108
649	1108
649	1110
647	1110
647	1112
646	1112
646	1113
645	1113
645	1115
644	1115
644	1116
643	1116
643	1117
642	1117
642	1119
643	1119
643	1120
639	1120
639	1119
638	1119
638	1117
637	1117
637	1115
636	1115
636	1114
634	1114
634	1112
632	1112
632	1111
631	1111
631	1110
630	1110
630	1109
629	1109
629	1108
627	1108
627	1107
626	1107
626	1106
625	1106
625	1105
624	1105
624	1103
623	1103
623	1102
622	1102
622	1101
620	1101
620	1099
618	1099
618	1098
611	1098
611	1099
610	1099
610	1102
609	1102
609	1108
608	1108
608	1113
607	1113
607	1116
605	1116
605	1120
604	1120
604	1122
603	1122
603	1124
602	1124
602	1126
601	1126
601	1128
600	1128
600	1129
599	1129
599	1132
598	1132
598	1133
597	1133
597	1137
596	1137
596	1140
595	1140
595	1141
594	1141
594	1142
593	1142
593	1145
592	1145
592	1146
591	1146
591	1148
590	1148
590	1149
589	1149
589	1153
588	1153
588	1154
586	1154
586	1155
587	1155
587	1156
586	1156
586	1157
585	1157
585	1161
584	1161
584	1162
583	1162
583	1163
582	1163
582	1164
581	1164
581	1166
580	1166
580	1167
579	1167
579	1168
578	1168
578	1169
577	1169
577	1170
576	1170
576	1172
575	1172
575	1173
573	1173
573	1174
572	1174
572	1177
571	1177
571	1178
570	1178
570	1177
569	1177
569	1179
568	1179
568	1181
567	1181
567	1182
566	1182
566	1183
564	1183
564	1184
562	1184
562	1178
561	1178
561	1177
560	1177
560	1176
559	1176
559	1174
558	1174
558	1172
557	1172
557	1171
555	1171
555	1169
554	1169
554	1167
553	1167
553	1166
552	1166
552	1165
551	1165
551	1163
550	1163
550	1162
548	1162
548	1161
546	1161
546	1162
544	1162
544	1161
542	1161
542	1163
541	1163
541	1170
540	1170
540	1171
539	1171
539	1178
538	1178
538	1180
537	1180
537	1181
536	1181
536	1182
535	1182
535	1186
534	1186
534	1187
533	1187
533	1189
531	1189
531	1193
527	1193
527	1194
529	1194
529	1195
527	1195
527	1197
525	1197
525	1199
524	1199
524	1200
523	1200
523	1203
521	1203
521	1204
519	1204
519	1205
518	1205
518	1208
517	1208
517	1209
516	1209
516	1211
515	1211
515	1212
514	1212
514	1215
513	1215
513	1216
512	1216
512	1218
510	1218
510	1221
509	1221
509	1223
507	1223
507	1224
506	1224
506	1226
505	1226
505	1227
504	1227
504	1228
502	1228
502	1229
501	1229
501	1231
500	1231
500	1232
498	1232
498	1233
496	1233
496	1234
495	1234
495	1236
491	1236
491	1234
490	1234
490	1232
489	1232
489	1231
488	1231
488	1230
487	1230
487	1228
485	1228
485	1227
484	1227
484	1226
483	1226
483	1223
482	1223
482	1222
480	1222
480	1221
479	1221
479	1219
478	1219
478	1218
471	1218
471	1220
470	1220
470	1224
468	1224
468	1229
467	1229
467	1230
466	1230
466	1232
465	1232
465	1233
464	1233
464	1237
463	1237
463	1238
462	1238
462	1240
461	1240
461	1241
460	1241
460	1245
459	1245
459	1247
457	1247
457	1249
456	1249
456	1251
455	1251
455	1252
454	1252
454	1253
452	1253
452	1257
451	1257
451	1259
450	1259
450	1260
449	1260
449	1261
448	1261
448	1262
447	1262
447	1264
446	1264
446	1265
444	1265
444	1266
443	1266
443	1267
442	1267
442	1268
443	1268
443	1269
441	1269
441	1270
440	1270
440	1271
439	1271
439	1272
438	1272
438	1273
437	1273
437	1274
434	1274
434	1273
433	1273
433	1274
431	1274
431	1273
430	1273
430	1268
429	1268
429	1266
428	1266
428	1265
421	1265
421	1266
420	1266
420	1268
419	1268
419	1269
418	1269
418	1271
417	1271
417	1273
416	1273
416	1274
414	1274
414	1277
413	1277
413	1280
412	1280
412	1281
410	1281
410	1283
409	1283
409	1284
408	1284
408	1285
406	1285
406	1287
405	1287
405	1290
402	1290
402	1293
400	1293
400	1296
399	1296
399	1297
398	1297
398	1299
396	1299
396	1300
395	1300
395	1301
394	1301
394	1303
393	1303
393	1304
392	1304
392	1305
391	1305
391	1306
387	1306
387	1303
385	1303
385	1299
382	1299
382	1298
381	1298
381	1297
374	1297
374	1298
373	1298
373	1301
372	1301
372	1303
371	1303
371	1304
370	1304
370	1307
369	1307
369	1308
368	1308
368	1309
366	1309
366	1310
365	1310
365	1312
364	1312
364	1313
363	1313
363	1314
362	1314
362	1315
361	1315
361	1316
360	1316
360	1317
359	1317
359	1318
358	1318
358	1319
357	1319
357	1320
356	1320
356	1321
354	1321
354	1323
352	1323
352	1324
351	1324
351	1325
349	1325
349	1326
348	1326
348	1327
347	1327
347	1328
344	1328
344	1330
343	1330
343	1331
342	1331
342	1332
340	1332
340	1333
339	1333
339	1334
337	1334
337	1335
336	1335
336	1336
335	1336
335	1338
333	1338
333	1339
332	1339
332	1340
331	1340
331	1341
330	1341
330	1342
329	1342
329	1343
328	1343
328	1344
327	1344
327	1346
325	1346
325	1347
324	1347
324	1348
323	1348
323	1349
322	1349
322	1348
321	1348
321	1351
320	1351
320	1352
319	1352
319	1353
317	1353
317	1354
316	1354
316	1355
315	1355
315	1356
314	1356
314	1357
313	1357
313	1358
312	1358
312	1359
311	1359
311	1360
310	1360
310	1363
308	1363
308	1364
307	1364
307	1365
306	1365
306	1366
305	1366
305	1367
304	1367
304	1368
303	1368
303	1369
302	1369
302	1370
301	1370
301	1371
300	1371
300	1372
299	1372
299	1373
298	1373
298	1374
297	1374
297	1376
296	1376
296	1377
294	1377
294	1378
293	1378
293	1379
292	1379
292	1380
291	1380
291	1381
290	1381
290	1382
289	1382
289	1383
288	1383
288	1384
287	1384
287	1385
286	1385
286	1386
285	1386
285	1387
284	1387
284	1388
282	1388
282	1389
281	1389
281	1391
280	1391
280	1392
279	1392
279	1393
278	1393
278	1394
277	1394
277	1396
275	1396
275	1398
272	1398
272	1399
271	1399
271	1400
270	1400
270	1401
269	1401
269	1402
268	1402
268	1403
269	1403
269	1404
265	1404
265	1405
263	1405
263	1406
262	1406
262	1407
261	1407
261	1408
259	1408
259	1409
255	1409
255	1410
254	1410
254	1411
250	1411
250	1413
249	1413
249	1415
246	1415
246	1416
245	1416
245	1417
243	1417
243	1420
242	1420
242	1413
243	1413
243	1412
244	1412
244	1407
245	1407
245	1404
246	1404
246	1400
247	1400
247	1399
248	1399
248	1397
249	1397
249	1395
250	1395
250	1392
252	1392
252	1390
253	1390
253	1388
254	1388
254	1385
255	1385
255	1384
256	1384
256	1380
258	1380
258	1381
260	1381
260	1380
259	1380
259	1379
260	1379
260	1375
261	1375
261	1373
262	1373
262	1371
264	1371
264	1368
265	1368
265	1367
266	1367
266	1366
267	1366
267	1363
268	1363
268	1362
269	1362
269	1361
268	1361
268	1360
269	1360
269	1359
271	1359
271	1355
273	1355
273	1354
274	1354
274	1351
275	1351
275	1345
279	1345
279	1341
280	1341
280	1340
281	1340
281	1339
282	1339
282	1338
283	1338
283	1337
284	1337
284	1335
285	1335
285	1332
286	1332
286	1330
289	1330
289	1326
290	1326
290	1324
291	1324
291	1323
292	1323
292	1321
293	1321
293	1320
294	1320
294	1318
295	1318
295	1317
297	1317
297	1315
298	1315
298	1314
299	1314
299	1312
300	1312
300	1309
302	1309
302	1307
303	1307
303	1305
305	1305
305	1302
306	1302
306	1300
307	1300
307	1298
308	1298
308	1296
309	1296
309	1289
312	1289
312	1288
314	1288
314	1287
315	1287
315	1285
316	1285
316	1283
317	1283
317	1282
319	1282
319	1280
320	1280
320	1279
321	1279
321	1278
322	1278
322	1276
323	1276
323	1273
322	1273
322	1272
323	1272
323	1271
322	1271
322	1269
320	1269
320	1268
318	1268
318	1266
319	1266
319	1265
320	1265
320	1264
321	1264
321	1262
323	1262
323	1261
325	1261
325	1259
326	1259
326	1257
327	1257
327	1256
328	1256
328	1255
329	1255
329	1253
331	1253
331	1251
332	1251
332	1247
334	1247
334	1246
335	1246
335	1243
336	1243
336	1241
337	1241
337	1239
338	1239
338	1238
339	1238
339	1236
340	1236
340	1235
341	1235
341	1234
342	1234
342	1232
343	1232
343	1231
344	1231
344	1229
345	1229
345	1228
346	1228
346	1226
348	1226
348	1225
349	1225
349	1222
351	1222
351	1220
352	1220
352	1219
354	1219
354	1217
355	1217
355	1216
358	1216
358	1207
357	1207
357	1206
356	1206
356	1205
355	1205
355	1203
350	1203
350	1201
349	1201
349	1200
341	1200
341	1197
343	1197
343	1193
346	1193
346	1189
347	1189
347	1188
349	1188
349	1186
350	1186
350	1184
351	1184
351	1183
353	1183
353	1182
354	1182
354	1181
355	1181
355	1180
356	1180
356	1178
357	1178
357	1177
358	1177
358	1175
359	1175
359	1174
361	1174
361	1173
362	1173
362	1172
363	1172
363	1171
364	1171
364	1169
366	1169
366	1167
367	1167
367	1166
368	1166
368	1165
369	1165
369	1164
371	1164
371	1160
372	1160
372	1159
373	1159
373	1155
376	1155
376	1153
377	1153
377	1152
378	1152
378	1151
379	1151
379	1150
380	1150
380	1149
381	1149
381	1147
383	1147
383	1146
384	1146
384	1144
385	1144
385	1143
387	1143
387	1142
388	1142
388	1141
390	1141
390	1140
391	1140
391	1139
392	1139
392	1138
395	1138
395	1137
396	1137
396	1136
399	1136
399	1134
400	1134
400	1128
399	1128
399	1127
395	1127
395	1126
389	1126
389	1125
387	1125
387	1124
386	1124
386	1123
382	1123
382	1122
374	1122
374	1120
373	1120
373	1119
374	1119
374	1118
375	1118
375	1112
376	1112
376	1111
378	1111
378	1110
379	1110
379	1108
380	1108
380	1107
381	1107
381	1106
382	1106
382	1105
383	1105
383	1103
384	1103
384	1101
385	1101
385	1100
386	1100
386	1099
387	1099
387	1098
388	1098
388	1096
389	1096
389	1095
391	1095
391	1093
392	1093
392	1092
393	1092
393	1090
394	1090
394	1089
395	1089
395	1087
396	1087
396	1086
397	1086
397	1085
398	1085
398	1084
400	1084
400	1082
399	1082
399	1081
400	1081
400	1080
401	1080
401	1079
402	1079
402	1078
403	1078
403	1077
404	1077
404	1076
405	1076
405	1074
406	1074
406	1073
407	1073
407	1072
408	1072
408	1070
409	1070
409	1069
411	1069
411	1068
413	1068
413	1066
414	1066
414	1064
415	1064
415	1060
420	1060
420	1059
421	1059
421	1057
422	1057
422	1056
424	1056
424	1055
426	1055
426	1054
427	1054
427	1053
428	1053
428	1052
432	1052
432	1051
433	1051
433	1044
432	1044
432	1043
429	1043
429	1042
428	1042
428	1041
421	1041
421	1040
420	1040
420	1039
416	1039
416	1038
415	1038
415	1037
405	1037
405	1036
404	1036
404	1031
405	1031
405	1030
406	1030
406	1027
407	1027
407	1026
408	1026
408	1023
409	1023
409	1022
410	1022
410	1021
411	1021
411	1018
414	1018
414	1015
415	1015
415	1014
416	1014
416	1010
418	1010
418	1009
419	1009
419	1007
420	1007
420	1006
421	1006
421	1005
422	1005
422	1003
423	1003
423	998
425	998
425	997
427	997
427	996
428	996
428	995
429	995
429	992
430	992
430	991
431	991
431	990
432	990
432	989
435	989
435	984
436	984
436	981
438	981
438	980
439	980
439	978
440	978
440	976
442	976
442	974
443	974
443	972
444	972
444	971
445	971
445	970
446	970
446	969
447	969
447	967
449	967
449	965
450	965
450	964
453	964
453	963
454	963
454	960
455	960
455	959
457	959
457	958
458	958
458	956
462	956
462	955
463	955
463	954
464	954
464	952
467	952
467	951
469	951
469	950
470	950
470	948
471	948
471	947
470	947
470	942
469	942
469	941
466	941
466	940
462	940
462	938
461	938
461	937
454	937
454	936
453	936
453	935
446	935
446	934
444	934
444	935
442	935
442	934
441	934
441	933
439	933
439	930
440	930
440	927
442	927
442	926
443	926
443	923
445	923
445	922
446	922
446	921
447	921
447	919
449	919
449	917
450	917
450	911
454	911
454	910
456	910
456	909
457	909
457	908
458	908
458	906
459	906
459	905
460	905
460	902
463	902
463	901
464	901
464	899
466	899
466	897
467	897
467	896
468	896
468	895
469	895
469	894
471	894
471	893
472	893
472	890
473	890
473	889
474	889
474	886
475	886
475	885
480	885
480	881
482	881
482	880
483	880
483	877
485	877
485	876
486	876
486	874
487	874
487	873
488	873
488	872
489	872
489	871
491	871
491	868
494	868
494	866
496	866
496	865
499	865
499	863
500	863
500	862
501	862
501	861
503	861
503	860
505	860
505	859
506	859
506	858
508	858
508	857
511	857
511	856
512	856
512	854
515	854
515	853
517	853
517	852
520	852
520	851
523	851
523	850
524	850
524	849
525	849
525	842
524	842
524	841
523	841
523	840
520	840
520	839
516	839
516	837
514	837
514	836
511	836
511	835
508	835
508	834
506	834
506	833
503	833
503	832
502	832
502	831
501	831
501	830
499	830
499	829
495	829
495	828
489	828
489	826
488	826
488	825
489	825
489	824
491	824
491	822
492	822
492	821
493	821
493	820
494	820
494	819
495	819
495	818
496	818
496	816
497	816
497	815
499	815
499	814
500	814
500	812
502	812
502	810
504	810
504	808
505	808
505	807
508	807
508	804
509	804
509	803
511	803
511	802
513	802
513	801
514	801
514	800
515	800
515	799
516	799
516	798
520	798
520	796
521	796
521	795
524	795
524	792
525	792
525	791
526	791
526	790
528	790
528	789
529	789
529	788
530	788
530	787
532	787
532	786
534	786
534	785
536	785
536	784
537	784
537	783
538	783
538	782
539	782
539	781
541	781
541	779
544	779
544	778
545	778
545	777
546	777
546	776
547	776
547	775
548	775
548	774
550	774
550	773
553	773
553	772
554	772
554	771
556	771
556	770
558	770
558	769
561	769
561	768
562	768
562	767
564	767
564	766
566	766
566	765
570	765
570	763
571	763
571	762
574	762
574	755
573	755
573	754
569	754
569	753
568	753
568	752
567	752
567	751
566	751
566	750
562	750
562	748
558	748
558	747
557	747
557	746
553	746
553	745
549	745
549	742
550	742
550	741
549	741
549	740
551	740
551	739
552	739
552	737
553	737
553	735
555	735
555	734
556	734
556	733
557	733
557	732
558	732
558	731
559	731
559	730
560	730
560	729
561	729
561	728
563	728
563	727
565	727
565	726
566	726
566	724
567	724
567	723
568	723
568	722
570	722
570	721
571	721
571	718
572	718
572	717
573	717
573	716
574	716
574	715
575	715
575	714
576	714
576	712
577	712
577	711
578	711
578	709
579	709
579	708
582	708
582	706
584	706
584	705
586	705
586	704
587	704
587	703
588	703
588	702
591	702
591	700
593	700
593	699
595	699
595	698
596	698
596	696
598	696
598	695
599	695
599	694
603	694
603	692
604	692
604	691
607	691
607	690
611	690
611	688
612	688
612	686
615	686
615	685
617	685
617	684
619	684
619	683
620	683
620	682
624	682
624	681
625	681
625	673
624	673
624	672
623	672
623	671
620	671
620	670
616	670
616	668
615	668
615	667
611	667
611	666
609	666
609	665
608	665
608	664
603	664
603	663
599	663
599	660
600	660
600	658
601	658
601	657
603	657
603	656
604	656
604	653
605	653
605	652
606	652
606	651
607	651
607	649
608	649
608	648
611	648
611	646
612	646
612	644
615	644
615	643
616	643
616	642
617	642
617	641
619	641
619	640
620	640
620	638
622	638
622	635
625	635
625	634
627	634
627	632
628	632
628	631
630	631
630	630
632	630
632	629
633	629
633	627
635	627
635	625
636	625
636	624
637	624
637	623
640	623
640	622
641	622
641	620
642	620
642	619
644	619
644	618
645	618
645	616
646	616
646	615
648	615
648	614
649	614
649	613
650	613
650	612
652	612
652	611
653	611
653	610
654	610
654	609
656	609
656	608
657	608
657	607
661	607
661	604
665	604
665	603
669	603
669	602
670	602
670	601
671	601
671	600
673	600
673	599
676	599
676	598
678	598
678	588
674	588
674	587
672	587
672	586
671	586
671	584
669	584
669	583
668	583
668	582
667	582
667	581
665	581
665	580
664	580
664	579
661	579
661	578
655	578
655	577
653	577
653	576
654	576
654	575
655	575
655	574
656	574
656	573
657	573
657	570
659	570
659	569
662	569
662	568
663	568
663	566
666	566
666	565
667	565
667	563
670	563
670	561
674	561
674	559
675	559
675	558
676	558
676	559
677	559
677	558
678	558
678	557
679	557
679	556
680	556
680	555
681	555
681	554
682	554
682	553
686	553
686	550
690	550
690	548
691	548
691	547
692	547
692	546
694	546
694	545
695	545
695	544
699	544
699	542
700	542
700	541
701	541
701	540
703	540
703	539
704	539
704	538
707	538
707	537
708	537
708	536
711	536
711	533
714	533
714	532
716	532
716	531
717	531
717	530
718	530
718	529
720	529
720	528
723	528
723	527
725	527
725	526
727	526
727	525
729	525
729	524
732	524
732	523
733	523
733	522
736	522
736	521
738	521
738	520
740	520
740	519
743	519
743	518
744	518
744	517
745	517
745	510
744	510
744	509
743	509
743	508
742	508
742	507
741	507
741	506
740	506
740	505
739	505
739	504
738	504
738	503
736	503
736	501
734	501
734	500
733	500
733	499
725	499
725	498
719	498
719	499
718	499
718	500
717	500
717	501
713	501
713	503
712	503
712	504
710	504
710	503
709	503
709	497
708	497
708	496
707	496
707	491
705	491
705	490
704	490
704	488
700	488
700	487
698	487
698	488
696	488
696	489
695	489
695	491
694	491
694	492
693	492
693	493
692	493
692	494
691	494
691	496
690	496
690	497
689	497
689	498
688	498
688	501
684	501
684	505
683	505
683	506
682	506
682	507
681	507
681	508
679	508
679	509
677	509
677	513
673	513
673	514
672	514
672	515
671	515
671	516
670	516
670	517
668	517
668	519
666	519
666	520
665	520
665	521
664	521
664	522
663	522
663	521
662	521
662	522
659	522
659	524
658	524
658	525
656	525
656	526
655	526
655	527
654	527
654	528
652	528
652	529
651	529
651	530
650	530
650	531
649	531
649	532
647	532
647	533
645	533
645	534
643	534
643	535
642	535
642	536
641	536
641	537
639	537
639	538
635	538
635	539
634	539
634	540
631	540
631	541
630	541
630	542
627	542
627	534
626	534
626	530
625	530
625	527
624	527
624	526
623	526
623	524
614	524
614	526
613	526
613	528
612	528
612	529
611	529
611	530
610	530
610	531
609	531
609	534
607	534
607	535
606	535
606	536
605	536
605	538
604	538
604	539
603	539
603	540
602	540
602	542
601	542
601	543
600	543
600	544
599	544
599	545
597	545
597	547
595	547
595	548
592	548
592	550
591	550
591	551
589	551
589	552
588	552
588	553
587	553
587	554
586	554
586	555
583	555
583	556
582	556
582	557
581	557
581	558
580	558
580	559
577	559
577	560
576	560
576	561
574	561
574	562
573	562
573	563
572	563
572	565
569	565
569	566
568	566
568	567
564	567
564	570
560	570
560	571
557	571
557	572
556	572
556	573
555	573
555	574
552	574
552	575
549	575
549	574
548	574
548	572
547	572
547	571
548	571
548	567
547	567
547	566
548	566
548	564
547	564
547	563
546	563
546	559
545	559
545	555
543	555
543	551
542	551
542	550
536	550
536	551
534	551
534	552
533	552
533	553
532	553
532	555
531	555
531	556
530	556
530	557
529	557
529	558
528	558
528	559
526	559
526	560
525	560
525	561
524	561
524	563
521	563
521	564
520	564
520	565
519	565
519	566
518	566
518	567
514	567
514	568
513	568
513	569
512	569
512	570
510	570
510	572
506	572
506	573
505	573
505	574
504	574
504	575
502	575
502	576
501	576
501	577
499	577
499	578
498	578
498	579
497	579
497	580
493	580
493	581
492	581
492	583
491	583
491	584
487	584
487	586
486	586
486	587
484	587
484	588
481	588
481	589
480	589
480	590
478	590
478	591
474	591
474	592
473	592
473	593
471	593
471	594
467	594
467	593
466	593
466	583
465	583
465	582
464	582
464	581
463	581
463	576
462	576
462	575
461	575
461	574
460	574
460	573
453	573
453	575
450	575
450	576
448	576
448	578
446	578
446	580
445	580
445	579
444	579
444	581
443	581
443	582
442	582
442	583
440	583
440	584
439	584
439	585
438	585
438	586
436	586
436	587
435	587
435	588
434	588
434	589
431	589
431	590
428	590
428	591
427	591
427	593
425	593
425	594
423	594
423	595
422	595
422	596
418	596
418	598
417	598
417	597
415	597
415	598
414	598
414	600
411	600
411	601
409	601
409	602
408	602
408	603
405	603
405	604
404	604
404	603
403	603
403	604
402	604
402	606
397	606
397	607
396	607
396	608
395	608
395	609
392	609
392	608
391	608
391	609
389	609
389	610
388	610
388	611
384	611
384	597
383	597
383	594
382	594
382	593
379	593
379	594
376	594
376	593
374	593
374	594
373	594
373	595
372	595
372	596
370	596
370	597
369	597
369	598
368	598
368	600
366	600
366	601
364	601
364	604
361	604
361	605
360	605
360	606
356	606
356	607
355	607
355	608
352	608
352	609
348	609
348	610
347	610
347	611
346	611
346	612
345	612
345	613
340	613
340	614
339	614
339	615
338	615
338	616
337	616
337	617
335	617
335	618
333	618
333	619
330	619
330	620
329	620
329	621
323	621
323	623
321	623
321	610
320	610
320	609
318	609
318	605
311	605
311	606
309	606
309	607
306	607
306	608
305	608
305	609
302	609
302	610
301	610
301	611
295	611
295	612
294	612
294	613
290	613
290	614
289	614
289	615
276	615
276	616
273	616
273	617
261	617
261	618
260	618
260	619
253	619
253	620
246	620
246	621
236	621
236	623
232	623
232	624
228	624
228	625
220	625
220	626
219	626
219	627
207	627
207	628
203	628
203	629
197	629
197	630
190	630
190	631
183	631
183	632
181	632
181	633
177	633
177	634
176	634
176	633
175	633
175	634
169	634
169	636
164	636
164	637
157	637
157	638
137	638
137	639
131	639
131	640
125	640
125	639
124	639
124	638
122	638
122	637
121	637
121	635
122	635
122	633
123	633
123	632
124	632
124	631
126	631
126	630
127	630
127	629
129	629
129	628
131	628
131	627
133	627
133	626
134	626
134	625
137	625
137	624
139	624
139	623
140	623
140	624
141	624
141	623
142	623
142	621
143	621
143	620
147	620
147	619
148	619
148	617
153	617
153	616
154	616
154	615
155	615
155	610
156	610
156	609
157	609
157	610
162	610
162	609
163	609
163	608
162	608
162	607
163	607
163	605
165	605
165	606
174	606
174	605
175	605
175	604
178	604
178	603
183	603
183	601
186	601
186	600
187	600
187	599
188	599
188	598
192	598
192	597
193	597
193	596
196	596
196	595
198	595
198	594
200	594
200	592
204	592
204	591
205	591
205	590
208	590
208	589
210	589
210	588
213	588
213	586
216	586
216	585
217	585
217	583
220	583
220	582
221	582
221	581
222	581
222	580
223	580
223	579
228	579
228	578
229	578
229	577
230	577
230	576
231	576
231	575
232	575
232	574
236	574
236	573
238	573
238	572
239	572
239	571
240	571
240	569
242	569
242	567
243	567
243	566
250	566
250	564
251	564
251	559
250	559
250	558
251	558
251	557
252	557
252	559
261	559
261	558
263	558
263	557
264	557
264	553
270	553
270	552
271	552
271	551
272	551
272	550
274	550
274	549
276	549
276	548
279	548
279	546
283	546
283	545
286	545
286	537
285	537
285	535
284	535
284	534
282	534
282	533
280	533
280	531
279	531
279	530
277	530
277	528
279	528
279	527
280	527
280	525
281	525
281	524
283	524
283	522
286	522
286	521
287	521
287	520
288	520
288	519
291	519
291	518
292	518
292	517
293	517
293	516
296	516
296	515
300	515
300	513
303	513
303	512
304	512
304	511
306	511
306	510
308	510
308	509
309	509
309	508
310	508
310	507
312	507
312	506
315	506
315	505
317	505
317	503
321	503
321	501
324	501
324	500
329	500
329	499
332	499
332	498
334	498
334	495
335	495
335	496
336	496
336	497
346	497
346	489
345	489
345	488
343	488
343	487
342	487
342	485
341	485
341	484
340	484
340	483
339	483
339	482
338	482
338	480
337	480
337	478
333	478
333	476
334	476
334	475
336	475
336	474
337	474
337	471
341	471
341	469
342	469
342	467
344	467
344	468
345	468
345	467
346	467
346	466
348	466
348	465
350	465
350	463
354	463
354	462
355	462
355	461
357	461
357	460
359	460
359	459
360	459
360	458
362	458
362	457
366	457
366	456
367	456
367	455
369	455
369	454
371	454
371	453
372	453
372	452
374	452
374	451
378	451
378	450
382	450
382	449
387	449
387	448
388	448
388	447
389	447
389	446
399	446
399	445
404	445
404	444
408	444
408	442
409	442
409	432
408	432
408	430
407	430
407	429
405	429
405	427
404	427
404	425
403	425
403	424
402	424
402	423
401	423
401	422
399	422
399	421
397	421
397	416
403	416
403	415
404	415
404	414
405	414
405	413
406	413
406	412
409	412
409	411
412	411
412	410
413	410
413	409
415	409
415	408
420	408
420	407
421	407
421	406
424	406
424	407
425	407
425	406
426	406
426	405
432	405
432	404
434	404
434	403
439	403
439	402
441	402
441	401
452	401
452	400
459	400
459	399
461	399
461	400
465	400
465	399
466	399
466	400
467	400
467	399
468	399
468	392
467	392
467	391
466	391
466	389
465	389
465	388
464	388
464	387
463	387
463	386
462	386
462	385
460	385
460	384
458	384
458	383
456	383
456	381
455	381
455	380
456	380
456	379
457	379
457	378
459	378
459	377
461	377
461	376
462	376
462	375
465	375
465	374
470	374
470	372
474	372
474	371
477	371
477	370
482	370
482	369
484	369
484	368
489	368
489	367
496	367
496	366
503	366
503	364
515	364
515	363
533	363
533	364
542	364
542	360
543	360
543	359
542	359
542	356
541	356
541	352
540	352
540	351
539	351
539	348
538	348
538	347
537	347
537	346
536	346
536	345
533	345
533	344
532	344
532	343
530	343
530	342
532	342
532	343
533	343
533	341
536	341
536	340
539	340
539	339
548	339
548	338
549	338
549	337
557	337
557	336
566	336
566	335
574	335
574	334
578	334
578	333
591	333
591	332
592	332
592	333
593	333
593	332
596	332
596	331
610	331
610	332
618	332
618	323
617	323
617	322
616	322
616	319
615	319
615	318
614	318
614	317
613	317
613	316
614	316
614	315
613	315
613	314
612	314
612	313
611	313
611	312
608	312
608	311
607	311
607	310
608	310
608	308
611	308
611	307
612	307
612	306
613	306
613	305
615	305
615	306
616	306
616	305
624	305
624	304
629	304
629	303
639	303
639	302
645	302
645	301
660	301
660	300
675	300
675	301
684	301
684	302
687	302
687	303
688	303
688	302
692	302
692	297
693	297
693	296
692	296
692	293
691	293
691	292
690	292
690	289
687	289
687	288
686	288
686	287
684	287
684	286
683	286
683	285
682	285
682	284
683	284
683	283
686	283
686	282
691	282
691	281
699	281
699	280
729	280
729	279
740	279
740	278
742	278
742	279
750	279
750	280
757	280
757	281
768	281
768	282
770	282
770	281
772	281
772	274
771	274
771	272
770	272
770	269
769	269
769	268
768	268
768	267
767	267
767	265
766	265
766	264
765	264
765	263
760	263
760	262
747	262
747	261
745	261
745	245
744	245
744	244
743	244
743	245
742	245
742	244
735	244
735	245
718	245
718	244
711	244
711	245
686	245
686	244
682	244
682	243
677	243
677	241
679	241
679	238
680	238
680	237
679	237
679	235
681	235
681	234
682	234
682	227
681	227
681	226
648	226
648	225
643	225
643	224
629	224
629	223
628	223
628	222
620	222
620	221
619	221
619	220
617	220
617	219
616	219
616	218
614	218
614	216
615	216
615	215
616	215
616	212
617	212
617	210
618	210
618	204
617	204
617	203
611	203
611	204
604	204
604	203
600	203
600	202
596	202
596	201
594	201
594	200
590	200
590	199
589	199
589	198
587	198
587	196
583	196
583	195
582	195
582	194
578	194
578	193
574	193
574	191
570	191
570	189
566	189
566	188
565	188
565	187
563	187
563	188
562	188
562	187
561	187
561	186
557	186
557	184
553	184
553	182
554	182
554	181
556	181
556	180
557	180
557	173
555	173
555	172
549	172
549	171
545	171
545	170
543	170
543	169
541	169
541	168
537	168
537	167
536	167
536	166
535	166
535	165
533	165
533	164
532	164
532	163
531	163
531	162
530	162
530	161
529	161
529	160
524	160
524	159
522	159
522	157
520	157
520	156
518	156
518	154
516	154
516	153
515	153
515	152
511	152
511	151
510	151
510	150
509	150
509	149
508	149
508	148
504	148
504	147
503	147
503	146
499	146
499	143
494	143
494	142
493	142
493	141
492	141
492	140
491	140
491	139
490	139
490	138
486	138
486	137
484	137
484	136
483	136
483	135
481	135
481	134
480	134
480	133
479	133
479	132
477	132
477	131
474	131
474	129
473	129
473	128
472	128
472	127
470	127
470	126
469	126
469	125
466	125
466	123
464	123
464	122
462	122
462	120
461	120
461	119
460	119
460	118
457	118
457	114
455	114
455	113
454	113
454	111
453	111
453	110
452	110
452	109
451	109
451	108
450	108
450	104
455	104
455	105
460	105
460	106
466	106
466	107
469	107
469	108
473	108
473	109
477	109
477	110
486	110
486	111
489	111
489	112
499	112
499	113
504	113
504	114
508	114
508	115
512	115
512	118
513	118
513	116
515	116
515	117
521	117
521	118
531	118
531	119
534	119
534	120
541	120
541	121
547	121
547	122
566	122
566	123
573	123
573	124
578	124
578	125
610	125
610	126
616	126
616	127
617	127
617	128
618	128
618	129
627	129
627	126
628	126
628	125
627	125
627	117
626	117
626	113
625	113
625	109
631	109
631	110
635	110
635	111
639	111
639	112
642	112
642	113
646	113
646	114
649	114
649	115
654	115
654	116
656	116
656	117
661	117
661	118
667	118
667	119
672	119
672	120
676	120
676	121
677	121
677	122
682	122
682	123
690	123
690	124
692	124
692	125
696	125
696	127
697	127
697	128
698	128
698	129
704	129
704	128
706	128
706	121
705	121
705	114
704	114
704	111
703	111
703	108
710	108
710	109
712	109
712	110
714	110
714	111
718	111
718	113
723	113
723	114
724	114
724	115
726	115
726	116
729	116
729	117
731	117
731	118
733	118
733	119
734	119
734	120
738	120
738	121
739	121
739	122
741	122
741	123
750	123
750	112
749	112
749	108
748	108
748	106
747	106
747	105
746	105
746	104
748	104
748	103
749	103
749	102
755	102
755	103
759	103
759	104
764	104
764	105
768	105
768	106
771	106
771	107
776	107
776	108
781	108
781	109
785	109
785	110
788	110
788	111
791	111
791	112
793	112
793	113
796	113
796	114
799	114
799	115
801	115
801	116
803	116
803	117
804	117
804	118
805	118
805	119
813	119
813	101
812	101
812	97
815	97
815	98
817	98
817	100
820	100
820	101
821	101
821	102
823	102
823	103
825	103
825	104
826	104
826	105
829	105
829	106
833	106
833	107
835	107
835	108
837	108
837	109
840	109
840	110
842	110
842	111
846	111
846	112
851	112
851	113
853	113
853	114
854	114
854	115
857	115
857	116
859	116
859	117
861	117
861	118
864	118
864	119
866	119
866	120
868	120
868	121
869	121
869	122
870	122
870	123
871	123
871	124
872	124
872	125
874	125
874	126
875	126
875	127
876	127
876	128
877	128
877	129
878	129
878	130
880	130
880	131
882	131
882	132
883	132
883	133
884	133
884	134
885	134
885	135
887	135
887	136
893	136
893	135
894	135
894	122
893	122
893	120
894	120
894	119
896	119
896	120
897	120
897	121
901	121
901	123
902	123
902	124
904	124
904	125
906	125
906	126
907	126
907	127
909	127
909	128
910	128
910	129
912	129
912	130
913	130
913	131
915	131
915	132
917	132
917	134
921	134
921	135
924	135
924	136
926	136
926	137
929	137
929	138
930	138
930	139
933	139
933	140
934	140
934	141
938	141
938	142
939	142
939	143
941	143
941	144
942	144
942	145
945	145
945	146
947	146
947	147
948	147
948	148
949	148
949	149
952	149
952	150
953	150
953	151
955	151
955	152
956	152
956	153
958	153
958	154
960	154
960	155
961	155
961	156
964	156
964	157
965	157
965	158
969	158
969	159
971	159
971	160
973	160
973	161
974	161
974	162
976	162
976	163
979	163
979	164
980	164
980	166
984	166
984	167
986	167
986	168
987	168
987	169
988	169
988	170
990	170
990	171
992	171
992	172
994	172
994	174
996	174
996	175
997	175
997	176
1000	176
1000	178
1001	178
1001	179
1004	179
1004	180
1005	180
1005	181
1007	181
1007	182
1009	182
1009	184
1011	184
1011	185
1012	185
1012	186
1014	186
1014	187
1016	187
1016	188
1017	188
1017	189
1018	189
1018	190
1020	190
1020	191
1022	191
1022	193
1024	193
1024	194
1025	194
1025	195
1027	195
1027	196
1028	196
1028	197
1029	197
1029	199
1031	199
1031	200
1033	200
1033	203
1034	203
1034	204
1036	204
1036	205
1037	205
1037	207
1038	207
1038	208
1040	208
1040	209
1041	209
1041	210
1040	210
1040	211
1043	211
1043	213
1044	213
1044	214
1045	214
1045	215
1046	215
1046	216
1047	216
1047	217
1048	217
1048	218
1049	218
1049	219
1050	219
1050	220
1051	220
1051	224
1054	224
1054	228
1055	228
1055	229
1056	229
1056	230
1057	230
1057	232
1058	232
1058	236
1059	236
1059	245
1060	245
1060	246
1061	246
1061	248
1062	248
1062	247
1078	247
1078	246
1082	246
1082	245
1083	245
1083	243
1084	243
1084	240
1085	240
1085	237
1086	237
1086	236
1087	236
1087	234
1088	234
1088	232
1089	232
1089	231
1090	231
1090	228
1091	228
1091	227
1093	227
1093	226
1094	226
1094	224
1095	224
1095	223
1096	223
1096	221
1097	221
1097	220
1098	220
1098	219
1099	219
1099	217
1100	217
1100	216
1101	216
1101	215
1102	215
1102	214
1103	214
1103	212
1106	212
1106	211
1107	211
1107	209
1108	209
1108	208
1111	208
1111	207
1110	207
1110	206
1111	206
1111	205
1114	205
1114	203
1115	203
1115	201
1117	201
1117	200
1118	200
1118	199
1119	199
1119	197
1122	197
1122	196
1123	196
1123	194
1124	194
1124	193
1126	193
1126	192
1127	192
1127	191
1128	191
1128	190
1129	190
1129	189
1130	189
1130	188
1132	188
1132	187
1135	187
1135	184
1137	184
1137	183
1139	183
1139	181
1141	181
1141	180
1143	180
1143	179
1144	179
1144	178
1145	178
1145	177
1147	177
1147	176
1148	176
1148	175
1151	175
1151	174
1152	174
1152	173
1153	173
1153	172
1156	172
1156	171
1157	171
1157	170
1160	170
1160	167
1164	167
1164	166
1165	166
1165	165
1166	165
1166	164
1167	164
1167	163
1168	163
1168	162
1169	162
1169	158
1173	158
1173	159
1174	159
1174	158
1176	158
1176	157
1178	157
1178	156
1180	156
1180	155
1181	155
1181	154
1184	154
1184	153
1185	153
1185	152
1186	152
1186	151
1189	151
1189	150
1191	150
1191	149
1193	149
1193	148
1194	148
1194	147
1196	147
1196	146
1198	146
1198	145
1200	145
1200	144
1201	144
1201	143
1203	143
1203	142
1205	142
1205	141
1208	141
1208	140
1210	140
1210	139
1211	139
1211	140
1212	140
1212	139
1213	139
1213	138
1214	138
1214	137
1218	137
1218	136
1219	136
1219	135
1222	135
1222	134
1223	134
1223	133
1226	133
1226	132
1229	132
1229	131
1230	131
1230	130
1234	130
1234	129
1236	129
1236	128
1238	128
1238	127
1240	127
1240	126
1242	126
1242	125
1245	125
1245	124
1246	124
1246	123
1247	123
1247	122
1251	122
1251	121
1252	121
1252	120
1254	120
1254	119
1256	119
1256	118
1258	118
1258	117
1259	117
1259	116
1263	116
1263	115
1265	115
1265	114
1268	114
1268	113
1269	113
1269	112
1272	112
1272	111
1274	111
1274	113
1273	113
1273	116
1272	116
1272	134
1280	134
1280	133
1281	133
1281	131
1282	131
1282	130
1284	130
1284	129
1285	129
1285	128
1286	128
1286	127
1288	127
1288	126
1289	126
1289	125
1291	125
1291	124
1293	124
1293	123
1295	123
1295	121
1297	121
1297	120
1301	120
1301	119
1303	119
1303	118
1304	118
1304	117
1306	117
1306	116
1309	116
1309	115
1311	115
1311	114
1316	114
1316	113
1318	113
1318	112
1319	112
1319	111
1320	111
1320	110
1322	110
1322	109
1323	109
1323	108
1326	108
1326	107
1330	107
1330	105
1333	105
1333	104
1335	104
1335	103
1336	103
1336	102
1340	102
1340	101
1343	101
1343	100
1348	100
1348	99
1353	99
1353	98
1355	98
1355	97
1362	97
1362	99
1361	99
1361	101
1360	101
1360	104
1359	104
1359	106
1358	106
1358	112
1357	112
1357	115
1356	115
1356	118
1355	118
1355	127
1364	127
1364	125
1368	125
1368	121
1376	121
1376	120
1377	120
1377	119
1381	119
1381	118
1383	118
1383	117
1385	117
1385	116
1389	116
1389	115
1393	115
1393	114
1396	114
1396	113
1400	113
1400	112
1409	112
1409	111
1412	111
1412	110
1419	110
1419	109
1423	109
1423	108
1430	108
1430	107
1436	107
1436	106
1438	106
1438	105
1448	105
1448	106
1449	106
1449	105
1452	105
1452	106
1454	106
1454	105
1456	105
1456	106
1457	106
1457	109
1456	109
1456	110
1454	110
1454	111
1453	111
1453	118
1452	118
1452	120
1451	120
1451	123
1449	123
1449	135
1456	135
1456	134
1459	134
1459	133
1463	133
1463	132
1464	132
1464	131
1467	131
1467	130
1470	130
1470	129
1481	129
1481	128
1488	128
1488	127
1490	127
1490	128
1491	128
1491	129
1500	129
1500	128
1503	128
1503	127
1506	127
1506	126
1518	126
1518	125
1538	125
1538	124
1540	124
1540	123
1546	123
1546	122
1551	122
1551	121
1558	121
1558	122
1562	122
1562	124
1561	124
1561	125
1560	125
1560	126
1559	126
1559	127
1557	127
1557	136
1556	136
1556	143
1567	143
1567	142
1568	142
1568	141
1586	141
1586	142
1594	142
1594	143
1597	143
1597	144
1611	144
1611	143
1637	143
1637	142
1644	142
1644	141
1651	141
1651	140
1657	140
1657	139
1663	139
1663	140
1680	140
1680	139
1700	139
1700	138
1729	138
1729	139
1742	139
1742	140
1752	140
1752	141
1759	141
1759	142
1765	142
1765	146
1763	146
1763	147
1762	147
1762	148
1761	148
1761	149
1759	149
1759	150
1758	150
1758	151
1756	151
1756	152
1753	152
1753	153
1752	153
1752	154
1751	154
1751	153
1749	153
1749	154
1745	154
1745	155
1744	155
1744	156
1741	156
1741	157
1739	157
1739	158
1736	158
1736	159
1732	159
1732	160
1728	160
1728	162
1720	162
1720	163
1716	163
1716	164
1712	164
1712	165
1711	165
1711	166
1707	166
1707	168
1703	168
1703	169
1701	169
1701	170
1700	170
1700	171
1698	171
1698	172
1695	172
1695	173
1694	173
1694	174
1693	174
1693	175
1691	175
1691	176
1687	176
1687	177
1686	177
1686	178
1682	178
1682	180
1681	180
1681	179
1680	179
1680	180
1679	180
1679	181
1677	181
1677	182
1676	182
1676	183
1674	183
1674	184
1670	184
1670	185
1669	185
1669	187
1666	187
1666	188
1665	188
1665	189
1661	189
1661	190
1660	190
1660	191
1659	191
1659	192
1657	192
1657	193
1653	193
1653	194
1652	194
1652	195
1650	195
1650	196
1648	196
1648	197
1647	197
1647	196
1645	196
1645	198
1641	198
1641	199
1640	199
1640	200
1632	200
1632	201
1626	201
1626	202
1622	202
1622	212
1624	212
1624	213
1625	213
1625	214
1626	214
1626	216
1625	216
1625	217
1621	217
1621	218
1619	218
1619	219
1616	219
1616	220
1611	220
1611	221
1605	221
1605	222
1599	222
1599	223
1598	223
1598	224
1580	224
1580	223
1574	223
1574	224
1573	224
1573	232
1574	232
1574	237
1575	237
1575	238
1576	238
1576	239
1577	239
1577	241
1560	241
1560	242
1541	242
1541	243
1526	243
1526	242
1521	242
1521	241
1518	241
1518	240
1517	240
1517	241
1512	241
1512	242
1511	242
1511	248
1512	248
1512	249
1513	249
1513	251
1514	251
1514	253
1515	253
1515	254
1516	254
1516	255
1518	255
1518	256
1519	256
1519	257
1520	257
1520	258
1521	258
1521	259
1520	259
1520	260
1515	260
1515	261
1512	261
1512	262
1508	262
1508	263
1504	263
1504	264
1501	264
1501	263
1490	263
1490	264
1488	264
1488	263
1479	263
1479	262
1465	262
1465	261
1459	261
1459	260
1455	260
1455	259
1451	259
1451	258
1450	258
1450	257
1441	257
1441	267
1442	267
1442	272
1443	272
1443	273
1444	273
1444	274
1472	274
1472	273
1491	273
1491	274
1500	274
1500	275
1501	275
1501	276
1502	276
1502	278
1500	278
1500	279
1499	279
1499	281
1497	281
1497	286
1496	286
1496	289
1494	289
1494	293
1493	293
1493	298
1494	298
1494	299
1502	299
1502	298
1507	298
1507	297
1513	297
1513	296
1520	296
1520	295
1554	295
1554	296
1561	296
1561	295
1577	295
1577	296
1584	296
1584	297
1590	297
1590	299
1593	299
1593	300
1594	300
1594	301
1591	301
1591	302
1590	302
1590	303
1589	303
1589	305
1588	305
1588	306
1586	306
1586	310
1584	310
1584	314
1582	314
1582	316
1581	316
1581	324
1582	324
1582	325
1588	325
1588	324
1593	324
1593	323
1596	323
1596	322
1598	322
1598	323
1608	323
1608	322
1611	322
1611	323
1616	323
1616	324
1638	324
1638	325
1648	325
1648	326
1654	326
1654	327
1657	327
1657	328
1667	328
1667	330
1669	330
1669	331
1670	331
1670	332
1675	332
1675	333
1676	333
1676	334
1677	334
1677	336
1676	336
1676	337
1674	337
1674	338
1673	338
1673	339
1670	339
1670	343
1669	343
1669	344
1668	344
1668	345
1666	345
1666	346
1665	346
1665	347
1664	347
1664	348
1663	348
1663	351
1662	351
1662	352
1661	352
1661	359
1662	359
1662	360
1664	360
1664	359
1667	359
1667	360
1668	360
1668	359
1670	359
1670	360
1673	360
1673	359
1685	359
1685	360
1687	360
1687	359
1690	359
1690	360
1693	360
1693	361
1699	361
1699	362
1704	362
1704	363
1710	363
1710	364
1711	364
1711	365
1715	365
1715	366
1720	366
1720	367
1725	367
1725	368
1732	368
1732	370
1742	370
1742	371
1749	371
1749	372
1752	372
1752	373
1753	373
1753	374
1756	374
1756	375
1757	375
1757	376
1761	376
1761	378
1762	378
1762	380
1760	380
1760	381
1759	381
1759	382
1758	382
1758	383
1757	383
1757	384
1756	384
1756	385
1755	385
1755	388
1754	388
1754	389
1752	389
1752	393
1751	393
1751	396
1750	396
1750	397
1749	397
1749	398
1748	398
1748	405
1749	405
1749	406
1757	406
1757	405
1777	405
1777	406
1781	406
1781	407
1785	407
1785	408
1786	408
1786	409
1792	409
1792	410
1794	410
1794	411
1800	411
1800	412
1805	412
1805	413
1806	413
1806	414
1811	414
1811	415
1812	415
1812	416
1819	416
1819	417
1822	417
1822	418
1823	418
1823	419
1826	419
1826	420
1835	420
1835	421
1837	421
1837	422
1840	422
1840	423
1841	423
1841	424
1846	424
1846	426
1844	426
1844	428
1842	428
1842	429
1841	429
1841	430
1839	430
1839	431
1838	431
1838	432
1839	432
1839	434
1838	434
1838	435
1837	435
1837	438
1836	438
1836	439
1835	439
1835	441
1834	441
1834	442
1833	442
1833	443
1832	443
1832	450
1845	450
1845	451
1860	451
1860	452
1861	452
1861	453
1868	453
1868	454
1870	454
1870	455
1875	455
1875	456
1877	456
1877	457
1880	457
1880	458
1882	458
1882	459
1884	459
1884	458
1885	458
1885	459
1886	459
1886	461
1892	461
1892	462
1897	462
1897	463
1900	463
1900	464
1902	464
1902	465
1905	465
1905	466
1909	466
1909	467
1911	467
1911	468
1910	468
1910	471
1906	471
1906	472
1905	472
1905	473
1904	473
1904	474
1905	474
1905	475
1904	475
1904	477
1903	477
1903	480
1901	480
1901	481
1900	481
1900	489
1905	489
1905	490
1914	490
1914	491
1918	491
1918	492
1923	492
1923	493
1926	493
1926	494
1928	494
1928	495
1933	495
1933	496
1936	496
1936	497
1938	497
1938	498
1940	498
1940	499
1943	499
1943	500
1945	500
1945	501
1950	501
1950	502
1952	502
1952	503
1957	503
1957	504
1958	504
1958	505
1963	505
1963	506
1964	506
1964	507
1968	507
1968	508
1969	508
1969	509
1971	509
1971	511
1970	511
1970	512
1967	512
1967	513
1964	513
1964	514
1963	514
1963	518
1962	518
1962	517
1961	517
1961	519
1960	519
1960	522
1961	522
1961	523
1960	523
1960	524
1961	524
1961	525
1960	525
1960	526
1961	526
1961	527
1969	527
1969	528
1973	528
1973	529
1979	529
1979	530
1981	530
1981	531
1982	531
1982	532
1985	532
1985	533
1987	533
1987	534
1989	534
1989	535
1990	535
1990	536
1993	536
1993	537
1996	537
1996	539
1998	539
1998	540
2002	540
2002	542
2004	542
2004	543
2005	543
2005	544
2006	544
2006	545
2008	545
2008	546
2010	546
2010	548
2014	548
2014	549
2015	549
2015	550
2018	550
2018	552
2019	552
2019	553
2022	553
2022	554
2023	554
2023	555
2026	555
2026	556
2027	556
2027	557
2030	557
2030	558
2032	558
2032	559
2034	559
2034	560
2035	560
2035	561
2038	561
2038	562
2040	562
2040	563
2043	563
2043	565
2048	565
2048	566
2050	566
2050	567
2053	567
2053	568
2056	568
2056	569
2058	569
2058	570
2061	570
2061	571
2064	571
2064	573
2068	573
2068	574
2071	574
2071	576
2072	576
2072	575
2076	575
2076	576
2077	576
2077	578
2082	578
2082	579
2085	579
2085	580
2086	580
2086	581
2089	581
2089	582
2092	582
2092	583
2094	583
2094	584
2097	584
2097	585
2098	585
2098	586
2102	586
2102	587
2106	587
2106	590
2110	590
2110	591
2111	591
2111	592
2115	592
2115	593
2118	593
2118	594
2121	594
2121	598
2123	598
2123	599
2126	599
2126	600
2127	600
2127	601
2126	601
2126	602
2128	602
2128	603
2131	603
2131	602
2132	602
2132	603
2133	603
2133	605
2136	605
2136	606
2137	606
2137	607
2135	607
2135	606
2127	606
2127	607
2117	607
2117	608
2116	608
2116	609
2103	609
2103	608
2093	608
2093	609
2083	609
2083	608
2074	608
2074	607
2068	607
2068	606
2062	606
2062	605
2056	605
2056	604
2054	604
2054	603
2044	603
2044	602
2016	602
2016	601
2011	601
2011	600
2007	600
2007	601
2006	601
2006	600
2005	600
2005	601
2003	601
2003	600
1983	600
1983	599
1973	599
1973	598
1970	598
1970	597
1966	597
1966	596
1963	596
1963	595
1962	595
1962	594
1958	594
1958	592
1949	592
1949	593
1948	593
1948	606
1943	606
1943	607
1942	607
1942	606
1938	606
1938	605
1933	605
1933	604
1930	604
1930	603
1925	603
1925	602
1921	602
1921	601
1919	601
1919	600
1917	600
1917	601
1916	601
1916	600
1912	600
1912	599
1910	599
1910	598
1909	598
1909	597
1904	597
1904	595
1902	595
1902	594
1900	594
1900	593
1899	593
1899	592
1897	592
1897	591
1896	591
1896	590
1894	590
1894	589
1893	589
1893	588
1891	588
1891	587
1885	587
1885	588
1884	588
1884	598
1885	598
1885	604
1884	604
1884	605
1883	605
1883	604
1880	604
1880	603
1878	603
1878	602
1871	602
1871	601
1868	601
1868	600
1866	600
1866	599
1862	599
1862	598
1858	598
1858	596
1857	596
1857	595
1856	595
1856	596
1854	596
1854	595
1852	595
1852	594
1851	594
1851	595
1850	595
1850	593
1846	593
1846	592
1842	592
1842	591
1839	591
1839	590
1834	590
1834	589
1833	589
1833	588
1831	588
1831	587
1830	587
1830	586
1828	586
1828	585
1825	585
1825	584
1823	584
1823	583
1822	583
1822	582
1821	582
1821	580
1819	580
1819	579
1818	579
1818	578
1816	578
1816	577
1814	577
1814	576
1807	576
1807	578
1804	578
1804	584
1802	584
1802	595
1797	595
1797	594
1792	594
1792	593
1791	593
1791	592
1788	592
1788	591
1787	591
1787	590
1784	590
1784	589
1783	589
1783	588
1779	588
1779	587
1778	587
1778	586
1776	586
1776	585
1775	585
1775	584
1771	584
1771	582
1770	582
1770	581
1768	581
1768	582
1767	582
1767	580
1764	580
1764	579
1762	579
1762	578
1759	578
1759	577
1755	577
1755	576
1754	576
1754	575
1750	575
1750	574
1748	574
1748	573
1746	573
1746	572
1745	572
1745	571
1743	571
1743	570
1742	570
1742	569
1740	569
1740	568
1739	568
1739	567
1736	567
1736	566
1735	566
1735	565
1734	565
1734	563
1733	563
1733	562
1731	562
1731	561
1730	561
1730	559
1729	559
1729	558
1728	558
1728	557
1720	557
1720	560
1719	560
1719	568
1718	568
1718	579
1719	579
1719	580
1718	580
1718	581
1713	581
1713	580
1707	580
1707	579
1704	579
1704	578
1699	578
1699	577
1697	577
1697	576
1695	576
1695	575
1692	575
1692	574
1691	574
1691	573
1688	573
1688	572
1686	572
1686	571
1684	571
1684	570
1680	570
1680	569
1679	569
1679	567
1675	567
1675	566
1673	566
1673	565
1671	565
1671	564
1667	564
1667	563
1665	563
1665	562
1664	562
1664	561
1663	561
1663	560
1662	560
1662	559
1659	559
1659	558
1658	558
1658	557
1655	557
1655	556
1654	556
1654	555
1653	555
1653	554
1652	554
1652	553
1649	553
1649	552
1648	552
1648	551
1646	551
1646	550
1645	550
1645	549
1644	549
1644	548
1643	548
1643	547
1642	547
1642	545
1640	545
1640	544
1639	544
1639	542
1631	542
1631	543
1630	543
1630	551
1629	551
1629	566
1625	566
1625	565
1621	565
1621	564
1618	564
1618	563
1612	563
1612	562
1607	562
1607	561
1606	561
1606	560
1605	560
1605	559
1600	559
1600	558
1599	558
1599	557
1597	557
1597	555
1592	555
1592	554
1591	554
1591	553
1590	553
1590	552
1588	552
1588	550
1584	550
1584	547
1583	547
1583	546
1582	546
1582	547
1581	547
1581	546
1579	546
1579	545
1578	545
1578	543
1576	543
1576	542
1574	542
1574	541
1573	541
1573	540
1572	540
1572	539
1571	539
1571	538
1568	538
1568	537
1567	537
1567	536
1565	536
1565	535
1564	535
1564	534
1563	534
1563	532
1561	532
1561	530
1559	530
1559	528
1558	528
1558	527
1557	527
1557	526
1555	526
1555	523
1554	523
1554	522
1551	522
1551	518
1550	518
1550	517
1548	517
1548	516
1547	516
1547	514
1546	514
1546	513
1545	513
1545	512
1544	512
1544	511
1539	511
1539	512
1537	512
1537	513
1536	513
1536	514
1537	514
1537	516
1536	516
1536	518
1535	518
1535	521
1534	521
1534	525
1533	525
1533	534
1530	534
1530	533
1529	533
1529	532
1527	532
1527	531
1526	531
1526	530
1522	530
1522	528
1519	528
1519	527
1518	527
1518	526
1516	526
1516	525
1515	525
1515	523
1514	523
1514	522
1512	522
1512	521
1511	521
1511	520
1510	520
1510	518
1509	518
1509	517
1504	517
1504	516
1503	516
1503	514
1502	514
1502	513
1499	513
1499	512
1498	512
1498	511
1497	511
1497	509
1494	509
1494	508
1491	508
1491	507
1489	507
1489	506
1488	506
1488	505
1487	505
1487	504
1486	504
1486	503
1485	503
1485	502
1484	502
1484	501
1480	501
1480	500
1479	500
1479	499
1478	499
1478	498
1477	498
1477	497
1474	497
1474	496
1473	496
1473	495
1472	495
1472	494
1470	494
1470	493
1469	493
1469	492
1467	492
1467	490
1466	490
1466	489
1465	489
1465	488
1464	488
1464	487
1463	487
1463	486
1461	486
1461	484
1459	484
1459	483
1460	483
1460	481
1459	481
1459	480
1457	480
1457	478
1455	478
1455	476
1454	476
1454	475
1453	475
1453	474
1452	474
1452	472
1450	472
1450	471
1445	471
1445	472
1441	472
1441	494
1438	494
1438	493
1425	493
1425	494
1424	494
1424	497
1421	497
1421	498
1420	498
1420	501
1418	501
1418	502
1416	502
1416	511
1420	511
1420	512
1426	512
1426	513
1430	513
1430	514
1432	514
1432	515
1433	515
1433	516
1437	516
1437	517
1441	517
1441	519
1446	519
1446	520
1449	520
1449	523
1453	523
1453	524
1457	524
1457	527
1459	527
1459	528
1462	528
1462	529
1465	529
1465	530
1466	530
1466	532
1469	532
1469	533
1470	533
1470	536
1478	536
1478	537
1480	537
1480	538
1482	538
1482	539
1483	539
1483	540
1486	540
1486	541
1487	541
1487	542
1490	542
1490	543
1491	543
1491	545
1494	545
1494	546
1496	546
1496	547
1498	547
1498	548
1499	548
1499	552
1498	552
1498	551
1497	551
1497	552
1494	552
1494	553
1492	553
1492	554
1491	554
1491	556
1489	556
1489	557
1488	557
1488	558
1486	558
1486	560
1485	560
1485	561
1483	561
1483	562
1482	562
1482	563
1480	563
1480	564
1479	564
1479	573
1484	573
1484	574
1489	574
1489	575
1491	575
1491	576
1494	576
1494	577
1496	577
1496	578
1499	578
1499	579
1503	579
1503	580
1504	580
1504	581
1508	581
1508	582
1511	582
1511	583
1512	583
1512	584
1513	584
1513	585
1515	585
1515	586
1520	586
1520	590
1524	590
1524	591
1527	591
1527	592
1528	592
1528	594
1531	594
1531	595
1532	595
1532	597
1533	597
1533	598
1537	598
1537	599
1539	599
1539	600
1542	600
1542	601
1543	601
1543	602
1544	602
1544	603
1546	603
1546	604
1547	604
1547	605
1548	605
1548	606
1550	606
1550	607
1552	607
1552	608
1553	608
1553	610
1554	610
1554	611
1557	611
1557	612
1558	612
1558	613
1559	613
1559	614
1561	614
1561	615
1562	615
1562	616
1563	616
1563	617
1565	617
1565	619
1568	619
1568	620
1569	620
1569	621
1568	621
1568	622
1569	622
1569	623
1570	623
1570	624
1572	624
1572	625
1574	625
1574	627
1575	627
1575	628
1576	628
1576	630
1577	630
1577	632
1570	632
1570	633
1569	633
1569	635
1567	635
1567	634
1566	634
1566	635
1565	635
1565	637
1564	637
1564	638
1554	638
1554	639
1553	639
1553	640
1550	640
1550	641
1549	641
1549	643
1548	643
1548	644
1545	644
1545	645
1544	645
1544	648
1545	648
1545	649
1544	649
1544	652
1545	652
1545	653
1546	653
1546	652
1549	652
1549	653
1552	653
1552	654
1555	654
1555	655
1557	655
1557	656
1559	656
1559	657
1561	657
