1556	604
1558	604
1558	606
1559	606
1559	607
1560	607
1560	608
1561	608
1561	609
1563	609
1563	611
1564	611
1564	612
1565	612
1565	613
1566	613
1566	614
1568	614
1568	615
1569	615
1569	616
1571	616
1571	617
1572	617
1572	618
1573	618
1573	620
1574	620
1574	619
1575	619
1575	620
1576	620
1576	621
1577	621
1577	622
1578	622
1578	623
1581	623
1581	624
1584	624
1584	625
1585	625
1585	626
1586	626
1586	627
1588	627
1588	628
1589	628
1589	629
1591	629
1591	630
1592	630
1592	631
1594	631
1594	633
1596	633
1596	637
1599	637
1599	639
1593	639
1593	638
1592	638
1592	641
1589	641
1589	642
1588	642
1588	643
1587	643
1587	645
1583	645
1583	646
1581	646
1581	647
1579	647
1579	648
1578	648
1578	649
1577	649
1577	650
1576	650
1576	658
1577	658
1577	659
1578	659
1578	660
1580	660
1580	661
1581	661
1581	662
1585	662
1585	663
1586	663
1586	664
1588	664
1588	665
1589	665
1589	666
1592	666
1592	667
1593	667
1593	668
1594	668
1594	669
1596	669
1596	670
1597	670
1597	671
1599	671
1599	672
1600	672
1600	673
1601	673
1601	675
1602	675
1602	676
1603	676
1603	677
1605	677
1605	678
1606	678
1606	679
1607	679
1607	680
1609	680
1609	683
1610	683
1610	684
1612	684
1612	685
1614	685
1614	687
1616	687
1616	688
1617	688
1617	689
1618	689
1618	691
1622	691
1622	692
1623	692
1623	693
1624	693
1624	694
1626	694
1626	695
1627	695
1627	696
1628	696
1628	698
1630	698
1630	699
1632	699
1632	701
1633	701
1633	702
1635	702
1635	703
1636	703
1636	704
1637	704
1637	705
1639	705
1639	706
1641	706
1641	708
1642	708
1642	709
1643	709
1643	710
1644	710
1644	711
1645	711
1645	712
1646	712
1646	714
1647	714
1647	715
1648	715
1648	716
1649	716
1649	719
1650	719
1650	721
1649	721
1649	720
1639	720
1639	721
1637	721
1637	722
1635	722
1635	723
1630	723
1630	724
1628	724
1628	726
1624	726
1624	727
1622	727
1622	729
1618	729
1618	731
1617	731
1617	738
1618	738
1618	739
1621	739
1621	740
1624	740
1624	741
1625	741
1625	743
1628	743
1628	745
1630	745
1630	746
1632	746
1632	747
1634	747
1634	748
1635	748
1635	749
1636	749
1636	750
1637	750
1637	752
1638	752
1638	753
1641	753
1641	754
1642	754
1642	755
1643	755
1643	757
1644	757
1644	758
1645	758
1645	759
1647	759
1647	760
1649	760
1649	763
1651	763
1651	764
1655	764
1655	772
1656	772
1656	775
1657	775
1657	774
1658	774
1658	775
1659	775
1659	778
1661	778
1661	781
1662	781
1662	782
1663	782
1663	784
1664	784
1664	785
1665	785
1665	788
1666	788
1666	789
1668	789
1668	792
1672	792
1672	793
1673	793
1673	794
1674	794
1674	795
1675	795
1675	797
1677	797
1677	798
1678	798
1678	800
1679	800
1679	803
1681	803
1681	806
1682	806
1682	807
1683	807
1683	810
1684	810
1684	811
1685	811
1685	814
1684	814
1684	815
1685	815
1685	816
1686	816
1686	819
1684	819
1684	818
1682	818
1682	817
1661	817
1661	818
1655	818
1655	819
1651	819
1651	820
1649	820
1649	821
1648	821
1648	828
1649	828
1649	829
1650	829
1650	830
1651	830
1651	831
1654	831
1654	834
1655	834
1655	835
1656	835
1656	836
1658	836
1658	837
1660	837
1660	838
1661	838
1661	840
1662	840
1662	841
1663	841
1663	842
1664	842
1664	843
1665	843
1665	844
1666	844
1666	845
1667	845
1667	847
1668	847
1668	848
1669	848
1669	849
1671	849
1671	850
1672	850
1672	854
1674	854
1674	855
1675	855
1675	857
1676	857
1676	858
1677	858
1677	859
1679	859
1679	861
1680	861
1680	864
1681	864
1681	865
1682	865
1682	866
1683	866
1683	869
1684	869
1684	870
1686	870
1686	873
1688	873
1688	874
1689	874
1689	875
1690	875
1690	877
1691	877
1691	878
1692	878
1692	880
1693	880
1693	882
1694	882
1694	883
1695	883
1695	884
1696	884
1696	885
1697	885
1697	886
1698	886
1698	887
1699	887
1699	889
1700	889
1700	890
1701	890
1701	891
1702	891
1702	892
1704	892
1704	894
1705	894
1705	895
1706	895
1706	898
1707	898
1707	899
1708	899
1708	901
1709	901
1709	902
1710	902
1710	903
1709	903
1709	904
1710	904
1710	905
1711	905
1711	910
1709	910
1709	909
1693	909
1693	910
1679	910
1679	911
1676	911
1676	912
1672	912
1672	919
1674	919
1674	921
1675	921
1675	923
1676	923
1676	924
1679	924
1679	926
1681	926
1681	927
1682	927
1682	928
1683	928
1683	930
1685	930
1685	931
1686	931
1686	934
1687	934
1687	935
1688	935
1688	937
1690	937
1690	939
1691	939
1691	940
1692	940
1692	941
1693	941
1693	944
1694	944
1694	946
1695	946
1695	947
1696	947
1696	951
1697	951
1697	952
1699	952
1699	955
1701	955
1701	959
1702	959
1702	960
1703	960
1703	964
1704	964
1704	965
1705	965
1705	967
1706	967
1706	970
1708	970
1708	974
1709	974
1709	975
1710	975
1710	976
1711	976
1711	978
1712	978
1712	981
1714	981
1714	984
1715	984
1715	988
1718	988
1718	991
1719	991
1719	992
1720	992
1720	994
1721	994
1721	995
1722	995
1722	996
1723	996
1723	997
1724	997
1724	1000
1725	1000
1725	1002
1726	1002
1726	1006
1727	1006
1727	1010
1728	1010
1728	1014
1725	1014
1725	1013
1717	1013
1717	1012
1697	1012
1697	1013
1692	1013
1692	1021
1694	1021
1694	1023
1695	1023
1695	1024
1697	1024
1697	1025
1698	1025
1698	1026
1699	1026
1699	1027
1701	1027
1701	1030
1702	1030
1702	1031
1704	1031
1704	1034
1705	1034
1705	1035
1708	1035
1708	1038
1707	1038
1707	1039
1710	1039
1710	1041
1711	1041
1711	1042
1715	1042
1715	1050
1716	1050
1716	1051
1718	1051
1718	1052
1719	1052
1719	1056
1720	1056
1720	1057
1721	1057
1721	1060
1722	1060
1722	1061
1723	1061
1723	1062
1724	1062
1724	1063
1723	1063
1723	1064
1725	1064
1725	1065
1726	1065
1726	1066
1727	1066
1727	1067
1728	1067
1728	1070
1729	1070
1729	1071
1730	1071
1730	1073
1731	1073
1731	1075
1732	1075
1732	1077
1733	1077
1733	1078
1734	1078
1734	1080
1735	1080
1735	1082
1736	1082
1736	1086
1737	1086
1737	1090
1738	1090
1738	1094
1737	1094
1737	1096
1734	1096
1734	1097
1733	1097
1733	1098
1728	1098
1728	1095
1726	1095
1726	1094
1719	1094
1719	1093
1717	1093
1717	1094
1715	1094
1715	1093
1714	1093
1714	1094
1710	1094
1710	1102
1711	1102
1711	1103
1712	1103
1712	1104
1713	1104
1713	1105
1714	1105
1714	1106
1715	1106
1715	1108
1716	1108
1716	1109
1717	1109
1717	1110
1718	1110
1718	1111
1719	1111
1719	1113
1720	1113
1720	1114
1721	1114
1721	1115
1722	1115
1722	1119
1723	1119
1723	1120
1724	1120
1724	1122
1725	1122
1725	1123
1724	1123
1724	1125
1726	1125
1726	1129
1728	1129
1728	1133
1729	1133
1729	1136
1732	1136
1732	1140
1733	1140
1733	1143
1735	1143
1735	1144
1736	1144
1736	1146
1737	1146
1737	1147
1738	1147
1738	1149
1739	1149
1739	1152
1741	1152
1741	1154
1742	1154
1742	1156
1743	1156
1743	1158
1744	1158
1744	1161
1745	1161
1745	1162
1746	1162
1746	1169
1747	1169
1747	1172
1746	1172
1746	1171
1740	1171
1740	1170
1728	1170
1728	1171
1723	1171
1723	1172
1722	1172
1722	1173
1721	1173
1721	1176
1722	1176
1722	1179
1723	1179
1723	1183
1724	1183
1724	1184
1725	1184
1725	1187
1726	1187
1726	1191
1727	1191
1727	1194
1728	1194
1728	1198
1729	1198
1729	1204
1730	1204
1730	1212
1731	1212
1731	1220
1732	1220
1732	1223
1733	1223
1733	1226
1734	1226
1734	1233
1735	1233
1735	1237
1736	1237
1736	1238
1737	1238
1737	1239
1736	1239
1736	1240
1737	1240
1737	1242
1738	1242
1738	1246
1739	1246
1739	1248
1740	1248
1740	1250
1741	1250
1741	1253
1740	1253
1740	1254
1741	1254
1741	1256
1742	1256
1742	1260
1743	1260
1743	1263
1744	1263
1744	1273
1745	1273
1745	1274
1746	1274
1746	1278
1747	1278
1747	1281
1748	1281
1748	1288
1749	1288
1749	1289
1750	1289
1750	1294
1751	1294
1751	1295
1752	1295
1752	1299
1753	1299
1753	1300
1754	1300
1754	1301
1753	1301
1753	1302
1754	1302
1754	1304
1755	1304
1755	1309
1756	1309
1756	1310
1757	1310
1757	1311
1758	1311
1758	1312
1759	1312
1759	1314
1760	1314
1760	1322
1761	1322
1761	1324
1763	1324
1763	1328
1764	1328
1764	1333
1765	1333
1765	1336
1766	1336
1766	1337
1767	1337
1767	1340
1768	1340
1768	1342
1769	1342
1769	1345
1770	1345
1770	1346
1771	1346
1771	1348
1770	1348
1770	1349
1771	1349
1771	1350
1772	1350
1772	1351
1773	1351
1773	1356
1774	1356
1774	1358
1775	1358
1775	1361
1776	1361
1776	1365
1777	1365
1777	1368
1778	1368
1778	1371
1779	1371
1779	1373
1780	1373
1780	1375
1781	1375
1781	1379
1782	1379
1782	1381
1783	1381
1783	1383
1784	1383
1784	1386
1786	1386
1786	1390
1787	1390
1787	1394
1788	1394
1788	1398
1789	1398
1789	1397
1790	1397
1790	1399
1788	1399
1788	1400
1790	1400
1790	1402
1791	1402
1791	1405
1792	1405
1792	1407
1793	1407
1793	1411
1794	1411
1794	1415
1795	1415
1795	1418
1796	1418
1796	1421
1793	1421
1793	1420
1791	1420
1791	1419
1790	1419
1790	1418
1791	1418
1791	1417
1789	1417
1789	1416
1787	1416
1787	1415
1786	1415
1786	1413
1784	1413
1784	1412
1783	1412
1783	1411
1782	1411
1782	1409
1781	1409
1781	1408
1779	1408
1779	1405
1778	1405
1778	1404
1777	1404
1777	1403
1776	1403
1776	1402
1775	1402
1775	1401
1774	1401
1774	1399
1773	1399
1773	1397
1772	1397
1772	1396
1771	1396
1771	1395
1770	1395
1770	1392
1768	1392
1768	1391
1767	1391
1767	1389
1766	1389
1766	1387
1765	1387
1765	1386
1764	1386
1764	1385
1763	1385
1763	1383
1762	1383
1762	1382
1761	1382
1761	1380
1760	1380
1760	1379
1759	1379
1759	1377
1757	1377
1757	1375
1756	1375
1756	1374
1755	1374
1755	1372
1754	1372
1754	1371
1753	1371
1753	1368
1751	1368
1751	1366
1750	1366
1750	1363
1749	1363
1749	1362
1748	1362
1748	1360
1747	1360
1747	1359
1746	1359
1746	1358
1745	1358
1745	1357
1744	1357
1744	1356
1743	1356
1743	1352
1742	1352
1742	1351
1741	1351
1741	1350
1740	1350
1740	1349
1739	1349
1739	1347
1738	1347
1738	1345
1737	1345
1737	1344
1736	1344
1736	1343
1735	1343
1735	1341
1734	1341
1734	1339
1732	1339
1732	1338
1731	1338
1731	1333
1730	1333
1730	1332
1728	1332
1728	1330
1727	1330
1727	1329
1726	1329
1726	1328
1725	1328
1725	1327
1724	1327
1724	1325
1723	1325
1723	1324
1722	1324
1722	1323
1721	1323
1721	1322
1722	1322
1722	1321
1719	1321
1719	1320
1718	1320
1718	1318
1717	1318
1717	1317
1716	1317
1716	1316
1715	1316
1715	1314
1714	1314
1714	1313
1713	1313
1713	1312
1712	1312
1712	1309
1711	1309
1711	1308
1710	1308
1710	1306
1709	1306
1709	1305
1708	1305
1708	1300
1703	1300
1703	1298
1702	1298
1702	1297
1701	1297
1701	1296
1700	1296
1700	1295
1699	1295
1699	1294
1698	1294
1698	1292
1696	1292
1696	1291
1695	1291
1695	1289
1693	1289
1693	1287
1692	1287
1692	1286
1691	1286
1691	1285
1690	1285
1690	1284
1689	1284
1689	1282
1688	1282
1688	1281
1687	1281
1687	1279
1686	1279
1686	1278
1685	1278
1685	1277
1684	1277
1684	1276
1683	1276
1683	1275
1682	1275
1682	1274
1681	1274
1681	1272
1679	1272
1679	1270
1678	1270
1678	1269
1677	1269
1677	1268
1676	1268
1676	1267
1675	1267
1675	1266
1674	1266
1674	1263
1672	1263
1672	1261
1670	1261
1670	1257
1668	1257
1668	1255
1667	1255
1667	1253
1666	1253
1666	1252
1665	1252
1665	1249
1664	1249
1664	1248
1663	1248
1663	1247
1662	1247
1662	1245
1661	1245
1661	1244
1654	1244
1654	1245
1653	1245
1653	1247
1651	1247
1651	1249
1650	1249
1650	1252
1649	1252
1649	1251
1648	1251
1648	1250
1646	1250
1646	1249
1645	1249
1645	1247
1644	1247
1644	1245
1643	1245
1643	1243
1642	1243
1642	1240
1641	1240
1641	1236
1640	1236
1640	1235
1639	1235
1639	1232
1638	1232
1638	1231
1637	1231
1637	1228
1635	1228
1635	1225
1634	1225
1634	1224
1633	1224
1633	1223
1632	1223
1632	1221
1631	1221
1631	1220
1630	1220
1630	1219
1629	1219
1629	1216
1628	1216
1628	1215
1627	1215
1627	1211
1626	1211
1626	1210
1625	1210
1625	1207
1623	1207
1623	1205
1622	1205
1622	1202
1621	1202
1621	1200
1620	1200
1620	1197
1619	1197
1619	1196
1618	1196
1618	1193
1611	1193
1611	1194
1610	1194
1610	1195
1608	1195
1608	1196
1607	1196
1607	1197
1606	1197
1606	1198
1605	1198
1605	1200
1604	1200
1604	1201
1603	1201
1603	1203
1601	1203
1601	1211
1600	1211
1600	1212
1599	1212
1599	1211
1598	1211
1598	1210
1597	1210
1597	1209
1596	1209
1596	1208
1595	1208
1595	1207
1594	1207
1594	1206
1593	1206
1593	1205
1592	1205
1592	1204
1591	1204
1591	1202
1590	1202
1590	1201
1589	1201
1589	1200
1588	1200
1588	1198
1587	1198
1587	1195
1586	1195
1586	1193
1585	1193
1585	1188
1584	1188
1584	1187
1583	1187
1583	1184
1582	1184
1582	1183
1581	1183
1581	1180
1580	1180
1580	1178
1579	1178
1579	1176
1578	1176
1578	1175
1577	1175
1577	1174
1576	1174
1576	1171
1575	1171
1575	1170
1574	1170
1574	1169
1575	1169
1575	1168
1574	1168
1574	1166
1573	1166
1573	1165
1572	1165
1572	1162
1571	1162
1571	1161
1570	1161
1570	1160
1569	1160
1569	1157
1568	1157
1568	1156
1567	1156
1567	1153
1566	1153
1566	1152
1565	1152
1565	1150
1564	1150
1564	1149
1563	1149
1563	1146
1562	1146
1562	1145
1563	1145
1563	1144
1562	1144
1562	1139
1561	1139
1561	1138
1560	1138
1560	1135
1559	1135
1559	1131
1558	1131
1558	1130
1551	1130
1551	1132
1550	1132
1550	1134
1549	1134
1549	1135
1548	1135
1548	1137
1547	1137
1547	1138
1546	1138
1546	1139
1545	1139
1545	1140
1544	1140
1544	1142
1542	1142
1542	1144
1541	1144
1541	1145
1540	1145
1540	1148
1539	1148
1539	1151
1538	1151
1538	1152
1537	1152
1537	1156
1534	1156
1534	1155
1533	1155
1533	1154
1532	1154
1532	1152
1531	1152
1531	1151
1529	1151
1529	1149
1528	1149
1528	1148
1527	1148
1527	1144
1526	1144
1526	1142
1525	1142
1525	1141
1524	1141
1524	1135
1523	1135
1523	1134
1522	1134
1522	1130
1521	1130
1521	1128
1520	1128
1520	1124
1519	1124
1519	1123
1518	1123
1518	1120
1517	1120
1517	1116
1516	1116
1516	1113
1515	1113
1515	1109
1514	1109
1514	1106
1513	1106
1513	1102
1512	1102
1512	1099
1511	1099
1511	1095
1510	1095
1510	1094
1509	1094
1509	1088
1508	1088
1508	1084
1507	1084
1507	1080
1500	1080
1500	1081
1499	1081
1499	1082
1498	1082
1498	1084
1496	1084
1496	1085
1494	1085
1494	1088
1492	1088
1492	1089
1491	1089
1491	1091
1490	1091
1490	1092
1489	1092
1489	1093
1488	1093
1488	1094
1486	1094
1486	1095
1485	1095
1485	1100
1484	1100
1484	1101
1482	1101
1482	1100
1481	1100
1481	1099
1480	1099
1480	1097
1479	1097
1479	1096
1478	1096
1478	1095
1477	1095
1477	1092
1476	1092
1476	1090
1475	1090
1475	1088
1474	1088
1474	1085
1473	1085
1473	1078
1472	1078
1472	1076
1471	1076
1471	1070
1470	1070
1470	1069
1469	1069
1469	1065
1468	1065
1468	1063
1467	1063
1467	1062
1466	1062
1466	1059
1465	1059
1465	1056
1464	1056
1464	1055
1463	1055
1463	1052
1462	1052
1462	1049
1461	1049
1461	1048
1460	1048
1460	1046
1459	1046
1459	1041
1458	1041
1458	1040
1457	1040
1457	1035
1456	1035
1456	1033
1455	1033
1455	1019
1454	1019
1454	1013
1447	1013
1447	1014
1445	1014
1445	1015
1444	1015
1444	1016
1443	1016
1443	1017
1441	1017
1441	1018
1439	1018
1439	1019
1438	1019
1438	1020
1437	1020
1437	1021
1436	1021
1436	1022
1435	1022
1435	1024
1434	1024
1434	1025
1433	1025
1433	1027
1432	1027
1432	1029
1431	1029
1431	1035
1430	1035
1430	1034
1429	1034
1429	1033
1427	1033
1427	1031
1426	1031
1426	1028
1425	1028
1425	1027
1423	1027
1423	1024
1422	1024
1422	1023
1421	1023
1421	1022
1420	1022
1420	1019
1419	1019
1419	1015
1418	1015
1418	1012
1417	1012
1417	1010
1416	1010
1416	1008
1415	1008
1415	1004
1414	1004
1414	1001
1413	1001
1413	1000
1412	1000
1412	999
1413	999
1413	998
1412	998
1412	997
1411	997
1411	993
1410	993
1410	989
1409	989
1409	985
1408	985
1408	984
1407	984
1407	980
1406	980
1406	975
1404	975
1404	974
1403	974
1403	973
1402	973
1402	968
1400	968
1400	964
1399	964
1399	961
1398	961
1398	960
1397	960
1397	957
1396	957
1396	956
1395	956
1395	953
1394	953
1394	950
1393	950
1393	946
1391	946
1391	932
1390	932
1390	917
1382	917
1382	918
1381	918
1381	919
1380	919
1380	920
1379	920
1379	921
1378	921
1378	922
1377	922
1377	923
1375	923
1375	924
1374	924
1374	925
1373	925
1373	927
1372	927
1372	928
1370	928
1370	929
1369	929
1369	930
1368	930
1368	932
1367	932
1367	933
1366	933
1366	934
1365	934
1365	935
1364	935
1364	944
1365	944
1365	945
1366	945
1366	950
1367	950
1367	953
1368	953
1368	955
1369	955
1369	959
1370	959
1370	962
1371	962
1371	965
1372	965
1372	966
1373	966
1373	967
1374	967
1374	968
1375	968
1375	973
1377	973
1377	976
1378	976
1378	978
1379	978
1379	981
1380	981
1380	984
1381	984
1381	987
1382	987
1382	1003
1381	1003
1381	1002
1380	1002
1380	1001
1379	1001
1379	1000
1378	1000
1378	999
1376	999
1376	998
1374	998
1374	997
1371	997
1371	996
1370	996
1370	995
1366	995
1366	994
1365	994
1365	993
1359	993
1359	992
1356	992
1356	991
1337	991
1337	992
1335	992
1335	998
1336	998
1336	1000
1337	1000
1337	1002
1338	1002
1338	1003
1339	1003
1339	1004
1338	1004
1338	1005
1339	1005
1339	1006
1340	1006
1340	1007
1341	1007
1341	1010
1342	1010
1342	1013
1343	1013
1343	1014
1344	1014
1344	1020
1345	1020
1345	1021
1346	1021
1346	1023
1347	1023
1347	1030
1348	1030
1348	1034
1349	1034
1349	1048
1350	1048
1350	1052
1351	1052
1351	1062
1352	1062
1352	1064
1353	1064
1353	1071
1354	1071
1354	1072
1355	1072
1355	1078
1356	1078
1356	1079
1357	1079
1357	1084
1358	1084
1358	1086
1359	1086
1359	1089
1360	1089
1360	1099
1361	1099
1361	1103
1362	1103
1362	1113
1361	1113
1361	1115
1360	1115
1360	1119
1359	1119
1359	1121
1357	1121
1357	1119
1356	1119
1356	1118
1355	1118
1355	1117
1354	1117
1354	1116
1352	1116
1352	1115
1351	1115
1351	1114
1349	1114
1349	1113
1348	1113
1348	1112
1347	1112
1347	1111
1344	1111
1344	1110
1343	1110
1343	1109
1340	1109
1340	1108
1336	1108
1336	1107
1331	1107
1331	1106
1321	1106
1321	1114
1322	1114
1322	1118
1323	1118
1323	1120
1324	1120
1324	1125
1325	1125
1325	1126
1326	1126
1326	1129
1327	1129
1327	1133
1328	1133
1328	1136
1329	1136
1329	1137
1330	1137
1330	1140
1331	1140
1331	1146
1332	1146
1332	1148
1333	1148
1333	1149
1332	1149
1332	1150
1333	1150
1333	1153
1334	1153
1334	1157
1335	1157
1335	1161
1336	1161
1336	1164
1337	1164
1337	1172
1338	1172
1338	1178
1339	1178
1339	1180
1340	1180
1340	1183
1341	1183
1341	1187
1342	1187
1342	1190
1343	1190
1343	1200
1342	1200
1342	1203
1341	1203
1341	1205
1340	1205
1340	1209
1338	1209
1338	1208
1337	1208
1337	1206
1336	1206
1336	1205
1335	1205
1335	1204
1334	1204
1334	1203
1331	1203
1331	1202
1330	1202
1330	1201
1328	1201
1328	1200
1325	1200
1325	1199
1323	1199
1323	1198
1319	1198
1319	1197
1315	1197
1315	1196
1313	1196
1313	1195
1298	1195
1298	1197
1297	1197
1297	1198
1298	1198
1298	1203
1299	1203
1299	1209
1300	1209
1300	1210
1301	1210
1301	1215
1302	1215
1302	1223
1304	1223
1304	1240
1303	1240
1303	1244
1302	1244
1302	1255
1301	1255
1301	1264
1300	1264
1300	1293
1301	1293
1301	1302
1300	1302
1300	1309
1299	1309
1299	1312
1298	1312
1298	1313
1297	1313
1297	1314
1296	1314
1296	1312
1295	1312
1295	1310
1294	1310
1294	1309
1293	1309
1293	1308
1291	1308
1291	1307
1289	1307
1289	1305
1288	1305
1288	1306
1287	1306
1287	1305
1286	1305
1286	1304
1281	1304
1281	1303
1274	1303
1274	1306
1273	1306
1273	1307
1274	1307
1274	1310
1275	1310
1275	1314
1276	1314
1276	1317
1277	1317
1277	1321
1278	1321
1278	1322
1279	1322
1279	1328
1280	1328
1280	1340
1281	1340
1281	1346
1282	1346
1282	1356
1281	1356
1281	1359
1280	1359
1280	1360
1279	1360
1279	1361
1278	1361
1278	1364
1277	1364
1277	1366
1274	1366
1274	1363
1273	1363
1273	1362
1271	1362
1271	1361
1269	1361
1269	1360
1268	1360
1268	1359
1264	1359
1264	1358
1261	1358
1261	1356
1260	1356
1260	1355
1250	1355
1250	1364
1251	1364
1251	1368
1252	1368
1252	1375
1253	1375
1253	1395
1252	1395
1252	1419
1251	1419
1251	1424
1250	1424
1250	1426
1249	1426
1249	1428
1248	1428
1248	1431
1245	1431
1245	1428
1243	1428
1243	1427
1241	1427
1241	1426
1239	1426
1239	1424
1231	1424
1231	1434
1232	1434
1232	1444
1231	1444
1231	1452
1230	1452
1230	1460
1229	1460
1229	1464
1228	1464
1228	1469
1227	1469
1227	1470
1226	1470
1226	1475
1224	1475
1224	1482
1223	1482
1223	1485
1222	1485
1222	1489
1221	1489
1221	1490
1220	1490
1220	1493
1219	1493
1219	1501
1218	1501
1218	1504
1217	1504
1217	1512
1216	1512
1216	1516
1215	1516
1215	1544
1214	1544
1214	1560
1215	1560
1215	1562
1214	1562
1214	1580
1215	1580
1215	1587
1214	1587
1214	1607
1215	1607
1215	1613
1216	1613
1216	1629
1217	1629
1217	1646
1218	1646
1218	1658
1219	1658
1219	1667
1218	1667
1218	1669
1217	1669
1217	1668
1216	1668
1216	1667
1215	1667
1215	1665
1214	1665
1214	1662
1212	1662
1212	1660
1211	1660
1211	1657
1210	1657
1210	1656
1209	1656
1209	1653
1208	1653
1208	1652
1207	1652
1207	1649
1206	1649
1206	1647
1207	1647
1207	1646
1205	1646
1205	1644
1204	1644
1204	1643
1203	1643
1203	1638
1201	1638
1201	1634
1200	1634
1200	1633
1199	1633
1199	1630
1198	1630
1198	1628
1197	1628
1197	1626
1196	1626
1196	1623
1195	1623
1195	1620
1194	1620
1194	1619
1193	1619
1193	1616
1192	1616
1192	1612
1191	1612
1191	1608
1190	1608
1190	1605
1189	1605
1189	1602
1188	1602
1188	1598
1187	1598
1187	1597
1186	1597
1186	1593
1185	1593
1185	1588
1184	1588
1184	1587
1183	1587
1183	1584
1182	1584
1182	1580
1181	1580
1181	1576
1180	1576
1180	1573
1179	1573
1179	1569
1178	1569
1178	1566
1177	1566
1177	1565
1176	1565
1176	1560
1175	1560
1175	1558
1174	1558
1174	1554
1173	1554
1173	1553
1174	1553
1174	1552
1173	1552
1173	1551
1172	1551
1172	1545
1171	1545
1171	1544
1170	1544
1170	1539
1169	1539
1169	1529
1168	1529
1168	1526
1167	1526
1167	1522
1166	1522
1166	1518
1165	1518
1165	1512
1164	1512
1164	1509
1163	1509
1163	1504
1162	1504
1162	1502
1161	1502
1161	1497
1160	1497
1160	1494
1159	1494
1159	1493
1158	1493
1158	1492
1157	1492
1157	1491
1156	1491
1156	1486
1155	1486
1155	1483
1154	1483
1154	1482
1152	1482
1152	1477
1151	1477
1151	1476
1150	1476
1150	1472
1149	1472
1149	1470
1148	1470
1148	1468
1147	1468
1147	1461
1146	1461
1146	1458
1140	1458
1140	1457
1139	1457
1139	1456
1138	1456
1138	1453
1137	1453
1137	1449
1136	1449
1136	1435
1135	1435
1135	1427
1134	1427
1134	1420
1133	1420
1133	1415
1132	1415
1132	1410
1131	1410
1131	1396
1130	1396
1130	1394
1129	1394
1129	1393
1128	1393
1128	1394
1123	1394
1123	1395
1120	1395
1120	1396
1118	1396
1118	1397
1116	1397
1116	1398
1115	1398
1115	1399
1112	1399
1112	1400
1111	1400
1111	1401
1109	1401
1109	1400
1108	1400
1108	1398
1107	1398
1107	1396
1106	1396
1106	1394
1105	1394
1105	1384
1106	1384
1106	1366
1105	1366
1105	1359
1104	1359
1104	1352
1103	1352
1103	1341
1102	1341
1102	1340
1101	1340
1101	1339
1102	1339
1102	1334
1103	1334
1103	1324
1102	1324
1102	1318
1094	1318
1094	1319
1090	1319
1090	1321
1088	1321
1088	1322
1086	1322
1086	1324
1084	1324
1084	1325
1083	1325
1083	1326
1082	1326
1082	1327
1081	1327
1081	1328
1080	1328
1080	1329
1079	1329
1079	1330
1077	1330
1077	1331
1076	1331
1076	1332
1075	1332
1075	1331
1073	1331
1073	1330
1072	1330
1072	1329
1070	1329
1070	1328
1069	1328
1069	1326
1068	1326
1068	1325
1067	1325
1067	1323
1066	1323
1066	1320
1065	1320
1065	1312
1064	1312
1064	1310
1065	1310
1065	1276
1064	1276
1064	1271
1065	1271
1065	1256
1066	1256
1066	1252
1067	1252
1067	1242
1066	1242
1066	1241
1064	1241
1064	1242
1063	1242
1063	1241
1061	1241
1061	1242
1057	1242
1057	1243
1056	1243
1056	1244
1053	1244
1053	1245
1051	1245
1051	1246
1050	1246
1050	1247
1048	1247
1048	1248
1045	1248
1045	1249
1044	1249
1044	1250
1042	1250
1042	1251
1041	1251
1041	1252
1040	1252
1040	1253
1039	1253
1039	1255
1038	1255
1038	1256
1037	1256
1037	1255
1036	1255
1036	1254
1035	1254
1035	1250
1034	1250
1034	1247
1033	1247
1033	1234
1034	1234
1034	1224
1035	1224
1035	1219
1036	1219
1036	1214
1037	1214
1037	1213
1036	1213
1036	1209
1037	1209
1037	1208
1036	1208
1036	1203
1037	1203
1037	1199
1038	1199
1038	1193
1039	1193
1039	1190
1040	1190
1040	1187
1041	1187
1041	1183
1042	1183
1042	1179
1043	1179
1043	1177
1044	1177
1044	1176
1045	1176
1045	1173
1046	1173
1046	1163
1035	1163
1035	1164
1032	1164
1032	1165
1030	1165
1030	1166
1028	1166
1028	1167
1026	1167
1026	1168
1024	1168
1024	1169
1022	1169
1022	1170
1021	1170
1021	1171
1019	1171
1019	1172
1016	1172
1016	1173
1015	1173
1015	1176
1013	1176
1013	1177
1012	1177
1012	1176
1011	1176
1011	1170
1010	1170
1010	1158
1011	1158
1011	1151
1012	1151
1012	1147
1013	1147
1013	1138
1014	1138
1014	1136
1015	1136
1015	1129
1016	1129
1016	1123
1017	1123
1017	1121
1018	1121
1018	1118
1019	1118
1019	1115
1020	1115
1020	1111
1021	1111
1021	1110
1022	1110
1022	1107
1023	1107
1023	1101
1024	1101
1024	1100
1023	1100
1023	1099
1024	1099
1024	1097
1023	1097
1023	1096
1014	1096
1014	1097
1013	1097
1013	1098
1009	1098
1009	1099
1006	1099
1006	1100
1005	1100
1005	1101
1002	1101
1002	1102
999	1102
999	1103
998	1103
998	1104
994	1104
994	1105
993	1105
993	1106
991	1106
991	1108
989	1108
989	1094
990	1094
990	1092
991	1092
991	1085
992	1085
992	1081
993	1081
993	1071
994	1071
994	1066
995	1066
995	1058
996	1058
996	1056
997	1056
997	1049
998	1049
998	1042
999	1042
999	1039
1000	1039
1000	1031
1001	1031
1001	1028
1002	1028
1002	1027
1003	1027
1003	1022
1004	1022
1004	1020
1005	1020
1005	1015
1006	1015
1006	1013
1007	1013
1007	1009
1008	1009
1008	1002
1006	1002
1006	1001
1002	1001
1002	1002
1001	1002
1001	1001
1000	1001
1000	1002
995	1002
995	1003
993	1003
993	1004
989	1004
989	1005
987	1005
987	1006
986	1006
986	1007
983	1007
983	1008
980	1008
980	1009
979	1009
979	1010
977	1010
977	1011
976	1011
976	1012
975	1012
975	1013
974	1013
974	1014
973	1014
973	1015
972	1015
972	1016
971	1016
971	1015
970	1015
970	1013
969	1013
969	995
971	995
971	989
972	989
972	987
973	987
973	983
974	983
974	981
975	981
975	978
976	978
976	977
978	977
978	968
979	968
979	967
978	967
978	966
979	966
979	964
980	964
980	959
981	959
981	955
982	955
982	952
983	952
983	951
984	951
984	948
985	948
985	944
986	944
986	941
988	941
988	936
989	936
989	934
990	934
990	932
991	932
991	930
993	930
993	922
990	922
990	921
984	921
984	922
976	922
976	923
969	923
969	924
965	924
965	925
964	925
964	926
962	926
962	927
961	927
961	929
959	929
959	928
958	928
958	926
959	926
959	916
960	916
960	912
961	912
961	911
962	911
962	906
963	906
963	904
964	904
964	902
965	902
965	900
966	900
966	897
967	897
967	896
968	896
968	894
969	894
969	891
970	891
970	890
971	890
971	886
972	886
972	883
973	883
973	876
974	876
974	872
975	872
975	865
976	865
976	862
977	862
977	855
978	855
978	854
979	854
979	853
980	853
980	851
981	851
981	850
982	850
982	847
983	847
983	846
984	846
984	842
985	842
985	841
986	841
986	839
987	839
987	838
988	838
988	830
977	830
977	831
974	831
974	832
972	832
972	833
968	833
968	834
965	834
965	835
962	835
962	836
959	836
959	837
958	837
958	838
957	838
957	839
956	839
956	841
954	841
954	840
953	840
953	829
954	829
954	828
955	828
955	822
956	822
956	821
957	821
957	817
958	817
958	809
957	809
957	808
956	808
956	807
955	807
955	806
954	806
954	805
952	805
952	804
951	804
951	803
949	803
949	801
946	801
946	800
943	800
943	799
934	799
934	800
935	800
935	807
934	807
934	809
935	809
935	810
936	810
936	818
937	818
937	830
936	830
936	835
935	835
935	840
934	840
934	848
933	848
933	863
932	863
932	870
931	870
931	882
930	882
930	883
929	883
929	886
928	886
928	887
927	887
927	888
926	888
926	889
925	889
925	890
926	890
926	891
925	891
925	893
924	893
924	894
923	894
923	893
922	893
922	889
921	889
921	887
920	887
920	886
919	886
919	885
917	885
917	883
916	883
916	882
915	882
915	881
913	881
913	880
912	880
912	879
911	879
911	878
910	878
910	877
909	877
909	876
908	876
908	875
906	875
906	874
905	874
905	873
904	873
904	872
902	872
902	871
901	871
901	870
899	870
899	869
892	869
892	880
891	880
891	892
890	892
890	893
889	893
889	895
890	895
890	898
889	898
889	902
888	902
888	904
887	904
887	910
885	910
885	913
884	913
884	917
882	917
882	922
881	922
881	923
880	923
880	928
879	928
879	931
878	931
878	936
877	936
877	941
876	941
876	942
875	942
875	946
874	946
874	950
873	950
873	955
872	955
872	956
871	956
871	958
870	958
870	961
869	961
869	964
868	964
868	966
867	966
867	967
866	967
866	969
865	969
865	970
864	970
864	973
863	973
863	974
862	974
862	975
861	975
861	976
859	976
859	971
858	971
858	970
857	970
857	969
856	969
856	968
855	968
855	967
854	967
854	966
853	966
853	965
852	965
852	964
851	964
851	962
850	962
850	961
848	961
848	959
846	959
846	957
844	957
844	955
842	955
842	954
841	954
841	953
839	953
839	951
832	951
832	955
831	955
831	958
832	958
832	963
831	963
831	976
830	976
830	980
829	980
829	983
828	983
828	986
827	986
827	989
826	989
826	993
825	993
825	997
824	997
824	999
823	999
823	1000
822	1000
822	1001
821	1001
821	1007
820	1007
820	1008
819	1008
819	1012
818	1012
818	1014
817	1014
817	1019
816	1019
816	1021
815	1021
815	1025
814	1025
814	1028
813	1028
813	1031
812	1031
812	1032
811	1032
811	1034
810	1034
810	1037
809	1037
809	1039
808	1039
808	1040
807	1040
807	1041
806	1041
806	1042
805	1042
805	1043
804	1043
804	1044
803	1044
803	1045
802	1045
802	1046
801	1046
801	1047
798	1047
798	1040
797	1040
797	1039
796	1039
796	1038
795	1038
795	1037
794	1037
794	1035
793	1035
793	1034
792	1034
792	1033
791	1033
791	1032
790	1032
790	1031
789	1031
789	1030
788	1030
788	1029
787	1029
787	1027
786	1027
786	1026
785	1026
785	1025
784	1025
784	1024
776	1024
776	1027
775	1027
775	1029
776	1029
776	1030
775	1030
775	1032
774	1032
774	1036
773	1036
773	1037
772	1037
772	1040
771	1040
771	1041
770	1041
770	1044
769	1044
769	1048
768	1048
768	1050
767	1050
767	1051
766	1051
766	1055
765	1055
765	1056
764	1056
764	1059
763	1059
763	1062
762	1062
762	1064
761	1064
761	1065
760	1065
760	1067
759	1067
759	1071
758	1071
758	1072
757	1072
757	1076
755	1076
755	1080
754	1080
754	1081
753	1081
753	1084
752	1084
752	1088
750	1088
750	1089
749	1089
749	1090
748	1090
748	1093
747	1093
747	1095
745	1095
745	1097
744	1097
744	1098
742	1098
742	1099
741	1099
741	1100
740	1100
740	1098
739	1098
739	1097
740	1097
740	1096
739	1096
739	1091
737	1091
737	1090
736	1090
736	1089
734	1089
734	1088
733	1088
733	1087
732	1087
732	1084
730	1084
730	1083
728	1083
728	1081
727	1081
727	1080
719	1080
719	1081
718	1081
718	1084
717	1084
717	1088
716	1088
716	1091
715	1091
715	1095
714	1095
714	1098
713	1098
713	1099
712	1099
712	1104
711	1104
711	1105
709	1105
709	1106
708	1106
708	1110
707	1110
707	1112
706	1112
706	1113
705	1113
705	1115
704	1115
704	1117
703	1117
703	1120
701	1120
701	1123
700	1123
700	1124
699	1124
699	1128
698	1128
698	1131
697	1131
697	1132
696	1132
696	1133
695	1133
695	1134
694	1134
694	1137
692	1137
692	1140
691	1140
691	1142
690	1142
690	1144
689	1144
689	1148
688	1148
688	1149
685	1149
685	1150
684	1150
684	1152
682	1152
682	1154
681	1154
681	1155
680	1155
680	1156
676	1156
676	1157
674	1157
674	1156
673	1156
673	1150
672	1150
672	1148
671	1148
671	1143
670	1143
670	1142
669	1142
669	1141
670	1141
670	1140
668	1140
668	1139
667	1139
667	1137
666	1137
666	1134
665	1134
665	1131
663	1131
663	1129
661	1129
661	1127
655	1127
655	1126
654	1126
654	1127
652	1127
652	1133
651	1133
651	1135
650	1135
650	1136
651	1136
651	1137
650	1137
650	1138
649	1138
649	1139
648	1139
648	1143
647	1143
647	1145
645	1145
645	1149
643	1149
643	1152
642	1152
642	1153
641	1153
641	1154
640	1154
640	1156
639	1156
639	1157
638	1157
638	1158
636	1158
636	1161
634	1161
634	1162
633	1162
633	1164
632	1164
632	1165
631	1165
631	1166
630	1166
630	1167
628	1167
628	1168
627	1168
627	1169
626	1169
626	1170
625	1170
625	1171
624	1171
624	1172
623	1172
623	1173
622	1173
622	1174
620	1174
620	1175
619	1175
619	1176
618	1176
618	1178
616	1178
616	1180
614	1180
614	1181
613	1181
613	1182
612	1182
612	1183
610	1183
610	1185
609	1185
609	1186
608	1186
608	1187
607	1187
607	1188
606	1188
606	1189
605	1189
605	1190
604	1190
604	1192
603	1192
603	1193
602	1193
602	1194
601	1194
601	1196
600	1196
600	1197
599	1197
599	1198
598	1198
598	1200
597	1200
597	1202
596	1202
596	1204
595	1204
595	1205
594	1205
594	1206
593	1206
593	1207
592	1207
592	1209
591	1209
591	1210
590	1210
590	1211
589	1211
589	1212
588	1212
588	1213
587	1213
587	1214
585	1214
585	1216
582	1216
582	1214
581	1214
581	1207
580	1207
580	1203
579	1203
579	1202
578	1202
578	1200
577	1200
577	1199
576	1199
576	1198
575	1198
575	1196
572	1196
572	1195
571	1195
571	1196
568	1196
568	1198
567	1198
567	1201
566	1201
566	1202
565	1202
565	1204
564	1204
564	1207
562	1207
562	1209
561	1209
561	1211
560	1211
560	1212
559	1212
559	1213
558	1213
558	1214
557	1214
557	1215
556	1215
556	1216
555	1216
555	1217
554	1217
554	1218
553	1218
553	1219
552	1219
552	1220
551	1220
551	1221
550	1221
550	1222
549	1222
549	1223
548	1223
548	1224
547	1224
547	1225
546	1225
546	1226
545	1226
545	1227
544	1227
544	1228
542	1228
542	1230
541	1230
541	1232
540	1232
540	1233
539	1233
539	1235
538	1235
538	1236
536	1236
536	1237
535	1237
535	1238
534	1238
534	1240
533	1240
533	1241
530	1241
530	1242
529	1242
529	1244
527	1244
527	1245
526	1245
526	1246
524	1246
524	1248
523	1248
523	1249
522	1249
522	1250
521	1250
521	1251
520	1251
520	1252
519	1252
519	1253
518	1253
518	1252
517	1252
517	1255
516	1255
516	1256
515	1256
515	1257
514	1257
514	1258
513	1258
513	1259
512	1259
512	1260
511	1260
511	1261
509	1261
509	1264
508	1264
508	1265
506	1265
506	1266
507	1266
507	1267
506	1267
506	1269
505	1269
505	1270
504	1270
504	1272
502	1272
502	1274
501	1274
501	1275
499	1275
499	1276
498	1276
498	1279
497	1279
497	1281
496	1281
496	1282
495	1282
495	1283
493	1283
493	1285
492	1285
492	1286
491	1286
491	1288
489	1288
489	1290
488	1290
488	1291
486	1291
486	1293
484	1293
484	1294
482	1294
482	1296
481	1296
481	1297
480	1297
480	1298
478	1298
478	1300
477	1300
477	1301
476	1301
476	1302
475	1302
475	1303
474	1303
474	1304
473	1304
473	1305
472	1305
472	1306
471	1306
471	1308
470	1308
470	1309
469	1309
469	1311
468	1311
468	1313
467	1313
467	1314
466	1314
466	1315
465	1315
465	1316
464	1316
464	1317
463	1317
463	1318
462	1318
462	1320
461	1320
461	1321
460	1321
460	1322
459	1322
459	1324
458	1324
458	1326
456	1326
456	1329
455	1329
455	1330
453	1330
453	1332
451	1332
451	1334
450	1334
450	1336
449	1336
449	1338
448	1338
448	1339
447	1339
447	1340
446	1340
446	1342
445	1342
445	1343
444	1343
444	1346
443	1346
443	1347
442	1347
442	1348
441	1348
441	1351
440	1351
440	1352
439	1352
439	1353
438	1353
438	1354
437	1354
437	1357
436	1357
436	1358
435	1358
435	1359
434	1359
434	1360
433	1360
433	1364
432	1364
432	1365
431	1365
431	1366
430	1366
430	1367
429	1367
429	1368
430	1368
430	1369
429	1369
429	1371
428	1371
428	1372
427	1372
427	1374
426	1374
426	1375
425	1375
425	1377
424	1377
424	1379
423	1379
423	1380
422	1380
422	1381
421	1381
421	1383
420	1383
420	1384
419	1384
419	1386
418	1386
418	1387
417	1387
417	1386
416	1386
416	1385
415	1385
415	1378
416	1378
416	1372
417	1372
417	1368
418	1368
418	1364
419	1364
419	1356
420	1356
420	1355
421	1355
421	1350
422	1350
422	1346
423	1346
423	1343
424	1343
424	1340
425	1340
425	1332
426	1332
426	1331
427	1331
427	1328
428	1328
428	1325
429	1325
429	1324
430	1324
430	1320
431	1320
431	1317
432	1317
432	1315
433	1315
433	1313
434	1313
434	1310
435	1310
435	1307
436	1307
436	1306
437	1306
437	1300
438	1300
438	1299
439	1299
439	1295
440	1295
440	1292
441	1292
441	1288
442	1288
442	1287
443	1287
443	1284
444	1284
444	1278
445	1278
445	1277
447	1277
447	1276
448	1276
448	1273
449	1273
449	1272
450	1272
450	1268
451	1268
451	1265
452	1265
452	1260
453	1260
453	1256
454	1256
454	1251
455	1251
455	1246
456	1246
456	1245
457	1245
457	1242
458	1242
458	1238
459	1238
459	1235
460	1235
460	1233
461	1233
461	1231
462	1231
462	1227
463	1227
463	1226
464	1226
464	1224
465	1224
465	1222
466	1222
466	1220
467	1220
467	1219
468	1219
468	1216
469	1216
469	1212
470	1212
470	1207
471	1207
471	1204
472	1204
472	1202
473	1202
473	1198
474	1198
474	1195
475	1195
475	1192
476	1192
476	1191
477	1191
477	1187
478	1187
478	1186
479	1186
479	1183
480	1183
480	1180
481	1180
481	1176
482	1176
482	1174
483	1174
483	1172
484	1172
484	1170
485	1170
485	1169
487	1169
487	1167
488	1167
488	1166
489	1166
489	1165
490	1165
490	1158
486	1158
486	1157
475	1157
475	1158
473	1158
473	1151
475	1151
475	1147
477	1147
477	1143
479	1143
479	1142
478	1142
478	1141
479	1141
479	1140
480	1140
480	1139
481	1139
481	1138
482	1138
482	1135
483	1135
483	1134
484	1134
484	1133
485	1133
485	1132
486	1132
486	1129
487	1129
487	1127
488	1127
488	1126
489	1126
489	1125
490	1125
490	1117
492	1117
492	1116
493	1116
493	1114
494	1114
494	1111
495	1111
495	1107
496	1107
496	1103
497	1103
497	1100
498	1100
498	1099
499	1099
499	1095
500	1095
500	1093
501	1093
501	1089
503	1089
503	1086
504	1086
504	1082
507	1082
507	1079
508	1079
508	1078
509	1078
509	1075
511	1075
511	1073
512	1073
512	1072
513	1072
513	1069
515	1069
515	1068
516	1068
516	1067
517	1067
517	1066
518	1066
518	1064
519	1064
519	1063
522	1063
522	1056
519	1056
519	1054
514	1054
514	1053
507	1053
507	1052
488	1052
488	1053
484	1053
484	1055
483	1055
483	1054
482	1054
482	1049
483	1049
483	1048
484	1048
484	1047
483	1047
483	1046
484	1046
484	1043
485	1043
485	1041
486	1041
486	1040
487	1040
487	1037
488	1037
488	1035
490	1035
490	1034
491	1034
491	1031
492	1031
492	1030
493	1030
493	1028
494	1028
494	1027
496	1027
496	1026
497	1026
497	1025
498	1025
498	1023
500	1023
500	1020
504	1020
504	1017
506	1017
506	1013
509	1013
509	1010
511	1010
511	1007
512	1007
512	1005
513	1005
513	1004
514	1004
514	1003
515	1003
515	1002
516	1002
516	1001
518	1001
518	1000
519	1000
519	998
520	998
520	995
523	995
523	994
525	994
525	992
527	992
527	991
528	991
528	990
529	990
529	989
530	989
530	988
531	988
531	987
532	987
532	986
535	986
535	985
536	985
536	984
538	984
538	977
536	977
536	976
534	976
534	977
533	977
533	976
530	976
530	977
529	977
529	976
528	976
528	975
504	975
504	974
503	974
503	975
501	975
501	973
503	973
503	971
502	971
502	970
503	970
503	966
505	966
505	964
506	964
506	961
507	961
507	960
508	960
508	959
510	959
510	958
511	958
511	957
512	957
512	955
514	955
514	953
516	953
516	952
517	952
517	951
518	951
518	950
517	950
517	949
518	949
518	948
520	948
520	946
522	946
522	944
524	944
524	942
525	942
525	941
527	941
527	939
528	939
528	937
531	937
531	934
532	934
532	933
533	933
533	930
534	930
534	928
535	928
535	927
536	927
536	926
537	926
537	924
538	924
538	923
539	923
539	919
543	919
543	918
544	918
544	916
545	916
545	915
546	915
546	914
547	914
547	912
549	912
549	911
550	911
550	910
551	910
551	908
553	908
553	907
555	907
555	906
558	906
558	904
560	904
560	903
562	903
562	896
559	896
559	895
558	895
558	894
554	894
554	893
546	893
546	892
541	892
541	891
530	891
530	890
529	890
529	889
530	889
530	885
532	885
532	883
533	883
533	881
534	881
534	880
535	880
535	879
537	879
537	877
538	877
538	876
539	876
539	875
540	875
540	874
541	874
541	873
542	873
542	872
543	872
543	871
544	871
544	870
545	870
545	869
547	869
547	867
549	867
549	865
551	865
551	864
552	864
552	863
553	863
553	862
554	862
554	861
555	861
555	858
557	858
557	857
558	857
558	856
559	856
559	854
560	854
560	853
561	853
561	850
563	850
563	848
564	848
564	847
566	847
566	844
567	844
567	843
568	843
568	840
570	840
570	839
571	839
571	837
572	837
572	836
573	836
573	832
576	832
576	831
578	831
578	830
577	830
577	829
579	829
579	828
581	828
581	827
580	827
580	825
581	825
581	824
582	824
582	823
583	823
583	822
584	822
584	821
585	821
585	820
587	820
587	818
590	818
590	817
591	817
591	815
592	815
592	814
594	814
594	813
595	813
595	812
598	812
598	810
601	810
601	809
602	809
602	808
605	808
605	801
602	801
602	800
600	800
600	799
599	799
599	798
597	798
597	797
596	797
596	798
595	798
595	797
594	797
594	796
591	796
591	794
586	794
586	793
583	793
583	794
582	794
582	793
578	793
578	792
576	792
576	791
575	791
575	792
574	792
574	791
568	791
568	792
567	792
567	791
568	791
568	789
569	789
569	788
570	788
570	786
571	786
571	785
573	785
573	782
574	782
574	781
575	781
575	780
576	780
576	779
577	779
577	777
579	777
579	776
580	776
580	774
582	774
582	773
584	773
584	772
585	772
585	771
587	771
587	768
589	768
589	767
591	767
591	763
596	763
596	760
598	760
598	759
599	759
599	757
601	757
601	756
603	756
603	754
604	754
604	752
607	752
607	749
610	749
610	748
611	748
611	747
612	747
612	746
613	746
613	745
614	745
614	744
615	744
615	743
616	743
616	742
619	742
619	741
620	741
620	742
621	742
621	739
622	739
622	738
624	738
624	737
627	737
627	736
629	736
629	735
631	735
631	734
634	734
634	732
635	732
635	730
634	730
634	728
635	728
635	727
634	727
634	725
631	725
631	724
630	724
630	723
627	723
627	722
624	722
624	721
623	721
623	720
620	720
620	719
618	719
618	718
616	718
616	717
611	717
611	716
608	716
608	717
607	717
607	716
606	716
606	717
603	717
603	716
604	716
604	714
605	714
605	711
606	711
606	709
607	709
607	707
610	707
610	705
612	705
612	704
613	704
613	703
614	703
614	702
615	702
615	701
617	701
617	700
618	700
618	699
620	699
620	698
621	698
621	697
623	697
623	695
625	695
625	694
627	694
627	692
630	692
630	691
631	691
631	689
632	689
632	688
634	688
634	687
637	687
637	685
638	685
638	684
639	684
639	683
641	683
641	682
642	682
642	680
645	680
645	679
646	679
646	678
647	678
647	677
648	677
648	675
651	675
651	674
652	674
652	673
653	673
653	672
654	672
654	671
659	671
659	670
660	670
660	669
662	669
662	668
663	668
663	667
666	667
666	666
667	666
667	665
668	665
668	664
670	664
670	662
671	662
671	661
670	661
670	659
671	659
671	658
670	658
670	657
667	657
667	655
663	655
663	654
661	654
661	653
658	653
658	652
657	652
657	651
654	651
654	650
653	650
653	649
647	649
647	647
648	647
648	646
649	646
649	645
650	645
650	644
652	644
652	643
653	643
653	640
654	640
654	639
655	639
655	638
657	638
657	637
660	637
660	635
661	635
661	634
662	634
662	633
664	633
664	632
665	632
665	631
666	631
666	630
667	630
667	629
671	629
671	628
672	628
672	627
674	627
674	626
675	626
675	625
676	625
676	624
677	624
677	623
678	623
678	622
681	622
681	621
682	621
682	619
683	619
683	618
685	618
685	616
687	616
687	615
688	615
688	614
689	614
689	612
690	612
690	611
692	611
692	610
693	610
693	609
694	609
694	608
695	608
695	607
696	607
696	606
698	606
698	605
700	605
700	604
703	604
703	602
704	602
704	601
706	601
706	600
707	600
707	598
709	598
709	597
711	597
711	595
714	595
714	593
717	593
717	592
718	592
718	591
721	591
721	590
722	590
722	591
723	591
723	589
725	589
725	588
726	588
726	587
728	587
728	580
725	580
725	579
724	579
724	578
723	578
723	577
722	577
722	576
719	576
719	575
717	575
717	574
716	574
716	573
714	573
714	572
713	572
713	571
712	571
712	572
710	572
710	571
706	571
706	572
705	572
705	573
704	573
704	574
702	574
702	576
701	576
701	578
700	578
700	579
699	579
699	580
698	580
698	581
697	581
697	582
696	582
696	583
695	583
695	584
694	584
694	586
693	586
693	587
691	587
691	588
690	588
690	587
689	587
689	589
688	589
688	591
685	591
685	592
684	592
684	593
682	593
682	594
681	594
681	595
680	595
680	596
678	596
678	597
676	597
676	596
677	596
677	595
678	595
678	594
677	594
677	592
678	592
678	591
677	591
677	586
676	586
676	579
675	579
675	574
674	574
674	573
669	573
669	574
667	574
667	575
666	575
666	577
665	577
665	578
664	578
664	579
663	579
663	580
662	580
662	581
661	581
661	582
660	582
660	583
659	583
659	584
657	584
657	585
656	585
656	587
655	587
655	588
654	588
654	589
652	589
652	590
651	590
651	591
650	591
650	592
649	592
649	593
646	593
646	594
645	594
645	595
643	595
643	596
642	596
642	597
640	597
640	598
638	598
638	599
637	599
637	600
636	600
636	601
635	601
635	602
633	602
633	603
632	603
632	604
630	604
630	605
628	605
628	606
625	606
625	607
624	607
624	609
622	609
622	610
621	610
621	612
620	612
620	613
618	613
618	614
617	614
617	616
615	616
615	617
614	617
614	618
613	618
613	619
612	619
612	620
611	620
611	621
610	621
610	622
609	622
609	623
608	623
608	624
606	624
606	625
605	625
605	626
601	626
601	627
598	627
598	615
597	615
597	613
596	613
596	609
595	609
595	605
594	605
594	604
593	604
593	603
586	603
586	604
585	604
585	605
584	605
584	606
583	606
583	607
582	607
582	608
581	608
581	609
580	609
580	610
577	610
577	611
576	611
576	612
575	612
575	613
574	613
574	614
571	614
571	615
570	615
570	616
568	616
568	617
567	617
567	618
565	618
565	619
564	619
564	620
562	620
562	621
560	621
560	622
558	622
558	624
555	624
555	625
554	625
554	626
551	626
551	627
549	627
549	628
547	628
547	629
546	629
546	630
545	630
545	631
544	631
544	632
542	632
542	633
541	633
541	634
540	634
540	635
537	635
537	636
534	636
534	637
532	637
532	638
530	638
530	639
528	639
528	640
526	640
526	641
524	641
524	642
520	642
520	644
519	644
519	645
518	645
518	644
517	644
517	646
514	646
514	644
515	644
515	632
514	632
514	625
513	625
513	620
505	620
505	621
504	621
504	622
502	622
502	623
501	623
501	624
500	624
500	625
498	625
498	626
497	626
497	627
496	627
496	628
494	628
494	629
492	629
492	630
491	630
491	631
489	631
489	632
488	632
488	633
485	633
485	634
484	634
484	635
481	635
481	636
477	636
477	638
473	638
473	639
470	639
470	640
468	640
468	642
465	642
465	643
463	643
463	644
461	644
461	645
457	645
457	647
456	647
456	648
452	648
452	649
449	649
449	650
447	650
447	651
440	651
440	652
439	652
439	651
437	651
437	649
438	649
438	648
439	648
439	647
440	647
440	629
439	629
439	628
437	628
437	627
436	627
436	628
433	628
433	629
432	629
432	630
431	630
431	631
430	631
430	632
429	632
429	633
427	633
427	634
426	634
426	635
425	635
425	636
421	636
421	637
420	637
420	638
418	638
418	639
417	639
417	640
414	640
414	641
413	641
413	642
409	642
409	643
405	643
405	644
404	644
404	645
401	645
401	646
400	646
400	647
398	647
398	648
395	648
395	649
392	649
392	650
390	650
390	651
387	651
387	652
386	652
386	653
382	653
382	654
380	654
380	655
379	655
379	656
376	656
376	657
372	657
372	658
368	658
368	659
363	659
363	657
364	657
364	656
365	656
365	653
366	653
366	652
367	652
367	651
366	651
366	650
367	650
367	642
368	642
368	638
367	638
367	637
368	637
368	635
367	635
367	633
360	633
360	634
359	634
359	635
357	635
357	636
355	636
355	637
350	637
350	639
347	639
347	640
343	640
343	641
339	641
339	642
333	642
333	643
324	643
324	644
323	644
323	645
322	645
322	646
321	646
321	645
318	645
318	646
314	646
314	647
307	647
307	648
303	648
303	650
300	650
300	651
299	651
299	652
296	652
296	653
294	653
294	654
292	654
292	655
289	655
289	656
284	656
284	655
285	655
285	647
277	647
277	648
274	648
274	649
272	649
272	650
264	650
264	651
262	651
262	652
261	652
261	651
258	651
258	652
256	652
256	653
249	653
249	654
246	654
246	655
245	655
245	656
239	656
239	657
234	657
234	658
233	658
233	657
232	657
232	658
228	658
228	659
227	659
227	660
217	660
217	661
216	661
216	662
211	662
211	663
210	663
210	664
206	664
206	665
203	665
203	666
200	666
200	667
199	667
199	668
193	668
193	669
192	669
192	670
188	670
188	671
182	671
182	672
181	672
181	673
176	673
176	675
173	675
173	676
169	676
169	677
166	677
166	678
165	678
165	679
162	679
162	680
158	680
158	681
156	681
156	682
151	682
151	683
147	683
147	684
145	684
145	683
144	683
144	684
141	684
141	685
135	685
135	686
134	686
134	687
132	687
132	688
130	688
130	689
126	689
126	690
123	690
123	691
113	691
113	692
110	692
110	688
113	688
113	687
114	687
114	686
116	686
116	685
117	685
117	684
119	684
119	683
122	683
122	682
123	682
123	680
124	680
124	678
129	678
129	677
131	677
131	675
133	675
133	673
135	673
135	672
138	672
138	670
140	670
140	669
142	669
142	668
145	668
145	667
146	667
146	666
148	666
148	665
149	665
149	664
150	664
150	663
152	663
152	662
153	662
153	660
158	660
158	659
160	659
160	657
161	657
161	656
164	656
164	655
165	655
165	654
166	654
166	653
167	653
167	651
172	651
172	650
173	650
173	649
174	649
174	648
175	648
175	647
178	647
178	643
184	643
184	640
187	640
187	639
189	639
189	638
190	638
190	637
191	637
191	636
192	636
192	635
194	635
194	634
196	634
196	633
197	633
197	632
198	632
198	631
199	631
199	630
200	630
200	629
204	629
204	627
205	627
205	626
208	626
208	624
209	624
209	623
211	623
211	622
212	622
212	621
214	621
214	620
216	620
216	618
217	618
217	617
218	617
218	612
225	612
225	611
226	611
226	608
227	608
227	606
228	606
228	605
229	605
229	604
231	604
231	602
234	602
234	601
235	601
235	597
236	597
236	593
246	593
246	591
247	591
247	590
249	590
249	586
257	586
257	585
258	585
258	584
261	584
261	582
262	582
262	581
264	581
264	579
265	579
265	573
264	573
264	572
263	572
263	570
262	570
262	571
261	571
261	569
263	569
263	568
265	568
265	567
266	567
266	566
271	566
271	565
272	565
272	564
275	564
275	563
279	563
279	562
281	562
281	561
283	561
283	560
285	560
285	559
287	559
287	557
291	557
291	556
292	556
292	555
293	555
293	554
295	554
295	553
298	553
298	552
299	552
299	551
300	551
300	550
304	550
304	549
306	549
306	548
308	548
308	547
312	547
312	546
317	546
317	545
319	545
319	537
317	537
317	536
315	536
315	535
314	535
314	533
312	533
312	532
311	532
311	531
310	531
310	530
309	530
309	529
308	529
308	530
307	530
307	529
305	529
305	528
303	528
303	526
304	526
304	525
305	525
305	524
308	524
308	523
309	523
309	522
310	522
310	521
315	521
315	520
316	520
316	519
318	519
318	518
323	518
323	517
325	517
325	516
329	516
329	515
334	515
334	513
335	513
335	512
339	512
339	511
341	511
341	510
342	510
342	509
344	509
344	508
347	508
347	507
349	507
349	506
353	506
353	505
354	505
354	504
359	504
359	503
361	503
361	502
364	502
364	501
366	501
366	500
370	500
370	499
382	499
382	498
383	498
383	491
382	491
382	492
381	492
381	490
379	490
379	488
377	488
377	487
376	487
376	486
372	486
372	484
371	484
371	483
370	483
370	481
364	481
364	478
366	478
366	477
367	477
367	476
368	476
368	475
370	475
370	474
371	474
371	473
372	473
372	472
373	472
373	471
374	471
374	470
380	470
380	469
381	469
381	468
384	468
384	467
387	467
387	466
388	466
388	465
391	465
391	463
396	463
396	462
397	462
397	461
399	461
399	460
402	460
402	459
404	459
404	458
407	458
407	457
410	457
410	455
413	455
413	454
414	454
414	453
415	453
415	452
418	452
418	451
420	451
420	450
421	450
421	449
424	449
424	448
428	448
428	447
430	447
430	446
435	446
435	445
441	445
441	444
452	444
452	441
453	441
453	440
452	440
452	435
451	435
451	433
450	433
450	432
449	432
449	431
448	431
448	430
447	430
447	429
446	429
446	427
444	427
444	426
443	426
443	425
442	425
442	423
439	423
439	422
435	422
435	421
436	421
436	420
435	420
435	419
436	419
436	418
438	418
438	417
439	417
439	416
440	416
440	415
441	415
441	414
443	414
443	413
445	413
445	412
448	412
448	411
450	411
450	410
454	410
454	409
459	409
459	408
461	408
461	407
471	407
471	406
475	406
475	405
478	405
478	404
480	404
480	403
482	403
482	404
484	404
484	403
486	403
486	402
488	402
488	401
490	401
490	400
491	400
491	399
492	399
492	400
493	400
493	398
500	398
500	397
502	397
502	396
518	396
518	395
526	395
526	389
525	389
525	388
524	388
524	385
522	385
522	384
521	384
521	383
520	383
520	381
519	381
519	380
517	380
517	379
516	379
516	378
515	378
515	377
514	377
514	376
512	376
512	375
511	375
511	374
508	374
508	372
510	372
510	370
511	370
511	369
514	369
514	368
515	368
515	367
517	367
517	366
521	366
521	365
525	365
525	364
527	364
527	363
536	363
536	362
540	362
540	361
544	361
544	360
550	360
550	359
556	359
556	358
558	358
558	357
560	357
560	356
562	356
562	355
566	355
566	354
569	354
569	353
574	353
574	352
589	352
589	351
592	351
592	352
605	352
605	349
606	349
606	348
605	348
605	345
604	345
604	342
603	342
603	339
602	339
602	337
600	337
600	336
599	336
599	334
598	334
598	333
597	333
597	332
596	332
596	331
595	331
595	329
594	329
594	328
593	328
593	327
591	327
591	326
590	326
590	324
591	324
591	323
594	323
594	322
597	322
597	321
602	321
602	320
614	320
614	319
645	319
645	318
667	318
667	319
670	319
670	318
672	318
672	319
677	319
677	318
678	318
678	311
677	311
677	310
673	310
673	307
674	307
674	298
669	298
669	299
662	299
662	300
658	300
658	301
654	301
654	302
648	302
648	303
643	303
643	301
644	301
644	300
645	300
645	293
646	293
646	288
645	288
645	287
638	287
638	289
633	289
633	290
628	290
628	291
626	291
626	290
624	290
624	291
610	291
610	292
602	292
602	293
589	293
589	290
590	290
590	289
591	289
591	282
590	282
590	281
587	281
587	282
584	282
584	281
583	281
583	282
579	282
579	281
567	281
567	280
562	280
562	279
558	279
558	278
554	278
554	277
543	277
543	276
540	276
540	275
535	275
535	274
519	274
519	273
514	273
514	272
508	272
508	271
501	271
501	270
492	270
492	269
483	269
483	268
481	268
481	267
480	267
480	268
479	268
479	267
470	267
470	266
469	266
469	265
460	265
460	264
452	264
452	263
449	263
449	262
446	262
446	261
442	261
442	260
440	260
440	259
439	259
439	258
435	258
435	257
433	257
433	256
431	256
431	255
429	255
429	254
428	254
428	253
429	253
429	252
436	252
436	251
437	251
437	249
442	249
442	251
469	251
469	250
475	250
475	249
489	249
489	248
490	248
490	247
498	247
498	246
502	246
502	245
505	245
505	244
509	244
509	243
512	243
512	242
518	242
518	241
523	241
523	240
528	240
528	239
530	239
530	238
533	238
533	237
536	237
536	236
540	236
540	235
548	235
548	234
549	234
549	235
550	235
550	234
551	234
551	232
560	232
560	231
562	231
562	230
565	230
565	229
566	229
566	224
572	224
572	223
575	223
575	222
579	222
579	221
583	221
583	220
587	220
587	219
588	219
588	218
592	218
592	217
594	217
594	216
596	216
596	215
599	215
599	214
601	214
601	213
608	213
608	212
609	212
609	211
613	211
613	209
620	209
620	208
621	208
621	207
622	207
622	208
623	208
623	207
629	207
629	200
627	200
627	198
626	198
626	197
625	197
625	196
624	196
624	194
623	194
623	193
622	193
622	192
621	192
621	191
620	191
620	189
618	189
618	188
620	188
620	187
622	187
622	186
626	186
626	185
631	185
631	184
648	184
648	183
661	183
661	182
669	182
669	181
671	181
671	180
683	180
683	181
687	181
687	182
693	182
693	181
694	181
694	176
693	176
693	175
692	175
692	173
691	173
691	170
689	170
689	168
687	168
687	164
686	164
686	163
684	163
684	161
688	161
688	160
695	160
695	159
712	159
712	160
719	160
719	159
720	159
720	160
728	160
728	159
744	159
744	158
746	158
746	157
750	157
750	156
753	156
753	155
759	155
759	156
764	156
764	157
773	157
773	158
774	158
774	159
782	159
782	150
781	150
781	149
780	149
780	146
778	146
778	141
777	141
777	140
776	140
776	139
775	139
775	137
773	137
773	135
772	135
772	134
771	134
771	133
769	133
769	131
771	131
771	130
776	130
776	129
784	129
784	130
790	130
790	131
796	131
796	132
798	132
798	133
803	133
803	134
807	134
807	135
815	135
815	136
817	136
817	137
822	137
822	138
824	138
824	137
825	137
825	138
826	138
826	139
830	139
830	140
834	140
834	141
835	141
835	142
836	142
836	141
837	141
837	142
840	142
840	143
843	143
843	144
845	144
845	145
847	145
847	146
848	146
848	147
849	147
849	146
850	146
850	147
852	147
852	148
860	148
860	147
861	147
861	139
859	139
859	136
857	136
857	132
856	132
856	131
855	131
855	130
861	130
861	131
868	131
868	132
870	132
870	133
872	133
872	134
874	134
874	135
877	135
877	136
879	136
879	135
880	135
880	136
882	136
882	137
883	137
883	138
886	138
886	139
890	139
890	140
893	140
893	141
895	141
895	142
900	142
900	143
901	143
901	144
902	144
902	145
904	145
904	146
910	146
910	147
912	147
912	148
913	148
913	150
915	150
915	151
918	151
918	152
919	152
919	153
923	153
923	154
925	154
925	155
930	155
930	156
931	156
931	157
939	157
939	158
941	158
941	159
950	159
950	160
954	160
954	161
956	161
956	162
957	162
957	163
960	163
960	162
962	162
962	163
966	163
966	164
973	164
973	166
977	166
977	167
979	167
979	168
980	168
980	169
981	169
981	170
983	170
983	169
984	169
984	170
987	170
987	171
990	171
990	172
994	172
994	173
995	173
995	175
1002	175
1002	176
1003	176
1003	177
1006	177
1006	178
1007	178
1007	179
1011	179
1011	180
1013	180
1013	181
1016	181
1016	182
1017	182
1017	183
1018	183
1018	182
1019	182
1019	183
1020	183
1020	184
1022	184
1022	185
1024	185
1024	186
1027	186
1027	187
1028	187
1028	188
1030	188
1030	189
1032	189
1032	190
1035	190
1035	191
1038	191
1038	192
1040	192
1040	193
1044	193
1044	194
1045	194
1045	195
1047	195
1047	196
1048	196
1048	197
1049	197
1049	198
1051	198
1051	199
1053	199
1053	200
1056	200
1056	201
1059	201
1059	202
1061	202
1061	203
1064	203
1064	204
1066	204
1066	205
1068	205
1068	206
1074	206
1074	207
1077	207
1077	208
1080	208
1080	209
1087	209
1087	208
1088	208
1088	207
1090	207
1090	206
1093	206
1093	205
1094	205
1094	204
1098	204
1098	203
1103	203
1103	202
1106	202
1106	201
1110	201
1110	200
1113	200
1113	199
1118	199
1118	198
1119	198
1119	197
1121	197
1121	196
1123	196
1123	195
1126	195
1126	194
1128	194
1128	193
1130	193
1130	192
1132	192
1132	191
1134	191
1134	190
1135	190
1135	189
1138	189
1138	188
1141	188
1141	187
1142	187
1142	186
1143	186
1143	185
1144	185
1144	184
1146	184
1146	183
1148	183
1148	182
1150	182
1150	180
1152	180
1152	179
1154	179
1154	178
1156	178
1156	177
1157	177
1157	176
1158	176
1158	175
1159	175
1159	174
1161	174
1161	173
1163	173
1163	172
1164	172
1164	171
1166	171
1166	170
1169	170
1169	169
1170	169
1170	168
1171	168
1171	167
1173	167
1173	166
1174	166
1174	165
1178	165
1178	163
1180	163
1180	162
1181	162
1181	161
1184	161
1184	160
1185	160
1185	159
1189	159
1189	158
1191	158
1191	155
1195	155
1195	154
1196	154
1196	152
1198	152
1198	151
1199	151
1199	150
1202	150
1202	149
1205	149
1205	148
1207	148
1207	146
1210	146
1210	143
1217	143
1217	141
1221	141
1221	140
1223	140
1223	138
1228	138
1228	137
1229	137
1229	136
1230	136
1230	135
1233	135
1233	134
1236	134
1236	132
1238	132
1238	131
1239	131
1239	130
1242	130
1242	129
1246	129
1246	128
1247	128
1247	127
1248	127
1248	128
1249	128
1249	127
1251	127
1251	126
1253	126
1253	125
1254	125
1254	124
1257	124
1257	123
1258	123
1258	122
1259	122
1259	121
1262	121
1262	120
1264	120
1264	119
1267	119
1267	118
1268	118
1268	117
1271	117
1271	116
1272	116
1272	115
1276	115
1276	114
1277	114
1277	113
1278	113
1278	112
1282	112
1282	111
1283	111
1283	110
1285	110
1285	109
1286	109
1286	108
1289	108
1289	107
1291	107
1291	106
1292	106
1292	105
1293	105
1293	104
1294	104
1294	103
1296	103
1296	102
1297	102
1297	101
1300	101
1300	100
1301	100
1301	99
1302	99
1302	98
1303	98
1303	97
1307	97
1307	96
1308	96
1308	95
1309	95
1309	94
1312	94
1312	92
1319	92
1319	91
1320	91
1320	90
1322	90
1322	89
1326	89
1326	90
1328	90
1328	91
1326	91
1326	92
1325	92
1325	96
1324	96
1324	100
1323	100
1323	104
1322	104
1322	114
1329	114
1329	113
1330	113
1330	112
1332	112
1332	111
1333	111
1333	110
1340	110
1340	109
1341	109
1341	108
1344	108
1344	107
1345	107
1345	106
1346	106
1346	105
1351	105
1351	104
1356	104
1356	103
1363	103
1363	102
1378	102
1378	101
1389	101
1389	100
1396	100
1396	99
1397	99
1397	98
1398	98
1398	97
1399	97
1399	98
1400	98
1400	97
1403	97
1403	96
1405	96
1405	95
1408	95
1408	94
1410	94
1410	93
1413	93
1413	92
1414	92
1414	91
1416	91
1416	90
1420	90
1420	89
1423	89
1423	88
1427	88
1427	87
1434	87
1434	89
1433	89
1433	91
1432	91
1432	92
1431	92
1431	97
1430	97
1430	99
1429	99
1429	109
1430	109
1430	110
1432	110
1432	109
1438	109
1438	108
1442	108
1442	107
1449	107
1449	106
1450	106
1450	105
1451	105
1451	104
1454	104
1454	103
1460	103
1460	102
1461	102
1461	101
1468	101
1468	100
1472	100
1472	101
1475	101
1475	100
1478	100
1478	99
1479	99
1479	98
1485	98
1485	97
1493	97
1493	96
1509	96
1509	97
1510	97
1510	98
1509	98
1509	99
1507	99
1507	101
1506	101
1506	102
1505	102
1505	105
1504	105
1504	108
1503	108
1503	110
1502	110
1502	116
1503	116
1503	117
1509	117
1509	116
1510	116
1510	115
1514	115
1514	114
1518	114
1518	113
1531	113
1531	114
1549	114
1549	115
1584	115
1584	116
1592	116
1592	117
1604	117
1604	116
1612	116
1612	115
1618	115
1618	116
1622	116
1622	115
1642	115
1642	114
1649	114
1649	113
1660	113
1660	112
1664	112
1664	111
1670	111
1670	110
1671	110
1671	109
1674	109
1674	108
1680	108
1680	107
1683	107
1683	106
1689	106
1689	105
1693	105
1693	104
1697	104
1697	103
1700	103
1700	102
1703	102
1703	101
1707	101
1707	100
1712	100
1712	99
1713	99
1713	101
1712	101
1712	102
1711	102
1711	103
1710	103
1710	106
1708	106
1708	107
1707	107
1707	108
1706	108
1706	109
1705	109
1705	110
1704	110
1704	111
1702	111
1702	112
1701	112
1701	113
1698	113
1698	116
1693	116
1693	117
1691	117
1691	118
1688	118
1688	119
1686	119
1686	120
1685	120
1685	121
1684	121
1684	122
1683	122
1683	123
1682	123
1682	124
1679	124
1679	126
1675	126
1675	128
1674	128
1674	127
1673	127
1673	128
1672	128
1672	130
1670	130
1670	129
1669	129
1669	130
1668	130
1668	131
1667	131
1667	132
1665	132
1665	133
1664	133
1664	134
1661	134
1661	135
1660	135
1660	136
1659	136
1659	137
1658	137
1658	138
1657	138
1657	139
1656	139
1656	138
1655	138
1655	139
1654	139
1654	138
1653	138
1653	139
1652	139
1652	140
1651	140
1651	141
1650	141
1650	142
1647	142
1647	143
1643	143
1643	145
1642	145
1642	146
1640	146
1640	148
1636	148
1636	149
1634	149
1634	151
1633	151
1633	152
1632	152
1632	153
1628	153
1628	154
1627	154
1627	155
1626	155
1626	156
1625	156
1625	157
1624	157
1624	158
1623	158
1623	159
1622	159
1622	160
1618	160
1618	161
1617	161
1617	162
1616	162
1616	163
1615	163
1615	164
1613	164
1613	165
1612	165
1612	166
1610	166
1610	167
1609	167
1609	168
1607	168
1607	169
1606	169
1606	170
1604	170
1604	171
1601	171
1601	172
1600	172
1600	173
1598	173
1598	174
1596	174
1596	175
1594	175
1594	176
1593	176
1593	177
1592	177
1592	178
1589	178
1589	179
1588	179
1588	180
1586	180
1586	179
1585	179
1585	180
1580	180
1580	181
1578	181
1578	182
1577	182
1577	183
1578	183
1578	184
1577	184
1577	185
1578	185
1578	186
1577	186
1577	188
1578	188
1578	189
1579	189
1579	190
1580	190
1580	191
1582	191
1582	192
1583	192
1583	194
1582	194
1582	195
1578	195
1578	196
1576	196
1576	197
1570	197
1570	198
1566	198
1566	199
1563	199
1563	200
1555	200
1555	201
1554	201
1554	202
1553	202
1553	201
1550	201
1550	202
1545	202
1545	203
1536	203
1536	202
1535	202
1535	203
1534	203
1534	210
1535	210
1535	213
1536	213
1536	215
1538	215
1538	218
1528	218
1528	219
1517	219
1517	220
1498	220
1498	221
1479	221
1479	220
1474	220
1474	219
1470	219
1470	218
1464	218
1464	231
1465	231
1465	233
1466	233
1466	234
1470	234
1470	235
1479	235
1479	236
1494	236
1494	245
1495	245
1495	246
1507	246
1507	245
1512	245
1512	244
1517	244
1517	245
1528	245
1528	244
1535	244
1535	243
1544	243
1544	244
1553	244
1553	245
1560	245
1560	244
1569	244
1569	245
1570	245
1570	244
1574	244
1574	245
1575	245
1575	246
1577	246
1577	245
1580	245
1580	246
1583	246
1583	247
1582	247
1582	248
1581	248
1581	249
1580	249
1580	250
1579	250
1579	251
1578	251
1578	252
1577	252
1577	255
1576	255
1576	258
1575	258
1575	259
1574	259
1574	264
1573	264
1573	271
1584	271
1584	270
1585	270
1585	271
1609	271
1609	272
1624	272
1624	273
1632	273
1632	274
1634	274
1634	275
1640	275
1640	276
1643	276
1643	277
1644	277
1644	279
1642	279
1642	280
1640	280
1640	282
1639	282
1639	284
1637	284
1637	286
1636	286
1636	287
1634	287
1634	290
1633	290
1633	291
1632	291
1632	294
1630	294
1630	297
1629	297
1629	304
1638	304
1638	305
1640	305
1640	306
1649	306
1649	307
1661	307
1661	308
1662	308
1662	309
1675	309
1675	310
1678	310
1678	311
1680	311
1680	310
1681	310
1681	311
1683	311
1683	310
1687	310
1687	311
1699	311
1699	312
1700	312
1700	313
1706	313
1706	314
1707	314
1707	315
1706	315
1706	316
1705	316
1705	317
1703	317
1703	318
1702	318
1702	320
1701	320
1701	322
1700	322
1700	323
1699	323
1699	324
1698	324
1698	327
1697	327
1697	330
1696	330
1696	331
1695	331
1695	340
1702	340
1702	339
1712	339
1712	340
1722	340
1722	341
1726	341
1726	343
1732	343
1732	344
1735	344
1735	345
1738	345
1738	346
1741	346
1741	347
1744	347
1744	348
1747	348
1747	349
1751	349
1751	350
1752	350
1752	351
1754	351
1754	352
1755	352
1755	353
1758	353
1758	354
1760	354
1760	355
1761	355
1761	356
1762	356
1762	357
1763	357
1763	358
1765	358
1765	359
1766	359
1766	361
1767	361
1767	362
1768	362
1768	363
1767	363
1767	364
1762	364
1762	365
1759	365
1759	366
1758	366
1758	367
1757	367
1757	368
1755	368
1755	370
1753	370
1753	371
1752	371
1752	373
1751	373
1751	374
1748	374
1748	376
1746	376
1746	378
1745	378
1745	379
1744	379
1744	382
1743	382
1743	388
1753	388
1753	389
1758	389
1758	390
1763	390
1763	391
1766	391
1766	392
1769	392
1769	394
1773	394
1773	395
1777	395
1777	396
1778	396
1778	397
1779	397
1779	398
1784	398
1784	399
1787	399
1787	400
1788	400
1788	401
1790	401
1790	402
1793	402
1793	403
1795	403
1795	404
1796	404
1796	405
1803	405
1803	406
1805	406
1805	407
1809	407
1809	408
1812	408
1812	409
1813	409
1813	410
1820	410
1820	413
1822	413
1822	414
1824	414
1824	415
1825	415
1825	416
1826	416
1826	417
1827	417
1827	418
1828	418
1828	421
1821	421
1821	422
1820	422
1820	423
1818	423
1818	425
1817	425
1817	426
1815	426
1815	427
1814	427
1814	428
1813	428
1813	429
1812	429
1812	430
1811	430
1811	431
1810	431
1810	432
1809	432
1809	439
1816	439
1816	440
1818	440
1818	441
1823	441
1823	442
1825	442
1825	443
1829	443
1829	444
1831	444
1831	445
1832	445
1832	446
1834	446
1834	447
1835	447
1835	448
1838	448
1838	449
1840	449
1840	450
1844	450
1844	452
1846	452
1846	453
1850	453
1850	454
1853	454
1853	455
1856	455
1856	456
1857	456
1857	457
1864	457
1864	458
1865	458
1865	459
1866	459
1866	460
1868	460
1868	461
1871	461
1871	463
1874	463
1874	464
1875	464
1875	466
1876	466
1876	467
1878	467
1878	469
1879	469
1879	471
1875	471
1875	472
1872	472
1872	473
1871	473
1871	474
1869	474
1869	475
1868	475
1868	476
1866	476
1866	478
1864	478
1864	479
1862	479
1862	486
1863	486
1863	487
1867	487
1867	488
1871	488
1871	490
1874	490
1874	491
1875	491
1875	492
1876	492
1876	493
1877	493
1877	492
1878	492
1878	493
1881	493
1881	494
1882	494
1882	495
1886	495
1886	496
1888	496
1888	497
1890	497
1890	498
1891	498
1891	499
1895	499
1895	500
1897	500
1897	502
1899	502
1899	503
1905	503
1905	504
1906	504
1906	505
1907	505
1907	506
1910	506
1910	507
1913	507
1913	508
1915	508
1915	509
1918	509
1918	510
1920	510
1920	511
1922	511
1922	512
1924	512
1924	513
1925	513
1925	514
1926	514
1926	515
1928	515
1928	516
1929	516
1929	518
1928	518
1928	519
1925	519
1925	521
1924	521
1924	522
1923	522
1923	523
1921	523
1921	531
1924	531
1924	532
1928	532
1928	533
1929	533
1929	535
1936	535
1936	537
1937	537
1937	538
1940	538
1940	540
1942	540
1942	541
1944	541
1944	542
1946	542
1946	543
1948	543
1948	544
1949	544
1949	546
1954	546
1954	549
1956	549
1956	550
1958	550
1958	551
1960	551
1960	552
1961	552
1961	554
1962	554
1962	555
1966	555
1966	556
1969	556
1969	558
1971	558
1971	559
1972	559
1972	560
1974	560
1974	561
1976	561
1976	562
1977	562
1977	563
1980	563
1980	564
1982	564
1982	565
1983	565
1983	567
1984	567
1984	568
1987	568
1987	570
1990	570
1990	571
1993	571
1993	572
1998	572
1998	575
2002	575
2002	576
2003	576
2003	577
2004	577
2004	578
2005	578
2005	579
2008	579
2008	580
2009	580
2009	581
2010	581
2010	582
2013	582
2013	583
2016	583
2016	584
2019	584
2019	585
2020	585
2020	586
2024	586
2024	587
2027	587
2027	588
2030	588
2030	589
2031	589
2031	590
2034	590
2034	591
2035	591
2035	592
2038	592
2038	593
2042	593
2042	594
2045	594
2045	595
2048	595
2048	596
2049	596
2049	597
2052	597
2052	598
2053	598
2053	599
2054	599
2054	598
2055	598
2055	599
2060	599
2060	600
2062	600
2062	601
2064	601
2064	602
2068	602
2068	603
2070	603
2070	604
2073	604
2073	605
2075	605
2075	606
2077	606
2077	607
2088	607
2088	609
2089	609
2089	610
2091	610
2091	609
2093	609
2093	610
2094	610
2094	611
2099	611
2099	612
2106	612
2106	614
2107	614
2107	615
2113	615
2113	616
2121	616
2121	617
2124	617
2124	618
2125	618
2125	619
2128	619
2128	620
2130	620
2130	621
2133	621
2133	622
2134	622
2134	623
2136	623
2136	624
2137	624
2137	625
2131	625
2131	626
2130	626
2130	627
2115	627
2115	628
2100	628
2100	627
2098	627
2098	628
2097	628
2097	627
2096	627
2096	628
2084	628
2084	627
2056	627
2056	626
2046	626
2046	625
2038	625
2038	624
2026	624
2026	623
2025	623
2025	622
2014	622
2014	621
2012	621
2012	620
2003	620
2003	619
1996	619
1996	618
1960	618
1960	617
1959	617
1959	618
1953	618
1953	617
1929	617
1929	616
1926	616
1926	617
1925	617
1925	616
1917	616
1917	615
1910	615
1910	614
1905	614
1905	613
1902	613
1902	612
1897	612
1897	611
1896	611
1896	610
1894	610
1894	609
1884	609
1884	610
1883	610
1883	611
1884	611
1884	622
1885	622
1885	626
1887	626
1887	628
1882	628
1882	627
1877	627
1877	626
1876	626
1876	625
1869	625
1869	624
1865	624
1865	623
1861	623
1861	622
1860	622
1860	621
1859	621
1859	620
1855	620
1855	618
1851	618
1851	617
1848	617
1848	616
1847	616
1847	615
1844	615
1844	614
1840	614
1840	613
1838	613
1838	612
1837	612
1837	611
1834	611
1834	610
1832	610
1832	609
1831	609
1831	608
1830	608
1830	607
1829	607
1829	606
1827	606
1827	605
1819	605
1819	606
1818	606
1818	609
1817	609
1817	615
1816	615
1816	616
1817	616
1817	626
1814	626
1814	625
1810	625
1810	624
1806	624
1806	623
1805	623
1805	622
1802	622
1802	621
1801	621
1801	620
1800	620
1800	619
1797	619
1797	618
1795	618
1795	617
1794	617
1794	616
1793	616
1793	614
1790	614
1790	613
1786	613
1786	612
1785	612
1785	611
1783	611
1783	610
1778	610
1778	609
1776	609
1776	608
1773	608
1773	606
1770	606
1770	605
1769	605
1769	606
1768	606
1768	605
1766	605
1766	604
1765	604
1765	602
1762	602
1762	600
1760	600
1760	599
1759	599
1759	598
1758	598
1758	597
1757	597
1757	596
1755	596
1755	595
1754	595
1754	594
1753	594
1753	593
1745	593
1745	594
1744	594
1744	598
1743	598
1743	602
1742	602
1742	609
1741	609
1741	621
1739	621
1739	619
1737	619
1737	618
1735	618
1735	617
1732	617
1732	615
1730	615
1730	614
1728	614
1728	613
1726	613
1726	611
1725	611
1725	610
1724	610
1724	609
1721	609
1721	608
1720	608
1720	607
1719	607
1719	606
1717	606
1717	605
1716	605
1716	604
1715	604
1715	603
1714	603
1714	602
1713	602
1713	601
1711	601
1711	600
1710	600
1710	599
1709	599
1709	598
1708	598
1708	597
1706	597
1706	596
1705	596
1705	595
1703	595
1703	593
1702	593
1702	594
1701	594
1701	593
1700	593
1700	592
1699	592
1699	591
1697	591
1697	590
1696	590
1696	589
1693	589
1693	588
1692	588
1692	587
1691	587
1691	586
1690	586
1690	585
1688	585
1688	584
1687	584
1687	583
1686	583
1686	582
1685	582
1685	581
1684	581
1684	580
1683	580
1683	579
1682	579
1682	578
1681	578
1681	577
1679	577
1679	576
1678	576
1678	575
1672	575
1672	577
1671	577
1671	581
1670	581
1670	587
1669	587
1669	589
1668	589
1668	590
1669	590
1669	591
1668	591
1668	598
1669	598
1669	599
1670	599
1670	600
1671	600
1671	601
1666	601
1666	600
1663	600
1663	599
1660	599
1660	598
1659	598
1659	597
1657	597
1657	596
1656	596
1656	595
1654	595
1654	594
1652	594
1652	593
1650	593
1650	591
1647	591
1647	590
1646	590
1646	589
1645	589
1645	588
1644	588
1644	587
1643	587
1643	588
1642	588
1642	587
1641	587
1641	586
1639	586
1639	584
1637	584
1637	583
1636	583
1636	582
1635	582
1635	581
1634	581
1634	580
1632	580
1632	579
1631	579
1631	578
1630	578
1630	577
1629	577
1629	576
1628	576
1628	575
1627	575
1627	573
1626	573
1626	572
1625	572
1625	571
1624	571
1624	570
1623	570
1623	569
1622	569
1622	568
1621	568
1621	567
1620	567
1620	566
1619	566
1619	565
1618	565
1618	564
1617	564
1617	563
1616	563
1616	561
1614	561
1614	558
1613	558
1613	557
1611	557
1611	556
1607	556
1607	557
1605	557
1605	559
1604	559
1604	565
1603	565
1603	571
1602	571
1602	574
1603	574
1603	578
1604	578
1604	579
1601	579
1601	578
1598	578
1598	577
1597	577
1597	576
1592	576
1592	575
1591	575
1591	573
1589	573
1589	572
1588	572
1588	571
1587	571
1587	570
1585	570
1585	569
1584	569
1584	568
1583	568
1583	567
1582	567
1582	566
1580	566
1580	564
1579	564
1579	563
1578	563
1578	562
1576	562
1576	560
1574	560
1574	559
1572	559
1572	558
1571	558
1571	557
1570	557
1570	556
1569	556
1569	555
1567	555
1567	554
1566	554
1566	553
1565	553
1565	552
1564	552
1564	551
1563	551
1563	550
1562	550
1562	549
1561	549
1561	548
1560	548
1560	547
1559	547
1559	545
1558	545
1558	546
1557	546
1557	544
1554	544
1554	542
1553	542
1553	541
1551	541
1551	540
1550	540
1550	539
1549	539
1549	537
1547	537
1547	534
1546	534
1546	533
1539	533
1539	534
1538	534
1538	537
1536	537
1536	552
1537	552
1537	553
1538	553
1538	554
1539	554
1539	555
1541	555
1541	557
1542	557
1542	559
1534	559
1534	560
1532	560
1532	561
1527	561
1527	563
1524	563
1524	564
1523	564
1523	565
1522	565
1522	566
1520	566
1520	568
1518	568
1518	569
1517	569
1517	576
1519	576
1519	577
1520	577
1520	578
1523	578
1523	579
1525	579
1525	580
1527	580
1527	581
1529	581
1529	582
1530	582
1530	583
1531	583
1531	584
1533	584
1533	585
1534	585
1534	586
1535	586
1535	587
1537	587
1537	588
1538	588
1538	589
1539	589
1539	590
1541	590
1541	591
1543	591
1543	592
1545	592
1545	594
1546	594
1546	595
1547	595
1547	596
1549	596
1549	597
1550	597
1550	598
1552	598
1552	599
1553	599
1553	600
1554	600
1554	601
1555	601
1555	602
1556	602
