1323	1450
1324	1450
1324	1451
1325	1451
1325	1452
1326	1452
1326	1455
1327	1455
1327	1460
1328	1460
1328	1461
1329	1461
1329	1465
1330	1465
1330	1469
1331	1469
1331	1471
1332	1471
1332	1478
1333	1478
1333	1480
1334	1480
1334	1488
1335	1488
1335	1494
1336	1494
1336	1534
1335	1534
1335	1538
1334	1538
1334	1540
1333	1540
1333	1542
1332	1542
1332	1544
1331	1544
1331	1546
1330	1546
1330	1548
1329	1548
1329	1551
1328	1551
1328	1552
1327	1552
1327	1553
1326	1553
1326	1554
1325	1554
1325	1555
1294	1555
1294	1554
1278	1554
1278	1555
1277	1555
1277	1568
1278	1568
1278	1570
1279	1570
1279	1571
1280	1571
1280	1573
1281	1573
1281	1575
1282	1575
1282	1577
1283	1577
1283	1578
1284	1578
1284	1581
1285	1581
1285	1584
1286	1584
1286	1587
1287	1587
1287	1588
1288	1588
1288	1590
1289	1590
1289	1591
1288	1591
1288	1592
1289	1592
1289	1596
1290	1596
1290	1598
1291	1598
1291	1607
1292	1607
1292	1608
1293	1608
1293	1615
1294	1615
1294	1618
1293	1618
1293	1619
1294	1619
1294	1634
1295	1634
1295	1637
1294	1637
1294	1643
1293	1643
1293	1651
1292	1651
1292	1653
1291	1653
1291	1672
1290	1672
1290	1673
1289	1673
1289	1678
1288	1678
1288	1680
1289	1680
1289	1681
1288	1681
1288	1682
1287	1682
1287	1686
1286	1686
1286	1688
1285	1688
1285	1691
1284	1691
1284	1692
1283	1692
1283	1693
1282	1693
1282	1695
1281	1695
1281	1696
1280	1696
1280	1698
1279	1698
1279	1700
1277	1700
1277	1702
1274	1702
1274	1701
1254	1701
1254	1702
1252	1702
1252	1701
1237	1701
1237	1702
1236	1702
1236	1716
1237	1716
1237	1719
1238	1719
1238	1720
1239	1720
1239	1729
1240	1729
1240	1744
1239	1744
1239	1756
1238	1756
1238	1760
1239	1760
1239	1761
1238	1761
1238	1763
1237	1763
1237	1772
1236	1772
1236	1774
1235	1774
1235	1779
1234	1779
1234	1783
1233	1783
1233	1789
1231	1789
1231	1792
1230	1792
1230	1794
1229	1794
1229	1798
1228	1798
1228	1800
1227	1800
1227	1801
1225	1801
1225	1803
1224	1803
1224	1806
1223	1806
1223	1807
1222	1807
1222	1808
1221	1808
1221	1809
1214	1809
1214	1808
1210	1808
1210	1807
1198	1807
1198	1806
1196	1806
1196	1805
1190	1805
1190	1804
1187	1804
1187	1803
1184	1803
1184	1802
1182	1802
1182	1801
1168	1801
1168	1802
1167	1802
1167	1814
1168	1814
1168	1820
1167	1820
1167	1828
1166	1828
1166	1830
1165	1830
1165	1835
1164	1835
1164	1839
1163	1839
1163	1841
1162	1841
1162	1845
1161	1845
1161	1847
1160	1847
1160	1850
1159	1850
1159	1852
1158	1852
1158	1855
1157	1855
1157	1856
1156	1856
1156	1860
1155	1860
1155	1864
1154	1864
1154	1865
1152	1865
1152	1867
1151	1867
1151	1871
1150	1871
1150	1872
1149	1872
1149	1875
1148	1875
1148	1876
1147	1876
1147	1879
1146	1879
1146	1881
1145	1881
1145	1882
1144	1882
1144	1884
1143	1884
1143	1886
1142	1886
1142	1888
1141	1888
1141	1889
1140	1889
1140	1891
1139	1891
1139	1892
1138	1892
1138	1895
1137	1895
1137	1897
1136	1897
1136	1898
1135	1898
1135	1899
1134	1899
1134	1902
1133	1902
1133	1904
1132	1904
1132	1908
1131	1908
1131	1909
1130	1909
1130	1910
1129	1910
1129	1912
1128	1912
1128	1915
1127	1915
1127	1916
1126	1916
1126	1917
1125	1917
1125	1923
1124	1923
1124	1927
1123	1927
1123	1928
1124	1928
1124	1929
1123	1929
1123	1930
1122	1930
1122	1932
1121	1932
1121	1937
1120	1937
1120	1941
1119	1941
1119	1945
1118	1945
1118	1951
1117	1951
1117	1954
1116	1954
1116	1958
1115	1958
1115	1963
1114	1963
1114	1965
1113	1965
1113	1967
1112	1967
1112	1968
1111	1968
1111	1972
1110	1972
1110	1974
1109	1974
1109	1976
1108	1976
1108	1979
1107	1979
1107	1982
1106	1982
1106	1986
1105	1986
1105	1990
1104	1990
1104	1992
1103	1992
1103	1999
1102	1999
1102	2001
1101	2001
1101	2006
1100	2006
1100	2009
1098	2009
1098	2015
1097	2015
1097	2021
1096	2021
1096	2024
1095	2024
1095	2027
1093	2027
1093	2033
1092	2033
1092	2037
1091	2037
1091	2039
1090	2039
1090	2040
1089	2040
1089	2042
1088	2042
1088	2043
1089	2043
1089	2044
1087	2044
1087	2046
1086	2046
1086	2047
1085	2047
1085	2049
1084	2049
1084	2050
1083	2050
1083	2052
1082	2052
1082	2054
1081	2054
1081	2055
1080	2055
1080	2057
1079	2057
1079	2058
1078	2058
1078	2059
1077	2059
1077	2060
1076	2060
1076	2061
1075	2061
1075	2062
1074	2062
1074	2063
1072	2063
1072	2064
1071	2064
1071	2066
1070	2066
1070	2065
1069	2065
1069	2068
1066	2068
1066	2072
1065	2072
1065	2071
1064	2071
1064	2072
1063	2072
1063	2073
1062	2073
1062	2074
1061	2074
1061	2075
1060	2075
1060	2076
1059	2076
1059	2077
1058	2077
1058	2078
1057	2078
1057	2080
1056	2080
1056	2082
1054	2082
1054	2083
1053	2083
1053	2082
1052	2082
1052	2083
1051	2083
1051	2080
1050	2080
1050	2079
1049	2079
1049	2077
1048	2077
1048	2076
1046	2076
1046	2072
1045	2072
1045	2070
1044	2070
1044	2068
1043	2068
1043	2067
1042	2067
1042	2065
1041	2065
1041	2064
1042	2064
1042	2063
1040	2063
1040	2061
1039	2061
1039	2059
1038	2059
1038	2058
1037	2058
1037	2055
1036	2055
1036	2054
1035	2054
1035	2053
1033	2053
1033	2050
1032	2050
1032	2049
1031	2049
1031	2047
1030	2047
1030	2044
1029	2044
1029	2042
1028	2042
1028	2036
1027	2036
1027	2034
1026	2034
1026	2031
1025	2031
1025	2028
1024	2028
1024	2025
1023	2025
1023	2021
1022	2021
1022	2017
1021	2017
1021	2013
1020	2013
1020	2010
1019	2010
1019	2005
1018	2005
1018	2000
1017	2000
1017	1998
1016	1998
1016	1993
1015	1993
1015	1992
1014	1992
1014	1986
1013	1986
1013	1978
1012	1978
1012	1974
1011	1974
1011	1972
1012	1972
1012	1970
1011	1970
1011	1966
1010	1966
1010	1960
1009	1960
1009	1955
1008	1955
1008	1953
1007	1953
1007	1948
1006	1948
1006	1941
1005	1941
1005	1937
1004	1937
1004	1933
1003	1933
1003	1920
1002	1920
1002	1919
1003	1919
1003	1912
1004	1912
1004	1903
1005	1903
1005	1886
993	1886
993	1885
992	1885
992	1886
984	1886
984	1885
982	1885
982	1886
979	1886
979	1885
978	1885
978	1884
976	1884
976	1883
974	1883
974	1881
972	1881
972	1879
971	1879
971	1877
970	1877
970	1875
969	1875
969	1873
968	1873
968	1872
967	1872
967	1870
966	1870
966	1868
965	1868
965	1863
964	1863
964	1862
963	1862
963	1858
962	1858
962	1856
961	1856
961	1850
960	1850
960	1846
959	1846
959	1839
958	1839
958	1835
957	1835
957	1831
956	1831
956	1815
955	1815
955	1812
956	1812
956	1797
957	1797
957	1790
958	1790
958	1786
959	1786
959	1785
960	1785
960	1780
961	1780
961	1779
962	1779
962	1778
963	1778
963	1776
964	1776
964	1762
944	1762
944	1763
925	1763
925	1764
919	1764
919	1765
917	1765
917	1764
916	1764
916	1763
915	1763
915	1761
914	1761
914	1760
912	1760
912	1757
911	1757
911	1754
909	1754
909	1753
908	1753
908	1749
907	1749
907	1746
906	1746
906	1741
905	1741
905	1738
904	1738
904	1710
905	1710
905	1705
906	1705
906	1703
907	1703
907	1699
908	1699
908	1697
909	1697
909	1694
910	1694
910	1692
911	1692
911	1687
912	1687
912	1684
913	1684
913	1682
914	1682
914	1679
915	1679
915	1678
916	1678
916	1677
918	1677
918	1676
919	1676
919	1673
920	1673
920	1660
919	1660
919	1659
916	1659
916	1658
914	1658
914	1659
911	1659
911	1658
909	1658
909	1657
901	1657
901	1656
895	1656
895	1655
888	1655
888	1654
885	1654
885	1653
884	1653
884	1652
883	1652
883	1649
882	1649
882	1648
881	1648
881	1646
880	1646
880	1643
879	1643
879	1639
878	1639
878	1636
877	1636
877	1628
876	1628
876	1618
877	1618
877	1608
878	1608
878	1600
879	1600
879	1586
880	1586
880	1573
881	1573
881	1569
882	1569
882	1568
883	1568
883	1561
884	1561
884	1558
885	1558
885	1553
886	1553
886	1552
888	1552
888	1549
889	1549
889	1546
890	1546
890	1544
891	1544
891	1542
892	1542
892	1541
893	1541
893	1540
894	1540
894	1537
895	1537
895	1535
897	1535
897	1533
898	1533
898	1531
899	1531
899	1530
900	1530
900	1528
902	1528
902	1527
901	1527
901	1526
902	1526
902	1512
899	1512
899	1511
896	1511
896	1512
895	1512
895	1511
888	1511
888	1510
880	1510
880	1509
876	1509
876	1508
873	1508
873	1506
872	1506
872	1508
871	1508
871	1507
867	1507
867	1506
864	1506
864	1505
856	1505
856	1504
855	1504
855	1503
854	1503
854	1504
851	1504
851	1502
850	1502
850	1499
849	1499
849	1494
848	1494
848	1489
847	1489
847	1488
848	1488
848	1487
847	1487
847	1485
846	1485
846	1481
847	1481
847	1480
846	1480
846	1479
847	1479
847	1477
848	1477
848	1472
849	1472
849	1468
850	1468
850	1465
851	1465
851	1459
852	1459
852	1457
853	1457
853	1439
852	1439
852	1438
850	1438
850	1437
851	1437
851	1436
855	1436
855	1435
856	1435
856	1434
857	1434
857	1432
858	1432
858	1429
859	1429
859	1424
860	1424
860	1420
861	1420
861	1416
862	1416
862	1415
863	1415
863	1412
864	1412
864	1410
865	1410
865	1406
866	1406
866	1404
867	1404
867	1402
868	1402
868	1399
869	1399
869	1398
870	1398
870	1394
871	1394
871	1393
872	1393
872	1392
873	1392
873	1390
874	1390
874	1388
875	1388
875	1387
876	1387
876	1385
877	1385
877	1384
879	1384
879	1382
880	1382
880	1381
881	1381
881	1380
882	1380
882	1379
883	1379
883	1378
884	1378
884	1376
885	1376
885	1375
888	1375
888	1360
887	1360
887	1359
876	1359
876	1358
875	1358
875	1357
868	1357
868	1356
866	1356
866	1355
860	1355
860	1354
858	1354
858	1353
856	1353
856	1351
850	1351
850	1350
848	1350
848	1349
846	1349
846	1348
843	1348
843	1347
840	1347
840	1346
839	1346
839	1343
838	1343
838	1341
837	1341
837	1336
836	1336
836	1325
835	1325
835	1318
836	1318
836	1313
837	1313
837	1308
838	1308
838	1306
839	1306
839	1299
840	1299
840	1295
841	1295
841	1290
842	1290
842	1289
843	1289
843	1283
844	1283
844	1280
847	1280
847	1276
848	1276
848	1275
847	1275
847	1274
848	1274
848	1272
849	1272
849	1270
850	1270
850	1268
851	1268
851	1264
852	1264
852	1261
853	1261
853	1260
854	1260
854	1256
855	1256
855	1255
856	1255
856	1254
857	1254
857	1251
858	1251
858	1249
859	1249
859	1246
860	1246
860	1245
861	1245
861	1243
862	1243
862	1242
863	1242
863	1240
864	1240
864	1237
865	1237
865	1236
866	1236
866	1235
867	1235
867	1233
868	1233
868	1231
869	1231
869	1229
870	1229
870	1227
871	1227
871	1226
874	1226
874	1223
875	1223
875	1224
876	1224
876	1221
877	1221
877	1219
878	1219
878	1218
879	1218
879	1217
883	1217
883	1214
884	1214
884	1200
883	1200
883	1198
879	1198
879	1197
873	1197
873	1196
871	1196
871	1195
868	1195
868	1194
866	1194
866	1193
864	1193
864	1192
861	1192
861	1191
860	1191
860	1190
858	1190
858	1189
857	1189
857	1188
855	1188
855	1187
853	1187
853	1186
852	1186
852	1185
848	1185
848	1183
845	1183
845	1182
844	1182
844	1164
845	1164
845	1162
846	1162
846	1158
847	1158
847	1155
848	1155
848	1154
849	1154
849	1153
850	1153
850	1150
851	1150
851	1148
852	1148
852	1146
853	1146
853	1145
854	1145
854	1142
855	1142
855	1139
856	1139
856	1138
857	1138
857	1137
858	1137
858	1136
859	1136
859	1133
860	1133
860	1132
861	1132
861	1128
862	1128
862	1127
865	1127
865	1122
866	1122
866	1119
867	1119
867	1118
868	1118
868	1115
869	1115
869	1113
870	1113
870	1112
871	1112
871	1110
872	1110
872	1109
874	1109
874	1103
875	1103
875	1100
876	1100
876	1099
877	1099
877	1098
876	1098
876	1097
877	1097
877	1093
878	1093
878	1092
879	1092
879	1089
880	1089
880	1086
881	1086
881	1084
882	1084
882	1083
883	1083
883	1082
884	1082
884	1079
885	1079
885	1076
886	1076
886	1074
887	1074
887	1073
888	1073
888	1071
889	1071
889	1069
890	1069
890	1066
891	1066
891	1065
892	1065
892	1064
893	1064
893	1062
894	1062
894	1061
895	1061
895	1060
897	1060
897	1056
898	1056
898	1055
900	1055
900	1054
901	1054
901	1051
902	1051
902	1049
903	1049
903	1048
905	1048
905	1047
906	1047
906	1044
907	1044
907	1043
908	1043
908	1042
910	1042
910	1041
911	1041
911	1039
912	1039
912	1038
914	1038
914	1037
915	1037
915	1023
908	1023
908	1022
905	1022
905	1021
897	1021
897	1020
893	1020
893	1019
892	1019
892	1018
891	1018
891	1017
885	1017
885	1016
883	1016
883	1015
881	1015
881	1014
879	1014
879	1013
878	1013
878	1012
874	1012
874	1009
873	1009
873	1008
872	1008
872	1000
871	1000
871	998
872	998
872	992
874	992
874	986
875	986
875	983
876	983
876	980
877	980
877	979
878	979
878	978
879	978
879	975
880	975
880	974
883	974
883	969
884	969
884	968
885	968
885	966
886	966
886	964
887	964
887	963
888	963
888	962
890	962
890	960
891	960
891	958
892	958
892	957
893	957
893	955
894	955
894	954
895	954
895	953
896	953
896	952
897	952
897	951
898	951
898	949
899	949
899	948
901	948
901	947
900	947
900	946
901	946
901	943
903	943
903	942
902	942
902	941
903	941
903	940
904	940
904	938
906	938
906	936
907	936
907	935
908	935
908	933
909	933
909	931
910	931
910	930
911	930
911	927
912	927
912	924
913	924
913	923
915	923
915	920
916	920
916	919
917	919
917	917
918	917
918	914
919	914
919	913
920	913
920	912
921	912
921	911
922	911
922	908
923	908
923	905
924	905
924	904
925	904
925	902
926	902
926	903
927	903
927	901
928	901
928	898
929	898
929	897
930	897
930	894
931	894
931	892
932	892
932	891
933	891
933	890
934	890
934	889
935	889
935	888
936	888
936	886
937	886
937	885
938	885
938	884
940	884
940	883
941	883
941	881
942	881
942	880
943	880
943	879
944	879
944	878
946	878
946	877
947	877
947	875
948	875
948	874
950	874
950	873
951	873
951	872
954	872
954	871
955	871
955	870
956	870
956	857
955	857
955	856
954	856
954	855
947	855
947	853
946	853
946	852
945	852
945	851
944	851
944	850
939	850
939	849
938	849
938	847
936	847
936	846
935	846
935	844
934	844
934	841
935	841
935	840
934	840
934	834
933	834
933	830
934	830
934	829
935	829
935	822
936	822
936	820
937	820
937	818
938	818
938	816
939	816
939	814
940	814
940	813
941	813
941	812
942	812
942	810
943	810
943	808
945	808
945	806
946	806
946	804
947	804
947	802
948	802
948	801
949	801
949	799
950	799
950	798
951	798
951	794
952	794
952	793
953	793
953	794
954	794
954	793
955	793
955	788
956	788
956	787
957	787
957	786
958	786
958	785
959	785
959	783
960	783
960	781
961	781
961	780
962	780
962	779
963	779
963	777
962	777
962	776
964	776
964	775
965	775
965	773
966	773
966	772
967	772
967	771
968	771
968	769
969	769
969	767
970	767
970	766
973	766
973	762
974	762
974	760
975	760
975	758
977	758
977	757
978	757
978	749
982	749
982	748
983	748
983	744
986	744
986	743
988	743
988	742
989	742
989	741
991	741
991	740
990	740
990	739
991	739
991	737
992	737
992	734
993	734
993	733
994	733
994	732
995	732
995	731
996	731
996	730
998	730
998	728
1000	728
1000	726
1001	726
1001	722
1002	722
1002	721
1004	721
1004	720
1005	720
1005	719
1006	719
1006	718
1007	718
1007	717
1008	717
1008	716
1009	716
1009	715
1010	715
1010	714
1011	714
1011	713
1012	713
1012	699
1010	699
1010	698
1005	698
1005	697
1002	697
1002	696
998	696
998	695
996	695
996	694
995	694
995	693
994	693
994	690
995	690
995	687
996	687
996	686
1000	686
1000	683
1001	683
1001	682
1003	682
1003	679
1004	679
1004	673
1005	673
1005	668
1007	668
1007	667
1009	667
1009	666
1010	666
1010	663
1011	663
1011	661
1012	661
1012	660
1013	660
1013	659
1014	659
1014	657
1015	657
1015	655
1017	655
1017	654
1018	654
1018	652
1019	652
1019	651
1020	651
1020	650
1021	650
1021	649
1022	649
1022	646
1023	646
1023	645
1024	645
1024	643
1026	643
1026	642
1028	642
1028	639
1029	639
1029	638
1030	638
1030	637
1031	637
1031	635
1032	635
1032	633
1033	633
1033	632
1034	632
1034	631
1036	631
1036	626
1037	626
1037	623
1038	623
1038	621
1039	621
1039	618
1040	618
1040	615
1041	615
1041	614
1042	614
1042	611
1043	611
1043	609
1042	609
1042	608
1043	608
1043	606
1044	606
1044	605
1045	605
1045	604
1046	604
1046	601
1047	601
1047	599
1048	599
1048	596
1049	596
1049	592
1050	592
1050	591
1051	591
1051	590
1052	590
1052	589
1053	589
1053	588
1052	588
1052	587
1053	587
1053	586
1054	586
1054	583
1055	583
1055	577
1056	577
1056	576
1057	576
1057	574
1056	574
1056	573
1057	573
1057	571
1058	571
1058	569
1059	569
1059	568
1060	568
1060	563
1061	563
1061	560
1062	560
1062	559
1063	559
1063	553
1064	553
1064	550
1065	550
1065	549
1066	549
1066	547
1067	547
1067	543
1068	543
1068	541
1069	541
1069	540
1068	540
1068	535
1069	535
1069	534
1070	534
1070	533
1071	533
1071	532
1072	532
1072	528
1073	528
1073	524
1074	524
1074	522
1075	522
1075	520
1076	520
1076	514
1077	514
1077	513
1078	513
1078	511
1079	511
1079	507
1080	507
1080	505
1081	505
1081	504
1082	504
1082	497
1083	497
1083	494
1084	494
1084	490
1085	490
1085	485
1086	485
1086	483
1087	483
1087	479
1088	479
1088	474
1089	474
1089	471
1088	471
1088	470
1090	470
1090	466
1091	466
1091	459
1092	459
1092	456
1093	456
1093	450
1094	450
1094	432
1095	432
1095	430
1096	430
1096	429
1095	429
1095	426
1096	426
1096	425
1095	425
1095	414
1085	414
1085	413
1081	413
1081	414
1080	414
1080	420
1079	420
1079	421
1078	421
1078	422
1077	422
1077	425
1075	425
1075	427
1074	427
1074	430
1073	430
1073	431
1072	431
1072	432
1071	432
1071	435
1070	435
1070	436
1069	436
1069	437
1068	437
1068	439
1067	439
1067	440
1066	440
1066	442
1065	442
1065	444
1064	444
1064	445
1063	445
1063	446
1062	446
1062	447
1061	447
1061	449
1060	449
1060	450
1059	450
1059	453
1058	453
1058	455
1057	455
1057	456
1056	456
1056	458
1055	458
1055	459
1053	459
1053	462
1052	462
1052	465
1051	465
1051	466
1050	466
1050	468
1049	468
1049	470
1048	470
1048	471
1047	471
1047	473
1046	473
1046	474
1045	474
1045	476
1044	476
1044	477
1043	477
1043	480
1042	480
1042	481
1041	481
1041	482
1040	482
1040	485
1039	485
1039	486
1038	486
1038	491
1037	491
1037	492
1036	492
1036	494
1035	494
1035	496
1034	496
1034	500
1033	500
1033	502
1032	502
1032	504
1031	504
1031	505
1030	505
1030	507
1029	507
1029	508
1028	508
1028	512
1027	512
1027	513
1026	513
1026	514
1025	514
1025	517
1024	517
1024	520
1023	520
1023	521
1021	521
1021	524
1020	524
1020	528
1019	528
1019	529
1018	529
1018	530
1017	530
1017	532
1016	532
1016	536
1015	536
1015	538
1014	538
1014	541
1013	541
1013	542
1012	542
1012	544
1011	544
1011	547
1010	547
1010	549
1008	549
1008	554
1007	554
1007	556
1006	556
1006	558
1005	558
1005	562
1004	562
1004	564
1003	564
1003	565
1002	565
1002	571
1001	571
1001	573
1000	573
1000	575
999	575
999	576
998	576
998	584
997	584
997	585
996	585
996	587
995	587
995	589
994	589
994	593
993	593
993	595
992	595
992	597
991	597
991	600
990	600
990	604
989	604
989	612
988	612
988	613
987	613
987	616
986	616
986	620
985	620
985	622
984	622
984	625
983	625
983	626
982	626
982	628
981	628
981	629
980	629
980	630
979	630
979	633
978	633
978	635
977	635
977	636
976	636
976	638
975	638
975	639
974	639
974	641
973	641
973	642
972	642
972	643
970	643
970	644
969	644
969	645
968	645
968	646
962	646
962	645
961	645
961	644
960	644
960	643
946	643
946	654
945	654
945	656
944	656
944	664
943	664
943	665
942	665
942	670
941	670
941	671
940	671
940	675
939	675
939	678
938	678
938	680
937	680
937	684
936	684
936	686
935	686
935	692
934	692
934	693
932	693
932	696
931	696
931	700
930	700
930	701
929	701
929	702
927	702
927	707
926	707
926	711
925	711
925	713
924	713
924	715
923	715
923	719
922	719
922	721
921	721
921	724
920	724
920	728
919	728
919	729
918	729
918	732
917	732
917	736
916	736
916	739
915	739
915	741
914	741
914	742
913	742
913	746
912	746
912	748
911	748
911	749
910	749
910	751
909	751
909	752
908	752
908	754
907	754
907	755
905	755
905	758
903	758
903	761
900	761
900	762
899	762
899	764
896	764
896	765
894	765
894	766
893	766
893	767
892	767
892	768
879	768
879	770
878	770
878	792
877	792
877	804
876	804
876	808
875	808
875	810
873	810
873	816
872	816
872	819
871	819
871	821
870	821
870	823
869	823
869	826
868	826
868	828
867	828
867	830
866	830
866	832
865	832
865	835
864	835
864	836
863	836
863	838
862	838
862	841
861	841
861	843
860	843
860	846
859	846
859	849
858	849
858	851
857	851
857	853
856	853
856	854
855	854
855	855
854	855
854	859
853	859
853	861
852	861
852	862
850	862
850	865
849	865
849	867
848	867
848	868
846	868
846	869
845	869
845	871
844	871
844	872
842	872
842	873
840	873
840	874
839	874
839	875
837	875
837	876
832	876
832	877
811	877
811	878
810	878
810	882
803	882
803	890
802	890
802	895
801	895
801	900
800	900
800	903
799	903
799	905
798	905
798	907
797	907
797	910
796	910
796	915
795	915
795	916
794	916
794	917
793	917
793	919
792	919
792	921
791	921
791	925
789	925
789	927
787	927
787	929
786	929
786	931
785	931
785	933
784	933
784	934
783	934
783	937
782	937
782	938
781	938
781	939
780	939
780	940
779	940
779	943
778	943
778	945
777	945
777	947
776	947
776	950
775	950
775	951
774	951
774	952
773	952
773	955
771	955
771	958
769	958
769	957
768	957
768	959
769	959
769	961
768	961
768	963
765	963
765	968
764	968
764	970
763	970
763	973
762	973
762	975
761	975
761	976
760	976
760	977
759	977
759	980
758	980
758	981
757	981
757	982
756	982
756	984
755	984
755	986
754	986
754	987
753	987
753	989
752	989
752	990
750	990
750	991
749	991
749	992
748	992
748	993
747	993
747	994
745	994
745	995
742	995
742	996
741	996
741	997
737	997
737	999
730	999
730	998
727	998
727	997
725	997
725	996
723	996
723	995
722	995
722	994
721	994
721	993
719	993
719	992
716	992
716	991
715	991
715	990
701	990
701	993
700	993
700	997
699	997
699	1004
698	1004
698	1008
697	1008
697	1010
696	1010
696	1013
695	1013
695	1016
694	1016
694	1017
693	1017
693	1019
692	1019
692	1020
693	1020
693	1021
692	1021
692	1025
691	1025
691	1027
690	1027
690	1030
689	1030
689	1035
688	1035
688	1036
687	1036
687	1038
686	1038
686	1040
685	1040
685	1044
684	1044
684	1046
683	1046
683	1050
682	1050
682	1051
681	1051
681	1053
680	1053
680	1056
679	1056
679	1057
678	1057
678	1060
677	1060
677	1062
676	1062
676	1063
674	1063
674	1068
673	1068
673	1069
672	1069
672	1071
671	1071
671	1073
670	1073
670	1074
669	1074
669	1075
668	1075
668	1076
667	1076
667	1079
665	1079
665	1081
664	1081
664	1084
663	1084
663	1085
662	1085
662	1086
661	1086
661	1088
660	1088
660	1089
659	1089
659	1091
658	1091
658	1093
657	1093
657	1094
655	1094
655	1096
654	1096
654	1097
653	1097
653	1098
651	1098
651	1100
649	1100
649	1101
648	1101
648	1103
646	1103
646	1104
645	1104
645	1106
644	1106
644	1107
642	1107
642	1108
641	1108
641	1109
640	1109
640	1110
638	1110
638	1111
635	1111
635	1112
633	1112
633	1114
629	1114
629	1113
627	1113
627	1112
626	1112
626	1111
624	1111
624	1110
622	1110
622	1108
619	1108
619	1107
617	1107
617	1106
614	1106
614	1105
612	1105
612	1104
611	1104
611	1103
610	1103
610	1102
608	1102
608	1101
606	1101
606	1100
605	1100
605	1098
602	1098
602	1096
587	1096
587	1106
586	1106
586	1107
585	1107
585	1109
584	1109
584	1115
583	1115
583	1118
582	1118
582	1121
581	1121
581	1123
580	1123
580	1126
579	1126
579	1128
578	1128
578	1130
577	1130
577	1132
576	1132
576	1133
575	1133
575	1136
574	1136
574	1137
572	1137
572	1140
571	1140
571	1141
570	1141
570	1142
569	1142
569	1144
566	1144
566	1146
564	1146
564	1147
565	1147
565	1148
564	1148
564	1149
563	1149
563	1150
562	1150
562	1151
561	1151
561	1152
560	1152
560	1153
558	1153
558	1154
557	1154
557	1157
556	1157
556	1158
555	1158
555	1159
554	1159
554	1160
553	1160
553	1161
552	1161
552	1162
551	1162
551	1163
550	1163
550	1164
549	1164
549	1165
548	1165
548	1166
547	1166
547	1167
545	1167
545	1168
544	1168
544	1169
543	1169
543	1170
542	1170
542	1171
539	1171
539	1172
540	1172
540	1173
539	1173
539	1176
537	1176
537	1177
536	1177
536	1179
535	1179
535	1180
534	1180
534	1181
532	1181
532	1182
533	1182
533	1183
532	1183
532	1184
530	1184
530	1185
529	1185
529	1187
528	1187
528	1188
527	1188
527	1189
526	1189
526	1190
525	1190
525	1191
524	1191
524	1192
523	1192
523	1194
521	1194
521	1195
520	1195
520	1196
519	1196
519	1197
517	1197
517	1198
516	1198
516	1199
515	1199
515	1200
512	1200
512	1201
510	1201
510	1202
509	1202
509	1203
505	1203
505	1204
504	1204
504	1203
503	1203
503	1202
501	1202
501	1201
499	1201
499	1200
497	1200
497	1199
496	1199
496	1198
495	1198
495	1197
492	1197
492	1196
491	1196
491	1195
488	1195
488	1193
487	1193
487	1192
485	1192
485	1191
484	1191
484	1190
472	1190
472	1191
470	1191
470	1196
468	1196
468	1197
467	1197
467	1201
466	1201
466	1202
465	1202
465	1205
464	1205
464	1206
463	1206
463	1207
462	1207
462	1209
461	1209
461	1211
460	1211
460	1212
459	1212
459	1213
458	1213
458	1215
457	1215
457	1216
456	1216
456	1217
455	1217
455	1219
454	1219
454	1220
453	1220
453	1222
451	1222
451	1223
449	1223
449	1224
448	1224
448	1225
446	1225
446	1227
445	1227
445	1228
444	1228
444	1230
443	1230
443	1231
442	1231
442	1232
441	1232
441	1233
438	1233
438	1234
437	1234
437	1236
436	1236
436	1238
434	1238
434	1239
433	1239
433	1240
432	1240
432	1241
431	1241
431	1242
429	1242
429	1243
428	1243
428	1244
427	1244
427	1245
425	1245
425	1247
424	1247
424	1248
422	1248
422	1249
419	1249
419	1250
418	1250
418	1251
415	1251
415	1252
410	1252
410	1253
407	1253
407	1254
406	1254
406	1255
403	1255
403	1254
402	1254
402	1253
401	1253
401	1252
400	1252
400	1251
399	1251
399	1250
397	1250
397	1249
396	1249
396	1248
395	1248
395	1247
394	1247
394	1246
392	1246
392	1245
391	1245
391	1244
390	1244
390	1242
388	1242
388	1241
387	1241
387	1240
384	1240
384	1239
374	1239
374	1240
371	1240
371	1241
372	1241
372	1242
371	1242
371	1244
370	1244
370	1246
369	1246
369	1248
368	1248
368	1249
367	1249
367	1252
366	1252
366	1253
365	1253
365	1255
364	1255
364	1256
363	1256
363	1258
362	1258
362	1260
361	1260
361	1261
360	1261
360	1262
359	1262
359	1263
358	1263
358	1264
357	1264
357	1265
356	1265
356	1266
355	1266
355	1267
353	1267
353	1268
350	1268
350	1271
349	1271
349	1272
348	1272
348	1274
347	1274
347	1275
346	1275
346	1276
345	1276
345	1277
343	1277
343	1278
342	1278
342	1279
341	1279
341	1280
340	1280
340	1281
339	1281
339	1282
338	1282
338	1283
336	1283
336	1285
335	1285
335	1286
334	1286
334	1287
332	1287
332	1288
331	1288
331	1289
330	1289
330	1290
329	1290
329	1291
327	1291
327	1292
325	1292
325	1293
323	1293
323	1294
322	1294
322	1293
321	1293
321	1292
320	1292
320	1293
318	1293
318	1292
317	1292
317	1291
315	1291
315	1290
312	1290
312	1289
311	1289
311	1288
310	1288
310	1287
296	1287
296	1288
295	1288
295	1290
294	1290
294	1291
293	1291
293	1293
292	1293
292	1294
291	1294
291	1295
290	1295
290	1296
289	1296
289	1297
287	1297
287	1300
285	1300
285	1302
284	1302
284	1303
282	1303
282	1304
281	1304
281	1305
280	1305
280	1306
277	1306
277	1308
276	1308
276	1309
273	1309
273	1311
272	1311
272	1312
271	1312
271	1313
268	1313
268	1314
267	1314
267	1315
266	1315
266	1316
263	1316
263	1317
261	1317
261	1318
259	1318
259	1319
257	1319
257	1321
254	1321
254	1322
253	1322
253	1323
250	1323
250	1324
249	1324
249	1325
248	1325
248	1326
243	1326
243	1327
240	1327
240	1328
237	1328
237	1329
236	1329
236	1330
233	1330
233	1332
232	1332
232	1333
231	1333
231	1332
229	1332
229	1333
227	1333
227	1334
226	1334
226	1335
225	1335
225	1336
223	1336
223	1337
222	1337
222	1338
221	1338
221	1339
219	1339
219	1340
218	1340
218	1341
217	1341
217	1342
215	1342
215	1343
214	1343
214	1344
213	1344
213	1345
212	1345
212	1346
210	1346
210	1348
209	1348
209	1349
207	1349
207	1350
205	1350
205	1351
202	1351
202	1353
201	1353
201	1354
199	1354
199	1355
197	1355
197	1356
196	1356
196	1357
195	1357
195	1358
193	1358
193	1359
191	1359
191	1360
188	1360
188	1362
186	1362
186	1363
184	1363
184	1364
183	1364
183	1365
180	1365
180	1366
178	1366
178	1367
176	1367
176	1368
175	1368
175	1369
170	1369
170	1370
169	1370
169	1369
168	1369
168	1371
163	1371
163	1372
160	1372
160	1373
156	1373
156	1374
154	1374
154	1375
147	1375
147	1376
142	1376
142	1377
137	1377
137	1378
134	1378
134	1379
128	1379
128	1380
118	1380
118	1379
117	1379
117	1378
108	1378
108	1364
109	1364
109	1362
108	1362
108	1352
109	1352
109	1348
110	1348
110	1345
111	1345
111	1342
112	1342
112	1340
113	1340
113	1338
114	1338
114	1335
115	1335
115	1334
117	1334
117	1331
118	1331
118	1327
119	1327
119	1325
120	1325
120	1322
122	1322
122	1319
123	1319
123	1317
124	1317
124	1316
125	1316
125	1315
126	1315
126	1312
127	1312
127	1311
128	1311
128	1308
130	1308
130	1307
131	1307
131	1305
132	1305
132	1302
133	1302
133	1300
134	1300
134	1299
135	1299
135	1298
136	1298
136	1296
137	1296
137	1295
138	1295
138	1293
139	1293
139	1291
140	1291
140	1290
141	1290
141	1289
144	1289
144	1285
145	1285
145	1283
146	1283
146	1282
147	1282
147	1281
148	1281
148	1280
149	1280
149	1279
150	1279
150	1277
151	1277
151	1276
152	1276
152	1273
154	1273
154	1271
155	1271
155	1269
156	1269
156	1265
157	1265
157	1264
158	1264
158	1263
159	1263
159	1261
160	1261
160	1259
161	1259
161	1258
162	1258
162	1257
163	1257
163	1256
162	1256
162	1255
163	1255
163	1252
164	1252
164	1250
165	1250
165	1247
166	1247
166	1246
167	1246
167	1243
168	1243
168	1240
169	1240
169	1237
170	1237
170	1236
171	1236
171	1235
172	1235
172	1233
173	1233
173	1231
174	1231
174	1228
175	1228
175	1226
176	1226
176	1223
177	1223
177	1221
178	1221
178	1219
179	1219
179	1218
180	1218
180	1217
181	1217
181	1212
182	1212
182	1210
183	1210
183	1208
185	1208
185	1205
186	1205
186	1203
187	1203
187	1202
188	1202
188	1201
189	1201
189	1199
190	1199
190	1197
191	1197
191	1195
192	1195
192	1194
193	1194
193	1193
194	1193
194	1192
195	1192
195	1191
196	1191
196	1190
197	1190
197	1189
198	1189
198	1187
199	1187
199	1186
200	1186
200	1185
202	1185
202	1184
203	1184
203	1183
204	1183
204	1182
206	1182
206	1181
207	1181
207	1180
209	1180
209	1179
211	1179
211	1178
212	1178
212	1177
213	1177
213	1163
212	1163
212	1162
211	1162
211	1161
209	1161
209	1160
207	1160
207	1158
206	1158
206	1157
204	1157
204	1156
203	1156
203	1155
202	1155
202	1154
200	1154
200	1153
199	1153
199	1151
198	1151
198	1150
197	1150
197	1149
196	1149
196	1148
195	1148
195	1147
194	1147
194	1146
193	1146
193	1145
191	1145
191	1142
190	1142
190	1140
191	1140
191	1136
192	1136
192	1132
193	1132
193	1128
194	1128
194	1127
195	1127
195	1126
194	1126
194	1125
196	1125
196	1123
197	1123
197	1121
198	1121
198	1119
199	1119
199	1118
200	1118
200	1117
201	1117
201	1115
202	1115
202	1112
203	1112
203	1111
204	1111
204	1110
205	1110
205	1109
206	1109
206	1108
207	1108
207	1106
208	1106
208	1104
209	1104
209	1102
210	1102
210	1101
211	1101
211	1099
212	1099
212	1097
213	1097
213	1096
214	1096
214	1095
215	1095
215	1094
216	1094
216	1093
217	1093
217	1091
219	1091
219	1088
220	1088
220	1087
221	1087
221	1085
222	1085
222	1083
224	1083
224	1082
225	1082
225	1081
226	1081
226	1079
227	1079
227	1078
228	1078
228	1076
230	1076
230	1074
231	1074
231	1073
234	1073
234	1068
235	1068
235	1067
236	1067
236	1066
237	1066
237	1065
238	1065
238	1064
239	1064
239	1062
240	1062
240	1060
241	1060
241	1059
242	1059
242	1060
243	1060
243	1057
244	1057
244	1056
245	1056
245	1055
246	1055
246	1054
247	1054
247	1053
248	1053
248	1052
249	1052
249	1051
250	1051
250	1050
252	1050
252	1049
253	1049
253	1047
254	1047
254	1046
256	1046
256	1045
257	1045
257	1044
258	1044
258	1043
259	1043
259	1042
261	1042
261	1041
262	1041
262	1039
264	1039
264	1037
270	1037
270	1035
271	1035
271	1033
276	1033
276	1032
277	1032
277	1031
279	1031
279	1022
280	1022
280	1021
279	1021
279	1019
280	1019
280	1018
277	1018
277	1017
275	1017
275	1016
272	1016
272	1014
271	1014
271	1013
269	1013
269	1012
267	1012
267	1011
266	1011
266	1010
264	1010
264	1009
263	1009
263	1008
262	1008
262	1007
261	1007
261	1006
259	1006
259	1005
257	1005
257	1004
256	1004
256	1003
255	1003
255	1002
254	1002
254	1001
253	1001
253	1000
252	1000
252	999
250	999
250	998
249	998
249	997
247	997
247	996
246	996
246	995
245	995
245	994
244	994
244	993
243	993
243	991
242	991
242	988
243	988
243	987
242	987
242	986
243	986
243	984
244	984
244	977
245	977
245	974
246	974
246	971
247	971
247	969
248	969
248	967
249	967
249	965
252	965
252	961
253	961
253	960
254	960
254	958
255	958
255	955
256	955
256	954
257	954
257	952
259	952
259	951
260	951
260	949
261	949
261	948
262	948
262	947
264	947
264	945
265	945
265	944
266	944
266	943
268	943
268	942
269	942
269	941
270	941
270	940
272	940
272	939
275	939
275	938
276	938
276	936
278	936
278	935
279	935
279	934
280	934
280	933
281	933
281	932
282	932
282	931
284	931
284	930
285	930
285	929
287	929
287	928
288	928
288	927
290	927
290	926
292	926
292	925
294	925
294	924
295	924
295	923
297	923
297	922
298	922
298	921
301	921
301	920
303	920
303	919
304	919
304	920
305	920
305	919
306	919
306	917
307	917
307	916
309	916
309	915
310	915
310	914
312	914
312	913
313	913
313	912
314	912
314	911
317	911
317	910
319	910
319	909
320	909
320	908
321	908
321	907
324	907
324	906
326	906
326	905
329	905
329	904
331	904
331	903
333	903
333	902
334	902
334	901
339	901
339	900
341	900
341	899
344	899
344	898
351	898
351	897
355	897
355	896
358	896
358	883
357	883
357	882
356	882
356	881
355	881
355	880
354	880
354	879
353	879
353	878
352	878
352	877
351	877
351	874
350	874
350	873
348	873
348	872
347	872
347	870
346	870
346	869
345	869
345	867
344	867
344	866
343	866
343	865
342	865
342	863
341	863
341	862
340	862
340	861
339	861
339	860
338	860
338	859
337	859
337	858
335	858
335	857
334	857
334	856
333	856
333	854
332	854
332	850
333	850
333	848
334	848
334	845
335	845
335	844
336	844
336	842
337	842
337	839
338	839
338	836
339	836
339	834
340	834
340	832
341	832
341	831
342	831
342	830
343	830
343	828
344	828
344	827
345	827
345	826
347	826
347	822
348	822
348	821
351	821
351	820
352	820
352	819
353	819
353	818
354	818
354	817
356	817
356	816
357	816
357	815
359	815
359	814
361	814
361	812
365	812
365	811
366	811
366	810
367	810
367	809
369	809
369	808
370	808
370	807
371	807
371	806
373	806
373	805
375	805
375	804
377	804
377	803
379	803
379	801
380	801
380	800
384	800
384	799
386	799
386	798
388	798
388	797
389	797
389	796
391	796
391	795
395	795
395	794
398	794
398	793
402	793
402	792
404	792
404	791
407	791
407	790
410	790
410	789
413	789
413	788
425	788
425	787
426	787
426	774
424	774
424	773
423	773
423	771
422	771
422	769
421	769
421	768
420	768
420	766
419	766
419	765
418	765
418	763
417	763
417	762
416	762
416	761
415	761
415	759
414	759
414	756
412	756
412	755
411	755
411	754
410	754
410	752
409	752
409	745
410	745
410	744
415	744
415	743
416	743
416	742
417	742
417	740
418	740
418	738
419	738
419	737
420	737
420	736
421	736
421	735
422	735
422	734
423	734
423	733
424	733
424	732
425	732
425	731
427	731
427	729
429	729
429	727
428	727
428	726
429	726
429	727
431	727
431	726
433	726
433	725
434	725
434	724
436	724
436	723
439	723
439	722
441	722
441	721
442	721
442	720
443	720
443	719
446	719
446	718
449	718
449	717
450	717
450	716
452	716
452	715
456	715
456	714
459	714
459	713
460	713
460	712
461	712
461	711
463	711
463	710
468	710
468	709
470	709
470	708
473	708
473	707
474	707
474	706
478	706
478	705
480	705
480	704
486	704
486	703
487	703
487	702
494	702
494	701
499	701
499	700
501	700
501	699
504	699
504	698
515	698
515	697
521	697
521	696
523	696
523	695
534	695
534	694
535	694
535	678
533	678
533	674
532	674
532	670
531	670
531	668
532	668
532	667
531	667
531	666
530	666
530	665
529	665
529	663
528	663
528	661
527	661
527	660
528	660
528	655
530	655
530	654
534	654
534	652
536	652
536	651
537	651
537	650
538	650
538	649
540	649
540	648
541	648
541	647
543	647
543	646
544	646
544	645
547	645
547	644
550	644
550	643
551	643
551	642
552	642
552	641
557	641
557	640
558	640
558	639
559	639
559	638
560	638
560	639
561	639
561	638
562	638
562	637
563	637
563	636
568	636
568	635
573	635
573	634
576	634
576	633
577	633
577	632
578	632
578	631
585	631
585	630
586	630
586	628
593	628
593	627
599	627
599	626
623	626
623	625
626	625
626	626
629	626
629	625
632	625
632	624
648	624
648	623
658	623
658	622
659	622
659	608
658	608
658	604
657	604
657	603
656	603
656	602
655	602
655	601
656	601
656	599
657	599
657	598
658	598
658	597
660	597
660	596
667	596
667	595
669	595
669	594
670	594
670	593
672	593
672	592
673	592
673	591
677	591
677	589
678	589
678	588
684	588
684	587
685	587
685	586
687	586
687	585
689	585
689	586
690	586
690	585
692	585
692	584
693	584
693	583
698	583
698	582
703	582
703	581
707	581
707	580
709	580
709	579
715	579
715	578
721	578
721	577
722	577
722	575
732	575
732	574
733	574
733	573
734	573
734	572
736	572
736	571
737	571
737	569
743	569
743	568
746	568
746	565
749	565
749	564
752	564
752	563
757	563
757	562
760	562
760	561
768	561
768	560
773	560
773	559
775	559
775	558
777	558
777	556
783	556
783	555
790	555
790	554
791	554
791	542
790	542
790	540
789	540
789	538
788	538
788	535
789	535
789	534
790	534
790	533
795	533
795	532
798	532
798	530
803	530
803	529
807	529
807	526
811	526
811	524
813	524
813	523
815	523
815	524
816	524
816	523
818	523
818	524
819	524
819	523
820	523
820	520
824	520
824	519
825	519
825	518
830	518
830	517
833	517
833	516
834	516
834	515
837	515
837	514
843	514
843	513
844	513
844	512
846	512
846	510
853	510
853	509
855	509
855	508
856	508
856	506
864	506
864	505
866	505
866	504
867	504
867	502
871	502
871	501
874	501
874	500
877	500
877	499
880	499
880	498
881	498
881	497
882	497
882	496
883	496
883	495
884	495
884	493
896	493
896	492
897	492
897	491
898	491
898	490
902	490
902	489
903	489
903	488
906	488
906	487
907	487
907	488
909	488
909	487
910	487
910	484
912	484
912	483
915	483
915	482
916	482
916	480
918	480
918	479
922	479
922	478
924	478
924	477
926	477
926	476
927	476
927	475
930	475
930	474
937	474
937	472
938	472
938	471
943	471
943	470
945	470
945	469
947	469
947	467
949	467
949	466
954	466
954	465
955	465
955	464
958	464
958	462
960	462
960	461
961	461
961	462
963	462
963	461
965	461
965	460
968	460
968	459
969	459
969	456
971	456
971	455
977	455
977	454
978	454
978	453
980	453
980	452
983	452
983	451
986	451
986	450
987	450
987	449
988	449
988	448
989	448
989	447
991	447
991	446
992	446
992	445
994	445
994	444
995	444
995	443
997	443
997	442
1000	442
1000	439
1003	439
1003	438
1005	438
1005	437
1006	437
1006	435
1008	435
1008	433
1009	433
1009	434
1011	434
1011	433
1013	433
1013	431
1015	431
1015	430
1016	430
1016	429
1017	429
1017	428
1018	428
1018	427
1020	427
1020	426
1021	426
1021	425
1023	425
1023	424
1027	424
1027	423
1028	423
1028	421
1029	421
1029	420
1030	420
1030	418
1031	418
1031	417
1032	417
1032	416
1034	416
1034	415
1037	415
1037	414
1038	414
1038	413
1039	413
1039	412
1040	412
1040	411
1041	411
1041	410
1043	410
1043	409
1044	409
1044	408
1045	408
1045	407
1046	407
1046	394
1031	394
1031	395
1027	395
1027	396
1024	396
1024	395
1023	395
1023	396
1021	396
1021	397
1014	397
1014	398
1011	398
1011	399
1009	399
1009	400
1005	400
1005	401
1002	401
1002	402
998	402
998	403
993	403
993	404
990	404
990	403
989	403
989	404
988	404
988	405
987	405
987	406
985	406
985	407
984	407
984	408
981	408
981	409
979	409
979	410
975	410
975	411
972	411
972	412
970	412
970	413
964	413
964	414
963	414
963	415
962	415
962	416
956	416
956	417
954	417
954	418
952	418
952	419
950	419
950	420
945	420
945	421
943	421
943	422
940	422
940	423
936	423
936	424
932	424
932	425
929	425
929	426
928	426
928	425
919	425
919	424
906	424
906	425
903	425
903	426
902	426
902	427
901	427
901	428
899	428
899	429
895	429
895	430
893	430
893	431
886	431
886	432
881	432
881	433
882	433
882	434
880	434
880	435
875	435
875	436
874	436
874	437
871	437
871	438
865	438
865	439
864	439
864	440
862	440
862	441
855	441
855	442
853	442
853	443
850	443
850	444
846	444
846	445
845	445
845	446
843	446
843	447
840	447
840	448
837	448
837	449
836	449
836	450
832	450
832	451
831	451
831	452
828	452
828	453
825	453
825	454
822	454
822	455
820	455
820	456
819	456
819	457
813	457
813	458
811	458
811	459
810	459
810	460
808	460
808	461
804	461
804	462
801	462
801	463
798	463
798	464
796	464
796	465
791	465
791	466
783	466
783	465
779	465
779	464
775	464
775	457
774	457
774	456
761	456
761	457
760	457
760	458
758	458
758	459
756	459
756	460
755	460
755	461
754	461
754	462
750	462
750	463
749	463
749	464
745	464
745	465
743	465
743	466
742	466
742	465
739	465
739	466
737	466
737	467
733	467
733	468
729	468
729	469
726	469
726	470
724	470
724	471
720	471
720	472
719	472
719	473
714	473
714	474
712	474
712	475
708	475
708	476
706	476
706	477
702	477
702	478
700	478
700	479
697	479
697	480
693	480
693	481
691	481
691	482
686	482
686	483
682	483
682	484
676	484
676	483
664	483
664	482
660	482
660	481
659	481
659	480
658	480
658	477
657	477
657	471
656	471
656	469
655	469
655	464
654	464
654	462
640	462
640	463
638	463
638	464
635	464
635	465
633	465
633	466
632	466
632	467
627	467
627	468
625	468
625	469
616	469
616	470
610	470
610	471
604	471
604	472
602	472
602	473
587	473
587	474
581	474
581	475
574	475
574	476
563	476
563	475
561	475
561	476
559	476
559	475
555	475
555	474
550	474
550	473
544	473
544	472
543	472
543	471
542	471
542	470
541	470
541	460
540	460
540	458
539	458
539	456
538	456
538	455
525	455
525	456
524	456
524	457
522	457
522	458
519	458
519	459
515	459
515	460
511	460
511	461
499	461
499	460
478	460
478	459
474	459
474	458
468	458
468	457
465	457
465	456
463	456
463	455
460	455
460	454
458	454
458	453
457	453
457	452
456	452
456	450
455	450
455	449
456	449
456	448
455	448
455	446
456	446
456	443
455	443
455	441
456	441
456	440
455	440
455	439
454	439
454	438
442	438
442	439
436	439
436	440
423	440
423	439
422	439
422	438
415	438
415	437
400	437
400	438
399	438
399	437
398	437
398	436
394	436
394	435
388	435
388	434
379	434
379	433
377	433
377	432
362	432
362	431
351	431
351	430
346	430
346	429
339	429
339	428
336	428
336	427
334	427
334	426
333	426
333	425
331	425
331	426
330	426
330	425
326	425
326	424
324	424
324	423
319	423
319	422
318	422
318	423
316	423
316	422
314	422
314	421
311	421
311	420
309	420
309	419
308	419
308	418
304	418
304	417
303	417
303	416
300	416
300	415
298	415
298	414
297	414
297	413
295	413
295	412
293	412
293	411
291	411
291	409
289	409
289	408
288	408
288	407
285	407
285	405
284	405
284	400
286	400
286	399
288	399
288	397
289	397
289	396
291	396
291	395
292	395
292	394
293	394
293	392
294	392
294	390
296	390
296	389
299	389
299	387
300	387
300	386
301	386
301	385
302	385
302	384
303	384
303	383
306	383
306	382
307	382
307	381
308	381
308	380
309	380
309	379
310	379
310	378
312	378
312	377
315	377
315	375
318	375
318	374
319	374
319	373
320	373
320	372
322	372
322	371
325	371
325	370
326	370
326	369
330	369
330	368
333	368
333	367
334	367
334	366
337	366
337	365
339	365
339	364
342	364
342	363
343	363
343	362
347	362
347	361
351	361
351	359
352	359
352	358
354	358
354	357
361	357
361	355
365	355
365	354
369	354
369	353
370	353
370	352
378	352
378	351
379	351
379	349
382	349
382	348
386	348
386	347
387	347
387	346
389	346
389	345
390	345
390	344
395	344
395	343
397	343
397	342
398	342
398	343
399	343
399	342
401	342
401	341
403	341
403	340
406	340
406	339
410	339
410	338
416	338
416	336
423	336
423	335
424	335
424	334
433	334
433	333
434	333
434	332
433	332
433	331
436	331
436	330
442	330
442	331
444	331
444	330
446	330
446	329
447	329
447	328
456	328
456	326
461	326
461	325
469	325
469	322
472	322
472	321
478	321
478	320
480	320
480	319
481	319
481	318
487	318
487	316
495	316
495	317
496	317
496	312
503	312
503	311
504	311
504	310
505	310
505	309
513	309
513	307
532	307
532	293
531	293
531	292
532	292
532	290
531	290
531	288
530	288
530	271
531	271
531	269
533	269
533	268
543	268
543	267
547	267
547	266
558	266
558	265
568	265
568	264
574	264
574	265
575	265
575	266
600	266
600	265
602	265
602	264
603	264
603	265
606	265
606	264
609	264
609	263
611	263
611	262
612	262
612	263
625	263
625	262
638	262
638	261
640	261
640	260
646	260
646	261
648	261
648	262
663	262
663	263
678	263
678	220
683	220
683	219
694	219
694	218
701	218
701	217
710	217
710	218
712	218
712	219
717	219
717	220
726	220
726	221
728	221
728	222
729	222
729	223
735	223
735	224
737	224
737	225
738	225
738	226
743	226
743	229
749	229
749	230
751	230
751	229
752	229
752	230
763	230
763	231
771	231
771	232
776	232
776	234
777	234
777	235
788	235
788	236
799	236
799	238
800	238
800	240
804	240
804	241
809	241
809	242
810	242
810	244
816	244
816	247
831	247
831	246
832	246
832	223
833	223
833	218
834	218
834	214
837	214
837	213
842	213
842	212
845	212
845	211
848	211
848	212
849	212
849	211
851	211
851	212
854	212
854	211
857	211
857	212
859	212
859	213
863	213
863	214
867	214
867	215
868	215
868	216
872	216
872	217
873	217
873	218
876	218
876	219
877	219
877	220
881	220
881	222
882	222
882	223
890	223
890	224
891	224
891	225
892	225
892	226
893	226
893	228
898	228
898	230
899	230
899	231
900	231
900	232
908	232
908	236
909	236
909	235
913	235
913	237
914	237
914	239
918	239
918	240
921	240
921	241
927	241
927	243
928	243
928	244
936	244
936	246
938	246
938	247
943	247
943	248
944	248
944	249
945	249
945	250
952	250
952	251
953	251
953	252
954	252
954	253
956	253
956	252
957	252
957	253
961	253
961	254
964	254
964	255
965	255
965	256
970	256
970	257
971	257
971	258
972	258
972	261
973	261
973	262
982	262
982	263
984	263
984	265
988	265
988	266
990	266
990	267
992	267
992	268
998	268
998	270
1000	270
1000	271
1004	271
1004	272
1006	272
1006	273
1007	273
1007	274
1009	274
1009	275
1013	275
1013	276
1014	276
1014	277
1015	277
1015	278
1017	278
1017	280
1021	280
1021	281
1022	281
1022	282
1023	282
1023	283
1024	283
1024	284
1025	284
1025	285
1028	285
1028	286
1029	286
1029	290
1030	290
1030	291
1031	291
1031	292
1032	292
1032	291
1035	291
1035	292
1039	292
1039	294
1040	294
1040	295
1043	295
1043	296
1044	296
1044	297
1045	297
1045	298
1052	298
1052	302
1053	302
1053	303
1056	303
1056	304
1057	304
1057	306
1059	306
1059	307
1060	307
1060	308
1061	308
1061	310
1062	310
1062	311
1063	311
1063	312
1065	312
1065	313
1066	313
1066	314
1067	314
1067	315
1068	315
1068	316
1070	316
1070	319
1071	319
1071	318
1072	318
1072	319
1073	319
1073	320
1074	320
1074	322
1075	322
1075	323
1076	323
1076	324
1077	324
1077	330
1078	330
1078	331
1079	331
1079	333
1080	333
1080	334
1082	334
1082	335
1083	335
1083	334
1091	334
1091	340
1092	340
1092	342
1095	342
1095	344
1096	344
1096	346
1098	346
1098	347
1109	347
1109	346
1110	346
1110	345
1111	345
1111	343
1112	343
1112	341
1113	341
1113	335
1114	335
1114	334
1117	334
1117	333
1118	333
1118	327
1119	327
1119	325
1123	325
1123	324
1124	324
1124	320
1127	320
1127	318
1129	318
1129	317
1130	317
1130	314
1131	314
1131	313
1132	313
1132	314
1133	314
1133	313
1134	313
1134	311
1135	311
1135	309
1137	309
1137	304
1138	304
1138	303
1143	303
1143	302
1144	302
1144	301
1146	301
1146	298
1149	298
1149	297
1150	297
1150	295
1151	295
1151	293
1152	293
1152	292
1155	292
1155	289
1159	289
1159	288
1160	288
1160	286
1162	286
1162	285
1163	285
1163	286
1164	286
1164	282
1167	282
1167	281
1168	281
1168	280
1171	280
1171	279
1172	279
1172	277
1171	277
1171	276
1172	276
1172	275
1174	275
1174	274
1175	274
1175	273
1176	273
1176	272
1177	272
1177	271
1181	271
1181	268
1182	268
1182	267
1185	267
1185	266
1186	266
1186	265
1189	265
1189	264
1190	264
1190	262
1191	262
1191	261
1192	261
1192	260
1194	260
1194	259
1195	259
1195	257
1196	257
1196	256
1198	256
1198	255
1199	255
1199	254
1201	254
1201	253
1208	253
1208	251
1210	251
1210	250
1211	250
1211	248
1213	248
1213	247
1214	247
1214	244
1215	244
1215	243
1221	243
1221	242
1222	242
1222	237
1223	237
1223	236
1229	236
1229	235
1233	235
1233	234
1235	234
1235	233
1236	233
1236	231
1238	231
1238	230
1239	230
1239	229
1244	229
1244	221
1245	221
1245	220
1249	220
1249	221
1250	221
1250	220
1253	220
1253	217
1257	217
1257	216
1259	216
1259	215
1261	215
1261	213
1262	213
1262	212
1263	212
1263	211
1264	211
1264	210
1268	210
1268	211
1270	211
1270	210
1272	210
1272	208
1273	208
1273	206
1278	206
1278	205
1279	205
1279	203
1280	203
1280	200
1281	200
1281	199
1285	199
1285	195
1290	195
1290	193
1291	193
1291	192
1292	192
1292	191
1294	191
1294	190
1296	190
1296	189
1297	189
1297	188
1298	188
1298	187
1300	187
1300	186
1301	186
1301	184
1303	184
1303	183
1304	183
1304	182
1306	182
1306	181
1309	181
1309	176
1310	176
1310	175
1312	175
1312	173
1315	173
1315	172
1316	172
1316	171
1320	171
1320	170
1321	170
1321	166
1322	166
1322	165
1325	165
1325	164
1326	164
1326	163
1327	163
1327	162
1329	162
1329	161
1330	161
1330	160
1331	160
1331	159
1333	159
1333	158
1334	158
1334	155
1338	155
1338	154
1341	154
1341	153
1343	153
1343	152
1350	152
1350	153
1353	153
1353	154
1354	154
1354	153
1355	153
1355	154
1359	154
1359	157
1360	157
1360	158
1362	158
1362	160
1363	160
1363	162
1364	162
1364	164
1365	164
1365	165
1366	165
1366	169
1367	169
1367	170
1379	170
1379	169
1380	169
1380	168
1382	168
1382	167
1383	167
1383	165
1384	165
1384	164
1385	164
1385	163
1387	163
1387	162
1388	162
1388	160
1390	160
1390	159
1392	159
1392	158
1393	158
1393	157
1394	157
1394	156
1395	156
1395	155
1397	155
1397	154
1398	154
1398	152
1399	152
1399	151
1400	151
1400	150
1401	150
1401	149
1404	149
1404	148
1407	148
1407	147
1409	147
1409	146
1413	146
1413	145
1415	145
1415	144
1416	144
1416	143
1419	143
1419	140
1421	140
1421	141
1423	141
1423	140
1428	140
1428	139
1430	139
1430	137
1431	137
1431	136
1433	136
1433	133
1434	133
1434	131
1437	131
1437	130
1439	130
1439	127
1443	127
1443	126
1444	126
1444	125
1446	125
1446	124
1448	124
1448	121
1451	121
1451	120
1455	120
1455	119
1456	119
1456	118
1464	118
1464	117
1465	117
1465	114
1468	114
1468	113
1472	113
1472	112
1474	112
1474	111
1476	111
1476	110
1477	110
1477	109
1492	109
1492	108
1494	108
1494	109
1497	109
1497	110
1498	110
1498	114
1499	114
1499	115
1500	115
1500	118
1501	118
1501	120
1502	120
1502	122
1503	122
1503	127
1504	127
1504	128
1505	128
1505	135
1506	135
1506	138
1507	138
1507	141
1508	141
1508	142
1523	142
1523	141
1524	141
1524	140
1525	140
1525	138
1526	138
1526	136
1532	136
1532	134
1533	134
1533	133
1532	133
1532	132
1534	132
1534	131
1535	131
1535	132
1537	132
1537	131
1538	131
1538	129
1542	129
1542	128
1543	128
1543	127
1545	127
1545	126
1550	126
1550	125
1552	125
1552	124
1553	124
1553	121
1554	121
1554	120
1559	120
1559	119
1561	119
1561	118
1566	118
1566	117
1570	117
1570	116
1573	116
1573	112
1583	112
1583	111
1584	111
1584	110
1586	110
1586	109
1604	109
1604	108
1605	108
1605	106
1611	106
1611	108
1612	108
1612	109
1619	109
1619	110
1623	110
1623	111
1626	111
1626	112
1627	112
1627	133
1626	133
1626	135
1625	135
1625	149
1626	149
1626	150
1640	150
1640	149
1641	149
1641	147
1649	147
1649	146
1650	146
1650	145
1656	145
1656	144
1663	144
1663	142
1686	142
1686	141
1707	141
1707	140
1708	140
1708	141
1710	141
1710	140
1714	140
1714	141
1738	141
1738	142
1805	142
1805	141
1807	141
1807	142
1816	142
1816	141
1818	141
1818	142
1822	142
1822	143
1832	143
1832	144
1837	144
1837	145
1838	145
1838	146
1851	146
1851	145
1853	145
1853	146
1854	146
1854	147
1856	147
1856	148
1862	148
1862	149
1865	149
1865	150
1868	150
1868	151
1873	151
1873	153
1875	153
1875	154
1881	154
1881	155
1882	155
1882	156
1883	156
1883	157
1886	157
1886	158
1888	158
1888	159
1891	159
1891	170
1886	170
1886	172
1885	172
1885	174
1884	174
1884	175
1883	175
1883	176
1882	176
1882	178
1881	178
1881	179
1880	179
1880	180
1879	180
1879	181
1878	181
1878	182
1877	182
1877	184
1876	184
1876	185
1875	185
1875	186
1874	186
1874	187
1872	187
1872	188
1870	188
1870	189
1869	189
1869	190
1868	190
1868	191
1866	191
1866	192
1863	192
1863	193
1862	193
1862	194
1861	194
1861	195
1859	195
1859	196
1858	196
1858	197
1854	197
1854	198
1853	198
1853	200
1851	200
1851	201
1848	201
1848	202
1847	202
1847	203
1846	203
1846	204
1845	204
1845	206
1838	206
1838	207
1837	207
1837	208
1835	208
1835	209
1834	209
1834	208
1833	208
1833	209
1832	209
1832	210
1830	210
1830	211
1828	211
1828	212
1827	212
1827	213
1821	213
1821	214
1820	214
1820	215
1819	215
1819	216
1816	216
1816	217
1813	217
1813	218
1810	218
1810	219
1808	219
1808	220
1807	220
1807	221
1805	221
1805	222
1804	222
1804	223
1803	223
1803	224
1801	224
1801	226
1799	226
1799	228
1797	228
1797	229
1796	229
1796	230
1795	230
1795	231
1794	231
1794	232
1792	232
1792	233
1791	233
1791	234
1790	234
1790	235
1788	235
1788	236
1787	236
1787	237
1786	237
1786	238
1785	238
1785	239
1784	239
1784	240
1782	240
1782	241
1780	241
1780	242
1775	242
1775	243
1774	243
1774	245
1773	245
1773	246
1769	246
1769	247
1768	247
1768	248
1760	248
1760	249
1751	249
1751	250
1744	250
1744	249
1743	249
1743	250
1741	250
1741	265
1740	265
1740	267
1739	267
1739	268
1738	268
1738	269
1736	269
1736	270
1734	270
1734	271
1731	271
1731	272
1730	272
1730	273
1725	273
1725	274
1723	274
1723	275
1721	275
1721	276
1720	276
1720	277
1718	277
1718	278
1712	278
1712	279
1711	279
1711	280
1709	280
1709	281
1705	281
1705	282
1703	282
1703	283
1699	283
1699	284
1697	284
1697	285
1693	285
1693	286
1691	286
1691	287
1684	287
1684	288
1681	288
1681	289
1676	289
1676	290
1667	290
1667	291
1658	291
1658	290
1645	290
1645	291
1644	291
1644	292
1645	292
1645	293
1644	293
1644	294
1645	294
1645	303
1644	303
1644	304
1645	304
1645	306
1646	306
1646	313
1645	313
1645	314
1643	314
1643	316
1642	316
1642	317
1641	317
1641	318
1639	318
1639	319
1638	319
1638	320
1637	320
1637	321
1636	321
1636	322
1632	322
1632	323
1631	323
1631	324
1627	324
1627	325
1624	325
1624	326
1621	326
1621	327
1619	327
1619	328
1617	328
1617	329
1613	329
1613	330
1604	330
1604	331
1603	331
1603	332
1601	332
1601	333
1600	333
1600	334
1595	334
1595	335
1591	335
1591	336
1587	336
1587	337
1586	337
1586	336
1585	336
1585	337
1583	337
1583	338
1578	338
1578	339
1569	339
1569	340
1555	340
1555	341
1551	341
1551	340
1546	340
1546	339
1530	339
1530	350
1529	350
1529	358
1528	358
1528	359
1526	359
1526	361
1525	361
1525	362
1524	362
1524	363
1522	363
1522	364
1520	364
1520	365
1518	365
1518	366
1512	366
1512	367
1460	367
1460	368
1432	368
1432	367
1419	367
1419	366
1405	366
1405	368
1404	368
1404	371
1402	371
1402	372
1401	372
1401	373
1400	373
1400	374
1399	374
1399	375
1398	375
1398	376
1393	376
1393	377
1390	377
1390	378
1386	378
1386	379
1378	379
1378	380
1370	380
1370	379
1369	379
1369	378
1355	378
1355	379
1352	379
1352	378
1350	378
1350	377
1349	377
1349	378
1346	378
1346	377
1344	377
1344	378
1304	378
1304	377
1302	377
1302	378
1296	378
1296	380
1289	380
1289	379
1288	379
1288	378
1286	378
1286	377
1284	377
1284	378
1283	378
1283	377
1281	377
1281	378
1268	378
1268	377
1261	377
1261	376
1252	376
1252	375
1216	375
1216	376
1190	376
1190	377
1184	377
1184	378
1183	378
1183	377
1180	377
1180	378
1176	378
1176	379
1157	379
1157	380
1156	380
1156	393
1157	393
1157	394
1158	394
1158	395
1160	395
1160	397
1161	397
1161	398
1162	398
1162	399
1166	399
1166	400
1168	400
1168	401
1169	401
1169	402
1170	402
1170	403
1175	403
1175	404
1176	404
1176	405
1177	405
1177	406
1179	406
1179	407
1180	407
1180	408
1182	408
1182	409
1184	409
1184	410
1186	410
1186	411
1189	411
1189	412
1190	412
1190	413
1192	413
1192	414
1194	414
1194	415
1197	415
1197	416
1198	416
1198	417
1201	417
1201	418
1202	418
1202	419
1209	419
1209	420
1208	420
1208	421
1210	421
1210	422
1211	422
1211	421
1212	421
1212	422
1214	422
1214	424
1216	424
1216	425
1218	425
1218	424
1220	424
1220	425
1223	425
1223	426
1224	426
1224	429
1229	429
1229	430
1233	430
1233	431
1234	431
1234	432
1240	432
1240	433
1241	433
1241	435
1242	435
1242	437
1246	437
1246	438
1247	438
1247	439
1251	439
1251	442
1259	442
1259	443
1261	443
1261	444
1263	444
1263	445
1264	445
1264	446
1267	446
1267	447
1269	447
1269	449
1271	449
1271	450
1274	450
1274	452
1275	452
1275	451
1276	451
1276	452
1278	452
1278	453
1280	453
1280	454
1283	454
1283	455
1286	455
1286	456
1288	456
1288	457
1295	457
1295	460
1296	460
1296	462
1298	462
1298	463
1305	463
1305	464
1306	464
1306	465
1309	465
1309	466
1310	466
1310	467
1312	467
1312	468
1314	468
1314	469
1315	469
1315	470
1318	470
1318	471
1321	471
1321	474
1327	474
1327	475
1328	475
1328	476
1331	476
1331	477
1332	477
1332	478
1333	478
1333	479
1336	479
1336	480
1337	480
1337	481
1348	481
1348	482
1349	482
1349	483
1350	483
1350	484
1353	484
1353	485
1358	485
1358	488
1360	488
1360	489
1362	489
1362	490
1364	490
1364	491
1366	491
1366	492
1367	492
1367	493
1377	493
1377	495
1378	495
1378	496
1380	496
1380	497
1383	497
1383	498
1386	498
1386	499
1388	499
1388	500
1389	500
1389	502
1390	502
1390	503
1392	503
1392	504
1393	504
1393	505
1402	505
1402	508
1408	508
1408	509
1409	509
1409	510
1414	510
1414	512
1416	512
1416	513
1422	513
1422	515
1424	515
1424	516
1432	516
1432	517
1435	517
1435	518
1437	518
1437	519
1439	519
1439	518
1440	518
1440	519
1442	519
1442	518
1444	518
1444	519
1447	519
1447	520
1450	520
1450	523
1455	523
1455	524
1456	524
1456	525
1457	525
1457	526
1462	526
1462	527
1463	527
1463	526
1470	526
1470	530
1471	530
1471	531
1472	531
1472	532
1473	532
1473	533
1478	533
1478	534
1480	534
1480	535
1482	535
1482	536
1483	536
1483	537
1484	537
1484	541
1483	541
1483	544
1482	544
1482	546
1481	546
1481	559
1482	559
1482	560
1511	560
1511	559
1516	559
1516	560
1522	560
1522	561
1529	561
1529	562
1530	562
1530	563
1531	563
1531	564
1539	564
1539	565
1542	565
1542	566
1546	566
1546	567
1549	567
1549	568
1554	568
1554	569
1560	569
1560	570
1565	570
1565	571
1569	571
1569	572
1572	572
1572	574
1573	574
1573	575
1574	575
1574	576
1575	576
1575	575
1579	575
1579	576
1582	576
1582	577
1586	577
1586	578
1589	578
1589	579
1590	579
1590	580
1591	580
1591	579
1592	579
1592	580
1595	580
1595	581
1596	581
1596	582
1599	582
1599	584
1601	584
1601	585
1602	585
1602	587
1603	587
1603	588
1608	588
1608	590
1609	590
1609	591
1611	591
1611	592
1612	592
1612	591
1613	591
1613	592
1614	592
1614	593
1615	593
1615	597
1614	597
1614	598
1613	598
1613	601
1612	601
1612	602
1611	602
1611	605
1610	605
1610	619
1628	619
1628	620
1630	620
1630	621
1632	621
1632	620
1633	620
1633	621
1637	621
1637	622
1643	622
1643	623
1648	623
1648	624
1650	624
1650	625
1657	625
1657	626
1661	626
1661	627
1662	627
1662	628
1668	628
1668	629
1669	629
1669	630
1671	630
1671	631
1675	631
1675	632
1685	632
1685	633
1689	633
1689	634
1690	634
1690	635
1691	635
1691	636
1698	636
1698	637
1700	637
1700	638
1701	638
1701	639
1702	639
1702	640
1704	640
1704	641
1708	641
1708	642
1710	642
1710	643
1711	643
1711	644
1712	644
1712	645
1713	645
1713	647
1714	647
1714	646
1715	646
1715	650
1716	650
1716	651
1718	651
1718	652
1722	652
1722	653
1723	653
1723	654
1724	654
1724	655
1725	655
1725	656
1726	656
1726	658
1727	658
1727	661
1726	661
1726	663
1725	663
1725	666
1724	666
1724	667
1723	667
1723	669
1722	669
1722	671
1721	671
1721	673
1720	673
1720	675
1719	675
1719	676
1718	676
1718	679
1717	679
1717	680
1716	680
1716	681
1715	681
1715	683
1714	683
1714	684
1711	684
1711	700
1712	700
1712	701
1722	701
1722	702
1729	702
1729	703
1730	703
1730	704
1741	704
1741	705
1742	705
1742	706
1743	706
1743	707
1747	707
1747	708
1749	708
1749	709
1750	709
1750	710
1752	710
1752	711
1756	711
1756	713
1758	713
1758	714
1759	714
1759	715
1762	715
1762	716
1764	716
1764	717
1766	717
1766	718
1767	718
1767	719
1769	719
1769	720
1772	720
1772	721
1773	721
1773	722
1774	722
1774	724
1777	724
1777	725
1779	725
1779	726
1781	726
1781	727
1783	727
1783	728
1784	728
1784	727
1785	727
1785	728
1786	728
1786	729
1789	729
1789	730
1790	730
1790	731
1792	731
1792	732
1793	732
1793	733
1795	733
1795	734
1798	734
1798	735
1800	735
1800	736
1801	736
1801	739
1802	739
1802	738
1805	738
1805	739
1806	739
1806	740
1808	740
1808	741
1809	741
1809	742
1811	742
1811	743
1813	743
1813	744
1814	744
1814	746
1815	746
1815	747
1816	747
1816	748
1817	748
1817	749
1819	749
1819	750
1820	750
1820	752
1821	752
1821	754
1823	754
1823	757
1824	757
1824	758
1825	758
1825	759
1826	759
1826	760
1827	760
1827	762
1828	762
1828	771
1827	771
1827	773
1826	773
1826	775
1825	775
1825	776
1824	776
1824	777
1823	777
1823	780
1822	780
1822	782
1821	782
1821	783
1820	783
1820	784
1819	784
1819	786
1818	786
1818	787
1817	787
1817	788
1816	788
1816	791
1814	791
1814	792
1813	792
1813	793
1812	793
1812	795
1813	795
1813	796
1812	796
1812	805
1813	805
1813	806
1815	806
1815	807
1816	807
1816	806
1818	806
1818	807
1826	807
1826	808
1829	808
1829	809
1835	809
1835	810
1836	810
1836	811
1837	811
1837	812
1842	812
1842	813
1844	813
1844	814
1845	814
1845	815
1848	815
1848	816
1849	816
1849	817
1852	817
1852	818
1853	818
1853	819
1855	819
1855	820
1856	820
1856	821
1859	821
1859	822
1861	822
1861	823
1863	823
1863	825
1864	825
1864	826
1866	826
1866	827
1868	827
1868	828
1870	828
1870	829
1872	829
1872	830
1874	830
1874	831
1875	831
1875	832
1876	832
1876	833
1877	833
1877	834
1878	834
1878	835
1881	835
1881	836
1882	836
1882	837
1881	837
1881	838
1883	838
1883	839
1886	839
1886	840
1888	840
1888	841
1889	841
1889	842
1890	842
1890	843
1891	843
1891	845
1892	845
1892	844
1893	844
1893	845
1894	845
1894	846
1895	846
1895	847
1896	847
1896	848
1899	848
1899	850
1900	850
1900	851
1901	851
1901	852
1902	852
1902	853
1904	853
1904	855
1906	855
1906	856
1908	856
1908	857
1909	857
1909	859
1911	859
1911	860
1912	860
1912	861
1913	861
1913	863
1915	863
1915	864
1916	864
1916	867
1918	867
1918	869
1920	869
1920	871
1921	871
1921	872
1922	872
1922	875
1923	875
1923	876
1924	876
1924	877
1925	877
1925	880
1926	880
1926	883
1925	883
1925	887
1924	887
1924	888
1923	888
1923	889
1922	889
1922	892
1921	892
1921	894
1920	894
1920	897
1919	897
1919	898
1918	898
1918	901
1917	901
1917	902
1916	902
1916	903
1915	903
1915	906
1914	906
1914	908
1913	908
1913	909
1910	909
1910	910
1909	910
1909	915
1908	915
1908	928
1909	928
1909	929
1916	929
1916	930
1918	930
1918	931
1922	931
1922	932
1925	932
1925	933
1926	933
1926	934
1928	934
1928	935
1930	935
1930	936
1932	936
1932	937
1934	937
1934	938
1937	938
1937	939
1939	939
1939	940
1941	940
1941	941
1942	941
1942	943
1943	943
1943	944
1945	944
1945	946
1946	946
1946	947
1947	947
1947	948
1948	948
1948	947
1949	947
1949	949
1951	949
1951	950
1953	950
1953	952
1954	952
1954	953
1956	953
1956	954
1957	954
1957	956
1958	956
1958	957
1959	957
1959	958
1960	958
1960	959
1961	959
1961	960
1962	960
1962	961
1963	961
1963	963
1964	963
1964	966
1965	966
1965	965
1967	965
1967	966
1968	966
1968	967
1969	967
1969	969
1970	969
1970	970
1971	970
1971	971
1972	971
1972	973
1973	973
1973	974
1975	974
1975	976
1976	976
1976	977
1977	977
1977	979
1979	979
1979	981
1980	981
1980	982
1981	982
1981	985
1982	985
1982	986
1983	986
1983	987
1984	987
1984	988
1985	988
1985	989
1986	989
1986	990
1987	990
1987	991
1988	991
1988	992
1989	992
1989	993
1990	993
1990	995
1992	995
1992	997
1993	997
1993	998
1994	998
1994	999
1996	999
1996	1000
1997	1000
1997	1002
1998	1002
1998	1003
1999	1003
1999	1005
2000	1005
2000	1006
2001	1006
2001	1007
2002	1007
2002	1008
2003	1008
2003	1010
2004	1010
2004	1011
2005	1011
2005	1014
2006	1014
2006	1015
2007	1015
2007	1017
2008	1017
2008	1019
2009	1019
2009	1024
2010	1024
2010	1026
2011	1026
2011	1031
2012	1031
2012	1033
2013	1033
2013	1036
2012	1036
2012	1039
2011	1039
2011	1040
2010	1040
2010	1041
2008	1041
2008	1042
2007	1042
2007	1043
2005	1043
2005	1044
2004	1044
2004	1045
2003	1045
2003	1046
2002	1046
2002	1048
2001	1048
2001	1049
2000	1049
2000	1050
1999	1050
1999	1052
1996	1052
1996	1054
1995	1054
1995	1055
1994	1055
1994	1056
1993	1056
1993	1057
1992	1057
1992	1058
1991	1058
1991	1057
1990	1057
1990	1058
1989	1058
1989	1060
1988	1060
1988	1061
1986	1061
1986	1062
1985	1062
1985	1063
1981	1063
1981	1064
1980	1064
1980	1065
1979	1065
1979	1067
1978	1067
1978	1080
1980	1080
1980	1081
1981	1081
1981	1082
1982	1082
1982	1083
1984	1083
1984	1084
1986	1084
1986	1085
1988	1085
1988	1087
1989	1087
1989	1088
1990	1088
1990	1090
1991	1090
1991	1091
1994	1091
1994	1092
1996	1092
1996	1094
1997	1094
1997	1095
1998	1095
1998	1096
1999	1096
1999	1099
2000	1099
2000	1100
2001	1100
2001	1101
2002	1101
2002	1102
2003	1102
2003	1106
2004	1106
2004	1107
2005	1107
2005	1109
2006	1109
2006	1111
2007	1111
2007	1112
2008	1112
2008	1116
2009	1116
2009	1118
2011	1118
2011	1120
2012	1120
2012	1122
2013	1122
2013	1123
2014	1123
2014	1124
2015	1124
2015	1127
2016	1127
2016	1128
2017	1128
2017	1132
2018	1132
2018	1133
2019	1133
2019	1134
2020	1134
2020	1136
2021	1136
2021	1140
2022	1140
2022	1141
2023	1141
2023	1142
2024	1142
2024	1144
2025	1144
2025	1145
2026	1145
2026	1148
2027	1148
2027	1150
2028	1150
2028	1151
2029	1151
2029	1152
2030	1152
2030	1154
2031	1154
2031	1155
2032	1155
2032	1157
2033	1157
2033	1159
2034	1159
2034	1160
2035	1160
2035	1163
2036	1163
2036	1164
2037	1164
2037	1166
2038	1166
2038	1168
2039	1168
2039	1171
2040	1171
2040	1173
2042	1173
2042	1175
2043	1175
2043	1178
2044	1178
2044	1179
2045	1179
2045	1181
2046	1181
2046	1182
2047	1182
2047	1183
2048	1183
2048	1185
2049	1185
2049	1186
2050	1186
2050	1188
2051	1188
2051	1189
2052	1189
2052	1190
2053	1190
2053	1192
2054	1192
2054	1195
2055	1195
2055	1197
2056	1197
2056	1198
2057	1198
2057	1200
2058	1200
2058	1201
2059	1201
2059	1203
2060	1203
2060	1204
2061	1204
2061	1208
2062	1208
2062	1209
2063	1209
2063	1210
2064	1210
2064	1211
2065	1211
2065	1212
2066	1212
2066	1213
2067	1213
2067	1215
2068	1215
2068	1217
2069	1217
2069	1218
2070	1218
2070	1221
2071	1221
2071	1224
2072	1224
2072	1226
2074	1226
2074	1229
2075	1229
2075	1231
2076	1231
2076	1232
2077	1232
2077	1234
2078	1234
2078	1236
2080	1236
2080	1239
2081	1239
2081	1240
2082	1240
2082	1244
2083	1244
2083	1245
2084	1245
2084	1249
2085	1249
2085	1251
2086	1251
2086	1253
2087	1253
2087	1258
2088	1258
2088	1260
2089	1260
2089	1264
2090	1264
2090	1267
2091	1267
2091	1271
2092	1271
2092	1278
2093	1278
2093	1281
2094	1281
2094	1283
2095	1283
2095	1286
2096	1286
2096	1289
2097	1289
2097	1291
2098	1291
2098	1296
2099	1296
2099	1298
2100	1298
2100	1301
2101	1301
2101	1302
2102	1302
2102	1304
2101	1304
2101	1306
2099	1306
2099	1307
2090	1307
2090	1308
2078	1308
2078	1307
2072	1307
2072	1306
2068	1306
2068	1305
2063	1305
2063	1304
2061	1304
2061	1303
2058	1303
2058	1302
2055	1302
2055	1301
2053	1301
2053	1300
2051	1300
2051	1299
2050	1299
2050	1298
2048	1298
2048	1297
2043	1297
2043	1296
2040	1296
2040	1295
2038	1295
2038	1294
2034	1294
2034	1293
2032	1293
2032	1292
2029	1292
2029	1291
2025	1291
2025	1290
2024	1290
2024	1288
2022	1288
2022	1287
2020	1287
2020	1286
2019	1286
2019	1285
2016	1285
2016	1284
2015	1284
2015	1283
2013	1283
2013	1282
2011	1282
2011	1281
2010	1281
2010	1280
2009	1280
2009	1279
2008	1279
2008	1278
2007	1278
2007	1279
2006	1279
2006	1278
2005	1278
2005	1277
2004	1277
2004	1276
2003	1276
2003	1275
2001	1275
2001	1274
1999	1274
1999	1273
1996	1273
1996	1272
1995	1272
1995	1270
1993	1270
1993	1269
1990	1269
1990	1268
1989	1268
1989	1267
1986	1267
1986	1266
1983	1266
1983	1264
1980	1264
1980	1263
1978	1263
1978	1262
1976	1262
1976	1261
1973	1261
1973	1260
1971	1260
1971	1259
1969	1259
1969	1258
1968	1258
1968	1257
1965	1257
1965	1256
1963	1256
1963	1255
1957	1255
1957	1254
1956	1254
1956	1253
1955	1253
1955	1252
1954	1252
1954	1251
1950	1251
1950	1250
1949	1250
1949	1249
1948	1249
1948	1247
1944	1247
1944	1246
1943	1246
1943	1245
1942	1245
1942	1244
1940	1244
1940	1242
1938	1242
1938	1240
1936	1240
1936	1238
1935	1238
1935	1237
1921	1237
1921	1238
1916	1238
1916	1237
1912	1237
1912	1236
1911	1236
1911	1235
1910	1235
1910	1234
1908	1234
1908	1233
1906	1233
1906	1232
1904	1232
1904	1231
1903	1231
1903	1230
1902	1230
1902	1229
1901	1229
1901	1228
1899	1228
1899	1227
1898	1227
1898	1226
1897	1226
1897	1224
1895	1224
1895	1223
1894	1223
1894	1222
1893	1222
1893	1221
1892	1221
1892	1220
1889	1220
1889	1218
1888	1218
1888	1217
1887	1217
1887	1216
1886	1216
1886	1214
1885	1214
1885	1213
1884	1213
1884	1211
1883	1211
1883	1210
1882	1210
1882	1209
1881	1209
1881	1208
1867	1208
1867	1210
1866	1210
1866	1211
1863	1211
1863	1213
1862	1213
1862	1214
1861	1214
1861	1215
1859	1215
1859	1216
1858	1216
1858	1218
1857	1218
1857	1219
1856	1219
1856	1220
1854	1220
1854	1221
1849	1221
1849	1220
1847	1220
1847	1219
1844	1219
1844	1218
1843	1218
1843	1217
1840	1217
1840	1216
1839	1216
1839	1215
1837	1215
1837	1214
1836	1214
1836	1213
1834	1213
1834	1212
1833	1212
1833	1211
1832	1211
1832	1210
1830	1210
1830	1209
1829	1209
1829	1207
1828	1207
1828	1206
1826	1206
1826	1205
1824	1205
1824	1203
1823	1203
1823	1202
1821	1202
1821	1201
1819	1201
1819	1200
1818	1200
1818	1198
1817	1198
1817	1197
1816	1197
1816	1196
1814	1196
1814	1195
1813	1195
1813	1194
1812	1194
1812	1193
1811	1193
1811	1192
1809	1192
1809	1191
1808	1191
1808	1190
1807	1190
1807	1189
1806	1189
1806	1188
1805	1188
1805	1187
1804	1187
1804	1185
1803	1185
1803	1183
1802	1183
1802	1182
1800	1182
1800	1181
1799	1181
1799	1180
1798	1180
1798	1179
1797	1179
1797	1178
1796	1178
1796	1177
1795	1177
1795	1175
1794	1175
1794	1173
1793	1173
1793	1171
1792	1171
1792	1170
1791	1170
1791	1169
1790	1169
1790	1167
1789	1167
1789	1165
1788	1165
1788	1164
1787	1164
1787	1162
1786	1162
1786	1159
1785	1159
1785	1157
1784	1157
1784	1154
1770	1154
1770	1155
1769	1155
1769	1156
1767	1156
1767	1157
1766	1157
1766	1158
1765	1158
1765	1159
1764	1159
1764	1160
1763	1160
1763	1161
1761	1161
1761	1162
1760	1162
1760	1163
1759	1163
1759	1164
1756	1164
1756	1165
1757	1165
1757	1166
1756	1166
1756	1167
1755	1167
1755	1168
1752	1168
1752	1169
1751	1169
1751	1168
1746	1168
1746	1166
1742	1166
1742	1165
1741	1165
1741	1164
1739	1164
1739	1162
1737	1162
1737	1161
1734	1161
1734	1160
1733	1160
1733	1159
1731	1159
1731	1158
1730	1158
1730	1157
1727	1157
1727	1155
1725	1155
1725	1154
1724	1154
1724	1153
1723	1153
1723	1152
1720	1152
1720	1151
1719	1151
1719	1149
1718	1149
1718	1148
1717	1148
1717	1147
1715	1147
1715	1146
1713	1146
1713	1144
1712	1144
1712	1143
1710	1143
1710	1142
1709	1142
1709	1141
1707	1141
1707	1140
1706	1140
1706	1138
1704	1138
1704	1137
1703	1137
1703	1135
1702	1135
1702	1134
1699	1134
1699	1133
1698	1133
1698	1132
1697	1132
1697	1130
1696	1130
1696	1129
1695	1129
1695	1128
1694	1128
1694	1126
1693	1126
1693	1125
1690	1125
1690	1121
1688	1121
1688	1120
1687	1120
1687	1118
1686	1118
1686	1117
1685	1117
1685	1115
1683	1115
1683	1112
1682	1112
1682	1110
1680	1110
1680	1106
1679	1106
1679	1102
1678	1102
1678	1100
1677	1100
1677	1097
1675	1097
1675	1096
1674	1096
1674	1089
1673	1089
1673	1088
1660	1088
1660	1089
1657	1089
1657	1090
1656	1090
1656	1092
1655	1092
1655	1093
1652	1093
1652	1094
1651	1094
1651	1095
1648	1095
1648	1096
1647	1096
1647	1097
1645	1097
1645	1098
1644	1098
1644	1099
1642	1099
1642	1100
1641	1100
1641	1101
1638	1101
1638	1100
1635	1100
1635	1099
1632	1099
1632	1098
1630	1098
1630	1097
1628	1097
1628	1096
1627	1096
1627	1095
1624	1095
1624	1094
1623	1094
1623	1092
1620	1092
1620	1091
1618	1091
1618	1089
1616	1089
1616	1088
1615	1088
1615	1087
1614	1087
1614	1086
1613	1086
1613	1085
1611	1085
1611	1083
1609	1083
1609	1082
1608	1082
1608	1081
1607	1081
1607	1079
1606	1079
1606	1078
1605	1078
1605	1076
1603	1076
1603	1075
1602	1075
1602	1076
1601	1076
1601	1075
1600	1075
1600	1071
1599	1071
1599	1069
1595	1069
1595	1068
1594	1068
1594	1065
1593	1065
1593	1064
1592	1064
1592	1062
1591	1062
1591	1061
1590	1061
1590	1060
1588	1060
1588	1058
1587	1058
1587	1057
1586	1057
1586	1054
1585	1054
1585	1053
1582	1053
1582	1051
1580	1051
1580	1050
1579	1050
1579	1049
1578	1049
1578	1048
1577	1048
1577	1045
1576	1045
1576	1044
1575	1044
1575	1042
1574	1042
1574	1041
1573	1041
1573	1039
1572	1039
1572	1038
1571	1038
1571	1035
1570	1035
1570	1034
1569	1034
1569	1032
1568	1032
1568	1031
1567	1031
1567	1028
1565	1028
1565	1023
1564	1023
1564	1020
1563	1020
1563	1018
1562	1018
1562	1013
1561	1013
1561	1009
1560	1009
1560	1002
1559	1002
1559	999
1558	999
1558	998
1557	998
1557	997
1544	997
1544	998
1543	998
1543	999
1541	999
1541	1000
1540	1000
1540	1001
1539	1001
1539	1002
1537	1002
1537	1003
1534	1003
1534	1004
1533	1004
1533	1005
1531	1005
1531	1006
1528	1006
1528	1007
1523	1007
1523	1008
1522	1008
1522	1009
1520	1009
1520	1010
1517	1010
1517	1011
1516	1011
1516	1012
1514	1012
1514	1013
1508	1013
1508	1012
1507	1012
1507	1010
1506	1010
1506	1011
1505	1011
1505	1010
1506	1010
1506	1009
1503	1009
1503	1008
1501	1008
1501	1007
1500	1007
1500	1006
1499	1006
1499	1005
1498	1005
1498	1004
1497	1004
1497	1003
1496	1003
1496	1000
1495	1000
1495	999
1493	999
1493	998
1492	998
1492	996
1491	996
1491	995
1490	995
1490	994
1489	994
1489	992
1488	992
1488	990
1487	990
1487	988
1486	988
1486	987
1485	987
1485	986
1484	986
1484	984
1483	984
1483	981
1482	981
1482	980
1481	980
1481	977
1480	977
1480	976
1479	976
1479	974
1478	974
1478	972
1477	972
1477	971
1476	971
1476	968
1475	968
1475	966
1474	966
1474	965
1473	965
1473	963
1472	963
1472	961
1471	961
1471	959
1470	959
1470	958
1469	958
1469	955
1468	955
1468	952
1467	952
1467	950
1466	950
1466	949
1465	949
1465	945
1463	945
1463	941
1462	941
1462	940
1461	940
1461	938
1460	938
1460	936
1459	936
1459	934
1458	934
1458	931
1457	931
1457	930
1456	930
1456	927
1455	927
1455	926
1454	926
1454	922
1453	922
1453	921
1452	921
1452	917
1451	917
1451	910
1450	910
1450	909
1449	909
1449	904
1448	904
1448	902
1447	902
1447	900
1448	900
1448	897
1447	897
1447	893
1448	893
1448	888
1447	888
1447	887
1448	887
1448	886
1447	886
1447	885
1446	885
1446	884
1444	884
1444	885
1443	885
1443	884
1436	884
1436	885
1430	885
1430	886
1427	886
1427	887
1426	887
1426	888
1422	888
1422	889
1417	889
1417	890
1414	890
1414	889
1411	889
1411	888
1410	888
1410	887
1408	887
1408	886
1407	886
1407	885
1406	885
1406	883
1405	883
1405	882
1403	882
1403	881
1402	881
1402	878
1401	878
1401	877
1400	877
1400	876
1399	876
1399	875
1398	875
1398	873
1397	873
1397	870
1395	870
1395	868
1394	868
1394	865
1393	865
1393	864
1392	864
1392	863
1391	863
1391	857
1390	857
1390	855
1389	855
1389	853
1388	853
1388	847
1387	847
1387	846
1385	846
1385	842
1384	842
1384	837
1382	837
1382	829
1381	829
1381	828
1380	828
1380	827
1379	827
1379	820
1378	820
1378	818
1377	818
1377	817
1376	817
1376	816
1377	816
1377	814
1376	814
1376	811
1375	811
1375	796
1374	796
1374	795
1360	795
1360	796
1358	796
1358	797
1355	797
1355	798
1354	798
1354	797
1352	797
1352	796
1349	796
1349	795
1347	795
1347	794
1345	794
1345	793
1344	793
1344	792
1342	792
1342	791
1341	791
1341	790
1340	790
1340	788
1339	788
1339	787
1338	787
1338	786
1337	786
1337	784
1336	784
1336	782
1335	782
1335	780
1334	780
1334	775
1333	775
1333	774
1331	774
1331	773
1330	773
1330	770
1329	770
1329	768
1328	768
1328	767
1327	767
1327	765
1326	765
1326	764
1325	764
1325	757
1324	757
1324	756
1323	756
1323	755
1322	755
1322	753
1321	753
1321	751
1320	751
1320	750
1319	750
1319	745
1318	745
1318	743
1317	743
1317	740
1316	740
1316	737
1315	737
1315	734
1314	734
1314	731
1313	731
1313	730
1312	730
1312	727
1311	727
1311	725
1310	725
1310	722
1309	722
1309	721
1307	721
1307	718
1306	718
1306	716
1305	716
1305	714
1304	714
1304	711
1303	711
1303	710
1302	710
1302	707
1301	707
1301	702
1300	702
1300	700
1299	700
1299	699
1298	699
1298	694
1297	694
1297	690
1295	690
1295	684
1294	684
1294	680
1293	680
1293	667
1292	667
1292	666
1279	666
1279	667
1278	667
1278	668
1277	668
1277	669
1272	669
1272	668
1271	668
1271	667
1270	667
1270	666
1267	666
1267	665
1265	665
1265	664
1263	664
1263	661
1262	661
1262	658
1261	658
1261	657
1259	657
1259	654
1258	654
1258	651
1256	651
1256	649
1255	649
1255	648
1254	648
1254	646
1253	646
1253	640
1252	640
1252	639
1250	639
1250	636
1249	636
1249	632
1248	632
1248	631
1247	631
1247	629
1246	629
1246	627
1245	627
1245	622
1244	622
1244	620
1243	620
1243	616
1242	616
1242	615
1240	615
1240	611
1239	611
1239	610
1238	610
1238	606
1237	606
1237	605
1236	605
1236	603
1235	603
1235	601
1234	601
1234	600
1233	600
1233	597
1232	597
1232	595
1231	595
1231	592
1230	592
1230	591
1229	591
1229	590
1228	590
1228	589
1227	589
1227	587
1226	587
1226	585
1225	585
1225	584
1224	584
1224	583
1223	583
1223	579
1222	579
1222	578
1221	578
1221	576
1220	576
1220	575
1219	575
1219	571
1218	571
1218	570
1217	570
1217	567
1216	567
1216	566
1214	566
1214	564
1213	564
1213	563
1214	563
1214	562
1213	562
1213	559
1212	559
1212	557
1208	557
1208	548
1207	548
1207	545
1206	545
1206	544
1205	544
1205	543
1204	543
1204	539
1203	539
1203	537
1202	537
1202	534
1201	534
1201	531
1200	531
1200	530
1199	530
1199	525
1198	525
1198	524
1199	524
1199	523
1198	523
1198	522
1197	522
1197	521
1196	521
1196	520
1195	520
1195	517
1194	517
1194	515
1193	515
1193	514
1192	514
1192	512
1191	512
1191	511
1190	511
1190	508
1189	508
1189	506
1190	506
1190	505
1189	505
1189	504
1188	504
1188	503
1187	503
1187	501
1186	501
1186	498
1185	498
1185	497
1183	497
1183	495
1182	495
1182	494
1181	494
1181	489
1180	489
1180	488
1181	488
1181	487
1180	487
1180	486
1178	486
1178	485
1176	485
1176	484
1177	484
1177	483
1176	483
1176	482
1175	482
1175	481
1174	481
1174	480
1173	480
1173	476
1171	476
1171	475
1170	475
1170	474
1169	474
1169	473
1168	473
1168	472
1167	472
1167	471
1166	471
1166	468
1165	468
1165	465
1164	465
1164	464
1163	464
1163	460
1162	460
1162	459
1161	459
1161	457
1160	457
1160	458
1159	458
1159	456
1157	456
1157	453
1156	453
1156	452
1155	452
1155	451
1154	451
1154	449
1153	449
1153	447
1152	447
1152	445
1143	445
1143	444
1142	444
1142	445
1137	445
1137	459
1138	459
1138	463
1139	463
1139	467
1140	467
1140	470
1141	470
1141	473
1142	473
1142	477
1143	477
1143	480
1144	480
1144	483
1145	483
1145	485
1146	485
1146	489
1147	489
1147	493
1148	493
1148	495
1149	495
1149	499
1150	499
1150	501
1151	501
1151	503
1152	503
1152	508
1153	508
1153	511
1155	511
1155	517
1156	517
1156	518
1157	518
1157	520
1158	520
1158	524
1159	524
1159	525
1160	525
1160	526
1161	526
1161	532
1162	532
1162	533
1164	533
1164	539
1165	539
1165	541
1166	541
1166	545
1167	545
1167	546
1168	546
1168	547
1169	547
1169	552
1170	552
1170	553
1171	553
1171	557
1172	557
1172	558
1173	558
1173	562
1174	562
1174	563
1176	563
1176	566
1177	566
1177	568
1178	568
1178	569
1179	569
1179	576
1180	576
1180	577
1182	577
1182	578
1183	578
1183	582
1184	582
1184	584
1185	584
1185	586
1186	586
1186	587
1187	587
1187	590
1188	590
1188	594
1189	594
1189	595
1190	595
1190	596
1191	596
1191	598
1192	598
1192	599
1193	599
1193	602
1194	602
1194	604
1195	604
1195	605
1196	605
1196	608
1197	608
1197	614
1198	614
1198	615
1199	615
1199	617
1200	617
1200	618
1201	618
1201	620
1202	620
1202	623
1203	623
1203	624
1205	624
1205	627
1206	627
1206	630
1207	630
1207	631
1206	631
1206	632
1208	632
1208	633
1209	633
1209	635
1210	635
1210	638
1211	638
1211	641
1212	641
1212	642
1213	642
1213	643
1214	643
1214	645
1215	645
1215	650
1217	650
1217	652
1218	652
1218	654
1219	654
1219	655
1220	655
1220	656
1221	656
1221	659
1222	659
1222	663
1224	663
1224	666
1225	666
1225	667
1226	667
1226	668
1227	668
1227	669
1228	669
1228	671
1229	671
1229	672
1230	672
1230	676
1231	676
1231	677
1233	677
1233	680
1234	680
1234	681
1235	681
1235	682
1236	682
1236	689
1237	689
1237	690
1239	690
1239	691
1240	691
1240	694
1241	694
1241	696
1242	696
1242	700
1243	700
1243	701
1244	701
1244	704
1245	704
1245	705
1244	705
1244	708
1243	708
1243	709
1240	709
1240	710
1237	710
1237	711
1234	711
1234	712
1233	712
1233	713
1232	713
1232	728
1233	728
1233	731
1241	731
1241	732
1242	732
1242	736
1244	736
1244	737
1246	737
1246	739
1247	739
1247	740
1250	740
1250	741
1251	741
1251	746
1252	746
1252	748
1254	748
1254	749
1255	749
1255	750
1256	750
1256	751
1257	751
1257	753
1258	753
1258	756
1259	756
1259	757
1260	757
1260	758
1261	758
1261	759
1262	759
1262	761
1263	761
1263	763
1264	763
1264	766
1265	766
1265	767
1267	767
1267	768
1268	768
1268	771
1269	771
1269	775
1270	775
1270	776
1272	776
1272	777
1273	777
1273	780
1274	780
1274	781
1275	781
1275	784
1276	784
1276	785
1277	785
1277	786
1278	786
1278	789
1279	789
1279	790
1280	790
1280	791
1281	791
1281	795
1282	795
1282	798
1283	798
1283	799
1284	799
1284	801
1285	801
1285	803
1286	803
1286	804
1287	804
1287	805
1288	805
1288	807
1289	807
1289	808
1290	808
1290	809
1291	809
1291	810
1290	810
1290	811
1292	811
1292	813
1293	813
1293	815
1294	815
1294	818
1295	818
1295	819
1296	819
1296	822
1297	822
1297	821
1299	821
1299	823
1300	823
1300	824
1301	824
1301	826
1302	826
1302	827
1303	827
1303	829
1304	829
1304	830
1305	830
1305	832
1306	832
1306	834
1307	834
1307	835
1308	835
1308	837
1309	837
1309	838
1310	838
1310	843
1311	843
1311	845
1312	845
1312	847
1313	847
1313	848
1314	848
1314	855
1315	855
1315	856
1316	856
1316	863
1317	863
1317	864
1318	864
1318	869
1319	869
1319	874
1320	874
1320	877
1319	877
1319	878
1318	878
1318	879
1314	879
1314	880
1312	880
1312	881
1309	881
1309	882
1307	882
1307	883
1305	883
1305	884
1304	884
1304	885
1299	885
1299	886
1294	886
1294	887
1293	887
1293	888
1291	888
1291	889
1290	889
1290	902
1293	902
1293	903
1294	903
1294	904
1296	904
1296	905
1297	905
1297	906
1298	906
1298	907
1299	907
1299	908
1301	908
1301	909
1303	909
1303	910
1304	910
1304	911
1305	911
1305	912
1306	912
1306	913
1307	913
1307	914
1308	914
1308	916
1309	916
1309	917
1310	917
1310	918
1312	918
1312	920
1313	920
1313	921
1314	921
1314	924
1315	924
1315	925
1316	925
1316	926
1317	926
1317	929
1320	929
1320	931
1321	931
1321	934
1322	934
1322	935
1323	935
1323	938
1325	938
1325	939
1326	939
1326	943
1327	943
1327	944
1328	944
1328	946
1329	946
1329	947
1330	947
1330	948
1331	948
1331	950
1332	950
1332	955
1335	955
1335	957
1336	957
1336	960
1337	960
1337	961
1338	961
1338	962
1339	962
1339	964
1340	964
1340	966
1341	966
1341	969
1342	969
1342	970
1344	970
1344	971
1345	971
1345	975
1346	975
1346	977
1347	977
1347	981
1349	981
1349	982
1350	982
1350	985
1351	985
1351	986
1352	986
1352	988
1353	988
1353	989
1354	989
1354	992
1355	992
1355	993
1356	993
1356	997
1357	997
1357	998
1359	998
1359	1000
1360	1000
1360	1002
1361	1002
1361	1003
1362	1003
1362	1005
1363	1005
1363	1007
1364	1007
1364	1008
1363	1008
1363	1010
1368	1010
1368	1021
1369	1021
1369	1025
1370	1025
1370	1026
1371	1026
1371	1031
1370	1031
1370	1038
1369	1038
1369	1040
1370	1040
1370	1041
1369	1041
1369	1044
1366	1044
1366	1045
1364	1045
1364	1046
1360	1046
1360	1047
1358	1047
1358	1048
1354	1048
1354	1049
1352	1049
1352	1050
1346	1050
1346	1051
1342	1051
1342	1052
1337	1052
1337	1053
1329	1053
1329	1054
1328	1054
1328	1053
1327	1053
1327	1054
1326	1054
1326	1053
1324	1053
1324	1054
1323	1054
1323	1055
1322	1055
1322	1068
1323	1068
1323	1069
1324	1069
1324	1071
1325	1071
1325	1070
1326	1070
1326	1071
1327	1071
1327	1072
1328	1072
1328	1073
1329	1073
1329	1074
1330	1074
1330	1075
1331	1075
1331	1077
1332	1077
1332	1078
1333	1078
1333	1079
1334	1079
1334	1080
1335	1080
1335	1081
1336	1081
1336	1083
1337	1083
1337	1084
1338	1084
1338	1086
1339	1086
1339	1088
1340	1088
1340	1089
1341	1089
1341	1090
1342	1090
1342	1091
1343	1091
1343	1092
1344	1092
1344	1093
1345	1093
1345	1095
1346	1095
1346	1097
1347	1097
1347	1100
1348	1100
1348	1101
1349	1101
1349	1102
1350	1102
1350	1108
1351	1108
1351	1109
1352	1109
1352	1110
1353	1110
1353	1113
1354	1113
1354	1115
1355	1115
1355	1116
1354	1116
1354	1118
1355	1118
1355	1119
1357	1119
1357	1127
1359	1127
1359	1134
1360	1134
1360	1136
1362	1136
1362	1139
1363	1139
1363	1144
1364	1144
1364	1146
1366	1146
1366	1149
1367	1149
1367	1153
1368	1153
1368	1156
1369	1156
1369	1158
1370	1158
1370	1160
1371	1160
1371	1162
1372	1162
1372	1166
1373	1166
1373	1168
1374	1168
1374	1173
1375	1173
1375	1175
1376	1175
1376	1181
1377	1181
1377	1186
1378	1186
1378	1187
1377	1187
1377	1189
1378	1189
1378	1190
1379	1190
1379	1194
1380	1194
1380	1204
1379	1204
1379	1208
1378	1208
1378	1209
1379	1209
1379	1211
1378	1211
1378	1214
1377	1214
1377	1218
1376	1218
1376	1220
1375	1220
1375	1221
1374	1221
1374	1222
1371	1222
1371	1223
1368	1223
1368	1224
1364	1224
1364	1225
1360	1225
1360	1226
1356	1226
1356	1227
1353	1227
1353	1228
1347	1228
1347	1229
1339	1229
1339	1230
1329	1230
1329	1244
1330	1244
1330	1245
1332	1245
1332	1247
1334	1247
1334	1249
1336	1249
1336	1252
1337	1252
1337	1253
1338	1253
1338	1254
1339	1254
1339	1256
1340	1256
1340	1257
1341	1257
1341	1261
1342	1261
1342	1262
1343	1262
1343	1263
1344	1263
1344	1266
1345	1266
1345	1268
1346	1268
1346	1269
1345	1269
1345	1271
1346	1271
1346	1272
1347	1272
1347	1275
1348	1275
1348	1278
1349	1278
1349	1280
1350	1280
1350	1287
1351	1287
1351	1289
1352	1289
1352	1292
1353	1292
1353	1302
1354	1302
1354	1306
1355	1306
1355	1309
1356	1309
1356	1313
1357	1313
1357	1315
1358	1315
1358	1321
1359	1321
1359	1326
1360	1326
1360	1327
1361	1327
1361	1328
1360	1328
1360	1329
1361	1329
1361	1331
1362	1331
1362	1334
1363	1334
1363	1338
1364	1338
1364	1342
1365	1342
1365	1348
1366	1348
1366	1354
1367	1354
1367	1358
1368	1358
1368	1370
1369	1370
1369	1379
1368	1379
1368	1388
1367	1388
1367	1392
1366	1392
1366	1395
1365	1395
1365	1397
1364	1397
1364	1398
1363	1398
1363	1399
1359	1399
1359	1400
1355	1400
1355	1401
1352	1401
1352	1402
1346	1402
1346	1403
1344	1403
1344	1404
1335	1404
1335	1405
1333	1405
1333	1404
1330	1404
1330	1405
1323	1405
1323	1406
1308	1406
1308	1421
1310	1421
1310	1422
1311	1422
1311	1424
1312	1424
1312	1425
1313	1425
1313	1427
1314	1427
1314	1429
1315	1429
1315	1430
1317	1430
1317	1434
1318	1434
1318	1435
1319	1435
1319	1437
1320	1437
1320	1439
1321	1439
1321	1441
1322	1441
1322	1445
1323	1445
