1257	517
1258	517
1258	518
1261	518
1261	522
1262	522
1262	526
1263	526
1263	527
1266	527
1266	528
1269	528
1269	537
1270	537
1270	538
1271	538
1271	539
1272	539
1272	540
1273	540
1273	543
1274	543
1274	544
1275	544
1275	547
1276	547
1276	549
1277	549
1277	550
1278	550
1278	551
1279	551
1279	553
1280	553
1280	555
1281	555
1281	557
1282	557
1282	559
1283	559
1283	562
1284	562
1284	563
1285	563
1285	565
1286	565
1286	567
1287	567
1287	569
1288	569
1288	571
1289	571
1289	573
1290	573
1290	574
1291	574
1291	576
1292	576
1292	578
1293	578
1293	580
1295	580
1295	581
1296	581
1296	582
1297	582
1297	583
1298	583
1298	586
1299	586
1299	587
1300	587
1300	588
1301	588
1301	590
1302	590
1302	591
1303	591
1303	592
1304	592
1304	593
1305	593
1305	597
1306	597
1306	598
1307	598
1307	599
1309	599
1309	601
1310	601
1310	605
1311	605
1311	606
1312	606
1312	607
1314	607
1314	611
1315	611
1315	612
1316	612
1316	615
1317	615
1317	616
1319	616
1319	619
1320	619
1320	620
1321	620
1321	622
1322	622
1322	623
1323	623
1323	624
1324	624
1324	626
1325	626
1325	628
1326	628
1326	630
1328	630
1328	632
1329	632
1329	633
1330	633
1330	634
1331	634
1331	637
1332	637
1332	638
1333	638
1333	641
1334	641
1334	643
1335	643
1335	644
1336	644
1336	647
1337	647
1337	650
1338	650
1338	651
1339	651
1339	655
1340	655
1340	656
1339	656
1339	657
1340	657
1340	660
1341	660
1341	662
1342	662
1342	668
1343	668
1343	678
1342	678
1342	683
1339	683
1339	684
1336	684
1336	683
1335	683
1335	682
1333	682
1333	681
1327	681
1327	680
1310	680
1310	695
1313	695
1313	696
1312	696
1312	697
1313	697
1313	698
1312	698
1312	699
1313	699
1313	700
1315	700
1315	701
1316	701
1316	703
1317	703
1317	704
1320	704
1320	705
1322	705
1322	707
1324	707
1324	708
1325	708
1325	709
1326	709
1326	710
1327	710
1327	711
1328	711
1328	712
1329	712
1329	713
1331	713
1331	715
1332	715
1332	716
1333	716
1333	718
1334	718
1334	721
1335	721
1335	722
1336	722
1336	725
1337	725
1337	727
1338	727
1338	728
1339	728
1339	729
1340	729
1340	731
1341	731
1341	733
1342	733
1342	737
1343	737
1343	739
1345	739
1345	741
1346	741
1346	742
1347	742
1347	743
1348	743
1348	744
1350	744
1350	747
1351	747
1351	749
1353	749
1353	751
1354	751
1354	753
1355	753
1355	754
1356	754
1356	756
1357	756
1357	759
1358	759
1358	760
1359	760
1359	761
1360	761
1360	762
1361	762
1361	763
1362	763
1362	764
1361	764
1361	765
1362	765
1362	766
1363	766
1363	767
1364	767
1364	768
1365	768
1365	770
1366	770
1366	771
1367	771
1367	774
1368	774
1368	775
1369	775
1369	777
1370	777
1370	778
1371	778
1371	780
1372	780
1372	784
1373	784
1373	783
1374	783
1374	784
1375	784
1375	785
1376	785
1376	788
1377	788
1377	789
1379	789
1379	792
1380	792
1380	793
1381	793
1381	795
1383	795
1383	797
1384	797
1384	798
1385	798
1385	799
1386	799
1386	801
1387	801
1387	803
1388	803
1388	805
1389	805
1389	806
1390	806
1390	810
1392	810
1392	811
1393	811
1393	813
1394	813
1394	815
1396	815
1396	816
1397	816
1397	818
1398	818
1398	821
1399	821
1399	822
1400	822
1400	824
1401	824
1401	826
1402	826
1402	828
1403	828
1403	831
1404	831
1404	835
1405	835
1405	847
1406	847
1406	848
1405	848
1405	849
1404	849
1404	850
1402	850
1402	851
1375	851
1375	850
1361	850
1361	863
1362	863
1362	864
1364	864
1364	866
1365	866
1365	867
1366	867
1366	868
1367	868
1367	870
1368	870
1368	871
1370	871
1370	872
1371	872
1371	873
1372	873
1372	875
1373	875
1373	876
1374	876
1374	877
1375	877
1375	879
1376	879
1376	881
1377	881
1377	882
1378	882
1378	884
1377	884
1377	885
1378	885
1378	886
1379	886
1379	887
1380	887
1380	889
1381	889
1381	891
1383	891
1383	892
1384	892
1384	894
1385	894
1385	897
1386	897
1386	899
1388	899
1388	900
1389	900
1389	901
1390	901
1390	903
1391	903
1391	908
1394	908
1394	910
1395	910
1395	911
1396	911
1396	913
1397	913
1397	915
1398	915
1398	916
1399	916
1399	918
1400	918
1400	919
1401	919
1401	920
1402	920
1402	921
1403	921
1403	924
1404	924
1404	925
1405	925
1405	926
1406	926
1406	929
1407	929
1407	930
1408	930
1408	931
1409	931
1409	932
1410	932
1410	933
1411	933
1411	934
1412	934
1412	936
1413	936
1413	938
1414	938
1414	940
1415	940
1415	941
1416	941
1416	943
1417	943
1417	944
1418	944
1418	947
1419	947
1419	948
1420	948
1420	950
1421	950
1421	952
1422	952
1422	954
1424	954
1424	956
1425	956
1425	959
1426	959
1426	961
1427	961
1427	962
1428	962
1428	965
1429	965
1429	966
1430	966
1430	968
1431	968
1431	971
1432	971
1432	972
1433	972
1433	975
1434	975
1434	978
1435	978
1435	979
1436	979
1436	980
1437	980
1437	981
1438	981
1438	985
1440	985
1440	988
1441	988
1441	990
1442	990
1442	992
1443	992
1443	995
1444	995
1444	996
1445	996
1445	998
1446	998
1446	1001
1447	1001
1447	1002
1448	1002
1448	1004
1449	1004
1449	1008
1450	1008
1450	1010
1451	1010
1451	1012
1452	1012
1452	1015
1453	1015
1453	1018
1454	1018
1454	1020
1455	1020
1455	1025
1456	1025
1456	1032
1457	1032
1457	1037
1458	1037
1458	1042
1457	1042
1457	1044
1456	1044
1456	1048
1455	1048
1455	1050
1454	1050
1454	1051
1453	1051
1453	1052
1450	1052
1450	1051
1448	1051
1448	1050
1446	1050
1446	1049
1445	1049
1445	1050
1443	1050
1443	1049
1428	1049
1428	1048
1411	1048
1411	1049
1410	1049
1410	1061
1411	1061
1411	1062
1412	1062
1412	1063
1413	1063
1413	1064
1414	1064
1414	1065
1415	1065
1415	1066
1416	1066
1416	1067
1417	1067
1417	1068
1418	1068
1418	1069
1419	1069
1419	1070
1420	1070
1420	1071
1421	1071
1421	1072
1422	1072
1422	1073
1424	1073
1424	1075
1425	1075
1425	1076
1426	1076
1426	1078
1427	1078
1427	1080
1428	1080
1428	1081
1429	1081
1429	1082
1430	1082
1430	1083
1431	1083
1431	1084
1432	1084
1432	1085
1433	1085
1433	1088
1434	1088
1434	1090
1435	1090
1435	1091
1436	1091
1436	1093
1437	1093
1437	1095
1438	1095
1438	1096
1439	1096
1439	1097
1440	1097
1440	1099
1441	1099
1441	1101
1442	1101
1442	1103
1443	1103
1443	1105
1444	1105
1444	1106
1446	1106
1446	1109
1447	1109
1447	1112
1449	1112
1449	1113
1450	1113
1450	1115
1451	1115
1451	1117
1452	1117
1452	1120
1453	1120
1453	1122
1454	1122
1454	1123
1455	1123
1455	1124
1456	1124
1456	1127
1457	1127
1457	1128
1458	1128
1458	1130
1459	1130
1459	1131
1460	1131
1460	1132
1461	1132
1461	1138
1462	1138
1462	1139
1463	1139
1463	1140
1464	1140
1464	1142
1465	1142
1465	1146
1466	1146
1466	1148
1467	1148
1467	1150
1468	1150
1468	1152
1469	1152
1469	1156
1470	1156
1470	1165
1472	1165
1472	1166
1473	1166
1473	1180
1472	1180
1472	1184
1471	1184
1471	1186
1470	1186
1470	1191
1469	1191
1469	1192
1468	1192
1468	1193
1464	1193
1464	1192
1463	1192
1463	1191
1461	1191
1461	1190
1457	1190
1457	1189
1456	1189
1456	1190
1450	1190
1450	1189
1439	1189
1439	1188
1430	1188
1430	1187
1424	1187
1424	1186
1420	1186
1420	1187
1419	1187
1419	1186
1417	1186
1417	1185
1404	1185
1404	1186
1403	1186
1403	1199
1404	1199
1404	1200
1406	1200
1406	1202
1408	1202
1408	1203
1409	1203
1409	1205
1410	1205
1410	1207
1411	1207
1411	1208
1412	1208
1412	1210
1413	1210
1413	1211
1414	1211
1414	1212
1416	1212
1416	1214
1417	1214
1417	1215
1418	1215
1418	1216
1419	1216
1419	1218
1420	1218
1420	1219
1421	1219
1421	1221
1422	1221
1422	1222
1423	1222
1423	1224
1424	1224
1424	1226
1425	1226
1425	1227
1426	1227
1426	1229
1427	1229
1427	1231
1428	1231
1428	1233
1429	1233
1429	1234
1430	1234
1430	1235
1431	1235
1431	1237
1432	1237
1432	1240
1433	1240
1433	1242
1434	1242
1434	1246
1435	1246
1435	1247
1436	1247
1436	1248
1437	1248
1437	1251
1438	1251
1438	1255
1439	1255
1439	1256
1440	1256
1440	1259
1441	1259
1441	1262
1442	1262
1442	1264
1443	1264
1443	1266
1444	1266
1444	1267
1445	1267
1445	1270
1446	1270
1446	1274
1447	1274
1447	1276
1448	1276
1448	1278
1449	1278
1449	1282
1450	1282
1450	1283
1451	1283
1451	1287
1452	1287
1452	1289
1451	1289
1451	1290
1452	1290
1452	1291
1453	1291
1453	1293
1454	1293
1454	1295
1455	1295
1455	1298
1456	1298
1456	1303
1457	1303
1457	1304
1458	1304
1458	1309
1459	1309
1459	1312
1460	1312
1460	1314
1461	1314
1461	1317
1462	1317
1462	1325
1463	1325
1463	1333
1464	1333
1464	1341
1462	1341
1462	1342
1461	1342
1461	1353
1460	1353
1460	1354
1458	1354
1458	1355
1455	1355
1455	1356
1454	1356
1454	1355
1452	1355
1452	1354
1450	1354
1450	1353
1441	1353
1441	1352
1436	1352
1436	1351
1427	1351
1427	1350
1424	1350
1424	1349
1422	1349
1422	1350
1421	1350
1421	1349
1416	1349
1416	1348
1412	1348
1412	1347
1407	1347
1407	1346
1404	1346
1404	1345
1400	1345
1400	1344
1387	1344
1387	1345
1386	1345
1386	1357
1387	1357
1387	1359
1388	1359
1388	1361
1389	1361
1389	1365
1390	1365
1390	1369
1391	1369
1391	1370
1392	1370
1392	1378
1393	1378
1393	1379
1394	1379
1394	1381
1395	1381
1395	1384
1396	1384
1396	1386
1397	1386
1397	1389
1398	1389
1398	1395
1399	1395
1399	1396
1400	1396
1400	1400
1401	1400
1401	1405
1402	1405
1402	1410
1403	1410
1403	1414
1404	1414
1404	1429
1405	1429
1405	1432
1406	1432
1406	1437
1407	1437
1407	1442
1408	1442
1408	1452
1409	1452
1409	1453
1408	1453
1408	1455
1407	1455
1407	1457
1406	1457
1406	1459
1405	1459
1405	1461
1404	1461
1404	1463
1402	1463
1402	1464
1401	1464
1401	1465
1400	1465
1400	1466
1399	1466
1399	1467
1398	1467
1398	1468
1397	1468
1397	1469
1395	1469
1395	1470
1394	1470
1394	1471
1392	1471
1392	1472
1391	1472
1391	1473
1389	1473
1389	1474
1387	1474
1387	1475
1386	1475
1386	1476
1385	1476
1385	1477
1383	1477
1383	1478
1382	1478
1382	1479
1381	1479
1381	1480
1380	1480
1380	1481
1378	1481
1378	1482
1375	1482
1375	1483
1373	1483
1373	1484
1372	1484
1372	1485
1370	1485
1370	1487
1368	1487
1368	1488
1366	1488
1366	1489
1351	1489
1351	1488
1350	1488
1350	1489
1347	1489
1347	1503
1348	1503
1348	1504
1349	1504
1349	1508
1350	1508
1350	1510
1351	1510
1351	1515
1352	1515
1352	1517
1353	1517
1353	1519
1354	1519
1354	1522
1355	1522
1355	1524
1356	1524
1356	1530
1357	1530
1357	1531
1358	1531
1358	1534
1359	1534
1359	1538
1360	1538
1360	1540
1361	1540
1361	1542
1362	1542
1362	1546
1363	1546
1363	1549
1364	1549
1364	1551
1365	1551
1365	1552
1366	1552
1366	1558
1367	1558
1367	1562
1368	1562
1368	1567
1369	1567
1369	1577
1370	1577
1370	1579
1369	1579
1369	1581
1370	1581
1370	1591
1371	1591
1371	1592
1372	1592
1372	1610
1371	1610
1371	1611
1368	1611
1368	1612
1362	1612
1362	1611
1358	1611
1358	1610
1356	1610
1356	1609
1348	1609
1348	1608
1342	1608
1342	1607
1317	1607
1317	1622
1318	1622
1318	1624
1319	1624
1319	1627
1320	1627
1320	1629
1321	1629
1321	1632
1322	1632
1322	1633
1323	1633
1323	1636
1324	1636
1324	1638
1325	1638
1325	1640
1326	1640
1326	1643
1327	1643
1327	1648
1328	1648
1328	1652
1329	1652
1329	1658
1330	1658
1330	1668
1331	1668
1331	1678
1332	1678
1332	1688
1333	1688
1333	1694
1334	1694
1334	1698
1333	1698
1333	1710
1332	1710
1332	1713
1331	1713
1331	1714
1330	1714
1330	1716
1329	1716
1329	1717
1328	1717
1328	1718
1326	1718
1326	1719
1322	1719
1322	1718
1312	1718
1312	1717
1310	1717
1310	1716
1295	1716
1295	1717
1294	1717
1294	1733
1295	1733
1295	1737
1296	1737
1296	1744
1297	1744
1297	1745
1296	1745
1296	1747
1297	1747
1297	1751
1298	1751
1298	1752
1297	1752
1297	1754
1298	1754
1298	1760
1299	1760
1299	1784
1298	1784
1298	1798
1297	1798
1297	1803
1296	1803
1296	1810
1295	1810
1295	1813
1294	1813
1294	1818
1293	1818
1293	1820
1291	1820
1291	1822
1292	1822
1292	1826
1291	1826
1291	1828
1290	1828
1290	1829
1289	1829
1289	1830
1288	1830
1288	1831
1286	1831
1286	1832
1285	1832
1285	1833
1267	1833
1267	1834
1266	1834
1266	1836
1265	1836
1265	1850
1266	1850
1266	1871
1267	1871
1267	1872
1266	1872
1266	1878
1267	1878
1267	1884
1268	1884
1268	1887
1267	1887
1267	1888
1268	1888
1268	1895
1267	1895
1267	1896
1268	1896
1268	1900
1269	1900
1269	1901
1270	1901
1270	1913
1269	1913
1269	1919
1268	1919
1268	1920
1269	1920
1269	1922
1268	1922
1268	1925
1267	1925
1267	1936
1266	1936
1266	1937
1267	1937
1267	1939
1266	1939
1266	1945
1265	1945
1265	1947
1264	1947
1264	1948
1263	1948
1263	1949
1262	1949
1262	1951
1261	1951
1261	1952
1260	1952
1260	1955
1259	1955
1259	1957
1258	1957
1258	1958
1256	1958
1256	1959
1255	1959
1255	1960
1254	1960
1254	1961
1256	1961
1256	1962
1254	1962
1254	1961
1250	1961
1250	1962
1248	1962
1248	1961
1247	1961
1247	1960
1248	1960
1248	1961
1250	1961
1250	1960
1249	1960
1249	1959
1248	1959
1248	1958
1247	1958
1247	1957
1246	1957
1246	1955
1245	1955
1245	1953
1244	1953
1244	1952
1243	1952
1243	1951
1242	1951
1242	1949
1241	1949
1241	1946
1240	1946
1240	1945
1239	1945
1239	1944
1238	1944
1238	1941
1237	1941
1237	1938
1236	1938
1236	1937
1235	1937
1235	1935
1234	1935
1234	1932
1233	1932
1233	1931
1232	1931
1232	1927
1231	1927
1231	1926
1230	1926
1230	1925
1229	1925
1229	1924
1228	1924
1228	1920
1226	1920
1226	1918
1225	1918
1225	1916
1224	1916
1224	1913
1223	1913
1223	1910
1222	1910
1222	1906
1221	1906
1221	1904
1220	1904
1220	1901
1219	1901
1219	1900
1218	1900
1218	1891
1217	1891
1217	1886
1216	1886
1216	1885
1215	1885
1215	1884
1214	1884
1214	1882
1213	1882
1213	1880
1212	1880
1212	1877
1211	1877
1211	1876
1210	1876
1210	1875
1211	1875
1211	1874
1210	1874
1210	1873
1208	1873
1208	1872
1207	1872
1207	1870
1206	1870
1206	1869
1205	1869
1205	1868
1202	1868
1202	1866
1201	1866
1201	1865
1200	1865
1200	1864
1199	1864
1199	1863
1198	1863
1198	1861
1197	1861
1197	1859
1196	1859
1196	1856
1194	1856
1194	1855
1192	1855
1192	1854
1191	1854
1191	1853
1189	1853
1189	1851
1188	1851
1188	1849
1187	1849
1187	1847
1185	1847
1185	1845
1184	1845
1184	1842
1183	1842
1183	1840
1182	1840
1182	1839
1181	1839
1181	1837
1180	1837
1180	1834
1179	1834
1179	1829
1178	1829
1178	1827
1177	1827
1177	1824
1176	1824
1176	1821
1175	1821
1175	1816
1174	1816
1174	1815
1173	1815
1173	1812
1172	1812
1172	1811
1156	1811
1156	1810
1154	1810
1154	1809
1152	1809
1152	1808
1151	1808
1151	1806
1150	1806
1150	1804
1149	1804
1149	1802
1148	1802
1148	1796
1147	1796
1147	1795
1146	1795
1146	1794
1145	1794
1145	1793
1143	1793
1143	1791
1141	1791
1141	1790
1140	1790
1140	1789
1139	1789
1139	1788
1137	1788
1137	1787
1136	1787
1136	1786
1135	1786
1135	1785
1134	1785
1134	1783
1133	1783
1133	1782
1132	1782
1132	1780
1131	1780
1131	1776
1130	1776
1130	1774
1129	1774
1129	1772
1128	1772
1128	1769
1127	1769
1127	1766
1126	1766
1126	1763
1125	1763
1125	1761
1124	1761
1124	1758
1123	1758
1123	1756
1122	1756
1122	1752
1121	1752
1121	1750
1120	1750
1120	1744
1119	1744
1119	1741
1118	1741
1118	1737
1117	1737
1117	1731
1115	1731
1115	1723
1114	1723
1114	1720
1113	1720
1113	1719
1101	1719
1101	1720
1097	1720
1097	1721
1095	1721
1095	1722
1093	1722
1093	1723
1084	1723
1084	1724
1083	1724
1083	1723
1082	1723
1082	1722
1080	1722
1080	1721
1078	1721
1078	1720
1077	1720
1077	1718
1075	1718
1075	1717
1074	1717
1074	1716
1072	1716
1072	1714
1071	1714
1071	1713
1070	1713
1070	1712
1069	1712
1069	1711
1068	1711
1068	1710
1066	1710
1066	1709
1065	1709
1065	1708
1064	1708
1064	1707
1063	1707
1063	1705
1061	1705
1061	1704
1060	1704
1060	1702
1059	1702
1059	1700
1058	1700
1058	1697
1057	1697
1057	1690
1056	1690
1056	1687
1055	1687
1055	1682
1054	1682
1054	1679
1053	1679
1053	1678
1052	1678
1052	1675
1051	1675
1051	1673
1050	1673
1050	1672
1049	1672
1049	1667
1048	1667
1048	1665
1047	1665
1047	1664
1046	1664
1046	1659
1045	1659
1045	1657
1044	1657
1044	1656
1043	1656
1043	1653
1042	1653
1042	1652
1041	1652
1041	1648
1040	1648
1040	1631
1039	1631
1039	1611
1040	1611
1040	1594
1041	1594
1041	1593
1042	1593
1042	1583
1041	1583
1041	1582
1042	1582
1042	1581
1041	1581
1041	1580
1031	1580
1031	1579
1029	1579
1029	1580
1027	1580
1027	1581
1025	1581
1025	1583
1024	1583
1024	1584
1022	1584
1022	1585
1021	1585
1021	1586
1020	1586
1020	1587
1018	1587
1018	1588
1017	1588
1017	1589
1015	1589
1015	1590
1014	1590
1014	1591
1013	1591
1013	1592
1012	1592
1012	1593
1010	1593
1010	1594
1008	1594
1008	1596
1006	1596
1006	1597
1004	1597
1004	1598
1003	1598
1003	1599
1002	1599
1002	1601
1001	1601
1001	1604
1000	1604
1000	1606
998	1606
998	1607
996	1607
996	1608
992	1608
992	1607
990	1607
990	1606
989	1606
989	1605
987	1605
987	1604
986	1604
986	1603
985	1603
985	1601
984	1601
984	1600
983	1600
983	1599
982	1599
982	1597
980	1597
980	1594
978	1594
978	1593
977	1593
977	1592
976	1592
976	1591
975	1591
975	1590
974	1590
974	1589
973	1589
973	1587
972	1587
972	1585
971	1585
971	1581
970	1581
970	1579
969	1579
969	1578
968	1578
968	1572
967	1572
967	1571
966	1571
966	1568
965	1568
965	1567
962	1567
962	1568
961	1568
961	1558
960	1558
960	1547
959	1547
959	1543
960	1543
960	1541
959	1541
959	1504
960	1504
960	1503
959	1503
959	1501
960	1501
960	1497
961	1497
961	1496
962	1496
962	1495
961	1495
961	1494
962	1494
962	1490
963	1490
963	1488
964	1488
964	1487
965	1487
965	1485
966	1485
966	1481
967	1481
967	1479
968	1479
968	1477
969	1477
969	1474
970	1474
970	1461
956	1461
956	1462
955	1462
955	1463
954	1463
954	1464
952	1464
952	1465
950	1465
950	1466
949	1466
949	1467
948	1467
948	1468
946	1468
946	1469
944	1469
944	1470
943	1470
943	1471
941	1471
941	1472
939	1472
939	1473
937	1473
937	1475
935	1475
935	1476
933	1476
933	1477
932	1477
932	1478
931	1478
931	1479
929	1479
929	1480
928	1480
928	1481
926	1481
926	1482
921	1482
921	1483
920	1483
920	1482
919	1482
919	1481
917	1481
917	1479
912	1479
912	1478
910	1478
910	1477
909	1477
909	1476
908	1476
908	1474
907	1474
907	1472
906	1472
906	1468
905	1468
905	1466
904	1466
904	1463
903	1463
903	1461
902	1461
902	1456
901	1456
901	1455
900	1455
900	1453
899	1453
899	1449
898	1449
898	1448
899	1448
899	1447
898	1447
898	1445
899	1445
899	1442
898	1442
898	1426
897	1426
897	1424
896	1424
896	1420
895	1420
895	1413
894	1413
894	1411
893	1411
893	1403
892	1403
892	1381
891	1381
891	1378
892	1378
892	1365
893	1365
893	1364
894	1364
894	1363
895	1363
895	1362
894	1362
894	1360
896	1360
896	1358
897	1358
897	1355
898	1355
898	1354
899	1354
899	1351
900	1351
900	1350
901	1350
901	1347
902	1347
902	1334
901	1334
901	1333
888	1333
888	1334
887	1334
887	1335
886	1335
886	1336
883	1336
883	1337
882	1337
882	1338
880	1338
880	1339
877	1339
877	1340
876	1340
876	1341
872	1341
872	1343
870	1343
870	1344
867	1344
867	1345
866	1345
866	1346
864	1346
864	1347
861	1347
861	1348
858	1348
858	1349
856	1349
856	1350
855	1350
855	1351
854	1351
854	1352
852	1352
852	1353
848	1353
848	1352
847	1352
847	1351
846	1351
846	1350
845	1350
845	1349
844	1349
844	1347
843	1347
843	1345
842	1345
842	1341
841	1341
841	1339
840	1339
840	1337
839	1337
839	1332
838	1332
838	1331
836	1331
836	1316
835	1316
835	1312
836	1312
836	1298
835	1298
835	1286
836	1286
836	1279
837	1279
837	1277
838	1277
838	1275
837	1275
837	1274
838	1274
838	1268
839	1268
839	1262
840	1262
840	1256
841	1256
841	1254
842	1254
842	1250
843	1250
843	1245
844	1245
844	1240
846	1240
846	1239
845	1239
845	1238
846	1238
846	1236
847	1236
847	1235
846	1235
846	1232
847	1232
847	1230
848	1230
848	1228
849	1228
849	1222
850	1222
850	1221
851	1221
851	1214
853	1214
853	1212
854	1212
854	1210
855	1210
855	1207
856	1207
856	1205
857	1205
857	1203
858	1203
858	1189
845	1189
845	1190
840	1190
840	1191
836	1191
836	1192
834	1192
834	1193
832	1193
832	1194
823	1194
823	1195
821	1195
821	1196
817	1196
817	1197
814	1197
814	1198
813	1198
813	1199
811	1199
811	1200
807	1200
807	1199
806	1199
806	1198
805	1198
805	1197
804	1197
804	1195
803	1195
803	1194
801	1194
801	1193
802	1193
802	1192
801	1192
801	1190
802	1190
802	1189
801	1189
801	1187
800	1187
800	1185
801	1185
801	1184
800	1184
800	1173
799	1173
799	1152
798	1152
798	1151
799	1151
799	1143
800	1143
800	1134
801	1134
801	1133
802	1133
802	1124
803	1124
803	1112
804	1112
804	1103
805	1103
805	1102
806	1102
806	1098
807	1098
807	1093
806	1093
806	1091
807	1091
807	1089
808	1089
808	1087
809	1087
809	1083
810	1083
810	1079
811	1079
811	1076
812	1076
812	1073
813	1073
813	1070
814	1070
814	1069
815	1069
815	1064
816	1064
816	1061
817	1061
817	1059
818	1059
818	1055
819	1055
819	1054
820	1054
820	1049
821	1049
821	1046
822	1046
822	1042
823	1042
823	1041
824	1041
824	1036
825	1036
825	1035
826	1035
826	1034
827	1034
827	1031
828	1031
828	1030
829	1030
829	1027
830	1027
830	1026
832	1026
832	1023
833	1023
833	1020
834	1020
834	1019
835	1019
835	1018
836	1018
836	1016
837	1016
837	1015
838	1015
838	1012
837	1012
837	1010
838	1010
838	1006
837	1006
837	1004
838	1004
838	1001
837	1001
837	1000
824	1000
824	1001
821	1001
821	1002
817	1002
817	1003
816	1003
816	1004
812	1004
812	1003
810	1003
810	1004
805	1004
805	1005
804	1005
804	1006
803	1006
803	1007
801	1007
801	1010
787	1010
787	1011
786	1011
786	1012
783	1012
783	1011
781	1011
781	1010
780	1010
780	1006
779	1006
779	1002
778	1002
778	997
777	997
777	986
778	986
778	975
777	975
777	974
778	974
778	970
779	970
779	965
780	965
780	960
781	960
781	954
782	954
782	952
783	952
783	951
784	951
784	948
785	948
785	946
786	946
786	943
788	943
788	940
789	940
789	935
790	935
790	929
791	929
791	928
792	928
792	927
794	927
794	925
795	925
795	922
796	922
796	920
797	920
797	919
798	919
798	916
799	916
799	914
800	914
800	911
801	911
801	909
802	909
802	907
803	907
803	903
804	903
804	901
805	901
805	900
806	900
806	896
807	896
807	895
808	895
808	894
809	894
809	892
810	892
810	891
811	891
811	888
812	888
812	887
813	887
813	884
814	884
814	881
815	881
815	880
816	880
816	879
817	879
817	878
818	878
818	876
819	876
819	874
820	874
820	872
821	872
821	869
822	869
822	868
823	868
823	866
824	866
824	864
825	864
825	863
826	863
826	862
827	862
827	860
828	860
828	859
829	859
829	855
832	855
832	853
833	853
833	851
834	851
834	849
835	849
835	848
836	848
836	847
837	847
837	846
838	846
838	845
839	845
839	843
840	843
840	842
842	842
842	840
844	840
844	839
845	839
845	826
812	826
812	827
806	827
806	826
803	826
803	822
802	822
802	821
803	821
803	813
804	813
804	810
806	810
806	805
807	805
807	804
806	804
806	803
807	803
807	801
808	801
808	799
809	799
809	795
810	795
810	794
811	794
811	790
812	790
812	789
813	789
813	788
814	788
814	784
815	784
815	783
816	783
816	781
817	781
817	780
818	780
818	779
819	779
819	777
820	777
820	775
821	775
821	773
822	773
822	772
823	772
823	771
824	771
824	767
826	767
826	766
827	766
827	763
828	763
828	762
829	762
829	759
830	759
830	758
831	758
831	757
832	757
832	755
833	755
833	752
834	752
834	750
835	750
835	748
836	748
836	747
837	747
837	746
838	746
838	745
839	745
839	742
841	742
841	741
842	741
842	740
843	740
843	736
844	736
844	735
845	735
845	734
846	734
846	731
847	731
847	730
850	730
850	727
851	727
851	725
852	725
852	724
853	724
853	723
854	723
854	722
855	722
855	719
856	719
856	718
857	718
857	714
858	714
858	713
860	713
860	712
861	712
861	709
862	709
862	707
863	707
863	702
864	702
864	701
865	701
865	698
867	698
867	695
868	695
868	691
869	691
869	690
870	690
870	689
871	689
871	687
872	687
872	686
873	686
873	685
874	685
874	683
875	683
875	682
876	682
876	680
877	680
877	678
879	678
879	676
880	676
880	669
882	669
882	668
885	668
885	667
886	667
886	663
887	663
887	661
888	661
888	660
889	660
889	657
891	657
891	656
892	656
892	655
893	655
893	654
895	654
895	653
896	653
896	650
898	650
898	649
899	649
899	648
900	648
900	646
902	646
902	644
903	644
903	640
904	640
904	638
908	638
908	636
909	636
909	634
910	634
910	633
911	633
911	632
912	632
912	631
913	631
913	630
914	630
914	629
915	629
915	628
916	628
916	614
909	614
909	612
908	612
908	611
907	611
907	610
906	610
906	609
905	609
905	603
904	603
904	596
903	596
903	593
904	593
904	591
903	591
903	588
904	588
904	580
905	580
905	570
906	570
906	568
907	568
907	562
908	562
908	560
909	560
909	557
910	557
910	553
912	553
912	549
913	549
913	544
914	544
914	543
915	543
915	541
916	541
916	538
917	538
917	535
918	535
918	534
919	534
919	529
920	529
920	528
921	528
921	526
922	526
922	525
923	525
923	524
924	524
924	522
925	522
925	520
926	520
926	518
927	518
927	516
928	516
928	514
929	514
929	512
930	512
930	511
931	511
931	509
933	509
933	507
934	507
934	506
933	506
933	504
934	504
934	502
935	502
935	500
936	500
936	492
937	492
937	491
938	491
938	490
939	490
939	488
940	488
940	486
939	486
939	484
940	484
940	482
941	482
941	479
942	479
942	478
943	478
943	472
944	472
944	469
945	469
945	466
946	466
946	465
947	465
947	463
948	463
948	455
949	455
949	454
950	454
950	452
951	452
951	450
952	450
952	449
953	449
953	447
955	447
955	446
956	446
956	445
957	445
957	439
958	439
958	438
959	438
959	436
960	436
960	433
961	433
961	431
963	431
963	430
962	430
962	429
963	429
963	428
964	428
964	424
965	424
965	422
966	422
966	420
967	420
967	418
968	418
968	416
969	416
969	413
970	413
970	412
971	412
971	409
970	409
970	408
971	408
971	407
973	407
973	405
974	405
974	404
975	404
975	399
976	399
976	398
977	398
977	395
978	395
978	388
979	388
979	386
980	386
980	383
981	383
981	376
982	376
982	375
983	375
983	372
984	372
984	367
985	367
985	365
986	365
986	362
987	362
987	360
988	360
988	356
989	356
989	355
990	355
990	353
991	353
991	350
992	350
992	349
993	349
993	344
994	344
994	341
995	341
995	339
996	339
996	338
997	338
997	331
1001	331
1001	320
1002	320
1002	314
1003	314
1003	313
1004	313
1004	294
989	294
989	300
988	300
988	304
987	304
987	306
988	306
988	308
987	308
987	309
986	309
986	310
985	310
985	311
984	311
984	312
982	312
982	319
981	319
981	329
979	329
979	330
978	330
978	332
977	332
977	334
976	334
976	338
975	338
975	341
974	341
974	346
973	346
973	348
970	348
970	352
968	352
968	358
967	358
967	361
966	361
966	363
965	363
965	364
964	364
964	365
963	365
963	371
962	371
962	375
961	375
961	376
960	376
960	379
959	379
959	380
958	380
958	383
956	383
956	384
955	384
955	387
954	387
954	390
953	390
953	394
952	394
952	395
951	395
951	396
950	396
950	402
949	402
949	405
948	405
948	406
946	406
946	411
945	411
945	415
944	415
944	419
943	419
943	421
942	421
942	424
941	424
941	425
940	425
940	427
938	427
938	428
937	428
937	434
936	434
936	435
935	435
935	437
934	437
934	438
933	438
933	440
932	440
932	441
931	441
931	445
930	445
930	446
928	446
928	447
926	447
926	449
925	449
925	450
924	450
924	452
922	452
922	453
921	453
921	454
919	454
919	456
917	456
917	457
913	457
913	458
908	458
908	454
907	454
907	445
906	445
906	444
905	444
905	443
904	443
904	436
890	436
890	442
889	442
889	445
888	445
888	454
885	454
885	455
884	455
884	457
885	457
885	458
884	458
884	460
885	460
885	461
884	461
884	463
883	463
883	468
882	468
882	470
881	470
881	476
880	476
880	478
879	478
879	482
878	482
878	484
877	484
877	485
876	485
876	489
874	489
874	490
873	490
873	497
872	497
872	498
871	498
871	499
870	499
870	500
871	500
871	501
870	501
870	503
869	503
869	507
867	507
867	510
866	510
866	513
865	513
865	515
864	515
864	516
862	516
862	520
861	520
861	522
860	522
860	524
859	524
859	525
858	525
858	529
857	529
857	530
856	530
856	533
855	533
855	534
854	534
854	536
853	536
853	540
851	540
851	543
850	543
850	544
849	544
849	547
848	547
848	549
847	549
847	553
845	553
845	556
844	556
844	564
843	564
843	563
842	563
842	564
840	564
840	569
838	569
838	571
837	571
837	583
834	583
834	584
833	584
833	587
831	587
831	590
830	590
830	592
829	592
829	593
828	593
828	596
827	596
827	597
826	597
826	600
824	600
824	602
823	602
823	604
822	604
822	606
821	606
821	607
820	607
820	608
819	608
819	609
818	609
818	610
817	610
817	612
816	612
816	613
815	613
815	614
813	614
813	616
812	616
812	617
811	617
811	618
810	618
810	620
809	620
809	621
807	621
807	622
805	622
805	623
804	623
804	624
805	624
805	627
803	627
803	626
795	626
795	625
793	625
793	623
792	623
792	620
791	620
791	619
792	619
792	618
791	618
791	616
790	616
790	615
789	615
789	612
788	612
788	611
787	611
787	610
786	610
786	609
785	609
785	605
784	605
784	604
783	604
783	603
782	603
782	602
781	602
781	601
768	601
768	603
767	603
767	608
766	608
766	623
765	623
765	624
764	624
764	628
763	628
763	631
762	631
762	632
761	632
761	633
760	633
760	643
759	643
759	644
758	644
758	646
757	646
757	648
756	648
756	649
755	649
755	654
754	654
754	657
753	657
753	658
752	658
752	659
751	659
751	662
750	662
750	665
748	665
748	668
747	668
747	669
746	669
746	675
744	675
744	676
743	676
743	677
742	677
742	681
741	681
741	683
740	683
740	686
739	686
739	688
738	688
738	690
737	690
737	691
736	691
736	693
735	693
735	694
734	694
734	695
733	695
733	701
732	701
732	703
731	703
731	705
730	705
730	707
729	707
729	708
728	708
728	710
727	710
727	711
726	711
726	712
725	712
725	720
722	720
722	721
721	721
721	722
720	722
720	724
719	724
719	726
718	726
718	727
717	727
717	728
716	728
716	730
715	730
715	732
713	732
713	733
711	733
711	734
710	734
710	736
707	736
707	737
705	737
705	738
699	738
699	737
698	737
698	736
697	736
697	735
696	735
696	734
695	734
695	733
694	733
694	731
693	731
693	730
692	730
692	728
691	728
691	726
689	726
689	724
688	724
688	722
687	722
687	720
686	720
686	719
684	719
684	717
683	717
683	716
682	716
682	715
683	715
683	714
682	714
682	712
680	712
680	711
679	711
679	710
678	710
678	709
677	709
677	708
674	708
674	707
666	707
666	708
665	708
665	707
664	707
664	708
663	708
663	712
662	712
662	722
661	722
661	728
660	728
660	735
659	735
659	736
658	736
658	738
657	738
657	745
656	745
656	746
655	746
655	747
654	747
654	754
653	754
653	755
652	755
652	756
651	756
651	757
652	757
652	759
651	759
651	761
650	761
650	764
649	764
649	766
648	766
648	769
647	769
647	772
646	772
646	774
645	774
645	776
644	776
644	780
643	780
643	781
642	781
642	785
640	785
640	788
639	788
639	790
638	790
638	791
637	791
637	792
636	792
636	796
635	796
635	798
634	798
634	799
633	799
633	802
632	802
632	804
631	804
631	805
630	805
630	808
629	808
629	809
627	809
627	813
625	813
625	816
623	816
623	817
622	817
622	818
621	818
621	821
620	821
620	822
619	822
619	823
618	823
618	826
615	826
615	829
614	829
614	830
613	830
613	831
612	831
612	832
611	832
611	833
610	833
610	835
607	835
607	836
606	836
606	838
605	838
605	839
603	839
603	840
602	840
602	841
601	841
601	842
599	842
599	843
596	843
596	844
591	844
591	843
590	843
590	842
589	842
589	839
588	839
588	838
587	838
587	837
586	837
586	836
585	836
585	835
586	835
586	834
584	834
584	833
583	833
583	831
582	831
582	830
581	830
581	829
580	829
580	828
579	828
579	827
578	827
578	826
577	826
577	825
576	825
576	823
574	823
574	820
573	820
573	819
572	819
572	817
571	817
571	816
557	816
557	817
556	817
556	825
555	825
555	826
554	826
554	828
553	828
553	836
552	836
552	840
551	840
551	843
550	843
550	844
548	844
548	846
547	846
547	855
546	855
546	856
545	856
545	859
544	859
544	862
542	862
542	866
541	866
541	871
539	871
539	872
538	872
538	873
539	873
539	874
538	874
538	877
537	877
537	879
536	879
536	884
534	884
534	885
533	885
533	889
530	889
530	891
529	891
529	892
530	892
530	897
529	897
529	899
528	899
528	900
529	900
529	901
528	901
528	902
527	902
527	903
526	903
526	904
525	904
525	905
524	905
524	908
523	908
523	909
521	909
521	912
520	912
520	915
519	915
519	917
518	917
518	918
516	918
516	922
515	922
515	924
512	924
512	928
511	928
511	929
509	929
509	930
508	930
508	932
507	932
507	933
503	933
503	934
502	934
502	938
501	938
501	939
498	939
498	940
496	940
496	938
495	938
495	939
494	939
494	938
493	938
493	937
492	937
492	936
491	936
491	935
490	935
490	934
489	934
489	932
488	932
488	931
487	931
487	930
486	930
486	929
485	929
485	928
484	928
484	926
483	926
483	925
482	925
482	924
480	924
480	923
479	923
479	922
478	922
478	921
479	921
479	920
477	920
477	919
476	919
476	918
475	918
475	917
474	917
474	915
472	915
472	913
471	913
471	912
470	912
470	910
469	910
469	909
456	909
456	911
455	911
455	917
454	917
454	920
453	920
453	921
454	921
454	924
453	924
453	926
452	926
452	933
451	933
451	939
450	939
450	941
449	941
449	949
448	949
448	950
447	950
447	951
446	951
446	954
445	954
445	959
443	959
443	961
442	961
442	963
441	963
441	965
440	965
440	971
439	971
439	970
438	970
438	972
437	972
437	974
436	974
436	975
435	975
435	976
434	976
434	977
432	977
432	984
431	984
431	986
429	986
429	987
428	987
428	989
427	989
427	990
426	990
426	992
423	992
423	997
422	997
422	999
420	999
420	1001
419	1001
419	1002
418	1002
418	1004
417	1004
417	1006
416	1006
416	1007
414	1007
414	1008
413	1008
413	1009
412	1009
412	1010
411	1010
411	1011
410	1011
410	1012
409	1012
409	1013
406	1013
406	1014
405	1014
405	1016
403	1016
403	1017
401	1017
401	1018
400	1018
400	1019
393	1019
393	1018
391	1018
391	1017
390	1017
390	1014
389	1014
389	1012
388	1012
388	1011
387	1011
387	1009
385	1009
385	1007
384	1007
384	1006
383	1006
383	1004
381	1004
381	1002
380	1002
380	1001
379	1001
379	1000
378	1000
378	998
376	998
376	994
375	994
375	995
365	995
365	994
364	994
364	995
361	995
361	1005
360	1005
360	1012
359	1012
359	1016
358	1016
358	1020
357	1020
357	1022
356	1022
356	1024
355	1024
355	1029
354	1029
354	1030
353	1030
353	1032
352	1032
352	1037
350	1037
350	1039
349	1039
349	1043
348	1043
348	1045
347	1045
347	1046
346	1046
346	1047
345	1047
345	1048
344	1048
344	1050
343	1050
343	1052
342	1052
342	1054
341	1054
341	1056
340	1056
340	1059
339	1059
339	1060
340	1060
340	1061
339	1061
339	1062
337	1062
337	1065
336	1065
336	1066
334	1066
334	1067
333	1067
333	1069
332	1069
332	1070
331	1070
331	1072
330	1072
330	1074
327	1074
327	1075
326	1075
326	1076
325	1076
325	1079
324	1079
324	1080
323	1080
323	1081
322	1081
322	1083
318	1083
318	1084
316	1084
316	1088
315	1088
315	1089
314	1089
314	1090
313	1090
313	1091
312	1091
312	1092
310	1092
310	1093
307	1093
307	1094
305	1094
305	1095
304	1095
304	1096
302	1096
302	1097
301	1097
301	1098
298	1098
298	1097
296	1097
296	1096
295	1096
295	1093
294	1093
294	1091
293	1091
293	1089
292	1089
292	1084
291	1084
291	1083
290	1083
290	1081
289	1081
289	1080
288	1080
288	1077
287	1077
287	1076
286	1076
286	1074
285	1074
285	1072
284	1072
284	1070
283	1070
283	1069
269	1069
269	1071
268	1071
268	1074
267	1074
267	1076
266	1076
266	1077
265	1077
265	1079
264	1079
264	1081
263	1081
263	1085
262	1085
262	1087
261	1087
261	1088
259	1088
259	1089
258	1089
258	1091
257	1091
257	1092
256	1092
256	1093
255	1093
255	1094
254	1094
254	1097
253	1097
253	1098
252	1098
252	1099
251	1099
251	1100
250	1100
250	1101
246	1101
246	1103
245	1103
245	1107
243	1107
243	1109
241	1109
241	1110
238	1110
238	1111
237	1111
237	1114
236	1114
236	1115
235	1115
235	1116
234	1116
234	1117
233	1117
233	1118
232	1118
232	1119
229	1119
229	1120
228	1120
228	1123
225	1123
225	1124
224	1124
224	1125
222	1125
222	1126
220	1126
220	1127
219	1127
219	1128
218	1128
218	1129
217	1129
217	1130
216	1130
216	1131
215	1131
215	1132
213	1132
213	1133
211	1133
211	1134
209	1134
209	1135
210	1135
210	1136
209	1136
209	1137
208	1137
208	1138
202	1138
202	1139
201	1139
201	1144
199	1144
199	1145
197	1145
197	1146
193	1146
193	1148
192	1148
192	1151
190	1151
190	1153
189	1153
189	1154
188	1154
188	1155
187	1155
187	1154
184	1154
184	1156
183	1156
183	1160
182	1160
182	1162
181	1162
181	1163
179	1163
179	1165
178	1165
178	1166
175	1166
175	1167
174	1167
174	1171
172	1171
172	1172
166	1172
166	1174
165	1174
165	1177
164	1177
164	1178
163	1178
163	1180
162	1180
162	1181
161	1181
161	1182
160	1182
160	1184
159	1184
159	1185
157	1185
157	1186
156	1186
156	1187
155	1187
155	1188
153	1188
153	1190
149	1190
149	1191
148	1191
148	1194
146	1194
146	1195
145	1195
145	1196
144	1196
144	1197
143	1197
143	1198
142	1198
142	1199
140	1199
140	1200
139	1200
139	1202
137	1202
137	1203
136	1203
136	1205
134	1205
134	1206
133	1206
133	1207
131	1207
131	1208
130	1208
130	1210
129	1210
129	1211
128	1211
128	1212
126	1212
126	1213
125	1213
125	1215
120	1215
120	1214
118	1214
118	1213
117	1213
117	1211
116	1211
116	1209
115	1209
115	1182
114	1182
114	1179
115	1179
115	1170
114	1170
114	1143
115	1143
115	1140
114	1140
114	1139
115	1139
115	1137
116	1137
116	1134
117	1134
117	1130
118	1130
118	1124
119	1124
119	1116
120	1116
120	1113
121	1113
121	1095
122	1095
122	1094
123	1094
123	1085
124	1085
124	1076
125	1076
125	1068
126	1068
126	1063
127	1063
127	1060
128	1060
128	1051
129	1051
129	1044
130	1044
130	1039
131	1039
131	1037
132	1037
132	1032
133	1032
133	1025
134	1025
134	1023
135	1023
135	1021
136	1021
136	1009
140	1009
140	1007
141	1007
141	1006
142	1006
142	1003
144	1003
144	1002
145	1002
145	1001
146	1001
146	999
147	999
147	997
149	997
149	994
150	994
150	992
151	992
151	991
152	991
152	990
153	990
153	989
154	989
154	988
155	988
155	987
156	987
156	986
157	986
157	985
158	985
158	984
159	984
159	982
160	982
160	980
161	980
161	968
160	968
160	967
145	967
145	968
144	968
144	967
132	967
132	966
124	966
124	965
119	965
119	964
114	964
114	963
112	963
112	962
111	962
111	961
110	961
110	958
111	958
111	952
112	952
112	951
113	951
113	946
114	946
114	943
115	943
115	940
116	940
116	936
117	936
117	935
118	935
118	933
119	933
119	929
120	929
120	927
122	927
122	926
123	926
123	924
124	924
124	922
123	922
123	921
124	921
124	920
126	920
126	915
127	915
127	914
129	914
129	911
130	911
130	910
131	910
131	909
132	909
132	906
133	906
133	904
135	904
135	900
136	900
136	899
137	899
137	896
138	896
138	895
139	895
139	892
140	892
140	890
142	890
142	888
143	888
143	887
144	887
144	883
146	883
146	882
147	882
147	881
149	881
149	880
150	880
150	879
149	879
149	878
150	878
150	874
151	874
151	873
154	873
154	872
155	872
155	869
156	869
156	867
157	867
157	866
158	866
158	865
160	865
160	864
161	864
161	862
163	862
163	860
165	860
165	859
166	859
166	857
168	857
168	855
171	855
171	853
172	853
172	852
173	852
173	851
174	851
174	850
176	850
176	848
177	848
177	847
179	847
179	846
184	846
184	845
185	845
185	841
186	841
186	840
185	840
185	839
187	839
187	838
189	838
189	837
192	837
192	838
193	838
193	837
194	837
194	836
198	836
198	821
197	821
197	820
194	820
194	817
190	817
190	816
186	816
186	815
183	815
183	814
179	814
179	813
178	813
178	812
176	812
176	809
171	809
171	808
168	808
168	807
166	807
166	806
164	806
164	805
161	805
161	804
158	804
158	803
155	803
155	801
154	801
154	798
155	798
155	795
156	795
156	790
157	790
157	788
158	788
158	784
159	784
159	782
160	782
160	780
161	780
161	779
162	779
162	776
163	776
163	775
164	775
164	774
165	774
165	772
167	772
167	770
169	770
169	767
170	767
170	765
172	765
172	764
174	764
174	763
175	763
175	761
176	761
176	760
178	760
178	750
188	750
188	749
189	749
189	748
190	748
190	747
191	747
191	746
192	746
192	745
193	745
193	744
194	744
194	742
196	742
196	743
197	743
197	740
199	740
199	738
200	738
200	737
202	737
202	735
205	735
205	734
206	734
206	732
207	732
207	731
210	731
210	730
212	730
212	727
214	727
214	726
215	726
215	724
216	724
216	723
217	723
217	722
218	722
218	721
220	721
220	720
221	720
221	719
222	719
222	718
223	718
223	717
224	717
224	716
225	716
225	715
226	715
226	714
227	714
227	713
228	713
228	712
229	712
229	711
231	711
231	710
233	710
233	709
234	709
234	708
235	708
235	707
237	707
237	706
238	706
238	705
239	705
239	702
242	702
242	701
244	701
244	700
245	700
245	699
247	699
247	698
248	698
248	697
250	697
250	696
252	696
252	695
255	695
255	694
256	694
256	693
259	693
259	692
264	692
264	691
266	691
266	690
268	690
268	689
269	689
269	688
270	688
270	675
267	675
267	674
265	674
265	673
263	673
263	672
261	672
261	673
259	673
259	672
258	672
258	671
255	671
255	670
253	670
253	669
247	669
247	667
241	667
241	666
238	666
238	665
235	665
235	664
234	664
234	663
230	663
230	662
227	662
227	661
223	661
223	660
221	660
221	659
220	659
220	658
214	658
214	656
213	656
213	657
212	657
212	651
213	651
213	648
214	648
214	641
215	641
215	640
216	640
216	639
217	639
217	638
218	638
218	635
219	635
219	634
220	634
220	632
221	632
221	630
222	630
222	629
223	629
223	627
225	627
225	626
226	626
226	624
229	624
229	621
230	621
230	616
234	616
234	615
235	615
235	614
236	614
236	612
238	612
238	613
239	613
239	611
240	611
240	610
242	610
242	609
243	609
243	608
244	608
244	607
245	607
245	606
246	606
246	607
247	607
247	604
248	604
248	603
250	603
250	602
252	602
252	600
254	600
254	599
256	599
256	597
257	597
257	596
261	596
261	595
262	595
262	594
264	594
264	593
265	593
265	592
266	592
266	591
267	591
267	590
269	590
269	589
272	589
272	588
274	588
274	583
279	583
279	582
280	582
280	581
281	581
281	580
283	580
283	578
285	578
285	577
287	577
287	576
288	576
288	575
289	575
289	574
291	574
291	573
292	573
292	572
293	572
293	571
294	571
294	570
296	570
296	569
298	569
298	567
300	567
300	566
303	566
303	563
305	563
305	562
309	562
309	560
310	560
310	559
311	559
311	558
314	558
314	557
315	557
315	556
316	556
316	555
318	555
318	554
320	554
320	553
322	553
322	552
324	552
324	551
326	551
326	550
328	550
328	549
329	549
329	548
331	548
331	547
332	547
332	544
333	544
333	545
337	545
337	544
338	544
338	543
340	543
340	542
345	542
345	541
349	541
349	540
354	540
354	539
359	539
359	537
360	537
360	528
359	528
359	527
360	527
360	526
359	526
359	525
360	525
360	524
356	524
356	523
354	523
354	522
353	522
353	521
352	521
352	520
348	520
348	519
346	519
346	518
345	518
345	517
344	517
344	516
343	516
343	515
342	515
342	516
341	516
341	515
338	515
338	514
335	514
335	513
334	513
334	512
333	512
333	511
330	511
330	510
329	510
329	509
327	509
327	508
326	508
326	507
322	507
322	506
320	506
320	505
319	505
319	504
317	504
317	503
316	503
316	502
311	502
311	501
309	501
309	498
306	498
306	494
307	494
307	492
308	492
308	491
309	491
309	490
310	490
310	488
311	488
311	487
312	487
312	485
313	485
313	484
314	484
314	482
315	482
315	480
316	480
316	478
318	478
318	477
319	477
319	476
318	476
318	475
319	475
319	474
320	474
320	473
321	473
321	472
323	472
323	471
324	471
324	470
325	470
325	469
327	469
327	468
328	468
328	467
329	467
329	466
332	466
332	465
334	465
334	464
335	464
335	463
336	463
336	461
339	461
339	460
341	460
341	458
343	458
343	457
344	457
344	456
346	456
346	455
348	455
348	454
349	454
349	453
350	453
350	452
355	452
355	451
357	451
357	450
359	450
359	449
361	449
361	448
362	448
362	447
365	447
365	446
367	446
367	445
370	445
370	444
372	444
372	443
375	443
375	442
376	442
376	441
378	441
378	440
379	440
379	439
380	439
380	438
381	438
381	437
386	437
386	436
389	436
389	435
390	435
390	434
393	434
393	433
395	433
395	432
398	432
398	431
397	431
397	430
399	430
399	429
406	429
406	428
407	428
407	426
409	426
409	425
411	425
411	424
413	424
413	423
414	423
414	422
416	422
416	421
418	421
418	420
419	420
419	421
421	421
421	420
424	420
424	418
426	418
426	416
431	416
431	415
434	415
434	414
435	414
435	415
436	415
436	413
438	413
438	412
442	412
442	411
444	411
444	408
451	408
451	407
460	407
460	406
461	406
461	405
464	405
464	406
465	406
465	405
470	405
470	404
473	404
473	403
484	403
484	402
486	402
486	401
492	401
492	400
494	400
494	387
492	387
492	386
491	386
491	385
488	385
488	384
487	384
487	383
485	383
485	382
484	382
484	381
483	381
483	380
480	380
480	379
479	379
479	378
477	378
477	377
475	377
475	376
472	376
472	375
471	375
471	374
469	374
469	373
467	373
467	372
465	372
465	371
463	371
463	369
460	369
460	366
459	366
459	365
454	365
454	363
453	363
453	361
451	361
451	360
449	360
449	359
448	359
448	358
445	358
445	352
446	352
446	351
448	351
448	350
449	350
449	349
452	349
452	347
454	347
454	346
457	346
457	345
458	345
458	344
460	344
460	343
461	343
461	342
462	342
462	336
475	336
475	335
476	335
476	334
478	334
478	332
482	332
482	331
483	331
483	330
485	330
485	329
487	329
487	328
488	328
488	327
491	327
491	326
495	326
495	325
496	325
496	324
498	324
498	323
503	323
503	322
504	322
504	320
505	320
505	319
506	319
506	318
507	318
507	319
509	319
509	318
511	318
511	317
513	317
513	316
514	316
514	317
515	317
515	315
516	315
516	314
522	314
522	313
523	313
523	312
524	312
524	311
531	311
531	310
534	310
534	309
535	309
535	308
538	308
538	307
540	307
540	305
541	305
541	304
540	304
540	303
549	303
549	302
553	302
553	301
557	301
557	300
558	300
558	299
559	299
559	298
560	298
560	297
565	297
565	296
566	296
566	295
571	295
571	294
573	294
573	293
576	293
576	291
580	291
580	290
582	290
582	289
584	289
584	288
585	288
585	287
587	287
587	286
591	286
591	285
593	285
593	284
595	284
595	283
598	283
598	282
599	282
599	279
612	279
612	278
619	278
619	277
620	277
620	275
624	275
624	274
627	274
627	273
631	273
631	272
637	272
637	271
638	271
638	270
641	270
641	269
646	269
646	268
648	268
648	267
651	267
651	266
659	266
659	265
664	265
664	264
671	264
671	263
672	263
672	250
671	250
671	249
669	249
669	248
667	248
667	247
666	247
666	246
664	246
664	245
659	245
659	244
658	244
658	243
657	243
657	242
655	242
655	241
652	241
652	240
650	240
650	238
648	238
648	237
647	237
647	236
646	236
646	235
645	235
645	236
644	236
644	235
643	235
643	234
642	234
642	233
640	233
640	232
639	232
639	230
638	230
638	231
637	231
637	230
636	230
636	229
635	229
635	228
633	228
633	227
630	227
630	226
629	226
629	225
628	225
628	224
629	224
629	222
628	222
628	220
629	220
629	215
631	215
631	214
633	214
633	213
635	213
635	212
636	212
636	211
638	211
638	210
639	210
639	209
640	209
640	208
642	208
642	207
643	207
643	208
646	208
646	207
647	207
647	205
650	205
650	204
651	204
651	203
653	203
653	202
654	202
654	201
659	201
659	200
664	200
664	199
665	199
665	198
667	198
667	197
674	197
674	196
675	196
675	195
682	195
682	194
688	194
688	193
691	193
691	192
692	192
692	191
694	191
694	192
698	192
698	191
700	191
700	190
707	190
707	189
714	189
714	188
715	188
715	187
716	187
716	188
717	188
717	186
718	186
718	185
719	185
719	184
732	184
732	183
735	183
735	181
738	181
738	180
739	180
739	179
740	179
740	178
745	178
745	177
752	177
752	176
754	176
754	175
755	175
755	174
756	174
756	173
758	173
758	172
762	172
762	170
766	170
766	169
771	169
771	168
776	168
776	167
777	167
777	166
778	166
778	165
782	165
782	164
783	164
783	163
790	163
790	161
791	161
791	160
796	160
796	159
801	159
801	158
808	158
808	157
809	157
809	155
810	155
810	154
814	154
814	153
815	153
815	152
817	152
817	151
819	151
819	150
820	150
820	149
823	149
823	148
824	148
824	145
825	145
825	146
828	146
828	145
830	145
830	146
833	146
833	145
834	145
834	146
836	146
836	145
837	145
837	144
838	144
838	142
839	142
839	141
855	141
855	138
856	138
856	137
867	137
867	136
869	136
869	135
871	135
871	134
872	134
872	133
883	133
883	132
886	132
886	131
889	131
889	130
890	130
890	129
893	129
893	128
899	128
899	126
900	126
900	124
903	124
903	125
904	125
904	124
906	124
906	123
912	123
912	121
914	121
914	120
916	120
916	121
917	121
917	120
920	120
920	119
922	119
922	118
925	118
925	117
930	117
930	116
933	116
933	115
939	115
939	113
940	113
940	112
952	112
952	111
957	111
957	110
963	110
963	109
966	109
966	108
984	108
984	107
985	107
985	106
987	106
987	105
989	105
989	106
990	106
990	107
1003	107
1003	108
1007	108
1007	109
1016	109
1016	110
1017	110
1017	111
1019	111
1019	112
1024	112
1024	113
1026	113
1026	114
1028	114
1028	115
1029	115
1029	116
1033	116
1033	117
1034	117
1034	118
1035	118
1035	119
1038	119
1038	120
1042	120
1042	121
1043	121
1043	122
1044	122
1044	128
1045	128
1045	127
1062	127
1062	128
1066	128
1066	131
1067	131
1067	132
1081	132
1081	130
1082	130
1082	129
1081	129
1081	128
1086	128
1086	127
1095	127
1095	123
1096	123
1096	122
1103	122
1103	119
1108	119
1108	118
1109	118
1109	117
1110	117
1110	116
1111	116
1111	115
1113	115
1113	114
1114	114
1114	113
1116	113
1116	112
1119	112
1119	111
1122	111
1122	110
1124	110
1124	109
1125	109
1125	108
1126	108
1126	107
1127	107
1127	106
1135	106
1135	105
1137	105
1137	106
1138	106
1138	105
1139	105
1139	104
1140	104
1140	103
1151	103
1151	102
1152	102
1152	101
1163	101
1163	102
1179	102
1179	103
1192	103
1192	104
1193	104
1193	103
1196	103
1196	102
1197	102
1197	103
1198	103
1198	105
1200	105
1200	106
1219	106
1219	105
1220	105
1220	106
1221	106
1221	107
1222	107
1222	108
1237	108
1237	107
1241	107
1241	109
1243	109
1243	110
1244	110
1244	109
1246	109
1246	110
1247	110
1247	109
1248	109
1248	110
1256	110
1256	109
1259	109
1259	110
1261	110
1261	111
1289	111
1289	112
1306	112
1306	113
1313	113
1313	114
1315	114
1315	115
1316	115
1316	114
1318	114
1318	115
1322	115
1322	116
1324	116
1324	115
1325	115
1325	116
1330	116
1330	115
1331	115
1331	116
1334	116
1334	115
1350	115
1350	116
1352	116
1352	115
1354	115
1354	116
1360	116
1360	115
1363	115
1363	114
1366	114
1366	115
1383	115
1383	114
1393	114
1393	115
1395	115
1395	116
1399	116
1399	115
1400	115
1400	116
1404	116
1404	117
1412	117
1412	118
1414	118
1414	119
1425	119
1425	120
1426	120
1426	121
1429	121
1429	122
1432	122
1432	123
1434	123
1434	124
1436	124
1436	125
1438	125
1438	126
1441	126
1441	128
1443	128
1443	130
1445	130
1445	131
1446	131
1446	132
1447	132
1447	133
1448	133
1448	135
1449	135
1449	137
1448	137
1448	138
1449	138
1449	139
1448	139
1448	140
1446	140
1446	141
1444	141
1444	142
1443	142
1443	143
1441	143
1441	144
1440	144
1440	145
1438	145
1438	146
1436	146
1436	147
1434	147
1434	149
1433	149
1433	150
1430	150
1430	151
1428	151
1428	152
1427	152
1427	153
1426	153
1426	154
1425	154
1425	155
1424	155
1424	156
1422	156
1422	157
1421	157
1421	158
1419	158
1419	159
1418	159
1418	160
1417	160
1417	161
1416	161
1416	162
1415	162
1415	163
1414	163
1414	164
1412	164
1412	177
1413	177
1413	178
1426	178
1426	177
1430	177
1430	178
1470	178
1470	181
1482	181
1482	182
1484	182
1484	183
1495	183
1495	184
1497	184
1497	185
1502	185
1502	186
1504	186
1504	187
1511	187
1511	188
1515	188
1515	189
1517	189
1517	190
1529	190
1529	191
1530	191
1530	192
1532	192
1532	193
1539	193
1539	194
1549	194
1549	195
1551	195
1551	196
1553	196
1553	197
1559	197
1559	198
1566	198
1566	199
1570	199
1570	200
1572	200
1572	201
1576	201
1576	202
1577	202
1577	203
1582	203
1582	204
1589	204
1589	205
1593	205
1593	207
1595	207
1595	208
1600	208
1600	207
1601	207
1601	208
1603	208
1603	209
1610	209
1610	210
1611	210
1611	211
1613	211
1613	212
1615	212
1615	211
1617	211
1617	212
1621	212
1621	213
1622	213
1622	214
1628	214
1628	215
1630	215
1630	216
1637	216
1637	217
1639	217
1639	218
1642	218
1642	219
1643	219
1643	220
1647	220
1647	221
1650	221
1650	222
1651	222
1651	223
1654	223
1654	224
1656	224
1656	225
1658	225
1658	226
1660	226
1660	227
1662	227
1662	228
1665	228
1665	230
1668	230
1668	231
1670	231
1670	232
1671	232
1671	233
1672	233
1672	237
1671	237
1671	238
1669	238
1669	239
1668	239
1668	240
1667	240
1667	241
1665	241
1665	242
1664	242
1664	243
1663	243
1663	244
1662	244
1662	245
1660	245
1660	246
1659	246
1659	247
1658	247
1658	248
1657	248
1657	249
1656	249
1656	250
1655	250
1655	251
1654	251
1654	250
1653	250
1653	252
1652	252
1652	253
1650	253
1650	254
1649	254
1649	255
1648	255
1648	256
1646	256
1646	257
1645	257
1645	258
1643	258
1643	259
1642	259
1642	260
1641	260
1641	261
1639	261
1639	262
1638	262
1638	263
1637	263
1637	265
1636	265
1636	266
1635	266
1635	267
1632	267
1632	268
1630	268
1630	269
1629	269
1629	272
1627	272
1627	273
1626	273
1626	287
1630	287
1630	288
1631	288
1631	287
1638	287
1638	288
1642	288
1642	289
1648	289
1648	290
1656	290
1656	291
1658	291
1658	292
1665	292
1665	293
1671	293
1671	295
1674	295
1674	296
1682	296
1682	298
1683	298
1683	299
1686	299
1686	300
1689	300
1689	302
1693	302
1693	303
1700	303
1700	305
1703	305
1703	306
1704	306
1704	307
1710	307
1710	308
1711	308
1711	307
1712	307
1712	309
1713	309
1713	310
1716	310
1716	311
1717	311
1717	312
1718	312
1718	314
1722	314
1722	315
1723	315
1723	316
1724	316
1724	317
1725	317
1725	318
1727	318
1727	319
1730	319
1730	320
1733	320
1733	321
1735	321
1735	322
1736	322
1736	323
1739	323
1739	324
1742	324
1742	325
1743	325
1743	326
1745	326
1745	327
1746	327
1746	328
1747	328
1747	329
1750	329
1750	330
1751	330
1751	331
1753	331
1753	332
1756	332
1756	333
1758	333
1758	334
1759	334
1759	335
1761	335
1761	336
1763	336
1763	337
1766	337
1766	338
1768	338
1768	339
1769	339
1769	340
1770	340
1770	341
1774	341
1774	342
1776	342
1776	343
1778	343
1778	344
1781	344
1781	345
1784	345
1784	346
1788	346
1788	347
1789	347
1789	348
1790	348
1790	349
1793	349
1793	350
1794	350
1794	351
1797	351
1797	352
1798	352
1798	353
1801	353
1801	354
1803	354
1803	355
1804	355
1804	356
1806	356
1806	359
1809	359
1809	360
1810	360
1810	361
1811	361
1811	363
1814	363
1814	364
1815	364
1815	365
1816	365
1816	366
1817	366
1817	367
1819	367
1819	368
1820	368
1820	371
1821	371
1821	372
1822	372
1822	373
1821	373
1821	374
1820	374
1820	377
1816	377
1816	378
1814	378
1814	379
1813	379
1813	380
1812	380
1812	381
1811	381
1811	382
1810	382
1810	383
1808	383
1808	384
1807	384
1807	385
1806	385
1806	386
1805	386
1805	387
1802	387
1802	388
1800	388
1800	389
1799	389
1799	390
1798	390
1798	391
1796	391
1796	392
1795	392
1795	393
1793	393
1793	394
1792	394
1792	395
1790	395
1790	396
1788	396
1788	397
1787	397
1787	398
1786	398
1786	399
1785	399
1785	400
1783	400
1783	408
1782	408
1782	409
1783	409
1783	414
1793	414
1793	415
1804	415
1804	416
1809	416
1809	417
1814	417
1814	418
1820	418
1820	419
1823	419
1823	420
1824	420
1824	421
1828	421
1828	422
1830	422
1830	423
1832	423
1832	424
1833	424
1833	425
1838	425
1838	426
1840	426
1840	427
1845	427
1845	428
1847	428
1847	429
1849	429
1849	430
1851	430
1851	431
1853	431
1853	432
1854	432
1854	433
1856	433
1856	434
1860	434
1860	436
1859	436
1859	437
1861	437
1861	438
1868	438
1868	439
1869	439
1869	440
1870	440
1870	441
1872	441
1872	442
1873	442
1873	443
1877	443
1877	446
1878	446
1878	447
1883	447
1883	448
1885	448
1885	449
1886	449
1886	450
1887	450
1887	451
1888	451
1888	452
1890	452
1890	453
1892	453
1892	454
1893	454
1893	455
1894	455
1894	456
1896	456
1896	457
1897	457
1897	458
1898	458
1898	459
1899	459
1899	460
1901	460
1901	461
1902	461
1902	462
1904	462
1904	463
1905	463
1905	464
1906	464
1906	465
1907	465
1907	466
1908	466
1908	468
1909	468
1909	469
1911	469
1911	470
1912	470
1912	471
1913	471
1913	473
1914	473
1914	474
1915	474
1915	475
1916	475
1916	476
1917	476
1917	477
1918	477
1918	479
1919	479
1919	481
1920	481
1920	483
1921	483
1921	484
1922	484
1922	490
1923	490
1923	491
1924	491
1924	495
1923	495
1923	496
1922	496
1922	497
1919	497
1919	498
1915	498
1915	499
1913	499
1913	500
1910	500
1910	501
1908	501
1908	502
1905	502
1905	503
1904	503
1904	504
1902	504
1902	505
1899	505
1899	506
1898	506
1898	507
1894	507
1894	508
1892	508
1892	509
1890	509
1890	510
1888	510
1888	511
1884	511
1884	512
1881	512
1881	513
1878	513
1878	515
1877	515
1877	516
1870	516
1870	517
1869	517
1869	518
1867	518
1867	532
1875	532
1875	533
1876	533
1876	534
1877	534
1877	533
1878	533
1878	534
1883	534
1883	535
1887	535
1887	536
1893	536
1893	537
1896	537
1896	538
1898	538
1898	539
1899	539
1899	538
1900	538
1900	539
1902	539
1902	540
1904	540
1904	541
1908	541
1908	543
1910	543
1910	544
1912	544
1912	545
1913	545
1913	546
1914	546
1914	547
1916	547
1916	548
1918	548
1918	549
1921	549
1921	550
1922	550
1922	551
1921	551
1921	552
1923	552
1923	553
1926	553
1926	554
1928	554
1928	555
1929	555
1929	556
1931	556
1931	558
1933	558
1933	559
1934	559
1934	560
1936	560
1936	561
1937	561
1937	562
1939	562
1939	563
1940	563
1940	565
1943	565
1943	568
1946	568
1946	569
1947	569
1947	570
1948	570
1948	571
1949	571
1949	572
1951	572
1951	573
1952	573
1952	574
1953	574
1953	575
1954	575
1954	576
1956	576
1956	577
1957	577
1957	578
1958	578
1958	579
1959	579
1959	580
1962	580
1962	581
1963	581
1963	582
1965	582
1965	583
1966	583
1966	584
1967	584
1967	585
1968	585
1968	586
1969	586
1969	587
1970	587
1970	588
1972	588
1972	590
1973	590
1973	591
1974	591
1974	592
1975	592
1975	593
1977	593
1977	595
1979	595
1979	596
1981	596
1981	600
1982	600
1982	601
1984	601
1984	605
1985	605
1985	606
1986	606
1986	607
1987	607
1987	608
1988	608
1988	610
1989	610
1989	611
1990	611
1990	614
1991	614
1991	615
1990	615
1990	616
1992	616
1992	617
1993	617
1993	622
1992	622
1992	623
1991	623
1991	624
1989	624
1989	625
1987	625
1987	626
1985	626
1985	627
1983	627
1983	628
1982	628
1982	629
1981	629
1981	631
1977	631
1977	632
1976	632
1976	633
1975	633
1975	634
1974	634
1974	635
1973	635
1973	636
1972	636
1972	637
1969	637
1969	638
1967	638
1967	639
1966	639
1966	640
1964	640
1964	641
1962	641
1962	642
1961	642
1961	641
1960	641
1960	643
1958	643
1958	644
1955	644
1955	645
1954	645
1954	646
1952	646
1952	647
1950	647
1950	648
1949	648
1949	649
1948	649
1948	661
1949	661
1949	662
1957	662
1957	663
1960	663
1960	664
1962	664
1962	665
1964	665
1964	666
1966	666
1966	667
1967	667
1967	668
1969	668
1969	669
1973	669
1973	670
1974	670
1974	671
1975	671
1975	672
1977	672
1977	673
1979	673
1979	674
1980	674
1980	675
1981	675
1981	676
1982	676
1982	677
1983	677
1983	678
1985	678
1985	680
1986	680
1986	679
1987	679
1987	680
1988	680
1988	682
1990	682
1990	683
1991	683
1991	684
1992	684
1992	685
1993	685
1993	686
1994	686
1994	687
1995	687
1995	688
1997	688
1997	689
1998	689
1998	690
1999	690
1999	691
2000	691
2000	692
2001	692
2001	693
2002	693
2002	694
2003	694
2003	695
2004	695
2004	696
2005	696
2005	698
2006	698
2006	699
2007	699
2007	700
2008	700
2008	701
2009	701
2009	702
2010	702
2010	703
2011	703
2011	705
2012	705
2012	706
2013	706
2013	707
2014	707
2014	708
2015	708
2015	710
2017	710
2017	711
2018	711
2018	712
2019	712
2019	715
2020	715
2020	716
2022	716
2022	717
2023	717
2023	718
2024	718
2024	720
2025	720
2025	722
2026	722
2026	723
2027	723
2027	724
2028	724
2028	725
2029	725
2029	727
2031	727
2031	728
2032	728
2032	730
2033	730
2033	731
2034	731
2034	732
2035	732
2035	734
2036	734
2036	735
2037	735
2037	738
2038	738
2038	739
2039	739
2039	740
2041	740
2041	742
2042	742
2042	743
2041	743
2041	744
2044	744
2044	746
2045	746
2045	749
2047	749
2047	750
2048	750
2048	752
2049	752
2049	755
2050	755
2050	757
2051	757
2051	759
2052	759
2052	762
2053	762
2053	763
2054	763
2054	771
2053	771
2053	772
2052	772
2052	773
2046	773
2046	774
2044	774
2044	775
2042	775
2042	776
2039	776
2039	777
2035	777
2035	779
2031	779
2031	780
2029	780
2029	781
2024	781
2024	782
2021	782
2021	783
2018	783
2018	784
2017	784
2017	785
2016	785
2016	786
2017	786
2017	788
2016	788
2016	791
2017	791
2017	793
2016	793
2016	794
2017	794
2017	795
2016	795
2016	796
2017	796
2017	797
2019	797
2019	798
2021	798
2021	799
2022	799
2022	800
2024	800
2024	802
2029	802
2029	803
2028	803
2028	804
2031	804
2031	805
2033	805
2033	806
2035	806
2035	807
2036	807
2036	808
2037	808
2037	810
2038	810
2038	811
2041	811
2041	812
2042	812
2042	813
2043	813
2043	814
2044	814
2044	815
2045	815
2045	816
2046	816
2046	818
2047	818
2047	819
2049	819
2049	820
2050	820
2050	822
2052	822
2052	823
2053	823
2053	825
2054	825
2054	826
2055	826
2055	828
2056	828
2056	829
2057	829
2057	831
2058	831
2058	832
2059	832
2059	835
2061	835
2061	836
2062	836
2062	837
2063	837
2063	838
2064	838
2064	840
2065	840
2065	841
2066	841
2066	843
2067	843
2067	846
2068	846
2068	847
2069	847
2069	848
2070	848
2070	851
2071	851
2071	852
2072	852
2072	853
2073	853
2073	854
2072	854
2072	855
2073	855
2073	857
2074	857
2074	861
2075	861
2075	862
2076	862
2076	867
2077	867
2077	872
2076	872
2076	873
2072	873
2072	872
2071	872
2071	873
2069	873
2069	874
2067	874
2067	875
2064	875
2064	876
2060	876
2060	877
2059	877
2059	890
2061	890
2061	891
2063	891
2063	892
2064	892
2064	895
2066	895
2066	896
2067	896
2067	898
2068	898
2068	900
2069	900
2069	901
2070	901
2070	902
2071	902
2071	904
2072	904
2072	905
2073	905
2073	907
2074	907
2074	908
2076	908
2076	910
2077	910
2077	912
2078	912
2078	914
2080	914
2080	916
2081	916
2081	918
2082	918
2082	919
2083	919
2083	920
2084	920
2084	922
2085	922
2085	923
2086	923
2086	927
2087	927
2087	928
2088	928
2088	931
2089	931
2089	933
2090	933
2090	939
2091	939
2091	940
2093	940
2093	942
2094	942
2094	945
2095	945
2095	946
2096	946
2096	947
2097	947
2097	949
2098	949
2098	951
2099	951
2099	953
2100	953
2100	954
2101	954
2101	956
2102	956
2102	957
2104	957
2104	960
2105	960
2105	962
2106	962
2106	963
2107	963
2107	964
2108	964
2108	967
2109	967
2109	968
2108	968
2108	969
2109	969
2109	970
2111	970
2111	971
2112	971
2112	973
2113	973
2113	975
2114	975
2114	976
2115	976
2115	979
2116	979
2116	980
2117	980
2117	983
2118	983
2118	985
2119	985
2119	986
2120	986
2120	988
2121	988
2121	989
2122	989
2122	991
2123	991
2123	992
2124	992
2124	993
2123	993
2123	994
2124	994
2124	995
2125	995
2125	996
2126	996
2126	999
2127	999
2127	1001
2128	1001
2128	1004
2129	1004
2129	1007
2130	1007
2130	1010
2131	1010
2131	1012
2132	1012
2132	1014
2133	1014
2133	1016
2134	1016
2134	1018
2135	1018
2135	1020
2136	1020
2136	1022
2137	1022
2137	1025
2136	1025
2136	1026
2135	1026
2135	1028
2131	1028
2131	1029
2129	1029
2129	1028
2124	1028
2124	1027
2119	1027
2119	1025
2117	1025
2117	1024
2116	1024
2116	1025
2114	1025
2114	1024
2107	1024
2107	1023
2105	1023
2105	1022
2098	1022
2098	1021
2092	1021
2092	1020
2090	1020
2090	1019
2088	1019
2088	1017
2085	1017
2085	1016
2084	1016
2084	1014
2083	1014
2083	1013
2080	1013
2080	1012
2077	1012
2077	1011
2075	1011
2075	1010
2071	1010
2071	1009
2070	1009
2070	1008
2069	1008
2069	1007
2066	1007
2066	1005
2065	1005
2065	1004
2059	1004
2059	1003
2058	1003
2058	1002
2056	1002
2056	1001
2054	1001
2054	1000
2053	1000
2053	999
2050	999
2050	998
2045	998
2045	997
2043	997
2043	996
2041	996
2041	995
2037	995
2037	994
2034	994
2034	993
2032	993
2032	992
2031	992
2031	991
2028	991
2028	990
2026	990
2026	989
2023	989
2023	988
2021	988
2021	987
2020	987
2020	986
2018	986
2018	985
2016	985
2016	984
2014	984
2014	983
2013	983
2013	981
2011	981
2011	980
2010	980
2010	979
2009	979
2009	978
2008	978
2008	977
2006	977
2006	976
2005	976
2005	975
2004	975
2004	974
2003	974
2003	972
2002	972
2002	973
2001	973
2001	972
2000	972
2000	971
1998	971
1998	970
1997	970
1997	969
1998	969
1998	968
1995	968
1995	966
1994	966
1994	965
1993	965
1993	963
1990	963
1990	962
1988	962
1988	963
1987	963
1987	962
1985	962
1985	963
1983	963
1983	962
1981	962
1981	963
1980	963
1980	962
1979	962
1979	963
1978	963
1978	965
1977	965
1977	967
1976	967
1976	968
1975	968
1975	972
1974	972
1974	976
1973	976
1973	979
1971	979
1971	980
1965	980
1965	979
1961	979
1961	978
1958	978
1958	977
1955	977
1955	976
1954	976
1954	975
1951	975
1951	973
1948	973
1948	972
1946	972
1946	970
1942	970
1942	969
1941	969
1941	968
1940	968
1940	967
1939	967
1939	966
1938	966
1938	965
1936	965
1936	964
1935	964
1935	963
1934	963
1934	962
1933	962
1933	961
1932	961
1932	960
1930	960
1930	959
1928	959
1928	958
1927	958
1927	957
1926	957
1926	956
1925	956
1925	955
1924	955
1924	954
1922	954
1922	953
1920	953
1920	951
1918	951
1918	950
1916	950
1916	949
1915	949
1915	947
1913	947
1913	946
1912	946
1912	945
1911	945
1911	944
1910	944
1910	943
1909	943
1909	942
1908	942
1908	941
1905	941
1905	940
1904	940
1904	939
1903	939
1903	938
1902	938
1902	937
1901	937
1901	936
1900	936
1900	935
1897	935
1897	934
1896	934
1896	933
1894	933
1894	932
1893	932
1893	931
1892	931
1892	930
1890	930
1890	929
1889	929
1889	928
1887	928
1887	927
1886	927
1886	925
1884	925
1884	924
1881	924
1881	920
1880	920
1880	919
1879	919
1879	918
1877	918
1877	917
1876	917
1876	914
1875	914
1875	913
1874	913
1874	912
1873	912
1873	910
1872	910
1872	909
1871	909
1871	906
1869	906
1869	902
1868	902
1868	901
1867	901
1867	897
1866	897
1866	896
1865	896
1865	893
1864	893
1864	892
1862	892
1862	891
1860	891
1860	892
1857	892
1857	891
1856	891
1856	892
1855	892
1855	891
1852	891
1852	892
1851	892
1851	904
1843	904
1843	906
1840	906
1840	908
1839	908
1839	909
1838	909
1838	910
1837	910
1837	912
1836	912
1836	913
1834	913
1834	915
1833	915
1833	920
1832	920
1832	921
1829	921
1829	922
1827	922
1827	921
1823	921
1823	920
1821	920
1821	919
1819	919
1819	918
1818	918
1818	917
1817	917
1817	916
1816	916
1816	915
1813	915
1813	914
1811	914
1811	913
1810	913
1810	912
1809	912
1809	911
1808	911
1808	910
1807	910
1807	909
1804	909
1804	906
1803	906
1803	905
1801	905
1801	903
1800	903
1800	902
1799	902
1799	901
1798	901
1798	900
1797	900
1797	898
1796	898
1796	897
1794	897
1794	895
1793	895
1793	894
1792	894
1792	893
1791	893
1791	892
1789	892
1789	891
1788	891
1788	889
1787	889
1787	888
1786	888
1786	887
1785	887
1785	886
1784	886
1784	884
1782	884
1782	880
1781	880
1781	879
1780	879
1780	877
1779	877
1779	876
1778	876
1778	874
1777	874
1777	873
1776	873
1776	871
1774	871
1774	870
1772	870
1772	871
1771	871
1771	870
1767	870
1767	857
1766	857
1766	855
1765	855
1765	851
1764	851
1764	850
1763	850
1763	847
1762	847
1762	844
1761	844
1761	840
1760	840
1760	835
1759	835
1759	831
1753	831
1753	830
1752	830
1752	831
1747	831
1747	830
1746	830
1746	831
1744	831
1744	833
1743	833
1743	834
1742	834
1742	835
1740	835
1740	838
1739	838
1739	839
1738	839
1738	840
1737	840
1737	841
1736	841
1736	842
1735	842
1735	844
1733	844
1733	845
1732	845
1732	848
1731	848
1731	849
1730	849
1730	852
1729	852
1729	853
1728	853
1728	854
1723	854
1723	853
1720	853
1720	852
1719	852
1719	851
1717	851
1717	850
1715	850
1715	849
1714	849
1714	848
1713	848
1713	847
1712	847
1712	846
1711	846
1711	844
1709	844
1709	843
1708	843
1708	841
1705	841
1705	840
1704	840
1704	838
1702	838
1702	836
1701	836
1701	835
1700	835
1700	834
1699	834
1699	833
1698	833
1698	830
1697	830
1697	829
1696	829
1696	828
1695	828
1695	827
1694	827
1694	825
1693	825
1693	824
1692	824
1692	823
1691	823
1691	822
1690	822
1690	820
1688	820
1688	815
1687	815
1687	813
1686	813
1686	811
1685	811
1685	810
1684	810
1684	808
1683	808
1683	806
1682	806
1682	803
1681	803
1681	802
1680	802
1680	800
1679	800
1679	798
1678	798
1678	797
1677	797
1677	796
1676	796
1676	792
1675	792
1675	790
1674	790
1674	789
1673	789
1673	787
1672	787
1672	785
1671	785
1671	782
1670	782
1670	781
1669	781
1669	777
1668	777
1668	774
1667	774
1667	772
1666	772
1666	771
1665	771
1665	765
1664	765
1664	763
1663	763
1663	761
1662	761
1662	758
1661	758
1661	752
1660	752
1660	745
1646	745
1646	747
1645	747
1645	748
1644	748
1644	749
1643	749
1643	753
1642	753
1642	755
1641	755
1641	756
1638	756
1638	761
1637	761
1637	763
1635	763
1635	766
1634	766
1634	768
1633	768
1633	773
1630	773
1630	775
1629	775
1629	778
1628	778
1628	779
1623	779
1623	778
1621	778
1621	777
1619	777
1619	776
1616	776
1616	775
1615	775
1615	773
1610	773
1610	771
1609	771
1609	769
1608	769
1608	768
1606	768
1606	767
1605	767
1605	766
1604	766
1604	765
1603	765
1603	763
1601	763
1601	762
1600	762
1600	760
1599	760
1599	759
1598	759
1598	756
1597	756
1597	755
1596	755
1596	754
1595	754
1595	753
1594	753
1594	750
1593	750
1593	749
1592	749
1592	748
1591	748
1591	746
1589	746
1589	744
1588	744
1588	743
1587	743
1587	739
1586	739
1586	738
1583	738
1583	736
1582	736
1582	735
1581	735
1581	734
1580	734
1580	733
1579	733
1579	732
1578	732
1578	731
1577	731
1577	729
1576	729
1576	728
1575	728
1575	726
1574	726
1574	724
1573	724
1573	723
1572	723
1572	721
1571	721
1571	720
1570	720
1570	719
1569	719
1569	712
1568	712
1568	711
1566	711
1566	710
1565	710
1565	707
1564	707
1564	706
1563	706
1563	704
1562	704
1562	702
1560	702
1560	699
1559	699
1559	698
1558	698
1558	696
1557	696
1557	695
1556	695
1556	693
1555	693
1555	692
1554	692
1554	687
1553	687
1553	686
1552	686
1552	683
1551	683
1551	681
1550	681
1550	679
1549	679
1549	676
1548	676
1548	670
1547	670
1547	668
1546	668
1546	667
1532	667
1532	674
1531	674
1531	675
1530	675
1530	676
1529	676
1529	678
1528	678
1528	679
1527	679
1527	680
1526	680
1526	682
1525	682
1525	684
1524	684
1524	685
1523	685
1523	690
1522	690
1522	691
1519	691
1519	692
1517	692
1517	691
1516	691
1516	690
1514	690
1514	689
1512	689
1512	688
1510	688
1510	687
1509	687
1509	686
1508	686
1508	685
1506	685
1506	684
1504	684
1504	683
1503	683
1503	681
1502	681
1502	680
1500	680
1500	679
1499	679
1499	678
1498	678
1498	674
1497	674
1497	675
1496	675
1496	674
1495	674
1495	673
1494	673
1494	671
1493	671
1493	670
1491	670
1491	668
1489	668
1489	665
1488	665
1488	663
1487	663
1487	661
1486	661
1486	660
1485	660
1485	657
1484	657
1484	656
1483	656
1483	654
1482	654
1482	652
1481	652
1481	651
1480	651
1480	649
1476	649
1476	643
1475	643
1475	640
1474	640
1474	638
1473	638
1473	637
1472	637
1472	635
1471	635
1471	632
1469	632
1469	631
1468	631
1468	629
1467	629
1467	627
1466	627
1466	625
1465	625
1465	624
1463	624
1463	618
1462	618
1462	614
1460	614
1460	611
1459	611
1459	609
1458	609
1458	604
1457	604
1457	600
1456	600
1456	597
1455	597
1455	595
1454	595
1454	594
1450	594
1450	595
1449	595
1449	594
1442	594
1442	595
1441	595
1441	597
1440	597
1440	598
1438	598
1438	601
1437	601
1437	602
1435	602
1435	604
1434	604
1434	609
1433	609
1433	610
1432	610
1432	611
1431	611
1431	610
1427	610
1427	609
1424	609
1424	608
1422	608
1422	607
1421	607
1421	606
1420	606
1420	605
1419	605
1419	604
1418	604
1418	603
1416	603
1416	602
1415	602
1415	600
1414	600
1414	599
1412	599
1412	598
1411	598
1411	597
1410	597
1410	595
1409	595
1409	594
1407	594
1407	592
1406	592
1406	591
1405	591
1405	589
1403	589
1403	587
1402	587
1402	586
1401	586
1401	584
1400	584
1400	583
1399	583
1399	581
1398	581
1398	580
1397	580
1397	578
1396	578
1396	577
1395	577
1395	574
1394	574
1394	573
1393	573
1393	571
1392	571
1392	570
1390	570
1390	569
1388	569
1388	563
1387	563
1387	561
1386	561
1386	560
1384	560
1384	558
1383	558
1383	556
1382	556
1382	555
1381	555
1381	554
1380	554
1380	552
1379	552
1379	549
1378	549
1378	546
1377	546
1377	545
1376	545
1376	544
1375	544
1375	542
1374	542
1374	541
1375	541
1375	540
1374	540
1374	538
1373	538
1373	537
1372	537
1372	536
1371	536
1371	535
1369	535
1369	534
1368	534
1368	530
1367	530
1367	528
1366	528
1366	526
1365	526
1365	524
1364	524
1364	523
1363	523
1363	520
1361	520
1361	519
1360	519
1360	518
1359	518
1359	516
1358	516
1358	515
1357	515
1357	514
1356	514
1356	512
1355	512
1355	510
1354	510
1354	508
1353	508
1353	506
1352	506
1352	503
1351	503
1351	502
1348	502
1348	500
1347	500
1347	498
1346	498
1346	497
1345	497
1345	496
1344	496
1344	495
1343	495
1343	489
1342	489
1342	488
1341	488
1341	485
1340	485
1340	482
1339	482
1339	481
1338	481
1338	476
1336	476
1336	475
1335	475
1335	472
1334	472
1334	469
1333	469
1333	468
1332	468
1332	465
1331	465
1331	463
1330	463
1330	454
1324	454
1324	453
1319	453
1319	454
1316	454
1316	456
1315	456
1315	459
1314	459
1314	460
1313	460
1313	462
1312	462
1312	471
1307	471
1307	470
1302	470
1302	469
1299	469
1299	468
1298	468
1298	467
1296	467
1296	466
1295	466
1295	464
1293	464
1293	463
1292	463
1292	462
1291	462
1291	461
1290	461
1290	460
1289	460
1289	459
1288	459
1288	458
1287	458
1287	457
1286	457
1286	456
1285	456
1285	453
1284	453
1284	452
1283	452
1283	453
1281	453
1281	448
1280	448
1280	447
1279	447
1279	446
1278	446
1278	445
1277	445
1277	443
1276	443
1276	442
1275	442
1275	441
1274	441
1274	439
1273	439
1273	437
1272	437
1272	435
1271	435
1271	433
1270	433
1270	431
1269	431
1269	429
1268	429
1268	428
1269	428
1269	427
1265	427
1265	426
1264	426
1264	422
1263	422
1263	420
1262	420
1262	418
1260	418
1260	416
1259	416
1259	414
1258	414
1258	410
1255	410
1255	408
1254	408
1254	407
1253	407
1253	404
1252	404
1252	403
1251	403
1251	402
1250	402
1250	399
1248	399
1248	397
1247	397
1247	396
1246	396
1246	395
1245	395
1245	393
1243	393
1243	389
1242	389
1242	388
1241	388
1241	386
1240	386
1240	385
1241	385
1241	384
1240	384
1240	383
1239	383
1239	382
1238	382
1238	381
1237	381
1237	379
1236	379
1236	377
1235	377
1235	375
1234	375
1234	374
1232	374
1232	370
1231	370
1231	369
1230	369
1230	368
1229	368
1229	367
1228	367
1228	365
1227	365
1227	363
1226	363
1226	361
1225	361
1225	359
1224	359
1224	358
1223	358
1223	356
1220	356
1220	352
1219	352
1219	350
1217	350
1217	347
1216	347
1216	346
1215	346
1215	345
1214	345
1214	340
1213	340
1213	338
1211	338
1211	337
1210	337
1210	332
1209	332
1209	331
1208	331
1208	330
1207	330
1207	329
1206	329
1206	328
1205	328
1205	325
1204	325
1204	324
1203	324
1203	323
1202	323
1202	321
1201	321
1201	319
1200	319
1200	317
1199	317
1199	316
1198	316
1198	315
1197	315
1197	312
1196	312
1196	310
1195	310
1195	309
1194	309
1194	308
1193	308
1193	306
1192	306
1192	304
1191	304
1191	303
1190	303
1190	302
1189	302
1189	298
1188	298
1188	295
1187	295
1187	294
1186	294
1186	293
1185	293
1185	292
1184	292
1184	291
1183	291
1183	289
1182	289
1182	288
1181	288
1181	285
1180	285
1180	284
1179	284
1179	281
1177	281
1177	280
1176	280
1176	279
1175	279
1175	277
1174	277
1174	276
1173	276
1173	274
1172	274
1172	275
1171	275
1171	274
1170	274
1170	269
1169	269
1169	268
1167	268
1167	267
1165	267
1165	266
1164	266
1164	265
1163	265
1163	264
1162	264
1162	260
1161	260
1161	259
1160	259
1160	258
1159	258
1159	257
1158	257
1158	256
1157	256
1157	255
1156	255
1156	254
1155	254
1155	253
1154	253
1154	251
1153	251
1153	249
1151	249
1151	248
1150	248
1150	247
1148	247
1148	244
1147	244
1147	243
1145	243
1145	242
1144	242
1144	240
1143	240
1143	239
1141	239
1141	237
1140	237
1140	236
1139	236
1139	235
1138	235
1138	234
1136	234
1136	232
1135	232
1135	230
1134	230
1134	229
1133	229
1133	228
1131	228
1131	226
1129	226
1129	224
1128	224
1128	223
1125	223
1125	215
1111	215
1111	229
1115	229
1115	237
1117	237
1117	242
1118	242
1118	243
1119	243
1119	245
1120	245
1120	246
1121	246
1121	251
1123	251
1123	253
1124	253
1124	255
1126	255
1126	257
1127	257
1127	258
1128	258
1128	259
1129	259
1129	267
1131	267
1131	269
1133	269
1133	273
1134	273
1134	276
1135	276
1135	278
1136	278
1136	279
1137	279
1137	281
1138	281
1138	282
1139	282
1139	284
1140	284
1140	285
1139	285
1139	287
1140	287
1140	288
1141	288
1141	290
1142	290
1142	291
1143	291
1143	293
1144	293
1144	294
1145	294
1145	298
1146	298
1146	299
1147	299
1147	301
1148	301
1148	302
1149	302
1149	303
1150	303
1150	304
1151	304
1151	309
1152	309
1152	311
1153	311
1153	316
1155	316
1155	318
1156	318
1156	320
1157	320
1157	323
1158	323
1158	325
1159	325
1159	330
1160	330
1160	332
1162	332
1162	333
1163	333
1163	335
1164	335
1164	337
1165	337
1165	343
1166	343
1166	345
1167	345
1167	346
1168	346
1168	348
1169	348
1169	350
1170	350
1170	352
1171	352
1171	354
1172	354
1172	358
1173	358
1173	360
1174	360
1174	363
1177	363
1177	369
1179	369
1179	372
1181	372
1181	374
1182	374
1182	376
1183	376
1183	379
1184	379
1184	384
1185	384
1185	385
1186	385
1186	388
1187	388
1187	389
1188	389
1188	391
1189	391
1189	394
1190	394
1190	395
1191	395
1191	397
1192	397
1192	398
1193	398
1193	402
1194	402
1194	403
1196	403
1196	408
1197	408
1197	410
1198	410
1198	411
1199	411
1199	412
1200	412
1200	413
1201	413
1201	415
1202	415
1202	416
1203	416
1203	420
1205	420
1205	421
1206	421
1206	422
1207	422
1207	424
1208	424
1208	426
1209	426
1209	427
1210	427
1210	428
1211	428
1211	432
1212	432
1212	437
1213	437
1213	438
1215	438
1215	440
1216	440
1216	442
1217	442
1217	444
1219	444
1219	448
1220	448
1220	449
1221	449
1221	454
1222	454
1222	455
1221	455
1221	456
1223	456
1223	458
1224	458
1224	460
1225	460
1225	462
1226	462
1226	464
1228	464
1228	473
1229	473
1229	474
1233	474
1233	475
1234	475
1234	476
1235	476
1235	480
1236	480
1236	481
1237	481
1237	482
1238	482
1238	483
1239	483
1239	490
1240	490
1240	491
1243	491
1243	492
1246	492
1246	493
1247	493
1247	494
1248	494
1248	501
1249	501
1249	503
1250	503
1250	509
1256	509
1256	511
1257	511
