1699	689
1700	689
1700	690
1701	690
1701	691
1702	691
1702	693
1703	693
1703	694
1704	694
1704	696
1705	696
1705	698
1706	698
1706	700
1707	700
1707	705
1705	705
1705	706
1700	706
1700	707
1698	707
1698	708
1695	708
1695	709
1692	709
1692	710
1689	710
1689	712
1685	712
1685	713
1682	713
1682	714
1681	714
1681	715
1678	715
1678	727
1684	727
1684	728
1689	728
1689	729
1693	729
1693	730
1697	730
1697	731
1698	731
1698	732
1699	732
1699	733
1706	733
1706	734
1707	734
1707	737
1709	737
1709	738
1711	738
1711	739
1714	739
1714	740
1716	740
1716	741
1718	741
1718	742
1724	742
1724	743
1725	743
1725	744
1724	744
1724	745
1725	745
1725	746
1731	746
1731	747
1732	747
1732	748
1734	748
1734	750
1736	750
1736	752
1738	752
1738	753
1739	753
1739	754
1741	754
1741	755
1743	755
1743	756
1745	756
1745	757
1747	757
1747	760
1748	760
1748	759
1749	759
1749	760
1750	760
1750	761
1751	761
1751	762
1753	762
1753	764
1754	764
1754	765
1757	765
1757	766
1758	766
1758	767
1760	767
1760	768
1761	768
1761	771
1762	771
1762	772
1764	772
1764	773
1765	773
1765	774
1766	774
1766	775
1767	775
1767	776
1768	776
1768	779
1769	779
1769	780
1771	780
1771	782
1772	782
1772	783
1773	783
1773	784
1775	784
1775	785
1776	785
1776	794
1777	794
1777	795
1776	795
1776	797
1767	797
1767	798
1765	798
1765	799
1762	799
1762	800
1761	800
1761	801
1758	801
1758	802
1755	802
1755	803
1753	803
1753	804
1751	804
1751	805
1749	805
1749	806
1745	806
1745	807
1744	807
1744	808
1740	808
1740	809
1739	809
1739	810
1737	810
1737	811
1738	811
1738	812
1737	812
1737	813
1738	813
1738	815
1737	815
1737	816
1738	816
1738	819
1737	819
1737	820
1738	820
1738	821
1739	821
1739	822
1742	822
1742	821
1743	821
1743	822
1747	822
1747	824
1754	824
1754	826
1755	826
1755	827
1760	827
1760	828
1768	828
1768	830
1773	830
1773	831
1775	831
1775	833
1776	833
1776	834
1779	834
1779	835
1782	835
1782	837
1786	837
1786	839
1790	839
1790	840
1792	840
1792	841
1795	841
1795	843
1796	843
1796	844
1799	844
1799	845
1801	845
1801	846
1804	846
1804	849
1806	849
1806	850
1808	850
1808	851
1811	851
1811	853
1813	853
1813	854
1815	854
1815	856
1816	856
1816	857
1817	857
1817	858
1819	858
1819	859
1821	859
1821	860
1822	860
1822	861
1824	861
1824	862
1825	862
1825	863
1826	863
1826	865
1827	865
1827	866
1830	866
1830	867
1831	867
1831	869
1832	869
1832	870
1833	870
1833	872
1834	872
1834	873
1836	873
1836	876
1837	876
1837	877
1838	877
1838	878
1839	878
1839	883
1838	883
1838	884
1836	884
1836	885
1833	885
1833	886
1830	886
1830	887
1826	887
1826	888
1825	888
1825	889
1822	889
1822	891
1819	891
1819	892
1818	892
1818	893
1815	893
1815	894
1813	894
1813	895
1811	895
1811	896
1808	896
1808	897
1806	897
1806	898
1805	898
1805	899
1804	899
1804	911
1807	911
1807	912
1812	912
1812	913
1814	913
1814	914
1819	914
1819	916
1824	916
1824	917
1826	917
1826	918
1829	918
1829	919
1832	919
1832	920
1833	920
1833	921
1834	921
1834	922
1837	922
1837	924
1838	924
1838	923
1840	923
1840	924
1842	924
1842	925
1843	925
1843	926
1845	926
1845	927
1846	927
1846	928
1847	928
1847	929
1848	929
1848	930
1850	930
1850	931
1851	931
1851	934
1852	934
1852	933
1854	933
1854	934
1855	934
1855	935
1858	935
1858	936
1859	936
1859	938
1860	938
1860	939
1862	939
1862	941
1863	941
1863	942
1865	942
1865	943
1867	943
1867	944
1868	944
1868	945
1869	945
1869	947
1871	947
1871	948
1873	948
1873	949
1875	949
1875	953
1876	953
1876	954
1877	954
1877	955
1878	955
1878	956
1881	956
1881	959
1883	959
1883	960
1885	960
1885	962
1886	962
1886	965
1887	965
1887	966
1889	966
1889	967
1890	967
1890	969
1891	969
1891	970
1892	970
1892	971
1893	971
1893	974
1894	974
1894	975
1895	975
1895	978
1896	978
1896	980
1897	980
1897	982
1898	982
1898	988
1899	988
1899	992
1893	992
1893	993
1888	993
1888	994
1886	994
1886	995
1884	995
1884	996
1882	996
1882	997
1878	997
1878	998
1876	998
1876	999
1873	999
1873	1000
1871	1000
1871	1001
1868	1001
1868	1002
1865	1002
1865	1003
1863	1003
1863	1004
1859	1004
1859	1005
1857	1005
1857	1006
1855	1006
1855	1007
1853	1007
1853	1008
1848	1008
1848	1009
1846	1009
1846	1010
1843	1010
1843	1021
1844	1021
1844	1022
1847	1022
1847	1023
1848	1023
1848	1024
1850	1024
1850	1025
1854	1025
1854	1026
1856	1026
1856	1027
1858	1027
1858	1028
1861	1028
1861	1030
1862	1030
1862	1032
1866	1032
1866	1033
1867	1033
1867	1034
1868	1034
1868	1035
1870	1035
1870	1036
1871	1036
1871	1037
1872	1037
1872	1038
1873	1038
1873	1039
1874	1039
1874	1040
1876	1040
1876	1041
1877	1041
1877	1042
1878	1042
1878	1043
1879	1043
1879	1044
1880	1044
1880	1045
1882	1045
1882	1047
1884	1047
1884	1048
1885	1048
1885	1049
1886	1049
1886	1051
1887	1051
1887	1053
1889	1053
1889	1054
1890	1054
1890	1055
1892	1055
1892	1057
1893	1057
1893	1060
1894	1060
1894	1061
1896	1061
1896	1062
1897	1062
1897	1063
1899	1063
1899	1065
1900	1065
1900	1066
1901	1066
1901	1068
1903	1068
1903	1071
1904	1071
1904	1072
1905	1072
1905	1074
1906	1074
1906	1075
1910	1075
1910	1078
1912	1078
1912	1081
1913	1081
1913	1082
1916	1082
1916	1085
1917	1085
1917	1086
1918	1086
1918	1087
1919	1087
1919	1089
1921	1089
1921	1092
1922	1092
1922	1093
1923	1093
1923	1095
1926	1095
1926	1097
1927	1097
1927	1098
1928	1098
1928	1099
1929	1099
1929	1100
1930	1100
1930	1101
1931	1101
1931	1103
1932	1103
1932	1104
1933	1104
1933	1106
1934	1106
1934	1110
1935	1110
1935	1111
1937	1111
1937	1118
1938	1118
1938	1119
1937	1119
1937	1120
1939	1120
1939	1125
1938	1125
1938	1131
1936	1131
1936	1132
1917	1132
1917	1133
1912	1133
1912	1134
1901	1134
1901	1135
1896	1135
1896	1136
1889	1136
1889	1137
1886	1137
1886	1148
1887	1148
1887	1149
1890	1149
1890	1150
1892	1150
1892	1151
1894	1151
1894	1152
1896	1152
1896	1153
1898	1153
1898	1154
1899	1154
1899	1155
1901	1155
1901	1156
1903	1156
1903	1157
1905	1157
1905	1159
1907	1159
1907	1160
1908	1160
1908	1161
1910	1161
1910	1162
1911	1162
1911	1163
1912	1163
1912	1165
1915	1165
1915	1167
1916	1167
1916	1168
1917	1168
1917	1169
1918	1169
1918	1170
1919	1170
1919	1171
1920	1171
1920	1172
1921	1172
1921	1174
1922	1174
1922	1176
1923	1176
1923	1177
1925	1177
1925	1179
1926	1179
1926	1181
1927	1181
1927	1184
1928	1184
1928	1183
1929	1183
1929	1184
1930	1184
1930	1187
1931	1187
1931	1188
1932	1188
1932	1190
1934	1190
1934	1192
1936	1192
1936	1194
1937	1194
1937	1196
1938	1196
1938	1197
1940	1197
1940	1198
1941	1198
1941	1201
1942	1201
1942	1202
1943	1202
1943	1203
1944	1203
1944	1204
1945	1204
1945	1206
1946	1206
1946	1208
1947	1208
1947	1209
1948	1209
1948	1212
1949	1212
1949	1213
1951	1213
1951	1214
1952	1214
1952	1215
1953	1215
1953	1216
1955	1216
1955	1220
1956	1220
1956	1221
1957	1221
1957	1222
1958	1222
1958	1223
1960	1223
1960	1227
1961	1227
1961	1226
1962	1226
1962	1227
1963	1227
1963	1228
1964	1228
1964	1231
1965	1231
1965	1233
1966	1233
1966	1234
1968	1234
1968	1235
1969	1235
1969	1236
1970	1236
1970	1240
1972	1240
1972	1241
1973	1241
1973	1244
1974	1244
1974	1248
1975	1248
1975	1251
1976	1251
1976	1252
1977	1252
1977	1257
1976	1257
1976	1262
1975	1262
1975	1263
1971	1263
1971	1264
1969	1264
1969	1265
1965	1265
1965	1266
1964	1266
1964	1267
1955	1267
1955	1268
1950	1268
1950	1269
1943	1269
1943	1270
1939	1270
1939	1281
1940	1281
1940	1282
1941	1282
1941	1284
1945	1284
1945	1285
1947	1285
1947	1286
1949	1286
1949	1287
1950	1287
1950	1288
1951	1288
1951	1289
1952	1289
1952	1290
1953	1290
1953	1291
1955	1291
1955	1292
1957	1292
1957	1293
1958	1293
1958	1294
1959	1294
1959	1295
1960	1295
1960	1297
1961	1297
1961	1298
1963	1298
1963	1299
1964	1299
1964	1301
1965	1301
1965	1303
1967	1303
1967	1304
1968	1304
1968	1306
1969	1306
1969	1309
1970	1309
1970	1312
1971	1312
1971	1313
1973	1313
1973	1315
1974	1315
1974	1316
1975	1316
1975	1319
1976	1319
1976	1320
1977	1320
1977	1322
1978	1322
1978	1323
1979	1323
1979	1327
1980	1327
1980	1329
1981	1329
1981	1330
1982	1330
1982	1334
1983	1334
1983	1335
1984	1335
1984	1340
1985	1340
1985	1341
1986	1341
1986	1345
1987	1345
1987	1351
1988	1351
1988	1353
1987	1353
1987	1357
1984	1357
1984	1358
1982	1358
1982	1359
1978	1359
1978	1360
1970	1360
1970	1361
1967	1361
1967	1374
1968	1374
1968	1375
1970	1375
1970	1377
1972	1377
1972	1378
1973	1378
1973	1382
1974	1382
1974	1384
1976	1384
1976	1385
1978	1385
1978	1389
1979	1389
1979	1391
1980	1391
1980	1392
1981	1392
1981	1393
1983	1393
1983	1394
1984	1394
1984	1398
1985	1398
1985	1399
1987	1399
1987	1402
1988	1402
1988	1404
1989	1404
1989	1406
1990	1406
1990	1407
1991	1407
1991	1409
1992	1409
1992	1410
1993	1410
1993	1413
1994	1413
1994	1414
1995	1414
1995	1415
1996	1415
1996	1418
1997	1418
1997	1421
1998	1421
1998	1422
1999	1422
1999	1426
2000	1426
2000	1427
2001	1427
2001	1430
2002	1430
2002	1432
2003	1432
2003	1435
2004	1435
2004	1436
2005	1436
2005	1438
2006	1438
2006	1439
2007	1439
2007	1440
2008	1440
2008	1444
2009	1444
2009	1447
2010	1447
2010	1448
2011	1448
2011	1451
2012	1451
2012	1453
2013	1453
2013	1455
2014	1455
2014	1458
2015	1458
2015	1459
2016	1459
2016	1461
2017	1461
2017	1463
2018	1463
2018	1465
2019	1465
2019	1466
2020	1466
2020	1467
2021	1467
2021	1468
2022	1468
2022	1469
2023	1469
2023	1471
2024	1471
2024	1472
2025	1472
2025	1474
2026	1474
2026	1476
2027	1476
2027	1478
2028	1478
2028	1479
2029	1479
2029	1481
2030	1481
2030	1482
2031	1482
2031	1483
2032	1483
2032	1485
2033	1485
2033	1487
2034	1487
2034	1490
2035	1490
2035	1492
2036	1492
2036	1493
2038	1493
2038	1495
2039	1495
2039	1498
2040	1498
2040	1500
2041	1500
2041	1502
2042	1502
2042	1504
2043	1504
2043	1505
2044	1505
2044	1506
2045	1506
2045	1508
2046	1508
2046	1510
2047	1510
2047	1512
2048	1512
2048	1514
2049	1514
2049	1523
2048	1523
2048	1524
2046	1524
2046	1525
2043	1525
2043	1524
2032	1524
2032	1523
2030	1523
2030	1522
2026	1522
2026	1521
2023	1521
2023	1520
2021	1520
2021	1519
2018	1519
2018	1518
2015	1518
2015	1517
2013	1517
2013	1516
2010	1516
2010	1515
2008	1515
2008	1514
2007	1514
2007	1512
2003	1512
2003	1511
2000	1511
2000	1510
1999	1510
1999	1509
1997	1509
1997	1508
1994	1508
1994	1507
1993	1507
1993	1506
1992	1506
1992	1505
1990	1505
1990	1504
1989	1504
1989	1503
1986	1503
1986	1501
1983	1501
1983	1500
1982	1500
1982	1499
1980	1499
1980	1498
1979	1498
1979	1497
1977	1497
1977	1496
1976	1496
1976	1495
1973	1495
1973	1494
1972	1494
1972	1493
1973	1493
1973	1492
1971	1492
1971	1491
1968	1491
1968	1490
1966	1490
1966	1489
1964	1489
1964	1488
1962	1488
1962	1487
1961	1487
1961	1486
1958	1486
1958	1485
1957	1485
1957	1484
1955	1484
1955	1483
1953	1483
1953	1482
1950	1482
1950	1481
1948	1481
1948	1480
1947	1480
1947	1479
1946	1479
1946	1478
1943	1478
1943	1477
1942	1477
1942	1476
1941	1476
1941	1474
1939	1474
1939	1473
1937	1473
1937	1472
1936	1472
1936	1471
1935	1471
1935	1469
1933	1469
1933	1468
1932	1468
1932	1467
1931	1467
1931	1466
1930	1466
1930	1465
1929	1465
1929	1464
1928	1464
1928	1462
1925	1462
1925	1461
1924	1461
1924	1460
1923	1460
1923	1458
1921	1458
1921	1456
1920	1456
1920	1455
1919	1455
1919	1454
1918	1454
1918	1453
1917	1453
1917	1452
1916	1452
1916	1450
1915	1450
1915	1449
1914	1449
1914	1448
1913	1448
1913	1445
1912	1445
1912	1443
1911	1443
1911	1439
1899	1439
1899	1440
1898	1440
1898	1441
1897	1441
1897	1443
1896	1443
1896	1444
1895	1444
1895	1448
1894	1448
1894	1450
1893	1450
1893	1453
1888	1453
1888	1452
1885	1452
1885	1451
1883	1451
1883	1450
1882	1450
1882	1449
1879	1449
1879	1448
1877	1448
1877	1447
1876	1447
1876	1446
1875	1446
1875	1445
1873	1445
1873	1444
1872	1444
1872	1443
1871	1443
1871	1442
1870	1442
1870	1441
1869	1441
1869	1440
1867	1440
1867	1438
1866	1438
1866	1437
1865	1437
1865	1436
1863	1436
1863	1434
1862	1434
1862	1433
1860	1433
1860	1432
1859	1432
1859	1430
1858	1430
1858	1429
1857	1429
1857	1428
1856	1428
1856	1427
1855	1427
1855	1426
1854	1426
1854	1425
1853	1425
1853	1424
1851	1424
1851	1422
1849	1422
1849	1419
1847	1419
1847	1418
1846	1418
1846	1417
1845	1417
1845	1416
1844	1416
1844	1414
1843	1414
1843	1413
1842	1413
1842	1412
1841	1412
1841	1411
1840	1411
1840	1408
1838	1408
1838	1407
1837	1407
1837	1404
1835	1404
1835	1401
1834	1401
1834	1400
1832	1400
1832	1397
1831	1397
1831	1395
1830	1395
1830	1392
1829	1392
1829	1390
1828	1390
1828	1386
1827	1386
1827	1382
1826	1382
1826	1373
1816	1373
1816	1374
1814	1374
1814	1377
1813	1377
1813	1378
1812	1378
1812	1379
1811	1379
1811	1381
1810	1381
1810	1382
1809	1382
1809	1384
1808	1384
1808	1385
1807	1385
1807	1387
1806	1387
1806	1388
1805	1388
1805	1389
1804	1389
1804	1391
1803	1391
1803	1395
1802	1395
1802	1398
1801	1398
1801	1399
1796	1399
1796	1398
1790	1398
1790	1397
1788	1397
1788	1396
1787	1396
1787	1395
1785	1395
1785	1394
1784	1394
1784	1393
1782	1393
1782	1392
1781	1392
1781	1390
1778	1390
1778	1389
1777	1389
1777	1386
1776	1386
1776	1383
1773	1383
1773	1382
1772	1382
1772	1381
1771	1381
1771	1380
1770	1380
1770	1377
1769	1377
1769	1376
1768	1376
1768	1374
1767	1374
1767	1373
1766	1373
1766	1371
1765	1371
1765	1369
1764	1369
1764	1367
1763	1367
1763	1365
1762	1365
1762	1364
1761	1364
1761	1362
1760	1362
1760	1361
1759	1361
1759	1358
1758	1358
1758	1356
1757	1356
1757	1354
1756	1354
1756	1351
1755	1351
1755	1349
1754	1349
1754	1348
1753	1348
1753	1347
1751	1347
1751	1344
1750	1344
1750	1342
1749	1342
1749	1341
1748	1341
1748	1339
1747	1339
1747	1337
1746	1337
1746	1336
1745	1336
1745	1334
1744	1334
1744	1333
1743	1333
1743	1331
1742	1331
1742	1330
1741	1330
1741	1325
1740	1325
1740	1324
1739	1324
1739	1322
1738	1322
1738	1319
1737	1319
1737	1318
1734	1318
1734	1314
1735	1314
1735	1311
1734	1311
1734	1303
1731	1303
1731	1295
1720	1295
1720	1296
1719	1296
1719	1297
1718	1297
1718	1299
1717	1299
1717	1300
1716	1300
1716	1301
1715	1301
1715	1302
1714	1302
1714	1303
1713	1303
1713	1304
1711	1304
1711	1307
1710	1307
1710	1308
1709	1308
1709	1309
1708	1309
1708	1312
1707	1312
1707	1314
1703	1314
1703	1315
1702	1315
1702	1317
1701	1317
1701	1318
1700	1318
1700	1319
1699	1319
1699	1320
1696	1320
1696	1319
1694	1319
1694	1318
1691	1318
1691	1316
1688	1316
1688	1315
1687	1315
1687	1314
1686	1314
1686	1313
1685	1313
1685	1312
1684	1312
1684	1311
1683	1311
1683	1310
1682	1310
1682	1309
1681	1309
1681	1308
1680	1308
1680	1307
1679	1307
1679	1305
1678	1305
1678	1304
1677	1304
1677	1303
1672	1303
1672	1301
1671	1301
1671	1299
1672	1299
1672	1298
1671	1298
1671	1296
1672	1296
1672	1295
1671	1295
1671	1293
1670	1293
1670	1291
1669	1291
1669	1289
1668	1289
1668	1287
1667	1287
1667	1285
1666	1285
1666	1284
1665	1284
1665	1282
1664	1282
1664	1279
1663	1279
1663	1277
1662	1277
1662	1274
1661	1274
1661	1273
1660	1273
1660	1272
1659	1272
1659	1269
1658	1269
1658	1267
1657	1267
1657	1266
1656	1266
1656	1261
1655	1261
1655	1260
1654	1260
1654	1257
1653	1257
1653	1253
1652	1253
1652	1250
1651	1250
1651	1245
1650	1245
1650	1239
1649	1239
1649	1237
1650	1237
1650	1224
1639	1224
1639	1225
1637	1225
1637	1226
1636	1226
1636	1227
1635	1227
1635	1228
1634	1228
1634	1230
1632	1230
1632	1232
1631	1232
1631	1233
1630	1233
1630	1234
1628	1234
1628	1236
1627	1236
1627	1238
1625	1238
1625	1239
1624	1239
1624	1240
1623	1240
1623	1241
1622	1241
1622	1242
1620	1242
1620	1244
1619	1244
1619	1245
1618	1245
1618	1246
1616	1246
1616	1247
1617	1247
1617	1248
1616	1248
1616	1249
1615	1249
1615	1251
1613	1251
1613	1252
1609	1252
1609	1251
1608	1251
1608	1250
1607	1250
1607	1249
1606	1249
1606	1248
1604	1248
1604	1246
1603	1246
1603	1245
1602	1245
1602	1244
1601	1244
1601	1243
1600	1243
1600	1242
1599	1242
1599	1241
1598	1241
1598	1240
1597	1240
1597	1239
1596	1239
1596	1237
1595	1237
1595	1236
1594	1236
1594	1234
1593	1234
1593	1233
1592	1233
1592	1231
1591	1231
1591	1229
1590	1229
1590	1226
1589	1226
1589	1224
1588	1224
1588	1223
1587	1223
1587	1219
1586	1219
1586	1218
1585	1218
1585	1213
1583	1213
1583	1210
1582	1210
1582	1208
1581	1208
1581	1205
1580	1205
1580	1203
1579	1203
1579	1201
1578	1201
1578	1200
1577	1200
1577	1197
1576	1197
1576	1192
1575	1192
1575	1191
1574	1191
1574	1189
1573	1189
1573	1187
1569	1187
1569	1175
1568	1175
1568	1173
1567	1173
1567	1167
1566	1167
1566	1162
1565	1162
1565	1147
1566	1147
1566	1137
1565	1137
1565	1136
1555	1136
1555	1137
1553	1137
1553	1138
1552	1138
1552	1141
1549	1141
1549	1142
1548	1142
1548	1143
1547	1143
1547	1145
1545	1145
1545	1146
1544	1146
1544	1147
1543	1147
1543	1148
1542	1148
1542	1149
1541	1149
1541	1150
1540	1150
1540	1151
1539	1151
1539	1152
1538	1152
1538	1153
1537	1153
1537	1154
1536	1154
1536	1155
1535	1155
1535	1156
1534	1156
1534	1157
1532	1157
1532	1158
1531	1158
1531	1159
1530	1159
1530	1161
1529	1161
1529	1162
1528	1162
1528	1163
1527	1163
1527	1165
1526	1165
1526	1167
1522	1167
1522	1166
1519	1166
1519	1165
1518	1165
1518	1164
1517	1164
1517	1163
1515	1163
1515	1162
1514	1162
1514	1161
1513	1161
1513	1160
1512	1160
1512	1159
1511	1159
1511	1157
1510	1157
1510	1155
1509	1155
1509	1154
1508	1154
1508	1153
1507	1153
1507	1151
1506	1151
1506	1150
1505	1150
1505	1148
1504	1148
1504	1146
1503	1146
1503	1144
1501	1144
1501	1140
1500	1140
1500	1137
1499	1137
1499	1134
1498	1134
1498	1133
1497	1133
1497	1130
1496	1130
1496	1124
1495	1124
1495	1122
1494	1122
1494	1120
1493	1120
1493	1115
1492	1115
1492	1113
1491	1113
1491	1109
1490	1109
1490	1107
1489	1107
1489	1103
1488	1103
1488	1101
1487	1101
1487	1096
1486	1096
1486	1092
1485	1092
1485	1088
1484	1088
1484	1086
1483	1086
1483	1076
1482	1076
1482	1060
1471	1060
1471	1061
1470	1061
1470	1062
1469	1062
1469	1064
1468	1064
1468	1065
1467	1065
1467	1066
1466	1066
1466	1067
1465	1067
1465	1068
1464	1068
1464	1069
1463	1069
1463	1070
1462	1070
1462	1072
1460	1072
1460	1073
1459	1073
1459	1074
1458	1074
1458	1075
1457	1075
1457	1077
1456	1077
1456	1078
1455	1078
1455	1079
1454	1079
1454	1082
1453	1082
1453	1083
1450	1083
1450	1082
1448	1082
1448	1081
1447	1081
1447	1080
1446	1080
1446	1079
1445	1079
1445	1078
1444	1078
1444	1077
1443	1077
1443	1076
1442	1076
1442	1075
1441	1075
1441	1074
1440	1074
1440	1073
1439	1073
1439	1071
1437	1071
1437	1070
1436	1070
1436	1067
1435	1067
1435	1065
1434	1065
1434	1062
1433	1062
1433	1061
1432	1061
1432	1059
1431	1059
1431	1056
1430	1056
1430	1053
1429	1053
1429	1051
1428	1051
1428	1046
1427	1046
1427	1043
1426	1043
1426	1041
1425	1041
1425	1037
1424	1037
1424	1033
1423	1033
1423	1031
1422	1031
1422	1027
1421	1027
1421	1024
1420	1024
1420	1022
1419	1022
1419	1019
1418	1019
1418	1016
1417	1016
1417	1009
1416	1009
1416	1007
1415	1007
1415	1000
1414	1000
1414	987
1413	987
1413	985
1402	985
1402	986
1400	986
1400	989
1398	989
1398	991
1397	991
1397	992
1396	992
1396	994
1394	994
1394	996
1393	996
1393	998
1392	998
1392	999
1391	999
1391	1000
1390	1000
1390	1001
1389	1001
1389	1003
1388	1003
1388	1004
1385	1004
1385	1003
1384	1003
1384	1002
1383	1002
1383	1001
1382	1001
1382	1000
1381	1000
1381	999
1380	999
1380	998
1378	998
1378	995
1377	995
1377	993
1375	993
1375	992
1374	992
1374	988
1373	988
1373	987
1372	987
1372	986
1371	986
1371	983
1370	983
1370	982
1369	982
1369	980
1368	980
1368	976
1367	976
1367	973
1366	973
1366	971
1365	971
1365	968
1364	968
1364	965
1363	965
1363	961
1362	961
1362	957
1361	957
1361	951
1360	951
1360	946
1359	946
1359	941
1358	941
1358	939
1357	939
1357	933
1356	933
1356	925
1355	925
1355	920
1354	920
1354	915
1353	915
1353	914
1352	914
1352	894
1351	894
1351	882
1350	882
1350	881
1340	881
1340	882
1339	882
1339	884
1338	884
1338	885
1337	885
1337	886
1336	886
1336	888
1335	888
1335	889
1334	889
1334	891
1332	891
1332	893
1331	893
1331	895
1330	895
1330	897
1329	897
1329	899
1328	899
1328	900
1325	900
1325	899
1324	899
1324	898
1323	898
1323	896
1320	896
1320	893
1318	893
1318	892
1317	892
1317	891
1316	891
1316	889
1315	889
1315	888
1314	888
1314	886
1313	886
1313	884
1312	884
1312	883
1311	883
1311	881
1310	881
1310	879
1309	879
1309	876
1308	876
1308	875
1307	875
1307	873
1306	873
1306	871
1305	871
1305	870
1306	870
1306	868
1304	868
1304	866
1303	866
1303	864
1302	864
1302	860
1301	860
1301	857
1300	857
1300	852
1299	852
1299	850
1298	850
1298	848
1297	848
1297	843
1296	843
1296	840
1295	840
1295	836
1294	836
1294	832
1293	832
1293	828
1292	828
1292	824
1291	824
1291	821
1290	821
1290	817
1289	817
1289	812
1288	812
1288	808
1287	808
1287	804
1286	804
1286	799
1285	799
1285	795
1284	795
1284	776
1283	776
1283	775
1272	775
1272	776
1271	776
1271	778
1270	778
1270	780
1269	780
1269	781
1268	781
1268	782
1267	782
1267	784
1266	784
1266	785
1265	785
1265	786
1264	786
1264	788
1263	788
1263	792
1262	792
1262	803
1263	803
1263	805
1264	805
1264	807
1265	807
1265	808
1266	808
1266	811
1267	811
1267	812
1268	812
1268	814
1269	814
1269	816
1270	816
1270	818
1271	818
1271	822
1272	822
1272	823
1273	823
1273	827
1274	827
1274	833
1275	833
1275	834
1276	834
1276	853
1275	853
1275	855
1274	855
1274	856
1273	856
1273	857
1269	857
1269	856
1267	856
1267	855
1266	855
1266	854
1263	854
1263	853
1260	853
1260	852
1248	852
1248	864
1249	864
1249	866
1251	866
1251	867
1250	867
1250	868
1253	868
1253	870
1255	870
1255	872
1256	872
1256	873
1257	873
1257	875
1258	875
1258	876
1259	876
1259	877
1260	877
1260	878
1261	878
1261	879
1262	879
1262	882
1263	882
1263	884
1264	884
1264	887
1265	887
1265	888
1266	888
1266	889
1267	889
1267	891
1268	891
1268	892
1269	892
1269	894
1270	894
1270	895
1271	895
1271	899
1272	899
1272	900
1273	900
1273	902
1274	902
1274	904
1275	904
1275	905
1276	905
1276	907
1277	907
1277	910
1278	910
1278	912
1279	912
1279	914
1280	914
1280	915
1281	915
1281	917
1282	917
1282	920
1283	920
1283	922
1284	922
1284	923
1285	923
1285	925
1286	925
1286	926
1287	926
1287	930
1288	930
1288	931
1289	931
1289	934
1290	934
1290	935
1291	935
1291	936
1292	936
1292	941
1293	941
1293	942
1294	942
1294	944
1295	944
1295	947
1296	947
1296	948
1297	948
1297	953
1298	953
1298	955
1299	955
1299	958
1300	958
1300	962
1301	962
1301	965
1302	965
1302	974
1301	974
1301	977
1300	977
1300	979
1299	979
1299	981
1298	981
1298	983
1294	983
1294	982
1292	982
1292	981
1288	981
1288	980
1286	980
1286	979
1274	979
1274	978
1257	978
1257	988
1258	988
1258	990
1259	990
1259	991
1260	991
1260	992
1261	992
1261	994
1262	994
1262	995
1264	995
1264	997
1265	997
1265	1000
1267	1000
1267	1002
1268	1002
1268	1003
1269	1003
1269	1004
1270	1004
1270	1006
1271	1006
1271	1007
1272	1007
1272	1008
1273	1008
1273	1010
1274	1010
1274	1013
1275	1013
1275	1015
1276	1015
1276	1016
1277	1016
1277	1018
1278	1018
1278	1019
1279	1019
1279	1020
1280	1020
1280	1023
1281	1023
1281	1024
1282	1024
1282	1025
1283	1025
1283	1028
1284	1028
1284	1030
1285	1030
1285	1032
1286	1032
1286	1033
1287	1033
1287	1036
1288	1036
1288	1038
1289	1038
1289	1039
1290	1039
1290	1042
1291	1042
1291	1043
1292	1043
1292	1046
1293	1046
1293	1047
1294	1047
1294	1049
1295	1049
1295	1052
1296	1052
1296	1053
1297	1053
1297	1056
1298	1056
1298	1058
1299	1058
1299	1060
1300	1060
1300	1063
1301	1063
1301	1064
1302	1064
1302	1066
1303	1066
1303	1069
1304	1069
1304	1070
1305	1070
1305	1074
1306	1074
1306	1075
1307	1075
1307	1081
1308	1081
1308	1082
1309	1082
1309	1083
1310	1083
1310	1089
1311	1089
1311	1090
1312	1090
1312	1094
1313	1094
1313	1108
1312	1108
1312	1110
1311	1110
1311	1112
1310	1112
1310	1113
1306	1113
1306	1112
1299	1112
1299	1111
1288	1111
1288	1110
1271	1110
1271	1111
1270	1111
1270	1123
1271	1123
1271	1124
1272	1124
1272	1125
1273	1125
1273	1127
1274	1127
1274	1128
1275	1128
1275	1129
1277	1129
1277	1130
1278	1130
1278	1133
1279	1133
1279	1134
1280	1134
1280	1135
1281	1135
1281	1137
1282	1137
1282	1138
1283	1138
1283	1139
1284	1139
1284	1140
1285	1140
1285	1143
1286	1143
1286	1145
1287	1145
1287	1146
1289	1146
1289	1147
1290	1147
1290	1150
1291	1150
1291	1152
1292	1152
1292	1154
1293	1154
1293	1156
1294	1156
1294	1158
1295	1158
1295	1160
1296	1160
1296	1164
1297	1164
1297	1165
1298	1165
1298	1168
1299	1168
1299	1170
1300	1170
1300	1173
1301	1173
1301	1176
1302	1176
1302	1177
1303	1177
1303	1182
1304	1182
1304	1183
1305	1183
1305	1187
1306	1187
1306	1189
1307	1189
1307	1196
1308	1196
1308	1198
1309	1198
1309	1204
1310	1204
1310	1224
1309	1224
1309	1228
1308	1228
1308	1229
1307	1229
1307	1232
1306	1232
1306	1233
1302	1233
1302	1232
1301	1232
1301	1231
1294	1231
1294	1230
1293	1230
1293	1229
1288	1229
1288	1228
1284	1228
1284	1227
1280	1227
1280	1226
1275	1226
1275	1225
1272	1225
1272	1224
1266	1224
1266	1223
1252	1223
1252	1234
1253	1234
1253	1236
1254	1236
1254	1237
1255	1237
1255	1238
1256	1238
1256	1240
1257	1240
1257	1241
1258	1241
1258	1240
1259	1240
1259	1243
1260	1243
1260	1244
1261	1244
1261	1245
1262	1245
1262	1247
1263	1247
1263	1248
1264	1248
1264	1250
1265	1250
1265	1251
1267	1251
1267	1255
1269	1255
1269	1257
1270	1257
1270	1259
1271	1259
1271	1262
1272	1262
1272	1264
1273	1264
1273	1265
1274	1265
1274	1268
1275	1268
1275	1269
1276	1269
1276	1271
1277	1271
1277	1274
1278	1274
1278	1277
1279	1277
1279	1278
1280	1278
1280	1280
1281	1280
1281	1282
1282	1282
1282	1284
1283	1284
1283	1286
1284	1286
1284	1287
1283	1287
1283	1288
1284	1288
1284	1290
1285	1290
1285	1292
1286	1292
1286	1294
1287	1294
1287	1297
1288	1297
1288	1299
1289	1299
1289	1303
1290	1303
1290	1305
1291	1305
1291	1307
1292	1307
1292	1311
1293	1311
1293	1312
1294	1312
1294	1318
1295	1318
1295	1320
1296	1320
1296	1325
1297	1325
1297	1331
1298	1331
1298	1350
1297	1350
1297	1352
1296	1352
1296	1354
1291	1354
1291	1353
1288	1353
1288	1352
1281	1352
1281	1351
1277	1351
1277	1350
1272	1350
1272	1349
1267	1349
1267	1348
1261	1348
1261	1347
1259	1347
1259	1346
1255	1346
1255	1345
1251	1345
1251	1344
1234	1344
1234	1355
1235	1355
1235	1356
1237	1356
1237	1358
1239	1358
1239	1359
1238	1359
1238	1360
1240	1360
1240	1362
1241	1362
1241	1363
1242	1363
1242	1364
1243	1364
1243	1366
1244	1366
1244	1367
1245	1367
1245	1370
1246	1370
1246	1371
1247	1371
1247	1372
1248	1372
1248	1373
1249	1373
1249	1377
1251	1377
1251	1379
1252	1379
1252	1380
1253	1380
1253	1384
1254	1384
1254	1385
1255	1385
1255	1390
1256	1390
1256	1393
1257	1393
1257	1394
1258	1394
1258	1396
1259	1396
1259	1397
1260	1397
1260	1401
1261	1401
1261	1403
1262	1403
1262	1405
1263	1405
1263	1407
1264	1407
1264	1411
1265	1411
1265	1412
1266	1412
1266	1415
1267	1415
1267	1418
1268	1418
1268	1421
1269	1421
1269	1424
1270	1424
1270	1428
1271	1428
1271	1434
1272	1434
1272	1435
1273	1435
1273	1438
1274	1438
1274	1439
1273	1439
1273	1445
1274	1445
1274	1456
1275	1456
1275	1468
1274	1468
1274	1472
1273	1472
1273	1475
1272	1475
1272	1476
1271	1476
1271	1478
1270	1478
1270	1479
1269	1479
1269	1481
1264	1481
1264	1479
1262	1479
1262	1478
1260	1478
1260	1477
1258	1477
1258	1476
1254	1476
1254	1475
1250	1475
1250	1474
1245	1474
1245	1473
1243	1473
1243	1472
1239	1472
1239	1471
1235	1471
1235	1470
1232	1470
1232	1469
1228	1469
1228	1468
1226	1468
1226	1467
1213	1467
1213	1468
1212	1468
1212	1478
1213	1478
1213	1480
1214	1480
1214	1481
1215	1481
1215	1483
1216	1483
1216	1484
1217	1484
1217	1485
1218	1485
1218	1488
1219	1488
1219	1491
1220	1491
1220	1493
1221	1493
1221	1495
1222	1495
1222	1498
1223	1498
1223	1500
1224	1500
1224	1503
1225	1503
1225	1505
1226	1505
1226	1507
1227	1507
1227	1509
1228	1509
1228	1513
1230	1513
1230	1514
1231	1514
1231	1513
1232	1513
1232	1521
1233	1521
1233	1525
1234	1525
1234	1527
1235	1527
1235	1532
1236	1532
1236	1535
1237	1535
1237	1538
1238	1538
1238	1542
1239	1542
1239	1548
1240	1548
1240	1550
1241	1550
1241	1563
1240	1563
1240	1578
1239	1578
1239	1582
1238	1582
1238	1584
1239	1584
1239	1585
1238	1585
1238	1587
1237	1587
1237	1590
1236	1590
1236	1592
1235	1592
1235	1594
1234	1594
1234	1595
1233	1595
1233	1596
1230	1596
1230	1594
1229	1594
1229	1595
1228	1595
1228	1594
1226	1594
1226	1593
1224	1593
1224	1592
1222	1592
1222	1591
1219	1591
1219	1590
1216	1590
1216	1589
1210	1589
1210	1588
1208	1588
1208	1587
1204	1587
1204	1586
1201	1586
1201	1585
1198	1585
1198	1584
1195	1584
1195	1583
1193	1583
1193	1582
1189	1582
1189	1581
1187	1581
1187	1580
1177	1580
1177	1579
1176	1579
1176	1580
1174	1580
1174	1590
1175	1590
1175	1592
1176	1592
1176	1594
1177	1594
1177	1596
1178	1596
1178	1597
1179	1597
1179	1598
1180	1598
1180	1601
1181	1601
1181	1603
1182	1603
1182	1606
1183	1606
1183	1609
1184	1609
1184	1612
1185	1612
1185	1615
1186	1615
1186	1616
1187	1616
1187	1619
1188	1619
1188	1622
1189	1622
1189	1626
1190	1626
1190	1630
1191	1630
1191	1635
1192	1635
1192	1638
1193	1638
1193	1641
1194	1641
1194	1644
1195	1644
1195	1649
1196	1649
1196	1656
1197	1656
1197	1661
1198	1661
1198	1665
1199	1665
1199	1672
1200	1672
1200	1684
1201	1684
1201	1705
1200	1705
1200	1706
1199	1706
1199	1710
1198	1710
1198	1713
1197	1713
1197	1714
1196	1714
1196	1716
1195	1716
1195	1717
1194	1717
1194	1719
1193	1719
1193	1720
1191	1720
1191	1721
1189	1721
1189	1720
1188	1720
1188	1719
1187	1719
1187	1718
1186	1718
1186	1717
1184	1717
1184	1716
1183	1716
1183	1714
1182	1714
1182	1713
1181	1713
1181	1712
1178	1712
1178	1710
1176	1710
1176	1709
1173	1709
1173	1707
1172	1707
1172	1708
1171	1708
1171	1707
1169	1707
1169	1706
1168	1706
1168	1707
1167	1707
1167	1706
1165	1706
1165	1705
1164	1705
1164	1704
1161	1704
1161	1703
1159	1703
1159	1702
1158	1702
1158	1701
1157	1701
1157	1700
1155	1700
1155	1699
1151	1699
1151	1698
1150	1698
1150	1697
1143	1697
1143	1698
1142	1698
1142	1697
1140	1697
1140	1698
1139	1698
1139	1699
1138	1699
1138	1706
1139	1706
1139	1713
1140	1713
1140	1716
1141	1716
1141	1717
1142	1717
1142	1719
1143	1719
1143	1725
1144	1725
1144	1730
1145	1730
1145	1739
1146	1739
1146	1773
1145	1773
1145	1779
1144	1779
1144	1786
1143	1786
1143	1790
1142	1790
1142	1792
1141	1792
1141	1800
1140	1800
1140	1802
1139	1802
1139	1808
1138	1808
1138	1810
1137	1810
1137	1812
1136	1812
1136	1814
1135	1814
1135	1815
1133	1815
1133	1818
1132	1818
1132	1819
1128	1819
1128	1818
1127	1818
1127	1817
1126	1817
1126	1816
1125	1816
1125	1815
1124	1815
1124	1814
1121	1814
1121	1813
1119	1813
1119	1812
1118	1812
1118	1811
1116	1811
1116	1810
1114	1810
1114	1808
1112	1808
1112	1807
1109	1807
1109	1806
1108	1806
1108	1805
1107	1805
1107	1804
1106	1804
1106	1803
1104	1803
1104	1802
1103	1802
1103	1801
1102	1801
1102	1800
1100	1800
1100	1799
1097	1799
1097	1798
1096	1798
1096	1797
1086	1797
1086	1799
1085	1799
1085	1808
1086	1808
1086	1810
1087	1810
1087	1815
1088	1815
1088	1817
1089	1817
1089	1823
1090	1823
1090	1834
1089	1834
1089	1841
1088	1841
1088	1846
1087	1846
1087	1850
1086	1850
1086	1853
1085	1853
1085	1857
1084	1857
1084	1859
1083	1859
1083	1860
1084	1860
1084	1861
1083	1861
1083	1867
1082	1867
1082	1868
1081	1868
1081	1873
1080	1873
1080	1874
1079	1874
1079	1877
1078	1877
1078	1880
1076	1880
1076	1887
1075	1887
1075	1888
1074	1888
1074	1892
1073	1892
1073	1894
1072	1894
1072	1897
1071	1897
1071	1898
1070	1898
1070	1900
1069	1900
1069	1903
1068	1903
1068	1904
1067	1904
1067	1906
1066	1906
1066	1907
1065	1907
1065	1908
1064	1908
1064	1909
1062	1909
1062	1912
1060	1912
1060	1913
1059	1913
1059	1914
1056	1914
1056	1913
1055	1913
1055	1911
1054	1911
1054	1910
1055	1910
1055	1909
1053	1909
1053	1908
1052	1908
1052	1907
1051	1907
1051	1906
1050	1906
1050	1904
1048	1904
1048	1903
1047	1903
1047	1902
1046	1902
1046	1901
1044	1901
1044	1900
1043	1900
1043	1899
1041	1899
1041	1898
1039	1898
1039	1897
1030	1897
1030	1898
1029	1898
1029	1900
1028	1900
1028	1918
1027	1918
1027	1923
1026	1923
1026	1932
1025	1932
1025	1936
1024	1936
1024	1939
1023	1939
1023	1941
1022	1941
1022	1945
1021	1945
1021	1948
1020	1948
1020	1951
1019	1951
1019	1954
1018	1954
1018	1956
1017	1956
1017	1958
1016	1958
1016	1961
1015	1961
1015	1962
1014	1962
1014	1964
1013	1964
1013	1966
1012	1966
1012	1967
1011	1967
1011	1968
1012	1968
1012	1969
1011	1969
1011	1970
1010	1970
1010	1973
1009	1973
1009	1975
1008	1975
1008	1977
1007	1977
1007	1979
1006	1979
1006	1980
1005	1980
1005	1981
1004	1981
1004	1985
1003	1985
1003	1986
1002	1986
1002	1988
1001	1988
1001	1989
1000	1989
1000	1991
987	1991
987	1992
986	1992
986	1994
985	1994
985	1999
984	1999
984	2003
983	2003
983	2007
982	2007
982	2009
981	2009
981	2013
980	2013
980	2014
979	2014
979	2018
978	2018
978	2019
977	2019
977	2021
976	2021
976	2022
975	2022
975	2024
974	2024
974	2025
973	2025
973	2028
972	2028
972	2031
971	2031
971	2034
969	2034
969	2035
968	2035
968	2036
967	2036
967	2037
966	2037
966	2038
965	2038
965	2040
964	2040
964	2042
963	2042
963	2044
962	2044
962	2046
961	2046
961	2049
960	2049
960	2050
959	2050
959	2052
958	2052
958	2053
957	2053
957	2056
956	2056
956	2057
955	2057
955	2058
954	2058
954	2059
953	2059
953	2061
952	2061
952	2063
951	2063
951	2064
949	2064
949	2065
948	2065
948	2066
947	2066
947	2067
946	2067
946	2069
945	2069
945	2070
944	2070
944	2071
942	2071
942	2072
943	2072
943	2078
942	2078
942	2079
936	2079
936	2080
933	2080
933	2081
931	2081
931	2082
932	2082
932	2083
930	2083
930	2081
929	2081
929	2080
928	2080
928	2071
927	2071
927	2060
926	2060
926	2049
925	2049
925	2048
926	2048
926	2045
925	2045
925	2039
924	2039
924	2035
925	2035
925	2032
926	2032
926	2015
927	2015
927	2008
928	2008
928	2003
929	2003
929	1996
930	1996
930	1986
931	1986
931	1958
932	1958
932	1953
933	1953
933	1946
934	1946
934	1944
935	1944
935	1938
936	1938
936	1936
937	1936
937	1934
938	1934
938	1919
915	1919
915	1917
914	1917
914	1914
913	1914
913	1909
914	1909
914	1895
915	1895
915	1860
914	1860
914	1836
915	1836
915	1829
916	1829
916	1825
917	1825
917	1821
918	1821
918	1817
919	1817
919	1816
920	1816
920	1810
921	1810
921	1809
922	1809
922	1806
923	1806
923	1803
924	1803
924	1801
925	1801
925	1799
926	1799
926	1800
927	1800
927	1786
916	1786
916	1787
915	1787
915	1788
913	1788
913	1789
911	1789
911	1790
907	1790
907	1791
906	1791
906	1792
904	1792
904	1793
902	1793
902	1794
900	1794
900	1795
899	1795
899	1796
897	1796
897	1797
894	1797
894	1798
891	1798
891	1799
890	1799
890	1800
888	1800
888	1801
887	1801
887	1802
886	1802
886	1803
885	1803
885	1804
884	1804
884	1803
883	1803
883	1802
881	1802
881	1800
880	1800
880	1799
879	1799
879	1797
878	1797
878	1795
877	1795
877	1793
876	1793
876	1787
875	1787
875	1782
874	1782
874	1767
875	1767
875	1758
876	1758
876	1754
877	1754
877	1746
878	1746
878	1742
879	1742
879	1738
880	1738
880	1735
881	1735
881	1730
882	1730
882	1723
883	1723
883	1722
884	1722
884	1718
885	1718
885	1714
886	1714
886	1711
887	1711
887	1709
888	1709
888	1706
889	1706
889	1704
890	1704
890	1702
891	1702
891	1701
892	1701
892	1698
893	1698
893	1696
895	1696
895	1694
896	1694
896	1692
897	1692
897	1681
896	1681
896	1680
887	1680
887	1681
883	1681
883	1682
881	1682
881	1683
877	1683
877	1684
875	1684
875	1683
874	1683
874	1684
868	1684
868	1686
867	1686
867	1687
865	1687
865	1688
862	1688
862	1689
860	1689
860	1690
859	1690
859	1691
857	1691
857	1692
855	1692
855	1693
853	1693
853	1694
852	1694
852	1695
851	1695
851	1696
849	1696
849	1697
847	1697
847	1695
845	1695
845	1693
844	1693
844	1692
843	1692
843	1688
842	1688
842	1685
841	1685
841	1677
840	1677
840	1674
839	1674
839	1673
840	1673
840	1672
839	1672
839	1669
840	1669
840	1662
841	1662
841	1661
840	1661
840	1659
841	1659
841	1645
842	1645
842	1642
843	1642
843	1637
844	1637
844	1635
845	1635
845	1623
846	1623
846	1624
847	1624
847	1622
848	1622
848	1617
849	1617
849	1614
850	1614
850	1611
851	1611
851	1608
852	1608
852	1604
853	1604
853	1602
854	1602
854	1601
855	1601
855	1596
856	1596
856	1595
857	1595
857	1593
858	1593
858	1591
859	1591
859	1590
860	1590
860	1589
861	1589
861	1586
863	1586
863	1585
864	1585
864	1583
865	1583
865	1582
866	1582
866	1579
869	1579
869	1576
870	1576
870	1565
856	1565
856	1566
852	1566
852	1567
848	1567
848	1568
845	1568
845	1569
841	1569
841	1570
838	1570
838	1571
834	1571
834	1572
832	1572
832	1573
826	1573
826	1574
824	1574
824	1575
823	1575
823	1576
821	1576
821	1575
820	1575
820	1573
819	1573
819	1569
818	1569
818	1565
817	1565
817	1564
816	1564
816	1536
817	1536
817	1532
818	1532
818	1528
819	1528
819	1523
820	1523
820	1521
821	1521
821	1518
822	1518
822	1514
823	1514
823	1511
824	1511
824	1507
825	1507
825	1506
826	1506
826	1502
827	1502
827	1499
828	1499
828	1495
829	1495
829	1494
830	1494
830	1490
831	1490
831	1487
832	1487
832	1486
833	1486
833	1482
834	1482
834	1479
835	1479
835	1477
836	1477
836	1475
837	1475
837	1469
838	1469
838	1468
839	1468
839	1465
840	1465
840	1463
841	1463
841	1461
842	1461
842	1460
843	1460
843	1456
844	1456
844	1454
846	1454
846	1453
845	1453
845	1451
846	1451
846	1450
847	1450
847	1449
848	1449
848	1446
849	1446
849	1445
850	1445
850	1444
851	1444
851	1442
852	1442
852	1440
853	1440
853	1439
855	1439
855	1437
856	1437
856	1436
857	1436
857	1434
858	1434
858	1433
860	1433
860	1432
861	1432
861	1431
863	1431
863	1429
864	1429
864	1428
869	1428
869	1416
852	1416
852	1417
849	1417
849	1418
843	1418
843	1419
839	1419
839	1420
834	1420
834	1421
832	1421
832	1422
821	1422
821	1423
817	1423
817	1424
812	1424
812	1425
808	1425
808	1426
806	1426
806	1427
804	1427
804	1426
802	1426
802	1425
801	1425
801	1419
800	1419
800	1414
801	1414
801	1405
802	1405
802	1400
803	1400
803	1399
804	1399
804	1396
805	1396
805	1392
806	1392
806	1389
807	1389
807	1387
808	1387
808	1385
809	1385
809	1383
810	1383
810	1381
811	1381
811	1379
812	1379
812	1375
813	1375
813	1372
814	1372
814	1369
815	1369
815	1367
816	1367
816	1366
817	1366
817	1363
818	1363
818	1362
819	1362
819	1357
820	1357
820	1356
821	1356
821	1355
822	1355
822	1352
823	1352
823	1349
824	1349
824	1344
825	1344
825	1343
826	1343
826	1342
827	1342
827	1340
828	1340
828	1338
829	1338
829	1335
830	1335
830	1332
831	1332
831	1331
832	1331
832	1330
833	1330
833	1329
834	1329
834	1325
835	1325
835	1324
836	1324
836	1322
837	1322
837	1320
839	1320
839	1319
840	1319
840	1318
841	1318
841	1315
842	1315
842	1314
843	1314
843	1312
844	1312
844	1311
845	1311
845	1310
846	1310
846	1309
848	1309
848	1305
850	1305
850	1303
852	1303
852	1292
839	1292
839	1293
838	1293
838	1294
832	1294
832	1295
827	1295
827	1296
825	1296
825	1297
821	1297
821	1298
820	1298
820	1299
817	1299
817	1300
814	1300
814	1301
812	1301
812	1302
809	1302
809	1303
808	1303
808	1304
807	1304
807	1303
806	1303
806	1304
805	1304
805	1303
804	1303
804	1302
803	1302
803	1298
802	1298
802	1293
801	1293
801	1285
802	1285
802	1278
803	1278
803	1272
804	1272
804	1269
805	1269
805	1262
807	1262
807	1257
808	1257
808	1255
809	1255
809	1252
810	1252
810	1251
811	1251
811	1247
812	1247
812	1244
814	1244
814	1242
815	1242
815	1240
816	1240
816	1238
817	1238
817	1237
818	1237
818	1235
819	1235
819	1234
820	1234
820	1231
821	1231
821	1230
822	1230
822	1229
823	1229
823	1228
824	1228
824	1226
826	1226
826	1220
828	1220
828	1219
830	1219
830	1216
831	1216
831	1215
832	1215
832	1214
833	1214
833	1213
834	1213
834	1212
835	1212
835	1210
836	1210
836	1208
837	1208
837	1207
838	1207
838	1206
839	1206
839	1205
840	1205
840	1194
828	1194
828	1195
824	1195
824	1196
821	1196
821	1197
819	1197
819	1198
815	1198
815	1199
812	1199
812	1200
811	1200
811	1199
810	1199
810	1198
809	1198
809	1193
808	1193
808	1184
807	1184
807	1172
808	1172
808	1169
809	1169
809	1164
810	1164
810	1159
811	1159
811	1157
812	1157
812	1155
813	1155
813	1154
814	1154
814	1150
815	1150
815	1148
816	1148
816	1145
817	1145
817	1143
818	1143
818	1140
819	1140
819	1137
820	1137
820	1135
821	1135
821	1133
822	1133
822	1129
823	1129
823	1127
824	1127
824	1125
826	1125
826	1122
827	1122
827	1121
826	1121
826	1119
827	1119
827	1118
829	1118
829	1113
830	1113
830	1112
831	1112
831	1111
832	1111
832	1110
833	1110
833	1108
834	1108
834	1104
836	1104
836	1101
837	1101
837	1100
838	1100
838	1099
839	1099
839	1097
840	1097
840	1096
842	1096
842	1094
843	1094
843	1092
845	1092
845	1090
846	1090
846	1089
847	1089
847	1088
848	1088
848	1087
849	1087
849	1086
850	1086
850	1085
851	1085
851	1083
852	1083
852	1082
855	1082
855	1071
854	1071
854	1070
837	1070
837	1071
830	1071
830	1072
826	1072
826	1073
817	1073
817	1074
814	1074
814	1075
811	1075
811	1076
807	1076
807	1074
806	1074
806	1070
805	1070
805	1061
806	1061
806	1060
807	1060
807	1054
808	1054
808	1052
809	1052
809	1048
810	1048
810	1046
811	1046
811	1044
812	1044
812	1040
814	1040
814	1036
815	1036
815	1034
816	1034
816	1031
817	1031
817	1030
818	1030
818	1028
819	1028
819	1026
820	1026
820	1024
821	1024
821	1022
822	1022
822	1021
823	1021
823	1019
824	1019
824	1017
826	1017
826	1016
827	1016
827	1015
826	1015
826	1014
827	1014
827	1012
830	1012
830	1011
831	1011
831	1010
833	1010
833	1009
834	1009
834	1008
833	1008
833	1006
834	1006
834	1003
836	1003
836	1001
837	1001
837	999
839	999
839	998
840	998
840	996
841	996
841	994
842	994
842	993
843	993
843	992
844	992
844	991
845	991
845	989
846	989
846	988
847	988
847	987
848	987
848	982
849	982
849	981
850	981
850	980
851	980
851	979
852	979
852	978
853	978
853	975
854	975
854	974
855	974
855	973
856	973
856	972
857	972
857	971
858	971
858	970
859	970
859	968
860	968
860	967
862	967
862	965
863	965
863	964
862	964
862	963
863	963
863	960
862	960
862	959
863	959
863	956
862	956
862	955
847	955
847	956
843	956
843	957
835	957
835	958
831	958
831	959
829	959
829	960
826	960
826	958
825	958
825	957
824	957
824	952
825	952
825	946
826	946
826	942
827	942
827	937
828	937
828	926
827	926
827	925
822	925
822	924
820	924
820	922
819	922
819	920
818	920
818	919
817	919
817	918
816	918
816	916
815	916
815	915
814	915
814	914
813	914
813	913
812	913
812	911
811	911
811	909
810	909
810	908
809	908
809	907
807	907
807	904
806	904
806	905
795	905
795	930
794	930
794	935
793	935
793	936
794	936
794	939
793	939
793	941
792	941
792	950
791	950
791	951
790	951
790	954
791	954
791	955
790	955
790	957
789	957
789	958
788	958
788	965
787	965
787	968
786	968
786	972
785	972
785	975
784	975
784	982
782	982
782	987
781	987
781	994
780	994
780	997
779	997
779	998
778	998
778	1002
777	1002
777	1006
776	1006
776	1009
775	1009
775	1012
774	1012
774	1015
773	1015
773	1017
772	1017
772	1018
771	1018
771	1019
770	1019
770	1021
768	1021
768	1022
769	1022
769	1023
767	1023
767	1026
766	1026
766	1027
765	1027
765	1029
764	1029
764	1030
760	1030
760	1034
759	1034
759	1035
758	1035
758	1036
756	1036
756	1037
751	1037
751	1036
750	1036
750	1034
749	1034
749	1033
748	1033
748	1030
747	1030
747	1029
745	1029
745	1027
744	1027
744	1026
743	1026
743	1025
742	1025
742	1023
741	1023
741	1022
740	1022
740	1021
739	1021
739	1020
738	1020
738	1019
736	1019
736	1018
735	1018
735	1017
724	1017
724	1018
723	1018
723	1034
724	1034
724	1040
723	1040
723	1054
722	1054
722	1060
721	1060
721	1065
720	1065
720	1073
719	1073
719	1075
718	1075
718	1077
717	1077
717	1080
716	1080
716	1084
715	1084
715	1086
714	1086
714	1090
713	1090
713	1094
712	1094
712	1096
711	1096
711	1101
710	1101
710	1103
709	1103
709	1107
708	1107
708	1110
707	1110
707	1111
706	1111
706	1123
702	1123
702	1124
701	1124
701	1125
699	1125
699	1126
698	1126
698	1127
697	1127
697	1128
696	1128
696	1129
695	1129
695	1130
692	1130
692	1131
690	1131
690	1130
688	1130
688	1127
687	1127
687	1126
685	1126
685	1125
684	1125
684	1124
683	1124
683	1123
682	1123
682	1122
680	1122
680	1121
679	1121
679	1120
678	1120
678	1119
677	1119
677	1117
675	1117
675	1116
674	1116
674	1115
673	1115
673	1114
672	1114
672	1112
669	1112
669	1111
668	1111
668	1110
667	1110
667	1109
666	1109
666	1108
664	1108
664	1107
663	1107
663	1105
661	1105
661	1104
660	1104
660	1103
650	1103
650	1104
649	1104
649	1137
648	1137
648	1140
647	1140
647	1146
646	1146
646	1148
645	1148
645	1150
644	1150
644	1155
643	1155
643	1159
642	1159
642	1163
641	1163
641	1165
640	1165
640	1173
639	1173
639	1176
638	1176
638	1177
637	1177
637	1181
636	1181
636	1187
635	1187
635	1189
634	1189
634	1191
633	1191
633	1197
632	1197
632	1200
631	1200
631	1201
630	1201
630	1203
629	1203
629	1206
628	1206
628	1207
627	1207
627	1208
626	1208
626	1210
625	1210
625	1211
624	1211
624	1212
623	1212
623	1213
622	1213
622	1214
621	1214
621	1216
620	1216
620	1217
615	1217
615	1216
614	1216
614	1215
613	1215
613	1214
612	1214
612	1213
611	1213
611	1212
610	1212
610	1210
608	1210
608	1209
607	1209
607	1208
605	1208
605	1207
604	1207
604	1206
603	1206
603	1203
600	1203
600	1202
599	1202
599	1201
597	1201
597	1199
596	1199
596	1198
595	1198
595	1197
594	1197
594	1196
592	1196
592	1195
591	1195
591	1194
590	1194
590	1193
589	1193
589	1192
587	1192
587	1191
586	1191
586	1190
585	1190
585	1188
573	1188
573	1194
572	1194
572	1196
573	1196
573	1205
572	1205
572	1224
571	1224
571	1236
569	1236
569	1237
570	1237
570	1239
569	1239
569	1244
568	1244
568	1245
569	1245
569	1247
568	1247
568	1249
567	1249
567	1252
566	1252
566	1254
565	1254
565	1256
564	1256
564	1259
563	1259
563	1265
562	1265
562	1268
561	1268
561	1272
560	1272
560	1274
559	1274
559	1275
558	1275
558	1281
557	1281
557	1283
556	1283
556	1284
555	1284
555	1286
554	1286
554	1288
553	1288
553	1289
552	1289
552	1288
551	1288
551	1289
550	1289
550	1290
551	1290
551	1291
550	1291
550	1292
549	1292
549	1293
548	1293
548	1295
547	1295
547	1296
540	1296
540	1295
539	1295
539	1294
538	1294
538	1293
536	1293
536	1292
535	1292
535	1291
533	1291
533	1289
531	1289
531	1288
529	1288
529	1287
528	1287
528	1286
527	1286
527	1285
525	1285
525	1284
523	1284
523	1282
521	1282
521	1281
518	1281
518	1280
517	1280
517	1279
515	1279
515	1278
514	1278
514	1277
513	1277
513	1276
511	1276
511	1274
499	1274
499	1275
498	1275
498	1290
497	1290
497	1295
496	1295
496	1300
495	1300
495	1303
494	1303
494	1305
493	1305
493	1311
492	1311
492	1318
491	1318
491	1320
490	1320
490	1322
489	1322
489	1327
488	1327
488	1328
487	1328
487	1330
486	1330
486	1332
485	1332
485	1336
484	1336
484	1338
482	1338
482	1342
481	1342
481	1344
480	1344
480	1346
479	1346
479	1348
478	1348
478	1351
477	1351
477	1354
476	1354
476	1355
475	1355
475	1357
474	1357
474	1359
473	1359
473	1361
472	1361
472	1362
471	1362
471	1364
470	1364
470	1366
469	1366
469	1368
468	1368
468	1370
467	1370
467	1373
465	1373
465	1374
464	1374
464	1376
463	1376
463	1377
462	1377
462	1380
461	1380
461	1381
459	1381
459	1382
458	1382
458	1383
457	1383
457	1384
456	1384
456	1385
453	1385
453	1386
452	1386
452	1383
451	1383
451	1382
449	1382
449	1381
448	1381
448	1379
446	1379
446	1378
445	1378
445	1376
444	1376
444	1375
443	1375
443	1374
441	1374
441	1373
439	1373
439	1372
438	1372
438	1370
437	1370
437	1369
436	1369
436	1368
435	1368
435	1367
434	1367
434	1366
432	1366
432	1365
431	1365
431	1364
430	1364
430	1362
429	1362
429	1361
427	1361
427	1360
426	1360
426	1359
425	1359
425	1358
421	1358
421	1359
417	1359
417	1358
415	1358
415	1359
414	1359
414	1374
413	1374
413	1377
412	1377
412	1384
411	1384
411	1388
410	1388
410	1390
409	1390
409	1392
408	1392
408	1397
407	1397
407	1398
406	1398
406	1399
405	1399
405	1403
404	1403
404	1404
403	1404
403	1406
402	1406
402	1408
401	1408
401	1410
400	1410
400	1411
399	1411
399	1414
398	1414
398	1415
396	1415
396	1418
395	1418
395	1419
393	1419
393	1421
392	1421
392	1422
391	1422
391	1424
389	1424
389	1425
388	1425
388	1427
387	1427
387	1428
386	1428
386	1429
385	1429
385	1431
384	1431
384	1432
383	1432
383	1433
382	1433
382	1434
381	1434
381	1436
380	1436
380	1437
379	1437
379	1438
378	1438
378	1441
376	1441
376	1442
374	1442
374	1443
373	1443
373	1444
372	1444
372	1445
371	1445
371	1446
370	1446
370	1447
369	1447
369	1448
368	1448
368	1449
366	1449
366	1450
365	1450
365	1452
362	1452
362	1453
361	1453
361	1454
360	1454
360	1455
357	1455
357	1456
356	1456
356	1457
353	1457
353	1458
347	1458
347	1457
346	1457
346	1454
345	1454
345	1453
344	1453
344	1451
343	1451
343	1450
344	1450
344	1449
343	1449
343	1448
341	1448
341	1447
340	1447
340	1446
339	1446
339	1444
338	1444
338	1443
337	1443
337	1442
336	1442
336	1441
335	1441
335	1439
334	1439
334	1438
333	1438
333	1437
332	1437
332	1435
320	1435
320	1440
319	1440
319	1445
318	1445
318	1447
317	1447
317	1448
316	1448
316	1454
315	1454
315	1456
314	1456
314	1457
313	1457
313	1459
312	1459
312	1460
311	1460
311	1462
310	1462
310	1464
309	1464
309	1465
308	1465
308	1467
307	1467
307	1466
306	1466
306	1470
305	1470
305	1471
304	1471
304	1473
303	1473
303	1474
302	1474
302	1475
301	1475
301	1476
300	1476
300	1477
298	1477
298	1478
297	1478
297	1480
296	1480
296	1481
295	1481
295	1482
294	1482
294	1483
292	1483
292	1485
291	1485
291	1487
290	1487
290	1488
289	1488
289	1489
287	1489
287	1490
286	1490
286	1491
285	1491
285	1492
284	1492
284	1493
283	1493
283	1494
282	1494
282	1495
281	1495
281	1496
279	1496
279	1498
277	1498
277	1499
276	1499
276	1500
275	1500
275	1501
274	1501
274	1502
273	1502
273	1503
272	1503
272	1504
271	1504
271	1505
268	1505
268	1507
266	1507
266	1509
265	1509
265	1510
262	1510
262	1512
261	1512
261	1513
260	1513
260	1514
257	1514
257	1516
256	1516
256	1517
253	1517
253	1518
252	1518
252	1519
249	1519
249	1520
248	1520
248	1522
247	1522
247	1523
246	1523
246	1524
244	1524
244	1525
242	1525
242	1526
238	1526
238	1525
237	1525
237	1524
236	1524
236	1523
235	1523
235	1522
229	1522
229	1523
228	1523
228	1522
225	1522
225	1523
224	1523
224	1524
223	1524
223	1525
222	1525
222	1526
221	1526
221	1527
220	1527
220	1528
219	1528
219	1530
218	1530
218	1532
217	1532
217	1533
215	1533
215	1534
213	1534
213	1535
212	1535
212	1537
211	1537
211	1538
212	1538
212	1539
210	1539
210	1541
209	1541
209	1543
207	1543
207	1544
206	1544
206	1545
205	1545
205	1546
204	1546
204	1547
203	1547
203	1548
201	1548
201	1549
200	1549
200	1548
199	1548
199	1549
197	1549
197	1551
196	1551
196	1552
195	1552
195	1553
194	1553
194	1554
192	1554
192	1555
189	1555
189	1556
188	1556
188	1557
187	1557
187	1558
186	1558
186	1557
185	1557
185	1558
184	1558
184	1559
183	1559
183	1561
180	1561
180	1562
178	1562
178	1563
177	1563
177	1564
176	1564
176	1565
174	1565
174	1566
172	1566
172	1567
171	1567
171	1568
169	1568
169	1569
168	1569
168	1570
167	1570
167	1572
166	1572
166	1573
165	1573
165	1574
164	1574
164	1575
162	1575
162	1576
160	1576
160	1577
158	1577
158	1579
156	1579
156	1580
153	1580
153	1581
151	1581
151	1582
150	1582
150	1583
148	1583
148	1584
147	1584
147	1585
145	1585
145	1586
143	1586
143	1587
142	1587
142	1588
140	1588
140	1589
139	1589
139	1590
138	1590
138	1589
134	1589
134	1588
133	1588
133	1586
132	1586
132	1582
131	1582
131	1558
135	1558
135	1557
136	1557
136	1555
138	1555
138	1551
139	1551
139	1548
140	1548
140	1547
141	1547
141	1544
142	1544
142	1542
143	1542
143	1538
144	1538
144	1534
146	1534
146	1532
147	1532
147	1531
148	1531
148	1528
149	1528
149	1526
150	1526
150	1523
151	1523
151	1520
152	1520
152	1514
154	1514
154	1512
155	1512
155	1507
156	1507
156	1506
157	1506
157	1504
156	1504
156	1503
157	1503
157	1502
158	1502
158	1501
159	1501
159	1500
160	1500
160	1498
161	1498
161	1497
162	1497
162	1494
163	1494
163	1492
164	1492
164	1491
165	1491
165	1490
166	1490
166	1488
167	1488
167	1485
168	1485
168	1482
169	1482
169	1480
170	1480
170	1478
171	1478
171	1472
172	1472
172	1471
173	1471
173	1469
174	1469
174	1466
175	1466
175	1464
176	1464
176	1460
177	1460
177	1458
178	1458
178	1453
179	1453
179	1448
180	1448
180	1446
181	1446
181	1436
182	1436
182	1435
184	1435
184	1432
185	1432
185	1430
186	1430
186	1429
185	1429
185	1424
186	1424
186	1423
187	1423
187	1421
188	1421
188	1416
189	1416
189	1413
190	1413
190	1411
191	1411
191	1408
192	1408
192	1407
193	1407
193	1401
194	1401
194	1399
195	1399
195	1397
196	1397
196	1396
197	1396
197	1395
198	1395
198	1392
199	1392
199	1391
200	1391
200	1387
203	1387
203	1385
204	1385
204	1384
205	1384
205	1382
206	1382
206	1381
207	1381
207	1380
208	1380
208	1379
209	1379
209	1378
210	1378
210	1377
211	1377
211	1376
214	1376
214	1373
215	1373
215	1372
216	1372
216	1371
217	1371
217	1370
220	1370
220	1369
221	1369
221	1368
223	1368
223	1356
203	1356
203	1355
188	1355
188	1356
185	1356
185	1354
181	1354
181	1344
182	1344
182	1341
183	1341
183	1338
184	1338
184	1335
185	1335
185	1331
186	1331
186	1329
187	1329
187	1327
189	1327
189	1322
190	1322
190	1320
191	1320
191	1319
192	1319
192	1316
193	1316
193	1314
194	1314
194	1310
195	1310
195	1309
196	1309
196	1307
197	1307
197	1306
198	1306
198	1305
199	1305
199	1303
200	1303
200	1301
201	1301
201	1299
202	1299
202	1298
203	1298
203	1297
204	1297
204	1295
205	1295
205	1291
207	1291
207	1290
208	1290
208	1288
210	1288
210	1286
211	1286
211	1285
212	1285
212	1284
213	1284
213	1283
214	1283
214	1281
216	1281
216	1278
217	1278
217	1277
219	1277
219	1276
221	1276
221	1274
222	1274
222	1273
223	1273
223	1272
225	1272
225	1270
227	1270
227	1269
228	1269
228	1267
229	1267
229	1266
230	1266
230	1265
231	1265
231	1264
234	1264
234	1263
235	1263
235	1261
236	1261
236	1260
240	1260
240	1259
242	1259
242	1258
243	1258
243	1257
245	1257
245	1256
247	1256
247	1255
248	1255
248	1244
242	1244
242	1243
228	1243
228	1242
221	1242
221	1241
214	1241
214	1239
206	1239
206	1238
202	1238
202	1232
201	1232
201	1229
202	1229
202	1223
203	1223
203	1221
204	1221
204	1219
206	1219
206	1217
207	1217
207	1212
208	1212
208	1211
209	1211
209	1208
210	1208
210	1207
211	1207
211	1205
212	1205
212	1204
213	1204
213	1203
214	1203
214	1200
215	1200
215	1197
216	1197
216	1195
217	1195
217	1194
218	1194
218	1190
221	1190
221	1188
222	1188
222	1187
223	1187
223	1186
224	1186
224	1184
225	1184
225	1183
226	1183
226	1181
227	1181
227	1180
228	1180
228	1178
229	1178
229	1175
231	1175
231	1173
233	1173
233	1172
235	1172
235	1171
236	1171
236	1168
237	1168
237	1166
239	1166
239	1164
240	1164
240	1163
241	1163
241	1162
242	1162
242	1160
243	1160
243	1159
244	1159
244	1157
245	1157
245	1156
246	1156
246	1155
247	1155
247	1154
249	1154
249	1153
250	1153
250	1150
251	1150
251	1149
252	1149
252	1147
256	1147
256	1146
257	1146
257	1143
258	1143
258	1140
261	1140
261	1141
262	1141
262	1139
264	1139
264	1138
265	1138
265	1136
268	1136
268	1134
269	1134
269	1133
271	1133
271	1132
273	1132
273	1131
275	1131
275	1130
276	1130
276	1129
277	1129
277	1128
278	1128
278	1127
282	1127
282	1126
284	1126
284	1125
287	1125
287	1124
289	1124
289	1123
293	1123
293	1122
294	1122
294	1112
295	1112
295	1111
294	1111
294	1110
293	1110
293	1109
287	1109
287	1108
285	1108
285	1107
280	1107
280	1106
278	1106
278	1105
271	1105
271	1104
266	1104
266	1103
261	1103
261	1102
260	1102
260	1101
253	1101
253	1100
243	1100
243	1090
244	1090
244	1088
245	1088
245	1084
246	1084
246	1083
247	1083
247	1079
248	1079
248	1077
249	1077
249	1075
250	1075
250	1074
251	1074
251	1072
252	1072
252	1071
253	1071
253	1069
254	1069
254	1067
257	1067
257	1063
258	1063
258	1062
259	1062
259	1060
260	1060
260	1058
261	1058
261	1057
262	1057
262	1056
263	1056
263	1055
264	1055
264	1054
265	1054
265	1053
267	1053
267	1051
268	1051
268	1050
269	1050
269	1049
270	1049
270	1047
271	1047
271	1046
273	1046
273	1045
274	1045
274	1043
276	1043
276	1042
278	1042
278	1041
279	1041
279	1039
281	1039
281	1038
282	1038
282	1037
283	1037
283	1036
285	1036
285	1035
286	1035
286	1034
287	1034
287	1033
289	1033
289	1032
290	1032
290	1031
293	1031
293	1029
294	1029
294	1028
295	1028
295	1027
297	1027
297	1026
299	1026
299	1025
301	1025
301	1022
302	1022
302	1021
306	1021
306	1020
307	1020
307	1019
308	1019
308	1018
309	1018
309	1017
311	1017
311	1018
312	1018
312	1017
314	1017
314	1016
315	1016
315	1015
316	1015
316	1014
322	1014
322	1011
326	1011
326	1010
327	1010
327	1011
328	1011
328	1010
336	1010
336	1008
343	1008
343	1007
345	1007
345	1006
348	1006
348	1005
347	1005
347	1004
348	1004
348	1003
347	1003
347	1001
348	1001
348	998
347	998
347	997
348	997
348	996
347	996
347	995
344	995
344	994
343	994
343	993
340	993
340	992
335	992
335	991
331	991
331	990
327	990
327	989
323	989
323	988
321	988
321	987
320	987
320	988
318	988
318	987
316	987
316	986
314	986
314	985
307	985
307	984
303	984
303	983
299	983
299	982
291	982
291	981
290	981
290	975
291	975
291	971
292	971
292	968
293	968
293	967
294	967
294	964
295	964
295	961
296	961
296	959
297	959
297	957
298	957
298	955
299	955
299	954
300	954
300	953
301	953
301	952
302	952
302	950
303	950
303	949
304	949
304	947
305	947
305	946
306	946
306	945
307	945
307	944
308	944
308	943
309	943
309	941
310	941
310	940
311	940
311	939
313	939
313	938
314	938
314	937
315	937
315	935
316	935
316	934
317	934
317	933
318	933
318	932
319	932
319	931
322	931
322	929
323	929
323	928
324	928
324	927
327	927
327	926
329	926
329	924
330	924
330	925
331	925
331	923
332	923
332	922
334	922
334	921
336	921
336	920
337	920
337	918
340	918
340	917
342	917
342	916
344	916
344	914
347	914
347	913
348	913
348	912
349	912
349	911
350	911
350	910
354	910
354	909
357	909
357	908
358	908
358	907
359	907
359	906
362	906
362	905
364	905
364	903
366	903
366	902
372	902
372	901
374	901
374	900
380	900
380	887
379	887
379	886
376	886
376	885
372	885
372	884
371	884
371	883
369	883
369	882
366	882
366	881
365	881
365	880
362	880
362	879
360	879
360	878
358	878
358	877
357	877
357	876
353	876
353	875
351	875
351	874
345	874
345	873
344	873
344	867
345	867
345	863
346	863
346	861
347	861
347	860
348	860
348	859
349	859
349	858
350	858
350	857
351	857
351	855
352	855
352	853
354	853
354	851
355	851
355	850
359	850
359	849
358	849
358	848
359	848
359	846
363	846
363	845
362	845
362	844
364	844
364	843
365	843
365	841
367	841
367	840
368	840
368	839
370	839
370	837
374	837
374	836
376	836
376	835
377	835
377	834
379	834
379	833
380	833
380	832
381	832
381	831
384	831
384	830
387	830
387	828
389	828
389	827
391	827
391	825
394	825
394	824
398	824
398	823
401	823
401	822
403	822
403	821
406	821
406	820
408	820
408	819
412	819
412	818
414	818
414	817
417	817
417	816
422	816
422	815
427	815
427	814
428	814
428	813
436	813
436	801
433	801
433	800
432	800
432	799
431	799
431	798
429	798
429	797
427	797
427	796
426	796
426	795
424	795
424	794
423	794
423	793
422	793
422	792
419	792
419	791
418	791
418	790
415	790
415	789
414	789
414	788
412	788
412	787
409	787
409	786
408	786
408	785
406	785
406	781
407	781
407	779
409	779
409	776
410	776
410	772
412	772
412	770
413	770
413	769
414	769
414	768
415	768
415	767
416	767
416	766
417	766
417	764
418	764
418	763
420	763
420	762
422	762
422	761
423	761
423	760
424	760
424	759
425	759
425	758
429	758
429	757
430	757
430	754
431	754
431	755
432	755
432	752
434	752
434	751
435	751
435	750
437	750
437	749
440	749
440	748
442	748
442	747
445	747
445	746
446	746
446	745
447	745
447	744
448	744
448	743
451	743
451	742
453	742
453	741
454	741
454	739
455	739
455	737
459	737
459	736
461	736
461	735
463	735
463	734
466	734
466	733
468	733
468	731
469	731
469	732
470	732
470	730
472	730
472	729
476	729
476	728
477	728
477	727
478	727
478	726
483	726
483	725
484	725
484	723
488	723
488	722
491	722
491	721
494	721
494	720
495	720
495	719
499	719
499	718
503	718
503	717
504	717
504	718
505	718
505	717
508	717
508	705
507	705
507	704
505	704
505	703
503	703
503	702
502	702
502	701
500	701
500	700
498	700
498	699
497	699
497	698
496	698
496	697
493	697
493	696
490	696
490	695
487	695
487	694
484	694
484	693
483	693
483	690
484	690
484	688
485	688
485	686
487	686
487	687
488	687
488	685
489	685
489	682
490	682
490	681
491	681
491	680
492	680
492	679
495	679
495	675
496	675
496	674
499	674
499	673
501	673
501	671
502	671
502	672
503	672
503	670
506	670
506	669
509	669
509	667
510	667
510	666
511	666
511	665
516	665
516	664
518	664
518	663
521	663
521	662
524	662
524	660
525	660
525	659
526	659
526	658
530	658
530	657
533	657
533	656
537	656
537	655
541	655
541	654
543	654
543	653
544	653
544	650
545	650
545	649
551	649
551	648
552	648
552	647
553	647
553	645
559	645
559	644
560	644
560	642
561	642
561	641
562	641
562	640
565	640
565	639
568	639
568	638
569	638
569	637
571	637
571	636
574	636
574	635
576	635
576	634
578	634
578	633
581	633
581	632
585	632
585	631
588	631
588	630
589	630
589	629
594	629
594	628
602	628
602	627
603	627
603	626
604	626
604	615
603	615
603	614
602	614
602	613
601	613
601	612
599	612
599	611
597	611
597	610
596	610
596	608
593	608
593	607
591	607
591	606
589	606
589	605
588	605
588	604
589	604
589	603
587	603
587	601
589	601
589	599
591	599
591	596
592	596
592	595
594	595
594	594
595	594
595	593
596	593
596	592
598	592
598	591
599	591
599	589
602	589
602	588
605	588
605	587
609	587
609	586
610	586
610	585
611	585
611	584
612	584
612	583
616	583
616	582
618	582
618	580
620	580
620	579
622	579
622	578
631	578
631	577
632	577
632	576
633	576
633	575
634	575
634	574
635	574
635	573
638	573
638	572
642	572
642	571
644	571
644	570
646	570
646	569
651	569
651	568
653	568
653	567
654	567
654	565
655	565
655	564
656	564
656	563
660	563
660	562
662	562
662	561
668	561
668	559
669	559
669	558
670	558
670	557
674	557
674	556
675	556
675	555
679	555
679	554
682	554
682	553
685	553
685	552
690	552
690	551
693	551
693	550
694	550
694	549
697	549
697	547
703	547
703	546
704	546
704	543
715	543
715	542
725	542
725	539
726	539
726	529
725	529
725	528
723	528
723	527
721	527
721	526
717	526
717	525
715	525
715	524
714	524
714	521
713	521
713	520
714	520
714	519
717	519
717	515
718	515
718	514
719	514
719	513
720	513
720	512
721	512
721	511
722	511
722	509
725	509
725	507
731	507
731	506
733	506
733	504
734	504
734	503
738	503
738	502
741	502
741	501
743	501
743	500
744	500
744	499
746	499
746	498
748	498
748	497
751	497
751	496
752	496
752	492
753	492
753	491
756	491
756	492
758	492
758	491
761	491
761	490
764	490
764	488
765	488
765	487
766	487
766	488
767	488
767	487
770	487
770	486
771	486
771	485
776	485
776	483
778	483
778	482
780	482
780	481
782	481
782	480
783	480
783	475
794	475
794	474
795	474
795	473
796	473
796	472
797	472
797	470
803	470
803	469
804	469
804	468
805	468
805	465
809	465
809	464
811	464
811	463
812	463
812	459
820	459
820	458
822	458
822	457
823	457
823	455
826	455
826	454
827	454
827	453
831	453
831	452
832	452
832	451
833	451
833	450
834	450
834	449
837	449
837	448
840	448
840	447
841	447
841	446
840	446
840	445
842	445
842	444
844	444
844	443
847	443
847	442
848	442
848	441
849	441
849	439
856	439
856	438
857	438
857	437
858	437
858	436
860	436
860	435
861	435
861	434
867	434
867	422
866	422
866	421
865	421
865	420
866	420
866	419
869	419
869	415
870	415
870	413
871	413
871	412
872	412
872	411
873	411
873	410
876	410
876	409
879	409
879	408
880	408
880	407
882	407
882	405
884	405
884	404
887	404
887	403
888	403
888	402
890	402
890	400
894	400
894	399
896	399
896	398
897	398
897	397
900	397
900	396
901	396
901	395
902	395
902	393
903	393
903	392
905	392
905	391
907	391
907	390
909	390
909	389
911	389
911	388
914	388
914	387
915	387
915	384
916	384
916	383
918	383
918	384
919	384
919	383
920	383
920	381
921	381
921	380
922	380
922	379
923	379
923	378
924	378
924	377
927	377
927	375
928	375
928	374
929	374
929	373
931	373
931	372
932	372
932	371
934	371
934	370
935	370
935	369
936	369
936	368
937	368
937	367
938	367
938	366
941	366
941	363
943	363
943	362
947	362
947	361
949	361
949	359
951	359
951	358
953	358
953	357
954	357
954	355
957	355
957	354
958	354
958	353
960	353
960	351
963	351
963	350
964	350
964	349
965	349
965	348
966	348
966	347
967	347
967	348
968	348
968	347
971	347
971	344
972	344
972	343
975	343
975	342
977	342
977	341
978	341
978	340
979	340
979	339
981	339
981	337
982	337
982	327
966	327
966	328
964	328
964	329
957	329
957	330
954	330
954	331
947	331
947	332
946	332
946	333
939	333
939	334
924	334
924	335
920	335
920	336
913	336
913	337
911	337
911	338
898	338
898	339
897	339
897	341
894	341
894	342
892	342
892	343
891	343
891	344
889	344
889	345
884	345
884	346
882	346
882	348
881	348
881	349
880	349
880	350
876	350
876	351
875	351
875	352
871	352
871	353
870	353
870	352
869	352
869	353
868	353
868	354
867	354
867	355
866	355
866	354
865	354
865	356
862	356
862	357
860	357
860	358
854	358
854	359
853	359
853	360
849	360
849	359
848	359
848	360
846	360
846	362
845	362
845	363
839	363
839	364
838	364
838	363
837	363
837	365
835	365
835	366
834	366
834	367
825	367
825	368
824	368
824	369
822	369
822	370
818	370
818	371
816	371
816	372
813	372
813	373
810	373
810	374
803	374
803	375
796	375
796	376
786	376
786	375
782	375
782	374
781	374
781	373
780	373
780	367
768	367
768	368
767	368
767	370
766	370
766	371
765	371
765	372
761	372
761	373
760	373
760	374
758	374
758	375
756	375
756	376
754	376
754	377
751	377
751	378
750	378
750	379
748	379
748	380
745	380
745	381
738	381
738	384
737	384
737	385
733	385
733	386
732	386
732	387
724	387
724	390
722	390
722	391
719	391
719	392
717	392
717	393
714	393
714	394
710	394
710	395
708	395
708	396
702	396
702	397
701	397
701	398
699	398
699	399
698	399
698	400
697	400
697	401
689	401
689	402
686	402
686	403
676	403
676	402
675	402
675	398
676	398
676	397
677	397
677	395
678	395
678	393
677	393
677	391
678	391
678	384
679	384
679	374
678	374
678	373
665	373
665	375
663	375
663	376
661	376
661	377
658	377
658	378
657	378
657	379
654	379
654	380
651	380
651	381
645	381
645	382
644	382
644	383
642	383
642	384
638	384
638	385
632	385
632	386
629	386
629	387
625	387
625	388
609	388
609	390
608	390
608	391
603	391
603	392
601	392
601	393
595	393
595	394
588	394
588	395
586	395
586	396
585	396
585	395
584	395
584	396
573	396
573	397
561	397
561	396
557	396
557	395
556	395
556	393
555	393
555	392
556	392
556	390
557	390
557	386
558	386
558	383
559	383
559	378
560	378
560	372
559	372
559	371
560	371
560	370
559	370
559	367
544	367
544	368
543	368
543	371
542	371
542	372
539	372
539	373
538	373
538	374
530	374
530	375
529	375
529	376
525	376
525	377
521	377
521	378
520	378
520	379
519	379
519	378
517	378
517	379
512	379
512	380
507	380
507	381
500	381
500	382
498	382
498	383
495	383
495	384
485	384
485	385
473	385
473	384
466	384
466	383
462	383
462	382
461	382
461	381
458	381
458	380
457	380
457	377
458	377
458	376
459	376
459	372
460	372
460	367
461	367
461	363
462	363
462	352
461	352
461	351
450	351
450	352
447	352
447	353
443	353
443	354
442	354
442	355
434	355
434	356
432	356
432	355
429	355
429	356
427	356
427	357
426	357
426	358
425	358
425	357
422	357
422	358
393	358
393	357
379	357
379	358
377	358
377	357
376	357
376	356
369	356
369	355
368	355
368	356
367	356
367	355
364	355
364	354
361	354
361	353
359	353
359	352
357	352
357	351
355	351
355	349
354	349
354	348
355	348
355	347
357	347
357	346
358	346
358	340
359	340
359	338
360	338
360	335
361	335
361	333
362	333
362	330
363	330
363	326
364	326
364	315
350	315
350	316
342	316
342	317
329	317
329	316
321	316
321	315
320	315
320	316
319	316
319	315
317	315
317	314
315	314
315	313
312	313
312	312
309	312
309	311
307	311
307	310
302	310
302	309
299	309
299	308
294	308
294	307
290	307
290	306
287	306
287	305
286	305
286	304
282	304
282	303
279	303
279	302
275	302
275	301
272	301
272	300
269	300
269	299
268	299
268	298
264	298
264	295
256	295
256	294
254	294
254	293
252	293
252	292
251	292
251	291
248	291
248	290
247	290
247	289
245	289
245	288
244	288
244	286
243	286
243	283
244	283
244	282
245	282
245	281
246	281
246	280
247	280
247	270
246	270
246	269
245	269
245	268
244	268
244	269
239	269
239	268
235	268
235	266
223	266
223	265
222	265
222	264
220	264
220	263
218	263
218	262
215	262
215	261
214	261
214	260
213	260
213	259
210	259
210	258
208	258
208	257
207	257
207	256
205	256
205	255
202	255
202	254
199	254
199	252
197	252
197	251
195	251
195	250
194	250
194	249
192	249
192	248
191	248
191	247
188	247
188	246
186	246
186	244
182	244
182	243
175	243
175	238
174	238
174	237
170	237
170	235
168	235
168	234
166	234
166	233
164	233
164	232
163	232
163	230
160	230
160	229
159	229
159	228
157	228
157	227
155	227
155	226
153	226
153	225
151	225
151	224
149	224
149	223
148	223
148	222
146	222
146	221
144	221
144	220
142	220
142	219
140	219
140	218
139	218
139	216
136	216
136	215
134	215
134	214
133	214
133	213
132	213
132	211
129	211
129	210
127	210
127	211
122	211
122	204
121	204
121	202
120	202
120	201
119	201
119	200
118	200
118	197
117	197
117	195
116	195
116	194
115	194
115	193
114	193
114	190
113	190
113	188
112	188
112	186
111	186
111	185
110	185
110	182
109	182
109	179
110	179
110	178
111	178
111	177
120	177
120	176
140	176
140	177
144	177
144	178
158	178
158	177
174	177
174	176
176	176
176	177
185	177
185	178
198	178
198	179
199	179
199	180
212	180
212	181
216	181
216	180
232	180
232	179
238	179
238	180
251	180
251	179
260	179
260	178
273	178
273	177
278	177
278	176
300	176
300	175
303	175
303	174
305	174
305	173
306	173
306	172
314	172
314	171
322	171
322	170
327	170
327	168
342	168
342	167
349	167
349	168
364	168
364	167
366	167
366	168
371	168
371	169
374	169
374	170
375	170
375	171
378	171
378	172
382	172
382	173
385	173
385	174
386	174
386	175
387	175
387	176
389	176
389	175
390	175
390	176
391	176
391	175
393	175
393	176
394	176
394	175
398	175
398	163
397	163
397	161
396	161
396	159
395	159
395	157
394	157
394	155
393	155
393	152
392	152
392	151
391	151
391	148
390	148
390	147
389	147
389	145
388	145
388	143
387	143
387	139
389	139
389	138
394	138
394	137
396	137
396	136
402	136
402	135
403	135
403	136
420	136
420	137
428	137
428	138
434	138
434	139
440	139
440	138
441	138
441	139
449	139
449	140
450	140
450	141
462	141
462	142
464	142
464	143
475	143
475	144
476	144
476	145
477	145
477	146
479	146
479	147
488	147
488	148
489	148
489	149
491	149
491	150
493	150
493	151
496	151
496	152
498	152
498	153
504	153
504	157
505	157
505	158
517	158
517	157
518	157
518	147
517	147
517	144
516	144
516	143
515	143
515	140
514	140
514	138
513	138
513	135
512	135
512	131
511	131
511	129
510	129
510	128
509	128
509	126
508	126
508	124
507	124
507	121
506	121
506	120
505	120
505	119
504	119
504	117
505	117
505	115
520	115
520	114
531	114
531	115
532	115
532	114
534	114
534	115
541	115
541	116
542	116
542	117
549	117
549	118
554	118
554	119
559	119
559	120
566	120
566	121
568	121
568	122
569	122
569	123
571	123
571	124
577	124
577	125
580	125
580	126
581	126
581	125
582	125
582	126
583	126
583	127
584	127
584	128
586	128
586	129
597	129
597	133
600	133
600	134
604	134
604	135
609	135
609	136
612	136
612	137
614	137
614	138
616	138
616	139
620	139
620	140
622	140
622	142
624	142
624	143
625	143
625	144
626	144
626	145
627	145
627	146
629	146
629	147
634	147
634	148
636	148
636	149
640	149
640	151
641	151
641	153
653	153
653	152
654	152
654	140
653	140
653	137
652	137
652	136
651	136
651	131
650	131
650	129
649	129
649	123
648	123
648	115
647	115
647	111
646	111
646	110
647	110
647	109
646	109
646	106
648	106
648	109
656	109
656	111
657	111
657	112
658	112
658	113
678	113
678	114
680	114
680	116
681	116
681	117
684	117
684	119
687	119
687	120
688	120
688	121
690	121
690	122
694	122
694	123
696	123
696	124
700	124
700	125
702	125
702	126
707	126
707	127
709	127
709	128
710	128
710	129
712	129
712	130
713	130
713	131
721	131
721	133
722	133
722	134
723	134
723	137
728	137
728	138
730	138
730	139
733	139
733	138
734	138
734	139
737	139
737	141
741	141
741	142
742	142
742	143
748	143
748	146
758	146
758	147
759	147
759	149
760	149
760	150
762	150
762	151
764	151
764	152
768	152
768	153
770	153
770	154
776	154
776	155
777	155
777	158
778	158
778	159
779	159
779	160
783	160
783	161
785	161
785	162
788	162
788	165
789	165
789	167
801	167
801	154
800	154
800	152
799	152
799	141
798	141
798	140
791	140
791	134
792	134
792	120
795	120
795	121
796	121
796	122
798	122
798	123
802	123
802	124
803	124
803	126
808	126
808	127
809	127
809	128
810	128
810	129
811	129
811	130
815	130
815	132
816	132
816	133
817	133
817	135
822	135
822	138
823	138
823	139
824	139
824	140
832	140
832	141
834	141
834	143
835	143
835	144
836	144
836	145
846	145
846	152
848	152
848	153
857	153
857	154
856	154
856	156
857	156
857	157
861	157
861	158
863	158
863	159
867	159
867	162
870	162
870	163
871	163
871	162
872	162
872	163
875	163
875	169
877	169
877	170
878	170
878	171
882	171
882	174
891	174
891	175
893	175
893	179
897	179
897	180
898	180
898	179
900	179
900	180
901	180
901	181
902	181
902	183
904	183
904	184
909	184
909	185
911	185
911	184
912	184
912	185
913	185
913	184
914	184
914	189
915	189
915	190
918	190
918	191
931	191
931	196
932	196
932	197
941	197
941	200
942	200
942	203
943	203
943	205
945	205
945	206
948	206
948	207
949	207
949	210
950	210
950	211
956	211
956	210
957	210
957	211
958	211
958	212
959	212
959	213
960	213
960	212
961	212
961	215
962	215
962	216
968	216
968	217
981	217
981	216
983	216
983	217
987	217
987	218
993	218
993	219
994	219
994	220
995	220
995	219
996	219
996	220
997	220
997	221
998	221
998	223
999	223
999	224
1004	224
1004	226
1005	226
1005	227
1008	227
1008	228
1009	228
1009	229
1010	229
1010	230
1011	230
1011	231
1012	231
1012	232
1015	232
1015	233
1016	233
1016	234
1018	234
1018	235
1019	235
1019	239
1025	239
1025	240
1026	240
1026	242
1027	242
1027	243
1028	243
1028	245
1029	245
1029	246
1033	246
1033	248
1034	248
1034	250
1035	250
1035	251
1036	251
1036	252
1037	252
1037	254
1040	254
1040	257
1041	257
1041	260
1042	260
1042	259
1043	259
1043	261
1044	261
1044	262
1045	262
1045	266
1046	266
1046	267
1048	267
1048	271
1049	271
1049	272
1050	272
1050	275
1051	275
1051	277
1052	277
1052	281
1054	281
1054	282
1055	282
1055	283
1067	283
1067	282
1069	282
1069	281
1070	281
1070	280
1073	280
1073	279
1075	279
1075	278
1076	278
1076	276
1077	276
1077	275
1078	275
1078	272
1079	272
1079	270
1080	270
1080	268
1081	268
1081	267
1082	267
1082	266
1083	266
1083	263
1084	263
1084	262
1085	262
1085	261
1087	261
1087	260
1088	260
1088	259
1089	259
1089	256
1090	256
1090	255
1092	255
1092	254
1094	254
1094	253
1095	253
1095	250
1100	250
1100	248
1104	248
1104	247
1107	247
1107	243
1108	243
1108	242
1115	242
1115	240
1116	240
1116	239
1118	239
1118	236
1125	236
1125	235
1127	235
1127	234
1129	234
1129	235
1130	235
1130	234
1131	234
1131	235
1132	235
1132	234
1133	234
1133	232
1139	232
1139	231
1140	231
1140	225
1149	225
1149	224
1151	224
1151	223
1153	223
1153	222
1154	222
1154	223
1155	223
1155	222
1156	222
1156	221
1158	221
1158	220
1159	220
1159	218
1166	218
1166	215
1167	215
1167	214
1172	214
1172	213
1173	213
1173	212
1179	212
1179	211
1182	211
1182	210
1183	210
1183	207
1189	207
1189	206
1192	206
1192	204
1198	204
1198	203
1204	203
1204	202
1205	202
1205	201
1213	201
1213	200
1215	200
1215	199
1214	199
1214	198
1215	198
1215	196
1230	196
1230	195
1232	195
1232	194
1234	194
1234	193
1238	193
1238	192
1239	192
1239	189
1247	189
1247	188
1248	188
1248	185
1255	185
1255	184
1256	184
1256	182
1258	182
1258	181
1260	181
1260	180
1262	180
1262	181
1263	181
1263	180
1264	180
1264	182
1265	182
1265	181
1266	181
1266	180
1268	180
1268	179
1270	179
1270	176
1277	176
1277	175
1280	175
1280	174
1282	174
1282	173
1284	173
1284	172
1286	172
1286	171
1287	171
1287	170
1288	170
1288	168
1294	168
1294	167
1295	167
1295	165
1302	165
1302	164
1303	164
1303	163
1304	163
1304	162
1321	162
1321	161
1324	161
1324	160
1339	160
1339	161
1340	161
1340	163
1339	163
1339	165
1337	165
1337	166
1336	166
1336	168
1335	168
1335	169
1334	169
1334	171
1333	171
1333	173
1332	173
1332	174
1331	174
1331	176
1330	176
1330	177
1329	177
1329	179
1328	179
1328	180
1329	180
1329	181
1328	181
1328	183
1326	183
1326	186
1325	186
1325	198
1338	198
1338	195
1346	195
1346	194
1347	194
1347	192
1348	192
1348	191
1351	191
1351	189
1358	189
1358	188
1363	188
1363	187
1365	187
1365	186
1366	186
1366	185
1367	185
1367	184
1370	184
1370	185
1372	185
1372	184
1374	184
1374	182
1384	182
1384	181
1385	181
1385	180
1388	180
1388	179
1395	179
1395	178
1399	178
1399	177
1411	177
1411	176
1413	176
1413	175
1416	175
1416	174
1417	174
1417	173
1420	173
1420	172
1421	172
1421	171
1429	171
1429	170
1431	170
1431	169
1432	169
1432	168
1433	168
1433	167
1438	167
1438	166
1443	166
1443	165
1445	165
1445	166
1446	166
1446	165
1451	165
1451	164
1452	164
1452	162
1454	162
1454	163
1455	163
1455	162
1458	162
1458	161
1464	161
1464	160
1468	160
1468	159
1469	159
1469	158
1475	158
1475	157
1483	157
1483	156
1485	156
1485	155
1486	155
1486	154
1490	154
1490	153
1504	153
1504	154
1508	154
1508	155
1510	155
1510	156
1513	156
1513	158
1512	158
1512	160
1511	160
1511	161
1510	161
1510	162
1509	162
1509	164
1508	164
1508	167
1507	167
1507	168
1506	168
1506	169
1505	169
1505	172
1504	172
1504	173
1503	173
1503	176
1501	176
1501	181
1500	181
1500	182
1499	182
1499	185
1498	185
1498	187
1497	187
1497	198
1498	198
1498	199
1499	199
1499	198
1500	198
1500	199
1501	199
1501	198
1506	198
1506	199
1507	199
1507	198
1510	198
1510	197
1511	197
1511	195
1512	195
1512	194
1519	194
1519	193
1520	193
1520	194
1521	194
1521	193
1522	193
1522	189
1526	189
1526	188
1527	188
1527	186
1536	186
1536	185
1537	185
1537	184
1539	184
1539	183
1547	183
1547	182
1552	182
1552	181
1553	181
1553	182
1554	182
1554	181
1556	181
1556	177
1570	177
1570	176
1576	176
1576	175
1578	175
1578	174
1583	174
1583	173
1586	173
1586	172
1593	172
1593	171
1606	171
1606	170
1608	170
1608	169
1619	169
1619	168
1632	168
1632	167
1633	167
1633	168
1637	168
1637	169
1642	169
1642	170
1648	170
1648	171
1653	171
1653	174
1658	174
1658	175
1660	175
1660	177
1659	177
1659	178
1658	178
1658	179
1657	179
1657	180
1656	180
1656	182
1655	182
1655	183
1654	183
1654	185
1653	185
1653	186
1652	186
1652	187
1650	187
1650	189
1649	189
1649	191
1648	191
1648	192
1647	192
1647	193
1646	193
1646	195
1645	195
1645	197
1644	197
1644	199
1643	199
1643	200
1642	200
1642	203
1641	203
1641	205
1640	205
1640	206
1639	206
1639	207
1638	207
1638	210
1637	210
1637	212
1636	212
1636	225
1647	225
1647	224
1649	224
1649	223
1652	223
1652	222
1659	222
1659	221
1662	221
1662	220
1663	220
1663	219
1666	219
1666	218
1667	218
1667	217
1676	217
1676	216
1677	216
1677	215
1678	215
1678	214
1693	214
1693	213
1698	213
1698	212
1705	212
1705	213
1707	213
1707	212
1711	212
1711	211
1712	211
1712	210
1714	210
1714	211
1732	211
1732	210
1736	210
1736	209
1745	209
1745	210
1754	210
1754	211
1758	211
1758	212
1761	212
1761	213
1763	213
1763	215
1770	215
1770	216
1773	216
1773	219
1772	219
1772	220
1771	220
1771	223
1769	223
1769	224
1768	224
1768	230
1767	230
1767	231
1766	231
1766	232
1765	232
1765	235
1764	235
1764	237
1763	237
1763	238
1762	238
1762	251
1776	251
1776	250
1777	250
1777	249
1778	249
1778	248
1783	248
1783	247
1797	247
1797	246
1799	246
1799	245
1812	245
1812	246
1821	246
1821	247
1828	247
1828	248
1831	248
1831	247
1832	247
1832	248
1834	248
1834	249
1840	249
1840	250
1846	250
1846	251
1853	251
1853	252
1856	252
1856	251
1857	251
1857	252
1858	252
1858	253
1859	253
1859	254
1861	254
1861	255
1868	255
1868	256
1870	256
1870	257
1872	257
1872	258
1873	258
1873	259
1874	259
1874	260
1875	260
1875	262
1873	262
1873	263
1872	263
1872	265
1871	265
1871	266
1870	266
1870	267
1869	267
1869	269
1868	269
1868	272
1867	272
1867	273
1865	273
1865	277
1864	277
1864	278
1863	278
1863	290
1878	290
1878	289
1879	289
1879	288
1905	288
1905	289
1917	289
1917	290
1927	290
1927	291
1937	291
1937	292
1938	292
1938	293
1942	293
1942	294
1943	294
1943	293
1944	293
1944	294
1946	294
1946	293
1948	293
1948	294
1960	294
1960	295
1970	295
1970	296
1976	296
1976	297
1984	297
1984	298
1987	298
1987	299
1991	299
1991	300
1992	300
1992	301
2008	301
2008	300
2010	300
2010	301
2015	301
2015	300
2016	300
2016	301
2020	301
2020	300
2029	300
2029	299
2040	299
2040	298
2041	298
2041	297
2065	297
2065	296
2072	296
2072	295
2090	295
2090	294
2095	294
2095	293
2096	293
2096	294
2121	294
2121	296
2122	296
2122	297
2123	297
2123	298
2121	298
2121	302
2120	302
2120	303
2118	303
2118	306
2117	306
2117	308
2116	308
2116	309
2115	309
2115	310
2114	310
2114	312
2113	312
2113	314
2112	314
2112	315
2111	315
2111	316
2110	316
2110	317
2109	317
2109	319
2108	319
2108	320
2107	320
2107	321
2106	321
2106	322
2104	322
2104	324
2103	324
2103	325
2102	325
2102	326
2100	326
2100	327
2099	327
2099	328
2098	328
2098	329
2096	329
2096	330
2095	330
2095	331
2092	331
2092	333
2091	333
2091	334
2089	334
2089	335
2088	335
2088	336
2086	336
2086	337
2085	337
2085	338
2083	338
2083	339
2082	339
2082	340
2079	340
2079	341
2077	341
2077	342
2076	342
2076	343
2075	343
2075	344
2073	344
2073	345
2070	345
2070	346
2069	346
2069	347
2068	347
2068	348
2066	348
2066	349
2065	349
2065	350
2063	350
2063	351
2062	351
2062	352
2059	352
2059	353
2057	353
2057	354
2056	354
2056	355
2054	355
2054	356
2053	356
2053	357
2049	357
2049	358
2048	358
2048	359
2046	359
2046	360
2043	360
2043	361
2037	361
2037	362
2023	362
2023	364
2022	364
2022	365
2023	365
2023	375
2024	375
2024	376
2025	376
2025	377
2027	377
2027	381
2026	381
2026	383
2025	383
2025	384
2023	384
2023	385
2022	385
2022	386
2021	386
2021	387
2020	387
2020	388
2018	388
2018	389
2013	389
2013	391
2011	391
2011	393
2006	393
2006	394
2004	394
2004	395
2002	395
2002	396
1999	396
1999	397
1998	397
1998	396
1997	396
1997	398
1994	398
1994	399
1991	399
1991	400
1988	400
1988	401
1985	401
1985	402
1984	402
1984	403
1977	403
1977	405
1976	405
1976	406
1971	406
1971	407
1968	407
1968	408
1961	408
1961	409
1958	409
1958	410
1951	410
1951	411
1947	411
1947	412
1936	412
1936	411
1935	411
1935	410
1931	410
1931	411
1930	411
1930	410
1915	410
1915	413
1914	413
1914	415
1915	415
1915	416
1914	416
1914	420
1915	420
1915	423
1916	423
1916	426
1917	426
1917	427
1918	427
1918	428
1919	428
1919	433
1920	433
1920	434
1921	434
1921	437
1922	437
1922	438
1923	438
1923	440
1922	440
1922	441
1921	441
1921	442
1920	442
1920	443
1917	443
1917	444
1915	444
1915	445
1912	445
1912	446
1899	446
1899	447
1895	447
1895	448
1879	448
1879	449
1870	449
1870	448
1853	448
1853	447
1840	447
1840	446
1832	446
1832	445
1831	445
1831	446
1829	446
1829	445
1825	445
1825	444
1823	444
1823	443
1821	443
1821	442
1817	442
1817	441
1814	441
1814	440
1812	440
1812	439
1809	439
1809	438
1806	438
1806	437
1804	437
1804	436
1803	436
1803	434
1802	434
1802	433
1791	433
1791	434
1790	434
1790	446
1791	446
1791	453
1792	453
1792	463
1793	463
1793	472
1794	472
1794	474
1793	474
1793	475
1784	475
1784	476
1783	476
1783	475
1782	475
1782	477
1777	477
1777	476
1776	476
1776	475
1760	475
1760	474
1758	474
1758	473
1757	473
1757	474
1756	474
1756	473
1750	473
1750	472
1748	472
1748	471
1740	471
1740	470
1737	470
1737	469
1731	469
1731	468
1728	468
1728	467
1721	467
1721	466
1720	466
1720	465
1719	465
1719	466
1718	466
1718	465
1715	465
1715	464
1713	464
1713	463
1710	463
1710	462
1708	462
1708	461
1707	461
1707	460
1704	460
1704	459
1702	459
1702	458
1701	458
1701	457
1698	457
1698	454
1694	454
1694	453
1693	453
1693	452
1682	452
1682	453
1681	453
1681	465
1682	465
1682	469
1683	469
1683	471
1684	471
1684	472
1683	472
1683	473
1684	473
1684	476
1685	476
1685	480
1683	480
1683	481
1674	481
1674	482
1663	482
1663	481
1654	481
1654	480
1648	480
1648	479
1647	479
1647	478
1640	478
1640	477
1638	477
1638	476
1634	476
1634	475
1630	475
1630	474
1627	474
1627	473
1621	473
1621	472
1620	472
1620	471
1617	471
1617	470
1616	470
1616	469
1613	469
1613	468
1610	468
1610	467
1604	467
1604	466
1603	466
1603	465
1601	465
1601	464
1599	464
1599	463
1597	463
1597	461
1594	461
1594	460
1592	460
1592	459
1589	459
1589	458
1587	458
1587	457
1586	457
1586	456
1584	456
1584	454
1582	454
1582	453
1580	453
1580	452
1579	452
1579	451
1578	451
1578	450
1576	450
1576	449
1575	449
1575	447
1574	447
1574	446
1562	446
1562	459
1563	459
1563	466
1564	466
1564	472
1565	472
1565	475
1566	475
1566	476
1565	476
1565	477
1560	477
1560	478
1554	478
1554	477
1552	477
1552	478
1551	478
1551	477
1550	477
1550	478
1548	478
1548	477
1546	477
1546	475
1538	475
1538	474
1534	474
1534	473
1531	473
1531	472
1528	472
1528	471
1524	471
1524	470
1520	470
1520	469
1517	469
1517	468
1514	468
1514	467
1512	467
1512	466
1511	466
1511	465
1508	465
1508	464
1506	464
1506	463
1504	463
1504	462
1503	462
1503	461
1499	461
1499	460
1496	460
1496	459
1494	459
1494	457
1491	457
1491	456
1489	456
1489	455
1488	455
1488	454
1485	454
1485	453
1482	453
1482	452
1481	452
1481	451
1480	451
1480	450
1479	450
1479	449
1476	449
1476	448
1475	448
1475	447
1474	447
1474	445
1471	445
1471	444
1469	444
1469	442
1468	442
1468	443
1467	443
1467	442
1465	442
1465	441
1464	441
1464	440
1462	440
1462	439
1460	439
1460	437
1459	437
1459	436
1457	436
1457	435
1456	435
1456	434
1455	434
1455	433
1444	433
1444	446
1443	446
1443	447
1440	447
1440	448
1434	448
1434	449
1431	449
1431	448
1428	448
1428	447
1424	447
1424	446
1421	446
1421	445
1416	445
1416	444
1415	444
1415	443
1414	443
1414	442
1411	442
1411	441
1409	441
1409	439
1403	439
1403	438
1402	438
1402	437
1401	437
1401	436
1400	436
1400	435
1396	435
1396	434
1395	434
1395	432
1391	432
1391	431
1390	431
1390	430
1388	430
1388	429
1386	429
1386	428
1384	428
1384	427
1383	427
1383	426
1381	426
1381	424
1379	424
1379	423
1375	423
1375	422
1373	422
1373	421
1371	421
1371	420
1370	420
1370	419
1368	419
1368	418
1367	418
1367	417
1363	417
1363	416
1362	416
1362	415
1360	415
1360	414
1358	414
1358	413
1357	413
1357	412
1355	412
1355	411
1354	411
1354	410
1352	410
1352	409
1351	409
1351	408
1350	408
1350	407
1346	407
1346	404
1345	404
1345	402
1342	402
1342	401
1340	401
1340	400
1339	400
1339	399
1338	399
1338	397
1337	397
1337	396
1334	396
1334	395
1333	395
1333	394
1322	394
1322	395
1321	395
1321	396
1320	396
1320	398
1312	398
1312	397
1308	397
1308	396
1303	396
1303	395
1302	395
1302	393
1300	393
1300	392
1298	392
1298	391
1297	391
1297	390
1296	390
1296	388
1294	388
1294	387
1290	387
1290	386
1288	386
1288	385
1287	385
1287	384
1286	384
1286	383
1284	383
1284	382
1280	382
1280	381
1279	381
1279	380
1277	380
1277	379
1274	379
1274	378
1272	378
1272	377
1271	377
1271	376
1268	376
1268	375
1266	375
1266	374
1265	374
1265	373
1263	373
1263	372
1259	372
1259	371
1258	371
1258	370
1255	370
1255	369
1253	369
1253	368
1251	368
1251	366
1250	366
1250	365
1244	365
1244	364
1241	364
1241	363
1239	363
1239	362
1237	362
1237	361
1236	361
1236	360
1231	360
1231	359
1229	359
1229	358
1227	358
1227	357
1226	357
1226	356
1224	356
1224	355
1223	355
1223	354
1222	354
1222	353
1219	353
1219	352
1218	352
1218	351
1216	351
1216	350
1215	350
1215	349
1211	349
1211	348
1208	348
1208	346
1204	346
1204	345
1201	345
1201	344
1200	344
1200	343
1196	343
1196	342
1194	342
1194	341
1192	341
1192	342
1190	342
1190	341
1186	341
1186	340
1183	340
1183	339
1179	339
1179	338
1175	338
1175	337
1164	337
1164	336
1163	336
1163	337
1161	337
1161	347
1162	347
1162	349
1164	349
1164	350
1168	350
1168	353
1169	353
1169	354
1170	354
1170	355
1173	355
1173	356
1175	356
1175	357
1176	357
1176	359
1177	359
1177	361
1178	361
1178	362
1184	362
1184	365
1188	365
1188	367
1191	367
1191	368
1192	368
1192	369
1195	369
1195	373
1198	373
1198	374
1205	374
1205	377
1206	377
1206	380
1210	380
1210	381
1218	381
1218	384
1219	384
1219	385
1222	385
1222	386
1226	386
1226	388
1228	388
1228	389
1235	389
1235	391
1236	391
1236	392
1237	392
1237	393
1238	393
1238	394
1240	394
1240	396
1241	396
1241	395
1247	395
1247	398
1248	398
1248	399
1249	399
1249	400
1251	400
1251	401
1252	401
1252	402
1254	402
1254	403
1257	403
1257	404
1263	404
1263	407
1264	407
1264	408
1265	408
1265	409
1270	409
1270	410
1271	410
1271	411
1272	411
1272	412
1274	412
1274	413
1276	413
1276	414
1278	414
1278	415
1279	415
1279	416
1282	416
1282	417
1283	417
1283	419
1287	419
1287	420
1289	420
1289	423
1293	423
1293	424
1294	424
1294	425
1300	425
1300	427
1301	427
1301	428
1305	428
1305	429
1307	429
1307	431
1308	431
1308	432
1314	432
1314	434
1315	434
1315	435
1320	435
1320	436
1323	436
1323	437
1324	437
1324	438
1326	438
1326	439
1329	439
1329	441
1333	441
1333	442
1336	442
1336	443
1339	443
1339	444
1343	444
1343	445
1344	445
1344	446
1345	446
1345	445
1348	445
1348	446
1349	446
1349	447
1350	447
1350	448
1351	448
1351	449
1353	449
1353	450
1357	450
1357	451
1358	451
1358	454
1359	454
1359	453
1361	453
1361	454
1360	454
1360	455
1362	455
1362	458
1363	458
1363	462
1361	462
1361	463
1358	463
1358	464
1356	464
1356	465
1352	465
1352	466
1349	466
1349	467
1348	467
1348	478
1349	478
1349	479
1350	479
1350	480
1351	480
1351	481
1353	481
1353	482
1354	482
1354	483
1356	483
1356	484
1368	484
1368	485
1369	485
1369	487
1372	487
1372	488
1375	488
1375	489
1387	489
1387	492
1388	492
1388	493
1393	493
1393	494
1394	494
1394	493
1395	493
1395	494
1396	494
1396	496
1398	496
1398	497
1399	497
1399	498
1402	498
1402	499
1408	499
1408	502
1422	502
1422	505
1423	505
1423	506
1430	506
1430	507
1431	507
1431	508
1436	508
1436	509
1438	509
1438	510
1442	510
1442	511
1444	511
1444	510
1447	510
1447	511
1448	511
1448	514
1449	514
1449	515
1451	515
1451	516
1452	516
1452	517
1453	517
1453	518
1455	518
1455	519
1456	519
1456	518
1457	518
1457	519
1459	519
1459	520
1466	520
1466	521
1467	521
1467	522
1475	522
1475	524
1484	524
1484	526
1485	526
1485	527
1487	527
1487	528
1489	528
1489	529
1490	529
1490	530
1493	530
1493	531
1498	531
1498	533
1499	533
1499	534
1501	534
1501	535
1508	535
1508	536
1509	536
1509	537
1510	537
1510	538
1511	538
1511	539
1513	539
1513	540
1514	540
1514	541
1515	541
1515	542
1516	542
1516	544
1517	544
1517	546
1518	546
1518	550
1517	550
1517	551
1513	551
1513	552
1511	552
1511	553
1509	553
1509	554
1508	554
1508	555
1507	555
1507	556
1506	556
1506	566
1507	566
1507	568
1516	568
1516	569
1523	569
1523	570
1524	570
1524	571
1528	571
1528	572
1529	572
1529	573
1530	573
1530	574
1531	574
1531	575
1540	575
1540	576
1541	576
1541	578
1542	578
1542	579
1544	579
1544	578
1554	578
1554	579
1556	579
1556	580
1557	580
1557	581
1560	581
1560	582
1561	582
1561	581
1562	581
1562	582
1564	582
1564	583
1565	583
1565	584
1568	584
1568	585
1572	585
1572	586
1573	586
1573	587
1576	587
1576	588
1580	588
1580	589
1581	589
1581	590
1584	590
1584	591
1588	591
1588	592
1590	592
1590	593
1594	593
1594	594
1595	594
1595	596
1597	596
1597	597
1599	597
1599	598
1601	598
1601	599
1602	599
1602	601
1603	601
1603	602
1605	602
1605	603
1607	603
1607	604
1608	604
1608	606
1610	606
1610	607
1612	607
1612	610
1613	610
1613	611
1614	611
1614	614
1615	614
1615	617
1613	617
1613	618
1610	618
1610	619
1606	619
1606	620
1605	620
1605	621
1604	621
1604	622
1601	622
1601	623
1600	623
1600	624
1599	624
1599	625
1597	625
1597	626
1595	626
1595	627
1593	627
1593	628
1592	628
1592	640
1598	640
1598	641
1603	641
1603	642
1605	642
1605	643
1607	643
1607	644
1616	644
1616	645
1617	645
1617	647
1624	647
1624	650
1626	650
1626	651
1628	651
1628	650
1630	650
1630	651
1631	651
1631	653
1633	653
1633	654
1640	654
1640	655
1642	655
1642	656
1643	656
1643	657
1649	657
1649	659
1651	659
1651	660
1653	660
1653	659
1656	659
1656	661
1658	661
1658	662
1659	662
1659	663
1660	663
1660	664
1664	664
1664	665
1667	665
1667	668
1668	668
1668	669
1673	669
1673	671
1674	671
1674	672
1676	672
1676	673
1678	673
1678	674
1679	674
1679	673
1680	673
1680	674
1681	674
1681	676
1682	676
1682	678
1685	678
1685	679
1688	679
1688	680
1689	680
1689	681
1691	681
1691	682
1692	682
1692	683
1693	683
1693	685
1695	685
1695	686
1697	686
1697	687
1699	687
