1103	565
1102	565
1102	573
1103	573
1103	581
1104	581
1104	582
1107	582
1107	584
1108	584
1108	587
1109	587
1109	588
1112	588
1112	590
1111	590
1111	592
1112	592
1112	595
1113	595
1113	596
1114	596
1114	603
1115	603
1115	604
1119	604
1119	608
1120	608
1120	610
1123	610
1123	615
1125	615
1125	626
1118	626
1118	637
1120	637
1120	642
1123	642
1123	644
1124	644
1124	645
1125	645
1125	647
1126	647
1126	648
1128	648
1128	653
1129	653
1129	654
1131	654
1131	659
1133	659
1133	660
1134	660
1134	662
1135	662
1135	664
1137	664
1137	665
1138	665
1138	669
1139	669
1139	670
1140	670
1140	675
1141	675
1141	682
1142	682
1142	685
1141	685
1141	687
1140	687
1140	688
1133	688
1133	698
1134	698
1134	699
1135	699
1135	700
1136	700
1136	702
1137	702
1137	703
1138	703
1138	707
1139	707
1139	708
1140	708
1140	709
1141	709
1141	712
1140	712
1140	713
1142	713
1142	714
1144	714
1144	719
1146	719
1146	724
1148	724
1148	725
1150	725
1150	730
1152	730
1152	735
1155	735
1155	736
1156	736
1156	737
1155	737
1155	739
1156	739
1156	741
1158	741
1158	746
1159	746
1159	747
1160	747
1160	746
1161	746
1161	751
1162	751
1162	753
1163	753
1163	762
1160	762
1160	761
1157	761
1157	759
1155	759
1155	758
1147	758
1147	768
1149	768
1149	769
1150	769
1150	770
1151	770
1151	771
1152	771
1152	774
1153	774
1153	775
1154	775
1154	776
1155	776
1155	777
1156	777
1156	778
1157	778
1157	784
1158	784
1158	790
1161	790
1161	795
1162	795
1162	800
1163	800
1163	802
1164	802
1164	803
1163	803
1163	804
1164	804
1164	807
1166	807
1166	808
1167	808
1167	811
1168	811
1168	812
1169	812
1169	817
1172	817
1172	818
1173	818
1173	822
1174	822
1174	823
1173	823
1173	824
1174	824
1174	827
1175	827
1175	828
1176	828
1176	829
1177	829
1177	830
1176	830
1176	831
1177	831
1177	835
1178	835
1178	836
1177	836
1177	841
1176	841
1176	843
1173	843
1173	842
1172	842
1172	841
1171	841
1171	840
1162	840
1162	850
1164	850
1164	852
1165	852
1165	853
1164	853
1164	854
1165	854
1165	855
1166	855
1166	857
1167	857
1167	858
1166	858
1166	860
1167	860
1167	861
1168	861
1168	862
1169	862
1169	866
1170	866
1170	867
1171	867
1171	872
1172	872
1172	877
1174	877
1174	878
1176	878
1176	882
1177	882
1177	886
1178	886
1178	888
1179	888
1179	891
1180	891
1180	894
1183	894
1183	899
1184	899
1184	900
1185	900
1185	916
1184	916
1184	919
1173	919
1173	928
1174	928
1174	932
1176	932
1176	933
1177	933
1177	934
1176	934
1176	936
1177	936
1177	942
1178	942
1178	943
1179	943
1179	949
1180	949
1180	950
1179	950
1179	953
1180	953
1180	954
1182	954
1182	959
1183	959
1183	965
1185	965
1185	970
1186	970
1186	971
1188	971
1188	976
1189	976
1189	977
1190	977
1190	980
1191	980
1191	981
1190	981
1190	993
1189	993
1189	995
1188	995
1188	996
1185	996
1185	998
1186	998
1186	999
1185	999
1185	1000
1178	1000
1178	1008
1179	1008
1179	1013
1180	1013
1180	1014
1183	1014
1183	1019
1184	1019
1184	1024
1185	1024
1185	1030
1186	1030
1186	1031
1188	1031
1188	1036
1189	1036
1189	1041
1190	1041
1190	1042
1191	1042
1191	1043
1190	1043
1190	1046
1191	1046
1191	1047
1193	1047
1193	1048
1194	1048
1194	1053
1195	1053
1195	1055
1194	1055
1194	1056
1195	1056
1195	1057
1194	1057
1194	1058
1195	1058
1195	1061
1194	1061
1194	1066
1193	1066
1193	1067
1191	1067
1191	1069
1190	1069
1190	1071
1189	1071
1189	1072
1180	1072
1180	1073
1179	1073
1179	1077
1180	1077
1180	1085
1183	1085
1183	1090
1184	1090
1184	1091
1185	1091
1185	1096
1187	1096
1187	1100
1188	1100
1188	1102
1190	1102
1190	1107
1192	1107
1192	1108
1193	1108
1193	1109
1192	1109
1192	1110
1193	1110
1193	1114
1194	1114
1194	1119
1195	1119
1195	1128
1196	1128
1196	1139
1195	1139
1195	1141
1194	1141
1194	1143
1192	1143
1192	1144
1191	1144
1191	1146
1188	1146
1188	1145
1187	1145
1187	1143
1186	1143
1186	1142
1185	1142
1185	1141
1184	1141
1184	1140
1183	1140
1183	1139
1174	1139
1174	1150
1175	1150
1175	1151
1178	1151
1178	1152
1177	1152
1177	1155
1178	1155
1178	1157
1179	1157
1179	1161
1180	1161
1180	1167
1184	1167
1184	1172
1185	1172
1185	1173
1186	1173
1186	1178
1188	1178
1188	1181
1187	1181
1187	1182
1188	1182
1188	1183
1189	1183
1189	1189
1190	1189
1190	1194
1191	1194
1191	1200
1193	1200
1193	1209
1191	1209
1191	1210
1190	1210
1190	1212
1191	1212
1191	1213
1190	1213
1190	1216
1189	1216
1189	1219
1188	1219
1188	1220
1186	1220
1186	1221
1185	1221
1185	1222
1184	1222
1184	1220
1183	1220
1183	1218
1182	1218
1182	1216
1181	1216
1181	1215
1176	1215
1176	1214
1175	1214
1175	1215
1173	1215
1173	1214
1171	1214
1171	1215
1170	1215
1170	1227
1172	1227
1172	1228
1173	1228
1173	1232
1174	1232
1174	1238
1175	1238
1175	1239
1176	1239
1176	1240
1177	1240
1177	1241
1176	1241
1176	1243
1177	1243
1177	1245
1178	1245
1178	1247
1177	1247
1177	1248
1178	1248
1178	1249
1179	1249
1179	1259
1180	1259
1180	1266
1182	1266
1182	1277
1183	1277
1183	1280
1182	1280
1182	1285
1181	1285
1181	1286
1180	1286
1180	1291
1179	1291
1179	1292
1178	1292
1178	1294
1177	1294
1177	1295
1176	1295
1176	1296
1174	1296
1174	1292
1173	1292
1173	1290
1171	1290
1171	1286
1165	1286
1165	1285
1163	1285
1163	1284
1161	1284
1161	1285
1155	1285
1155	1298
1156	1298
1156	1299
1157	1299
1157	1303
1158	1303
1158	1304
1160	1304
1160	1309
1161	1309
1161	1315
1163	1315
1163	1321
1164	1321
1164	1322
1163	1322
1163	1325
1164	1325
1164	1326
1165	1326
1165	1330
1166	1330
1166	1332
1167	1332
1167	1342
1168	1342
1168	1348
1169	1348
1169	1364
1170	1364
1170	1368
1169	1368
1169	1377
1168	1377
1168	1378
1169	1378
1169	1380
1168	1380
1168	1381
1167	1381
1167	1382
1166	1382
1166	1383
1165	1383
1165	1384
1164	1384
1164	1385
1163	1385
1163	1387
1160	1387
1160	1384
1159	1384
1159	1382
1157	1382
1157	1381
1156	1381
1156	1379
1154	1379
1154	1378
1153	1378
1153	1377
1146	1377
1146	1378
1144	1378
1144	1391
1145	1391
1145	1396
1146	1396
1146	1401
1147	1401
1147	1408
1149	1408
1149	1413
1150	1413
1150	1424
1151	1424
1151	1440
1152	1440
1152	1450
1151	1450
1151	1455
1150	1455
1150	1456
1149	1456
1149	1461
1147	1461
1147	1463
1146	1463
1146	1464
1145	1464
1145	1465
1143	1465
1143	1461
1140	1461
1140	1460
1139	1460
1139	1459
1138	1459
1138	1456
1136	1456
1136	1455
1127	1455
1127	1456
1125	1456
1125	1468
1128	1468
1128	1473
1129	1473
1129	1480
1130	1480
1130	1512
1131	1512
1131	1516
1130	1516
1130	1532
1129	1532
1129	1542
1128	1542
1128	1543
1125	1543
1125	1548
1123	1548
1123	1549
1122	1549
1122	1550
1121	1550
1121	1549
1120	1549
1120	1548
1119	1548
1119	1547
1118	1547
1118	1544
1119	1544
1119	1543
1118	1543
1118	1542
1109	1542
1109	1543
1108	1543
1108	1603
1107	1603
1107	1608
1106	1608
1106	1609
1105	1609
1105	1614
1103	1614
1103	1616
1102	1616
1102	1617
1095	1617
1095	1618
1094	1618
1094	1624
1095	1624
1095	1637
1096	1637
1096	1642
1095	1642
1095	1707
1096	1707
1096	1709
1097	1709
1097	1730
1098	1730
1098	1736
1100	1736
1100	1752
1101	1752
1101	1768
1102	1768
1102	1773
1103	1773
1103	1796
1106	1796
1106	1828
1107	1828
1107	1835
1108	1835
1108	1860
1107	1860
1107	1861
1106	1861
1106	1872
1107	1872
1107	1873
1108	1873
1108	1876
1106	1876
1106	1878
1105	1878
1105	1888
1104	1888
1104	1893
1103	1893
1103	1896
1102	1896
1102	1900
1101	1900
1101	1902
1100	1902
1100	1903
1099	1903
1099	1901
1097	1901
1097	1899
1096	1899
1096	1897
1095	1897
1095	1896
1094	1896
1094	1893
1093	1893
1093	1892
1092	1892
1092	1890
1091	1890
1091	1888
1090	1888
1090	1887
1089	1887
1089	1877
1088	1877
1088	1876
1086	1876
1086	1866
1085	1866
1085	1865
1084	1865
1084	1859
1083	1859
1083	1844
1082	1844
1082	1843
1080	1843
1080	1838
1079	1838
1079	1836
1080	1836
1080	1835
1079	1835
1079	1834
1080	1834
1080	1833
1078	1833
1078	1822
1076	1822
1076	1821
1075	1821
1075	1817
1074	1817
1074	1811
1073	1811
1073	1810
1072	1810
1072	1800
1069	1800
1069	1794
1067	1794
1067	1789
1066	1789
1066	1788
1065	1788
1065	1784
1064	1784
1064	1778
1062	1778
1062	1772
1061	1772
1061	1767
1060	1767
1060	1763
1059	1763
1059	1762
1058	1762
1058	1757
1057	1757
1057	1756
1056	1756
1056	1751
1055	1751
1055	1750
1053	1750
1053	1745
1052	1745
1052	1740
1051	1740
1051	1739
1050	1739
1050	1738
1051	1738
1051	1737
1050	1737
1050	1736
1051	1736
1051	1735
1050	1735
1050	1734
1048	1734
1048	1729
1047	1729
1047	1724
1046	1724
1046	1723
1045	1723
1045	1713
1044	1713
1044	1712
1042	1712
1042	1707
1041	1707
1041	1702
1040	1702
1040	1700
1039	1700
1039	1699
1040	1699
1040	1698
1039	1698
1039	1696
1037	1696
1037	1691
1036	1691
1036	1690
1034	1690
1034	1680
1033	1680
1033	1679
1031	1679
1031	1674
1030	1674
1030	1669
1029	1669
1029	1668
1028	1668
1028	1667
1029	1667
1029	1664
1028	1664
1028	1657
1026	1657
1026	1653
1025	1653
1025	1652
1024	1652
1024	1651
1023	1651
1023	1650
1024	1650
1024	1649
1023	1649
1023	1642
1022	1642
1022	1641
1020	1641
1020	1635
1019	1635
1019	1630
1018	1630
1018	1625
1017	1625
1017	1614
1016	1614
1016	1607
1014	1607
1014	1606
1008	1606
1008	1607
1006	1607
1006	1608
1005	1608
1005	1610
1004	1610
1004	1611
1001	1611
1001	1609
1000	1609
1000	1608
998	1608
998	1603
997	1603
997	1602
996	1602
996	1586
997	1586
997	1584
996	1584
996	1579
997	1579
997	1576
998	1576
998	1569
997	1569
997	1564
998	1564
998	1563
997	1563
997	1560
998	1560
998	1557
997	1557
997	1556
989	1556
989	1557
987	1557
987	1559
986	1559
986	1560
985	1560
985	1563
986	1563
986	1564
984	1564
984	1565
983	1565
983	1563
981	1563
981	1562
980	1562
980	1561
979	1561
979	1554
978	1554
978	1553
976	1553
976	1544
975	1544
975	1538
976	1538
976	1490
977	1490
977	1485
978	1485
978	1484
979	1484
979	1474
970	1474
970	1475
969	1475
969	1476
968	1476
968	1477
967	1477
967	1478
966	1478
966	1479
965	1479
965	1481
964	1481
964	1484
963	1484
963	1485
962	1485
962	1486
959	1486
959	1483
956	1483
956	1482
955	1482
955	1477
953	1477
953	1475
952	1475
952	1467
951	1467
951	1466
950	1466
950	1461
949	1461
949	1451
950	1451
950	1442
951	1442
951	1440
952	1440
952	1429
953	1429
953	1424
954	1424
954	1417
955	1417
955	1415
954	1415
954	1414
956	1414
956	1413
957	1413
957	1400
956	1400
956	1399
948	1399
948	1400
947	1400
947	1401
946	1401
946	1405
945	1405
945	1406
944	1406
944	1405
943	1405
943	1406
941	1406
941	1401
938	1401
938	1398
937	1398
937	1397
936	1397
936	1384
935	1384
935	1380
936	1380
936	1370
937	1370
937	1363
938	1363
938	1353
939	1353
939	1349
940	1349
940	1347
941	1347
941	1338
942	1338
942	1336
943	1336
943	1329
944	1329
944	1328
943	1328
943	1327
944	1327
944	1326
946	1326
946	1325
947	1325
947	1315
946	1315
946	1313
937	1313
937	1314
936	1314
936	1316
934	1316
934	1317
932	1317
932	1319
931	1319
931	1321
930	1321
930	1320
929	1320
929	1321
927	1321
927	1319
926	1319
926	1317
925	1317
925	1314
924	1314
924	1313
923	1313
923	1308
922	1308
922	1307
921	1307
921	1292
922	1292
922	1287
924	1287
924	1282
925	1282
925	1271
926	1271
926	1270
927	1270
927	1269
926	1269
926	1266
927	1266
927	1260
928	1260
928	1255
929	1255
929	1254
930	1254
930	1248
931	1248
931	1244
932	1244
932	1239
934	1239
934	1238
935	1238
935	1233
938	1233
938	1221
937	1221
937	1220
929	1220
929	1221
928	1221
928	1223
927	1223
927	1224
926	1224
926	1225
925	1225
925	1226
922	1226
922	1227
921	1227
921	1228
918	1228
918	1229
917	1229
917	1231
916	1231
916	1232
915	1232
915	1235
911	1235
911	1231
910	1231
910	1229
909	1229
909	1227
908	1227
908	1220
906	1220
906	1215
905	1215
905	1211
908	1211
908	1199
909	1199
909	1195
910	1195
910	1194
911	1194
911	1189
913	1189
913	1184
914	1184
914	1183
915	1183
915	1182
914	1182
914	1179
915	1179
915	1177
916	1177
916	1175
917	1175
917	1171
918	1171
918	1170
917	1170
917	1169
918	1169
918	1167
921	1167
921	1162
922	1162
922	1161
923	1161
923	1156
926	1156
926	1154
927	1154
927	1153
926	1153
926	1151
927	1151
927	1150
926	1150
926	1148
927	1148
927	1147
926	1147
926	1144
925	1144
925	1143
919	1143
919	1144
917	1144
917	1145
916	1145
916	1146
915	1146
915	1147
914	1147
914	1149
913	1149
913	1152
911	1152
911	1150
910	1150
910	1149
909	1149
909	1147
908	1147
908	1144
906	1144
906	1138
905	1138
905	1128
906	1128
906	1124
908	1124
908	1118
910	1118
910	1113
911	1113
911	1112
913	1112
913	1107
914	1107
914	1106
915	1106
915	1104
914	1104
914	1102
915	1102
915	1101
916	1101
916	1095
917	1095
917	1091
919	1091
919	1089
920	1089
920	1088
919	1088
919	1087
920	1087
920	1085
921	1085
921	1084
922	1084
922	1073
912	1073
912	1076
911	1076
911	1077
910	1077
910	1078
906	1078
906	1077
905	1077
905	1076
904	1076
904	1075
903	1075
903	1052
904	1052
904	1050
905	1050
905	1047
906	1047
906	1042
908	1042
908	1041
909	1041
909	1036
910	1036
910	1031
913	1031
913	1026
914	1026
914	1023
915	1023
915	1022
914	1022
914	1020
916	1020
916	1010
908	1010
908	1007
904	1007
904	1005
903	1005
903	1001
902	1001
902	999
903	999
903	997
902	997
902	996
901	996
901	987
902	987
902	986
903	986
903	981
905	981
905	975
906	975
906	971
907	971
907	970
908	970
908	965
909	965
909	959
910	959
910	954
911	954
911	949
913	949
913	948
914	948
914	944
915	944
915	943
917	943
917	938
919	938
919	935
920	935
920	934
921	934
921	933
922	933
922	932
923	932
923	926
926	926
926	922
927	922
927	918
926	918
926	917
917	917
917	916
916	916
916	919
913	919
913	920
912	920
912	922
911	922
911	923
910	923
910	924
909	924
909	925
906	925
906	920
905	920
905	915
904	915
904	909
905	909
905	908
904	908
904	906
905	906
905	900
907	900
907	899
908	899
908	894
910	894
910	889
911	889
911	888
912	888
912	883
915	883
915	882
916	882
916	877
917	877
917	872
919	872
919	870
920	870
920	868
921	868
921	864
922	864
922	863
924	863
924	861
925	861
925	858
926	858
926	848
919	848
919	847
918	847
918	846
917	846
917	845
916	845
916	844
915	844
915	837
914	837
914	835
915	835
915	829
916	829
916	828
917	828
917	823
919	823
919	822
920	822
920	817
921	817
921	812
924	812
924	811
925	811
925	806
927	806
927	801
929	801
929	800
930	800
930	796
931	796
931	795
932	795
932	790
935	790
935	789
936	789
936	786
935	786
935	785
936	785
936	784
938	784
938	772
937	772
937	771
936	771
936	770
935	770
935	769
930	769
930	760
931	760
931	759
930	759
930	758
931	758
931	757
932	757
932	752
934	752
934	751
935	751
935	746
937	746
937	745
938	745
938	741
940	741
940	740
941	740
941	731
932	731
932	733
927	733
927	732
926	732
926	731
920	731
920	730
919	730
919	731
917	731
917	734
916	734
916	744
915	744
915	750
914	750
914	755
912	755
912	766
911	766
911	772
910	772
910	777
909	777
909	779
908	779
908	783
906	783
906	787
905	787
905	788
906	788
906	789
905	789
905	791
904	791
904	792
903	792
903	793
901	793
901	794
900	794
900	795
899	795
899	797
898	797
898	798
897	798
897	799
895	799
895	798
892	798
892	797
889	797
889	798
888	798
888	797
886	797
886	798
885	798
885	799
884	799
884	810
883	810
883	815
882	815
882	821
881	821
881	826
880	826
880	827
879	827
879	837
878	837
878	839
877	839
877	842
876	842
876	848
874	848
874	849
873	849
873	852
872	852
872	853
871	853
871	854
868	854
868	858
865	858
865	857
864	857
864	854
861	854
861	853
859	853
859	854
855	854
855	856
854	856
854	865
852	865
852	870
851	870
851	876
850	876
850	881
849	881
849	886
847	886
847	887
846	887
846	898
845	898
845	902
844	902
844	904
843	904
843	905
844	905
844	906
843	906
843	907
844	907
844	908
841	908
841	910
840	910
840	912
839	912
839	913
837	913
837	914
835	914
835	917
832	917
832	916
831	916
831	915
830	915
830	914
821	914
821	919
820	919
820	920
819	920
819	926
818	926
818	930
817	930
817	937
816	937
816	951
815	951
815	952
813	952
813	958
811	958
811	963
810	963
810	968
809	968
809	969
808	969
808	970
807	970
807	971
806	971
806	972
805	972
805	973
804	973
804	974
802	974
802	975
801	975
801	977
800	977
800	978
794	978
794	973
793	973
793	969
791	969
791	967
790	967
790	966
781	966
781	980
780	980
780	990
779	990
779	996
778	996
778	997
777	997
777	1001
775	1001
775	1010
774	1010
774	1012
773	1012
773	1016
772	1016
772	1018
770	1018
770	1024
769	1024
769	1027
770	1027
770	1028
769	1028
769	1030
768	1030
768	1032
767	1032
767	1033
766	1033
766	1034
765	1034
765	1035
764	1035
764	1041
759	1041
759	1043
758	1043
758	1044
757	1044
757	1045
754	1045
754	1046
750	1046
750	1040
749	1040
749	1039
750	1039
750	1037
749	1037
749	1034
746	1034
746	1032
738	1032
738	1033
737	1033
737	1045
736	1045
736	1051
735	1051
735	1052
734	1052
734	1057
733	1057
733	1060
734	1060
734	1061
732	1061
732	1062
731	1062
731	1065
730	1065
730	1067
729	1067
729	1072
728	1072
728	1073
727	1073
727	1077
726	1077
726	1080
725	1080
725	1082
724	1082
724	1084
723	1084
723	1089
721	1089
721	1091
720	1091
720	1093
721	1093
721	1094
720	1094
720	1096
719	1096
719	1097
718	1097
718	1099
716	1099
716	1100
715	1100
715	1103
714	1103
714	1104
713	1104
713	1105
710	1105
710	1107
709	1107
709	1109
707	1109
707	1111
704	1111
704	1113
702	1113
702	1116
701	1116
701	1113
700	1113
700	1106
699	1106
699	1104
698	1104
698	1103
697	1103
697	1102
695	1102
695	1101
688	1101
688	1102
687	1102
687	1105
686	1105
686	1111
685	1111
685	1116
683	1116
683	1117
682	1117
682	1122
680	1122
680	1127
678	1127
678	1128
677	1128
677	1133
676	1133
676	1134
677	1134
677	1135
676	1135
676	1136
675	1136
675	1137
676	1137
676	1138
674	1138
674	1143
672	1143
672	1144
671	1144
671	1147
670	1147
670	1148
669	1148
669	1154
667	1154
667	1155
666	1155
666	1157
665	1157
665	1159
664	1159
664	1162
663	1162
663	1164
661	1164
661	1165
660	1165
660	1168
659	1168
659	1169
658	1169
658	1170
657	1170
657	1171
655	1171
655	1173
654	1173
654	1174
653	1174
653	1176
650	1176
650	1177
649	1177
649	1178
647	1178
647	1177
646	1177
646	1172
645	1172
645	1171
644	1171
644	1170
643	1170
643	1169
642	1169
642	1168
633	1168
633	1177
632	1177
632	1182
631	1182
631	1188
630	1188
630	1193
627	1193
627	1199
626	1199
626	1204
622	1204
622	1209
620	1209
620	1210
621	1210
621	1211
620	1211
620	1213
619	1213
619	1214
618	1214
618	1215
617	1215
617	1216
616	1216
616	1222
615	1222
615	1223
614	1223
614	1224
613	1224
613	1225
611	1225
611	1229
609	1229
609	1231
606	1231
606	1234
605	1234
605	1235
604	1235
604	1236
603	1236
603	1239
601	1239
601	1240
599	1240
599	1241
598	1241
598	1242
594	1242
594	1241
593	1241
593	1240
594	1240
594	1236
593	1236
593	1234
591	1234
591	1233
584	1233
584	1234
583	1234
583	1236
582	1236
582	1237
581	1237
581	1242
579	1242
579	1241
578	1241
578	1247
577	1247
577	1248
576	1248
576	1252
575	1252
575	1257
574	1257
574	1258
573	1258
573	1259
571	1259
571	1264
570	1264
570	1265
569	1265
569	1269
568	1269
568	1270
567	1270
567	1271
566	1271
566	1272
565	1272
565	1273
564	1273
564	1274
563	1274
563	1275
562	1275
562	1276
561	1276
561	1277
560	1277
560	1278
559	1278
559	1279
558	1279
558	1280
554	1280
554	1279
553	1279
553	1275
540	1275
540	1281
539	1281
539	1283
538	1283
538	1284
537	1284
537	1285
535	1285
535	1286
534	1286
534	1288
533	1288
533	1289
532	1289
532	1290
531	1290
531	1291
530	1291
530	1292
529	1292
529	1299
528	1299
528	1300
527	1300
527	1301
526	1301
526	1300
525	1300
525	1302
524	1302
524	1303
523	1303
523	1309
522	1309
522	1310
519	1310
519	1311
518	1311
518	1313
515	1313
515	1314
516	1314
516	1315
515	1315
515	1316
509	1316
509	1308
508	1308
508	1307
504	1307
504	1308
503	1308
503	1307
499	1307
499	1308
498	1308
498	1313
496	1313
496	1316
494	1316
494	1317
493	1317
493	1318
492	1318
492	1319
491	1319
491	1320
490	1320
490	1322
489	1322
489	1323
487	1323
487	1324
485	1324
485	1326
484	1326
484	1327
483	1327
483	1328
482	1328
482	1329
481	1329
481	1330
480	1330
480	1331
478	1331
478	1333
477	1333
477	1334
475	1334
475	1335
472	1335
472	1336
471	1336
471	1338
470	1338
470	1339
468	1339
468	1340
465	1340
465	1341
463	1341
463	1342
462	1342
462	1343
461	1343
461	1344
460	1344
460	1345
459	1345
459	1346
457	1346
457	1347
456	1347
456	1348
455	1348
455	1349
454	1349
454	1350
452	1350
452	1351
450	1351
450	1352
447	1352
447	1355
445	1355
445	1356
444	1356
444	1357
442	1357
442	1359
441	1359
441	1360
440	1360
440	1361
439	1361
439	1362
437	1362
437	1363
436	1363
436	1365
434	1365
434	1367
433	1367
433	1368
431	1368
431	1369
430	1369
430	1371
429	1371
429	1372
428	1372
428	1373
425	1373
425	1375
424	1375
424	1376
423	1376
423	1377
422	1377
422	1378
421	1378
421	1379
420	1379
420	1380
419	1380
419	1381
418	1381
418	1382
417	1382
417	1383
416	1383
416	1384
415	1384
415	1385
414	1385
414	1386
413	1386
413	1387
412	1387
412	1388
411	1388
411	1389
409	1389
409	1391
408	1391
408	1392
407	1392
407	1393
406	1393
406	1394
405	1394
405	1395
404	1395
404	1396
402	1396
402	1397
401	1397
401	1398
400	1398
400	1400
398	1400
398	1402
397	1402
397	1403
396	1403
396	1404
395	1404
395	1405
393	1405
393	1407
392	1407
392	1408
391	1408
391	1409
390	1409
390	1410
389	1410
389	1411
387	1411
387	1414
386	1414
386	1415
385	1415
385	1416
384	1416
384	1417
381	1417
381	1420
380	1420
380	1421
379	1421
379	1422
378	1422
378	1423
376	1423
376	1425
374	1425
374	1426
373	1426
373	1427
372	1427
372	1428
371	1428
371	1429
370	1429
370	1430
369	1430
369	1431
368	1431
368	1432
367	1432
367	1433
366	1433
366	1434
365	1434
365	1435
364	1435
364	1436
363	1436
363	1437
362	1437
362	1438
360	1438
360	1440
359	1440
359	1441
358	1441
358	1442
357	1442
357	1443
356	1443
356	1444
355	1444
355	1445
353	1445
353	1447
352	1447
352	1448
351	1448
351	1449
349	1449
349	1451
348	1451
348	1452
347	1452
347	1453
346	1453
346	1454
345	1454
345	1455
344	1455
344	1456
343	1456
343	1457
342	1457
342	1458
341	1458
341	1459
340	1459
340	1460
338	1460
338	1462
337	1462
337	1464
336	1464
336	1465
335	1465
335	1466
332	1466
332	1469
330	1469
330	1470
329	1470
329	1471
328	1471
328	1472
326	1472
326	1474
325	1474
325	1476
324	1476
324	1477
322	1477
322	1478
321	1478
321	1480
320	1480
320	1481
319	1481
319	1482
317	1482
317	1483
316	1483
316	1484
314	1484
314	1487
313	1487
313	1488
311	1488
311	1489
310	1489
310	1491
309	1491
309	1492
308	1492
308	1493
306	1493
306	1494
305	1494
305	1496
304	1496
304	1497
303	1497
303	1498
302	1498
302	1499
299	1499
299	1502
298	1502
298	1503
297	1503
297	1504
295	1504
295	1505
294	1505
294	1508
293	1508
293	1509
292	1509
292	1510
289	1510
289	1511
288	1511
288	1513
286	1513
286	1514
285	1514
285	1515
282	1515
282	1516
281	1516
281	1519
280	1519
280	1520
279	1520
279	1521
276	1521
276	1522
275	1522
275	1524
274	1524
274	1522
273	1522
273	1521
272	1521
272	1519
271	1519
271	1518
273	1518
273	1516
274	1516
274	1506
275	1506
275	1504
276	1504
276	1503
277	1503
277	1502
278	1502
278	1496
280	1496
280	1495
281	1495
281	1494
282	1494
282	1493
281	1493
281	1491
282	1491
282	1490
285	1490
285	1489
286	1489
286	1487
287	1487
287	1485
288	1485
288	1484
290	1484
290	1479
292	1479
292	1474
295	1474
295	1473
296	1473
296	1466
301	1466
301	1463
304	1463
304	1457
306	1457
306	1456
307	1456
307	1454
309	1454
309	1453
310	1453
310	1452
312	1452
312	1446
315	1446
315	1441
317	1441
317	1440
319	1440
319	1438
320	1438
320	1436
321	1436
321	1435
323	1435
323	1431
325	1431
325	1430
326	1430
326	1424
330	1424
330	1422
331	1422
331	1420
332	1420
332	1419
334	1419
334	1417
335	1417
335	1416
336	1416
336	1414
337	1414
337	1413
338	1413
338	1408
342	1408
342	1403
344	1403
344	1402
346	1402
346	1400
347	1400
347	1397
350	1397
350	1392
352	1392
352	1391
354	1391
354	1386
356	1386
356	1384
357	1384
357	1383
359	1383
359	1381
361	1381
361	1380
362	1380
362	1379
363	1379
363	1378
362	1378
362	1377
363	1377
363	1375
366	1375
366	1374
367	1374
367	1370
368	1370
368	1369
369	1369
369	1364
374	1364
374	1361
375	1361
375	1360
374	1360
374	1359
375	1359
375	1357
376	1357
376	1356
375	1356
375	1354
376	1354
376	1353
379	1353
379	1351
380	1351
380	1349
381	1349
381	1348
383	1348
383	1342
384	1342
384	1337
386	1337
386	1335
387	1335
387	1334
386	1334
386	1332
388	1332
388	1331
389	1331
389	1320
390	1320
390	1321
393	1321
393	1320
395	1320
395	1319
397	1319
397	1318
396	1318
396	1317
397	1317
397	1315
400	1315
400	1309
401	1309
401	1304
402	1304
402	1303
403	1303
403	1299
404	1299
404	1298
406	1298
406	1296
407	1296
407	1295
408	1295
408	1293
411	1293
411	1292
412	1292
412	1289
413	1289
413	1287
416	1287
416	1282
421	1282
421	1277
426	1277
426	1276
427	1276
427	1270
428	1270
428	1269
429	1269
429	1268
430	1268
430	1267
431	1267
431	1258
419	1258
419	1249
421	1249
421	1248
422	1248
422	1246
423	1246
423	1245
424	1245
424	1244
428	1244
428	1243
427	1243
427	1236
432	1236
432	1234
433	1234
433	1233
434	1233
434	1231
435	1231
435	1230
437	1230
437	1229
438	1229
438	1228
439	1228
439	1227
441	1227
441	1223
442	1223
442	1222
444	1222
444	1220
445	1220
445	1215
446	1215
446	1214
445	1214
445	1213
446	1213
446	1212
445	1212
445	1211
449	1211
449	1206
450	1206
450	1205
451	1205
451	1200
454	1200
454	1197
455	1197
455	1196
456	1196
456	1194
457	1194
457	1193
458	1193
458	1192
457	1192
457	1190
458	1190
458	1189
461	1189
461	1187
462	1187
462	1186
463	1186
463	1185
465	1185
465	1181
466	1181
466	1180
467	1180
467	1179
469	1179
469	1178
470	1178
470	1177
471	1177
471	1167
470	1167
470	1166
464	1166
464	1165
463	1165
463	1166
460	1166
460	1165
459	1165
459	1166
456	1166
456	1167
455	1167
455	1169
452	1169
452	1168
453	1168
453	1162
454	1162
454	1157
455	1157
455	1156
456	1156
456	1153
457	1153
457	1152
456	1152
456	1151
460	1151
460	1143
465	1143
465	1140
466	1140
466	1139
467	1139
467	1138
468	1138
468	1137
469	1137
469	1136
470	1136
470	1135
472	1135
472	1133
473	1133
473	1131
474	1131
474	1130
476	1130
476	1128
477	1128
477	1124
479	1124
479	1123
482	1123
482	1118
483	1118
483	1116
484	1116
484	1115
485	1115
485	1114
486	1114
486	1113
487	1113
487	1112
489	1112
489	1111
490	1111
490	1109
491	1109
491	1108
492	1108
492	1107
493	1107
493	1098
483	1098
483	1099
482	1099
482	1098
480	1098
480	1097
479	1097
479	1091
481	1091
481	1090
482	1090
482	1085
484	1085
484	1080
486	1080
486	1079
487	1079
487	1077
488	1077
488	1076
489	1076
489	1075
490	1075
490	1074
492	1074
492	1073
493	1073
493	1072
492	1072
492	1071
493	1071
493	1070
494	1070
494	1069
497	1069
497	1068
498	1068
498	1063
500	1063
500	1062
501	1062
501	1060
503	1060
503	1057
504	1057
504	1056
506	1056
506	1055
508	1055
508	1054
509	1054
509	1053
510	1053
510	1052
511	1052
511	1051
512	1051
512	1049
511	1049
511	1048
512	1048
512	1047
514	1047
514	1045
515	1045
515	1044
517	1044
517	1043
518	1043
518	1042
520	1042
520	1039
521	1039
521	1038
522	1038
522	1039
523	1039
523	1036
525	1036
525	1035
526	1035
526	1026
525	1026
525	1025
516	1025
516	1026
515	1026
515	1027
514	1027
514	1026
513	1026
513	1028
511	1028
511	1027
510	1027
510	1024
509	1024
509	1019
510	1019
510	1012
511	1012
511	1010
512	1010
512	1009
515	1009
515	1007
516	1007
516	1006
515	1006
515	1005
516	1005
516	1003
519	1003
519	1002
520	1002
520	995
522	995
522	996
523	996
523	995
525	995
525	993
526	993
526	992
528	992
528	991
529	991
529	987
532	987
532	986
533	986
533	982
535	982
535	981
536	981
536	980
539	980
539	979
541	979
541	978
542	978
542	976
547	976
547	974
548	974
548	973
549	973
549	972
552	972
552	971
553	971
553	969
558	969
558	959
546	959
546	960
545	960
545	961
542	961
542	960
541	960
541	958
540	958
540	954
542	954
542	949
543	949
543	948
544	948
544	943
547	943
547	942
548	942
548	941
547	941
547	940
548	940
548	937
549	937
549	935
550	935
550	934
551	934
551	933
553	933
553	932
556	932
556	927
559	927
559	926
560	926
560	922
561	922
561	921
565	921
565	919
567	919
567	918
566	918
566	917
567	917
567	916
569	916
569	914
570	914
570	913
571	913
571	912
573	912
573	911
574	911
574	910
575	910
575	908
580	908
580	905
581	905
581	904
583	904
583	901
584	901
584	900
588	900
588	899
591	899
591	894
592	894
592	891
591	891
591	887
590	887
590	886
578	886
578	883
576	883
576	882
577	882
577	878
579	878
579	877
580	877
580	872
582	872
582	869
583	869
583	867
586	867
586	866
588	866
588	863
589	863
589	862
590	862
590	861
591	861
591	857
596	857
596	856
597	856
597	855
602	855
602	847
607	847
607	845
608	845
608	844
609	844
609	845
610	845
610	844
613	844
613	842
614	842
614	841
615	841
615	840
616	840
616	839
618	839
618	838
619	838
619	837
620	837
620	836
621	836
621	834
623	834
623	833
624	833
624	830
625	830
625	831
626	831
626	830
629	830
629	821
615	821
615	817
616	817
616	812
619	812
619	811
620	811
620	810
619	810
619	808
620	808
620	807
621	807
621	806
624	806
624	803
626	803
626	802
629	802
629	798
634	798
634	797
635	797
635	791
637	791
637	790
645	790
645	788
646	788
646	786
645	786
645	785
650	785
650	784
651	784
651	782
652	782
652	781
656	781
656	780
657	780
657	776
662	776
662	765
655	765
655	764
651	764
651	762
652	762
652	760
653	760
653	759
654	759
654	758
656	758
656	756
657	756
657	754
658	754
658	752
661	752
661	751
662	751
662	747
663	747
663	746
664	746
664	747
665	747
665	746
668	746
668	744
672	744
672	743
673	743
673	741
676	741
676	736
678	736
678	735
684	735
684	730
688	730
688	729
689	729
689	727
691	727
691	726
692	726
692	725
695	725
695	722
696	722
696	721
697	721
697	720
698	720
698	719
700	719
700	717
701	717
701	716
703	716
703	715
704	715
704	706
701	706
701	705
700	705
700	703
697	703
697	701
698	701
698	700
697	700
697	697
701	697
701	696
702	696
702	694
703	694
703	692
705	692
705	691
706	691
706	686
711	686
711	685
712	685
712	684
716	684
716	683
717	683
717	681
719	681
719	682
721	682
721	681
722	681
722	678
723	678
723	677
727	677
727	676
728	676
728	675
733	675
733	670
738	670
738	669
739	669
739	667
741	667
741	668
742	668
742	667
745	667
745	666
746	666
746	665
747	665
747	664
749	664
749	663
750	663
750	661
755	661
755	652
750	652
750	651
749	651
749	647
750	647
750	645
751	645
751	644
752	644
752	643
754	643
754	642
755	642
755	622
746	622
746	623
745	623
745	624
743	624
743	625
742	625
742	628
741	628
741	629
738	629
738	630
737	630
737	633
736	633
736	634
735	634
735	635
732	635
732	636
731	636
731	638
730	638
730	639
729	639
729	640
727	640
727	641
726	641
726	642
725	642
725	644
724	644
724	645
723	645
723	646
721	646
721	647
720	647
720	648
719	648
719	649
718	649
718	650
717	650
717	651
715	651
715	652
714	652
714	654
713	654
713	655
712	655
712	656
710	656
710	657
704	657
704	660
698	660
698	658
697	658
697	652
688	652
688	654
687	654
687	657
684	657
684	658
683	658
683	662
677	662
677	664
676	664
676	666
674	666
674	668
671	668
671	670
670	670
670	671
669	671
669	672
668	672
668	673
666	673
666	674
665	674
665	675
664	675
664	677
662	677
662	678
661	678
661	679
658	679
658	680
657	680
657	681
656	681
656	682
654	682
654	683
653	683
653	684
650	684
650	685
649	685
649	686
643	686
643	687
640	687
640	679
638	679
638	678
637	678
637	679
631	679
631	678
629	678
629	679
628	679
628	681
627	681
627	682
626	682
626	683
625	683
625	684
623	684
623	685
622	685
622	688
620	688
620	690
619	690
619	689
618	689
618	690
616	690
616	693
614	693
614	695
611	695
611	697
610	697
610	696
609	696
609	697
607	697
607	698
605	698
605	700
601	700
601	701
599	701
599	702
598	702
598	703
596	703
596	704
595	704
595	705
594	705
594	706
585	706
585	707
584	707
584	708
583	708
583	707
582	707
582	706
580	706
580	699
579	699
579	698
576	698
576	699
574	699
574	698
571	698
571	699
570	699
570	700
569	700
569	701
567	701
567	702
566	702
566	704
565	704
565	705
564	705
564	706
558	706
558	707
557	707
557	708
556	708
556	709
555	709
555	710
554	710
554	711
552	711
552	712
550	712
550	713
549	713
549	714
547	714
547	715
545	715
545	716
543	716
543	717
540	717
540	718
539	718
539	720
538	720
538	721
537	721
537	722
536	722
536	723
529	723
529	725
528	725
528	726
525	726
525	727
518	727
518	728
517	728
517	725
516	725
516	723
517	723
517	715
516	715
516	714
508	714
508	715
506	715
506	716
505	716
505	717
502	717
502	718
501	718
501	720
499	720
499	721
498	721
498	722
497	722
497	723
496	723
496	724
491	724
491	725
489	725
489	727
488	727
488	728
485	728
485	729
480	729
480	731
479	731
479	732
477	732
477	733
474	733
474	734
472	734
472	735
471	735
471	737
470	737
470	738
463	738
463	739
458	739
458	741
445	741
445	740
446	740
446	728
443	728
443	727
438	727
438	728
436	728
436	729
434	729
434	730
433	730
433	729
432	729
432	730
431	730
431	731
429	731
429	732
428	732
428	733
423	733
423	732
422	732
422	733
420	733
420	735
419	735
419	736
414	736
414	737
409	737
409	738
403	738
403	739
389	739
389	731
376	731
376	733
365	733
365	734
364	734
364	735
360	735
360	736
334	736
334	734
332	734
332	733
330	733
330	730
311	730
311	731
300	731
300	730
284	730
284	731
278	731
278	730
202	730
202	729
197	729
197	728
179	728
179	729
164	729
164	728
142	728
142	727
136	727
136	726
128	726
128	727
127	727
127	726
120	726
120	725
117	725
117	724
115	724
115	723
114	723
114	722
110	722
110	720
109	720
109	719
110	719
110	718
111	718
111	716
112	716
112	715
115	715
115	714
125	714
125	713
126	713
126	712
127	712
127	711
132	711
132	710
136	710
136	709
147	709
147	708
153	708
153	707
154	707
154	703
157	703
157	704
158	704
158	705
180	705
180	704
185	704
185	703
186	703
186	702
197	702
197	701
199	701
199	700
218	700
218	699
224	699
224	698
228	698
228	697
246	697
246	695
251	695
251	694
256	694
256	693
257	693
257	692
262	692
262	691
263	691
263	690
264	690
264	689
269	689
269	688
274	688
274	687
279	687
279	686
295	686
295	685
296	685
296	682
300	682
300	681
307	681
307	680
312	680
312	675
313	675
313	670
314	670
314	668
315	668
315	667
316	667
316	666
317	666
317	665
323	665
323	664
329	664
329	662
333	662
333	661
339	661
339	660
344	660
344	659
350	659
350	657
351	657
351	656
355	656
355	655
356	655
356	653
358	653
358	654
359	654
359	653
361	653
361	650
366	650
366	649
367	649
367	648
371	648
371	647
372	647
372	645
377	645
377	644
379	644
379	643
383	643
383	642
388	642
388	640
394	640
394	630
389	630
389	628
390	628
390	626
394	626
394	621
399	621
399	620
405	620
405	618
411	618
411	617
416	617
416	615
427	615
427	613
432	613
432	612
437	612
437	611
438	611
438	609
439	609
439	601
438	601
438	597
439	597
439	596
440	596
440	595
441	595
441	594
442	594
442	593
444	593
444	592
445	592
445	591
446	591
446	590
447	590
447	589
454	589
454	588
455	588
455	587
457	587
457	588
458	588
458	587
460	587
460	586
459	586
459	585
464	585
464	584
470	584
470	583
471	583
471	582
476	582
476	580
478	580
478	579
480	579
480	578
487	578
487	575
491	575
491	574
493	574
493	573
498	573
498	572
503	572
503	571
504	571
504	570
505	570
505	569
514	569
514	568
515	568
515	559
514	559
514	557
509	557
509	552
510	552
510	551
511	551
511	550
512	550
512	549
514	549
514	547
515	547
515	546
517	546
517	547
518	547
518	546
520	546
520	544
524	544
524	543
525	543
525	542
536	542
536	540
547	540
547	539
552	539
552	538
553	538
553	537
554	537
554	536
564	536
564	535
566	535
566	534
569	534
569	533
578	533
578	532
579	532
579	531
578	531
578	530
579	530
579	529
578	529
578	528
579	528
579	525
578	525
578	523
575	523
575	522
574	522
574	520
572	520
572	518
573	518
573	517
574	517
574	516
575	516
575	514
577	514
577	513
578	513
578	512
579	512
579	511
586	511
586	510
587	510
587	509
589	509
589	510
590	510
590	509
618	509
618	507
623	507
623	506
624	506
624	505
629	505
629	504
630	504
630	503
635	503
635	494
634	494
634	493
632	493
632	491
629	491
629	486
630	486
630	485
634	485
634	484
635	484
635	482
636	482
636	481
637	481
637	482
638	482
638	481
639	481
639	482
640	482
640	481
643	481
643	482
644	482
644	481
646	481
646	480
648	480
648	481
660	481
660	480
662	480
662	479
664	479
664	478
680	478
680	479
681	479
681	478
684	478
684	476
689	476
689	475
700	475
700	466
698	466
698	465
696	465
696	464
692	464
692	462
694	462
694	461
695	461
695	458
699	458
699	457
700	457
700	456
706	456
706	455
711	455
711	454
727	454
727	453
728	453
728	454
731	454
731	453
744	453
744	452
749	452
749	451
765	451
765	450
766	450
766	436
771	436
771	435
805	435
805	434
820	434
820	433
821	433
821	432
831	432
831	431
838	431
838	422
837	422
837	419
843	419
843	418
851	418
851	419
862	419
862	420
863	420
863	421
875	421
875	420
876	420
876	419
879	419
879	418
886	418
886	417
887	417
887	416
891	416
891	415
902	415
902	414
906	414
906	413
936	413
936	412
937	412
937	413
940	413
940	412
941	412
941	407
950	407
950	408
962	408
962	407
979	407
979	405
980	405
980	404
991	404
991	403
1012	403
1012	394
1001	394
1001	392
974	392
974	389
966	389
966	388
963	388
963	389
961	389
961	388
952	388
952	387
951	387
951	386
941	386
941	384
936	384
936	382
935	382
935	383
914	383
914	382
909	382
909	381
903	381
903	379
902	379
902	378
900	378
900	376
899	376
899	375
897	375
897	374
886	374
886	372
876	372
876	371
875	371
875	370
869	370
869	369
864	369
864	368
863	368
863	367
859	367
859	366
852	366
852	365
850	365
850	364
848	364
848	362
847	362
847	361
844	361
844	354
842	354
842	353
841	353
841	354
838	354
838	353
832	353
832	351
830	351
830	350
829	350
829	351
827	351
827	350
821	350
821	349
818	349
818	348
815	348
815	347
808	347
808	348
807	348
807	347
804	347
804	345
799	345
799	344
798	344
798	343
793	343
793	342
788	342
788	339
787	339
787	338
785	338
785	337
784	337
784	334
785	334
785	333
786	333
786	323
782	323
782	321
777	321
777	318
771	318
771	317
769	317
769	316
767	316
767	315
766	315
766	313
765	313
765	312
764	312
764	313
762	313
762	312
759	312
759	311
758	311
758	310
757	310
757	309
756	309
756	308
755	308
755	307
752	307
752	306
751	306
751	305
747	305
747	304
746	304
746	302
744	302
744	301
742	301
742	300
740	300
740	299
739	299
739	297
738	297
738	296
731	296
731	295
730	295
730	293
728	293
728	291
726	291
726	290
724	290
724	289
723	289
723	288
722	288
722	285
720	285
720	284
719	284
719	278
718	278
718	276
717	276
717	275
716	275
716	274
712	274
712	273
711	273
711	271
708	271
708	270
707	270
707	269
704	269
704	268
702	268
702	267
701	267
701	266
700	266
700	264
699	264
699	263
695	263
695	259
694	259
694	258
693	258
693	257
692	257
692	258
689	258
689	256
688	256
688	255
687	255
687	253
686	253
686	252
684	252
684	241
683	241
683	240
682	240
682	239
681	239
681	238
680	238
680	237
679	237
679	235
678	235
678	234
676	234
676	233
675	233
675	231
674	231
674	230
673	230
673	229
672	229
672	228
671	228
671	227
670	227
670	225
669	225
669	223
668	223
668	222
669	222
669	221
668	221
668	220
666	220
666	219
665	219
665	217
663	217
663	216
662	216
662	214
661	214
661	213
660	213
660	212
659	212
659	211
658	211
658	210
657	210
657	209
656	209
656	208
654	208
654	203
650	203
650	199
649	199
649	198
648	198
648	196
647	196
647	195
646	195
646	193
645	193
645	192
643	192
643	191
642	191
642	190
641	190
641	188
640	188
640	187
638	187
638	185
636	185
636	184
635	184
635	181
633	181
633	180
632	180
632	179
631	179
631	178
630	178
630	176
629	176
629	174
628	174
628	173
627	173
627	172
626	172
626	171
625	171
625	170
624	170
624	165
622	165
622	164
621	164
621	163
620	163
620	162
619	162
619	161
618	161
618	160
617	160
617	158
615	158
615	156
614	156
614	155
613	155
613	152
612	152
612	151
610	151
610	150
608	150
608	149
607	149
607	143
604	143
604	141
602	141
602	138
601	138
601	137
599	137
599	135
598	135
598	134
597	134
597	133
596	133
596	132
594	132
594	131
593	131
593	130
592	130
592	128
591	128
591	127
590	127
590	125
589	125
589	124
588	124
588	123
587	123
587	122
585	122
585	121
584	121
584	116
583	116
583	114
582	114
582	113
581	113
581	112
580	112
580	110
577	110
577	103
576	103
576	102
575	102
575	98
579	98
579	99
583	99
583	101
584	101
584	102
586	102
586	103
587	103
587	104
588	104
588	105
589	105
589	106
590	106
590	107
593	107
593	108
595	108
595	112
601	112
601	113
602	113
602	114
603	114
603	115
604	115
604	116
605	116
605	117
606	117
606	118
607	118
607	119
608	119
608	118
611	118
611	123
616	123
616	125
617	125
617	126
621	126
621	127
622	127
622	131
627	131
627	133
628	133
628	134
633	134
633	138
634	138
634	139
638	139
638	142
642	142
642	143
644	143
644	146
649	146
649	149
650	149
650	150
654	150
654	151
655	151
655	153
659	153
659	154
660	154
660	157
665	157
665	158
666	158
666	161
671	161
671	162
673	162
673	166
675	166
675	167
677	167
677	169
681	169
681	170
682	170
682	172
686	172
686	173
687	173
687	174
688	174
688	177
693	177
693	180
698	180
698	181
699	181
699	183
704	183
704	185
705	185
705	186
706	186
706	185
707	185
707	186
709	186
709	187
710	187
710	189
713	189
713	188
714	188
714	189
715	189
715	191
720	191
720	193
721	193
721	194
726	194
726	195
728	195
728	196
729	196
729	197
731	197
731	199
732	199
732	200
733	200
733	199
734	199
734	200
737	200
737	203
742	203
742	204
743	204
743	205
747	205
747	206
748	206
748	207
752	207
752	208
753	208
753	210
755	210
755	211
756	211
756	210
757	210
757	211
758	211
758	212
759	212
759	215
760	215
760	216
770	216
770	215
771	215
771	212
772	212
772	211
775	211
775	212
776	212
776	213
780	213
780	214
781	214
781	216
786	216
786	218
791	218
791	221
793	221
793	222
794	222
794	223
795	223
795	224
796	224
796	226
797	226
797	227
799	227
799	228
800	228
800	229
801	229
801	230
802	230
802	231
803	231
803	232
808	232
808	234
809	234
809	235
811	235
811	236
813	236
813	237
814	237
814	239
816	239
816	240
817	240
817	242
819	242
819	243
823	243
823	247
824	247
824	249
825	249
825	248
831	248
831	249
832	249
832	248
833	248
833	243
840	243
840	244
841	244
841	245
845	245
845	246
846	246
846	248
851	248
851	249
852	249
852	251
855	251
855	252
857	252
857	254
859	254
859	256
861	256
861	257
862	257
862	258
863	258
863	259
866	259
866	260
867	260
867	261
868	261
868	262
867	262
867	263
873	263
873	266
874	266
874	267
878	267
878	268
879	268
879	270
880	270
880	271
884	271
884	273
885	273
885	274
889	274
889	275
890	275
890	278
895	278
895	280
896	280
896	281
897	281
897	282
900	282
900	283
901	283
901	286
902	286
902	287
913	287
913	286
914	286
914	284
920	284
920	285
922	285
922	286
923	286
923	287
925	287
925	288
926	288
926	290
928	290
928	292
929	292
929	293
932	293
932	294
933	294
933	295
934	295
934	297
935	297
935	298
938	298
938	299
939	299
939	301
944	301
944	302
945	302
945	304
948	304
948	305
949	305
949	306
950	306
950	308
951	308
951	309
953	309
953	308
954	308
954	309
955	309
955	310
956	310
956	311
959	311
959	312
961	312
961	315
965	315
965	316
966	316
966	317
967	317
967	320
968	320
968	321
972	321
972	325
977	325
977	327
983	327
983	331
988	331
988	333
989	333
989	334
994	334
994	338
998	338
998	339
999	339
999	341
1000	341
1000	342
1005	342
1005	347
1010	347
1010	350
1015	350
1015	352
1016	352
1016	354
1017	354
1017	355
1021	355
1021	358
1029	358
1029	360
1030	360
1030	361
1032	361
1032	364
1033	364
1033	365
1037	365
1037	368
1038	368
1038	369
1043	369
1043	374
1048	374
1048	375
1049	375
1049	377
1048	377
1048	378
1049	378
1049	380
1051	380
1051	382
1052	382
1052	383
1051	383
1051	384
1052	384
1052	388
1053	388
1053	389
1052	389
1052	390
1053	390
1053	391
1064	391
1064	390
1065	390
1065	391
1071	391
1071	390
1072	390
1072	389
1074	389
1074	388
1077	388
1077	387
1078	387
1078	384
1079	384
1079	382
1080	382
1080	380
1082	380
1082	379
1083	379
1083	377
1085	377
1085	376
1086	376
1086	375
1087	375
1087	374
1089	374
1089	369
1094	369
1094	367
1096	367
1096	366
1097	366
1097	364
1099	364
1099	362
1100	362
1100	361
1102	361
1102	360
1105	360
1105	358
1110	358
1110	357
1111	357
1111	354
1112	354
1112	353
1116	353
1116	348
1121	348
1121	346
1122	346
1122	342
1132	342
1132	339
1134	339
1134	338
1135	338
1135	339
1137	339
1137	338
1138	338
1138	336
1143	336
1143	331
1154	331
1154	328
1159	328
1159	327
1160	327
1160	326
1165	326
1165	325
1169	325
1169	324
1171	324
1171	322
1176	322
1176	320
1181	320
1181	319
1182	319
1182	314
1187	314
1187	307
1188	307
1188	306
1190	306
1190	305
1192	305
1192	303
1193	303
1193	301
1195	301
1195	300
1198	300
1198	298
1207	298
1207	304
1208	304
1208	305
1218	305
1218	304
1220	304
1220	303
1225	303
1225	301
1226	301
1226	300
1227	300
1227	299
1229	299
1229	298
1231	298
1231	296
1232	296
1232	295
1234	295
1234	294
1236	294
1236	292
1241	292
1241	291
1242	291
1242	289
1247	289
1247	288
1252	288
1252	286
1253	286
1253	284
1257	284
1257	283
1258	283
1258	280
1259	280
1259	279
1263	279
1263	278
1265	278
1265	277
1269	277
1269	276
1274	276
1274	273
1280	273
1280	272
1281	272
1281	274
1280	274
1280	275
1282	275
1282	279
1283	279
1283	280
1290	280
1290	279
1293	279
1293	278
1296	278
1296	277
1297	277
1297	276
1302	276
1302	271
1307	271
1307	269
1308	269
1308	268
1312	268
1312	267
1313	267
1313	265
1317	265
1317	264
1318	264
1318	261
1323	261
1323	260
1324	260
1324	258
1325	258
1325	257
1326	257
1326	256
1329	256
1329	255
1335	255
1335	254
1340	254
1340	252
1344	252
1344	254
1349	254
1349	260
1350	260
1350	261
1362	261
1362	259
1367	259
1367	258
1368	258
1368	257
1372	257
1372	256
1373	256
1373	254
1378	254
1378	252
1383	252
1383	251
1395	251
1395	250
1400	250
1400	249
1405	249
1405	248
1406	248
1406	245
1411	245
1411	243
1416	243
1416	242
1417	242
1417	240
1419	240
1419	239
1421	239
1421	238
1424	238
1424	237
1425	237
1425	238
1426	238
1426	237
1427	237
1427	235
1430	235
1430	234
1432	234
1432	235
1433	235
1433	234
1435	234
1435	235
1436	235
1436	234
1439	234
1439	233
1442	233
1442	239
1443	239
1443	240
1454	240
1454	239
1455	239
1455	238
1460	238
1460	236
1461	236
1461	235
1465	235
1465	234
1466	234
1466	232
1471	232
1471	231
1472	231
1472	230
1474	230
1474	229
1477	229
1477	228
1481	228
1481	227
1482	227
1482	226
1483	226
1483	225
1486	225
1486	224
1488	224
1488	223
1489	223
1489	224
1491	224
1491	223
1495	223
1495	222
1496	222
1496	223
1497	223
1497	222
1499	222
1499	221
1501	221
1501	222
1504	222
1504	221
1505	221
1505	222
1507	222
1507	229
1520	229
1520	228
1521	228
1521	227
1526	227
1526	224
1527	224
1527	223
1528	223
1528	224
1529	224
1529	223
1531	223
1531	222
1532	222
1532	221
1534	221
1534	222
1535	222
1535	221
1536	221
1536	222
1537	222
1537	221
1538	221
1538	222
1539	222
1539	221
1542	221
1542	219
1548	219
1548	218
1553	218
1553	216
1558	216
1558	215
1559	215
1559	214
1562	214
1562	215
1563	215
1563	213
1564	213
1564	212
1569	212
1569	211
1573	211
1573	210
1581	210
1581	208
1586	208
1586	207
1592	207
1592	205
1597	205
1597	204
1598	204
1598	203
1602	203
1602	202
1604	202
1604	201
1605	201
1605	202
1607	202
1607	201
1608	201
1608	200
1610	200
1610	199
1611	199
1611	200
1612	200
1612	199
1614	199
1614	197
1619	197
1619	196
1621	196
1621	197
1623	197
1623	196
1624	196
1624	195
1625	195
1625	194
1635	194
1635	193
1636	193
1636	192
1640	192
1640	191
1645	191
1645	190
1646	190
1646	189
1651	189
1651	188
1652	188
1652	187
1653	187
1653	186
1656	186
1656	185
1657	185
1657	184
1658	184
1658	183
1663	183
1663	181
1668	181
1668	180
1673	180
1673	179
1674	179
1674	175
1679	175
1679	174
1681	174
1681	173
1683	173
1683	174
1684	174
1684	172
1685	172
1685	170
1690	170
1690	169
1695	169
1695	167
1696	167
1696	164
1701	164
1701	163
1702	163
1702	162
1706	162
1706	161
1711	161
1711	160
1712	160
1712	158
1717	158
1717	157
1724	157
1724	159
1722	159
1722	160
1721	160
1721	166
1720	166
1720	167
1719	167
1719	168
1718	168
1718	169
1717	169
1717	170
1715	170
1715	171
1714	171
1714	173
1713	173
1713	174
1711	174
1711	175
1710	175
1710	177
1709	177
1709	178
1708	178
1708	179
1707	179
1707	180
1706	180
1706	181
1705	181
1705	182
1704	182
1704	183
1699	183
1699	186
1698	186
1698	187
1697	187
1697	186
1695	186
1695	187
1694	187
1694	189
1693	189
1693	190
1691	190
1691	191
1690	191
1690	192
1689	192
1689	193
1688	193
1688	195
1686	195
1686	196
1684	196
1684	197
1683	197
1683	200
1681	200
1681	201
1680	201
1680	200
1678	200
1678	201
1677	201
1677	204
1674	204
1674	205
1672	205
1672	206
1670	206
1670	207
1668	207
1668	208
1667	208
1667	209
1666	209
1666	210
1665	210
1665	211
1664	211
1664	212
1662	212
1662	213
1661	213
1661	214
1656	214
1656	215
1655	215
1655	217
1654	217
1654	218
1653	218
1653	219
1650	219
1650	221
1649	221
1649	222
1648	222
1648	223
1646	223
1646	224
1645	224
1645	225
1644	225
1644	226
1643	226
1643	227
1642	227
1642	226
1641	226
1641	228
1640	228
1640	229
1638	229
1638	230
1635	230
1635	231
1633	231
1633	233
1632	233
1632	234
1631	234
1631	235
1630	235
1630	236
1628	236
1628	238
1627	238
1627	239
1625	239
1625	240
1623	240
1623	242
1622	242
1622	243
1621	243
1621	244
1620	244
1620	245
1619	245
1619	246
1618	246
1618	247
1617	247
1617	248
1613	248
1613	249
1612	249
1612	252
1606	252
1606	255
1605	255
1605	256
1603	256
1603	257
1601	257
1601	260
1598	260
1598	261
1596	261
1596	262
1595	262
1595	263
1591	263
1591	264
1590	264
1590	275
1589	275
1589	276
1590	276
1590	277
1589	277
1589	278
1587	278
1587	279
1585	279
1585	280
1584	280
1584	283
1583	283
1583	282
1581	282
1581	283
1579	283
1579	287
1574	287
1574	288
1572	288
1572	289
1571	289
1571	290
1569	290
1569	291
1568	291
1568	292
1563	292
1563	293
1558	293
1558	294
1557	294
1557	295
1552	295
1552	296
1546	296
1546	297
1544	297
1544	298
1538	298
1538	307
1539	307
1539	308
1536	308
1536	309
1535	309
1535	310
1534	310
1534	311
1533	311
1533	312
1530	312
1530	314
1529	314
1529	315
1524	315
1524	317
1519	317
1519	318
1513	318
1513	320
1508	320
1508	321
1502	321
1502	323
1485	323
1485	324
1484	324
1484	325
1483	325
1483	332
1484	332
1484	333
1485	333
1485	334
1486	334
1486	336
1485	336
1485	337
1484	337
1484	338
1483	338
1483	339
1481	339
1481	340
1475	340
1475	342
1470	342
1470	343
1465	343
1465	344
1464	344
1464	345
1453	345
1453	346
1449	346
1449	347
1443	347
1443	348
1442	348
1442	349
1432	349
1432	350
1430	350
1430	351
1429	351
1429	359
1430	359
1430	360
1428	360
1428	361
1426	361
1426	362
1425	362
1425	363
1424	363
1424	364
1422	364
1422	365
1415	365
1415	366
1409	366
1409	367
1394	367
1394	368
1388	368
1388	369
1382	369
1382	371
1377	371
1377	372
1355	372
1355	373
1354	373
1354	383
1353	383
1353	384
1350	384
1350	385
1345	385
1345	386
1344	386
1344	387
1338	387
1338	388
1335	388
1335	387
1305	387
1305	388
1284	388
1284	389
1283	389
1283	395
1278	395
1278	397
1264	397
1264	396
1263	396
1263	395
1258	395
1258	394
1214	394
1214	393
1212	393
1212	394
1209	394
1209	395
1201	395
1201	399
1198	399
1198	398
1199	398
1199	397
1198	397
1198	395
1182	395
1182	394
1170	394
1170	393
1159	393
1159	394
1153	394
1153	395
1147	395
1147	398
1146	398
1146	406
1147	406
1147	407
1169	407
1169	408
1170	408
1170	409
1176	409
1176	410
1177	410
1177	409
1179	409
1179	410
1181	410
1181	411
1183	411
1183	410
1200	410
1200	411
1202	411
1202	410
1204	410
1204	409
1218	409
1218	415
1224	415
1224	416
1229	416
1229	418
1250	418
1250	419
1251	419
1251	421
1261	421
1261	419
1273	419
1273	420
1289	420
1289	423
1292	423
1292	424
1293	424
1293	426
1292	426
1292	427
1293	427
1293	430
1317	430
1317	429
1368	429
1368	430
1369	430
1369	431
1371	431
1371	443
1382	443
1382	445
1388	445
1388	446
1399	446
1399	447
1410	447
1410	446
1426	446
1426	447
1432	447
1432	448
1437	448
1437	451
1440	451
1440	453
1441	453
1441	461
1442	461
1442	462
1453	462
1453	463
1459	463
1459	464
1482	464
1482	465
1484	465
1484	464
1485	464
1485	465
1497	465
1497	467
1502	467
1502	468
1504	468
1504	470
1506	470
1506	471
1507	471
1507	474
1506	474
1506	475
1505	475
1505	476
1504	476
1504	484
1505	484
1505	485
1514	485
1514	484
1535	484
1535	485
1536	485
1536	486
1561	486
1561	485
1562	485
1562	489
1575	489
1575	490
1576	490
1576	494
1577	494
1577	495
1576	495
1576	496
1572	496
1572	497
1571	497
1571	505
1572	505
1572	506
1595	506
1595	507
1596	507
1596	508
1612	508
1612	509
1622	509
1622	511
1629	511
1629	512
1634	512
1634	513
1637	513
1637	514
1639	514
1639	516
1640	516
1640	517
1642	517
1642	518
1643	518
1643	519
1644	519
1644	521
1645	521
1645	522
1644	522
1644	523
1643	523
1643	522
1641	522
1641	523
1639	523
1639	525
1637	525
1637	526
1634	526
1634	536
1639	536
1639	538
1645	538
1645	539
1656	539
1656	540
1657	540
1657	541
1662	541
1662	542
1666	542
1666	544
1672	544
1672	545
1676	545
1676	546
1679	546
1679	547
1680	547
1680	546
1681	546
1681	547
1688	547
1688	550
1689	550
1689	551
1694	551
1694	552
1695	552
1695	553
1699	553
1699	556
1700	556
1700	557
1704	557
1704	558
1705	558
1705	561
1708	561
1708	567
1706	567
1706	568
1707	568
1707	569
1706	569
1706	571
1707	571
1707	573
1706	573
1706	575
1707	575
1707	576
1709	576
1709	577
1722	577
1722	578
1727	578
1727	579
1733	579
1733	580
1737	580
1737	581
1738	581
1738	582
1748	582
1748	583
1749	583
1749	584
1754	584
1754	585
1758	585
1758	586
1759	586
1759	587
1760	587
1760	588
1765	588
1765	589
1770	589
1770	591
1771	591
1771	592
1773	592
1773	591
1774	591
1774	592
1776	592
1776	594
1778	594
1778	595
1779	595
1779	596
1780	596
1780	598
1781	598
1781	599
1780	599
1780	600
1776	600
1776	601
1770	601
1770	603
1768	603
1768	606
1767	606
1767	614
1768	614
1768	615
1781	615
1781	616
1787	616
1787	617
1792	617
1792	618
1793	618
1793	619
1797	619
1797	620
1798	620
1798	621
1799	621
1799	622
1804	622
1804	623
1809	623
1809	624
1813	624
1813	625
1814	625
1814	626
1819	626
1819	627
1820	627
1820	628
1825	628
1825	629
1830	629
1830	631
1831	631
1831	632
1836	632
1836	633
1837	633
1837	634
1838	634
1838	635
1839	635
1839	636
1840	636
1840	638
1839	638
1839	639
1838	639
1838	640
1834	640
1834	641
1833	641
1833	650
1844	650
1844	651
1845	651
1845	650
1846	650
1846	651
1847	651
1847	653
1855	653
1855	654
1856	654
1856	653
1857	653
1857	654
1858	654
1858	655
1863	655
1863	656
1864	656
1864	657
1867	657
1867	656
1868	656
1868	657
1869	657
1869	658
1870	658
1870	659
1874	659
1874	661
1879	661
1879	663
1880	663
1880	664
1885	664
1885	680
1890	680
1890	682
1891	682
1891	683
1896	683
1896	685
1897	685
1897	686
1902	686
1902	687
1909	687
1909	688
1910	688
1910	689
1912	689
1912	691
1913	691
1913	692
1924	692
1924	693
1929	693
1929	698
1934	698
1934	699
1938	699
1938	700
1940	700
1940	703
1941	703
1941	704
1945	704
1945	705
1950	705
1950	706
1951	706
1951	708
1956	708
1956	709
1957	709
1957	710
1961	710
1961	712
1962	712
1962	713
1963	713
1963	714
1968	714
1968	715
1973	715
1973	716
1978	716
1978	719
1989	719
1989	721
1992	721
1992	722
1994	722
1994	723
1995	723
1995	724
2001	724
2001	725
2004	725
2004	724
2005	724
2005	725
2006	725
2006	726
2012	726
2012	727
2017	727
2017	728
2022	728
2022	729
2023	729
2023	730
2033	730
2033	731
2038	731
2038	732
2048	732
2048	733
2049	733
2049	735
2056	735
2056	736
2057	736
2057	735
2065	735
2065	736
2067	736
2067	737
2069	737
2069	736
2070	736
2070	737
2072	737
2072	738
2084	738
2084	739
2104	739
2104	740
2106	740
2106	741
2131	741
2131	743
2137	743
2137	746
2136	746
2136	747
2135	747
2135	748
2133	748
2133	750
2132	750
2132	751
2131	751
2131	753
2129	753
2129	754
2126	754
2126	755
2115	755
2115	757
2114	757
2114	758
2110	758
2110	759
2104	759
2104	760
2098	760
2098	761
2033	761
2033	762
2032	762
2032	763
2028	763
2028	762
2018	762
2018	761
2002	761
2002	760
1967	760
1967	761
1964	761
1964	760
1948	760
1948	759
1947	759
1947	758
1926	758
1926	757
1920	757
1920	756
1919	756
1919	755
1908	755
1908	754
1903	754
1903	753
1897	753
1897	752
1892	752
1892	750
1881	750
1881	761
1871	761
1871	760
1860	760
1860	759
1859	759
1859	758
1850	758
1850	757
1849	757
1849	756
1848	756
1848	755
1837	755
1837	754
1832	754
1832	752
1827	752
1827	750
1820	750
1820	749
1807	749
1807	755
1806	755
1806	756
1805	756
1805	757
1804	757
1804	758
1798	758
1798	759
1794	759
1794	758
1784	758
1784	757
1783	757
1783	755
1777	755
1777	753
1773	753
1773	752
1767	752
1767	750
1764	750
1764	749
1762	749
1762	748
1758	748
1758	747
1756	747
1756	745
1755	745
1755	744
1753	744
1753	743
1752	743
1752	742
1751	742
1751	741
1750	741
1750	739
1740	739
1740	748
1741	748
1741	750
1742	750
1742	752
1741	752
1741	753
1740	753
1740	754
1739	754
1739	753
1728	753
1728	751
1723	751
1723	750
1718	750
1718	748
1716	748
1716	747
1712	747
1712	745
1711	745
1711	744
1709	744
1709	742
1704	742
1704	740
1703	740
1703	739
1700	739
1700	738
1698	738
1698	737
1697	737
1697	736
1696	736
1696	734
1695	734
1695	733
1691	733
1691	732
1690	732
1690	731
1687	731
1687	729
1686	729
1686	728
1683	728
1683	727
1674	727
1674	728
1673	728
1673	737
1674	737
1674	739
1660	739
1660	736
1659	736
1659	735
1658	735
1658	734
1655	734
1655	733
1652	733
1652	732
1651	732
1651	731
1646	731
1646	730
1647	730
1647	729
1646	729
1646	728
1643	728
1643	727
1641	727
1641	726
1638	726
1638	725
1637	725
1637	723
1635	723
1635	722
1631	722
1631	721
1630	721
1630	720
1629	720
1629	719
1625	719
1625	718
1624	718
1624	717
1622	717
1622	716
1621	716
1621	715
1620	715
1620	714
1619	714
1619	712
1613	712
1613	711
1611	711
1611	709
1610	709
1610	708
1609	708
1609	707
1608	707
1608	706
1605	706
1605	705
1603	705
1603	702
1592	702
1592	713
1593	713
1593	714
1594	714
1594	719
1586	719
1586	717
1579	717
1579	716
1578	716
1578	715
1576	715
1576	714
1575	714
1575	712
1571	712
1571	711
1568	711
1568	710
1567	710
1567	709
1566	709
1566	708
1565	708
1565	707
1564	707
1564	706
1562	706
1562	705
1561	705
1561	704
1560	704
1560	703
1559	703
1559	701
1557	701
1557	700
1554	700
1554	699
1552	699
1552	698
1550	698
1550	696
1549	696
1549	695
1547	695
1547	693
1545	693
1545	692
1544	692
1544	690
1541	690
1541	689
1539	689
1539	688
1538	688
1538	686
1537	686
1537	684
1528	684
1528	696
1526	696
1526	695
1515	695
1515	693
1513	693
1513	692
1512	692
1512	691
1511	691
1511	690
1509	690
1509	689
1507	689
1507	688
1506	688
1506	687
1505	687
1505	686
1504	686
1504	684
1497	684
1497	680
1496	680
1496	679
1494	679
1494	678
1492	678
1492	677
1491	677
1491	676
1490	676
1490	675
1489	675
1489	674
1488	674
1488	673
1485	673
1485	672
1484	672
1484	671
1483	671
1483	670
1482	670
1482	668
1478	668
1478	667
1477	667
1477	666
1475	666
1475	665
1474	665
1474	664
1473	664
1473	663
1472	663
1472	662
1463	662
1463	663
1462	663
1462	667
1463	667
1463	668
1462	668
1462	670
1463	670
1463	672
1459	672
1459	671
1452	671
1452	670
1451	670
1451	669
1450	669
1450	668
1448	668
1448	667
1446	667
1446	666
1445	666
1445	665
1444	665
1444	663
1442	663
1442	662
1441	662
1441	661
1439	661
1439	658
1438	658
1438	657
1435	657
1435	655
1432	655
1432	654
1431	654
1431	653
1429	653
1429	652
1428	652
1428	650
1427	650
1427	649
1424	649
1424	648
1423	648
1423	646
1420	646
1420	645
1419	645
1419	644
1418	644
1418	643
1417	643
1417	641
1416	641
1416	640
1414	640
1414	639
1413	639
1413	638
1412	638
1412	637
1411	637
1411	635
1408	635
1408	634
1407	634
1407	633
1398	633
1398	640
1390	640
1390	641
1389	641
1389	640
1387	640
1387	638
1386	638
1386	637
1384	637
1384	636
1383	636
1383	635
1381	635
1381	634
1380	634
1380	632
1369	632
1369	634
1368	634
1368	643
1371	643
1371	647
1372	647
1372	648
1378	648
1378	649
1382	649
1382	653
1388	653
1388	654
1391	654
1391	656
1392	656
1392	657
1393	657
1393	659
1398	659
1398	661
1399	661
1399	662
1403	662
1403	663
1404	663
1404	664
1409	664
1409	667
1411	667
1411	668
1412	668
1412	667
1413	667
1413	668
1415	668
1415	670
1417	670
1417	671
1420	671
1420	673
1421	673
1421	675
1423	675
1423	677
1424	677
1424	678
1426	678
1426	680
1425	680
1425	682
1424	682
1424	691
1425	691
1425	692
1431	692
1431	699
1432	699
1432	700
1433	700
1433	699
1436	699
1436	700
1437	700
1437	701
1436	701
1436	702
1437	702
1437	703
1447	703
1447	706
1448	706
1448	708
1453	708
1453	713
1454	713
1454	714
1459	714
1459	719
1464	719
1464	722
1469	722
1469	724
1470	724
1470	725
1472	725
1472	726
1473	726
1473	727
1474	727
1474	728
1475	728
1475	729
1476	729
1476	730
1477	730
1477	733
1476	733
1476	734
1474	734
1474	735
1470	735
1470	736
1469	736
1469	746
1470	746
1470	747
1475	747
1475	751
1476	751
1476	752
1478	752
1478	751
1479	751
1479	752
1481	752
1481	754
1487	754
1487	755
1490	755
1490	756
1491	756
1491	758
1492	758
1492	759
1493	759
1493	760
1494	760
1494	759
1496	759
1496	760
1497	760
1497	762
1498	762
1498	763
1502	763
1502	765
1503	765
1503	766
1507	766
1507	767
1508	767
1508	773
1514	773
1514	774
1515	774
1515	775
1516	775
1516	776
1517	776
1517	777
1518	777
1518	778
1519	778
1519	779
1520	779
1520	780
1521	780
1521	787
1520	787
1520	788
1508	788
1508	789
1507	789
1507	798
1508	798
1508	801
1510	801
1510	802
1511	802
1511	803
1512	803
1512	804
1513	804
1513	806
1515	806
1515	807
1516	807
1516	806
1517	806
1517	807
1518	807
1518	808
1519	808
1519	809
1520	809
1520	810
1524	810
1524	817
1530	817
1530	818
1531	818
1531	819
1534	819
1534	820
1535	820
1535	821
1534	821
1534	822
1536	822
1536	823
1539	823
1539	828
1546	828
1546	831
1548	831
1548	832
1549	832
1549	831
1550	831
1550	832
1551	832
1551	834
1552	834
1552	836
1557	836
1557	839
1559	839
1559	840
1560	840
1560	842
1561	842
1561	843
1562	843
1562	844
1563	844
1563	845
1565	845
1565	850
1566	850
1566	851
1567	851
1567	853
1568	853
1568	856
1566	856
1566	857
1555	857
1555	856
1554	856
1554	857
1552	857
1552	858
1551	858
1551	865
1552	865
1552	866
1553	866
1553	867
1557	867
1557	868
1558	868
1558	869
1562	869
1562	871
1563	871
1563	872
1568	872
1568	874
1570	874
1570	875
1572	875
1572	876
1573	876
1573	877
1574	877
1574	879
1579	879
1579	883
1586	883
1586	887
1587	887
1587	888
1589	888
1589	889
1590	889
1590	891
1593	891
1593	892
1594	892
1594	893
1595	893
1595	894
1597	894
1597	898
1598	898
1598	899
1600	899
1600	900
1601	900
1601	901
1600	901
1600	902
1601	902
1601	905
1604	905
1604	912
1602	912
1602	913
1601	913
1601	914
1600	914
1600	911
1590	911
1590	914
1589	914
1589	923
1590	923
1590	924
1592	924
1592	925
1593	925
1593	926
1595	926
1595	927
1596	927
1596	928
1598	928
1598	929
1600	929
1600	930
1601	930
1601	932
1606	932
1606	938
1610	938
1610	939
1612	939
1612	943
1617	943
1617	948
1621	948
1621	949
1623	949
1623	954
1628	954
1628	955
1629	955
1629	956
1631	956
1631	958
1632	958
1632	959
1634	959
1634	960
1635	960
1635	961
1637	961
1637	962
1638	962
1638	964
1639	964
1639	965
1642	965
1642	967
1643	967
1643	970
1644	970
1644	971
1646	971
1646	972
1647	972
1647	973
1648	973
1648	974
1649	974
1649	975
1650	975
1650	981
1651	981
1651	982
1652	982
1652	986
1653	986
1653	990
1649	990
1649	989
1648	989
1648	988
1634	988
1634	989
1633	989
1633	997
1634	997
1634	998
1639	998
1639	1000
1640	1000
1640	1001
1644	1001
1644	1002
1645	1002
1645	1004
1646	1004
1646	1005
1648	1005
1648	1006
1650	1006
1650	1009
1655	1009
1655	1011
1656	1011
1656	1012
1661	1012
1661	1014
1662	1014
1662	1015
1663	1015
1663	1016
1664	1016
1664	1017
1665	1017
1665	1018
1666	1018
1666	1019
1667	1019
1667	1020
1672	1020
1672	1026
1673	1026
1673	1027
1675	1027
1675	1028
1677	1028
1677	1030
1678	1030
1678	1031
1680	1031
1680	1033
1681	1033
1681	1034
1682	1034
1682	1035
1683	1035
1683	1038
1684	1038
1684	1039
1685	1039
1685	1040
1686	1040
1686	1047
1688	1047
1688	1050
1678	1050
1678	1051
1672	1051
1672	1063
1673	1063
1673	1064
1677	1064
1677	1066
1679	1066
1679	1067
1683	1067
1683	1070
1684	1070
1684	1069
1688	1069
1688	1075
1689	1075
1689	1074
1692	1074
1692	1075
1694	1075
1694	1079
1695	1079
1695	1080
1699	1080
1699	1084
1700	1084
1700	1085
1706	1085
1706	1086
1707	1086
1707	1090
1708	1090
1708	1091
1711	1091
1711	1092
1712	1092
1712	1093
1713	1093
1713	1094
1714	1094
1714	1095
1715	1095
1715	1096
1716	1096
1716	1097
1717	1097
1717	1099
1719	1099
1719	1101
1720	1101
1720	1102
1719	1102
1719	1103
1720	1103
1720	1105
1721	1105
1721	1115
1720	1115
1720	1114
1719	1114
1719	1113
1705	1113
1705	1116
1704	1116
1704	1117
1705	1117
1705	1118
1704	1118
1704	1121
1705	1121
1705	1122
1704	1122
1704	1124
1705	1124
1705	1126
1710	1126
1710	1129
1713	1129
1713	1130
1715	1130
1715	1134
1717	1134
1717	1135
1721	1135
1721	1139
1722	1139
1722	1140
1724	1140
1724	1141
1725	1141
1725	1142
1726	1142
1726	1143
1727	1143
1727	1145
1732	1145
1732	1150
1733	1150
1733	1151
1736	1151
1736	1156
1739	1156
1739	1157
1740	1157
1740	1158
1741	1158
1741	1161
1743	1161
1743	1162
1746	1162
1746	1165
1747	1165
1747	1166
1751	1166
1751	1178
1753	1178
1753	1182
1752	1182
1752	1185
1749	1185
1749	1184
1748	1184
1748	1182
1732	1182
1732	1183
1729	1183
1729	1192
1730	1192
1730	1194
1732	1194
1732	1197
1737	1197
1737	1199
1738	1199
1738	1205
1740	1205
1740	1206
1741	1206
1741	1207
1742	1207
1742	1208
1743	1208
1743	1210
1744	1210
1744	1211
1746	1211
1746	1213
1747	1213
1747	1215
1748	1215
1748	1216
1749	1216
1749	1217
1750	1217
1750	1218
1751	1218
1751	1222
1756	1222
1756	1227
1757	1227
1757	1232
1758	1232
1758	1233
1759	1233
1759	1238
1761	1238
1761	1239
1763	1239
1763	1241
1764	1241
1764	1242
1765	1242
1765	1243
1766	1243
1766	1244
1768	1244
1768	1249
1769	1249
1769	1253
1770	1253
1770	1266
1769	1266
1769	1267
1767	1267
1767	1266
1766	1266
1766	1264
1755	1264
1755	1276
1756	1276
1756	1277
1757	1277
1757	1282
1759	1282
1759	1283
1760	1283
1760	1284
1759	1284
1759	1285
1760	1285
1760	1287
1762	1287
1762	1288
1763	1288
1763	1290
1762	1290
1762	1292
1763	1292
1763	1293
1764	1293
1764	1298
1765	1298
1765	1299
1767	1299
1767	1303
1768	1303
1768	1309
1769	1309
1769	1310
1770	1310
1770	1314
1771	1314
1771	1315
1773	1315
1773	1316
1774	1316
1774	1317
1773	1317
1773	1318
1774	1318
1774	1325
1775	1325
1775	1326
1778	1326
1778	1331
1779	1331
1779	1332
1780	1332
1780	1336
1781	1336
1781	1337
1783	1337
1783	1338
1784	1338
1784	1339
1783	1339
1783	1341
1784	1341
1784	1342
1785	1342
1785	1347
1786	1347
1786	1348
1787	1348
1787	1351
1792	1351
1792	1352
1791	1352
1791	1363
1792	1363
1792	1364
1794	1364
1794	1368
1795	1368
1795	1371
1796	1371
1796	1372
1795	1372
1795	1374
1796	1374
1796	1375
1797	1375
1797	1376
1798	1376
1798	1377
1797	1377
1797	1379
1798	1379
1798	1381
1800	1381
1800	1385
1801	1385
1801	1391
1802	1391
1802	1392
1803	1392
1803	1397
1805	1397
1805	1402
1806	1402
1806	1407
1807	1407
1807	1408
1808	1408
1808	1413
1809	1413
1809	1414
1811	1414
1811	1420
1812	1420
1812	1421
1811	1421
1811	1424
1812	1424
1812	1429
1813	1429
1813	1430
1814	1430
1814	1435
1816	1435
1816	1440
1817	1440
1817	1441
1818	1441
1818	1446
1820	1446
1820	1451
1821	1451
1821	1452
1823	1452
1823	1462
1824	1462
1824	1463
1825	1463
1825	1468
1828	1468
1828	1473
1829	1473
1829	1474
1830	1474
1830	1479
1831	1479
1831	1482
1830	1482
1830	1483
1831	1483
1831	1484
1833	1484
1833	1489
1834	1489
1834	1490
1835	1490
1835	1495
1836	1495
1836	1500
1837	1500
1837	1501
1839	1501
1839	1506
1840	1506
1840	1509
1841	1509
1841	1517
1843	1517
1843	1518
1844	1518
1844	1520
1843	1520
1843	1521
1844	1521
1844	1523
1846	1523
1846	1528
1847	1528
1847	1533
1848	1533
1848	1534
1849	1534
1849	1538
1850	1538
1850	1539
1851	1539
1851	1540
1852	1540
1852	1541
1851	1541
1851	1543
1852	1543
1852	1544
1853	1544
1853	1545
1854	1545
1854	1546
1855	1546
1855	1547
1854	1547
1854	1551
1855	1551
1855	1553
1858	1553
1858	1555
1857	1555
1857	1556
1858	1556
1858	1558
1857	1558
1857	1559
1858	1559
1858	1560
1857	1560
1857	1573
1854	1573
1854	1571
1853	1571
1853	1570
1850	1570
1850	1569
1849	1569
1849	1568
1848	1568
1848	1567
1847	1567
1847	1566
1846	1566
1846	1564
1845	1564
1845	1563
1844	1563
1844	1562
1843	1562
1843	1560
1842	1560
1842	1559
1840	1559
1840	1557
1839	1557
1839	1556
1838	1556
1838	1553
1837	1553
1837	1552
1835	1552
1835	1551
1834	1551
1834	1548
1832	1548
1832	1546
1831	1546
1831	1544
1829	1544
1829	1543
1830	1543
1830	1542
1828	1542
1828	1540
1827	1540
1827	1538
1826	1538
1826	1537
1825	1537
1825	1536
1824	1536
1824	1535
1823	1535
1823	1534
1822	1534
1822	1531
1821	1531
1821	1529
1822	1529
1822	1528
1821	1528
1821	1527
1820	1527
1820	1526
1819	1526
1819	1525
1818	1525
1818	1524
1817	1524
1817	1523
1816	1523
1816	1519
1815	1519
1815	1518
1813	1518
1813	1516
1812	1516
1812	1515
1811	1515
1811	1510
1808	1510
1808	1504
1807	1504
1807	1502
1805	1502
1805	1499
1803	1499
1803	1493
1802	1493
1802	1492
1801	1492
1801	1491
1800	1491
1800	1489
1799	1489
1799	1487
1798	1487
1798	1486
1797	1486
1797	1485
1796	1485
1796	1484
1795	1484
1795	1483
1796	1483
1796	1481
1795	1481
1795	1480
1794	1480
1794	1477
1792	1477
1792	1476
1791	1476
1791	1474
1790	1474
1790	1472
1788	1472
1788	1466
1785	1466
1785	1461
1783	1461
1783	1456
1782	1456
1782	1455
1779	1455
1779	1453
1780	1453
1780	1451
1779	1451
1779	1450
1778	1450
1778	1449
1777	1449
1777	1444
1775	1444
1775	1442
1774	1442
1774	1441
1773	1441
1773	1439
1772	1439
1772	1434
1770	1434
1770	1433
1769	1433
1769	1430
1768	1430
1768	1428
1767	1428
1767	1425
1766	1425
1766	1424
1767	1424
1767	1423
1765	1423
1765	1422
1764	1422
1764	1421
1763	1421
1763	1420
1762	1420
1762	1419
1761	1419
1761	1417
1760	1417
1760	1412
1758	1412
1758	1410
1757	1410
1757	1409
1756	1409
1756	1407
1755	1407
1755	1406
1754	1406
1754	1405
1752	1405
1752	1403
1751	1403
1751	1402
1750	1402
1750	1401
1748	1401
1748	1400
1747	1400
1747	1398
1746	1398
1746	1397
1745	1397
1745	1394
1744	1394
1744	1393
1743	1393
1743	1392
1742	1392
1742	1391
1743	1391
1743	1390
1741	1390
1741	1389
1740	1389
1740	1388
1739	1388
1739	1384
1736	1384
1736	1382
1735	1382
1735	1381
1734	1381
1734	1379
1733	1379
1733	1378
1732	1378
1732	1377
1731	1377
1731	1376
1730	1376
1730	1375
1729	1375
1729	1374
1728	1374
1728	1373
1726	1373
1726	1368
1725	1368
1725	1367
1721	1367
1721	1362
1719	1362
1719	1361
1718	1361
1718	1359
1717	1359
1717	1356
1715	1356
1715	1355
1714	1355
1714	1354
1712	1354
1712	1352
1711	1352
1711	1351
1710	1351
1710	1350
1709	1350
1709	1349
1708	1349
1708	1348
1707	1348
1707	1346
1706	1346
1706	1341
1704	1341
1704	1340
1695	1340
1695	1341
1694	1341
1694	1345
1692	1345
1692	1343
1691	1343
1691	1341
1689	1341
1689	1340
1688	1340
1688	1339
1687	1339
1687	1338
1686	1338
1686	1337
1685	1337
1685	1335
1684	1335
1684	1334
1683	1334
1683	1333
1682	1333
1682	1332
1681	1332
1681	1331
1680	1331
1680	1330
1679	1330
1679	1327
1677	1327
1677	1326
1676	1326
1676	1322
1675	1322
1675	1321
1674	1321
1674	1319
1673	1319
1673	1318
1672	1318
1672	1317
1671	1317
1671	1315
1669	1315
1669	1314
1668	1314
1668	1310
1664	1310
1664	1309
1663	1309
1663	1302
1661	1302
1661	1301
1660	1301
1660	1300
1659	1300
1659	1298
1658	1298
1658	1297
1657	1297
1657	1292
1656	1292
1656	1291
1645	1291
1645	1294
1643	1294
1643	1293
1641	1293
1641	1292
1640	1292
1640	1291
1637	1291
1637	1292
1636	1292
1636	1291
1633	1291
1633	1290
1632	1290
1632	1289
1631	1289
1631	1288
1630	1288
1630	1286
1627	1286
1627	1285
1625	1285
1625	1284
1623	1284
1623	1283
1622	1283
1622	1282
1621	1282
1621	1281
1620	1281
1620	1280
1617	1280
1617	1279
1616	1279
1616	1276
1615	1276
1615	1275
1614	1275
1614	1274
1613	1274
1613	1273
1611	1273
1611	1269
1610	1269
1610	1268
1609	1268
1609	1266
1608	1266
1608	1264
1606	1264
1606	1262
1605	1262
1605	1259
1604	1259
1604	1258
1603	1258
1603	1254
1602	1254
1602	1253
1600	1253
1600	1252
1599	1252
1599	1250
1597	1250
1597	1247
1595	1247
1595	1245
1594	1245
1594	1243
1593	1243
1593	1242
1592	1242
1592	1237
1591	1237
1591	1232
1590	1232
1590	1231
1589	1231
1589	1226
1588	1226
1588	1225
1587	1225
1587	1215
1577	1215
1577	1217
1576	1217
1576	1220
1574	1220
1574	1223
1573	1223
1573	1224
1574	1224
1574	1226
1573	1226
1573	1227
1574	1227
1574	1228
1573	1228
1573	1230
1567	1230
1567	1229
1566	1229
1566	1228
1565	1228
1565	1227
1564	1227
1564	1226
1562	1226
1562	1225
1560	1225
1560	1224
1559	1224
1559	1221
1558	1221
1558	1220
1556	1220
1556	1219
1554	1219
1554	1215
1552	1215
1552	1214
1550	1214
1550	1213
1549	1213
1549	1212
1548	1212
1548	1208
1547	1208
1547	1207
1546	1207
1546	1206
1545	1206
1545	1203
1544	1203
1544	1202
1543	1202
1543	1199
1542	1199
1542	1198
1540	1198
1540	1197
1539	1197
1539	1195
1540	1195
1540	1193
1538	1193
1538	1192
1537	1192
1537	1188
1536	1188
1536	1187
1535	1187
1535	1182
1534	1182
1534	1181
1533	1181
1533	1180
1532	1180
1532	1178
1531	1178
1531	1175
1530	1175
1530	1174
1529	1174
1529	1173
1528	1173
1528	1171
1527	1171
1527	1166
1526	1166
1526	1153
1517	1153
1517	1154
1514	1154
1514	1155
1513	1155
1513	1160
1512	1160
1512	1169
1509	1169
1509	1170
1508	1170
1508	1169
1507	1169
1507	1168
1505	1168
1505	1167
1504	1167
1504	1166
1503	1166
1503	1165
1501	1165
1501	1164
1500	1164
1500	1163
1499	1163
1499	1161
1498	1161
1498	1160
1495	1160
1495	1159
1494	1159
1494	1158
1493	1158
1493	1153
1491	1153
1491	1152
1490	1152
1490	1149
1488	1149
1488	1144
1485	1144
1485	1139
1484	1139
1484	1138
1483	1138
1483	1133
1482	1133
1482	1128
1481	1128
1481	1127
1479	1127
1479	1122
1478	1122
1478	1121
1477	1121
1477	1111
1476	1111
1476	1110
1474	1110
1474	1105
1464	1105
1464	1110
1463	1110
1463	1115
1459	1115
1459	1114
1458	1114
1458	1111
1456	1111
1456	1110
1454	1110
1454	1109
1452	1109
1452	1108
1451	1108
1451	1107
1450	1107
1450	1106
1449	1106
1449	1104
1448	1104
1448	1103
1446	1103
1446	1101
1445	1101
1445	1100
1444	1100
1444	1095
1442	1095
1442	1094
1441	1094
1441	1092
1440	1092
1440	1090
1439	1090
1439	1084
1438	1084
1438	1083
1436	1083
1436	1081
1435	1081
1435	1077
1434	1077
1434	1076
1433	1076
1433	1073
1432	1073
1432	1072
1430	1072
1430	1067
1429	1067
1429	1062
1428	1062
1428	1057
1427	1057
1427	1056
1426	1056
1426	1052
1425	1052
1425	1046
1424	1046
1424	1045
1415	1045
1415	1054
1411	1054
1411	1051
1408	1051
1408	1050
1407	1050
1407	1049
1406	1049
1406	1048
1405	1048
1405	1046
1403	1046
1403	1045
1402	1045
1402	1043
1401	1043
1401	1041
1400	1041
1400	1039
1398	1039
1398	1038
1397	1038
1397	1037
1396	1037
1396	1036
1395	1036
1395	1029
1394	1029
1394	1028
1393	1028
1393	1027
1392	1027
1392	1026
1391	1026
1391	1025
1390	1025
1390	1017
1389	1017
1389	1015
1390	1015
1390	1013
1389	1013
1389	1012
1386	1012
1386	1007
1385	1007
1385	1006
1384	1006
1384	997
1383	997
1383	996
1381	996
1381	991
1371	991
1371	992
1369	992
1369	991
1367	991
1367	990
1365	990
1365	989
1364	989
1364	988
1363	988
1363	986
1361	986
1361	985
1360	985
1360	984
1359	984
1359	983
1358	983
1358	982
1357	982
1357	980
1356	980
1356	978
1355	978
1355	977
1354	977
1354	974
1352	974
1352	972
1351	972
1351	969
1350	969
1350	968
1348	968
1348	963
1346	963
1346	958
1345	958
1345	957
1344	957
1344	956
1343	956
1343	954
1342	954
1342	952
1341	952
1341	946
1340	946
1340	936
1337	936
1337	920
1336	920
1336	919
1328	919
1328	920
1327	920
1327	932
1325	932
1325	933
1321	933
1321	931
1320	931
1320	930
1317	930
1317	929
1316	929
1316	926
1315	926
1315	925
1314	925
1314	923
1313	923
1313	920
1312	920
1312	919
1311	919
1311	917
1310	917
1310	914
1309	914
1309	913
1308	913
1308	911
1309	911
1309	910
1308	910
1308	908
1307	908
1307	903
1304	903
1304	897
1303	897
1303	896
1302	896
1302	888
1301	888
1301	887
1299	887
1299	886
1298	886
1298	881
1297	881
1297	872
1296	872
1296	864
1294	864
1294	863
1288	863
1288	864
1287	864
1287	869
1286	869
1286	873
1283	873
1283	872
1282	872
1282	870
1280	870
1280	869
1279	869
1279	868
1277	868
1277	867
1276	867
1276	865
1275	865
1275	864
1274	864
1274	859
1272	859
1272	855
1271	855
1271	854
1270	854
1270	849
1269	849
1269	843
1268	843
1268	842
1267	842
1267	838
1266	838
1266	831
1265	831
1265	830
1266	830
1266	828
1265	828
1265	826
1264	826
1264	816
1263	816
1263	811
1262	811
1262	810
1260	810
1260	809
1258	809
1258	810
1255	810
1255	809
1252	809
1252	810
1248	810
1248	809
1247	809
1247	808
1244	808
1244	805
1243	805
1243	804
1242	804
1242	799
1239	799
1239	794
1238	794
1238	793
1237	793
1237	778
1236	778
1236	772
1234	772
1234	771
1233	771
1233	768
1234	768
1234	767
1233	767
1233	766
1231	766
1231	761
1229	761
1229	756
1228	756
1228	755
1227	755
1227	745
1226	745
1226	744
1218	744
1218	745
1217	745
1217	746
1216	746
1216	750
1211	750
1211	749
1210	749
1210	748
1209	748
1209	745
1208	745
1208	744
1206	744
1206	741
1205	741
1205	740
1204	740
1204	738
1203	738
1203	737
1204	737
1204	735
1203	735
1203	723
1202	723
1202	717
1201	717
1201	716
1200	716
1200	715
1201	715
1201	714
1200	714
1200	712
1199	712
1199	706
1198	706
1198	696
1197	696
1197	695
1195	695
1195	683
1194	683
1194	682
1186	682
1186	683
1185	683
1185	685
1184	685
1184	690
1182	690
1182	689
1181	689
1181	688
1179	688
1179	687
1178	687
1178	685
1177	685
1177	682
1176	682
1176	674
1175	674
1175	672
1174	672
1174	671
1175	671
1175	669
1176	669
1176	646
1173	646
1173	644
1172	644
1172	642
1171	642
1171	635
1168	635
1168	629
1166	629
1166	626
1167	626
1167	625
1166	625
1166	624
1165	624
1165	617
1164	617
1164	616
1156	616
1156	618
1155	618
1155	619
1153	619
1153	618
1152	618
1152	617
1151	617
1151	615
1150	615
1150	614
1149	614
1149	613
1147	613
1147	608
1146	608
1146	607
1147	607
1147	606
1146	606
1146	602
1145	602
1145	597
1144	597
1144	592
1143	592
1143	580
1141	580
1141	578
1140	578
1140	575
1139	575
1139	570
1138	570
1138	564
1135	564
1135	559
1134	559
1134	555
1133	555
1133	548
1132	548
1132	542
1118	542
1118	540
1119	540
1119	539
1118	539
1118	537
1117	537
1117	536
1116	536
1116	515
1112	515
1112	509
1111	509
1111	504
1110	504
1110	498
1108	498
1108	496
1107	496
1107	493
1105	493
1105	488
1104	488
1104	487
1102	487
1102	481
1101	481
1101	479
1100	479
1100	476
1099	476
1099	471
1096	471
1096	467
1095	467
1095	466
1094	466
1094	465
1091	465
1091	457
1089	457
1089	450
1088	450
1088	449
1086	449
1086	444
1084	444
1084	443
1083	443
1083	433
1081	433
1081	432
1077	432
1077	433
1073	433
1073	434
1074	434
1074	435
1073	435
1073	436
1074	436
1074	443
1073	443
1073	444
1074	444
1074	445
1075	445
1075	456
1076	456
1076	473
1079	473
1079	478
1080	478
1080	488
1081	488
1081	493
1082	493
1082	494
1083	494
1083	495
1085	495
1085	496
1084	496
1084	497
1085	497
1085	500
1086	500
1086	506
1087	506
1087	511
1089	511
1089	517
1091	517
1091	526
1092	526
1092	532
1093	532
1093	533
1096	533
1096	534
1095	534
1095	535
1096	535
1096	538
1097	538
1097	546
1098	546
1098	548
1097	548
1097	549
1099	549
1099	550
1100	550
1100	551
1101	551
1101	554
1102	554
1102	555
1103	555
