1465	829
1466	829
1466	830
1467	830
1467	831
1469	831
1469	832
1470	832
1470	834
1469	834
1469	835
1460	835
1460	836
1459	836
1459	837
1457	837
1457	838
1455	838
1455	839
1454	839
1454	840
1453	840
1453	841
1452	841
1452	842
1453	842
1453	845
1452	845
1452	847
1453	847
1453	849
1458	849
1458	850
1463	850
1463	851
1467	851
1467	852
1471	852
1471	853
1478	853
1478	854
1480	854
1480	855
1482	855
1482	856
1483	856
1483	855
1484	855
1484	856
1485	856
1485	858
1491	858
1491	860
1497	860
1497	862
1504	862
1504	863
1507	863
1507	865
1509	865
1509	868
1511	868
1511	869
1513	869
1513	868
1515	868
1515	871
1530	871
1530	872
1531	872
1531	873
1533	873
1533	874
1535	874
1535	875
1536	875
1536	876
1537	876
1537	878
1530	878
1530	879
1527	879
1527	880
1526	880
1526	881
1524	881
1524	882
1522	882
1522	883
1521	883
1521	885
1520	885
1520	886
1518	886
1518	887
1516	887
1516	890
1515	890
1515	892
1512	892
1512	893
1511	893
1511	901
1512	901
1512	902
1519	902
1519	904
1523	904
1523	905
1536	905
1536	908
1539	908
1539	909
1547	909
1547	910
1550	910
1550	912
1551	912
1551	913
1552	913
1552	914
1553	914
1553	915
1558	915
1558	916
1559	916
1559	918
1560	918
1560	919
1561	919
1561	920
1564	920
1564	922
1570	922
1570	924
1571	924
1571	925
1579	925
1579	927
1580	927
1580	926
1581	926
1581	927
1582	927
1582	928
1583	928
1583	930
1586	930
1586	932
1587	932
1587	933
1589	933
1589	934
1594	934
1594	936
1595	936
1595	937
1596	937
1596	938
1599	938
1599	940
1600	940
1600	941
1602	941
1602	943
1603	943
1603	946
1604	946
1604	948
1602	948
1602	947
1600	947
1600	946
1592	946
1592	947
1590	947
1590	948
1589	948
1589	949
1584	949
1584	952
1582	952
1582	953
1581	953
1581	954
1580	954
1580	955
1579	955
1579	963
1580	963
1580	964
1581	964
1581	965
1587	965
1587	966
1593	966
1593	967
1599	967
1599	970
1604	970
1604	971
1605	971
1605	972
1607	972
1607	973
1608	973
1608	974
1609	974
1609	975
1613	975
1613	976
1614	976
1614	977
1618	977
1618	979
1621	979
1621	980
1623	980
1623	981
1624	981
1624	982
1625	982
1625	984
1627	984
1627	986
1628	986
1628	987
1633	987
1633	989
1634	989
1634	990
1640	990
1640	994
1642	994
1642	995
1645	995
1645	997
1646	997
1646	999
1650	999
1650	1000
1651	1000
1651	1002
1652	1002
1652	1003
1653	1003
1653	1006
1654	1006
1654	1008
1652	1008
1652	1007
1641	1007
1641	1008
1638	1008
1638	1009
1637	1009
1637	1010
1636	1010
1636	1011
1634	1011
1634	1012
1633	1012
1633	1013
1630	1013
1630	1015
1629	1015
1629	1016
1626	1016
1626	1017
1625	1017
1625	1026
1629	1026
1629	1027
1634	1027
1634	1028
1635	1028
1635	1029
1641	1029
1641	1030
1644	1030
1644	1031
1648	1031
1648	1032
1651	1032
1651	1034
1656	1034
1656	1036
1661	1036
1661	1039
1662	1039
1662	1041
1665	1041
1665	1042
1667	1042
1667	1044
1670	1044
1670	1045
1671	1045
1671	1046
1673	1046
1673	1048
1676	1048
1676	1049
1678	1049
1678	1050
1679	1050
1679	1052
1680	1052
1680	1054
1682	1054
1682	1055
1683	1055
1683	1054
1685	1054
1685	1055
1687	1055
1687	1060
1688	1060
1688	1061
1690	1061
1690	1062
1692	1062
1692	1064
1694	1064
1694	1065
1696	1065
1696	1066
1697	1066
1697	1069
1698	1069
1698	1070
1700	1070
1700	1071
1701	1071
1701	1074
1702	1074
1702	1076
1703	1076
1703	1077
1702	1077
1702	1079
1700	1079
1700	1078
1687	1078
1687	1079
1686	1079
1686	1080
1687	1080
1687	1081
1682	1081
1682	1083
1681	1083
1681	1084
1680	1084
1680	1085
1678	1085
1678	1086
1677	1086
1677	1088
1676	1088
1676	1096
1677	1096
1677	1097
1685	1097
1685	1098
1688	1098
1688	1099
1689	1099
1689	1100
1691	1100
1691	1101
1702	1101
1702	1104
1705	1104
1705	1105
1707	1105
1707	1107
1708	1107
1708	1109
1711	1109
1711	1110
1713	1110
1713	1111
1716	1111
1716	1115
1718	1115
1718	1116
1719	1116
1719	1118
1724	1118
1724	1119
1725	1119
1725	1122
1729	1122
1729	1124
1730	1124
1730	1123
1731	1123
1731	1124
1733	1124
1733	1127
1734	1127
1734	1128
1737	1128
1737	1129
1738	1129
1738	1131
1739	1131
1739	1132
1740	1132
1740	1133
1742	1133
1742	1134
1744	1134
1744	1137
1746	1137
1746	1140
1747	1140
1747	1141
1748	1141
1748	1142
1749	1142
1749	1147
1751	1147
1751	1148
1752	1148
1752	1150
1753	1150
1753	1154
1754	1154
1754	1156
1753	1156
1753	1157
1751	1157
1751	1155
1750	1155
1750	1154
1737	1154
1737	1155
1733	1155
1733	1156
1728	1156
1728	1158
1726	1158
1726	1159
1723	1159
1723	1160
1722	1160
1722	1161
1718	1161
1718	1164
1717	1164
1717	1173
1723	1173
1723	1174
1730	1174
1730	1176
1732	1176
1732	1177
1735	1177
1735	1178
1736	1178
1736	1179
1737	1179
1737	1180
1740	1180
1740	1182
1741	1182
1741	1183
1742	1183
1742	1184
1745	1184
1745	1186
1746	1186
1746	1187
1748	1187
1748	1188
1749	1188
1749	1191
1751	1191
1751	1192
1752	1192
1752	1194
1753	1194
1753	1195
1754	1195
1754	1198
1755	1198
1755	1199
1758	1199
1758	1200
1759	1200
1759	1203
1760	1203
1760	1204
1761	1204
1761	1205
1762	1205
1762	1206
1763	1206
1763	1207
1764	1207
1764	1208
1765	1208
1765	1211
1768	1211
1768	1212
1769	1212
1769	1215
1770	1215
1770	1216
1772	1216
1772	1218
1773	1218
1773	1220
1774	1220
1774	1221
1775	1221
1775	1222
1777	1222
1777	1224
1778	1224
1778	1225
1779	1225
1779	1226
1780	1226
1780	1230
1782	1230
1782	1232
1783	1232
1783	1235
1784	1235
1784	1236
1785	1236
1785	1243
1784	1243
1784	1242
1783	1242
1783	1241
1782	1241
1782	1240
1781	1240
1781	1239
1776	1239
1776	1238
1765	1238
1765	1239
1764	1239
1764	1241
1762	1241
1762	1242
1760	1242
1760	1243
1757	1243
1757	1244
1756	1244
1756	1252
1758	1252
1758	1253
1759	1253
1759	1252
1760	1252
1760	1253
1762	1253
1762	1255
1764	1255
1764	1257
1765	1257
1765	1258
1766	1258
1766	1259
1768	1259
1768	1260
1770	1260
1770	1261
1771	1261
1771	1262
1772	1262
1772	1264
1773	1264
1773	1265
1774	1265
1774	1267
1777	1267
1777	1268
1778	1268
1778	1271
1780	1271
1780	1272
1782	1272
1782	1277
1785	1277
1785	1281
1787	1281
1787	1282
1788	1282
1788	1283
1790	1283
1790	1286
1791	1286
1791	1287
1793	1287
1793	1293
1797	1293
1797	1295
1798	1295
1798	1296
1799	1296
1799	1301
1801	1301
1801	1302
1804	1302
1804	1304
1805	1304
1805	1306
1806	1306
1806	1307
1807	1307
1807	1308
1808	1308
1808	1311
1809	1311
1809	1316
1807	1316
1807	1314
1798	1314
1798	1315
1796	1315
1796	1316
1792	1316
1792	1317
1791	1317
1791	1324
1792	1324
1792	1326
1794	1326
1794	1327
1795	1327
1795	1329
1796	1329
1796	1330
1799	1330
1799	1331
1800	1331
1800	1333
1801	1333
1801	1334
1804	1334
1804	1335
1805	1335
1805	1337
1806	1337
1806	1338
1807	1338
1807	1339
1809	1339
1809	1340
1810	1340
1810	1341
1811	1341
1811	1344
1813	1344
1813	1345
1814	1345
1814	1347
1815	1347
1815	1349
1817	1349
1817	1351
1818	1351
1818	1352
1819	1352
1819	1354
1820	1354
1820	1355
1821	1355
1821	1358
1822	1358
1822	1359
1825	1359
1825	1360
1826	1360
1826	1363
1827	1363
1827	1364
1829	1364
1829	1367
1831	1367
1831	1368
1832	1368
1832	1369
1833	1369
1833	1371
1834	1371
1834	1373
1835	1373
1835	1374
1836	1374
1836	1375
1838	1375
1838	1376
1841	1376
1841	1377
1843	1377
1843	1378
1846	1378
1846	1379
1847	1379
1847	1380
1845	1380
1845	1381
1844	1381
1844	1382
1842	1382
1842	1383
1841	1383
1841	1391
1842	1391
1842	1392
1844	1392
1844	1393
1845	1393
1845	1394
1847	1394
1847	1397
1849	1397
1849	1398
1852	1398
1852	1400
1854	1400
1854	1401
1856	1401
1856	1403
1857	1403
1857	1405
1859	1405
1859	1406
1861	1406
1861	1408
1862	1408
1862	1409
1863	1409
1863	1412
1865	1412
1865	1413
1867	1413
1867	1414
1868	1414
1868	1416
1869	1416
1869	1417
1870	1417
1870	1420
1871	1420
1871	1421
1874	1421
1874	1423
1876	1423
1876	1426
1878	1426
1878	1427
1882	1427
1882	1430
1883	1430
1883	1431
1884	1431
1884	1432
1887	1432
1887	1433
1888	1433
1888	1436
1889	1436
1889	1437
1892	1437
1892	1438
1894	1438
1894	1439
1893	1439
1893	1442
1898	1442
1898	1443
1899	1443
1899	1447
1906	1447
1906	1450
1907	1450
1907	1451
1908	1451
1908	1452
1910	1452
1910	1453
1911	1453
1911	1452
1912	1452
1912	1454
1914	1454
1914	1457
1918	1457
1918	1458
1919	1458
1919	1459
1920	1459
1920	1460
1924	1460
1924	1462
1925	1462
1925	1463
1926	1463
1926	1464
1930	1464
1930	1468
1931	1468
1931	1467
1932	1467
1932	1468
1933	1468
1933	1469
1934	1469
1934	1471
1936	1471
1936	1472
1940	1472
1940	1473
1942	1473
1942	1474
1943	1474
1943	1475
1942	1475
1942	1476
1943	1476
1943	1477
1945	1477
1945	1478
1951	1478
1951	1480
1953	1480
1953	1481
1954	1481
1954	1483
1957	1483
1957	1485
1958	1485
1958	1486
1961	1486
1961	1488
1964	1488
1964	1489
1965	1489
1965	1490
1966	1490
1966	1491
1970	1491
1970	1492
1971	1492
1971	1493
1973	1493
1973	1494
1974	1494
1974	1495
1976	1495
1976	1496
1977	1496
1977	1497
1978	1497
1978	1498
1980	1498
1980	1499
1981	1499
1981	1500
1982	1500
1982	1501
1983	1501
1983	1502
1985	1502
1985	1503
1987	1503
1987	1504
1988	1504
1988	1505
1989	1505
1989	1506
1990	1506
1990	1507
1992	1507
1992	1509
1994	1509
1994	1510
1996	1510
1996	1511
1997	1511
1997	1514
2001	1514
2001	1515
2002	1515
2002	1516
2004	1516
2004	1517
2005	1517
2005	1518
2007	1518
2007	1520
2009	1520
2009	1521
2010	1521
2010	1522
2011	1522
2011	1523
2012	1523
2012	1524
2013	1524
2013	1525
2014	1525
2014	1526
2015	1526
2015	1528
2016	1528
2016	1529
2017	1529
2017	1533
2014	1533
2014	1532
2008	1532
2008	1531
2007	1531
2007	1530
2003	1530
2003	1529
2001	1529
2001	1528
1998	1528
1998	1527
1996	1527
1996	1526
1994	1526
1994	1525
1991	1525
1991	1524
1988	1524
1988	1523
1986	1523
1986	1522
1983	1522
1983	1520
1978	1520
1978	1517
1973	1517
1973	1516
1971	1516
1971	1515
1968	1515
1968	1513
1967	1513
1967	1512
1959	1512
1959	1511
1957	1511
1957	1510
1955	1510
1955	1509
1952	1509
1952	1507
1951	1507
1951	1508
1950	1508
1950	1507
1947	1507
1947	1505
1942	1505
1942	1503
1941	1503
1941	1502
1937	1502
1937	1500
1934	1500
1934	1499
1933	1499
1933	1500
1932	1500
1932	1499
1927	1499
1927	1498
1928	1498
1928	1497
1921	1497
1921	1495
1918	1495
1918	1494
1917	1494
1917	1493
1916	1493
1916	1492
1911	1492
1911	1490
1908	1490
1908	1489
1906	1489
1906	1487
1905	1487
1905	1486
1901	1486
1901	1485
1900	1485
1900	1484
1895	1484
1895	1481
1893	1481
1893	1482
1891	1482
1891	1481
1888	1481
1888	1480
1886	1480
1886	1479
1881	1479
1881	1478
1880	1478
1880	1476
1876	1476
1876	1475
1874	1475
1874	1474
1871	1474
1871	1473
1870	1473
1870	1471
1865	1471
1865	1470
1864	1470
1864	1469
1859	1469
1859	1468
1857	1468
1857	1467
1855	1467
1855	1466
1854	1466
1854	1465
1855	1465
1855	1464
1849	1464
1849	1461
1844	1461
1844	1460
1843	1460
1843	1459
1837	1459
1837	1458
1835	1458
1835	1457
1834	1457
1834	1456
1833	1456
1833	1454
1828	1454
1828	1452
1823	1452
1823	1449
1822	1449
1822	1448
1813	1448
1813	1444
1808	1444
1808	1442
1807	1442
1807	1443
1804	1443
1804	1442
1803	1442
1803	1441
1802	1441
1802	1440
1797	1440
1797	1438
1790	1438
1790	1437
1789	1437
1789	1436
1790	1436
1790	1435
1787	1435
1787	1434
1784	1434
1784	1433
1783	1433
1783	1430
1780	1430
1780	1429
1779	1429
1779	1430
1776	1430
1776	1429
1775	1429
1775	1430
1774	1430
1774	1429
1772	1429
1772	1430
1770	1430
1770	1431
1769	1431
1769	1438
1768	1438
1768	1439
1767	1439
1767	1438
1766	1438
1766	1435
1761	1435
1761	1433
1760	1433
1760	1430
1756	1430
1756	1428
1755	1428
1755	1427
1753	1427
1753	1426
1752	1426
1752	1425
1745	1425
1745	1419
1741	1419
1741	1417
1740	1417
1740	1416
1736	1416
1736	1415
1735	1415
1735	1412
1732	1412
1732	1411
1731	1411
1731	1409
1728	1409
1728	1408
1727	1408
1727	1407
1726	1407
1726	1406
1725	1406
1725	1405
1724	1405
1724	1404
1721	1404
1721	1403
1720	1403
1720	1399
1711	1399
1711	1398
1709	1398
1709	1399
1707	1399
1707	1405
1706	1405
1706	1404
1705	1404
1705	1406
1706	1406
1706	1417
1704	1417
1704	1416
1700	1416
1700	1415
1699	1415
1699	1414
1697	1414
1697	1413
1696	1413
1696	1412
1694	1412
1694	1411
1690	1411
1690	1410
1689	1410
1689	1409
1688	1409
1688	1408
1687	1408
1687	1407
1685	1407
1685	1405
1684	1405
1684	1404
1681	1404
1681	1402
1680	1402
1680	1401
1679	1401
1679	1400
1678	1400
1678	1399
1677	1399
1677	1398
1674	1398
1674	1397
1673	1397
1673	1394
1672	1394
1672	1393
1668	1393
1668	1388
1665	1388
1665	1387
1664	1387
1664	1386
1663	1386
1663	1383
1664	1383
1664	1382
1660	1382
1660	1381
1659	1381
1659	1379
1658	1379
1658	1378
1657	1378
1657	1377
1656	1377
1656	1376
1655	1376
1655	1374
1654	1374
1654	1373
1653	1373
1653	1368
1642	1368
1642	1369
1641	1369
1641	1372
1640	1372
1640	1373
1638	1373
1638	1385
1639	1385
1639	1388
1635	1388
1635	1387
1633	1387
1633	1385
1629	1385
1629	1384
1628	1384
1628	1383
1626	1383
1626	1382
1625	1382
1625	1381
1624	1381
1624	1380
1623	1380
1623	1378
1621	1378
1621	1377
1619	1377
1619	1376
1618	1376
1618	1374
1617	1374
1617	1373
1616	1373
1616	1372
1614	1372
1614	1371
1613	1371
1613	1370
1612	1370
1612	1368
1610	1368
1610	1367
1608	1367
1608	1366
1607	1366
1607	1365
1606	1365
1606	1363
1605	1363
1605	1362
1604	1362
1604	1361
1602	1361
1602	1360
1601	1360
1601	1356
1600	1356
1600	1355
1599	1355
1599	1354
1598	1354
1598	1355
1596	1355
1596	1353
1594	1353
1594	1352
1593	1352
1593	1350
1592	1350
1592	1347
1589	1347
1589	1345
1588	1345
1588	1344
1587	1344
1587	1342
1586	1342
1586	1340
1585	1340
1585	1339
1586	1339
1586	1338
1585	1338
1585	1337
1584	1337
1584	1336
1583	1336
1583	1334
1574	1334
1574	1336
1573	1336
1573	1337
1572	1337
1572	1338
1571	1338
1571	1339
1570	1339
1570	1341
1569	1341
1569	1342
1568	1342
1568	1344
1567	1344
1567	1346
1566	1346
1566	1352
1565	1352
1565	1353
1566	1353
1566	1358
1563	1358
1563	1357
1561	1357
1561	1356
1559	1356
1559	1355
1557	1355
1557	1354
1556	1354
1556	1353
1554	1353
1554	1352
1552	1352
1552	1351
1551	1351
1551	1350
1550	1350
1550	1349
1549	1349
1549	1347
1547	1347
1547	1346
1546	1346
1546	1345
1545	1345
1545	1344
1544	1344
1544	1342
1540	1342
1540	1340
1539	1340
1539	1337
1535	1337
1535	1336
1534	1336
1534	1332
1533	1332
1533	1331
1531	1331
1531	1330
1530	1330
1530	1329
1529	1329
1529	1328
1528	1328
1528	1325
1526	1325
1526	1324
1525	1324
1525	1322
1524	1322
1524	1321
1522	1321
1522	1320
1521	1320
1521	1318
1520	1318
1520	1316
1518	1316
1518	1314
1517	1314
1517	1313
1518	1313
1518	1311
1514	1311
1514	1310
1513	1310
1513	1306
1510	1306
1510	1305
1509	1305
1509	1304
1510	1304
1510	1301
1508	1301
1508	1300
1506	1300
1506	1298
1505	1298
1505	1296
1504	1296
1504	1295
1503	1295
1503	1293
1502	1293
1502	1290
1501	1290
1501	1289
1500	1289
1500	1285
1499	1285
1499	1280
1498	1280
1498	1277
1489	1277
1489	1278
1488	1278
1488	1279
1486	1279
1486	1280
1484	1280
1484	1283
1483	1283
1483	1285
1481	1285
1481	1286
1480	1286
1480	1290
1479	1290
1479	1291
1478	1291
1478	1294
1477	1294
1477	1296
1476	1296
1476	1306
1474	1306
1474	1305
1472	1305
1472	1304
1470	1304
1470	1303
1469	1303
1469	1302
1468	1302
1468	1301
1467	1301
1467	1300
1466	1300
1466	1299
1465	1299
1465	1298
1464	1298
1464	1297
1463	1297
1463	1296
1462	1296
1462	1295
1461	1295
1461	1294
1460	1294
1460	1293
1459	1293
1459	1291
1458	1291
1458	1290
1457	1290
1457	1289
1456	1289
1456	1285
1454	1285
1454	1284
1453	1284
1453	1280
1451	1280
1451	1276
1450	1276
1450	1275
1448	1275
1448	1274
1446	1274
1446	1270
1443	1270
1443	1269
1442	1269
1442	1268
1441	1268
1441	1265
1440	1265
1440	1264
1438	1264
1438	1263
1437	1263
1437	1262
1436	1262
1436	1261
1435	1261
1435	1259
1434	1259
1434	1258
1433	1258
1433	1257
1432	1257
1432	1255
1431	1255
1431	1254
1430	1254
1430	1252
1429	1252
1429	1251
1428	1251
1428	1249
1427	1249
1427	1247
1426	1247
1426	1245
1425	1245
1425	1244
1424	1244
1424	1243
1423	1243
1423	1238
1422	1238
1422	1236
1421	1236
1421	1234
1420	1234
1420	1228
1419	1228
1419	1226
1418	1226
1418	1221
1417	1221
1417	1220
1409	1220
1409	1221
1408	1221
1408	1222
1407	1222
1407	1224
1405	1224
1405	1226
1404	1226
1404	1227
1403	1227
1403	1230
1402	1230
1402	1232
1401	1232
1401	1235
1400	1235
1400	1243
1397	1243
1397	1241
1394	1241
1394	1239
1393	1239
1393	1238
1391	1238
1391	1237
1390	1237
1390	1236
1389	1236
1389	1233
1386	1233
1386	1232
1385	1232
1385	1230
1384	1230
1384	1228
1383	1228
1383	1227
1382	1227
1382	1225
1381	1225
1381	1223
1380	1223
1380	1222
1379	1222
1379	1220
1378	1220
1378	1218
1377	1218
1377	1217
1376	1217
1376	1215
1375	1215
1375	1213
1374	1213
1374	1210
1375	1210
1375	1209
1374	1209
1374	1208
1372	1208
1372	1207
1371	1207
1371	1206
1370	1206
1370	1205
1369	1205
1369	1204
1368	1204
1368	1200
1367	1200
1367	1199
1366	1199
1366	1197
1365	1197
1365	1196
1364	1196
1364	1194
1363	1194
1363	1192
1362	1192
1362	1191
1360	1191
1360	1188
1359	1188
1359	1187
1358	1187
1358	1182
1355	1182
1355	1181
1354	1181
1354	1177
1353	1177
1353	1176
1352	1176
1352	1175
1351	1175
1351	1171
1350	1171
1350	1169
1349	1169
1349	1167
1348	1167
1348	1161
1347	1161
1347	1160
1346	1160
1346	1151
1336	1151
1336	1152
1335	1152
1335	1154
1334	1154
1334	1156
1333	1156
1333	1158
1332	1158
1332	1161
1331	1161
1331	1168
1332	1168
1332	1169
1331	1169
1331	1170
1329	1170
1329	1183
1330	1183
1330	1188
1331	1188
1331	1189
1333	1189
1333	1190
1337	1190
1337	1191
1339	1191
1339	1192
1340	1192
1340	1194
1341	1194
1341	1196
1342	1196
1342	1197
1343	1197
1343	1199
1344	1199
1344	1201
1345	1201
1345	1202
1346	1202
1346	1205
1347	1205
1347	1209
1348	1209
1348	1211
1347	1211
1347	1213
1346	1213
1346	1214
1345	1214
1345	1213
1344	1213
1344	1211
1343	1211
1343	1210
1341	1210
1341	1209
1328	1209
1328	1210
1323	1210
1323	1211
1322	1211
1322	1217
1323	1217
1323	1219
1324	1219
1324	1221
1328	1221
1328	1222
1327	1222
1327	1224
1328	1224
1328	1225
1330	1225
1330	1226
1331	1226
1331	1227
1335	1227
1335	1231
1336	1231
1336	1232
1339	1232
1339	1234
1340	1234
1340	1236
1344	1236
1344	1237
1345	1237
1345	1238
1344	1238
1344	1239
1346	1239
1346	1240
1347	1240
1347	1243
1349	1243
1349	1246
1351	1246
1351	1250
1352	1250
1352	1251
1355	1251
1355	1255
1356	1255
1356	1256
1359	1256
1359	1257
1360	1257
1360	1258
1362	1258
1362	1260
1363	1260
1363	1261
1365	1261
1365	1262
1364	1262
1364	1263
1366	1263
1366	1266
1368	1266
1368	1270
1369	1270
1369	1272
1370	1272
1370	1276
1371	1276
1371	1282
1369	1282
1369	1281
1368	1281
1368	1279
1365	1279
1365	1278
1363	1278
1363	1277
1349	1277
1349	1278
1344	1278
1344	1279
1340	1279
1340	1280
1339	1280
1339	1288
1338	1288
1338	1289
1340	1289
1340	1290
1342	1290
1342	1291
1346	1291
1346	1294
1349	1294
1349	1297
1350	1297
1350	1298
1351	1298
1351	1300
1352	1300
1352	1299
1353	1299
1353	1302
1355	1302
1355	1303
1357	1303
1357	1305
1358	1305
1358	1306
1359	1306
1359	1307
1360	1307
1360	1308
1361	1308
1361	1311
1362	1311
1362	1313
1364	1313
1364	1314
1365	1314
1365	1317
1367	1317
1367	1318
1368	1318
1368	1320
1369	1320
1369	1322
1370	1322
1370	1324
1371	1324
1371	1325
1372	1325
1372	1328
1373	1328
1373	1329
1374	1329
1374	1330
1375	1330
1375	1331
1376	1331
1376	1333
1377	1333
1377	1335
1378	1335
1378	1336
1379	1336
1379	1339
1380	1339
1380	1340
1381	1340
1381	1341
1382	1341
1382	1344
1383	1344
1383	1348
1384	1348
1384	1349
1385	1349
1385	1351
1386	1351
1386	1357
1387	1357
1387	1359
1388	1359
1388	1360
1389	1360
1389	1364
1390	1364
1390	1371
1388	1371
1388	1370
1387	1370
1387	1369
1386	1369
1386	1368
1384	1368
1384	1366
1383	1366
1383	1367
1382	1367
1382	1366
1379	1366
1379	1365
1369	1365
1369	1364
1368	1364
1368	1365
1353	1365
1353	1366
1351	1366
1351	1367
1350	1367
1350	1375
1351	1375
1351	1376
1352	1376
1352	1377
1354	1377
1354	1380
1355	1380
1355	1381
1357	1381
1357	1382
1360	1382
1360	1383
1361	1383
1361	1384
1362	1384
1362	1385
1363	1385
1363	1387
1366	1387
1366	1389
1367	1389
1367	1390
1368	1390
1368	1391
1369	1391
1369	1392
1370	1392
1370	1395
1371	1395
1371	1396
1372	1396
1372	1400
1375	1400
1375	1401
1376	1401
1376	1402
1377	1402
1377	1407
1379	1407
1379	1410
1380	1410
1380	1411
1381	1411
1381	1412
1382	1412
1382	1416
1383	1416
1383	1418
1384	1418
1384	1421
1386	1421
1386	1423
1387	1423
1387	1425
1388	1425
1388	1427
1390	1427
1390	1430
1391	1430
1391	1432
1392	1432
1392	1435
1393	1435
1393	1437
1394	1437
1394	1439
1395	1439
1395	1442
1396	1442
1396	1445
1397	1445
1397	1447
1398	1447
1398	1450
1399	1450
1399	1454
1400	1454
1400	1458
1401	1458
1401	1460
1400	1460
1400	1461
1398	1461
1398	1460
1397	1460
1397	1459
1396	1459
1396	1458
1395	1458
1395	1457
1394	1457
1394	1456
1382	1456
1382	1457
1379	1457
1379	1458
1374	1458
1374	1459
1373	1459
1373	1460
1372	1460
1372	1468
1373	1468
1373	1469
1375	1469
1375	1470
1377	1470
1377	1472
1378	1472
1378	1473
1381	1473
1381	1474
1382	1474
1382	1475
1383	1475
1383	1477
1384	1477
1384	1478
1385	1478
1385	1479
1386	1479
1386	1480
1387	1480
1387	1482
1388	1482
1388	1484
1389	1484
1389	1485
1390	1485
1390	1488
1392	1488
1392	1490
1393	1490
1393	1491
1392	1491
1392	1492
1393	1492
1393	1494
1395	1494
1395	1497
1396	1497
1396	1499
1397	1499
1397	1501
1398	1501
1398	1503
1400	1503
1400	1504
1401	1504
1401	1507
1402	1507
1402	1508
1403	1508
1403	1511
1404	1511
1404	1512
1405	1512
1405	1513
1406	1513
1406	1518
1407	1518
1407	1520
1408	1520
1408	1524
1409	1524
1409	1525
1410	1525
1410	1529
1411	1529
1411	1532
1412	1532
1412	1537
1411	1537
1411	1540
1410	1540
1410	1539
1409	1539
1409	1538
1407	1538
1407	1537
1406	1537
1406	1536
1402	1536
1402	1535
1401	1535
1401	1534
1400	1534
1400	1535
1399	1535
1399	1534
1393	1534
1393	1533
1383	1533
1383	1534
1381	1534
1381	1535
1376	1535
1376	1536
1372	1536
1372	1548
1376	1548
1376	1551
1377	1551
1377	1552
1378	1552
1378	1553
1379	1553
1379	1554
1380	1554
1380	1555
1381	1555
1381	1556
1382	1556
1382	1560
1383	1560
1383	1562
1384	1562
1384	1563
1385	1563
1385	1564
1386	1564
1386	1568
1387	1568
1387	1570
1388	1570
1388	1574
1389	1574
1389	1576
1390	1576
1390	1579
1391	1579
1391	1582
1392	1582
1392	1586
1393	1586
1393	1587
1394	1587
1394	1589
1395	1589
1395	1592
1396	1592
1396	1594
1397	1594
1397	1602
1400	1602
1400	1604
1401	1604
1401	1607
1402	1607
1402	1609
1403	1609
1403	1617
1404	1617
1404	1618
1405	1618
1405	1623
1406	1623
1406	1624
1405	1624
1405	1635
1404	1635
1404	1636
1402	1636
1402	1634
1401	1634
1401	1633
1400	1633
1400	1632
1399	1632
1399	1631
1398	1631
1398	1630
1396	1630
1396	1629
1394	1629
1394	1628
1389	1628
1389	1627
1376	1627
1376	1628
1368	1628
1368	1629
1366	1629
1366	1637
1367	1637
1367	1638
1369	1638
1369	1640
1370	1640
1370	1641
1371	1641
1371	1642
1372	1642
1372	1646
1373	1646
1373	1647
1374	1647
1374	1651
1375	1651
1375	1654
1376	1654
1376	1655
1377	1655
1377	1665
1378	1665
1378	1667
1379	1667
1379	1685
1380	1685
1380	1694
1381	1694
1381	1710
1380	1710
1380	1719
1379	1719
1379	1724
1378	1724
1378	1725
1377	1725
1377	1726
1376	1726
1376	1725
1375	1725
1375	1723
1374	1723
1374	1720
1373	1720
1373	1717
1367	1717
1367	1716
1363	1716
1363	1714
1346	1714
1346	1722
1347	1722
1347	1724
1348	1724
1348	1726
1349	1726
1349	1728
1350	1728
1350	1733
1351	1733
1351	1765
1350	1765
1350	1768
1351	1768
1351	1782
1352	1782
1352	1786
1353	1786
1353	1792
1354	1792
1354	1798
1355	1798
1355	1800
1354	1800
1354	1801
1353	1801
1353	1800
1350	1800
1350	1799
1349	1799
1349	1798
1339	1798
1339	1806
1340	1806
1340	1811
1341	1811
1341	1820
1342	1820
1342	1821
1343	1821
1343	1833
1344	1833
1344	1842
1345	1842
1345	1845
1346	1845
1346	1855
1347	1855
1347	1858
1348	1858
1348	1865
1349	1865
1349	1870
1350	1870
1350	1877
1351	1877
1351	1886
1352	1886
1352	1891
1353	1891
1353	1893
1354	1893
1354	1894
1355	1894
1355	1900
1356	1900
1356	1911
1357	1911
1357	1914
1358	1914
1358	1917
1359	1917
1359	1919
1358	1919
1358	1920
1359	1920
1359	1925
1360	1925
1360	1928
1361	1928
1361	1936
1362	1936
1362	1938
1364	1938
1364	1942
1365	1942
1365	1947
1366	1947
1366	1951
1367	1951
1367	1954
1368	1954
1368	1959
1369	1959
1369	1962
1370	1962
1370	1963
1371	1963
1371	1964
1372	1964
1372	1969
1373	1969
1373	1973
1374	1973
1374	1976
1375	1976
1375	1981
1376	1981
1376	1984
1377	1984
1377	1989
1378	1989
1378	1990
1379	1990
1379	1995
1380	1995
1380	1999
1381	1999
1381	2000
1382	2000
1382	2005
1384	2005
1384	2010
1385	2010
1385	2013
1386	2013
1386	2014
1387	2014
1387	2015
1386	2015
1386	2016
1387	2016
1387	2020
1388	2020
1388	2021
1389	2021
1389	2022
1390	2022
1390	2025
1391	2025
1391	2026
1392	2026
1392	2031
1393	2031
1393	2033
1394	2033
1394	2036
1395	2036
1395	2037
1396	2037
1396	2041
1397	2041
1397	2043
1398	2043
1398	2046
1400	2046
1400	2048
1401	2048
1401	2051
1402	2051
1402	2053
1403	2053
1403	2056
1404	2056
1404	2057
1405	2057
1405	2060
1406	2060
1406	2061
1407	2061
1407	2063
1408	2063
1408	2067
1409	2067
1409	2070
1410	2070
1410	2074
1411	2074
1411	2081
1408	2081
1408	2080
1407	2080
1407	2079
1406	2079
1406	2077
1405	2077
1405	2075
1404	2075
1404	2074
1403	2074
1403	2073
1401	2073
1401	2072
1400	2072
1400	2071
1399	2071
1399	2070
1398	2070
1398	2069
1397	2069
1397	2068
1396	2068
1396	2067
1395	2067
1395	2066
1394	2066
1394	2065
1392	2065
1392	2063
1391	2063
1391	2062
1389	2062
1389	2059
1388	2059
1388	2058
1386	2058
1386	2055
1385	2055
1385	2054
1383	2054
1383	2052
1382	2052
1382	2050
1379	2050
1379	2045
1378	2045
1378	2044
1376	2044
1376	2043
1375	2043
1375	2042
1374	2042
1374	2040
1373	2040
1373	2039
1372	2039
1372	2038
1371	2038
1371	2036
1370	2036
1370	2035
1369	2035
1369	2032
1368	2032
1368	2029
1366	2029
1366	2028
1365	2028
1365	2026
1364	2026
1364	2024
1362	2024
1362	2022
1361	2022
1361	2019
1360	2019
1360	2018
1359	2018
1359	2017
1358	2017
1358	2014
1357	2014
1357	2013
1355	2013
1355	2009
1353	2009
1353	2004
1352	2004
1352	2003
1350	2003
1350	1999
1349	1999
1349	1998
1348	1998
1348	1995
1347	1995
1347	1993
1346	1993
1346	1992
1345	1992
1345	1989
1344	1989
1344	1988
1343	1988
1343	1987
1342	1987
1342	1985
1341	1985
1341	1983
1340	1983
1340	1981
1339	1981
1339	1978
1337	1978
1337	1973
1336	1973
1336	1972
1334	1972
1334	1970
1333	1970
1333	1968
1332	1968
1332	1967
1331	1967
1331	1966
1330	1966
1330	1962
1329	1962
1329	1960
1328	1960
1328	1957
1327	1957
1327	1952
1326	1952
1326	1951
1325	1951
1325	1950
1324	1950
1324	1949
1323	1949
1323	1948
1321	1948
1321	1944
1319	1944
1319	1941
1318	1941
1318	1939
1317	1939
1317	1937
1316	1937
1316	1936
1315	1936
1315	1934
1314	1934
1314	1932
1313	1932
1313	1927
1312	1927
1312	1926
1308	1926
1308	1923
1309	1923
1309	1922
1308	1922
1308	1921
1307	1921
1307	1917
1306	1917
1306	1916
1305	1916
1305	1913
1304	1913
1304	1911
1303	1911
1303	1910
1304	1910
1304	1906
1303	1906
1303	1905
1301	1905
1301	1900
1299	1900
1299	1899
1297	1899
1297	1895
1295	1895
1295	1894
1294	1894
1294	1890
1293	1890
1293	1889
1292	1889
1292	1888
1291	1888
1291	1880
1290	1880
1290	1879
1288	1879
1288	1878
1287	1878
1287	1876
1286	1876
1286	1875
1285	1875
1285	1874
1284	1874
1284	1869
1281	1869
1281	1866
1280	1866
1280	1864
1278	1864
1278	1861
1277	1861
1277	1858
1276	1858
1276	1857
1275	1857
1275	1853
1273	1853
1273	1850
1272	1850
1272	1848
1271	1848
1271	1845
1270	1845
1270	1837
1269	1837
1269	1836
1261	1836
1261	1837
1260	1837
1260	1836
1259	1836
1259	1837
1258	1837
1258	1838
1257	1838
1257	1840
1256	1840
1256	1841
1255	1841
1255	1843
1253	1843
1253	1848
1252	1848
1252	1849
1251	1849
1251	1848
1250	1848
1250	1845
1249	1845
1249	1842
1248	1842
1248	1840
1247	1840
1247	1837
1246	1837
1246	1834
1245	1834
1245	1830
1244	1830
1244	1823
1243	1823
1243	1822
1242	1822
1242	1819
1241	1819
1241	1818
1240	1818
1240	1817
1239	1817
1239	1813
1238	1813
1238	1812
1237	1812
1237	1809
1236	1809
1236	1807
1235	1807
1235	1806
1234	1806
1234	1797
1232	1797
1232	1794
1231	1794
1231	1792
1230	1792
1230	1786
1229	1786
1229	1782
1226	1782
1226	1781
1225	1781
1225	1782
1219	1782
1219	1783
1218	1783
1218	1784
1217	1784
1217	1785
1216	1785
1216	1786
1214	1786
1214	1787
1211	1787
1211	1795
1210	1795
1210	1796
1208	1796
1208	1794
1207	1794
1207	1793
1206	1793
1206	1792
1205	1792
1205	1787
1204	1787
1204	1786
1203	1786
1203	1785
1202	1785
1202	1784
1201	1784
1201	1776
1199	1776
1199	1774
1198	1774
1198	1771
1196	1771
1196	1770
1197	1770
1197	1769
1196	1769
1196	1767
1195	1767
1195	1765
1194	1765
1194	1763
1193	1763
1193	1756
1192	1756
1192	1755
1190	1755
1190	1753
1189	1753
1189	1750
1188	1750
1188	1748
1187	1748
1187	1745
1186	1745
1186	1744
1185	1744
1185	1742
1184	1742
1184	1737
1183	1737
1183	1734
1182	1734
1182	1730
1181	1730
1181	1725
1180	1725
1180	1716
1179	1716
1179	1704
1170	1704
1170	1705
1169	1705
1169	1706
1166	1706
1166	1707
1165	1707
1165	1708
1163	1708
1163	1709
1160	1709
1160	1710
1159	1710
1159	1711
1158	1711
1158	1713
1157	1713
1157	1714
1156	1714
1156	1713
1155	1713
1155	1714
1154	1714
1154	1718
1153	1718
1153	1720
1152	1720
1152	1724
1151	1724
1151	1725
1150	1725
1150	1724
1149	1724
1149	1723
1148	1723
1148	1722
1147	1722
1147	1721
1146	1721
1146	1718
1144	1718
1144	1716
1143	1716
1143	1715
1142	1715
1142	1712
1141	1712
1141	1710
1140	1710
1140	1708
1139	1708
1139	1706
1138	1706
1138	1704
1137	1704
1137	1701
1136	1701
1136	1700
1135	1700
1135	1697
1134	1697
1134	1694
1133	1694
1133	1690
1132	1690
1132	1689
1131	1689
1131	1685
1130	1685
1130	1683
1128	1683
1128	1680
1127	1680
1127	1678
1126	1678
1126	1675
1125	1675
1125	1673
1124	1673
1124	1670
1123	1670
1123	1666
1122	1666
1122	1662
1121	1662
1121	1660
1120	1660
1120	1657
1121	1657
1121	1656
1120	1656
1120	1634
1112	1634
1112	1635
1109	1635
1109	1636
1108	1636
1108	1637
1107	1637
1107	1638
1106	1638
1106	1639
1105	1639
1105	1640
1103	1640
1103	1641
1102	1641
1102	1642
1101	1642
1101	1643
1100	1643
1100	1644
1099	1644
1099	1645
1098	1645
1098	1647
1097	1647
1097	1648
1096	1648
1096	1649
1095	1649
1095	1655
1094	1655
1094	1656
1093	1656
1093	1655
1091	1655
1091	1653
1090	1653
1090	1652
1089	1652
1089	1651
1088	1651
1088	1649
1087	1649
1087	1647
1086	1647
1086	1642
1084	1642
1084	1641
1083	1641
1083	1639
1082	1639
1082	1636
1081	1636
1081	1634
1080	1634
1080	1631
1079	1631
1079	1621
1078	1621
1078	1620
1077	1620
1077	1613
1076	1613
1076	1609
1075	1609
1075	1594
1074	1594
1074	1592
1075	1592
1075	1567
1076	1567
1076	1564
1077	1564
1077	1561
1076	1561
1076	1560
1078	1560
1078	1559
1079	1559
1079	1557
1078	1557
1078	1554
1079	1554
1079	1553
1078	1553
1078	1552
1079	1552
1079	1551
1068	1551
1068	1552
1067	1552
1067	1553
1066	1553
1066	1554
1065	1554
1065	1555
1063	1555
1063	1556
1061	1556
1061	1557
1060	1557
1060	1558
1059	1558
1059	1559
1057	1559
1057	1560
1056	1560
1056	1562
1055	1562
1055	1563
1054	1563
1054	1565
1053	1565
1053	1567
1052	1567
1052	1569
1051	1569
1051	1571
1050	1571
1050	1570
1049	1570
1049	1569
1048	1569
1048	1565
1047	1565
1047	1564
1046	1564
1046	1563
1045	1563
1045	1559
1044	1559
1044	1557
1043	1557
1043	1549
1042	1549
1042	1548
1040	1548
1040	1544
1039	1544
1039	1538
1038	1538
1038	1528
1036	1528
1036	1523
1035	1523
1035	1521
1034	1521
1034	1514
1033	1514
1033	1511
1034	1511
1034	1509
1033	1509
1033	1493
1032	1493
1032	1488
1033	1488
1033	1480
1032	1480
1032	1479
1033	1479
1033	1474
1034	1474
1034	1470
1035	1470
1035	1467
1036	1467
1036	1465
1037	1465
1037	1456
1028	1456
1028	1457
1027	1457
1027	1458
1024	1458
1024	1459
1023	1459
1023	1460
1022	1460
1022	1461
1019	1461
1019	1463
1017	1463
1017	1464
1016	1464
1016	1465
1015	1465
1015	1466
1014	1466
1014	1467
1013	1467
1013	1469
1012	1469
1012	1476
1009	1476
1009	1475
1008	1475
1008	1474
1007	1474
1007	1472
1006	1472
1006	1471
1004	1471
1004	1466
1002	1466
1002	1465
1001	1465
1001	1464
1002	1464
1002	1462
1001	1462
1001	1461
1000	1461
1000	1460
999	1460
999	1458
998	1458
998	1454
997	1454
997	1452
996	1452
996	1443
995	1443
995	1430
994	1430
994	1404
993	1404
993	1396
994	1396
994	1395
995	1395
995	1390
996	1390
996	1387
997	1387
997	1385
999	1385
999	1375
987	1375
987	1376
985	1376
985	1377
983	1377
983	1378
979	1378
979	1379
978	1379
978	1381
974	1381
974	1383
970	1383
970	1384
969	1384
969	1386
968	1386
968	1387
967	1387
967	1389
966	1389
966	1391
964	1391
964	1392
963	1392
963	1390
962	1390
962	1385
961	1385
961	1383
960	1383
960	1362
961	1362
961	1354
962	1354
962	1351
963	1351
963	1338
964	1338
964	1334
965	1334
965	1327
966	1327
966	1319
967	1319
967	1316
968	1316
968	1311
969	1311
969	1308
971	1308
971	1306
972	1306
972	1305
973	1305
973	1297
972	1297
972	1296
970	1296
970	1295
966	1295
966	1296
964	1296
964	1297
963	1297
963	1298
961	1298
961	1299
958	1299
958	1300
953	1300
953	1302
952	1302
952	1305
951	1305
951	1306
950	1306
950	1307
949	1307
949	1308
948	1308
948	1310
946	1310
946	1308
945	1308
945	1301
944	1301
944	1295
943	1295
943	1283
944	1283
944	1272
945	1272
945	1240
946	1240
946	1236
947	1236
947	1232
948	1232
948	1230
949	1230
949	1227
950	1227
950	1216
940	1216
940	1217
938	1217
938	1218
937	1218
937	1219
935	1219
935	1220
933	1220
933	1221
932	1221
932	1222
931	1222
931	1223
930	1223
930	1224
929	1224
929	1226
928	1226
928	1227
927	1227
927	1229
926	1229
926	1228
925	1228
925	1225
924	1225
924	1216
925	1216
925	1210
926	1210
926	1200
927	1200
927	1195
928	1195
928	1193
929	1193
929	1182
930	1182
930	1175
931	1175
931	1172
932	1172
932	1168
933	1168
933	1165
934	1165
934	1159
935	1159
935	1154
936	1154
936	1152
937	1152
937	1150
938	1150
938	1148
939	1148
939	1146
940	1146
940	1145
941	1145
941	1144
942	1144
942	1143
943	1143
943	1135
928	1135
928	1136
927	1136
927	1138
926	1138
926	1139
925	1139
925	1140
922	1140
922	1143
921	1143
921	1144
919	1144
919	1128
920	1128
920	1124
921	1124
921	1120
922	1120
922	1119
921	1119
921	1118
922	1118
922	1113
923	1113
923	1111
924	1111
924	1094
925	1094
925	1091
926	1091
926	1085
927	1085
927	1080
929	1080
929	1073
930	1073
930	1071
931	1071
931	1069
932	1069
932	1064
933	1064
933	1061
934	1061
934	1054
935	1054
935	1053
934	1053
934	1050
925	1050
925	1051
922	1051
922	1053
921	1053
921	1058
918	1058
918	1059
917	1059
917	1063
915	1063
915	1070
914	1070
914	1073
913	1073
913	1074
912	1074
912	1075
911	1075
911	1072
910	1072
910	1069
909	1069
909	1068
908	1068
908	1067
900	1067
900	1070
899	1070
899	1074
900	1074
900	1078
901	1078
901	1090
900	1090
900	1093
901	1093
901	1112
902	1112
902	1115
901	1115
901	1136
900	1136
900	1141
899	1141
899	1145
898	1145
898	1149
897	1149
897	1151
896	1151
896	1153
895	1153
895	1154
894	1154
894	1156
892	1156
892	1152
891	1152
891	1150
890	1150
890	1147
889	1147
889	1146
887	1146
887	1145
885	1145
885	1144
883	1144
883	1143
880	1143
880	1142
878	1142
878	1141
877	1141
877	1140
868	1140
868	1143
867	1143
867	1146
868	1146
868	1149
867	1149
867	1151
868	1151
868	1153
869	1153
869	1158
870	1158
870	1162
871	1162
871	1163
872	1163
872	1178
871	1178
871	1187
870	1187
870	1206
871	1206
871	1216
870	1216
870	1233
869	1233
869	1235
870	1235
870	1236
869	1236
869	1238
868	1238
868	1240
867	1240
867	1241
868	1241
868	1244
867	1244
867	1247
866	1247
866	1248
865	1248
865	1250
863	1250
863	1251
864	1251
864	1252
863	1252
863	1253
862	1253
862	1254
861	1254
861	1253
860	1253
860	1250
859	1250
859	1249
858	1249
858	1246
857	1246
857	1244
856	1244
856	1243
852	1243
852	1241
848	1241
848	1240
846	1240
846	1239
844	1239
844	1238
835	1238
835	1239
834	1239
834	1250
835	1250
835	1251
836	1251
836	1256
837	1256
837	1259
836	1259
836	1271
837	1271
837	1274
836	1274
836	1279
835	1279
835	1280
834	1280
834	1288
833	1288
833	1293
832	1293
832	1297
831	1297
831	1304
830	1304
830	1306
829	1306
829	1310
828	1310
828	1312
827	1312
827	1318
826	1318
826	1321
825	1321
825	1326
824	1326
824	1327
823	1327
823	1333
822	1333
822	1334
821	1334
821	1333
820	1333
820	1332
819	1332
819	1331
818	1331
818	1329
817	1329
817	1327
814	1327
814	1326
812	1326
812	1324
811	1324
811	1325
810	1325
810	1324
808	1324
808	1323
805	1323
805	1322
804	1322
804	1321
793	1321
793	1333
794	1333
794	1336
795	1336
795	1360
794	1360
794	1368
793	1368
793	1377
792	1377
792	1379
791	1379
791	1389
789	1389
789	1393
788	1393
788	1395
787	1395
787	1400
786	1400
786	1405
785	1405
785	1407
784	1407
784	1409
783	1409
783	1411
782	1411
782	1414
780	1414
780	1413
779	1413
779	1408
776	1408
776	1407
772	1407
772	1406
770	1406
770	1405
768	1405
768	1404
764	1404
764	1403
763	1403
763	1402
759	1402
759	1401
748	1401
748	1424
747	1424
747	1425
746	1425
746	1434
745	1434
745	1439
744	1439
744	1442
743	1442
743	1448
742	1448
742	1449
741	1449
741	1456
740	1456
740	1457
739	1457
739	1460
738	1460
738	1463
737	1463
737	1466
734	1466
734	1472
733	1472
733	1474
732	1474
732	1477
731	1477
731	1479
730	1479
730	1481
729	1481
729	1483
728	1483
728	1485
727	1485
727	1486
726	1486
726	1487
725	1487
725	1490
724	1490
724	1491
723	1491
723	1492
721	1492
721	1493
720	1493
720	1497
719	1497
719	1499
717	1499
717	1497
716	1497
716	1496
715	1496
715	1493
714	1493
714	1490
713	1490
713	1491
712	1491
712	1489
709	1489
709	1488
708	1488
708	1487
707	1487
707	1486
704	1486
704	1485
701	1485
701	1484
699	1484
699	1483
697	1483
697	1482
691	1482
691	1481
689	1481
689	1482
688	1482
688	1490
687	1490
687	1498
686	1498
686	1502
685	1502
685	1504
684	1504
684	1513
683	1513
683	1517
682	1517
682	1520
681	1520
681	1522
680	1522
680	1524
679	1524
679	1527
678	1527
678	1528
677	1528
677	1529
676	1529
676	1533
674	1533
674	1538
673	1538
673	1539
672	1539
672	1545
671	1545
671	1548
670	1548
670	1549
669	1549
669	1550
668	1550
668	1553
667	1553
667	1555
666	1555
666	1557
665	1557
665	1559
664	1559
664	1561
663	1561
663	1563
662	1563
662	1562
661	1562
661	1560
660	1560
660	1558
659	1558
659	1556
657	1556
657	1555
656	1555
656	1554
655	1554
655	1553
652	1553
652	1552
651	1552
651	1551
648	1551
648	1550
639	1550
639	1554
638	1554
638	1566
637	1566
637	1569
636	1569
636	1576
635	1576
635	1579
634	1579
634	1580
633	1580
633	1584
632	1584
632	1585
629	1585
629	1590
628	1590
628	1595
626	1595
626	1600
625	1600
625	1602
624	1602
624	1604
623	1604
623	1606
622	1606
622	1607
621	1607
621	1609
620	1609
620	1612
619	1612
619	1613
618	1613
618	1614
617	1614
617	1615
616	1615
616	1616
614	1616
614	1611
613	1611
613	1610
611	1610
611	1609
609	1609
609	1606
608	1606
608	1605
597	1605
597	1606
596	1606
596	1611
595	1611
595	1617
594	1617
594	1621
591	1621
591	1629
590	1629
590	1630
589	1630
589	1631
588	1631
588	1632
586	1632
586	1637
585	1637
585	1641
584	1641
584	1642
583	1642
583	1644
582	1644
582	1647
579	1647
579	1653
576	1653
576	1657
575	1657
575	1658
574	1658
574	1659
573	1659
573	1660
572	1660
572	1661
571	1661
571	1663
567	1663
567	1661
566	1661
566	1659
565	1659
565	1658
566	1658
566	1657
555	1657
555	1664
554	1664
554	1665
553	1665
553	1668
552	1668
552	1672
551	1672
551	1673
550	1673
550	1676
549	1676
549	1678
545	1678
545	1682
544	1682
544	1683
543	1683
543	1687
542	1687
542	1688
540	1688
540	1690
539	1690
539	1693
537	1693
537	1694
536	1694
536	1693
535	1693
535	1694
534	1694
534	1698
533	1698
533	1700
532	1700
532	1703
531	1703
531	1704
529	1704
529	1708
528	1708
528	1709
526	1709
526	1712
525	1712
525	1714
522	1714
522	1719
519	1719
519	1724
518	1724
518	1725
517	1725
517	1727
516	1727
516	1729
515	1729
515	1730
512	1730
512	1734
511	1734
511	1736
510	1736
510	1738
509	1738
509	1739
508	1739
508	1740
507	1740
507	1741
506	1741
506	1744
505	1744
505	1745
504	1745
504	1748
503	1748
503	1750
502	1750
502	1752
501	1752
501	1754
500	1754
500	1755
498	1755
498	1756
497	1756
497	1759
496	1759
496	1761
495	1761
495	1764
494	1764
494	1765
493	1765
493	1764
492	1764
492	1767
491	1767
491	1771
488	1771
488	1776
486	1776
486	1779
485	1779
485	1781
484	1781
484	1782
483	1782
483	1784
482	1784
482	1785
481	1785
481	1786
479	1786
479	1787
478	1787
478	1792
476	1792
476	1793
475	1793
475	1797
472	1797
472	1799
473	1799
473	1801
472	1801
472	1802
471	1802
471	1803
470	1803
470	1807
467	1807
467	1812
466	1812
466	1813
465	1813
465	1815
466	1815
466	1816
465	1816
465	1817
462	1817
462	1822
460	1822
460	1827
458	1827
458	1828
457	1828
457	1831
456	1831
456	1832
455	1832
455	1834
454	1834
454	1837
452	1837
452	1838
451	1838
451	1839
450	1839
450	1843
447	1843
447	1844
446	1844
446	1848
445	1848
445	1849
444	1849
444	1853
442	1853
442	1854
441	1854
441	1858
439	1858
439	1862
438	1862
438	1864
437	1864
437	1865
436	1865
436	1866
435	1866
435	1867
434	1867
434	1869
431	1869
431	1874
430	1874
430	1875
429	1875
429	1877
428	1877
428	1879
427	1879
427	1880
426	1880
426	1881
425	1881
425	1883
424	1883
424	1885
423	1885
423	1888
422	1888
422	1889
421	1889
421	1891
420	1891
420	1892
419	1892
419	1893
418	1893
418	1894
417	1894
417	1895
416	1895
416	1896
415	1896
415	1898
414	1898
414	1899
413	1899
413	1900
411	1900
411	1901
410	1901
410	1903
409	1903
409	1904
408	1904
408	1905
404	1905
404	1903
405	1903
405	1900
406	1900
406	1896
407	1896
407	1890
408	1890
408	1886
409	1886
409	1876
410	1876
410	1871
412	1871
412	1869
413	1869
413	1867
414	1867
414	1862
415	1862
415	1860
417	1860
417	1856
418	1856
418	1853
419	1853
419	1849
420	1849
420	1847
421	1847
421	1845
422	1845
422	1842
423	1842
423	1840
424	1840
424	1837
425	1837
425	1832
426	1832
426	1830
427	1830
427	1828
428	1828
428	1824
429	1824
429	1821
430	1821
430	1815
431	1815
431	1814
432	1814
432	1813
433	1813
433	1807
434	1807
434	1805
435	1805
435	1804
434	1804
434	1803
435	1803
435	1800
436	1800
436	1798
438	1798
438	1791
439	1791
439	1789
440	1789
440	1784
441	1784
441	1783
443	1783
443	1777
444	1777
444	1772
445	1772
445	1771
446	1771
446	1766
447	1766
447	1763
448	1763
448	1761
449	1761
449	1756
450	1756
450	1755
451	1755
451	1753
452	1753
452	1748
453	1748
453	1746
454	1746
454	1741
455	1741
455	1738
456	1738
456	1732
457	1732
457	1731
458	1731
458	1730
459	1730
459	1722
460	1722
460	1720
461	1720
461	1718
462	1718
462	1717
461	1717
461	1714
462	1714
462	1713
461	1713
461	1711
462	1711
462	1709
463	1709
463	1706
464	1706
464	1700
465	1700
465	1695
466	1695
466	1685
467	1685
467	1679
468	1679
468	1674
469	1674
469	1668
470	1668
470	1664
471	1664
471	1659
472	1659
472	1656
473	1656
473	1655
472	1655
472	1647
471	1647
471	1646
460	1646
460	1645
459	1645
459	1644
460	1644
460	1643
461	1643
461	1640
462	1640
462	1639
463	1639
463	1633
464	1633
464	1625
465	1625
465	1623
466	1623
466	1613
468	1613
468	1608
469	1608
469	1602
470	1602
470	1595
471	1595
471	1590
472	1590
472	1588
473	1588
473	1586
474	1586
474	1580
475	1580
475	1579
476	1579
476	1578
477	1578
477	1576
479	1576
479	1573
480	1573
480	1571
481	1571
481	1563
480	1563
480	1562
478	1562
478	1561
464	1561
464	1562
463	1562
463	1563
462	1563
462	1562
461	1562
461	1563
457	1563
457	1566
456	1566
456	1568
454	1568
454	1566
453	1566
453	1559
454	1559
454	1557
455	1557
455	1556
454	1556
454	1555
455	1555
455	1550
456	1550
456	1545
457	1545
457	1540
458	1540
458	1539
459	1539
459	1526
460	1526
460	1521
461	1521
461	1512
462	1512
462	1510
461	1510
461	1507
462	1507
462	1504
463	1504
463	1502
464	1502
464	1501
463	1501
463	1499
464	1499
464	1494
467	1494
467	1491
468	1491
468	1490
469	1490
469	1486
470	1486
470	1484
472	1484
472	1483
473	1483
473	1482
474	1482
474	1479
476	1479
476	1478
477	1478
477	1469
475	1469
475	1468
464	1468
464	1469
458	1469
458	1470
455	1470
455	1471
454	1471
454	1473
453	1473
453	1474
452	1474
452	1475
451	1475
451	1474
450	1474
450	1467
449	1467
449	1460
450	1460
450	1454
451	1454
451	1450
452	1450
452	1449
453	1449
453	1447
454	1447
454	1441
455	1441
455	1440
456	1440
456	1439
457	1439
457	1437
458	1437
458	1436
459	1436
459	1432
460	1432
460	1430
461	1430
461	1427
463	1427
463	1426
464	1426
464	1418
465	1418
465	1416
466	1416
466	1414
467	1414
467	1411
468	1411
468	1410
469	1410
469	1406
470	1406
470	1405
472	1405
472	1403
473	1403
473	1401
476	1401
476	1400
477	1400
477	1396
478	1396
478	1389
477	1389
477	1388
470	1388
470	1387
469	1387
469	1386
456	1386
456	1385
455	1385
455	1386
453	1386
453	1387
451	1387
451	1388
449	1388
449	1380
450	1380
450	1378
451	1378
451	1375
452	1375
452	1372
453	1372
453	1370
454	1370
454	1369
455	1369
455	1365
457	1365
457	1362
458	1362
458	1360
459	1360
459	1359
460	1359
460	1357
461	1357
461	1356
462	1356
462	1354
463	1354
463	1353
464	1353
464	1348
465	1348
465	1347
466	1347
466	1345
467	1345
467	1344
468	1344
468	1343
469	1343
469	1339
470	1339
470	1338
471	1338
471	1335
472	1335
472	1334
473	1334
473	1333
474	1333
474	1331
475	1331
475	1330
476	1330
476	1329
477	1329
477	1327
478	1327
478	1326
479	1326
479	1325
480	1325
480	1324
481	1324
481	1323
484	1323
484	1321
485	1321
485	1320
486	1320
486	1319
488	1319
488	1318
490	1318
490	1317
491	1317
491	1316
492	1316
492	1314
491	1314
491	1313
492	1313
492	1306
489	1306
489	1305
485	1305
485	1304
467	1304
467	1305
466	1305
466	1306
464	1306
464	1307
462	1307
462	1308
461	1308
461	1303
462	1303
462	1297
464	1297
464	1288
465	1288
465	1287
466	1287
466	1283
467	1283
467	1282
468	1282
468	1281
469	1281
469	1277
470	1277
470	1276
471	1276
471	1273
472	1273
472	1272
473	1272
473	1271
474	1271
474	1270
475	1270
475	1269
474	1269
474	1268
475	1268
475	1267
476	1267
476	1265
477	1265
477	1264
478	1264
478	1262
480	1262
480	1259
481	1259
481	1258
482	1258
482	1257
483	1257
483	1256
484	1256
484	1255
485	1255
485	1253
487	1253
487	1251
489	1251
489	1250
490	1250
490	1248
491	1248
491	1247
492	1247
492	1246
494	1246
494	1245
495	1245
495	1242
500	1242
500	1238
501	1238
501	1237
503	1237
503	1236
505	1236
505	1235
506	1235
506	1234
505	1234
505	1226
502	1226
502	1225
499	1225
499	1224
496	1224
496	1223
492	1223
492	1222
481	1222
481	1223
478	1223
478	1225
475	1225
475	1222
476	1222
476	1215
477	1215
477	1214
478	1214
478	1210
479	1210
479	1209
480	1209
480	1207
481	1207
481	1206
482	1206
482	1205
483	1205
483	1204
484	1204
484	1203
485	1203
485	1200
484	1200
484	1199
485	1199
485	1197
487	1197
487	1194
489	1194
489	1193
490	1193
490	1188
493	1188
493	1187
492	1187
492	1186
493	1186
493	1185
494	1185
494	1184
496	1184
496	1181
498	1181
498	1180
500	1180
500	1175
501	1175
501	1174
503	1174
503	1173
505	1173
505	1170
506	1170
506	1168
508	1168
508	1167
509	1167
509	1164
510	1164
510	1163
511	1163
511	1161
512	1161
512	1160
513	1160
513	1158
514	1158
514	1157
515	1157
515	1156
519	1156
519	1155
520	1155
520	1153
521	1153
521	1151
523	1151
523	1149
524	1149
524	1148
525	1148
525	1147
531	1147
531	1146
532	1146
532	1144
533	1144
533	1143
536	1143
536	1142
539	1142
539	1141
540	1141
540	1134
539	1134
539	1133
538	1133
538	1132
536	1132
536	1130
534	1130
534	1129
532	1129
532	1128
531	1128
531	1127
528	1127
528	1126
526	1126
526	1125
514	1125
514	1126
512	1126
512	1127
510	1127
510	1122
511	1122
511	1119
512	1119
512	1117
513	1117
513	1116
514	1116
514	1113
515	1113
515	1112
516	1112
516	1111
517	1111
517	1110
518	1110
518	1106
520	1106
520	1105
521	1105
521	1102
522	1102
522	1101
525	1101
525	1100
526	1100
526	1099
528	1099
528	1096
530	1096
530	1095
531	1095
531	1094
532	1094
532	1091
533	1091
533	1090
534	1090
534	1089
535	1089
535	1088
534	1088
534	1087
535	1087
535	1086
536	1086
536	1085
539	1085
539	1083
540	1083
540	1082
541	1082
541	1081
542	1081
542	1079
543	1079
543	1077
545	1077
545	1076
546	1076
546	1075
548	1075
548	1071
549	1071
549	1070
551	1070
551	1069
552	1069
552	1068
554	1068
554	1066
555	1066
555	1065
561	1065
561	1064
562	1064
562	1061
567	1061
567	1059
570	1059
570	1058
571	1058
571	1057
572	1057
572	1056
573	1056
573	1049
572	1049
572	1048
571	1048
571	1047
568	1047
568	1046
566	1046
566	1045
564	1045
564	1044
562	1044
562	1043
561	1043
561	1042
546	1042
546	1043
544	1043
544	1044
541	1044
541	1043
542	1043
542	1038
543	1038
543	1035
544	1035
544	1034
545	1034
545	1033
547	1033
547	1029
548	1029
548	1028
549	1028
549	1027
550	1027
550	1026
551	1026
551	1024
552	1024
552	1023
553	1023
553	1022
554	1022
554	1021
557	1021
557	1019
558	1019
558	1018
562	1018
562	1016
563	1016
563	1015
564	1015
564	1014
565	1014
565	1011
570	1011
570	1010
571	1010
571	1009
572	1009
572	1007
573	1007
573	1006
574	1006
574	1003
577	1003
577	999
578	999
578	998
580	998
580	997
582	997
582	996
586	996
586	995
587	995
587	994
588	994
588	991
589	991
589	989
594	989
594	988
595	988
595	987
598	987
598	984
599	984
599	983
603	983
603	982
604	982
604	981
605	981
605	980
608	980
608	979
609	979
609	977
616	977
616	976
617	976
617	970
616	970
616	968
614	968
614	967
612	967
612	966
610	966
610	965
608	965
608	964
595	964
595	963
594	963
594	958
593	958
593	957
592	957
592	958
585	958
585	959
582	959
582	960
581	960
581	962
580	962
580	964
579	964
579	965
576	965
576	969
575	969
575	970
574	970
574	971
572	971
572	972
571	972
571	973
570	973
570	974
569	974
569	975
565	975
565	978
562	978
562	979
561	979
561	980
559	980
559	981
557	981
557	982
556	982
556	983
551	983
551	984
550	984
550	985
548	985
548	984
547	984
547	972
546	972
546	970
542	970
542	965
541	965
541	964
536	964
536	965
535	965
535	964
534	964
534	965
532	965
532	969
531	969
531	970
530	970
530	969
529	969
529	972
528	972
528	973
527	973
527	975
524	975
524	980
519	980
519	985
517	985
517	986
514	986
514	989
513	989
513	990
508	990
508	991
507	991
507	993
506	993
506	994
504	994
504	997
503	997
503	998
499	998
499	999
498	999
498	1002
495	1002
495	1003
493	1003
493	1004
488	1004
488	1007
484	1007
484	1008
482	1008
482	1009
478	1009
478	1010
477	1010
477	1011
473	1011
473	1012
472	1012
472	1013
469	1013
469	1014
465	1014
465	1013
464	1013
464	1014
463	1014
463	1015
461	1015
461	1014
460	1014
460	1012
461	1012
461	1005
460	1005
460	1002
459	1002
459	1000
450	1000
450	1001
447	1001
447	1005
446	1005
446	1006
445	1006
445	1007
444	1007
444	1009
443	1009
443	1010
442	1010
442	1011
440	1011
440	1013
438	1013
438	1015
437	1015
437	1016
435	1016
435	1017
434	1017
434	1019
433	1019
433	1020
432	1020
432	1021
430	1021
430	1020
429	1020
429	1021
428	1021
428	1022
427	1022
427	1023
426	1023
426	1025
421	1025
421	1028
420	1028
420	1029
416	1029
416	1030
415	1030
415	1031
414	1031
414	1032
410	1032
410	1035
407	1035
407	1036
406	1036
406	1037
405	1037
405	1038
404	1038
404	1039
402	1039
402	1040
398	1040
398	1041
397	1041
397	1042
394	1042
394	1043
393	1043
393	1044
392	1044
392	1045
389	1045
389	1046
387	1046
387	1036
386	1036
386	1032
384	1032
384	1031
383	1031
383	1029
374	1029
374	1031
373	1031
373	1032
369	1032
369	1035
366	1035
366	1036
365	1036
365	1037
364	1037
364	1038
363	1038
363	1039
360	1039
360	1040
355	1040
355	1041
354	1041
354	1042
352	1042
352	1043
351	1043
351	1045
348	1045
348	1046
346	1046
346	1045
344	1045
344	1046
343	1046
343	1047
339	1047
339	1048
338	1048
338	1050
333	1050
333	1052
328	1052
328	1053
325	1053
325	1055
323	1055
323	1056
320	1056
320	1057
318	1057
318	1058
316	1058
316	1059
314	1059
314	1060
311	1060
311	1061
309	1061
309	1057
308	1057
308	1055
297	1055
297	1057
294	1057
294	1058
291	1058
291	1059
290	1059
290	1060
284	1060
284	1061
281	1061
281	1062
276	1062
276	1063
271	1063
271	1065
270	1065
270	1066
268	1066
268	1065
267	1065
267	1066
266	1066
266	1067
265	1067
265	1068
261	1068
261	1069
260	1069
260	1070
259	1070
259	1071
256	1071
256	1072
255	1072
255	1073
250	1073
250	1075
249	1075
249	1076
246	1076
246	1077
240	1077
240	1079
239	1079
239	1080
238	1080
238	1081
231	1081
231	1082
229	1082
229	1083
228	1083
228	1084
226	1084
226	1086
220	1086
220	1087
219	1087
219	1088
217	1088
217	1089
216	1089
216	1088
215	1088
215	1089
214	1089
214	1091
213	1091
213	1092
209	1092
209	1093
208	1093
208	1094
204	1094
204	1096
202	1096
202	1097
201	1097
201	1096
200	1096
200	1097
199	1097
199	1098
198	1098
198	1099
194	1099
194	1100
193	1100
193	1101
191	1101
191	1102
189	1102
189	1103
188	1103
188	1104
183	1104
183	1105
182	1105
182	1106
178	1106
178	1107
177	1107
177	1108
176	1108
176	1107
175	1107
175	1108
173	1108
173	1109
172	1109
172	1108
171	1108
171	1109
169	1109
169	1110
167	1110
167	1111
166	1111
166	1112
165	1112
165	1113
164	1113
164	1114
160	1114
160	1115
158	1115
158	1116
157	1116
157	1117
153	1117
153	1118
148	1118
148	1120
146	1120
146	1121
142	1121
142	1122
137	1122
137	1123
132	1123
132	1124
130	1124
130	1125
117	1125
117	1126
107	1126
107	1125
106	1125
106	1123
107	1123
107	1122
109	1122
109	1121
110	1121
110	1120
112	1120
112	1119
114	1119
114	1118
116	1118
116	1117
119	1117
119	1116
123	1116
123	1114
124	1114
124	1113
127	1113
127	1112
128	1112
128	1111
129	1111
129	1110
130	1110
130	1109
133	1109
133	1107
135	1107
135	1106
138	1106
138	1104
141	1104
141	1103
143	1103
143	1101
147	1101
147	1100
148	1100
148	1097
149	1097
149	1096
151	1096
151	1095
152	1095
152	1096
153	1096
153	1095
154	1095
154	1093
155	1093
155	1092
157	1092
157	1091
159	1091
159	1088
161	1088
161	1087
162	1087
162	1086
164	1086
164	1085
167	1085
167	1083
168	1083
168	1082
169	1082
169	1081
170	1081
170	1080
174	1080
174	1078
175	1078
175	1076
177	1076
177	1075
179	1075
179	1074
180	1074
180	1072
184	1072
184	1071
185	1071
185	1068
188	1068
188	1067
189	1067
189	1066
190	1066
190	1065
193	1065
193	1064
195	1064
195	1061
196	1061
196	1060
199	1060
199	1059
200	1059
200	1057
201	1057
201	1056
202	1056
202	1055
203	1055
203	1054
206	1054
206	1052
207	1052
207	1051
208	1051
208	1050
211	1050
211	1049
213	1049
213	1046
214	1046
214	1045
215	1045
215	1044
220	1044
220	1043
221	1043
221	1039
222	1039
222	1037
224	1037
224	1035
226	1035
226	1034
228	1034
228	1033
229	1033
229	1029
231	1029
231	1028
232	1028
232	1027
234	1027
234	1026
235	1026
235	1025
236	1025
236	1024
237	1024
237	1023
238	1023
238	1022
239	1022
239	1020
240	1020
240	1019
242	1019
242	1018
243	1018
243	1015
244	1015
244	1014
246	1014
246	1013
252	1013
252	1008
256	1008
256	1007
257	1007
257	999
256	999
256	998
255	998
255	997
257	997
257	995
259	995
259	994
262	994
262	993
263	993
263	992
264	992
264	990
265	990
265	989
266	989
266	988
267	988
267	986
268	986
268	985
269	985
269	984
270	984
270	983
272	983
272	982
273	982
273	979
275	979
275	978
276	978
276	977
278	977
278	974
279	974
279	973
281	973
281	972
282	972
282	971
284	971
284	968
285	968
285	967
288	967
288	965
289	965
289	963
293	963
293	961
294	961
294	960
295	960
295	959
296	959
296	958
301	958
301	956
303	956
303	955
305	955
305	954
307	954
307	953
309	953
309	952
310	952
310	945
309	945
309	944
307	944
307	942
306	942
306	941
305	941
305	940
304	940
304	939
303	939
303	938
301	938
301	937
300	937
300	936
299	936
299	934
292	934
292	933
290	933
290	931
292	931
292	930
293	930
293	929
294	929
294	928
295	928
295	927
296	927
296	926
298	926
298	925
303	925
303	924
304	924
304	923
305	923
305	920
308	920
308	919
309	919
309	916
313	916
313	915
318	915
318	914
320	914
320	912
321	912
321	910
323	910
323	909
326	909
326	908
328	908
328	905
331	905
331	904
335	904
335	900
338	900
338	899
339	899
339	896
340	896
340	895
342	895
342	894
345	894
345	891
347	891
347	890
348	890
348	889
349	889
349	888
350	888
350	886
354	886
354	884
355	884
355	883
357	883
357	882
358	882
358	881
362	881
362	879
365	879
365	878
366	878
366	875
367	875
367	869
366	869
366	868
365	868
365	867
364	867
364	866
363	866
363	865
361	865
361	864
360	864
360	861
354	861
354	860
345	860
345	858
346	858
346	856
347	856
347	855
348	855
348	854
349	854
349	853
350	853
350	851
351	851
351	850
352	850
352	849
353	849
353	848
354	848
354	847
355	847
355	846
357	846
357	845
361	845
361	843
365	843
365	841
366	841
366	837
371	837
371	833
372	833
372	832
378	832
378	831
379	831
379	827
381	827
381	826
385	826
385	825
386	825
386	823
388	823
388	822
391	822
391	821
392	821
392	820
393	820
393	819
396	819
396	818
398	818
398	817
402	817
402	816
403	816
403	815
404	815
404	814
410	814
410	811
411	811
411	812
415	812
415	811
416	811
416	810
415	810
415	809
416	809
416	804
415	804
415	802
414	802
414	801
413	801
413	800
411	800
411	799
409	799
409	798
406	798
406	797
398	797
398	796
397	796
397	795
398	795
398	793
400	793
400	792
401	792
401	791
403	791
403	790
402	790
402	789
404	789
404	788
407	788
407	785
412	785
412	783
413	783
413	781
417	781
417	780
418	780
418	779
421	779
421	778
422	778
422	776
423	776
423	775
425	775
425	774
427	774
427	773
429	773
429	772
431	772
431	771
432	771
432	770
434	770
434	769
435	769
435	767
438	767
438	766
439	766
439	765
443	765
443	762
445	762
445	760
448	760
448	759
450	759
450	758
453	758
453	757
454	757
454	755
474	755
474	754
475	754
475	753
477	753
477	744
476	744
476	743
475	743
475	741
473	741
473	740
472	740
472	739
471	739
471	738
470	738
470	737
469	737
469	736
467	736
467	735
466	735
466	734
464	734
464	732
454	732
454	730
455	730
455	729
456	729
456	728
457	728
457	727
458	727
458	726
459	726
459	725
460	725
460	724
463	724
463	723
464	723
464	720
466	720
466	719
470	719
470	718
471	718
471	717
472	717
472	716
477	716
477	713
482	713
482	712
483	712
483	710
485	710
485	709
488	709
488	710
489	710
489	709
490	709
490	708
492	708
492	707
495	707
495	706
499	706
499	705
501	705
501	704
502	704
502	703
504	703
504	702
506	702
506	701
513	701
513	698
539	698
539	689
538	689
538	688
537	688
537	686
536	686
536	685
535	685
535	683
534	683
534	682
535	682
535	681
533	681
533	680
532	680
532	678
531	678
531	676
530	676
530	675
529	675
529	674
527	674
527	673
525	673
525	672
523	672
523	671
521	671
521	669
523	669
523	668
526	668
526	669
533	669
533	670
536	670
536	669
541	669
541	668
542	668
542	664
544	664
544	663
548	663
548	662
550	662
550	661
552	661
552	663
560	663
560	662
565	662
565	661
579	661
579	660
580	660
580	659
587	659
587	658
589	658
589	659
591	659
591	658
592	658
592	659
594	659
594	658
595	658
595	659
599	659
599	660
602	660
602	662
603	662
603	661
612	661
612	653
611	653
611	651
610	651
610	649
609	649
609	646
608	646
608	644
607	644
607	643
606	643
606	642
605	642
605	641
604	641
604	640
603	640
603	639
602	639
602	638
600	638
600	636
602	636
602	635
606	635
606	634
610	634
610	633
619	633
619	632
620	632
620	631
623	631
623	632
627	632
627	633
636	633
636	632
637	632
637	631
639	631
639	632
649	632
649	633
650	633
650	634
651	634
651	635
653	635
653	636
655	636
655	635
657	635
657	636
659	636
659	635
660	635
660	636
662	636
662	637
669	637
669	641
678	641
678	640
679	640
679	633
678	633
678	631
677	631
677	630
675	630
675	629
674	629
674	628
673	628
673	627
672	627
672	626
671	626
671	625
672	625
672	624
685	624
685	623
693	623
693	624
703	624
703	623
704	623
704	624
705	624
705	625
709	625
709	626
711	626
711	625
712	625
712	626
716	626
716	625
717	625
717	624
718	624
718	621
717	621
717	620
718	620
718	617
717	617
717	616
707	616
707	606
706	606
706	605
690	605
690	606
686	606
686	605
672	605
672	604
666	604
666	603
663	603
663	602
661	602
661	601
658	601
658	600
655	600
655	598
652	598
652	597
647	597
647	596
646	596
646	595
645	595
645	594
646	594
646	593
650	593
650	592
652	592
652	591
653	591
653	583
652	583
652	582
629	582
629	581
621	581
621	580
618	580
618	579
616	579
616	580
615	580
615	579
611	579
611	578
608	578
608	577
603	577
603	576
599	576
599	575
596	575
596	574
593	574
593	572
588	572
588	569
583	569
583	567
578	567
578	565
580	565
580	564
583	564
583	563
585	563
585	562
586	562
586	558
587	558
587	553
586	553
586	552
587	552
587	551
579	551
579	550
577	550
577	549
572	549
572	548
564	548
564	547
562	547
562	546
557	546
557	544
555	544
555	543
553	543
553	542
551	542
551	541
549	541
549	540
547	540
547	538
546	538
546	536
541	536
541	534
536	534
536	531
532	531
532	530
531	530
531	529
529	529
529	528
528	528
528	527
526	527
526	526
525	526
525	525
523	525
523	524
521	524
521	523
520	523
520	521
521	521
521	520
522	520
522	519
523	519
523	518
524	518
524	517
525	517
525	516
526	516
526	508
525	508
525	507
520	507
520	506
519	506
519	507
518	507
518	506
516	506
516	505
515	505
515	504
513	504
513	505
512	505
512	504
511	504
511	503
508	503
508	501
506	501
506	500
505	500
505	499
503	499
503	498
501	498
501	497
500	497
500	495
499	495
499	494
497	494
497	493
496	493
496	492
495	492
495	489
492	489
492	488
491	488
491	486
490	486
490	485
489	485
489	484
487	484
487	483
485	483
485	479
481	479
481	478
479	478
479	477
478	477
478	476
477	476
477	475
476	475
476	473
474	473
474	471
470	471
470	470
469	470
469	468
465	468
465	467
464	467
464	464
463	464
463	463
459	463
459	462
458	462
458	458
455	458
455	457
454	457
454	455
453	455
453	453
449	453
449	452
448	452
448	451
447	451
447	450
445	450
445	448
444	448
444	447
443	447
443	446
442	446
442	445
438	445
438	443
437	443
437	442
434	442
434	441
433	441
433	437
429	437
429	436
428	436
428	434
427	434
427	433
424	433
424	432
423	432
423	430
420	430
420	429
419	429
419	428
417	428
417	427
416	427
416	426
415	426
415	425
412	425
412	422
409	422
409	421
407	421
407	417
402	417
402	413
398	413
398	412
397	412
397	408
396	408
396	407
394	407
394	406
393	406
393	405
392	405
392	402
391	402
391	401
389	401
389	400
388	400
388	397
387	397
387	396
385	396
385	395
384	395
384	394
383	394
383	392
382	392
382	391
381	391
381	389
382	389
382	388
383	388
383	389
386	389
386	390
390	390
390	391
392	391
392	392
395	392
395	393
397	393
397	395
398	395
398	396
400	396
400	397
401	397
401	398
405	398
405	399
406	399
406	400
411	400
411	403
418	403
418	404
420	404
420	405
425	405
425	406
426	406
426	408
435	408
435	409
436	409
436	410
439	410
439	411
440	411
440	410
441	410
441	411
442	411
442	412
448	412
448	413
449	413
449	414
451	414
451	416
461	416
461	418
462	418
462	419
473	419
473	420
474	420
474	421
477	421
477	422
480	422
480	423
481	423
481	424
485	424
485	425
488	425
488	428
489	428
489	427
491	427
491	428
494	428
494	429
505	429
505	430
506	430
506	431
515	431
515	432
519	432
519	434
528	434
528	435
530	435
530	436
535	436
535	438
546	438
546	437
549	437
549	435
550	435
550	432
551	432
551	433
554	433
554	435
556	435
556	436
557	436
557	437
558	437
558	439
562	439
562	440
565	440
565	441
574	441
574	443
575	443
575	444
587	444
587	445
589	445
589	446
593	446
593	447
603	447
603	448
604	448
604	449
606	449
606	450
611	450
611	451
618	451
618	450
619	450
619	451
620	451
620	452
630	452
630	453
633	453
633	455
634	455
634	456
635	456
635	457
643	457
643	456
645	456
645	450
646	450
646	438
645	438
645	434
644	434
644	433
643	433
643	432
641	432
641	431
642	431
642	430
645	430
645	432
646	432
646	433
648	433
648	434
649	434
649	435
651	435
651	436
656	436
656	438
657	438
657	439
660	439
660	440
664	440
664	442
665	442
665	443
668	443
668	444
670	444
670	445
672	445
672	446
674	446
674	447
676	447
676	448
678	448
678	450
679	450
679	451
680	451
680	452
683	452
683	453
684	453
684	454
685	454
685	455
689	455
689	456
692	456
692	458
693	458
693	460
696	460
696	462
697	462
697	463
705	463
705	465
706	465
706	466
707	466
707	467
711	467
711	468
713	468
713	469
714	469
714	470
715	470
715	472
720	472
720	474
721	474
721	476
724	476
724	478
725	478
725	479
726	479
726	481
737	481
737	480
738	480
738	469
737	469
737	465
736	465
736	463
735	463
735	462
737	462
737	463
738	463
738	464
739	464
739	465
756	465
756	466
758	466
758	467
761	467
761	469
762	469
762	470
767	470
767	472
768	472
768	473
770	473
770	474
772	474
772	475
774	475
774	476
777	476
777	477
779	477
779	478
780	478
780	479
783	479
783	480
784	480
784	481
786	481
786	482
787	482
787	483
789	483
789	484
792	484
792	485
793	485
793	486
794	486
794	487
796	487
796	488
798	488
798	489
800	489
800	490
801	490
801	491
802	491
802	492
803	492
803	493
805	493
805	494
806	494
806	495
808	495
808	496
809	496
809	497
810	497
810	498
811	498
811	499
812	499
812	500
813	500
813	501
820	501
820	500
821	500
821	488
820	488
820	486
821	486
821	485
819	485
819	483
818	483
818	481
817	481
817	480
816	480
816	479
818	479
818	480
819	480
819	482
821	482
821	483
823	483
823	485
825	485
825	486
832	486
832	487
835	487
835	488
836	488
836	489
837	489
837	490
839	490
839	491
842	491
842	493
843	493
843	494
844	494
844	495
845	495
845	496
847	496
847	497
849	497
849	498
850	498
850	499
852	499
852	501
854	501
854	502
855	502
855	503
856	503
856	504
859	504
859	505
860	505
860	507
864	507
864	508
865	508
865	509
866	509
866	510
867	510
867	511
870	511
870	513
871	513
871	514
874	514
874	515
875	515
875	517
877	517
877	518
878	518
878	519
879	519
879	520
881	520
881	522
883	522
883	523
884	523
884	524
886	524
886	526
885	526
885	527
898	527
898	526
901	526
901	525
902	525
902	524
906	524
906	527
908	527
908	528
909	528
909	529
910	529
910	530
911	530
911	531
912	531
912	532
913	532
913	533
914	533
914	534
915	534
915	535
916	535
916	536
917	536
917	545
918	545
918	546
920	546
920	545
921	545
921	546
922	546
922	551
923	551
923	552
925	552
925	557
926	557
926	560
927	560
927	561
932	561
932	568
933	568
933	569
947	569
947	570
948	570
948	574
951	574
951	577
952	577
952	579
953	579
953	580
954	580
954	581
955	581
955	582
956	582
956	583
968	583
968	582
973	582
973	581
974	581
974	580
975	580
975	578
976	578
976	576
977	576
977	572
978	572
978	567
979	567
979	564
980	564
980	563
981	563
981	550
982	550
982	547
983	547
983	543
984	543
984	541
985	541
985	538
986	538
986	534
987	534
987	532
988	532
988	529
989	529
989	528
990	528
990	527
991	527
991	523
992	523
992	522
996	522
996	516
997	516
997	512
998	512
998	510
999	510
999	507
1000	507
1000	506
1001	506
1001	502
1002	502
1002	500
1003	500
1003	498
1004	498
1004	496
1006	496
1006	495
1007	495
1007	494
1006	494
1006	491
1007	491
1007	490
1008	490
1008	486
1010	486
1010	483
1011	483
1011	479
1012	479
1012	476
1013	476
1013	475
1014	475
1014	470
1016	470
1016	469
1017	469
1017	466
1018	466
1018	465
1019	465
1019	460
1020	460
1020	458
1021	458
1021	455
1022	455
1022	452
1023	452
1023	449
1024	449
1024	441
1026	441
1026	440
1027	440
1027	439
1028	439
1028	435
1029	435
1029	434
1030	434
1030	431
1031	431
1031	430
1032	430
1032	427
1033	427
1033	426
1034	426
1034	423
1035	423
1035	421
1036	421
1036	419
1038	419
1038	418
1039	418
1039	417
1042	417
1042	416
1043	416
1043	412
1044	412
1044	414
1045	414
1045	417
1046	417
1046	423
1047	423
1047	424
1050	424
1050	426
1052	426
1052	427
1055	427
1055	426
1056	426
1056	427
1058	427
1058	426
1059	426
1059	424
1060	424
1060	423
1062	423
1062	419
1064	419
1064	417
1065	417
1065	415
1066	415
1066	412
1068	412
1068	411
1069	411
1069	406
1070	406
1070	405
1071	405
1071	404
1072	404
1072	403
1073	403
1073	402
1074	402
1074	401
1075	401
1075	400
1076	400
1076	397
1077	397
1077	395
1078	395
1078	393
1079	393
1079	392
1080	392
1080	390
1081	390
1081	389
1082	389
1082	388
1083	388
1083	387
1084	387
1084	384
1085	384
1085	383
1087	383
1087	382
1089	382
1089	378
1090	378
1090	377
1092	377
1092	373
1093	373
1093	372
1094	372
1094	369
1095	369
1095	367
1096	367
1096	366
1097	366
1097	365
1098	365
1098	364
1099	364
1099	362
1100	362
1100	361
1101	361
1101	359
1102	359
1102	358
1103	358
1103	357
1105	357
1105	355
1106	355
1106	354
1107	354
1107	353
1109	353
1109	352
1110	352
1110	351
1111	351
1111	349
1115	349
1115	348
1119	348
1119	347
1120	347
1120	344
1121	344
1121	343
1122	343
1122	341
1123	341
1123	357
1124	357
1124	362
1132	362
1132	361
1134	361
1134	359
1135	359
1135	357
1138	357
1138	353
1140	353
1140	351
1143	351
1143	349
1144	349
1144	347
1146	347
1146	345
1147	345
1147	344
1149	344
1149	343
1151	343
1151	337
1152	337
1152	336
1153	336
1153	333
1154	333
1154	332
1155	332
1155	330
1156	330
1156	329
1157	329
1157	327
1159	327
1159	326
1161	326
1161	324
1162	324
1162	322
1163	322
1163	321
1165	321
1165	320
1166	320
1166	319
1167	319
1167	316
1168	316
1168	315
1169	315
1169	314
1170	314
1170	312
1171	312
1171	311
1174	311
1174	310
1177	310
1177	308
1178	308
1178	307
1180	307
1180	305
1186	305
1186	304
1187	304
1187	303
1189	303
1189	302
1190	302
1190	312
1199	312
1199	311
1200	311
1200	310
1203	310
1203	305
1205	305
1205	303
1206	303
1206	302
1207	302
1207	300
1208	300
1208	299
1209	299
1209	297
1210	297
1210	294
1212	294
1212	295
1213	295
1213	291
1214	291
1214	290
1216	290
1216	289
1218	289
1218	288
1219	288
1219	286
1220	286
1220	285
1222	285
1222	284
1223	284
1223	282
1225	282
1225	281
1226	281
1226	280
1227	280
1227	279
1228	279
1228	278
1229	278
1229	277
1234	277
1234	274
1240	274
1240	271
1242	271
1242	283
1243	283
1243	284
1244	284
1244	285
1245	285
1245	284
1246	284
1246	285
1247	285
1247	284
1253	284
1253	285
1254	285
1254	284
1255	284
1255	280
1256	280
1256	279
1259	279
1259	278
1260	278
1260	276
1261	276
1261	275
1266	275
1266	274
1267	274
1267	273
1269	273
1269	272
1270	272
1270	271
1271	271
1271	269
1275	269
1275	268
1276	268
1276	267
1278	267
1278	266
1280	266
1280	265
1282	265
1282	264
1286	264
1286	263
1287	263
1287	261
1289	261
1289	260
1290	260
1290	258
1291	258
1291	257
1293	257
1293	256
1296	256
1296	253
1299	253
1299	254
1300	254
1300	253
1301	253
1301	251
1302	251
1302	250
1304	250
1304	249
1305	249
1305	248
1307	248
1307	246
1311	246
1311	245
1312	245
1312	244
1315	244
1315	243
1317	243
1317	242
1318	242
1318	241
1320	241
1320	240
1322	240
1322	238
1324	238
1324	235
1325	235
1325	234
1327	234
1327	232
1329	232
1329	231
1330	231
1330	230
1331	230
1331	229
1332	229
1332	227
1335	227
1335	224
1336	224
1336	223
1338	223
1338	222
1339	222
1339	221
1340	221
1340	220
1342	220
1342	218
1343	218
1343	217
1345	217
1345	216
1346	216
1346	215
1348	215
1348	214
1351	214
1351	213
1352	213
1352	212
1353	212
1353	211
1354	211
1354	210
1356	210
1356	209
1358	209
1358	204
1362	204
1362	203
1363	203
1363	202
1364	202
1364	201
1366	201
1366	198
1367	198
1367	197
1369	197
1369	196
1371	196
1371	191
1374	191
1374	190
1375	190
1375	188
1376	188
1376	187
1378	187
1378	185
1379	185
1379	183
1380	183
1380	182
1381	182
1381	181
1383	181
1383	180
1384	180
1384	178
1385	178
1385	177
1387	177
1387	176
1389	176
1389	172
1391	172
1391	169
1392	169
1392	168
1395	168
1395	166
1397	166
1397	165
1398	165
1398	161
1403	161
1403	160
1404	160
1404	157
1405	157
1405	156
1406	156
1406	155
1407	155
1407	152
1408	152
1408	151
1409	151
1409	150
1410	150
1410	149
1411	149
1411	147
1412	147
1412	145
1414	145
1414	144
1415	144
1415	143
1416	143
1416	142
1417	142
1417	141
1418	141
1418	140
1419	140
1419	139
1420	139
1420	135
1421	135
1421	134
1422	134
1422	133
1423	133
1423	132
1424	132
1424	131
1425	131
1425	130
1426	130
1426	129
1427	129
1427	128
1428	128
1428	126
1429	126
1429	124
1430	124
1430	123
1431	123
1431	121
1432	121
1432	120
1433	120
1433	119
1435	119
1435	116
1436	116
1436	115
1437	115
1437	114
1438	114
1438	113
1439	113
1439	112
1440	112
1440	111
1441	111
1441	109
1443	109
1443	108
1446	108
1446	106
1447	106
1447	113
1446	113
1446	119
1445	119
1445	122
1444	122
1444	127
1443	127
1443	128
1442	128
1442	132
1441	132
1441	134
1440	134
1440	137
1439	137
1439	141
1438	141
1438	143
1437	143
1437	145
1436	145
1436	148
1434	148
1434	154
1433	154
1433	158
1432	158
1432	160
1431	160
1431	163
1430	163
1430	164
1429	164
1429	166
1428	166
1428	169
1427	169
1427	173
1426	173
1426	174
1425	174
1425	178
1424	178
1424	179
1423	179
1423	181
1422	181
1422	184
1419	184
1419	185
1418	185
1418	188
1417	188
1417	189
1418	189
1418	190
1417	190
1417	192
1416	192
1416	193
1415	193
1415	194
1414	194
1414	195
1413	195
1413	198
1412	198
1412	199
1411	199
1411	200
1410	200
1410	202
1409	202
1409	204
1407	204
1407	206
1406	206
1406	209
1405	209
1405	210
1404	210
1404	211
1403	211
1403	216
1402	216
1402	219
1401	219
1401	220
1400	220
1400	223
1399	223
1399	225
1398	225
1398	226
1397	226
1397	232
1396	232
1396	235
1395	235
1395	236
1394	236
1394	240
1393	240
1393	241
1392	241
1392	243
1391	243
1391	245
1390	245
1390	249
1389	249
1389	250
1388	250
1388	251
1387	251
1387	252
1386	252
1386	255
1385	255
1385	256
1384	256
1384	257
1382	257
1382	262
1381	262
1381	264
1382	264
1382	265
1381	265
1381	266
1382	266
1382	269
1384	269
1384	272
1383	272
1383	273
1382	273
1382	274
1381	274
1381	276
1379	276
1379	277
1377	277
1377	281
1376	281
1376	282
1374	282
1374	287
1373	287
1373	288
1372	288
1372	289
1371	289
1371	293
1369	293
1369	295
1367	295
1367	296
1366	296
1366	301
1365	301
1365	302
1364	302
1364	303
1362	303
1362	304
1361	304
1361	308
1360	308
1360	309
1359	309
1359	310
1357	310
1357	311
1356	311
1356	314
1355	314
1355	315
1353	315
1353	316
1352	316
1352	317
1351	317
1351	318
1350	318
1350	319
1346	319
1346	322
1345	322
1345	323
1343	323
1343	324
1341	324
1341	335
1352	335
1352	334
1354	334
1354	333
1356	333
1356	335
1355	335
1355	338
1354	338
1354	339
1352	339
1352	340
1351	340
1351	342
1350	342
1350	344
1347	344
1347	345
1346	345
1346	346
1345	346
1345	348
1341	348
1341	351
1340	351
1340	352
1339	352
1339	353
1336	353
1336	354
1335	354
1335	356
1333	356
1333	357
1332	357
1332	359
1330	359
1330	360
1329	360
1329	361
1328	361
1328	362
1327	362
1327	363
1325	363
1325	365
1321	365
1321	366
1320	366
1320	369
1319	369
1319	371
1318	371
1318	372
1317	372
1317	373
1316	373
1316	374
1315	374
1315	375
1311	375
1311	376
1310	376
1310	379
1309	379
1309	380
1308	380
1308	381
1305	381
1305	382
1304	382
1304	384
1302	384
1302	385
1299	385
1299	386
1294	386
1294	387
1292	387
1292	388
1291	388
1291	396
1292	396
1292	397
1294	397
1294	398
1307	398
1307	400
1305	400
1305	402
1304	402
1304	404
1303	404
1303	405
1302	405
1302	406
1301	406
1301	407
1299	407
1299	409
1298	409
1298	411
1295	411
1295	412
1294	412
1294	414
1293	414
1293	415
1291	415
1291	416
1289	416
1289	418
1287	418
1287	419
1285	419
1285	420
1284	420
1284	421
1283	421
1283	422
1279	422
1279	423
1278	423
1278	425
1277	425
1277	426
1274	426
1274	427
1273	427
1273	428
1272	428
1272	429
1270	429
1270	430
1269	430
1269	431
1267	431
1267	432
1265	432
1265	433
1263	433
1263	434
1258	434
1258	437
1248	437
1248	438
1233	438
1233	437
1232	437
1232	446
1233	446
1233	447
1242	447
1242	449
1243	449
1243	450
1245	450
1245	449
1247	449
1247	450
1248	450
1248	449
1249	449
1249	450
1256	450
1256	451
1257	451
1257	452
1256	452
1256	453
1254	453
1254	454
1253	454
1253	456
1252	456
1252	457
1251	457
1251	458
1248	458
1248	459
1247	459
1247	460
1246	460
1246	461
1244	461
1244	462
1242	462
1242	463
1238	463
1238	464
1237	464
1237	466
1236	466
1236	465
1235	465
1235	466
1234	466
1234	467
1232	467
1232	468
1228	468
1228	469
1227	469
1227	472
1222	472
1222	474
1220	474
1220	476
1218	476
1218	477
1217	477
1217	478
1215	478
1215	479
1211	479
1211	481
1209	481
1209	482
1207	482
1207	483
1206	483
1206	484
1201	484
1201	486
1198	486
1198	487
1197	487
1197	488
1195	488
1195	489
1192	489
1192	497
1193	497
1193	498
1199	498
1199	499
1198	499
1198	500
1196	500
1196	501
1195	501
1195	502
1192	502
1192	503
1190	503
1190	504
1189	504
1189	505
1186	505
1186	506
1184	506
1184	507
1182	507
1182	508
1181	508
1181	509
1179	509
1179	510
1176	510
1176	511
1174	511
1174	512
1172	512
1172	513
1170	513
1170	514
1168	514
1168	515
1165	515
1165	516
1164	516
1164	517
1159	517
1159	518
1158	518
1158	519
1156	519
1156	520
1150	520
1150	522
1149	522
1149	523
1148	523
1148	524
1145	524
1145	523
1144	523
1144	524
1142	524
1142	525
1139	525
1139	528
1133	528
1133	529
1132	529
1132	532
1131	532
1131	533
1130	533
1130	534
1128	534
1128	535
1127	535
1127	536
1124	536
1124	537
1123	537
1123	538
1120	538
1120	539
1119	539
1119	540
1117	540
1117	541
1114	541
1114	542
1113	542
1113	541
1112	541
1112	543
1109	543
1109	544
1106	544
1106	545
1105	545
1105	544
1104	544
1104	545
1103	545
1103	546
1098	546
1098	547
1097	547
1097	548
1096	548
1096	549
1093	549
1093	550
1092	550
1092	551
1088	551
1088	552
1087	552
1087	553
1086	553
1086	554
1083	554
1083	555
1082	555
1082	556
1078	556
1078	557
1073	557
1073	558
1070	558
1070	559
1067	559
1067	560
1062	560
1062	561
1060	561
1060	562
1057	562
1057	564
1052	564
1052	565
1051	565
1051	566
1050	566
1050	567
1046	567
1046	568
1041	568
1041	569
1037	569
1037	570
1031	570
1031	571
1030	571
1030	581
1042	581
1042	580
1045	580
1045	579
1047	579
1047	578
1052	578
1052	577
1056	577
1056	576
1059	576
1059	575
1061	575
1061	574
1063	574
1063	573
1064	573
1064	574
1068	574
1068	573
1069	573
1069	572
1070	572
1070	571
1077	571
1077	570
1078	570
1078	569
1080	569
1080	568
1090	568
1090	567
1096	567
1096	566
1102	566
1102	565
1106	565
1106	564
1107	564
1107	563
1110	563
1110	561
1115	561
1115	560
1116	560
1116	559
1121	559
1121	558
1122	558
1122	557
1124	557
1124	556
1125	556
1125	555
1127	555
1127	554
1131	554
1131	553
1136	553
1136	552
1137	552
1137	550
1138	550
1138	549
1140	549
1140	554
1150	554
1150	552
1154	552
1154	551
1156	551
1156	550
1157	550
1157	548
1163	548
1163	547
1166	547
1166	545
1169	545
1169	543
1170	543
1170	542
1171	542
1171	543
1172	543
1172	542
1174	542
1174	541
1175	541
1175	540
1176	540
1176	538
1177	538
1177	537
1183	537
1183	536
1182	536
1182	535
1185	535
1185	534
1186	534
1186	533
1187	533
1187	532
1192	532
1192	531
1193	531
1193	530
1195	530
1195	529
1196	529
1196	528
1198	528
1198	527
1203	527
1203	526
1207	526
1207	525
1211	525
1211	524
1213	524
1213	523
1216	523
1216	526
1215	526
1215	534
1216	534
1216	535
1224	535
1224	534
1226	534
1226	533
1227	533
1227	532
1230	532
1230	531
1231	531
1231	530
1232	530
1232	529
1234	529
1234	528
1237	528
1237	527
1239	527
1239	525
1241	525
1241	524
1242	524
1242	523
1246	523
1246	522
1249	522
1249	521
1250	521
1250	519
1251	519
1251	518
1252	518
1252	519
1253	519
1253	518
1254	518
1254	517
1258	517
1258	516
1260	516
1260	512
1264	512
1264	511
1265	511
1265	509
1269	509
1269	508
1270	508
1270	506
1272	506
1272	507
1274	507
1274	506
1275	506
1275	502
1276	502
1276	501
1281	501
1281	500
1286	500
1286	499
1289	499
1289	498
1290	498
1290	497
1291	497
1291	496
1294	496
1294	504
1295	504
1295	505
1306	505
1306	503
1307	503
1307	502
1309	502
1309	501
1312	501
1312	499
1314	499
1314	498
1316	498
1316	497
1317	497
1317	496
1322	496
1322	494
1324	494
1324	493
1325	493
1325	491
1328	491
1328	490
1330	490
1330	488
1335	488
1335	487
1337	487
1337	486
1341	486
1341	485
1342	485
1342	483
1344	483
1344	482
1347	482
1347	483
1349	483
1349	482
1352	482
1352	481
1354	481
1354	480
1355	480
1355	481
1357	481
1357	480
1362	480
1362	479
1370	479
1370	478
1374	478
1374	481
1372	481
1372	482
1371	482
1371	483
1370	483
1370	484
1369	484
1369	486
1368	486
1368	488
1367	488
1367	490
1366	490
1366	492
1365	492
1365	497
1364	497
1364	506
1365	506
1365	507
1373	507
1373	505
1374	505
1374	504
1375	504
1375	502
1376	502
1376	501
1380	501
1380	502
1381	502
1381	501
1382	501
1382	500
1383	500
1383	499
1384	499
1384	498
1385	498
1385	497
1386	497
1386	496
1391	496
1391	495
1394	495
1394	494
1397	494
1397	493
1399	493
1399	491
1404	491
1404	490
1406	490
1406	489
1412	489
1412	488
1413	488
1413	487
1420	487
1420	486
1430	486
1430	487
1441	487
1441	486
1451	486
1451	487
1453	487
1453	488
1454	488
1454	491
1451	491
1451	492
1449	492
1449	493
1448	493
1448	494
1446	494
1446	495
1444	495
1444	499
1443	499
1443	502
1442	502
1442	505
1441	505
1441	517
1446	517
1446	516
1447	516
1447	517
1450	517
1450	516
1452	516
1452	513
1458	513
1458	512
1461	512
1461	510
1466	510
1466	507
1476	507
1476	506
1477	506
1477	505
1488	505
1488	504
1492	504
1492	503
1503	503
1503	502
1506	502
1506	501
1510	501
1510	503
1519	503
1519	504
1520	504
1520	503
1522	503
1522	504
1530	504
1530	505
1532	505
1532	506
1534	506
1534	507
1536	507
1536	509
1533	509
1533	510
1527	510
1527	513
1526	513
1526	514
1525	514
1525	515
1522	515
1522	519
1521	519
1521	521
1520	521
1520	524
1519	524
1519	531
1520	531
1520	532
1535	532
1535	531
1536	531
1536	530
1546	530
1546	529
1552	529
1552	530
1556	530
1556	531
1557	531
1557	532
1573	532
1573	533
1583	533
1583	534
1592	534
1592	535
1594	535
1594	536
1596	536
1596	537
1599	537
1599	538
1610	538
1610	539
1619	539
1619	540
1622	540
1622	542
1621	542
1621	543
1618	543
1618	544
1617	544
1617	545
1615	545
1615	546
1613	546
1613	548
1612	548
1612	549
1611	549
1611	551
1610	551
1610	553
1609	553
1609	556
1608	556
1608	557
1607	557
1607	567
1615	567
1615	566
1618	566
1618	565
1619	565
1619	566
1621	566
1621	565
1630	565
1630	566
1640	566
1640	567
1641	567
1641	566
1643	566
1643	567
1644	567
1644	568
1646	568
1646	569
1656	569
1656	570
1658	570
1658	571
1665	571
1665	572
1666	572
1666	573
1668	573
1668	574
1676	574
1676	575
1684	575
1684	579
1692	579
1692	581
1696	581
1696	582
1702	582
1702	583
1705	583
1705	584
1709	584
1709	585
1710	585
1710	586
1712	586
1712	587
1713	587
1713	588
1712	588
1712	589
1709	589
1709	590
1706	590
1706	591
1705	591
1705	592
1704	592
1704	593
1703	593
1703	594
1702	594
1702	595
1701	595
1701	597
1700	597
1700	599
1699	599
1699	607
1700	607
1700	608
1710	608
1710	607
1721	607
1721	608
1723	608
1723	607
1725	607
1725	608
1728	608
1728	610
1739	610
1739	611
1744	611
1744	612
1755	612
1755	613
1756	613
1756	614
1758	614
1758	615
1764	615
1764	617
1768	617
1768	618
1769	618
1769	619
1770	619
1770	621
1785	621
1785	622
1790	622
1790	623
1792	623
1792	625
1790	625
1790	626
1789	626
1789	627
1788	627
1788	628
1787	628
1787	629
1785	629
1785	630
1784	630
1784	632
1783	632
1783	633
1782	633
1782	643
1795	643
1795	644
1805	644
1805	646
1810	646
1810	647
1811	647
1811	648
1821	648
1821	650
1822	650
1822	651
1832	651
1832	652
1835	652
1835	653
1837	653
1837	654
1848	654
1848	653
1849	653
1849	654
1852	654
1852	656
1851	656
1851	657
1849	657
1849	658
1848	658
1848	659
1847	659
1847	660
1846	660
1846	669
1848	669
1848	670
1850	670
1850	669
1851	669
1851	670
1852	670
1852	671
1853	671
1853	672
1859	672
1859	673
1860	673
1860	672
1861	672
1861	673
1862	673
1862	675
1866	675
1866	676
1867	676
1867	677
1873	677
1873	678
1874	678
1874	679
1876	679
1876	680
1880	680
1880	681
1881	681
1881	680
1883	680
1883	682
1884	682
1884	683
1887	683
1887	684
1888	684
1888	683
1893	683
1893	684
1894	684
1894	685
1895	685
1895	686
1899	686
1899	687
1907	687
1907	688
1909	688
1909	689
1914	689
1914	690
1918	690
1918	691
1921	691
1921	690
1923	690
1923	691
1925	691
1925	690
1926	690
1926	691
1929	691
1929	692
1933	692
1933	693
1934	693
1934	692
1940	692
1940	693
2005	693
2005	692
2007	692
2007	691
2015	691
2015	690
2023	690
2023	689
2035	689
2035	688
2050	688
2050	687
2051	687
2051	688
2052	688
2052	691
2049	691
2049	693
2048	693
2048	694
2046	694
2046	695
2045	695
2045	696
2044	696
2044	697
2042	697
2042	698
2039	698
2039	699
2037	699
2037	700
2033	700
2033	701
2028	701
2028	703
2025	703
2025	704
2023	704
2023	705
2022	705
2022	706
2018	706
2018	707
2017	707
2017	708
2013	708
2013	709
2012	709
2012	710
2009	710
2009	711
2003	711
2003	712
2002	712
2002	713
2000	713
2000	714
1996	714
1996	715
1993	715
1993	716
1987	716
1987	717
1982	717
1982	718
1981	718
1981	719
1977	719
1977	720
1971	720
1971	721
1970	721
1970	722
1968	722
1968	721
1966	721
1966	722
1963	722
1963	723
1961	723
1961	724
1950	724
1950	725
1949	725
1949	726
1944	726
1944	727
1934	727
1934	729
1928	729
1928	730
1926	730
1926	729
1916	729
1916	730
1910	730
1910	731
1908	731
1908	732
1873	732
1873	733
1868	733
1868	734
1867	734
1867	735
1865	735
1865	734
1859	734
1859	735
1848	735
1848	736
1843	736
1843	737
1842	737
1842	736
1839	736
1839	737
1838	737
1838	741
1837	741
1837	742
1835	742
1835	741
1811	741
1811	742
1787	742
1787	741
1783	741
1783	740
1778	740
1778	739
1769	739
1769	750
1770	750
1770	755
1768	755
1768	756
1767	756
1767	757
1765	757
1765	758
1728	758
1728	757
1718	757
1718	756
1714	756
1714	755
1710	755
1710	754
1709	754
1709	753
1708	753
1708	752
1707	752
1707	753
1704	753
1704	752
1702	752
1702	751
1701	751
1701	750
1691	750
1691	760
1690	760
1690	761
1691	761
1691	765
1692	765
1692	766
1693	766
1693	767
1694	767
1694	768
1695	768
1695	771
1668	771
1668	770
1663	770
1663	769
1662	769
1662	768
1647	768
1647	766
1636	766
1636	765
1627	765
1627	763
1621	763
1621	761
1616	761
1616	760
1613	760
1613	759
1604	759
1604	761
1603	761
1603	768
1602	768
1602	770
1601	770
1601	777
1602	777
1602	779
1601	779
1601	780
1603	780
1603	781
1604	781
1604	783
1603	783
1603	784
1601	784
1601	783
1591	783
1591	782
1589	782
1589	781
1582	781
1582	780
1580	780
1580	779
1579	779
1579	778
1576	778
1576	779
1575	779
1575	778
1572	778
1572	777
1568	777
1568	776
1566	776
1566	775
1565	775
1565	774
1564	774
1564	773
1559	773
1559	771
1558	771
1558	772
1556	772
1556	771
1553	771
1553	770
1551	770
1551	769
1549	769
1549	766
1544	766
1544	765
1541	765
1541	764
1539	764
1539	761
1534	761
1534	758
1523	758
1523	760
1522	760
1522	761
1523	761
1523	769
1524	769
1524	771
1527	771
1527	772
1528	772
1528	774
1526	774
1526	775
1525	775
1525	776
1524	776
1524	775
1503	775
1503	774
1501	774
1501	773
1499	773
1499	774
1498	774
1498	773
1488	773
1488	772
1483	772
1483	771
1477	771
1477	770
1469	770
1469	769
1467	769
1467	768
1466	768
1466	766
1461	766
1461	765
1456	765
1456	763
1451	763
1451	761
1449	761
1449	760
1448	760
1448	761
1446	761
1446	760
1445	760
1445	759
1443	759
1443	758
1440	758
1440	757
1438	757
1438	756
1437	756
1437	754
1436	754
1436	753
1434	753
1434	752
1424	752
1424	753
1423	753
1423	758
1422	758
1422	762
1421	762
1421	765
1422	765
1422	766
1421	766
1421	770
1422	770
1422	772
1423	772
1423	774
1425	774
1425	776
1422	776
1422	775
1421	775
1421	776
1420	776
1420	775
1418	775
1418	774
1414	774
1414	773
1410	773
1410	772
1402	772
1402	781
1401	781
1401	782
1394	782
1394	783
1392	783
1392	784
1389	784
1389	786
1387	786
1387	787
1386	787
1386	788
1385	788
1385	795
1386	795
1386	796
1387	796
1387	797
1389	797
1389	796
1390	796
1390	797
1395	797
1395	798
1399	798
1399	799
1406	799
1406	800
1410	800
1410	801
1415	801
1415	805
1418	805
1418	806
1421	806
1421	807
1425	807
1425	808
1431	808
1431	811
1432	811
1432	812
1436	812
1436	813
1437	813
1437	814
1438	814
1438	815
1441	815
1441	816
1442	816
1442	815
1443	815
1443	816
1444	816
1444	821
1445	821
1445	822
1450	822
1450	823
1454	823
1454	824
1455	824
1455	825
1459	825
1459	827
1460	827
1460	828
1465	828
