1207	1556
1208	1556
1208	1567
1207	1567
1207	1571
1206	1571
1206	1573
1205	1573
1205	1574
1204	1574
1204	1573
1199	1573
1199	1572
1198	1572
1198	1571
1197	1571
1197	1570
1192	1570
1192	1569
1191	1569
1191	1568
1178	1568
1178	1586
1179	1586
1179	1592
1180	1592
1180	1594
1181	1594
1181	1597
1182	1597
1182	1605
1183	1605
1183	1609
1184	1609
1184	1613
1185	1613
1185	1618
1188	1618
1188	1619
1189	1619
1189	1652
1184	1652
1184	1650
1180	1650
1180	1649
1178	1649
1178	1648
1177	1648
1177	1647
1174	1647
1174	1646
1172	1646
1172	1645
1162	1645
1162	1659
1163	1659
1163	1668
1164	1668
1164	1670
1165	1670
1165	1675
1166	1675
1166	1683
1167	1683
1167	1688
1169	1688
1169	1696
1170	1696
1170	1699
1169	1699
1169	1701
1171	1701
1171	1703
1172	1703
1172	1713
1170	1713
1170	1714
1169	1714
1169	1718
1165	1718
1165	1717
1155	1717
1155	1735
1156	1735
1156	1747
1157	1747
1157	1748
1158	1748
1158	1749
1157	1749
1157	1751
1158	1751
1158	1755
1159	1755
1159	1774
1158	1774
1158	1777
1157	1777
1157	1778
1148	1778
1148	1795
1149	1795
1149	1850
1148	1850
1148	1857
1149	1857
1149	1861
1148	1861
1148	1868
1149	1868
1149	1895
1148	1895
1148	1906
1149	1906
1149	1986
1150	1986
1150	2010
1151	2010
1151	2024
1150	2024
1150	2036
1149	2036
1149	2053
1148	2053
1148	2061
1147	2061
1147	2064
1146	2064
1146	2066
1145	2066
1145	2067
1144	2067
1144	2068
1143	2068
1143	2071
1142	2071
1142	2072
1143	2072
1143	2073
1141	2073
1141	2072
1140	2072
1140	2070
1139	2070
1139	2068
1138	2068
1138	2067
1137	2067
1137	2066
1136	2066
1136	2062
1135	2062
1135	2057
1134	2057
1134	2050
1133	2050
1133	2045
1132	2045
1132	2040
1131	2040
1131	2036
1130	2036
1130	2033
1129	2033
1129	2029
1128	2029
1128	2027
1127	2027
1127	2025
1126	2025
1126	2020
1125	2020
1125	2010
1124	2010
1124	2009
1123	2009
1123	2004
1122	2004
1122	2000
1121	2000
1121	1994
1120	1994
1120	1988
1119	1988
1119	1984
1118	1984
1118	1977
1117	1977
1117	1975
1115	1975
1115	1968
1114	1968
1114	1960
1113	1960
1113	1954
1112	1954
1112	1945
1111	1945
1111	1944
1109	1944
1109	1936
1108	1936
1108	1913
1107	1913
1107	1905
1106	1905
1106	1894
1105	1894
1105	1878
1103	1878
1103	1876
1102	1876
1102	1875
1103	1875
1103	1872
1102	1872
1102	1866
1101	1866
1101	1861
1100	1861
1100	1856
1099	1856
1099	1849
1098	1849
1098	1843
1097	1843
1097	1837
1096	1837
1096	1830
1095	1830
1095	1808
1092	1808
1092	1807
1090	1807
1090	1808
1087	1808
1087	1807
1086	1807
1086	1804
1085	1804
1085	1793
1084	1793
1084	1792
1082	1792
1082	1774
1083	1774
1083	1771
1084	1771
1084	1770
1083	1770
1083	1768
1084	1768
1084	1748
1083	1748
1083	1747
1072	1747
1072	1746
1071	1746
1071	1745
1070	1745
1070	1743
1069	1743
1069	1742
1068	1742
1068	1735
1067	1735
1067	1701
1068	1701
1068	1687
1067	1687
1067	1686
1057	1686
1057	1687
1056	1687
1056	1688
1054	1688
1054	1689
1053	1689
1053	1690
1051	1690
1051	1691
1050	1691
1050	1692
1046	1692
1046	1687
1045	1687
1045	1686
1043	1686
1043	1667
1044	1667
1044	1666
1045	1666
1045	1661
1046	1661
1046	1656
1047	1656
1047	1650
1048	1650
1048	1646
1049	1646
1049	1642
1050	1642
1050	1640
1051	1640
1051	1630
1050	1630
1050	1629
1040	1629
1040	1630
1039	1630
1039	1629
1037	1629
1037	1630
1034	1630
1034	1631
1032	1631
1032	1632
1030	1632
1030	1633
1028	1633
1028	1635
1027	1635
1027	1636
1024	1636
1024	1635
1023	1635
1023	1633
1022	1633
1022	1627
1021	1627
1021	1622
1022	1622
1022	1617
1023	1617
1023	1616
1022	1616
1022	1615
1023	1615
1023	1612
1024	1612
1024	1610
1025	1610
1025	1609
1026	1609
1026	1605
1027	1605
1027	1599
1028	1599
1028	1597
1029	1597
1029	1592
1030	1592
1030	1589
1032	1589
1032	1583
1033	1583
1033	1562
1032	1562
1032	1561
1020	1561
1020	1562
1018	1562
1018	1563
1016	1563
1016	1564
1014	1564
1014	1565
1010	1565
1010	1560
1009	1560
1009	1546
1010	1546
1010	1544
1011	1544
1011	1537
1012	1537
1012	1536
1013	1536
1013	1527
1015	1527
1015	1525
1016	1525
1016	1517
1019	1517
1019	1516
1020	1516
1020	1511
1021	1511
1021	1505
1022	1505
1022	1502
1023	1502
1023	1497
1025	1497
1025	1496
1026	1496
1026	1490
1027	1490
1027	1487
1028	1487
1028	1484
1029	1484
1029	1483
1030	1483
1030	1475
1031	1475
1031	1474
1030	1474
1030	1471
1019	1471
1019	1472
1017	1472
1017	1473
1015	1473
1015	1474
1013	1474
1013	1475
1010	1475
1010	1476
1009	1476
1009	1475
1008	1475
1008	1476
1007	1476
1007	1478
1006	1478
1006	1479
1003	1479
1003	1480
1001	1480
1001	1481
1000	1481
1000	1478
999	1478
999	1476
998	1476
998	1474
997	1474
997	1464
998	1464
998	1462
999	1462
999	1458
1000	1458
1000	1452
1001	1452
1001	1448
1002	1448
1002	1445
1003	1445
1003	1440
1004	1440
1004	1438
1006	1438
1006	1435
1007	1435
1007	1433
1008	1433
1008	1428
1009	1428
1009	1427
1010	1427
1010	1422
1011	1422
1011	1421
1012	1421
1012	1418
1014	1418
1014	1416
1015	1416
1015	1414
1016	1414
1016	1413
1017	1413
1017	1402
1016	1402
1016	1401
1007	1401
1007	1402
1006	1402
1006	1403
1003	1403
1003	1404
999	1404
999	1405
998	1405
998	1404
997	1404
997	1403
996	1403
996	1401
995	1401
995	1399
994	1399
994	1396
995	1396
995	1390
996	1390
996	1386
997	1386
997	1385
998	1385
998	1381
999	1381
999	1380
1000	1380
1000	1378
1001	1378
1001	1372
1003	1372
1003	1369
1005	1369
1005	1367
1006	1367
1006	1366
1007	1366
1007	1364
1008	1364
1008	1361
1010	1361
1010	1359
1012	1359
1012	1357
1013	1357
1013	1353
1014	1353
1014	1352
1015	1352
1015	1349
1016	1349
1016	1347
1017	1347
1017	1346
1018	1346
1018	1345
1019	1345
1019	1342
1020	1342
1020	1339
1021	1339
1021	1338
1022	1338
1022	1327
1011	1327
1011	1328
1008	1328
1008	1329
1007	1329
1007	1330
1003	1330
1003	1331
1001	1331
1001	1332
998	1332
998	1333
996	1333
996	1334
994	1334
994	1335
990	1335
990	1325
991	1325
991	1320
992	1320
992	1319
993	1319
993	1318
994	1318
994	1314
995	1314
995	1311
996	1311
996	1309
998	1309
998	1307
999	1307
999	1305
1000	1305
1000	1302
1001	1302
1001	1301
1002	1301
1002	1298
1003	1298
1003	1297
1004	1297
1004	1296
1005	1296
1005	1293
1006	1293
1006	1292
1007	1292
1007	1290
1008	1290
1008	1287
1009	1287
1009	1286
1010	1286
1010	1285
1011	1285
1011	1284
1012	1284
1012	1283
1013	1283
1013	1280
1014	1280
1014	1278
1015	1278
1015	1276
1016	1276
1016	1275
1017	1275
1017	1274
1018	1274
1018	1273
1019	1273
1019	1264
1020	1264
1020	1263
1019	1263
1019	1262
1005	1262
1005	1263
1003	1263
1003	1264
1000	1264
1000	1261
999	1261
999	1259
1000	1259
1000	1253
1001	1253
1001	1251
1002	1251
1002	1246
1003	1246
1003	1243
1004	1243
1004	1240
1005	1240
1005	1239
1006	1239
1006	1236
1007	1236
1007	1235
1008	1235
1008	1232
1009	1232
1009	1231
1010	1231
1010	1229
1011	1229
1011	1228
1012	1228
1012	1226
1013	1226
1013	1224
1014	1224
1014	1223
1015	1223
1015	1221
1016	1221
1016	1219
1017	1219
1017	1216
1018	1216
1018	1215
1019	1215
1019	1214
1020	1214
1020	1211
1021	1211
1021	1210
1022	1210
1022	1209
1023	1209
1023	1198
1016	1198
1016	1197
1015	1197
1015	1190
1016	1190
1016	1177
1018	1177
1018	1174
1019	1174
1019	1169
1020	1169
1020	1167
1021	1167
1021	1161
1023	1161
1023	1160
1024	1160
1024	1159
1025	1159
1025	1158
1026	1158
1026	1152
1027	1152
1027	1151
1028	1151
1028	1150
1029	1150
1029	1149
1030	1149
1030	1146
1031	1146
1031	1145
1032	1145
1032	1141
1033	1141
1033	1142
1034	1142
1034	1138
1035	1138
1035	1135
1036	1135
1036	1134
1037	1134
1037	1133
1038	1133
1038	1130
1039	1130
1039	1129
1040	1129
1040	1128
1041	1128
1041	1117
1030	1117
1030	1118
1029	1118
1029	1119
1026	1119
1026	1112
1027	1112
1027	1110
1028	1110
1028	1108
1029	1108
1029	1106
1030	1106
1030	1105
1031	1105
1031	1101
1032	1101
1032	1099
1033	1099
1033	1095
1034	1095
1034	1091
1035	1091
1035	1089
1036	1089
1036	1087
1037	1087
1037	1085
1038	1085
1038	1082
1040	1082
1040	1080
1041	1080
1041	1076
1042	1076
1042	1074
1043	1074
1043	1070
1044	1070
1044	1068
1046	1068
1046	1064
1047	1064
1047	1063
1048	1063
1048	1061
1049	1061
1049	1058
1050	1058
1050	1057
1051	1057
1051	1046
1050	1046
1050	1045
1046	1045
1046	1046
1045	1046
1045	1045
1042	1045
1042	1032
1043	1032
1043	1031
1044	1031
1044	1029
1045	1029
1045	1028
1046	1028
1046	1022
1047	1022
1047	1019
1048	1019
1048	1015
1049	1015
1049	1010
1051	1010
1051	1009
1052	1009
1052	1007
1053	1007
1053	1002
1054	1002
1054	1001
1055	1001
1055	1000
1056	1000
1056	997
1057	997
1057	996
1058	996
1058	995
1059	995
1059	990
1060	990
1060	986
1061	986
1061	984
1062	984
1062	981
1063	981
1063	979
1064	979
1064	976
1065	976
1065	975
1066	975
1066	973
1067	973
1067	972
1068	972
1068	960
1064	960
1064	959
1063	959
1063	958
1062	958
1062	954
1061	954
1061	950
1062	950
1062	949
1063	949
1063	943
1065	943
1065	936
1066	936
1066	932
1067	932
1067	927
1068	927
1068	925
1069	925
1069	920
1070	920
1070	917
1071	917
1071	918
1072	918
1072	909
1073	909
1073	908
1074	908
1074	907
1075	907
1075	903
1076	903
1076	901
1077	901
1077	899
1078	899
1078	896
1079	896
1079	892
1080	892
1080	891
1081	891
1081	887
1080	887
1080	886
1081	886
1081	884
1086	884
1086	883
1085	883
1085	880
1086	880
1086	870
1085	870
1085	869
1080	869
1080	867
1079	867
1079	864
1080	864
1080	858
1081	858
1081	857
1082	857
1082	856
1081	856
1081	853
1082	853
1082	847
1083	847
1083	845
1084	845
1084	844
1085	844
1085	839
1086	839
1086	837
1087	837
1087	831
1088	831
1088	830
1089	830
1089	826
1090	826
1090	824
1092	824
1092	818
1093	818
1093	814
1094	814
1094	811
1095	811
1095	807
1096	807
1096	806
1097	806
1097	805
1098	805
1098	795
1099	795
1099	792
1100	792
1100	784
1099	784
1099	783
1097	783
1097	780
1096	780
1096	778
1098	778
1098	772
1099	772
1099	768
1100	768
1100	765
1101	765
1101	751
1102	751
1102	750
1103	750
1103	749
1102	749
1102	748
1103	748
1103	746
1104	746
1104	745
1105	745
1105	741
1106	741
1106	740
1107	740
1107	733
1108	733
1108	732
1109	732
1109	725
1111	725
1111	724
1112	724
1112	716
1113	716
1113	714
1114	714
1114	711
1115	711
1115	690
1114	690
1114	689
1113	689
1113	680
1117	680
1117	679
1118	679
1118	674
1119	674
1119	672
1120	672
1120	667
1121	667
1121	660
1122	660
1122	656
1123	656
1123	650
1124	650
1124	648
1125	648
1125	640
1126	640
1126	639
1127	639
1127	636
1128	636
1128	630
1129	630
1129	624
1130	624
1130	622
1131	622
1131	617
1132	617
1132	616
1131	616
1131	615
1132	615
1132	605
1131	605
1131	598
1132	598
1132	597
1133	597
1133	595
1134	595
1134	587
1135	587
1135	585
1136	585
1136	584
1135	584
1135	580
1136	580
1136	578
1137	578
1137	573
1138	573
1138	565
1139	565
1139	560
1140	560
1140	558
1141	558
1141	550
1142	550
1142	544
1143	544
1143	542
1142	542
1142	539
1143	539
1143	537
1144	537
1144	532
1145	532
1145	518
1146	518
1146	515
1147	515
1147	505
1149	505
1149	501
1150	501
1150	494
1151	494
1151	487
1152	487
1152	482
1153	482
1153	475
1154	475
1154	471
1155	471
1155	464
1156	464
1156	450
1157	450
1157	449
1158	449
1158	431
1147	431
1147	433
1144	433
1144	434
1143	434
1143	435
1142	435
1142	437
1140	437
1140	439
1139	439
1139	443
1135	443
1135	444
1134	444
1134	445
1133	445
1133	446
1132	446
1132	447
1130	447
1130	448
1129	448
1129	451
1127	451
1127	452
1126	452
1126	453
1124	453
1124	454
1123	454
1123	457
1121	457
1121	459
1119	459
1119	460
1117	460
1117	461
1116	461
1116	463
1115	463
1115	464
1113	464
1113	466
1111	466
1111	467
1110	467
1110	469
1108	469
1108	471
1107	471
1107	472
1106	472
1106	473
1104	473
1104	474
1103	474
1103	475
1102	475
1102	476
1100	476
1100	477
1099	477
1099	479
1097	479
1097	481
1096	481
1096	483
1094	483
1094	484
1093	484
1093	485
1092	485
1092	486
1090	486
1090	489
1088	489
1088	490
1087	490
1087	491
1086	491
1086	492
1085	492
1085	493
1084	493
1084	494
1083	494
1083	496
1082	496
1082	497
1081	497
1081	498
1080	498
1080	499
1078	499
1078	500
1077	500
1077	502
1076	502
1076	503
1075	503
1075	504
1074	504
1074	505
1073	505
1073	506
1071	506
1071	510
1070	510
1070	511
1068	511
1068	513
1067	513
1067	515
1066	515
1066	516
1065	516
1065	517
1064	517
1064	520
1063	520
1063	521
1062	521
1062	522
1061	522
1061	523
1060	523
1060	524
1059	524
1059	525
1058	525
1058	526
1057	526
1057	528
1056	528
1056	529
1055	529
1055	530
1054	530
1054	531
1053	531
1053	532
1052	532
1052	533
1051	533
1051	535
1050	535
1050	536
1048	536
1048	537
1047	537
1047	539
1044	539
1044	544
1043	544
1043	546
1042	546
1042	547
1041	547
1041	549
1040	549
1040	550
1039	550
1039	551
1038	551
1038	552
1036	552
1036	553
1035	553
1035	552
1033	552
1033	553
1030	553
1030	554
1029	554
1029	556
1028	556
1028	559
1025	559
1025	560
1024	560
1024	564
1023	564
1023	567
1021	567
1021	568
1020	568
1020	570
1019	570
1019	572
1017	572
1017	574
1016	574
1016	576
1015	576
1015	577
1014	577
1014	578
1013	578
1013	579
1011	579
1011	583
1009	583
1009	584
1008	584
1008	586
1007	586
1007	589
1005	589
1005	590
1004	590
1004	592
1003	592
1003	593
1002	593
1002	594
1001	594
1001	596
1000	596
1000	597
999	597
999	598
998	598
998	601
996	601
996	603
995	603
995	606
994	606
994	608
993	608
993	610
991	610
991	612
990	612
990	617
989	617
989	618
988	618
988	617
987	617
987	618
976	618
976	619
975	619
975	622
973	622
973	624
972	624
972	628
969	628
969	629
968	629
968	631
967	631
967	632
965	632
965	638
964	638
964	639
963	639
963	640
962	640
962	642
961	642
961	644
960	644
960	645
958	645
958	648
957	648
957	650
956	650
956	652
955	652
955	655
954	655
954	656
953	656
953	657
952	657
952	659
951	659
951	661
952	661
952	662
951	662
951	663
950	663
950	665
949	665
949	667
948	667
948	670
947	670
947	671
945	671
945	678
944	678
944	679
943	679
943	680
940	680
940	676
939	676
939	675
930	675
930	676
929	676
929	677
928	677
928	682
927	682
927	683
926	683
926	684
925	684
925	685
924	685
924	688
923	688
923	690
922	690
922	693
921	693
921	694
919	694
919	696
918	696
918	701
917	701
917	702
916	702
916	704
915	704
915	705
914	705
914	707
913	707
913	711
912	711
912	714
911	714
911	715
910	715
910	720
909	720
909	721
908	721
908	723
907	723
907	724
906	724
906	729
905	729
905	730
903	730
903	731
902	731
902	734
900	734
900	735
899	735
899	737
896	737
896	735
895	735
895	734
894	734
894	733
890	733
890	734
888	734
888	733
885	733
885	734
884	734
884	737
881	737
881	738
882	738
882	749
877	749
877	751
876	751
876	753
875	753
875	756
874	756
874	757
873	757
873	760
872	760
872	764
871	764
871	767
870	767
870	769
869	769
869	776
867	776
867	777
866	777
866	781
865	781
865	782
866	782
866	784
865	784
865	786
864	786
864	789
863	789
863	790
862	790
862	794
861	794
861	795
860	795
860	796
859	796
859	800
856	800
856	801
852	801
852	795
851	795
851	794
850	794
850	793
849	793
849	792
839	792
839	793
838	793
838	795
837	795
837	796
836	796
836	799
835	799
835	800
834	800
834	801
835	801
835	802
834	802
834	803
833	803
833	807
832	807
832	809
831	809
831	810
830	810
830	811
829	811
829	815
827	815
827	816
826	816
826	821
825	821
825	822
824	822
824	824
823	824
823	825
824	825
824	829
821	829
821	830
820	830
820	836
819	836
819	842
816	842
816	843
815	843
815	846
814	846
814	848
813	848
813	849
812	849
812	850
811	850
811	853
810	853
810	854
809	854
809	856
807	856
807	861
806	861
806	863
803	863
803	864
802	864
802	859
801	859
801	858
802	858
802	857
801	857
801	856
799	856
799	849
785	849
785	857
784	857
784	860
783	860
783	862
782	862
782	863
780	863
780	865
781	865
781	866
780	866
780	869
779	869
779	872
778	872
778	875
777	875
777	876
776	876
776	882
774	882
774	883
773	883
773	887
774	887
774	888
773	888
773	890
772	890
772	891
773	891
773	893
772	893
772	894
771	894
771	895
770	895
770	896
769	896
769	901
768	901
768	902
767	902
767	906
766	906
766	907
765	907
765	909
763	909
763	913
762	913
762	914
761	914
761	915
760	915
760	916
758	916
758	914
757	914
757	911
756	911
756	909
755	909
755	907
752	907
752	903
751	903
751	902
741	902
741	904
740	904
740	909
739	909
739	914
738	914
738	915
737	915
737	918
736	918
736	920
735	920
735	921
734	921
734	925
733	925
733	927
732	927
732	929
731	929
731	931
730	931
730	934
729	934
729	935
728	935
728	939
727	939
727	944
726	944
726	945
725	945
725	946
726	946
726	948
724	948
724	951
723	951
723	953
722	953
722	955
721	955
721	958
719	958
719	960
718	960
718	961
717	961
717	963
716	963
716	965
715	965
715	966
711	966
711	965
710	965
710	962
709	962
709	960
708	960
708	958
706	958
706	955
705	955
705	953
704	953
704	952
703	952
703	951
693	951
693	954
692	954
692	958
691	958
691	961
690	961
690	962
689	962
689	966
688	966
688	968
687	968
687	971
686	971
686	975
685	975
685	977
684	977
684	980
683	980
683	981
682	981
682	982
681	982
681	986
682	986
682	987
681	987
681	989
680	989
680	991
679	991
679	992
678	992
678	996
677	996
677	997
676	997
676	998
675	998
675	1001
673	1001
673	1005
672	1005
672	1007
670	1007
670	1008
668	1008
668	1011
666	1011
666	1013
665	1013
665	1014
662	1014
662	1017
661	1017
661	1018
659	1018
659	1017
658	1017
658	1019
656	1019
656	1020
655	1020
655	1019
654	1019
654	1017
655	1017
655	1016
654	1016
654	1014
653	1014
653	1006
652	1006
652	1003
651	1003
651	1001
641	1001
641	1006
640	1006
640	1008
639	1008
639	1011
638	1011
638	1016
637	1016
637	1018
636	1018
636	1021
634	1021
634	1027
633	1027
633	1029
632	1029
632	1032
631	1032
631	1034
630	1034
630	1037
629	1037
629	1039
628	1039
628	1041
627	1041
627	1043
626	1043
626	1047
625	1047
625	1048
624	1048
624	1053
622	1053
622	1056
621	1056
621	1057
620	1057
620	1058
619	1058
619	1059
618	1059
618	1060
615	1060
615	1063
614	1063
614	1064
613	1064
613	1065
611	1065
611	1066
608	1066
608	1063
607	1063
607	1061
606	1061
606	1060
605	1060
605	1054
604	1054
604	1048
603	1048
603	1047
601	1047
601	1045
591	1045
591	1046
590	1046
590	1048
589	1048
589	1052
588	1052
588	1055
587	1055
587	1056
588	1056
588	1057
587	1057
587	1058
585	1058
585	1059
586	1059
586	1061
585	1061
585	1066
584	1066
584	1067
582	1067
582	1072
581	1072
581	1073
580	1073
580	1076
579	1076
579	1078
578	1078
578	1080
576	1080
576	1082
575	1082
575	1085
574	1085
574	1087
573	1087
573	1088
572	1088
572	1089
571	1089
571	1090
570	1090
570	1099
563	1099
563	1100
561	1100
561	1101
560	1101
560	1102
559	1102
559	1103
558	1103
558	1104
557	1104
557	1105
556	1105
556	1106
554	1106
554	1105
553	1105
553	1103
552	1103
552	1100
551	1100
551	1099
550	1099
550	1095
549	1095
549	1094
548	1094
548	1093
547	1093
547	1088
546	1088
546	1086
535	1086
535	1087
534	1087
534	1089
533	1089
533	1091
532	1091
532	1093
530	1093
530	1094
529	1094
529	1097
528	1097
528	1098
527	1098
527	1100
526	1100
526	1101
525	1101
525	1104
524	1104
524	1106
522	1106
522	1107
520	1107
520	1113
517	1113
517	1114
516	1114
516	1119
514	1119
514	1120
513	1120
513	1122
512	1122
512	1124
511	1124
511	1126
510	1126
510	1128
509	1128
509	1130
508	1130
508	1131
507	1131
507	1133
505	1133
505	1141
500	1141
500	1142
497	1142
497	1145
496	1145
496	1146
495	1146
495	1147
494	1147
494	1148
493	1148
493	1149
492	1149
492	1146
490	1146
490	1145
489	1145
489	1144
488	1144
488	1143
487	1143
487	1142
486	1142
486	1140
485	1140
485	1134
484	1134
484	1133
475	1133
475	1134
473	1134
473	1138
472	1138
472	1139
471	1139
471	1140
470	1140
470	1144
469	1144
469	1146
467	1146
467	1147
466	1147
466	1150
464	1150
464	1152
463	1152
463	1153
462	1153
462	1156
461	1156
461	1157
460	1157
460	1159
458	1159
458	1160
457	1160
457	1165
456	1165
456	1166
454	1166
454	1169
452	1169
452	1170
451	1170
451	1172
449	1172
449	1174
448	1174
448	1175
449	1175
449	1176
448	1176
448	1178
445	1178
445	1179
444	1179
444	1182
443	1182
443	1184
442	1184
442	1185
438	1185
438	1186
437	1186
437	1189
432	1189
432	1190
431	1190
431	1192
429	1192
429	1191
428	1191
428	1190
427	1190
427	1189
426	1189
426	1188
427	1188
427	1183
426	1183
426	1182
424	1182
424	1181
423	1181
423	1178
422	1178
422	1173
421	1173
421	1172
412	1172
412	1173
411	1173
411	1174
410	1174
410	1176
409	1176
409	1177
408	1177
408	1178
407	1178
407	1179
405	1179
405	1181
404	1181
404	1183
402	1183
402	1184
401	1184
401	1185
400	1185
400	1186
397	1186
397	1190
395	1190
395	1191
394	1191
394	1192
391	1192
391	1194
390	1194
390	1195
389	1195
389	1196
388	1196
388	1197
387	1197
387	1198
385	1198
385	1199
384	1199
384	1201
382	1201
382	1202
378	1202
378	1207
376	1207
376	1208
374	1208
374	1209
371	1209
371	1212
368	1212
368	1214
366	1214
366	1216
365	1216
365	1217
364	1217
364	1218
363	1218
363	1219
358	1219
358	1225
353	1225
353	1226
352	1226
352	1230
351	1230
351	1231
347	1231
347	1229
337	1229
337	1230
336	1230
336	1231
333	1231
333	1232
332	1232
332	1234
331	1234
331	1235
330	1235
330	1236
329	1236
329	1237
328	1237
328	1238
326	1238
326	1239
325	1239
325	1242
324	1242
324	1243
322	1243
322	1244
321	1244
321	1245
320	1245
320	1247
318	1247
318	1248
316	1248
316	1249
315	1249
315	1250
314	1250
314	1251
312	1251
312	1254
310	1254
310	1255
308	1255
308	1256
307	1256
307	1257
305	1257
305	1258
303	1258
303	1259
302	1259
302	1260
301	1260
301	1261
300	1261
300	1262
299	1262
299	1264
298	1264
298	1265
293	1265
293	1267
292	1267
292	1268
291	1268
291	1269
290	1269
290	1270
289	1270
289	1271
286	1271
286	1272
285	1272
285	1274
284	1274
284	1275
283	1275
283	1276
282	1276
282	1277
280	1277
280	1278
279	1278
279	1279
278	1279
278	1280
277	1280
277	1281
275	1281
275	1282
274	1282
274	1283
273	1283
273	1284
270	1284
270	1285
269	1285
269	1287
267	1287
267	1288
266	1288
266	1289
265	1289
265	1291
259	1291
259	1295
258	1295
258	1296
257	1296
257	1297
256	1297
256	1298
253	1298
253	1300
252	1300
252	1301
251	1301
251	1302
247	1302
247	1303
246	1303
246	1306
244	1306
244	1307
243	1307
243	1308
242	1308
242	1309
240	1309
240	1310
238	1310
238	1311
237	1311
237	1316
232	1316
232	1317
230	1317
230	1318
229	1318
229	1320
227	1320
227	1321
225	1321
225	1322
224	1322
224	1323
222	1323
222	1324
220	1324
220	1328
219	1328
219	1330
214	1330
214	1331
212	1331
212	1333
211	1333
211	1334
210	1334
210	1340
201	1340
201	1341
200	1341
200	1343
199	1343
199	1344
197	1344
197	1346
196	1346
196	1347
194	1347
194	1348
193	1348
193	1349
192	1349
192	1350
189	1350
189	1352
188	1352
188	1353
186	1353
186	1354
185	1354
185	1355
184	1355
184	1356
183	1356
183	1357
180	1357
180	1359
179	1359
179	1360
178	1360
178	1361
176	1361
176	1362
174	1362
174	1364
173	1364
173	1365
172	1365
172	1366
171	1366
171	1367
168	1367
168	1368
167	1368
167	1370
165	1370
165	1372
161	1372
161	1373
160	1373
160	1375
158	1375
158	1376
157	1376
157	1377
156	1377
156	1376
155	1376
155	1377
153	1377
153	1379
152	1379
152	1380
151	1380
151	1381
150	1381
150	1382
147	1382
147	1383
142	1383
142	1384
141	1384
141	1386
139	1386
139	1387
138	1387
138	1386
137	1386
137	1388
136	1388
136	1389
134	1389
134	1390
132	1390
132	1391
131	1391
131	1392
130	1392
130	1393
129	1393
129	1394
124	1394
124	1395
121	1395
121	1396
118	1396
118	1397
117	1397
117	1398
111	1398
111	1394
112	1394
112	1393
113	1393
113	1389
115	1389
115	1388
116	1388
116	1386
117	1386
117	1385
118	1385
118	1384
120	1384
120	1382
122	1382
122	1381
123	1381
123	1380
124	1380
124	1379
125	1379
125	1378
126	1378
126	1377
127	1377
127	1376
128	1376
128	1374
129	1374
129	1370
130	1370
130	1368
131	1368
131	1365
135	1365
135	1366
136	1366
136	1365
137	1365
137	1363
140	1363
140	1361
141	1361
141	1360
142	1360
142	1359
145	1359
145	1356
146	1356
146	1355
147	1355
147	1354
148	1354
148	1352
150	1352
150	1349
151	1349
151	1348
152	1348
152	1347
153	1347
153	1346
155	1346
155	1343
157	1343
157	1342
158	1342
158	1341
159	1341
159	1339
162	1339
162	1338
163	1338
163	1335
164	1335
164	1333
168	1333
168	1332
169	1332
169	1328
170	1328
170	1327
172	1327
172	1326
174	1326
174	1325
175	1325
175	1322
176	1322
176	1320
178	1320
178	1319
182	1319
182	1317
183	1317
183	1314
185	1314
185	1313
186	1313
186	1312
188	1312
188	1309
191	1309
191	1308
190	1308
190	1307
191	1307
191	1306
193	1306
193	1304
194	1304
194	1299
195	1299
195	1298
197	1298
197	1297
200	1297
200	1296
202	1296
202	1295
203	1295
203	1293
206	1293
206	1292
208	1292
208	1288
209	1288
209	1286
213	1286
213	1284
215	1284
215	1283
216	1283
216	1280
217	1280
217	1279
221	1279
221	1278
223	1278
223	1274
224	1274
224	1273
227	1273
227	1272
228	1272
228	1268
229	1268
229	1267
230	1267
230	1266
232	1266
232	1264
233	1264
233	1263
234	1263
234	1261
237	1261
237	1259
238	1259
238	1253
240	1253
240	1254
241	1254
241	1253
242	1253
242	1247
248	1247
248	1244
251	1244
251	1243
253	1243
253	1241
255	1241
255	1239
256	1239
256	1238
259	1238
259	1234
261	1234
261	1232
264	1232
264	1230
265	1230
265	1229
267	1229
267	1226
268	1226
268	1225
271	1225
271	1224
272	1224
272	1223
274	1223
274	1221
275	1221
275	1220
277	1220
277	1217
278	1217
278	1215
279	1215
279	1214
282	1214
282	1213
284	1213
284	1211
285	1211
285	1210
287	1210
287	1209
288	1209
288	1208
289	1208
289	1207
293	1207
293	1206
294	1206
294	1202
296	1202
296	1201
298	1201
298	1200
299	1200
299	1199
300	1199
300	1198
301	1198
301	1195
302	1195
302	1186
301	1186
301	1185
299	1185
299	1184
298	1184
298	1183
297	1183
297	1181
298	1181
298	1180
300	1180
300	1178
301	1178
301	1177
300	1177
300	1176
301	1176
301	1175
302	1175
302	1174
303	1174
303	1173
306	1173
306	1172
307	1172
307	1167
309	1167
309	1166
311	1166
311	1164
312	1164
312	1162
314	1162
314	1161
316	1161
316	1160
317	1160
317	1157
318	1157
318	1156
319	1156
319	1155
320	1155
320	1154
321	1154
321	1152
322	1152
322	1151
323	1151
323	1150
324	1150
324	1149
326	1149
326	1148
327	1148
327	1146
328	1146
328	1145
330	1145
330	1144
331	1144
331	1141
333	1141
333	1139
334	1139
334	1138
335	1138
335	1137
336	1137
336	1136
339	1136
339	1135
340	1135
340	1132
341	1132
341	1131
342	1131
342	1130
343	1130
343	1129
344	1129
344	1128
346	1128
346	1127
347	1127
347	1125
348	1125
348	1124
349	1124
349	1123
350	1123
350	1121
353	1121
353	1119
355	1119
355	1108
354	1108
354	1107
351	1107
351	1106
347	1106
347	1105
346	1105
346	1104
341	1104
341	1103
340	1103
340	1099
341	1099
341	1098
342	1098
342	1096
343	1096
343	1095
346	1095
346	1094
347	1094
347	1090
351	1090
351	1089
352	1089
352	1088
353	1088
353	1087
354	1087
354	1084
356	1084
356	1083
358	1083
358	1084
359	1084
359	1083
360	1083
360	1082
362	1082
362	1081
363	1081
363	1080
365	1080
365	1078
366	1078
366	1077
371	1077
371	1076
372	1076
372	1075
373	1075
373	1073
376	1073
376	1072
377	1072
377	1071
379	1071
379	1070
380	1070
380	1068
381	1068
381	1067
382	1067
382	1064
392	1064
392	1062
393	1062
393	1052
391	1052
391	1051
388	1051
388	1050
380	1050
380	1044
381	1044
381	1042
382	1042
382	1040
383	1040
383	1039
385	1039
385	1038
386	1038
386	1037
390	1037
390	1032
398	1032
398	1031
400	1031
400	1030
401	1030
401	1027
404	1027
404	1026
405	1026
405	1025
406	1025
406	1024
407	1024
407	1022
413	1022
413	1020
414	1020
414	1019
415	1019
415	1018
416	1018
416	1017
420	1017
420	1016
421	1016
421	1015
422	1015
422	1014
424	1014
424	1012
425	1012
425	1011
428	1011
428	1009
432	1009
432	1007
435	1007
435	1006
436	1006
436	1005
437	1005
437	1004
440	1004
440	1003
441	1003
441	992
440	992
440	991
433	991
433	990
432	990
432	988
427	988
427	987
424	987
424	986
422	986
422	982
423	982
423	979
424	979
424	978
425	978
425	977
426	977
426	976
432	976
432	973
433	973
433	972
435	972
435	971
436	971
436	970
440	970
440	969
442	969
442	968
443	968
443	967
446	967
446	965
448	965
448	964
450	964
450	963
454	963
454	962
455	962
455	961
459	961
459	958
460	958
460	957
461	957
461	956
463	956
463	955
464	955
464	956
465	956
465	955
468	955
468	953
471	953
471	952
472	952
472	951
473	951
473	949
474	949
474	950
478	950
478	948
479	948
479	947
480	947
480	945
484	945
484	944
487	944
487	942
492	942
492	932
491	932
491	931
487	931
487	930
486	930
486	931
484	931
484	930
482	930
482	929
477	929
477	928
473	928
473	924
474	924
474	922
475	922
475	921
476	921
476	920
477	920
477	918
479	918
479	917
480	917
480	916
481	916
481	915
483	915
483	913
484	913
484	912
485	912
485	911
486	911
486	910
487	910
487	909
488	909
488	908
493	908
493	907
494	907
494	906
499	906
499	905
500	905
500	904
501	904
501	903
503	903
503	904
504	904
504	903
505	903
505	902
507	902
507	901
508	901
508	900
511	900
511	899
512	899
512	898
513	898
513	897
518	897
518	894
525	894
525	891
534	891
534	890
535	890
535	880
534	880
534	879
522	879
522	880
521	880
521	881
518	881
518	875
515	875
515	873
516	873
516	872
517	872
517	871
518	871
518	869
519	869
519	868
523	868
523	867
525	867
525	863
528	863
528	860
534	860
534	859
538	859
538	858
539	858
539	857
541	857
541	856
543	856
543	855
544	855
544	854
545	854
545	853
546	853
546	854
547	854
547	853
549	853
549	854
550	854
550	853
551	853
551	852
552	852
552	851
551	851
551	850
552	850
552	849
559	849
559	850
560	850
560	849
561	849
561	848
562	848
562	847
563	847
563	846
568	846
568	845
571	845
571	844
574	844
574	842
575	842
575	841
578	841
578	840
584	840
584	839
586	839
586	828
583	828
583	827
576	827
576	826
575	826
575	825
576	825
576	824
577	824
577	822
578	822
578	820
579	820
579	819
580	819
580	818
586	818
586	814
588	814
588	815
601	815
601	814
604	814
604	805
605	805
605	804
608	804
608	805
609	805
609	804
610	804
610	803
614	803
614	802
615	802
615	801
616	801
616	800
619	800
619	799
621	799
621	798
623	798
623	797
625	797
625	796
628	796
628	795
632	795
632	794
637	794
637	793
639	793
639	783
637	783
637	782
635	782
635	781
633	781
633	780
631	780
631	779
630	779
630	777
631	777
631	775
633	775
633	774
634	774
634	773
636	773
636	772
654	772
654	771
655	771
655	772
656	772
656	771
657	771
657	770
658	770
658	768
659	768
659	766
660	766
660	761
661	761
661	759
663	759
663	758
664	758
664	756
663	756
663	755
664	755
664	754
663	754
663	753
664	753
664	754
678	754
678	753
679	753
679	752
683	752
683	751
686	751
686	750
688	750
688	749
691	749
691	738
689	738
689	737
686	737
686	735
687	735
687	734
688	734
688	733
690	733
690	732
691	732
691	731
692	731
692	730
704	730
704	729
716	729
716	720
717	720
717	718
718	718
718	717
724	717
724	716
725	716
725	715
726	715
726	714
730	714
730	713
731	713
731	712
732	712
732	711
734	711
734	710
735	710
735	709
736	709
736	708
742	708
742	707
746	707
746	706
747	706
747	695
746	695
746	694
745	694
745	693
744	693
744	692
743	692
743	691
742	691
742	690
740	690
740	689
739	689
739	686
743	686
743	687
744	687
744	688
769	688
769	680
771	680
771	679
775	679
775	677
777	677
777	676
778	676
778	675
779	675
779	674
782	674
782	673
787	673
787	672
788	672
788	671
789	671
789	670
793	670
793	669
795	669
795	668
796	668
796	667
798	667
798	666
802	666
802	665
803	665
803	664
805	664
805	653
815	653
815	652
816	652
816	651
818	651
818	650
819	650
819	649
820	649
820	648
821	648
821	647
828	647
828	646
833	646
833	640
834	640
834	639
835	639
835	638
836	638
836	637
837	637
837	636
839	636
839	635
843	635
843	634
844	634
844	633
848	633
848	630
851	630
851	629
853	629
853	628
855	628
855	627
856	627
856	626
860	626
860	624
863	624
863	623
865	623
865	622
867	622
867	621
869	621
869	620
871	620
871	608
869	608
869	605
872	605
872	604
886	604
886	603
887	603
887	602
888	602
888	601
890	601
890	600
891	600
891	601
892	601
892	600
894	600
894	595
896	595
896	594
898	594
898	592
899	592
899	591
904	591
904	590
905	590
905	589
906	589
906	588
908	588
908	587
909	587
909	586
910	586
910	585
911	585
911	584
916	584
916	582
917	582
917	581
921	581
921	580
923	580
923	579
924	579
924	578
926	578
926	577
929	577
929	576
930	576
930	575
933	575
933	573
934	573
934	571
933	571
933	568
934	568
934	566
933	566
933	564
934	564
934	563
944	563
944	562
946	562
946	561
947	561
947	560
950	560
950	559
951	559
951	558
952	558
952	557
953	557
953	556
954	556
954	554
956	554
956	553
960	553
960	551
961	551
961	550
962	550
962	548
965	548
965	547
967	547
967	545
970	545
970	543
972	543
972	542
975	542
975	541
976	541
976	540
977	540
977	539
978	539
978	540
979	540
979	539
980	539
980	537
984	537
984	536
985	536
985	535
986	535
986	534
987	534
987	533
990	533
990	522
1002	522
1002	521
1005	521
1005	520
1006	520
1006	519
1007	519
1007	517
1009	517
1009	516
1010	516
1010	515
1011	515
1011	514
1013	514
1013	513
1016	513
1016	510
1018	510
1018	509
1021	509
1021	508
1023	508
1023	507
1024	507
1024	506
1025	506
1025	505
1027	505
1027	503
1031	503
1031	502
1032	502
1032	501
1034	501
1034	500
1036	500
1036	499
1037	499
1037	498
1039	498
1039	497
1040	497
1040	496
1042	496
1042	495
1046	495
1046	488
1047	488
1047	487
1051	487
1051	486
1054	486
1054	485
1056	485
1056	484
1057	484
1057	483
1059	483
1059	482
1060	482
1060	481
1061	481
1061	480
1062	480
1062	479
1065	479
1065	478
1066	478
1066	477
1067	477
1067	476
1069	476
1069	475
1071	475
1071	474
1072	474
1072	473
1073	473
1073	472
1074	472
1074	471
1076	471
1076	470
1077	470
1077	469
1079	469
1079	467
1080	467
1080	466
1083	466
1083	465
1084	465
1084	464
1085	464
1085	463
1086	463
1086	462
1087	462
1087	461
1089	461
1089	460
1091	460
1091	459
1092	459
1092	457
1095	457
1095	456
1096	456
1096	455
1098	455
1098	454
1099	454
1099	453
1101	453
1101	452
1102	452
1102	451
1103	451
1103	450
1106	450
1106	449
1107	449
1107	446
1108	446
1108	445
1109	445
1109	446
1110	446
1110	445
1111	445
1111	444
1113	444
1113	443
1114	443
1114	442
1115	442
1115	441
1116	441
1116	440
1117	440
1117	439
1120	439
1120	438
1121	438
1121	437
1123	437
1123	436
1122	436
1122	435
1125	435
1125	424
1113	424
1113	425
1108	425
1108	426
1105	426
1105	427
1104	427
1104	426
1101	426
1101	427
1090	427
1090	431
1088	431
1088	430
1077	430
1077	431
1074	431
1074	432
1067	432
1067	433
1064	433
1064	434
1058	434
1058	435
1056	435
1056	436
1051	436
1051	437
1046	437
1046	438
1044	438
1044	439
1043	439
1043	440
1042	440
1042	439
1041	439
1041	440
1038	440
1038	441
1037	441
1037	443
1036	443
1036	444
1034	444
1034	445
1024	445
1024	447
1018	447
1018	448
1017	448
1017	449
1015	449
1015	450
1013	450
1013	451
1009	451
1009	452
1008	452
1008	453
1004	453
1004	454
1002	454
1002	455
1001	455
1001	456
997	456
997	457
995	457
995	458
994	458
994	459
993	459
993	460
991	460
991	461
990	461
990	462
989	462
989	463
988	463
988	464
985	464
985	465
982	465
982	464
971	464
971	465
969	465
969	466
968	466
968	467
965	467
965	468
964	468
964	469
962	469
962	470
961	470
961	471
958	471
958	472
956	472
956	473
954	473
954	474
952	474
952	476
950	476
950	477
945	477
945	476
944	476
944	478
942	478
942	480
939	480
939	481
938	481
938	482
937	482
937	483
936	483
936	484
932	484
932	488
931	488
931	489
928	489
928	488
927	488
927	486
915	486
915	487
912	487
912	489
910	489
910	490
908	490
908	491
907	491
907	492
906	492
906	493
905	493
905	497
897	497
897	498
896	498
896	499
893	499
893	500
892	500
892	501
890	501
890	502
889	502
889	503
888	503
888	505
885	505
885	506
883	506
883	508
881	508
881	509
880	509
880	510
879	510
879	509
878	509
878	510
875	510
875	506
874	506
874	504
873	504
873	503
864	503
864	504
862	504
862	505
860	505
860	506
859	506
859	507
858	507
858	508
856	508
856	509
854	509
854	510
852	510
852	511
850	511
850	512
847	512
847	513
846	513
846	515
845	515
845	516
844	516
844	517
840	517
840	519
838	519
838	520
833	520
833	523
832	523
832	524
828	524
828	525
826	525
826	523
825	523
825	520
824	520
824	519
814	519
814	520
813	520
813	521
811	521
811	522
810	522
810	524
808	524
808	525
806	525
806	526
804	526
804	530
800	530
800	532
797	532
797	533
796	533
796	535
794	535
794	536
793	536
793	537
791	537
791	538
787	538
787	542
786	542
786	543
780	543
780	544
777	544
777	545
775	545
775	536
774	536
774	535
765	535
765	536
763	536
763	537
761	537
761	539
758	539
758	540
757	540
757	541
755	541
755	542
753	542
753	543
752	543
752	544
751	544
751	545
749	545
749	546
747	546
747	548
746	548
746	549
744	549
744	551
741	551
741	553
738	553
738	555
734	555
734	556
733	556
733	558
731	558
731	559
726	559
726	553
725	553
725	552
715	552
715	554
714	554
714	555
713	555
713	556
711	556
711	557
709	557
709	558
708	558
708	559
707	559
707	560
706	560
706	561
705	561
705	562
704	562
704	563
700	563
700	564
699	564
699	565
698	565
698	566
695	566
695	568
694	568
694	569
688	569
688	571
683	571
683	572
681	572
681	571
680	571
680	570
679	570
679	569
678	569
678	566
677	566
677	565
676	565
676	564
665	564
665	565
664	565
664	564
663	564
663	565
662	565
662	566
661	566
661	568
659	568
659	569
657	569
657	570
655	570
655	572
649	572
649	574
648	574
648	578
645	578
645	579
641	579
641	580
642	580
642	581
641	581
641	583
635	583
635	585
632	585
632	586
629	586
629	587
628	587
628	588
627	588
627	587
626	587
626	588
625	588
625	587
624	587
624	588
623	588
623	587
622	587
622	588
620	588
620	585
621	585
621	575
609	575
609	576
608	576
608	577
606	577
606	578
605	578
605	579
602	579
602	581
601	581
601	582
599	582
599	583
598	583
598	584
597	584
597	585
591	585
591	586
589	586
589	588
587	588
587	589
586	589
586	590
583	590
583	591
582	591
582	592
576	592
576	594
574	594
574	595
564	595
564	596
562	596
562	598
558	598
558	597
555	597
555	595
556	595
556	594
555	594
555	593
556	593
556	589
555	589
555	588
556	588
556	587
555	587
555	585
543	585
543	586
542	586
542	587
540	587
540	588
539	588
539	589
537	589
537	590
536	590
536	591
535	591
535	592
530	592
530	593
529	593
529	594
527	594
527	595
525	595
525	596
523	596
523	597
522	597
522	598
516	598
516	599
510	599
510	600
504	600
504	601
500	601
500	602
499	602
499	600
498	600
498	599
499	599
499	595
500	595
500	585
499	585
499	584
490	584
490	585
485	585
485	586
484	586
484	587
483	587
483	588
480	588
480	587
479	587
479	588
477	588
477	589
476	589
476	590
471	590
471	591
470	591
470	592
458	592
458	593
457	593
457	595
453	595
453	596
450	596
450	597
446	597
446	596
431	596
431	597
430	597
430	598
425	598
425	599
424	599
424	600
422	600
422	601
421	601
421	600
419	600
419	598
416	598
416	597
415	597
415	588
402	588
402	589
389	589
389	590
379	590
379	591
377	591
377	592
365	592
365	594
362	594
362	595
360	595
360	591
358	591
358	590
356	590
356	591
355	591
355	590
353	590
353	591
351	591
351	590
346	590
346	591
345	591
345	592
338	592
338	593
337	593
337	594
331	594
331	595
328	595
328	594
327	594
327	595
323	595
323	596
312	596
312	597
311	597
311	598
292	598
292	599
273	599
273	600
267	600
267	601
258	601
258	602
242	602
242	603
241	603
241	602
240	602
240	603
239	603
239	605
214	605
214	606
209	606
209	608
181	608
181	609
178	609
178	610
147	610
147	611
144	611
144	609
142	609
142	608
138	608
138	607
136	607
136	603
137	603
137	602
138	602
138	601
140	601
140	600
142	600
142	596
152	596
152	595
155	595
155	594
158	594
158	593
160	593
160	592
163	592
163	591
165	591
165	592
166	592
166	591
173	591
173	590
175	590
175	588
184	588
184	587
188	587
188	586
191	586
191	585
199	585
199	583
204	583
204	582
216	582
216	581
219	581
219	580
223	580
223	579
225	579
225	578
230	578
230	577
243	577
243	576
245	576
245	575
247	575
247	574
254	574
254	573
255	573
255	572
261	572
261	571
262	571
262	570
269	570
269	569
272	569
272	568
279	568
279	567
287	567
287	565
288	565
288	564
294	564
294	563
300	563
300	562
301	562
301	561
303	561
303	562
304	562
304	561
316	561
316	559
317	559
317	558
318	558
318	557
326	557
326	556
331	556
331	555
332	555
332	556
334	556
334	555
336	555
336	554
340	554
340	553
341	553
341	552
344	552
344	551
348	551
348	549
349	549
349	548
360	548
360	546
361	546
361	545
369	545
369	543
371	543
371	541
379	541
379	539
382	539
382	538
386	538
386	525
388	525
388	524
394	524
394	527
406	527
406	525
409	525
409	524
410	524
410	523
411	523
411	522
412	522
412	521
428	521
428	520
432	520
432	519
433	519
433	518
439	518
439	517
442	517
442	506
441	506
441	505
439	505
439	503
437	503
437	501
436	501
436	500
434	500
434	497
436	497
436	496
445	496
445	495
467	495
467	493
468	493
468	490
479	490
479	489
480	489
480	488
485	488
485	489
486	489
486	488
493	488
493	487
496	487
496	486
509	486
509	485
508	485
508	484
509	484
509	477
508	477
508	475
507	475
507	474
506	474
506	473
505	473
505	468
508	468
508	469
513	469
513	470
520	470
520	471
521	471
521	472
528	472
528	473
538	473
538	472
539	472
539	466
543	466
543	465
552	465
552	464
564	464
564	465
571	465
571	464
573	464
573	454
569	454
569	449
568	449
568	447
567	447
567	445
569	445
569	444
571	444
571	445
577	445
577	446
578	446
578	447
582	447
582	448
583	448
583	449
595	449
595	448
596	448
596	447
595	447
595	446
596	446
596	444
601	444
601	445
602	445
602	446
604	446
604	445
605	445
605	446
616	446
616	447
627	447
627	448
636	448
636	447
637	447
637	432
636	432
636	430
637	430
637	431
639	431
639	432
640	432
640	433
641	433
641	434
642	434
642	435
643	435
643	436
646	436
646	438
650	438
650	439
653	439
653	440
654	440
654	441
655	441
655	442
667	442
667	436
668	436
668	435
671	435
671	434
673	434
673	435
679	435
679	436
697	436
697	425
696	425
696	424
695	424
695	422
696	422
696	421
699	421
699	422
700	422
700	423
706	423
706	424
707	424
707	426
714	426
714	428
716	428
716	429
727	429
727	428
728	428
728	424
733	424
733	425
738	425
738	426
752	426
752	416
753	416
753	417
754	417
754	418
755	418
755	419
757	419
757	420
758	420
758	421
762	421
762	422
764	422
764	423
765	423
765	424
767	424
767	425
778	425
778	426
780	426
780	428
781	428
781	429
795	429
795	426
796	426
796	425
795	425
795	424
796	424
796	423
799	423
799	422
804	422
804	423
809	423
809	422
811	422
811	412
813	412
813	415
814	415
814	416
826	416
826	417
828	417
828	418
829	418
829	419
834	419
834	420
835	420
835	421
840	421
840	422
851	422
851	421
852	421
852	417
855	417
855	416
877	416
877	415
878	415
878	409
879	409
879	410
880	410
880	411
886	411
886	412
889	412
889	413
891	413
891	414
895	414
895	415
901	415
901	416
902	416
902	415
904	415
904	417
906	417
906	418
908	418
908	417
909	417
909	418
911	418
911	417
912	417
912	418
915	418
915	417
922	417
922	416
923	416
923	413
924	413
924	412
931	412
931	413
938	413
938	412
939	412
939	413
940	413
940	412
941	412
941	411
940	411
940	410
941	410
941	408
942	408
942	407
943	407
943	406
945	406
945	411
946	411
946	412
951	412
951	413
956	413
956	414
959	414
959	413
960	413
960	414
962	414
962	413
964	413
964	414
966	414
966	415
976	415
976	416
987	416
987	415
992	415
992	414
993	414
993	413
995	413
995	412
999	412
999	411
1001	411
1001	410
1007	410
1007	411
1017	411
1017	412
1024	412
1024	413
1036	413
1036	414
1040	414
1040	413
1046	413
1046	412
1053	412
1053	411
1070	411
1070	412
1082	412
1082	411
1086	411
1086	410
1088	410
1088	409
1096	409
1096	410
1108	410
1108	409
1123	409
1123	398
1122	398
1122	397
1119	397
1119	396
1116	396
1116	395
1115	395
1115	394
1114	394
1114	393
1113	393
1113	391
1112	391
1112	390
1111	390
1111	389
1109	389
1109	388
1108	388
1108	387
1105	387
1105	386
1102	386
1102	385
1098	385
1098	384
1096	384
1096	383
1092	383
1092	384
1088	384
1088	383
1087	383
1087	384
1086	384
1086	378
1085	378
1085	377
1077	377
1077	376
1072	376
1072	375
1071	375
1071	374
1066	374
1066	372
1053	372
1053	369
1052	369
1052	367
1044	367
1044	366
1042	366
1042	365
1033	365
1033	364
1031	364
1031	363
1016	363
1016	362
1015	362
1015	363
1013	363
1013	362
1012	362
1012	361
1010	361
1010	355
1006	355
1006	354
999	354
999	353
993	353
993	352
987	352
987	351
986	351
986	350
980	350
980	349
979	349
979	348
959	348
959	347
955	347
955	346
954	346
954	345
953	345
953	337
948	337
948	336
946	336
946	335
942	335
942	334
936	334
936	333
929	333
929	331
925	331
925	330
914	330
914	329
913	329
913	328
909	328
909	327
908	327
908	321
907	321
907	320
875	320
875	319
874	319
874	318
872	318
872	317
871	317
871	316
872	316
872	315
870	315
870	314
869	314
869	313
870	313
870	311
869	311
869	310
870	310
870	307
869	307
869	306
857	306
857	305
855	305
855	304
843	304
843	305
842	305
842	304
840	304
840	303
837	303
837	302
828	302
828	301
827	301
827	299
825	299
825	297
827	297
827	286
817	286
817	285
812	285
812	284
811	284
811	283
808	283
808	282
789	282
789	280
787	280
787	279
786	279
786	278
785	278
785	276
784	276
784	275
786	275
786	268
787	268
787	267
786	267
786	264
783	264
783	263
781	263
781	262
772	262
772	261
771	261
771	260
768	260
768	259
762	259
762	256
756	256
756	255
751	255
751	254
749	254
749	252
743	252
743	250
742	250
742	249
739	249
739	248
738	248
738	246
739	246
739	245
740	245
740	235
739	235
739	234
735	234
735	233
732	233
732	232
722	232
722	231
723	231
723	230
722	230
722	229
715	229
715	228
711	228
711	227
710	227
710	226
704	226
704	225
703	225
703	223
696	223
696	221
695	221
695	220
693	220
693	219
691	219
691	216
690	216
690	209
689	209
689	208
687	208
687	207
683	207
683	206
680	206
680	205
679	205
679	204
677	204
677	203
671	203
671	201
670	201
670	200
668	200
668	199
667	199
667	198
665	198
665	197
663	197
663	195
661	195
661	194
659	194
659	193
657	193
657	192
656	192
656	190
651	190
651	188
649	188
649	187
646	187
646	186
645	186
645	185
644	185
644	183
637	183
637	181
635	181
635	180
630	180
630	177
626	177
626	176
624	176
624	175
623	175
623	174
618	174
618	173
617	173
617	170
611	170
611	169
610	169
610	167
604	167
604	164
603	164
603	163
599	163
599	162
597	162
597	161
595	161
595	160
593	160
593	159
591	159
591	157
589	157
589	156
585	156
585	155
575	155
575	150
574	150
574	149
571	149
571	148
570	148
570	147
566	147
566	146
565	146
565	145
562	145
562	144
561	144
561	143
558	143
558	142
556	142
556	141
554	141
554	140
551	140
551	137
546	137
546	136
544	136
544	134
539	134
539	133
538	133
538	131
537	131
537	130
532	130
532	128
526	128
526	127
525	127
525	123
523	123
523	121
521	121
521	120
520	120
520	118
519	118
519	117
518	117
518	115
517	115
517	113
516	113
516	111
515	111
515	109
516	109
516	108
520	108
520	109
533	109
533	110
534	110
534	112
535	112
535	113
539	113
539	114
540	114
540	115
542	115
542	116
544	116
544	117
548	117
548	118
549	118
549	119
554	119
554	120
555	120
555	119
556	119
556	120
557	120
557	121
559	121
559	122
561	122
561	123
568	123
568	122
565	122
565	121
568	121
568	122
570	122
570	123
568	123
568	125
572	125
572	126
573	126
573	127
577	127
577	128
579	128
579	129
582	129
582	130
584	130
584	131
585	131
585	132
586	132
586	131
587	131
587	132
590	132
590	133
592	133
592	134
595	134
595	135
603	135
603	136
606	136
606	137
608	137
608	138
610	138
610	139
613	139
613	138
617	138
617	139
618	139
618	141
620	141
620	142
622	142
622	143
631	143
631	144
632	144
632	146
636	146
636	147
638	147
638	148
640	148
640	149
642	149
642	150
653	150
653	151
654	151
654	152
656	152
656	153
658	153
658	152
659	152
659	153
660	153
660	152
661	152
661	153
662	153
662	155
665	155
665	156
666	156
666	157
668	157
668	158
675	158
675	159
681	159
681	160
682	160
682	161
687	161
687	162
688	162
688	163
692	163
692	164
695	164
695	165
697	165
697	166
702	166
702	167
704	167
704	169
705	169
705	170
708	170
708	171
709	171
709	172
711	172
711	171
717	171
717	172
718	172
718	173
720	173
720	174
722	174
722	175
727	175
727	176
741	176
741	173
742	173
742	172
741	172
741	170
742	170
742	166
746	166
746	167
747	167
747	168
753	168
753	169
755	169
755	170
760	170
760	172
761	172
761	173
762	173
762	174
763	174
763	175
766	175
766	177
768	177
768	178
773	178
773	179
774	179
774	180
777	180
777	181
779	181
779	182
780	182
780	183
783	183
783	185
787	185
787	186
788	186
788	187
790	187
790	188
792	188
792	189
793	189
793	190
803	190
803	189
804	189
804	185
805	185
805	182
811	182
811	185
819	185
819	186
820	186
820	188
825	188
825	190
826	190
826	191
827	191
827	192
829	192
829	193
830	193
830	194
832	194
832	195
833	195
833	197
837	197
837	198
838	198
838	199
839	199
839	200
844	200
844	201
846	201
846	205
849	205
849	206
850	206
850	207
861	207
861	206
862	206
862	202
865	202
865	203
866	203
866	205
872	205
872	207
874	207
874	208
878	208
878	210
879	210
879	211
883	211
883	212
884	212
884	214
885	214
885	215
886	215
886	216
888	216
888	217
890	217
890	218
891	218
891	219
893	219
893	220
895	220
895	224
896	224
896	225
900	225
900	226
901	226
901	227
902	227
902	229
904	229
904	230
912	230
912	229
913	229
913	230
917	230
917	231
923	231
923	232
925	232
925	234
926	234
926	235
932	235
932	239
933	239
933	241
938	241
938	242
939	242
939	244
941	244
941	245
942	245
942	246
944	246
944	247
945	247
945	248
946	248
946	249
947	249
947	250
948	250
948	251
953	251
953	253
955	253
955	254
956	254
956	255
957	255
957	256
968	256
968	255
971	255
971	257
972	257
972	258
978	258
978	265
984	265
984	269
985	269
985	270
988	270
988	271
989	271
989	272
991	272
991	274
993	274
993	275
996	275
996	278
997	278
997	277
999	277
999	279
1000	279
1000	280
1001	280
1001	282
1003	282
1003	283
1005	283
1005	284
1006	284
1006	285
1007	285
1007	286
1008	286
1008	287
1022	287
1022	288
1023	288
1023	290
1024	290
1024	294
1025	294
1025	295
1027	295
1027	298
1029	298
1029	300
1030	300
1030	301
1031	301
1031	302
1030	302
1030	303
1031	303
1031	304
1035	304
1035	305
1038	305
1038	308
1039	308
1039	309
1041	309
1041	310
1043	310
1043	311
1044	311
1044	314
1047	314
1047	315
1048	315
1048	316
1049	316
1049	318
1051	318
1051	320
1052	320
1052	321
1053	321
1053	322
1054	322
1054	323
1061	323
1061	324
1063	324
1063	326
1066	326
1066	327
1067	327
1067	330
1068	330
1068	332
1069	332
1069	333
1071	333
1071	334
1073	334
1073	336
1074	336
1074	338
1075	338
1075	339
1079	339
1079	341
1080	341
1080	342
1082	342
1082	343
1083	343
1083	344
1084	344
1084	345
1085	345
1085	346
1086	346
1086	347
1089	347
1089	348
1090	348
1090	350
1093	350
1093	352
1094	352
1094	354
1096	354
1096	356
1100	356
1100	357
1101	357
1101	356
1102	356
1102	357
1104	357
1104	358
1105	358
1105	359
1106	359
1106	362
1107	362
1107	363
1108	363
1108	364
1109	364
1109	365
1110	365
1110	366
1112	366
1112	367
1113	367
1113	369
1114	369
1114	370
1115	370
1115	371
1116	371
1116	372
1117	372
1117	373
1118	373
1118	375
1119	375
1119	376
1120	376
1120	377
1122	377
1122	378
1125	378
1125	379
1126	379
1126	381
1128	381
1128	383
1129	383
1129	384
1130	384
1130	385
1131	385
1131	386
1132	386
1132	387
1133	387
1133	388
1134	388
1134	389
1135	389
1135	390
1136	390
1136	391
1137	391
1137	392
1138	392
1138	393
1140	393
1140	394
1142	394
1142	395
1143	395
1143	397
1144	397
1144	398
1145	398
1145	399
1146	399
1146	400
1148	400
1148	401
1150	401
1150	402
1152	402
1152	403
1155	403
1155	404
1158	404
1158	406
1161	406
1161	407
1164	407
1164	408
1175	408
1175	407
1176	407
1176	406
1177	406
1177	405
1178	405
1178	403
1179	403
1179	402
1180	402
1180	401
1181	401
1181	400
1183	400
1183	399
1184	399
1184	398
1191	398
1191	396
1192	396
1192	395
1196	395
1196	394
1198	394
1198	393
1200	393
1200	392
1201	392
1201	391
1203	391
1203	390
1205	390
1205	389
1215	389
1215	387
1217	387
1217	386
1218	386
1218	385
1220	385
1220	384
1221	384
1221	383
1224	383
1224	381
1226	381
1226	380
1227	380
1227	379
1229	379
1229	378
1231	378
1231	377
1232	377
1232	376
1233	376
1233	375
1235	375
1235	374
1236	374
1236	373
1238	373
1238	372
1240	372
1240	371
1243	371
1243	370
1244	370
1244	368
1247	368
1247	367
1248	367
1248	366
1249	366
1249	365
1250	365
1250	364
1253	364
1253	363
1256	363
1256	362
1258	362
1258	361
1259	361
1259	359
1262	359
1262	358
1263	358
1263	357
1264	357
1264	356
1265	356
1265	355
1267	355
1267	354
1269	354
1269	353
1270	353
1270	352
1271	352
1271	351
1272	351
1272	350
1278	350
1278	349
1280	349
1280	348
1279	348
1279	347
1283	347
1283	345
1284	345
1284	343
1287	343
1287	342
1288	342
1288	341
1290	341
1290	340
1291	340
1291	339
1292	339
1292	338
1293	338
1293	337
1294	337
1294	338
1295	338
1295	337
1302	337
1302	336
1304	336
1304	335
1305	335
1305	334
1306	334
1306	332
1307	332
1307	331
1308	331
1308	330
1315	330
1315	328
1316	328
1316	325
1317	325
1317	324
1323	324
1323	323
1324	323
1324	322
1326	322
1326	317
1328	317
1328	316
1331	316
1331	315
1340	315
1340	314
1342	314
1342	313
1344	313
1344	312
1345	312
1345	311
1348	311
1348	310
1349	310
1349	309
1350	309
1350	308
1352	308
1352	307
1354	307
1354	306
1355	306
1355	305
1357	305
1357	304
1358	304
1358	303
1365	303
1365	301
1367	301
1367	300
1369	300
1369	299
1372	299
1372	297
1375	297
1375	296
1377	296
1377	294
1380	294
1380	293
1384	293
1384	292
1386	292
1386	290
1388	290
1388	291
1398	291
1398	290
1400	290
1400	287
1405	287
1405	286
1406	286
1406	284
1410	284
1410	283
1411	283
1411	282
1413	282
1413	281
1418	281
1418	280
1421	280
1421	279
1422	279
1422	277
1428	277
1428	275
1429	275
1429	271
1440	271
1440	270
1443	270
1443	269
1444	269
1444	266
1446	266
1446	268
1447	268
1447	270
1457	270
1457	269
1458	269
1458	270
1459	270
1459	269
1460	269
1460	268
1461	268
1461	267
1462	267
1462	265
1463	265
1463	264
1468	264
1468	263
1469	263
1469	262
1471	262
1471	260
1474	260
1474	258
1479	258
1479	257
1480	257
1480	256
1481	256
1481	255
1487	255
1487	254
1488	254
1488	251
1502	251
1502	250
1504	250
1504	249
1505	249
1505	248
1506	248
1506	247
1507	247
1507	245
1508	245
1508	244
1509	244
1509	245
1510	245
1510	252
1523	252
1523	251
1526	251
1526	250
1527	250
1527	249
1528	249
1528	248
1534	248
1534	247
1535	247
1535	246
1536	246
1536	244
1546	244
1546	243
1547	243
1547	242
1551	242
1551	243
1553	243
1553	242
1554	242
1554	243
1555	243
1555	242
1556	242
1556	239
1557	239
1557	237
1562	237
1562	238
1564	238
1564	237
1567	237
1567	236
1571	236
1571	235
1574	235
1574	234
1575	234
1575	231
1588	231
1588	230
1589	230
1589	229
1590	229
1590	228
1593	228
1593	227
1595	227
1595	228
1597	228
1597	227
1599	227
1599	226
1600	226
1600	225
1601	225
1601	224
1607	224
1607	223
1608	223
1608	222
1609	222
1609	221
1615	221
1615	220
1617	220
1617	219
1620	219
1620	218
1621	218
1621	217
1623	217
1623	215
1630	215
1630	214
1635	214
1635	213
1637	213
1637	214
1638	214
1638	213
1641	213
1641	212
1642	212
1642	211
1647	211
1647	210
1648	210
1648	209
1653	209
1653	208
1659	208
1659	207
1661	207
1661	206
1664	206
1664	205
1669	205
1669	204
1670	204
1670	203
1671	203
1671	202
1675	202
1675	201
1676	201
1676	202
1678	202
1678	201
1679	201
1679	200
1680	200
1680	199
1686	199
1686	198
1692	198
1692	197
1693	197
1693	196
1695	196
1695	195
1701	195
1701	194
1702	194
1702	193
1705	193
1705	192
1706	192
1706	191
1711	191
1711	190
1712	190
1712	189
1717	189
1717	188
1718	188
1718	187
1725	187
1725	186
1727	186
1727	185
1729	185
1729	184
1731	184
1731	183
1734	183
1734	182
1736	182
1736	181
1744	181
1744	180
1749	180
1749	179
1750	179
1750	180
1751	180
1751	181
1753	181
1753	185
1752	185
1752	186
1750	186
1750	188
1749	188
1749	191
1747	191
1747	192
1746	192
1746	193
1744	193
1744	194
1743	194
1743	195
1742	195
1742	196
1741	196
1741	197
1739	197
1739	200
1738	200
1738	201
1730	201
1730	203
1728	203
1728	204
1727	204
1727	206
1726	206
1726	207
1725	207
1725	208
1724	208
1724	209
1721	209
1721	210
1719	210
1719	209
1718	209
1718	210
1717	210
1717	212
1716	212
1716	213
1715	213
1715	214
1713	214
1713	215
1710	215
1710	217
1709	217
1709	218
1705	218
1705	216
1704	216
1704	219
1703	219
1703	221
1702	221
1702	222
1700	222
1700	223
1699	223
1699	222
1698	222
1698	223
1697	223
1697	225
1696	225
1696	226
1691	226
1691	227
1689	227
1689	228
1686	228
1686	229
1684	229
1684	230
1683	230
1683	231
1678	231
1678	232
1677	232
1677	234
1671	234
1671	235
1670	235
1670	236
1668	236
1668	235
1666	235
1666	236
1664	236
1664	238
1662	238
1662	239
1660	239
1660	240
1657	240
1657	242
1653	242
1653	243
1651	243
1651	244
1650	244
1650	246
1645	246
1645	247
1644	247
1644	248
1643	248
1643	249
1638	249
1638	251
1637	251
1637	252
1634	252
1634	253
1631	253
1631	255
1625	255
1625	256
1624	256
1624	257
1622	257
1622	258
1618	258
1618	259
1617	259
1617	260
1615	260
1615	261
1613	261
1613	262
1612	262
1612	263
1610	263
1610	264
1609	264
1609	265
1608	265
1608	266
1607	266
1607	267
1606	267
1606	266
1605	266
1605	267
1604	267
1604	268
1603	268
1603	269
1599	269
1599	270
1598	270
1598	271
1597	271
1597	272
1596	272
1596	273
1594	273
1594	274
1592	274
1592	275
1588	275
1588	276
1585	276
1585	278
1584	278
1584	279
1579	279
1579	280
1578	280
1578	281
1577	281
1577	282
1572	282
1572	284
1571	284
1571	285
1567	285
1567	286
1565	286
1565	287
1564	287
1564	296
1565	296
1565	298
1564	298
1564	299
1563	299
1563	300
1562	300
1562	301
1559	301
1559	302
1558	302
1558	303
1556	303
1556	304
1552	304
1552	305
1550	305
1550	306
1544	306
1544	307
1543	307
1543	306
1541	306
1541	307
1540	307
1540	306
1539	306
1539	308
1532	308
1532	309
1531	309
1531	310
1529	310
1529	311
1525	311
1525	313
1524	313
1524	316
1523	316
1523	317
1524	317
1524	320
1523	320
1523	321
1522	321
1522	322
1519	322
1519	323
1518	323
1518	325
1507	325
1507	326
1506	326
1506	327
1505	327
1505	328
1493	328
1493	329
1492	329
1492	330
1486	330
1486	331
1483	331
1483	332
1478	332
1478	333
1477	333
1477	342
1478	342
1478	343
1479	343
1479	344
1478	344
1478	345
1473	345
1473	347
1468	347
1468	348
1459	348
1459	349
1452	349
1452	350
1448	350
1448	351
1442	351
1442	353
1435	353
1435	352
1434	352
1434	353
1431	353
1431	363
1432	363
1432	364
1433	364
1433	368
1427	368
1427	369
1425	369
1425	370
1424	370
1424	369
1422	369
1422	370
1401	370
1401	371
1400	371
1400	372
1397	372
1397	371
1395	371
1395	372
1388	372
1388	373
1383	373
1383	379
1382	379
1382	380
1381	380
1381	381
1369	381
1369	382
1355	382
1355	383
1348	383
1348	384
1342	384
1342	385
1334	385
1334	391
1331	391
1331	392
1329	392
1329	391
1303	391
1303	392
1293	392
1293	393
1292	393
1292	394
1267	394
1267	395
1265	395
1265	396
1263	396
1263	399
1254	399
1254	400
1252	400
1252	401
1251	401
1251	400
1249	400
1249	401
1235	401
1235	402
1229	402
1229	403
1222	403
1222	404
1221	404
1221	406
1220	406
1220	407
1208	407
1208	408
1206	408
1206	419
1207	419
1207	420
1209	420
1209	421
1213	421
1213	422
1214	422
1214	423
1215	423
1215	422
1216	422
1216	423
1221	423
1221	424
1224	424
1224	425
1227	425
1227	427
1231	427
1231	428
1232	428
1232	429
1236	429
1236	430
1240	430
1240	431
1245	431
1245	432
1256	432
1256	433
1260	433
1260	434
1261	434
1261	437
1262	437
1262	438
1264	438
1264	439
1270	439
1270	440
1278	440
1278	441
1288	441
1288	442
1304	442
1304	443
1307	443
1307	444
1308	444
1308	449
1310	449
1310	450
1313	450
1313	451
1314	451
1314	452
1320	452
1320	453
1331	453
1331	454
1334	454
1334	455
1357	455
1357	454
1358	454
1358	455
1361	455
1361	456
1362	456
1362	455
1379	455
1379	454
1380	454
1380	458
1400	458
1400	459
1401	459
1401	460
1405	460
1405	465
1404	465
1404	466
1413	466
1413	467
1416	467
1416	466
1417	466
1417	467
1421	467
1421	466
1435	466
1435	464
1443	464
1443	463
1445	463
1445	462
1447	462
1447	463
1446	463
1446	471
1447	471
1447	472
1473	472
1473	478
1474	478
1474	479
1479	479
1479	478
1481	478
1481	479
1484	479
1484	478
1496	478
1496	477
1497	477
1497	476
1498	476
1498	475
1510	475
1510	486
1517	486
1517	487
1530	487
1530	488
1534	488
1534	491
1535	491
1535	492
1546	492
1546	491
1547	491
1547	490
1549	490
1549	489
1560	489
1560	488
1562	488
1562	489
1563	489
1563	488
1564	488
1564	489
1565	489
1565	488
1567	488
1567	489
1570	489
1570	490
1569	490
1569	491
1568	491
1568	492
1567	492
1567	493
1565	493
1565	494
1564	494
1564	504
1565	504
1565	505
1567	505
1567	506
1570	506
1570	507
1577	507
1577	506
1578	506
1578	507
1582	507
1582	506
1585	506
1585	508
1588	508
1588	511
1599	511
1599	512
1610	512
1610	511
1611	511
1611	510
1613	510
1613	509
1615	509
1615	508
1616	508
1616	509
1617	509
1617	511
1616	511
1616	512
1615	512
1615	513
1613	513
1613	525
1623	525
1623	524
1631	524
1631	525
1648	525
1648	526
1649	526
1649	527
1651	527
1651	528
1650	528
1650	530
1651	530
1651	531
1661	531
1661	530
1665	530
1665	528
1669	528
1669	532
1668	532
1668	533
1667	533
1667	535
1665	535
1665	536
1664	536
1664	537
1662	537
1662	548
1663	548
1663	549
1682	549
1682	550
1684	550
1684	551
1696	551
1696	549
1701	549
1701	550
1705	550
1705	551
1716	551
1716	553
1717	553
1717	554
1728	554
1728	557
1727	557
1727	558
1726	558
1726	559
1724	559
1724	560
1723	560
1723	561
1722	561
1722	571
1723	571
1723	572
1731	572
1731	573
1734	573
1734	572
1737	572
1737	573
1740	573
1740	572
1742	572
1742	571
1744	571
1744	572
1748	572
1748	573
1750	573
1750	574
1758	574
1758	575
1760	575
1760	576
1770	576
1770	577
1774	577
1774	578
1775	578
1775	579
1773	579
1773	581
1771	581
1771	583
1769	583
1769	584
1768	584
1768	594
1769	594
1769	595
1793	595
1793	596
1796	596
1796	598
1807	598
1807	596
1810	596
1810	597
1813	597
1813	598
1814	598
1814	599
1813	599
1813	600
1812	600
1812	601
1811	601
1811	602
1810	602
1810	604
1809	604
1809	615
1824	615
1824	617
1835	617
1835	619
1838	619
1838	620
1839	620
1839	621
1840	621
1840	622
1851	622
1851	621
1856	621
1856	622
1860	622
1860	626
1859	626
1859	636
1867	636
1867	637
1878	637
1878	639
1883	639
1883	640
1889	640
1889	641
1891	641
1891	642
1892	642
1892	646
1893	646
1893	647
1906	647
1906	646
1914	646
1914	647
1918	647
1918	648
1917	648
1917	659
1918	659
1918	660
1928	660
1928	662
1938	662
1938	663
1939	663
1939	662
1940	662
1940	663
1941	663
1941	664
1944	664
1944	665
1946	665
1946	666
1957	666
1957	667
1966	667
1966	668
1972	668
1972	669
1973	669
1973	670
1975	670
1975	671
1981	671
1981	673
1984	673
1984	674
1985	674
1985	673
1987	673
1987	674
1988	674
1988	675
2003	675
2003	678
2005	678
2005	677
2006	677
2006	678
2007	678
2007	679
2010	679
2010	680
2024	680
2024	681
2025	681
2025	682
2026	682
2026	683
2032	683
2032	684
2040	684
2040	686
2055	686
2055	687
2056	687
2056	688
2058	688
2058	689
2066	689
2066	690
2077	690
2077	691
2083	691
2083	692
2084	692
2084	693
2101	693
2101	694
2102	694
2102	695
2104	695
2104	694
2105	694
2105	695
2109	695
2109	696
2119	696
2119	697
2122	697
2122	698
2128	698
2128	699
2135	699
2135	701
2136	701
2136	703
2137	703
2137	704
2135	704
2135	706
2134	706
2134	707
2133	707
2133	708
2132	708
2132	710
2127	710
2127	711
2126	711
2126	712
2125	712
2125	713
2115	713
2115	714
2111	714
2111	715
2108	715
2108	714
2100	714
2100	715
2099	715
2099	716
2089	716
2089	715
2072	715
2072	714
2066	714
2066	715
2065	715
2065	714
2056	714
2056	715
2055	715
2055	714
2048	714
2048	713
2038	713
2038	712
2030	712
2030	711
2016	711
2016	710
2004	710
2004	709
2002	709
2002	710
2001	710
2001	709
2000	709
2000	710
1997	710
1997	709
1995	709
1995	708
1974	708
1974	707
1963	707
1963	708
1960	708
1960	707
1959	707
1959	706
1956	706
1956	705
1955	705
1955	704
1939	704
1939	703
1933	703
1933	702
1930	702
1930	701
1919	701
1919	702
1918	702
1918	703
1917	703
1917	707
1913	707
1913	708
1912	708
1912	707
1910	707
1910	708
1904	708
1904	707
1902	707
1902	706
1893	706
1893	705
1892	705
1892	704
1884	704
1884	703
1878	703
1878	702
1876	702
1876	701
1862	701
1862	703
1861	703
1861	704
1859	704
1859	713
1858	713
1858	714
1857	714
1857	715
1855	715
1855	717
1844	717
1844	715
1842	715
1842	714
1839	714
1839	715
1838	715
1838	714
1837	714
1837	713
1836	713
1836	712
1831	712
1831	711
1829	711
1829	710
1828	710
1828	711
1827	711
1827	710
1826	710
1826	709
1824	709
1824	708
1818	708
1818	705
1817	705
1817	704
1812	704
1812	703
1811	703
1811	701
1799	701
1799	702
1798	702
1798	712
1799	712
1799	713
1789	713
1789	714
1784	714
1784	713
1782	713
1782	712
1781	712
1781	711
1780	711
1780	710
1777	710
1777	709
1775	709
1775	708
1773	708
1773	707
1771	707
1771	704
1767	704
1767	702
1766	702
1766	701
1763	701
1763	700
1762	700
1762	699
1761	699
1761	698
1760	698
1760	697
1758	697
1758	696
1757	696
1757	695
1755	695
1755	694
1752	694
1752	693
1751	693
1751	692
1741	692
1741	693
1740	693
1740	701
1739	701
1739	702
1738	702
1738	703
1732	703
1732	702
1731	702
1731	701
1725	701
1725	698
1720	698
1720	697
1718	697
1718	696
1716	696
1716	695
1715	695
1715	694
1713	694
1713	693
1709	693
1709	694
1708	694
1708	693
1705	693
1705	694
1703	694
1703	697
1702	697
1702	690
1700	690
1700	684
1699	684
1699	682
1698	682
1698	681
1695	681
1695	680
1694	680
1694	679
1684	679
1684	680
1683	680
1683	686
1681	686
1681	687
1677	687
1677	686
1676	686
1676	687
1675	687
1675	686
1673	686
1673	685
1672	685
1672	684
1666	684
1666	682
1664	682
1664	681
1662	681
1662	682
1661	682
1661	681
1660	681
1660	679
1659	679
1659	678
1658	678
1658	677
1656	677
1656	676
1654	676
1654	675
1653	675
1653	672
1652	672
1652	671
1648	671
1648	670
1647	670
1647	669
1646	669
1646	668
1645	668
1645	667
1641	667
1641	665
1640	665
1640	664
1639	664
1639	663
1637	663
1637	662
1636	662
1636	661
1635	661
1635	660
1625	660
1625	662
1624	662
1624	666
1625	666
1625	667
1624	667
1624	671
1625	671
1625	672
1624	672
1624	673
1621	673
1621	672
1619	672
1619	671
1616	671
1616	670
1613	670
1613	669
1612	669
1612	668
1611	668
1611	667
1609	667
1609	666
1607	666
1607	665
1606	665
1606	664
1605	664
1605	663
1604	663
1604	662
1603	662
1603	661
1602	661
1602	660
1600	660
1600	658
1599	658
1599	657
1598	657
1598	656
1597	656
1597	655
1595	655
1595	653
1593	653
1593	651
1590	651
1590	649
1589	649
1589	648
1588	648
1588	647
1587	647
1587	646
1586	646
1586	645
1583	645
1583	644
1582	644
1582	642
1581	642
1581	641
1580	641
1580	639
1579	639
1579	638
1568	638
1568	639
1567	639
1567	648
1566	648
1566	649
1564	649
1564	648
1562	648
1562	647
1561	647
1561	646
1560	646
1560	645
1558	645
1558	644
1556	644
1556	643
1555	643
1555	642
1554	642
1554	641
1553	641
1553	640
1554	640
1554	639
1553	639
1553	638
1548	638
1548	637
1547	637
1547	635
1546	635
1546	634
1544	634
1544	633
1543	633
1543	632
1541	632
1541	630
1540	630
1540	629
1535	629
1535	627
1534	627
1534	623
1533	623
1533	622
1532	622
1532	621
1530	621
1530	620
1529	620
1529	619
1528	619
1528	618
1522	618
1522	617
1521	617
1521	618
1520	618
1520	617
1519	617
1519	618
1516	618
1516	622
1514	622
1514	621
1510	621
1510	620
1509	620
1509	619
1508	619
1508	618
1506	618
1506	617
1504	617
1504	616
1503	616
1503	615
1501	615
1501	613
1500	613
1500	611
1497	611
1497	610
1496	610
1496	609
1495	609
1495	608
1494	608
1494	605
1491	605
1491	604
1490	604
1490	603
1489	603
1489	602
1488	602
1488	599
1487	599
1487	598
1485	598
1485	597
1484	597
1484	596
1482	596
1482	595
1481	595
1481	593
1480	593
1480	592
1478	592
1478	590
1477	590
1477	589
1467	589
1467	590
1466	590
1466	594
1463	594
1463	593
1461	593
1461	592
1459	592
1459	590
1458	590
1458	589
1457	589
1457	588
1456	588
1456	587
1455	587
1455	586
1454	586
1454	585
1452	585
1452	584
1451	584
1451	582
1450	582
1450	581
1448	581
1448	579
1446	579
1446	578
1445	578
1445	577
1444	577
1444	576
1443	576
1443	574
1442	574
1442	573
1441	573
1441	572
1439	572
1439	571
1438	571
1438	570
1437	570
1437	569
1436	569
1436	568
1435	568
1435	566
1434	566
1434	565
1431	565
1431	564
1430	564
1430	563
1419	563
1419	567
1415	567
1415	566
1414	566
1414	565
1412	565
1412	564
1411	564
1411	563
1410	563
1410	562
1408	562
1408	561
1406	561
1406	560
1405	560
1405	559
1404	559
1404	557
1403	557
1403	556
1402	556
1402	553
1401	553
1401	552
1399	552
1399	551
1398	551
1398	550
1397	550
1397	549
1395	549
1395	548
1394	548
1394	547
1393	547
1393	546
1392	546
1392	545
1391	545
1391	544
1389	544
1389	543
1388	543
1388	542
1386	542
1386	541
1385	541
1385	540
1384	540
1384	539
1382	539
1382	537
1381	537
1381	536
1379	536
1379	535
1378	535
1378	534
1377	534
1377	533
1367	533
1367	535
1364	535
1364	534
1362	534
1362	533
1361	533
1361	532
1360	532
1360	531
1359	531
1359	529
1358	529
1358	527
1356	527
1356	526
1355	526
1355	525
1354	525
1354	524
1353	524
1353	523
1352	523
1352	522
1351	522
1351	520
1350	520
1350	519
1347	519
1347	518
1346	518
1346	517
1345	517
1345	515
1343	515
1343	513
1341	513
1341	512
1339	512
1339	511
1338	511
1338	509
1335	509
1335	508
1334	508
1334	506
1331	506
1331	505
1329	505
1329	504
1328	504
1328	503
1326	503
1326	502
1327	502
1327	501
1325	501
1325	500
1323	500
1323	497
1320	497
1320	496
1319	496
1319	493
1308	493
1308	492
1307	492
1307	490
1306	490
1306	489
1305	489
1305	488
1306	488
1306	487
1304	487
1304	486
1294	486
1294	481
1293	481
1293	480
1288	480
1288	479
1287	479
1287	478
1286	478
1286	477
1285	477
1285	476
1284	476
1284	475
1283	475
1283	474
1282	474
1282	473
1280	473
1280	472
1276	472
1276	470
1275	470
1275	469
1274	469
1274	467
1271	467
1271	466
1270	466
1270	465
1267	465
1267	464
1264	464
1264	463
1263	463
1263	460
1257	460
1257	459
1256	459
1256	458
1255	458
1255	457
1253	457
1253	456
1251	456
1251	455
1250	455
1250	453
1245	453
1245	452
1243	452
1243	451
1242	451
1242	450
1240	450
1240	449
1239	449
1239	448
1237	448
1237	447
1234	447
1234	446
1232	446
1232	445
1230	445
1230	443
1228	443
1228	442
1224	442
1224	441
1223	441
1223	440
1219	440
1219	439
1216	439
1216	438
1214	438
1214	437
1203	437
1203	438
1202	438
1202	451
1203	451
1203	452
1205	452
1205	453
1207	453
1207	455
1208	455
1208	456
1209	456
1209	458
1210	458
1210	459
1211	459
1211	462
1212	462
1212	463
1213	463
1213	465
1214	465
1214	466
1215	466
1215	468
1216	468
1216	469
1217	469
1217	470
1218	470
1218	472
1219	472
1219	473
1220	473
1220	475
1221	475
1221	476
1222	476
1222	477
1223	477
1223	478
1224	478
1224	480
1225	480
1225	481
1226	481
1226	482
1228	482
1228	485
1230	485
1230	487
1231	487
1231	488
1232	488
1232	489
1233	489
1233	491
1234	491
1234	492
1235	492
1235	495
1237	495
1237	496
1239	496
1239	498
1240	498
1240	501
1241	501
1241	502
1242	502
1242	503
1244	503
1244	504
1245	504
1245	507
1246	507
1246	508
1247	508
1247	509
1248	509
1248	510
1249	510
1249	512
1250	512
1250	513
1251	513
1251	514
1252	514
1252	516
1253	516
1253	518
1254	518
1254	519
1255	519
1255	520
1256	520
1256	521
1257	521
1257	522
1258	522
1258	523
1259	523
1259	524
1260	524
1260	526
1261	526
1261	527
1262	527
1262	528
1263	528
1263	529
1264	529
1264	530
1265	530
1265	531
1266	531
1266	532
1267	532
1267	534
1269	534
1269	536
1270	536
1270	537
1273	537
1273	538
1274	538
1274	539
1275	539
1275	541
1274	541
1274	542
1275	542
1275	543
1274	543
1274	545
1275	545
1275	547
1277	547
1277	548
1278	548
1278	549
1279	549
1279	550
1280	550
1280	551
1281	551
1281	553
1282	553
1282	554
1284	554
1284	556
1286	556
1286	557
1287	557
1287	559
1288	559
1288	560
1290	560
1290	562
1291	562
1291	563
1292	563
1292	564
1293	564
1293	566
1294	566
1294	567
1296	567
1296	569
1297	569
1297	570
1298	570
1298	571
1299	571
1299	573
1301	573
1301	574
1303	574
1303	577
1304	577
1304	578
1305	578
1305	579
1306	579
1306	580
1307	580
1307	581
1308	581
1308	583
1309	583
1309	585
1310	585
1310	586
1312	586
1312	587
1313	587
1313	588
1314	588
1314	590
1315	590
1315	591
1316	591
1316	592
1317	592
1317	593
1318	593
1318	594
1319	594
1319	595
1321	595
1321	601
1322	601
1322	603
1323	603
1323	604
1325	604
1325	606
1327	606
1327	607
1328	607
1328	608
1329	608
1329	609
1331	609
1331	611
1332	611
1332	612
1334	612
1334	614
1336	614
1336	615
1337	615
1337	617
1338	617
1338	618
1341	618
1341	620
1342	620
1342	621
1343	621
1343	622
1344	622
1344	624
1345	624
1345	625
1348	625
1348	626
1349	626
1349	628
1350	628
1350	630
1352	630
1352	631
1353	631
1353	632
1354	632
1354	633
1355	633
1355	634
1357	634
1357	636
1358	636
1358	637
1360	637
1360	639
1362	639
1362	640
1363	640
1363	641
1365	641
1365	644
1366	644
1366	646
1371	646
1371	649
1376	649
1376	650
1378	650
1378	651
1379	651
1379	654
1378	654
1378	655
1377	655
1377	665
1378	665
1378	666
1379	666
1379	667
1381	667
1381	668
1382	668
1382	669
1384	669
1384	670
1385	670
1385	672
1387	672
1387	673
1388	673
1388	674
1390	674
1390	675
1391	675
1391	676
1392	676
1392	678
1393	678
1393	679
1394	679
1394	680
1396	680
1396	681
1397	681
1397	682
1398	682
1398	683
1399	683
1399	685
1400	685
1400	686
1401	686
1401	688
1403	688
1403	689
1406	689
1406	692
1407	692
1407	694
1408	694
1408	697
1409	697
1409	699
1413	699
1413	700
1415	700
1415	701
1416	701
1416	705
1417	705
1417	706
1420	706
1420	707
1422	707
1422	708
1424	708
1424	709
1426	709
1426	710
1427	710
1427	713
1430	713
1430	714
1432	714
1432	715
1428	715
1428	726
1429	726
1429	727
1431	727
1431	728
1433	728
1433	729
1434	729
1434	730
1436	730
1436	732
1438	732
1438	734
1441	734
1441	735
1443	735
1443	737
1442	737
1442	738
1446	738
1446	741
1449	741
1449	742
1450	742
1450	743
1453	743
1453	746
1456	746
1456	747
1457	747
1457	749
1458	749
1458	750
1459	750
1459	755
1460	755
1460	756
1462	756
1462	755
1465	755
1465	756
1466	756
1466	759
1469	759
1469	760
1470	760
1470	762
1473	762
1473	763
1474	763
1474	764
1475	764
1475	765
1479	765
1479	766
1480	766
1480	765
1483	765
1483	770
1484	770
1484	771
1485	771
1485	773
1478	773
1478	783
1477	783
1477	784
1479	784
1479	785
1482	785
1482	786
1484	786
1484	787
1485	787
1485	789
1486	789
1486	791
1488	791
1488	792
1491	792
1491	793
1493	793
1493	797
1495	797
1495	798
1496	798
1496	799
1498	799
1498	801
1502	801
1502	803
1503	803
1503	808
1505	808
1505	811
1506	811
1506	812
1507	812
1507	811
1509	811
1509	812
1512	812
1512	813
1513	813
1513	815
1514	815
1514	816
1516	816
1516	817
1518	817
1518	818
1522	818
1522	822
1523	822
1523	824
1524	824
1524	827
1522	827
1522	826
1521	826
1521	827
1518	827
1518	839
1519	839
1519	840
1520	840
1520	839
1521	839
1521	841
1525	841
1525	843
1526	843
1526	844
1529	844
1529	845
1530	845
1530	846
1531	846
1531	847
1534	847
1534	848
1536	848
1536	849
1537	849
1537	851
1538	851
1538	852
1539	852
1539	853
1540	853
1540	854
1543	854
1543	855
1544	855
1544	856
1545	856
1545	858
1549	858
1549	860
1550	860
1550	861
1549	861
1549	862
1550	862
1550	864
1549	864
1549	866
1550	866
1550	867
1559	867
1559	868
1562	868
1562	869
1564	869
1564	870
1565	870
1565	871
1566	871
1566	872
1567	872
1567	873
1568	873
1568	878
1560	878
1560	879
1558	879
1558	881
1553	881
1553	891
1555	891
1555	892
1556	892
1556	893
1559	893
1559	894
1560	894
1560	895
1561	895
1561	896
1563	896
1563	897
1565	897
1565	899
1566	899
1566	900
1568	900
1568	901
1570	901
1570	903
1571	903
1571	904
1574	904
1574	907
1575	907
1575	908
1576	908
1576	909
1577	909
1577	910
1580	910
1580	911
1581	911
1581	914
1582	914
1582	915
1585	915
1585	917
1589	917
1589	918
1590	918
1590	917
1596	917
1596	919
1597	919
1597	920
1596	920
1596	923
1597	923
1597	925
1603	925
1603	929
1604	929
1604	933
1605	933
1605	936
1608	936
1608	937
1609	937
1609	943
1597	943
1597	944
1596	944
1596	954
1597	954
1597	955
1598	955
1598	958
1599	958
1599	957
1604	957
1604	960
1606	960
1606	961
1607	961
1607	962
1608	962
1608	963
1611	963
1611	965
1612	965
1612	966
1615	966
1615	967
1617	967
1617	968
1618	968
1618	969
1619	969
1619	970
1620	970
1620	971
1621	971
1621	972
1622	972
1622	974
1623	974
1623	976
1629	976
1629	978
1630	978
1630	979
1631	979
1631	982
1632	982
1632	983
1634	983
1634	984
1635	984
1635	985
1638	985
1638	989
1641	989
1641	990
1642	990
1642	995
1643	995
1643	996
1644	996
1644	998
1637	998
1637	999
1634	999
1634	1010
1637	1010
1637	1017
1640	1017
1640	1018
1641	1018
1641	1019
1643	1019
1643	1020
1644	1020
1644	1022
1645	1022
1645	1023
1648	1023
1648	1025
1649	1025
1649	1026
1651	1026
1651	1027
1652	1027
1652	1028
1654	1028
1654	1029
1657	1029
1657	1032
1658	1032
1658	1033
1663	1033
1663	1035
1664	1035
1664	1036
1665	1036
1665	1039
1666	1039
1666	1040
1669	1040
1669	1041
1670	1041
1670	1042
1671	1042
1671	1044
1672	1044
1672	1045
1673	1045
1673	1048
1674	1048
1674	1050
1675	1050
1675	1052
1674	1052
1674	1054
1671	1054
1671	1055
1669	1055
1669	1056
1668	1056
1668	1058
1659	1058
1659	1059
1658	1059
1658	1068
1659	1068
1659	1069
1661	1069
1661	1070
1663	1070
1663	1071
1664	1071
1664	1072
1667	1072
1667	1074
1670	1074
1670	1075
1671	1075
1671	1077
1673	1077
1673	1078
1675	1078
1675	1079
1677	1079
1677	1082
1679	1082
1679	1083
1680	1083
1680	1082
1687	1082
1687	1086
1688	1086
1688	1087
1690	1087
1690	1091
1691	1091
1691	1093
1695	1093
1695	1094
1698	1094
1698	1095
1700	1095
1700	1098
1701	1098
1701	1099
1702	1099
1702	1102
1704	1102
1704	1103
1706	1103
1706	1104
1707	1104
1707	1106
1709	1106
1709	1108
1712	1108
1712	1110
1713	1110
1713	1114
1715	1114
1715	1116
1716	1116
1716	1120
1717	1120
1717	1123
1716	1123
1716	1125
1713	1125
1713	1124
1712	1124
1712	1126
1697	1126
1697	1141
1700	1141
1700	1144
1701	1144
1701	1145
1703	1145
1703	1147
1705	1147
1705	1148
1708	1148
1708	1149
1709	1149
1709	1150
1714	1150
1714	1152
1716	1152
1716	1153
1717	1153
1717	1154
1716	1154
1716	1158
1719	1158
1719	1159
1720	1159
1720	1161
1721	1161
1721	1162
1724	1162
1724	1164
1725	1164
1725	1165
1726	1165
1726	1166
1728	1166
1728	1167
1730	1167
1730	1168
1731	1168
1731	1169
1732	1169
1732	1170
1731	1170
1731	1171
1733	1171
1733	1173
1735	1173
1735	1175
1736	1175
1736	1176
1737	1176
1737	1175
1738	1175
1738	1176
1739	1176
1739	1177
1740	1177
1740	1181
1741	1181
1741	1187
1742	1187
1742	1188
1743	1188
1743	1189
1742	1189
1742	1190
1739	1190
1739	1191
1729	1191
1729	1192
1726	1192
1726	1193
1725	1193
1725	1197
1726	1197
1726	1198
1725	1198
1725	1199
1726	1199
1726	1200
1725	1200
1725	1202
1726	1202
1726	1204
1727	1204
1727	1205
1730	1205
1730	1207
1733	1207
1733	1208
1735	1208
1735	1210
1736	1210
1736	1212
1737	1212
1737	1211
1739	1211
1739	1212
1740	1212
1740	1214
1742	1214
1742	1215
1744	1215
1744	1217
1745	1217
1745	1218
1746	1218
1746	1219
1747	1219
1747	1220
1748	1220
1748	1222
1749	1222
1749	1223
1753	1223
1753	1224
1754	1224
1754	1225
1753	1225
1753	1226
1754	1226
1754	1228
1755	1228
1755	1229
1756	1229
1756	1231
1757	1231
1757	1234
1758	1234
1758	1235
1759	1235
1759	1237
1760	1237
1760	1241
1761	1241
1761	1242
1760	1242
1760	1243
1758	1243
1758	1244
1754	1244
1754	1245
1747	1245
1747	1246
1745	1246
1745	1247
1744	1247
1744	1257
1746	1257
1746	1258
1749	1258
1749	1259
1750	1259
1750	1260
1749	1260
1749	1261
1750	1261
1750	1262
1751	1262
1751	1264
1752	1264
1752	1266
1753	1266
1753	1267
1755	1267
1755	1268
1756	1268
1756	1272
1757	1272
1757	1273
1759	1273
1759	1276
1760	1276
1760	1277
1761	1277
1761	1279
1766	1279
1766	1280
1767	1280
1767	1284
1768	1284
1768	1286
1769	1286
1769	1287
1770	1287
1770	1288
1772	1288
1772	1289
1773	1289
1773	1294
1775	1294
1775	1295
1776	1295
1776	1299
1777	1299
1777	1300
1779	1300
1779	1303
1780	1303
1780	1306
1776	1306
1776	1307
1769	1307
1769	1308
1767	1308
1767	1319
1768	1319
1768	1322
1769	1322
1769	1325
1770	1325
1770	1326
1776	1326
1776	1332
1778	1332
1778	1333
1779	1333
1779	1336
1780	1336
1780	1338
1781	1338
1781	1341
1779	1341
1779	1351
1780	1351
1780	1353
1781	1353
1781	1354
1786	1354
1786	1362
1788	1362
1788	1363
1789	1363
1789	1365
1790	1365
1790	1369
1791	1369
1791	1370
1792	1370
1792	1373
1793	1373
1793	1375
1794	1375
1794	1378
1795	1378
1795	1379
1796	1379
1796	1385
1798	1385
1798	1386
1799	1386
1799	1387
1800	1387
1800	1388
1801	1388
1801	1398
1802	1398
1802	1399
1803	1399
1803	1401
1804	1401
1804	1404
1805	1404
1805	1406
1806	1406
1806	1407
1809	1407
1809	1411
1810	1411
1810	1412
1811	1412
1811	1413
1812	1413
1812	1416
1813	1416
1813	1418
1814	1418
1814	1420
1815	1420
1815	1424
1816	1424
1816	1425
1817	1425
1817	1426
1819	1426
1819	1433
1820	1433
1820	1437
1821	1437
1821	1438
1822	1438
1822	1444
1825	1444
1825	1446
1826	1446
1826	1447
1827	1447
1827	1451
1828	1451
1828	1452
1829	1452
1829	1457
1830	1457
1830	1458
1832	1458
1832	1461
1833	1461
1833	1464
1837	1464
1837	1465
1838	1465
1838	1474
1839	1474
1839	1476
1840	1476
1840	1477
1841	1477
1841	1478
1842	1478
1842	1483
1843	1483
1843	1484
1846	1484
1846	1491
1848	1491
1848	1492
1849	1492
1849	1497
1852	1497
1852	1500
1853	1500
1853	1503
1854	1503
1854	1504
1855	1504
1855	1509
1856	1509
1856	1510
1857	1510
1857	1511
1858	1511
1858	1512
1859	1512
1859	1514
1860	1514
1860	1517
1861	1517
1861	1518
1862	1518
1862	1519
1863	1519
1863	1521
1864	1521
1864	1523
1865	1523
1865	1524
1866	1524
1866	1529
1867	1529
1867	1530
1870	1530
1870	1531
1871	1531
1871	1530
1872	1530
1872	1540
1873	1540
1873	1543
1874	1543
1874	1544
1875	1544
1875	1547
1877	1547
1877	1550
1879	1550
1879	1551
1880	1551
1880	1552
1881	1552
1881	1556
1882	1556
1882	1558
1883	1558
1883	1561
1884	1561
1884	1562
1885	1562
1885	1563
1886	1563
1886	1566
1887	1566
1887	1568
1888	1568
1888	1571
1889	1571
1889	1572
1890	1572
1890	1575
1891	1575
1891	1577
1892	1577
1892	1578
1893	1578
1893	1579
1894	1579
1894	1581
1895	1581
1895	1583
1896	1583
1896	1584
1897	1584
1897	1586
1898	1586
1898	1587
1899	1587
1899	1589
1900	1589
1900	1592
1901	1592
1901	1595
1902	1595
1902	1596
1901	1596
1901	1599
1899	1599
1899	1600
1897	1600
1897	1599
1896	1599
1896	1598
1895	1598
1895	1597
1892	1597
1892	1596
1890	1596
1890	1595
1889	1595
1889	1594
1887	1594
1887	1593
1886	1593
1886	1592
1885	1592
1885	1591
1883	1591
1883	1588
1881	1588
1881	1587
1879	1587
1879	1586
1878	1586
1878	1585
1879	1585
1879	1584
1877	1584
1877	1582
1876	1582
1876	1581
1873	1581
1873	1580
1872	1580
1872	1579
1871	1579
1871	1578
1870	1578
1870	1575
1867	1575
1867	1573
1865	1573
1865	1572
1864	1572
1864	1569
1863	1569
1863	1568
1860	1568
1860	1567
1859	1567
1859	1566
1858	1566
1858	1565
1857	1565
1857	1562
1856	1562
1856	1561
1854	1561
1854	1560
1853	1560
1853	1555
1851	1555
1851	1554
1848	1554
1848	1553
1847	1553
1847	1550
1846	1550
1846	1548
1844	1548
1844	1546
1843	1546
1843	1545
1844	1545
1844	1542
1840	1542
1840	1541
1839	1541
1839	1539
1838	1539
1838	1536
1837	1536
1837	1535
1834	1535
1834	1533
1833	1533
1833	1529
1832	1529
1832	1528
1830	1528
1830	1525
1831	1525
1831	1524
1830	1524
1830	1522
1825	1522
1825	1521
1824	1521
1824	1516
1823	1516
1823	1515
1821	1515
1821	1514
1820	1514
1820	1512
1819	1512
1819	1509
1818	1509
1818	1508
1816	1508
1816	1507
1815	1507
1815	1506
1814	1506
1814	1505
1813	1505
1813	1502
1812	1502
1812	1500
1810	1500
1810	1499
1811	1499
1811	1497
1810	1497
1810	1496
1808	1496
1808	1495
1807	1495
1807	1493
1805	1493
1805	1490
1804	1490
1804	1489
1803	1489
1803	1487
1802	1487
1802	1486
1801	1486
1801	1484
1800	1484
1800	1483
1799	1483
1799	1481
1798	1481
1798	1480
1797	1480
1797	1476
1794	1476
1794	1474
1793	1474
1793	1473
1792	1473
1792	1472
1791	1472
1791	1469
1789	1469
1789	1468
1788	1468
1788	1467
1787	1467
1787	1465
1786	1465
1786	1462
1784	1462
1784	1460
1783	1460
1783	1459
1782	1459
1782	1457
1781	1457
1781	1456
1780	1456
1780	1454
1779	1454
1779	1453
1778	1453
1778	1450
1777	1450
1777	1449
1776	1449
1776	1448
1775	1448
1775	1447
1774	1447
1774	1445
1773	1445
1773	1443
1772	1443
1772	1442
1771	1442
1771	1440
1770	1440
1770	1438
1769	1438
1769	1437
1768	1437
1768	1436
1767	1436
1767	1435
1766	1435
1766	1434
1765	1434
1765	1429
1763	1429
1763	1428
1762	1428
1762	1427
1761	1427
1761	1426
1760	1426
1760	1425
1759	1425
1759	1424
1758	1424
1758	1421
1756	1421
1756	1420
1755	1420
1755	1419
1754	1419
1754	1417
1753	1417
1753	1416
1752	1416
1752	1413
1751	1413
1751	1412
1750	1412
1750	1410
1749	1410
1749	1411
1748	1411
1748	1409
1746	1409
1746	1406
1745	1406
1745	1405
1744	1405
1744	1403
1742	1403
1742	1401
1741	1401
1741	1398
1740	1398
1740	1397
1738	1397
1738	1396
1737	1396
1737	1395
1736	1395
1736	1394
1735	1394
1735	1390
1733	1390
1733	1389
1732	1389
1732	1387
1731	1387
1731	1384
1730	1384
1730	1383
1727	1383
1727	1377
1717	1377
1717	1378
1716	1378
1716	1379
1715	1379
1715	1380
1711	1380
1711	1381
1710	1381
1710	1382
1709	1382
1709	1381
1708	1381
1708	1377
1706	1377
1706	1376
1705	1376
1705	1370
1701	1370
1701	1368
1700	1368
1700	1367
1699	1367
1699	1363
1698	1363
1698	1360
1699	1360
1699	1359
1698	1359
1698	1357
1695	1357
1695	1356
1694	1356
1694	1354
1693	1354
1693	1352
1692	1352
1692	1350
1691	1350
1691	1349
1689	1349
1689	1344
1688	1344
1688	1343
1687	1343
1687	1344
1686	1344
1686	1338
1685	1338
1685	1337
1683	1337
1683	1336
1682	1336
1682	1334
1681	1334
1681	1332
1680	1332
1680	1330
1679	1330
1679	1329
1678	1329
1678	1328
1677	1328
1677	1324
1676	1324
1676	1323
1675	1323
1675	1318
1674	1318
1674	1317
1671	1317
1671	1318
1669	1318
1669	1317
1665	1317
1665	1318
1664	1318
1664	1322
1663	1322
1663	1323
1662	1323
1662	1324
1661	1324
1661	1325
1660	1325
1660	1330
1658	1330
1658	1331
1657	1331
1657	1333
1653	1333
1653	1331
1652	1331
1652	1329
1651	1329
1651	1330
1650	1330
1650	1329
1649	1329
1649	1327
1648	1327
1648	1325
1647	1325
1647	1323
1646	1323
1646	1322
1644	1322
1644	1318
1643	1318
1643	1317
1642	1317
1642	1315
1643	1315
1643	1313
1642	1313
1642	1312
1643	1312
1643	1311
1641	1311
1641	1310
1640	1310
1640	1304
1638	1304
1638	1302
1637	1302
1637	1299
1636	1299
1636	1297
1633	1297
1633	1285
1632	1285
1632	1284
1631	1284
1631	1282
1630	1282
1630	1273
1629	1273
1629	1271
1617	1271
1617	1273
1616	1273
1616	1274
1614	1274
1614	1276
1612	1276
1612	1277
1611	1277
1611	1284
1610	1284
1610	1285
1608	1285
1608	1284
1607	1284
1607	1285
1606	1285
1606	1284
1604	1284
1604	1283
1603	1283
1603	1282
1602	1282
1602	1281
1601	1281
1601	1280
1600	1280
1600	1278
1598	1278
1598	1277
1597	1277
1597	1275
1596	1275
1596	1273
1595	1273
1595	1271
1593	1271
1593	1265
1592	1265
1592	1264
1590	1264
1590	1262
1589	1262
1589	1258
1588	1258
1588	1255
1587	1255
1587	1253
1586	1253
1586	1250
1585	1250
1585	1251
1584	1251
1584	1245
1583	1245
1583	1238
1581	1238
1581	1235
1580	1235
1580	1226
1579	1226
1579	1225
1576	1225
1576	1212
1575	1212
1575	1211
1565	1211
1565	1213
1564	1213
1564	1221
1554	1221
1554	1222
1553	1222
1553	1224
1552	1224
1552	1225
1549	1225
1549	1223
1548	1223
1548	1222
1547	1222
1547	1219
1546	1219
1546	1218
1543	1218
1543	1212
1541	1212
1541	1211
1540	1211
1540	1206
1539	1206
1539	1205
1538	1205
1538	1198
1537	1198
1537	1192
1536	1192
1536	1186
1535	1186
1535	1178
1534	1178
1534	1173
1533	1173
1533	1171
1532	1171
1532	1169
1531	1169
1531	1168
1532	1168
1532	1158
1531	1158
1531	1153
1530	1153
1530	1152
1519	1152
1519	1153
1518	1153
1518	1156
1517	1156
1517	1157
1516	1157
1516	1156
1515	1156
1515	1159
1513	1159
1513	1160
1512	1160
1512	1163
1510	1163
1510	1162
1509	1162
1509	1161
1508	1161
1508	1159
1507	1159
1507	1158
1506	1158
1506	1156
1505	1156
1505	1153
1504	1153
1504	1151
1503	1151
1503	1146
1501	1146
1501	1142
1500	1142
1500	1140
1499	1140
1499	1133
1498	1133
1498	1132
1497	1132
1497	1114
1496	1114
1496	1110
1495	1110
1495	1100
1484	1100
1484	1102
1483	1102
1483	1104
1482	1104
1482	1105
1481	1105
1481	1106
1480	1106
1480	1107
1479	1107
1479	1109
1475	1109
1475	1100
1474	1100
1474	1099
1471	1099
1471	1097
1470	1097
1470	1094
1469	1094
1469	1092
1468	1092
1468	1087
1467	1087
1467	1086
1465	1086
1465	1080
1464	1080
1464	1074
1463	1074
1463	1058
1462	1058
1462	1051
1461	1051
1461	1050
1458	1050
1458	1051
1457	1051
1457	1050
1453	1050
1453	1051
1451	1051
1451	1053
1450	1053
1450	1054
1447	1054
1447	1056
1446	1056
1446	1057
1445	1057
1445	1053
1444	1053
1444	1048
1443	1048
1443	1047
1442	1047
1442	1045
1441	1045
1441	1041
1440	1041
1440	1040
1438	1040
1438	1030
1437	1030
1437	1022
1436	1022
1436	1019
1435	1019
1435	1016
1436	1016
1436	1014
1435	1014
1435	1001
1434	1001
1434	994
1433	994
1433	988
1432	988
1432	987
1430	987
1430	986
1428	986
1428	987
1424	987
1424	986
1423	986
1423	987
1422	987
1422	988
1420	988
1420	991
1419	991
1419	992
1418	992
1418	993
1417	993
1417	994
1416	994
1416	993
1415	993
1415	988
1414	988
1414	987
1413	987
1413	986
1412	986
1412	973
1411	973
1411	968
1410	968
1410	965
1409	965
1409	960
1408	960
1408	955
1407	955
1407	949
1406	949
1406	948
1405	948
1405	933
1404	933
1404	932
1394	932
1394	933
1393	933
1393	935
1392	935
1392	939
1390	939
1390	940
1389	940
1389	935
1388	935
1388	934
1387	934
1387	930
1386	930
1386	928
1385	928
1385	922
1384	922
1384	920
1383	920
1383	915
1382	915
1382	908
1381	908
1381	902
1380	902
1380	896
1379	896
1379	886
1380	886
1380	883
1379	883
1379	873
1368	873
1368	875
1366	875
1366	876
1365	876
1365	877
1364	877
1364	878
1363	878
1363	877
1362	877
1362	876
1361	876
1361	875
1360	875
1360	862
1359	862
1359	848
1358	848
1358	847
1359	847
1359	844
1358	844
1358	840
1357	840
1357	828
1356	828
1356	818
1343	818
1343	816
1342	816
1342	810
1341	810
1341	805
1340	805
1340	802
1339	802
1339	787
1338	787
1338	783
1336	783
1336	771
1335	771
1335	770
1334	770
1334	766
1333	766
1333	764
1332	764
1332	760
1331	760
1331	758
1330	758
1330	754
1329	754
1329	749
1328	749
1328	747
1317	747
1317	749
1316	749
1316	750
1311	750
1311	748
1313	748
1313	738
1312	738
1312	731
1311	731
1311	730
1310	730
1310	718
1309	718
1309	717
1308	717
1308	716
1307	716
1307	708
1306	708
1306	705
1305	705
1305	701
1304	701
1304	698
1303	698
1303	692
1302	692
1302	691
1301	691
1301	688
1300	688
1300	686
1299	686
1299	684
1285	684
1285	683
1286	683
1286	664
1285	664
1285	662
1284	662
1284	659
1283	659
1283	651
1281	651
1281	648
1280	648
1280	645
1279	645
1279	644
1278	644
1278	639
1277	639
1277	634
1276	634
1276	630
1275	630
1275	626
1274	626
1274	625
1272	625
1272	621
1271	621
1271	622
1270	622
1270	621
1267	621
1267	619
1266	619
1266	617
1265	617
1265	607
1264	607
1264	605
1260	605
1260	601
1259	601
1259	599
1260	599
1260	597
1259	597
1259	596
1258	596
1258	593
1257	593
1257	590
1256	590
1256	587
1255	587
1255	585
1254	585
1254	583
1253	583
1253	580
1252	580
1252	579
1251	579
1251	576
1250	576
1250	572
1249	572
1249	571
1248	571
1248	567
1247	567
1247	565
1245	565
1245	563
1244	563
1244	559
1243	559
1243	558
1242	558
1242	557
1240	557
1240	555
1239	555
1239	553
1237	553
1237	546
1235	546
1235	545
1234	545
1234	540
1233	540
1233	538
1232	538
1232	536
1231	536
1231	534
1230	534
1230	533
1229	533
1229	532
1228	532
1228	530
1227	530
1227	528
1228	528
1228	527
1227	527
1227	526
1226	526
1226	525
1225	525
1225	524
1224	524
1224	519
1223	519
1223	517
1222	517
1222	515
1221	515
1221	514
1222	514
1222	513
1219	513
1219	512
1218	512
1218	507
1217	507
1217	506
1216	506
1216	503
1215	503
1215	502
1214	502
1214	501
1213	501
1213	498
1212	498
1212	496
1211	496
1211	494
1210	494
1210	492
1209	492
1209	490
1207	490
1207	489
1206	489
1206	486
1205	486
1205	485
1206	485
1206	484
1204	484
1204	481
1203	481
1203	480
1202	480
1202	478
1201	478
1201	477
1200	477
1200	476
1199	476
1199	473
1198	473
1198	470
1197	470
1197	467
1195	467
1195	465
1194	465
1194	464
1193	464
1193	463
1192	463
1192	462
1191	462
1191	458
1190	458
1190	456
1189	456
1189	454
1188	454
1188	452
1187	452
1187	451
1186	451
1186	450
1185	450
1185	447
1184	447
1184	444
1183	444
1183	443
1172	443
1172	444
1171	444
1171	445
1172	445
1172	446
1171	446
1171	454
1170	454
1170	462
1169	462
1169	540
1170	540
1170	541
1173	541
1173	542
1171	542
1171	554
1172	554
1172	556
1171	556
1171	575
1172	575
1172	581
1173	581
1173	609
1174	609
1174	614
1175	614
1175	618
1172	618
1172	633
1173	633
1173	640
1174	640
1174	644
1175	644
1175	651
1176	651
1176	659
1177	659
1177	666
1178	666
1178	672
1180	672
1180	684
1181	684
1181	686
1182	686
1182	688
1183	688
1183	692
1182	692
1182	695
1178	695
1178	711
1180	711
1180	724
1181	724
1181	729
1182	729
1182	731
1181	731
1181	732
1182	732
1182	736
1183	736
1183	741
1184	741
1184	742
1186	742
1186	743
1185	743
1185	744
1186	744
1186	752
1187	752
1187	759
1188	759
1188	761
1187	761
1187	762
1188	762
1188	766
1189	766
1189	772
1190	772
1190	775
1191	775
1191	778
1192	778
1192	782
1191	782
1191	785
1188	785
1188	786
1187	786
1187	787
1185	787
1185	788
1184	788
1184	798
1185	798
1185	803
1186	803
1186	806
1187	806
1187	812
1188	812
1188	816
1189	816
1189	823
1190	823
1190	827
1191	827
1191	831
1192	831
1192	834
1193	834
1193	840
1194	840
1194	848
1195	848
1195	850
1196	850
1196	858
1197	858
1197	863
1198	863
1198	871
1197	871
1197	872
1190	872
1190	873
1189	873
1189	883
1190	883
1190	884
1191	884
1191	888
1192	888
1192	890
1193	890
1193	892
1194	892
1194	897
1195	897
1195	899
1196	899
1196	903
1197	903
1197	906
1198	906
1198	911
1199	911
1199	914
1200	914
1200	916
1201	916
1201	923
1202	923
1202	929
1203	929
1203	930
1204	930
1204	931
1206	931
1206	935
1205	935
1205	936
1206	936
1206	939
1207	939
1207	943
1208	943
1208	947
1209	947
1209	956
1211	956
1211	961
1208	961
1208	960
1206	960
1206	961
1200	961
1200	960
1199	960
1199	961
1198	961
1198	972
1199	972
1199	974
1200	974
1200	976
1201	976
1201	978
1202	978
1202	981
1203	981
1203	983
1204	983
1204	984
1205	984
1205	989
1206	989
1206	991
1207	991
1207	992
1208	992
1208	996
1209	996
1209	1003
1212	1003
1212	1005
1213	1005
1213	1008
1214	1008
1214	1010
1215	1010
1215	1015
1216	1015
1216	1016
1218	1016
1218	1017
1219	1017
1219	1025
1218	1025
1218	1027
1219	1027
1219	1030
1220	1030
1220	1035
1219	1035
1219	1038
1218	1038
1218	1039
1217	1039
1217	1038
1216	1038
1216	1036
1214	1036
1214	1035
1213	1035
1213	1036
1209	1036
1209	1035
1207	1035
1207	1036
1205	1036
1205	1051
1206	1051
1206	1054
1207	1054
1207	1055
1208	1055
1208	1056
1209	1056
1209	1061
1210	1061
1210	1062
1211	1062
1211	1064
1212	1064
1212	1065
1213	1065
1213	1068
1214	1068
1214	1070
1215	1070
1215	1072
1216	1072
1216	1076
1217	1076
1217	1077
1218	1077
1218	1080
1219	1080
1219	1082
1220	1082
1220	1083
1221	1083
1221	1087
1222	1087
1222	1090
1225	1090
1225	1095
1226	1095
1226	1097
1227	1097
1227	1098
1228	1098
1228	1101
1229	1101
1229	1103
1230	1103
1230	1104
1231	1104
1231	1108
1232	1108
1232	1111
1233	1111
1233	1115
1234	1115
1234	1119
1235	1119
1235	1124
1233	1124
1233	1123
1231	1123
1231	1122
1227	1122
1227	1121
1226	1121
1226	1120
1224	1120
1224	1118
1211	1118
1211	1129
1212	1129
1212	1130
1213	1130
1213	1132
1214	1132
1214	1135
1215	1135
1215	1138
1216	1138
1216	1141
1218	1141
1218	1144
1219	1144
1219	1147
1220	1147
1220	1150
1221	1150
1221	1154
1222	1154
1222	1155
1223	1155
1223	1157
1224	1157
1224	1158
1225	1158
1225	1161
1228	1161
1228	1164
1229	1164
1229	1165
1228	1165
1228	1168
1229	1168
1229	1170
1232	1170
1232	1171
1233	1171
1233	1174
1232	1174
1232	1175
1233	1175
1233	1182
1232	1182
1232	1184
1233	1184
1233	1185
1232	1185
1232	1186
1233	1186
1233	1188
1234	1188
1234	1190
1235	1190
1235	1200
1234	1200
1234	1201
1232	1201
1232	1202
1231	1202
1231	1201
1230	1201
1230	1198
1226	1198
1226	1197
1216	1197
1216	1198
1215	1198
1215	1201
1214	1201
1214	1213
1215	1213
1215	1214
1216	1214
1216	1215
1217	1215
1217	1218
1219	1218
1219	1222
1220	1222
1220	1224
1221	1224
1221	1226
1222	1226
1222	1227
1223	1227
1223	1230
1224	1230
1224	1231
1225	1231
1225	1232
1226	1232
1226	1234
1227	1234
1227	1236
1228	1236
1228	1239
1229	1239
1229	1240
1231	1240
1231	1246
1232	1246
1232	1247
1233	1247
1233	1253
1234	1253
1234	1254
1235	1254
1235	1271
1231	1271
1231	1269
1230	1269
1230	1268
1224	1268
1224	1267
1209	1267
1209	1279
1210	1279
1210	1280
1211	1280
1211	1282
1212	1282
1212	1285
1213	1285
1213	1286
1214	1286
1214	1287
1215	1287
1215	1292
1216	1292
1216	1293
1217	1293
1217	1295
1218	1295
1218	1299
1219	1299
1219	1300
1221	1300
1221	1303
1220	1303
1220	1304
1221	1304
1221	1306
1225	1306
1225	1307
1226	1307
1226	1308
1225	1308
1225	1309
1226	1309
1226	1310
1225	1310
1225	1311
1226	1311
1226	1314
1225	1314
1225	1316
1226	1316
1226	1317
1227	1317
1227	1321
1228	1321
1228	1324
1229	1324
1229	1326
1231	1326
1231	1331
1232	1331
1232	1333
1233	1333
1233	1334
1232	1334
1232	1336
1233	1336
1233	1341
1232	1341
1232	1345
1231	1345
1231	1350
1230	1350
1230	1349
1227	1349
1227	1348
1224	1348
1224	1345
1223	1345
1223	1344
1216	1344
1216	1343
1208	1343
1208	1344
1205	1344
1205	1353
1206	1353
1206	1355
1207	1355
1207	1356
1208	1356
1208	1358
1209	1358
1209	1359
1210	1359
1210	1362
1211	1362
1211	1365
1212	1365
1212	1366
1213	1366
1213	1367
1214	1367
1214	1368
1215	1368
1215	1373
1216	1373
1216	1375
1215	1375
1215	1376
1216	1376
1216	1378
1217	1378
1217	1379
1220	1379
1220	1384
1221	1384
1221	1386
1222	1386
1222	1391
1223	1391
1223	1392
1224	1392
1224	1394
1225	1394
1225	1396
1226	1396
1226	1400
1227	1400
1227	1402
1228	1402
1228	1413
1229	1413
1229	1419
1228	1419
1228	1422
1225	1422
1225	1420
1223	1420
1223	1419
1220	1419
1220	1418
1218	1418
1218	1417
1217	1417
1217	1416
1202	1416
1202	1419
1201	1419
1201	1420
1202	1420
1202	1427
1201	1427
1201	1428
1202	1428
1202	1430
1203	1430
1203	1431
1205	1431
1205	1434
1207	1434
1207	1437
1208	1437
1208	1439
1209	1439
1209	1444
1210	1444
1210	1445
1211	1445
1211	1448
1212	1448
1212	1450
1213	1450
1213	1453
1214	1453
1214	1456
1215	1456
1215	1459
1216	1459
1216	1461
1217	1461
1217	1462
1220	1462
1220	1463
1219	1463
1219	1472
1220	1472
1220	1474
1221	1474
1221	1480
1222	1480
1222	1487
1221	1487
1221	1488
1220	1488
1220	1490
1219	1490
1219	1492
1220	1492
1220	1493
1219	1493
1219	1495
1217	1495
1217	1494
1215	1494
1215	1493
1213	1493
1213	1494
1212	1494
1212	1493
1210	1493
1210	1492
1204	1492
1204	1489
1193	1489
1193	1503
1194	1503
1194	1504
1195	1504
1195	1510
1196	1510
1196	1512
1197	1512
1197	1515
1198	1515
1198	1519
1199	1519
1199	1522
1200	1522
1200	1524
1201	1524
1201	1525
1202	1525
1202	1527
1201	1527
1201	1528
1202	1528
1202	1537
1203	1537
1203	1539
1204	1539
1204	1542
1205	1542
1205	1543
1206	1543
1206	1545
1207	1545
