1678	745
1676	745
1676	746
1675	746
1675	748
1674	748
1674	750
1673	750
1673	757
1672	757
1672	758
1673	758
1673	760
1676	760
1676	761
1680	761
1680	762
1681	762
1681	763
1684	763
1684	764
1685	764
1685	766
1688	766
1688	767
1689	767
1689	768
1691	768
1691	770
1692	770
1692	771
1694	771
1694	773
1697	773
1697	774
1698	774
1698	775
1699	775
1699	777
1700	777
1700	778
1701	778
1701	779
1702	779
1702	780
1707	780
1707	786
1709	786
1709	788
1710	788
1710	789
1713	789
1713	790
1714	790
1714	791
1715	791
1715	792
1716	792
1716	793
1717	793
1717	794
1718	794
1718	795
1720	795
1720	796
1721	796
1721	797
1722	797
1722	798
1724	798
1724	799
1725	799
1725	800
1726	800
1726	801
1727	801
1727	802
1729	802
1729	803
1730	803
1730	804
1731	804
1731	805
1734	805
1734	806
1736	806
1736	807
1737	807
1737	808
1741	808
1741	809
1743	809
1743	810
1746	810
1746	813
1748	813
1748	814
1750	814
1750	813
1751	813
1751	814
1752	814
1752	816
1753	816
1753	817
1755	817
1755	818
1756	818
1756	823
1755	823
1755	824
1753	824
1753	825
1752	825
1752	827
1750	827
1750	828
1749	828
1749	829
1748	829
1748	828
1747	828
1747	829
1746	829
1746	830
1745	830
1745	831
1744	831
1744	832
1741	832
1741	833
1739	833
1739	834
1738	834
1738	835
1736	835
1736	836
1734	836
1734	837
1733	837
1733	839
1724	839
1724	840
1723	840
1723	841
1722	841
1722	842
1720	842
1720	844
1719	844
1719	845
1717	845
1717	846
1716	846
1716	847
1715	847
1715	848
1714	848
1714	849
1713	849
1713	850
1712	850
1712	851
1711	851
1711	852
1710	852
1710	853
1709	853
1709	854
1707	854
1707	855
1704	855
1704	856
1703	856
1703	857
1702	857
1702	858
1701	858
1701	859
1700	859
1700	860
1699	860
1699	861
1697	861
1697	863
1696	863
1696	864
1694	864
1694	866
1693	866
1693	867
1692	867
1692	868
1691	868
1691	878
1692	878
1692	880
1693	880
1693	881
1694	881
1694	882
1695	882
1695	884
1696	884
1696	885
1697	885
1697	887
1698	887
1698	888
1699	888
1699	890
1700	890
1700	891
1701	891
1701	892
1702	892
1702	893
1703	893
1703	896
1704	896
1704	899
1706	899
1706	901
1707	901
1707	902
1708	902
1708	903
1709	903
1709	904
1710	904
1710	905
1712	905
1712	906
1713	906
1713	907
1714	907
1714	908
1715	908
1715	909
1716	909
1716	911
1717	911
1717	912
1718	912
1718	914
1719	914
1719	916
1720	916
1720	917
1721	917
1721	919
1722	919
1722	920
1721	920
1721	923
1722	923
1722	924
1724	924
1724	925
1725	925
1725	927
1726	927
1726	928
1727	928
1727	930
1728	930
1728	931
1729	931
1729	932
1730	932
1730	933
1731	933
1731	935
1732	935
1732	936
1734	936
1734	937
1735	937
1735	938
1736	938
1736	940
1737	940
1737	942
1738	942
1738	944
1739	944
1739	946
1740	946
1740	948
1746	948
1746	954
1747	954
1747	955
1748	955
1748	956
1749	956
1749	957
1750	957
1750	958
1751	958
1751	959
1752	959
1752	960
1753	960
1753	961
1754	961
1754	962
1755	962
1755	963
1756	963
1756	964
1757	964
1757	965
1758	965
1758	966
1759	966
1759	968
1760	968
1760	969
1761	969
1761	971
1762	971
1762	972
1763	972
1763	973
1764	973
1764	974
1766	974
1766	975
1767	975
1767	976
1768	976
1768	977
1769	977
1769	978
1771	978
1771	979
1772	979
1772	980
1774	980
1774	981
1776	981
1776	982
1777	982
1777	983
1779	983
1779	984
1780	984
1780	985
1782	985
1782	986
1784	986
1784	987
1785	987
1785	988
1787	988
1787	989
1788	989
1788	990
1789	990
1789	991
1791	991
1791	992
1792	992
1792	993
1794	993
1794	994
1795	994
1795	995
1796	995
1796	996
1797	996
1797	997
1798	997
1798	998
1800	998
1800	999
1801	999
1801	1000
1803	1000
1803	1001
1804	1001
1804	1002
1806	1002
1806	1003
1808	1003
1808	1004
1809	1004
1809	1005
1811	1005
1811	1006
1812	1006
1812	1007
1814	1007
1814	1008
1816	1008
1816	1009
1825	1009
1825	1012
1826	1012
1826	1013
1830	1013
1830	1014
1831	1014
1831	1015
1833	1015
1833	1018
1834	1018
1834	1019
1835	1019
1835	1020
1836	1020
1836	1021
1840	1021
1840	1022
1842	1022
1842	1023
1843	1023
1843	1025
1844	1025
1844	1026
1845	1026
1845	1027
1846	1027
1846	1028
1847	1028
1847	1029
1848	1029
1848	1030
1849	1030
1849	1031
1850	1031
1850	1033
1851	1033
1851	1034
1852	1034
1852	1035
1853	1035
1853	1036
1854	1036
1854	1039
1855	1039
1855	1040
1856	1040
1856	1045
1857	1045
1857	1054
1858	1054
1858	1057
1859	1057
1859	1065
1860	1065
1860	1073
1861	1073
1861	1075
1860	1075
1860	1077
1859	1077
1859	1078
1857	1078
1857	1079
1854	1079
1854	1080
1851	1080
1851	1081
1849	1081
1849	1082
1848	1082
1848	1083
1846	1083
1846	1085
1844	1085
1844	1087
1841	1087
1841	1088
1840	1088
1840	1090
1839	1090
1839	1101
1842	1101
1842	1102
1843	1102
1843	1103
1844	1103
1844	1104
1846	1104
1846	1106
1847	1106
1847	1107
1849	1107
1849	1108
1850	1108
1850	1110
1851	1110
1851	1111
1852	1111
1852	1113
1854	1113
1854	1114
1855	1114
1855	1115
1856	1115
1856	1118
1857	1118
1857	1119
1858	1119
1858	1120
1859	1120
1859	1122
1860	1122
1860	1125
1861	1125
1861	1126
1862	1126
1862	1127
1863	1127
1863	1130
1864	1130
1864	1132
1865	1132
1865	1134
1866	1134
1866	1137
1867	1137
1867	1138
1868	1138
1868	1142
1869	1142
1869	1144
1870	1144
1870	1147
1871	1147
1871	1148
1872	1148
1872	1150
1873	1150
1873	1155
1874	1155
1874	1160
1875	1160
1875	1162
1876	1162
1876	1165
1877	1165
1877	1167
1878	1167
1878	1170
1879	1170
1879	1173
1880	1173
1880	1177
1882	1177
1882	1179
1883	1179
1883	1181
1882	1181
1882	1182
1883	1182
1883	1183
1885	1183
1885	1185
1886	1185
1886	1187
1887	1187
1887	1189
1888	1189
1888	1192
1889	1192
1889	1194
1890	1194
1890	1196
1891	1196
1891	1197
1892	1197
1892	1204
1893	1204
1893	1205
1894	1205
1894	1207
1895	1207
1895	1210
1896	1210
1896	1211
1897	1211
1897	1212
1898	1212
1898	1213
1899	1213
1899	1216
1898	1216
1898	1217
1899	1217
1899	1219
1897	1219
1897	1220
1896	1220
1896	1219
1894	1219
1894	1220
1890	1220
1890	1221
1881	1221
1881	1223
1880	1223
1880	1225
1875	1225
1875	1226
1874	1226
1874	1227
1873	1227
1873	1228
1872	1228
1872	1227
1871	1227
1871	1228
1869	1228
1869	1230
1868	1230
1868	1232
1869	1232
1869	1235
1868	1235
1868	1236
1869	1236
1869	1241
1870	1241
1870	1243
1871	1243
1871	1247
1872	1247
1872	1250
1873	1250
1873	1256
1874	1256
1874	1261
1875	1261
1875	1264
1876	1264
1876	1269
1877	1269
1877	1276
1878	1276
1878	1277
1879	1277
1879	1281
1880	1281
1880	1286
1881	1286
1881	1288
1882	1288
1882	1291
1883	1291
1883	1294
1884	1294
1884	1298
1885	1298
1885	1301
1886	1301
1886	1303
1888	1303
1888	1304
1887	1304
1887	1305
1888	1305
1888	1308
1889	1308
1889	1311
1890	1311
1890	1312
1891	1312
1891	1318
1892	1318
1892	1319
1893	1319
1893	1322
1894	1322
1894	1325
1895	1325
1895	1327
1896	1327
1896	1330
1897	1330
1897	1333
1898	1333
1898	1336
1899	1336
1899	1339
1901	1339
1901	1344
1902	1344
1902	1346
1904	1346
1904	1354
1905	1354
1905	1361
1904	1361
1904	1362
1903	1362
1903	1364
1902	1364
1902	1372
1900	1372
1900	1374
1899	1374
1899	1376
1898	1376
1898	1378
1897	1378
1897	1382
1896	1382
1896	1384
1895	1384
1895	1385
1894	1385
1894	1386
1893	1386
1893	1387
1892	1387
1892	1393
1891	1393
1891	1395
1888	1395
1888	1393
1882	1393
1882	1392
1877	1392
1877	1391
1876	1391
1876	1390
1872	1390
1872	1389
1871	1389
1871	1388
1870	1388
1870	1387
1869	1387
1869	1386
1866	1386
1866	1384
1864	1384
1864	1383
1862	1383
1862	1381
1861	1381
1861	1380
1860	1380
1860	1379
1861	1379
1861	1368
1859	1368
1859	1367
1858	1367
1858	1366
1857	1366
1857	1365
1856	1365
1856	1364
1857	1364
1857	1363
1855	1363
1855	1362
1853	1362
1853	1361
1852	1361
1852	1360
1851	1360
1851	1359
1850	1359
1850	1358
1849	1358
1849	1357
1848	1357
1848	1356
1846	1356
1846	1355
1844	1355
1844	1354
1843	1354
1843	1353
1842	1353
1842	1352
1841	1352
1841	1350
1840	1350
1840	1349
1839	1349
1839	1348
1837	1348
1837	1347
1835	1347
1835	1345
1834	1345
1834	1343
1832	1343
1832	1342
1831	1342
1831	1341
1830	1341
1830	1340
1829	1340
1829	1339
1828	1339
1828	1338
1827	1338
1827	1337
1825	1337
1825	1336
1824	1336
1824	1335
1823	1335
1823	1334
1822	1334
1822	1333
1821	1333
1821	1332
1820	1332
1820	1331
1819	1331
1819	1330
1817	1330
1817	1328
1816	1328
1816	1327
1815	1327
1815	1325
1814	1325
1814	1324
1812	1324
1812	1323
1811	1323
1811	1322
1810	1322
1810	1321
1809	1321
1809	1320
1807	1320
1807	1319
1806	1319
1806	1317
1805	1317
1805	1316
1802	1316
1802	1314
1801	1314
1801	1313
1799	1313
1799	1312
1797	1312
1797	1311
1796	1311
1796	1310
1795	1310
1795	1309
1794	1309
1794	1308
1792	1308
1792	1307
1791	1307
1791	1306
1790	1306
1790	1305
1789	1305
1789	1304
1788	1304
1788	1303
1787	1303
1787	1302
1786	1302
1786	1301
1784	1301
1784	1300
1782	1300
1782	1298
1781	1298
1781	1297
1779	1297
1779	1296
1778	1296
1778	1295
1776	1295
1776	1294
1772	1294
1772	1293
1755	1293
1755	1294
1753	1294
1753	1295
1752	1295
1752	1298
1751	1298
1751	1300
1750	1300
1750	1302
1749	1302
1749	1303
1748	1303
1748	1304
1747	1304
1747	1305
1746	1305
1746	1307
1745	1307
1745	1308
1744	1308
1744	1310
1743	1310
1743	1313
1740	1313
1740	1315
1739	1315
1739	1314
1738	1314
1738	1313
1736	1313
1736	1312
1735	1312
1735	1311
1734	1311
1734	1310
1732	1310
1732	1309
1731	1309
1731	1308
1729	1308
1729	1307
1728	1307
1728	1306
1727	1306
1727	1305
1725	1305
1725	1303
1723	1303
1723	1301
1721	1301
1721	1300
1720	1300
1720	1299
1719	1299
1719	1298
1718	1298
1718	1296
1717	1296
1717	1294
1714	1294
1714	1292
1712	1292
1712	1291
1710	1291
1710	1290
1709	1290
1709	1289
1708	1289
1708	1288
1707	1288
1707	1287
1706	1287
1706	1286
1705	1286
1705	1285
1703	1285
1703	1284
1702	1284
1702	1282
1699	1282
1699	1281
1698	1281
1698	1280
1697	1280
1697	1279
1696	1279
1696	1278
1695	1278
1695	1277
1694	1277
1694	1276
1692	1276
1692	1275
1691	1275
1691	1273
1688	1273
1688	1272
1687	1272
1687	1271
1686	1271
1686	1269
1684	1269
1684	1268
1683	1268
1683	1267
1682	1267
1682	1266
1681	1266
1681	1264
1680	1264
1680	1263
1678	1263
1678	1261
1677	1261
1677	1260
1676	1260
1676	1259
1675	1259
1675	1258
1674	1258
1674	1257
1673	1257
1673	1254
1672	1254
1672	1252
1671	1252
1671	1251
1670	1251
1670	1250
1669	1250
1669	1247
1668	1247
1668	1244
1666	1244
1666	1242
1664	1242
1664	1241
1655	1241
1655	1242
1654	1242
1654	1243
1653	1243
1653	1245
1651	1245
1651	1246
1648	1246
1648	1248
1647	1248
1647	1249
1646	1249
1646	1250
1645	1250
1645	1251
1643	1251
1643	1252
1642	1252
1642	1253
1641	1253
1641	1254
1639	1254
1639	1255
1638	1255
1638	1256
1637	1256
1637	1257
1636	1257
1636	1258
1634	1258
1634	1260
1633	1260
1633	1261
1632	1261
1632	1262
1630	1262
1630	1261
1629	1261
1629	1260
1628	1260
1628	1258
1627	1258
1627	1257
1626	1257
1626	1255
1624	1255
1624	1254
1623	1254
1623	1252
1622	1252
1622	1251
1621	1251
1621	1250
1620	1250
1620	1249
1619	1249
1619	1246
1617	1246
1617	1245
1614	1245
1614	1244
1615	1244
1615	1243
1614	1243
1614	1242
1613	1242
1613	1240
1612	1240
1612	1239
1610	1239
1610	1237
1609	1237
1609	1235
1608	1235
1608	1233
1607	1233
1607	1231
1606	1231
1606	1229
1604	1229
1604	1227
1603	1227
1603	1225
1602	1225
1602	1224
1601	1224
1601	1222
1600	1222
1600	1221
1599	1221
1599	1220
1598	1220
1598	1218
1597	1218
1597	1217
1596	1217
1596	1216
1595	1216
1595	1213
1594	1213
1594	1212
1593	1212
1593	1211
1594	1211
1594	1210
1593	1210
1593	1209
1592	1209
1592	1208
1591	1208
1591	1204
1589	1204
1589	1202
1588	1202
1588	1198
1587	1198
1587	1196
1586	1196
1586	1195
1585	1195
1585	1191
1583	1191
1583	1190
1582	1190
1582	1187
1580	1187
1580	1184
1579	1184
1579	1179
1578	1179
1578	1178
1577	1178
1577	1175
1576	1175
1576	1173
1567	1173
1567	1174
1566	1174
1566	1175
1565	1175
1565	1176
1564	1176
1564	1177
1562	1177
1562	1178
1561	1178
1561	1180
1560	1180
1560	1181
1558	1181
1558	1182
1557	1182
1557	1184
1556	1184
1556	1185
1555	1185
1555	1186
1554	1186
1554	1187
1553	1187
1553	1189
1552	1189
1552	1190
1551	1190
1551	1191
1550	1191
1550	1195
1549	1195
1549	1200
1548	1200
1548	1201
1547	1201
1547	1200
1544	1200
1544	1199
1543	1199
1543	1198
1541	1198
1541	1197
1540	1197
1540	1196
1539	1196
1539	1195
1537	1195
1537	1194
1536	1194
1536	1193
1534	1193
1534	1191
1532	1191
1532	1190
1530	1190
1530	1189
1529	1189
1529	1188
1528	1188
1528	1185
1527	1185
1527	1184
1525	1184
1525	1182
1524	1182
1524	1181
1523	1181
1523	1180
1522	1180
1522	1178
1521	1178
1521	1177
1520	1177
1520	1176
1519	1176
1519	1175
1518	1175
1518	1174
1517	1174
1517	1171
1516	1171
1516	1167
1515	1167
1515	1166
1514	1166
1514	1165
1513	1165
1513	1164
1512	1164
1512	1163
1511	1163
1511	1162
1510	1162
1510	1160
1509	1160
1509	1159
1508	1159
1508	1157
1507	1157
1507	1155
1506	1155
1506	1153
1505	1153
1505	1151
1504	1151
1504	1149
1503	1149
1503	1148
1502	1148
1502	1146
1501	1146
1501	1144
1500	1144
1500	1142
1499	1142
1499	1140
1498	1140
1498	1136
1497	1136
1497	1130
1496	1130
1496	1129
1495	1129
1495	1128
1494	1128
1494	1127
1495	1127
1495	1124
1494	1124
1494	1121
1493	1121
1493	1120
1494	1120
1494	1118
1493	1118
1493	1117
1481	1117
1481	1118
1480	1118
1480	1119
1475	1119
1475	1120
1473	1120
1473	1121
1470	1121
1470	1122
1468	1122
1468	1123
1464	1123
1464	1122
1463	1122
1463	1124
1459	1124
1459	1122
1458	1122
1458	1119
1457	1119
1457	1112
1456	1112
1456	1109
1455	1109
1455	1104
1454	1104
1454	1103
1455	1103
1455	1101
1454	1101
1454	1099
1453	1099
1453	1098
1452	1098
1452	1096
1451	1096
1451	1095
1450	1095
1450	1094
1449	1094
1449	1093
1448	1093
1448	1091
1447	1091
1447	1088
1446	1088
1446	1087
1445	1087
1445	1084
1444	1084
1444	1081
1443	1081
1443	1078
1442	1078
1442	1075
1440	1075
1440	1072
1439	1072
1439	1070
1438	1070
1438	1068
1437	1068
1437	1063
1436	1063
1436	1062
1432	1062
1432	1054
1431	1054
1431	1051
1430	1051
1430	1050
1428	1050
1428	1046
1427	1046
1427	1045
1426	1045
1426	1043
1425	1043
1425	1042
1424	1042
1424	1038
1423	1038
1423	1037
1422	1037
1422	1036
1421	1036
1421	1032
1420	1032
1420	1027
1411	1027
1411	1028
1410	1028
1410	1029
1408	1029
1408	1031
1406	1031
1406	1032
1404	1032
1404	1034
1403	1034
1403	1035
1402	1035
1402	1036
1401	1036
1401	1037
1399	1037
1399	1038
1398	1038
1398	1039
1397	1039
1397	1040
1396	1040
1396	1041
1394	1041
1394	1042
1393	1042
1393	1043
1392	1043
1392	1045
1390	1045
1390	1046
1389	1046
1389	1047
1388	1047
1388	1048
1387	1048
1387	1049
1385	1049
1385	1051
1384	1051
1384	1053
1383	1053
1383	1054
1382	1054
1382	1055
1381	1055
1381	1054
1380	1054
1380	1053
1379	1053
1379	1052
1378	1052
1378	1051
1377	1051
1377	1050
1375	1050
1375	1047
1374	1047
1374	1046
1373	1046
1373	1045
1372	1045
1372	1043
1371	1043
1371	1041
1369	1041
1369	1038
1368	1038
1368	1037
1367	1037
1367	1035
1366	1035
1366	1034
1365	1034
1365	1033
1364	1033
1364	1031
1363	1031
1363	1026
1361	1026
1361	1025
1360	1025
1360	1022
1359	1022
1359	1020
1358	1020
1358	1018
1357	1018
1357	1014
1355	1014
1355	1013
1354	1013
1354	1011
1353	1011
1353	1010
1352	1010
1352	1008
1351	1008
1351	1007
1350	1007
1350	1006
1349	1006
1349	1002
1348	1002
1348	1000
1347	1000
1347	998
1346	998
1346	996
1345	996
1345	995
1343	995
1343	992
1342	992
1342	989
1341	989
1341	987
1340	987
1340	986
1339	986
1339	985
1338	985
1338	984
1339	984
1339	983
1338	983
1338	981
1336	981
1336	979
1334	979
1334	977
1333	977
1333	976
1330	976
1330	968
1329	968
1329	965
1328	965
1328	964
1327	964
1327	959
1326	959
1326	957
1325	957
1325	954
1324	954
1324	951
1323	951
1323	949
1322	949
1322	948
1323	948
1323	946
1322	946
1322	941
1321	941
1321	940
1307	940
1307	941
1306	941
1306	944
1305	944
1305	945
1304	945
1304	946
1302	946
1302	947
1301	947
1301	948
1300	948
1300	950
1299	950
1299	952
1297	952
1297	956
1296	956
1296	957
1295	957
1295	963
1294	963
1294	964
1291	964
1291	963
1290	963
1290	961
1289	961
1289	958
1288	958
1288	959
1270	959
1270	960
1269	960
1269	961
1262	961
1262	962
1260	962
1260	963
1257	963
1257	965
1256	965
1256	964
1253	964
1253	965
1251	965
1251	967
1247	967
1247	968
1245	968
1245	969
1244	969
1244	978
1245	978
1245	980
1246	980
1246	983
1247	983
1247	984
1251	984
1251	986
1253	986
1253	987
1254	987
1254	992
1255	992
1255	993
1260	993
1260	994
1262	994
1262	995
1264	995
1264	1000
1266	1000
1266	1002
1267	1002
1267	1004
1268	1004
1268	1007
1269	1007
1269	1009
1272	1009
1272	1013
1273	1013
1273	1014
1272	1014
1272	1015
1273	1015
1273	1016
1275	1016
1275	1017
1276	1017
1276	1021
1277	1021
1277	1024
1278	1024
1278	1026
1279	1026
1279	1028
1280	1028
1280	1029
1281	1029
1281	1033
1282	1033
1282	1034
1283	1034
1283	1038
1284	1038
1284	1039
1285	1039
1285	1043
1286	1043
1286	1045
1287	1045
1287	1047
1288	1047
1288	1051
1289	1051
1289	1052
1290	1052
1290	1056
1291	1056
1291	1057
1292	1057
1292	1060
1293	1060
1293	1061
1294	1061
1294	1063
1295	1063
1295	1064
1296	1064
1296	1066
1297	1066
1297	1068
1298	1068
1298	1070
1300	1070
1300	1072
1301	1072
1301	1073
1302	1073
1302	1075
1303	1075
1303	1076
1304	1076
1304	1078
1305	1078
1305	1080
1306	1080
1306	1081
1307	1081
1307	1082
1308	1082
1308	1085
1309	1085
1309	1087
1310	1087
1310	1088
1311	1088
1311	1089
1312	1089
1312	1091
1313	1091
1313	1092
1312	1092
1312	1093
1313	1093
1313	1095
1315	1095
1315	1097
1316	1097
1316	1098
1315	1098
1315	1099
1316	1099
1316	1100
1317	1100
1317	1103
1318	1103
1318	1107
1319	1107
1319	1109
1320	1109
1320	1112
1314	1112
1314	1111
1295	1111
1295	1112
1294	1112
1294	1113
1292	1113
1292	1114
1286	1114
1286	1115
1282	1115
1282	1116
1279	1116
1279	1117
1276	1117
1276	1119
1275	1119
1275	1120
1276	1120
1276	1121
1275	1121
1275	1123
1276	1123
1276	1125
1275	1125
1275	1127
1276	1127
1276	1128
1277	1128
1277	1129
1278	1129
1278	1130
1279	1130
1279	1131
1281	1131
1281	1132
1282	1132
1282	1135
1283	1135
1283	1137
1285	1137
1285	1140
1287	1140
1287	1141
1288	1141
1288	1144
1289	1144
1289	1146
1290	1146
1290	1148
1291	1148
1291	1150
1293	1150
1293	1156
1294	1156
1294	1157
1296	1157
1296	1160
1297	1160
1297	1162
1298	1162
1298	1167
1299	1167
1299	1168
1300	1168
1300	1173
1301	1173
1301	1175
1302	1175
1302	1178
1303	1178
1303	1180
1304	1180
1304	1185
1305	1185
1305	1188
1306	1188
1306	1192
1307	1192
1307	1194
1308	1194
1308	1201
1309	1201
1309	1203
1312	1203
1312	1213
1313	1213
1313	1217
1314	1217
1314	1221
1315	1221
1315	1223
1316	1223
1316	1226
1317	1226
1317	1228
1318	1228
1318	1231
1319	1231
1319	1235
1321	1235
1321	1236
1322	1236
1322	1239
1323	1239
1323	1240
1324	1240
1324	1244
1325	1244
1325	1247
1327	1247
1327	1252
1328	1252
1328	1256
1329	1256
1329	1260
1330	1260
1330	1262
1331	1262
1331	1265
1330	1265
1330	1266
1294	1266
1294	1267
1288	1267
1288	1268
1285	1268
1285	1269
1284	1269
1284	1282
1285	1282
1285	1283
1287	1283
1287	1285
1288	1285
1288	1287
1289	1287
1289	1288
1290	1288
1290	1289
1291	1289
1291	1290
1293	1290
1293	1293
1294	1293
1294	1295
1295	1295
1295	1296
1296	1296
1296	1299
1297	1299
1297	1303
1298	1303
1298	1306
1299	1306
1299	1309
1300	1309
1300	1315
1301	1315
1301	1316
1302	1316
1302	1317
1305	1317
1305	1320
1304	1320
1304	1330
1305	1330
1305	1337
1306	1337
1306	1339
1307	1339
1307	1340
1308	1340
1308	1344
1309	1344
1309	1347
1310	1347
1310	1352
1311	1352
1311	1354
1312	1354
1312	1359
1313	1359
1313	1361
1314	1361
1314	1362
1315	1362
1315	1366
1316	1366
1316	1368
1317	1368
1317	1370
1318	1370
1318	1372
1319	1372
1319	1375
1320	1375
1320	1378
1321	1378
1321	1379
1322	1379
1322	1381
1323	1381
1323	1384
1324	1384
1324	1386
1325	1386
1325	1388
1326	1388
1326	1392
1327	1392
1327	1395
1328	1395
1328	1401
1329	1401
1329	1402
1328	1402
1328	1404
1326	1404
1326	1403
1314	1403
1314	1404
1296	1404
1296	1405
1294	1405
1294	1406
1291	1406
1291	1407
1287	1407
1287	1408
1285	1408
1285	1419
1286	1419
1286	1421
1287	1421
1287	1422
1288	1422
1288	1425
1289	1425
1289	1427
1290	1427
1290	1429
1291	1429
1291	1431
1292	1431
1292	1436
1293	1436
1293	1440
1294	1440
1294	1443
1295	1443
1295	1448
1296	1448
1296	1451
1297	1451
1297	1453
1296	1453
1296	1455
1297	1455
1297	1459
1296	1459
1296	1460
1297	1460
1297	1466
1298	1466
1298	1470
1299	1470
1299	1493
1300	1493
1300	1509
1299	1509
1299	1516
1298	1516
1298	1520
1297	1520
1297	1522
1296	1522
1296	1524
1295	1524
1295	1527
1294	1527
1294	1529
1293	1529
1293	1531
1290	1531
1290	1529
1288	1529
1288	1527
1285	1527
1285	1526
1281	1526
1281	1525
1280	1525
1280	1524
1277	1524
1277	1523
1275	1523
1275	1522
1274	1522
1274	1521
1271	1521
1271	1520
1270	1520
1270	1519
1267	1519
1267	1518
1258	1518
1258	1519
1257	1519
1257	1528
1258	1528
1258	1532
1259	1532
1259	1533
1260	1533
1260	1538
1262	1538
1262	1544
1263	1544
1263	1551
1264	1551
1264	1553
1265	1553
1265	1558
1266	1558
1266	1563
1267	1563
1267	1564
1266	1564
1266	1566
1267	1566
1267	1567
1268	1567
1268	1568
1267	1568
1267	1570
1268	1570
1268	1571
1269	1571
1269	1577
1270	1577
1270	1579
1272	1579
1272	1590
1273	1590
1273	1594
1274	1594
1274	1598
1275	1598
1275	1602
1277	1602
1277	1608
1278	1608
1278	1611
1279	1611
1279	1625
1280	1625
1280	1632
1281	1632
1281	1634
1280	1634
1280	1637
1281	1637
1281	1640
1280	1640
1280	1649
1279	1649
1279	1651
1276	1651
1276	1650
1272	1650
1272	1649
1263	1649
1263	1648
1261	1648
1261	1649
1260	1649
1260	1648
1253	1648
1253	1647
1247	1647
1247	1646
1244	1646
1244	1645
1232	1645
1232	1646
1231	1646
1231	1660
1233	1660
1233	1668
1234	1668
1234	1672
1235	1672
1235	1682
1236	1682
1236	1692
1237	1692
1237	1700
1238	1700
1238	1701
1237	1701
1237	1709
1236	1709
1236	1722
1235	1722
1235	1725
1234	1725
1234	1728
1233	1728
1233	1739
1232	1739
1232	1746
1231	1746
1231	1750
1230	1750
1230	1755
1229	1755
1229	1759
1227	1759
1227	1766
1226	1766
1226	1768
1225	1768
1225	1770
1224	1770
1224	1773
1223	1773
1223	1774
1221	1774
1221	1775
1220	1775
1220	1774
1219	1774
1219	1773
1208	1773
1208	1769
1206	1769
1206	1768
1200	1768
1200	1767
1199	1767
1199	1766
1198	1766
1198	1765
1195	1765
1195	1764
1194	1764
1194	1763
1180	1763
1180	1780
1181	1780
1181	1784
1180	1784
1180	1792
1181	1792
1181	1797
1180	1797
1180	1802
1179	1802
1179	1808
1177	1808
1177	1809
1178	1809
1178	1814
1177	1814
1177	1821
1176	1821
1176	1824
1175	1824
1175	1829
1174	1829
1174	1835
1173	1835
1173	1838
1172	1838
1172	1844
1171	1844
1171	1848
1170	1848
1170	1849
1169	1849
1169	1854
1168	1854
1168	1856
1167	1856
1167	1857
1166	1857
1166	1862
1165	1862
1165	1865
1164	1865
1164	1866
1163	1866
1163	1868
1162	1868
1162	1867
1161	1867
1161	1869
1160	1869
1160	1873
1158	1873
1158	1874
1157	1874
1157	1873
1156	1873
1156	1871
1155	1871
1155	1870
1150	1870
1150	1869
1147	1869
1147	1868
1143	1868
1143	1867
1141	1867
1141	1866
1137	1866
1137	1865
1136	1865
1136	1864
1133	1864
1133	1863
1125	1863
1125	1864
1123	1864
1123	1872
1122	1872
1122	1878
1121	1878
1121	1885
1120	1885
1120	1886
1119	1886
1119	1887
1118	1887
1118	1888
1117	1888
1117	1893
1116	1893
1116	1894
1115	1894
1115	1899
1114	1899
1114	1902
1113	1902
1113	1904
1112	1904
1112	1906
1111	1906
1111	1910
1110	1910
1110	1912
1109	1912
1109	1916
1108	1916
1108	1918
1107	1918
1107	1922
1106	1922
1106	1923
1105	1923
1105	1926
1104	1926
1104	1927
1105	1927
1105	1929
1104	1929
1104	1931
1103	1931
1103	1948
1101	1948
1101	1949
1100	1949
1100	1948
1087	1948
1087	1950
1086	1950
1086	1951
1087	1951
1087	1952
1086	1952
1086	1961
1085	1961
1085	1967
1084	1967
1084	1972
1083	1972
1083	1976
1082	1976
1082	1977
1083	1977
1083	1978
1082	1978
1082	1979
1081	1979
1081	1981
1080	1981
1080	1982
1081	1982
1081	1983
1080	1983
1080	1984
1081	1984
1081	1985
1080	1985
1080	1989
1079	1989
1079	1990
1078	1990
1078	1992
1077	1992
1077	1997
1075	1997
1075	1998
1074	1998
1074	2004
1073	2004
1073	2006
1072	2006
1072	2009
1071	2009
1071	2012
1070	2012
1070	2014
1069	2014
1069	2016
1068	2016
1068	2022
1067	2022
1067	2027
1066	2027
1066	2029
1065	2029
1065	2033
1064	2033
1064	2036
1063	2036
1063	2040
1062	2040
1062	2046
1061	2046
1061	2050
1060	2050
1060	2053
1059	2053
1059	2061
1056	2061
1056	2068
1055	2068
1055	2072
1053	2072
1053	2076
1052	2076
1052	2077
1051	2077
1051	2079
1050	2079
1050	2080
1049	2080
1049	2081
1047	2081
1047	2080
1046	2080
1046	2079
1045	2079
1045	2075
1044	2075
1044	2073
1043	2073
1043	2070
1042	2070
1042	2068
1041	2068
1041	2065
1040	2065
1040	2061
1039	2061
1039	2058
1038	2058
1038	2056
1039	2056
1039	2055
1038	2055
1038	2054
1037	2054
1037	2048
1036	2048
1036	2043
1035	2043
1035	2040
1034	2040
1034	2037
1033	2037
1033	2034
1032	2034
1032	2030
1031	2030
1031	2027
1030	2027
1030	2025
1029	2025
1029	2021
1028	2021
1028	2018
1027	2018
1027	2016
1026	2016
1026	2014
1025	2014
1025	2010
1024	2010
1024	2009
1023	2009
1023	2005
1022	2005
1022	2003
1021	2003
1021	1997
1019	1997
1019	1996
1020	1996
1020	1995
1018	1995
1018	1992
1017	1992
1017	1981
1016	1981
1016	1978
1015	1978
1015	1972
1014	1972
1014	1970
1013	1970
1013	1966
1011	1966
1011	1960
1010	1960
1010	1955
1009	1955
1009	1948
1008	1948
1008	1946
1007	1946
1007	1943
1006	1943
1006	1939
1005	1939
1005	1936
1004	1936
1004	1934
1003	1934
1003	1930
1002	1930
1002	1926
1001	1926
1001	1921
1000	1921
1000	1920
1001	1920
1001	1915
1000	1915
1000	1911
990	1911
990	1912
989	1912
989	1913
987	1913
987	1914
984	1914
984	1915
981	1915
981	1916
979	1916
979	1917
975	1917
975	1916
974	1916
974	1914
975	1914
975	1913
974	1913
974	1911
973	1911
973	1908
972	1908
972	1905
971	1905
971	1902
970	1902
970	1897
969	1897
969	1893
968	1893
968	1890
967	1890
967	1886
966	1886
966	1881
965	1881
965	1878
964	1878
964	1874
963	1874
963	1873
964	1873
964	1872
963	1872
963	1860
962	1860
962	1850
948	1850
948	1851
946	1851
946	1852
943	1852
943	1853
941	1853
941	1854
939	1854
939	1855
934	1855
934	1856
931	1856
931	1857
928	1857
928	1858
927	1858
927	1859
924	1859
924	1855
923	1855
923	1850
920	1850
920	1845
919	1845
919	1815
918	1815
918	1812
919	1812
919	1794
920	1794
920	1787
921	1787
921	1784
922	1784
922	1774
910	1774
910	1776
904	1776
904	1777
896	1777
896	1775
895	1775
895	1774
893	1774
893	1772
892	1772
892	1771
891	1771
891	1770
890	1770
890	1768
889	1768
889	1763
888	1763
888	1762
887	1762
887	1759
886	1759
886	1758
885	1758
885	1757
884	1757
884	1755
882	1755
882	1752
881	1752
881	1748
880	1748
880	1747
879	1747
879	1746
878	1746
878	1744
877	1744
877	1743
876	1743
876	1741
875	1741
875	1737
874	1737
874	1735
873	1735
873	1733
872	1733
872	1729
871	1729
871	1728
870	1728
870	1727
871	1727
871	1726
870	1726
870	1722
869	1722
869	1719
868	1719
868	1710
867	1710
867	1708
866	1708
866	1704
865	1704
865	1700
864	1700
864	1690
863	1690
863	1685
862	1685
862	1680
861	1680
861	1677
860	1677
860	1675
861	1675
861	1672
860	1672
860	1663
859	1663
859	1637
858	1637
858	1626
857	1626
857	1606
856	1606
856	1574
855	1574
855	1573
838	1573
838	1574
830	1574
830	1575
826	1575
826	1576
822	1576
822	1577
821	1577
821	1578
812	1578
812	1579
810	1579
810	1580
806	1580
806	1581
802	1581
802	1579
801	1579
801	1574
800	1574
800	1569
799	1569
799	1557
798	1557
798	1549
799	1549
799	1532
800	1532
800	1531
799	1531
799	1526
800	1526
800	1524
799	1524
799	1522
800	1522
800	1518
801	1518
801	1511
802	1511
802	1506
803	1506
803	1500
804	1500
804	1488
805	1488
805	1486
806	1486
806	1484
807	1484
807	1477
808	1477
808	1474
809	1474
809	1471
810	1471
810	1469
811	1469
811	1466
812	1466
812	1462
813	1462
813	1461
814	1461
814	1457
815	1457
815	1456
816	1456
816	1454
817	1454
817	1452
818	1452
818	1450
819	1450
819	1447
822	1447
822	1446
821	1446
821	1445
822	1445
822	1437
821	1437
821	1436
820	1436
820	1435
817	1435
817	1434
812	1434
812	1433
775	1433
775	1434
773	1434
773	1435
768	1435
768	1422
769	1422
769	1419
770	1419
770	1415
771	1415
771	1411
772	1411
772	1410
773	1410
773	1407
774	1407
774	1406
776	1406
776	1402
777	1402
777	1399
778	1399
778	1397
779	1397
779	1395
780	1395
780	1391
781	1391
781	1388
782	1388
782	1386
783	1386
783	1382
784	1382
784	1381
786	1381
786	1379
787	1379
787	1378
788	1378
788	1377
789	1377
789	1376
790	1376
790	1373
791	1373
791	1371
792	1371
792	1368
793	1368
793	1365
794	1365
794	1363
795	1363
795	1358
796	1358
796	1352
797	1352
797	1351
798	1351
798	1346
799	1346
799	1344
800	1344
800	1342
801	1342
801	1339
802	1339
802	1335
803	1335
803	1333
804	1333
804	1330
805	1330
805	1328
806	1328
806	1327
807	1327
807	1324
808	1324
808	1323
809	1323
809	1322
810	1322
810	1319
811	1319
811	1318
812	1318
812	1317
813	1317
813	1316
814	1316
814	1315
815	1315
815	1311
816	1311
816	1310
815	1310
815	1308
816	1308
816	1305
815	1305
815	1304
814	1304
814	1303
811	1303
811	1302
808	1302
808	1301
805	1301
805	1300
788	1300
788	1299
784	1299
784	1300
769	1300
769	1290
770	1290
770	1289
771	1289
771	1283
772	1283
772	1280
773	1280
773	1276
774	1276
774	1274
775	1274
775	1271
776	1271
776	1270
777	1270
777	1266
778	1266
778	1263
779	1263
779	1261
780	1261
780	1256
782	1256
782	1254
783	1254
783	1251
784	1251
784	1248
785	1248
785	1247
786	1247
786	1242
787	1242
787	1240
788	1240
788	1238
789	1238
789	1235
790	1235
790	1233
791	1233
791	1231
792	1231
792	1228
793	1228
793	1226
794	1226
794	1225
795	1225
795	1223
796	1223
796	1219
797	1219
797	1217
800	1217
800	1216
801	1216
801	1211
802	1211
802	1210
803	1210
803	1209
804	1209
804	1208
805	1208
805	1207
804	1207
804	1206
805	1206
805	1205
807	1205
807	1202
809	1202
809	1201
810	1201
810	1198
811	1198
811	1190
810	1190
810	1189
800	1189
800	1190
794	1190
794	1191
793	1191
793	1193
790	1193
790	1194
789	1194
789	1195
785	1195
785	1191
784	1191
784	1180
785	1180
785	1165
786	1165
786	1159
787	1159
787	1155
788	1155
788	1149
789	1149
789	1138
790	1138
790	1124
791	1124
791	1123
792	1123
792	1117
793	1117
793	1112
794	1112
794	1106
795	1106
795	1102
796	1102
796	1100
797	1100
797	1094
798	1094
798	1092
799	1092
799	1089
800	1089
800	1088
801	1088
801	1083
802	1083
802	1082
803	1082
803	1079
804	1079
804	1075
805	1075
805	1073
806	1073
806	1072
807	1072
807	1071
808	1071
808	1068
809	1068
809	1067
810	1067
810	1064
811	1064
811	1062
812	1062
812	1061
814	1061
814	1060
813	1060
813	1059
815	1059
815	1058
816	1058
816	1047
814	1047
814	1046
809	1046
809	1045
808	1045
808	1044
806	1044
806	1043
802	1043
802	1042
796	1042
796	1041
794	1041
794	1040
789	1040
789	1039
782	1039
782	1038
780	1038
780	1037
779	1037
779	1034
781	1034
781	1033
783	1033
783	1027
784	1027
784	1024
785	1024
785	1023
786	1023
786	1022
787	1022
787	1021
789	1021
789	1015
790	1015
790	1013
791	1013
791	1011
792	1011
792	1009
793	1009
793	1008
794	1008
794	1006
795	1006
795	1004
796	1004
796	1003
798	1003
798	1002
797	1002
797	1001
798	1001
798	998
799	998
799	997
800	997
800	996
801	996
801	992
803	992
803	991
804	991
804	985
806	985
806	984
807	984
807	981
808	981
808	978
809	978
809	977
810	977
810	976
811	976
811	971
812	971
812	966
813	966
813	965
814	965
814	964
815	964
815	961
816	961
816	959
817	959
817	958
818	958
818	956
819	956
819	951
820	951
820	950
821	950
821	949
822	949
822	948
823	948
823	945
824	945
824	943
825	943
825	942
826	942
826	936
828	936
828	935
829	935
829	934
830	934
830	931
831	931
831	930
832	930
832	929
833	929
833	928
834	928
834	927
835	927
835	923
838	923
838	920
840	920
840	916
841	916
841	915
843	915
843	913
844	913
844	911
845	911
845	910
846	910
846	900
844	900
844	899
838	899
838	898
836	898
836	897
831	897
831	896
830	896
830	895
822	895
822	894
820	894
820	895
819	895
819	894
817	894
817	888
812	888
812	887
811	887
811	886
810	886
810	885
809	885
809	882
807	882
807	880
806	880
806	879
802	879
802	878
801	878
801	877
798	877
798	876
797	876
797	875
795	875
795	874
794	874
794	873
784	873
784	875
783	875
783	885
784	885
784	886
783	886
783	893
782	893
782	897
781	897
781	904
780	904
780	907
779	907
779	911
778	911
778	915
777	915
777	916
775	916
775	921
774	921
774	923
773	923
773	926
772	926
772	928
770	928
770	929
769	929
769	934
768	934
768	935
767	935
767	939
766	939
766	940
765	940
765	941
764	941
764	943
763	943
763	944
762	944
762	946
761	946
761	947
760	947
760	949
759	949
759	950
758	950
758	952
757	952
757	953
755	953
755	956
754	956
754	958
752	958
752	959
750	959
750	965
749	965
749	966
748	966
748	967
747	967
747	969
746	969
746	970
745	970
745	971
744	971
744	972
745	972
745	973
744	973
744	976
743	976
743	977
742	977
742	979
741	979
741	981
740	981
740	982
739	982
739	984
738	984
738	988
737	988
737	990
736	990
736	992
735	992
735	995
733	995
733	996
732	996
732	1002
731	1002
731	1005
730	1005
730	1006
729	1006
729	1007
728	1007
728	1008
726	1008
726	1013
725	1013
725	1015
724	1015
724	1016
722	1016
722	1017
721	1017
721	1019
720	1019
720	1021
717	1021
717	1019
716	1019
716	1017
715	1017
715	1016
714	1016
714	1015
711	1015
711	1013
709	1013
709	1012
708	1012
708	1011
707	1011
707	1010
705	1010
705	1009
703	1009
703	1007
699	1007
699	1006
698	1006
698	1005
697	1005
697	1004
695	1004
695	1003
692	1003
692	1002
691	1002
691	1001
681	1001
681	1002
680	1002
680	1010
679	1010
679	1013
678	1013
678	1014
677	1014
677	1021
676	1021
676	1025
675	1025
675	1029
674	1029
674	1031
673	1031
673	1032
671	1032
671	1037
670	1037
670	1039
669	1039
669	1041
668	1041
668	1043
667	1043
667	1044
666	1044
666	1045
665	1045
665	1048
664	1048
664	1050
663	1050
663	1051
662	1051
662	1053
661	1053
661	1054
660	1054
660	1056
659	1056
659	1057
658	1057
658	1058
657	1058
657	1059
658	1059
658	1060
656	1060
656	1062
654	1062
654	1063
653	1063
653	1066
652	1066
652	1067
651	1067
651	1069
650	1069
650	1070
649	1070
649	1071
648	1071
648	1072
647	1072
647	1074
645	1074
645	1076
644	1076
644	1079
643	1079
643	1080
642	1080
642	1081
641	1081
641	1083
640	1083
640	1084
639	1084
639	1086
638	1086
638	1089
636	1089
636	1090
635	1090
635	1091
634	1091
634	1093
633	1093
633	1092
632	1092
632	1098
630	1098
630	1099
629	1099
629	1100
628	1100
628	1102
627	1102
627	1103
626	1103
626	1105
625	1105
625	1106
624	1106
624	1107
623	1107
623	1108
622	1108
622	1110
618	1110
618	1106
617	1106
617	1105
614	1105
614	1104
613	1104
613	1103
612	1103
612	1099
608	1099
608	1098
604	1098
604	1097
603	1097
603	1095
602	1095
602	1094
601	1094
601	1093
600	1093
600	1092
596	1092
596	1091
595	1091
595	1090
594	1090
594	1089
585	1089
585	1090
584	1090
584	1091
583	1091
583	1099
582	1099
582	1103
581	1103
581	1105
580	1105
580	1107
579	1107
579	1110
578	1110
578	1112
577	1112
577	1113
576	1113
576	1115
575	1115
575	1117
574	1117
574	1118
573	1118
573	1120
572	1120
572	1122
571	1122
571	1123
570	1123
570	1125
569	1125
569	1127
568	1127
568	1128
567	1128
567	1129
566	1129
566	1130
565	1130
565	1131
564	1131
564	1134
563	1134
563	1136
561	1136
561	1140
560	1140
560	1141
558	1141
558	1142
557	1142
557	1144
556	1144
556	1146
555	1146
555	1148
554	1148
554	1149
553	1149
553	1151
552	1151
552	1153
551	1153
551	1156
550	1156
550	1158
549	1158
549	1160
548	1160
548	1162
547	1162
547	1164
546	1164
546	1168
545	1168
545	1170
544	1170
544	1172
543	1172
543	1174
542	1174
542	1177
541	1177
541	1179
540	1179
540	1180
539	1180
539	1182
538	1182
538	1183
537	1183
537	1185
535	1185
535	1186
534	1186
534	1189
533	1189
533	1190
531	1190
531	1192
530	1192
530	1196
528	1196
528	1197
524	1197
524	1196
523	1196
523	1195
522	1195
522	1191
520	1191
520	1189
518	1189
518	1188
516	1188
516	1187
514	1187
514	1185
504	1185
504	1184
501	1184
501	1183
499	1183
499	1184
493	1184
493	1185
492	1185
492	1194
491	1194
491	1198
490	1198
490	1200
489	1200
489	1201
490	1201
490	1202
489	1202
489	1203
488	1203
488	1207
487	1207
487	1208
485	1208
485	1210
484	1210
484	1212
483	1212
483	1213
482	1213
482	1215
481	1215
481	1216
480	1216
480	1217
479	1217
479	1219
478	1219
478	1220
477	1220
477	1221
476	1221
476	1222
475	1222
475	1224
474	1224
474	1225
473	1225
473	1226
472	1226
472	1227
470	1227
470	1230
469	1230
469	1231
468	1231
468	1232
467	1232
467	1233
465	1233
465	1234
464	1234
464	1236
463	1236
463	1237
462	1237
462	1238
461	1238
461	1240
460	1240
460	1241
459	1241
459	1242
458	1242
458	1243
457	1243
457	1246
456	1246
456	1249
455	1249
455	1252
454	1252
454	1254
453	1254
453	1256
452	1256
452	1258
451	1258
451	1259
450	1259
450	1260
449	1260
449	1261
448	1261
448	1262
447	1262
447	1263
446	1263
446	1264
445	1264
445	1267
444	1267
444	1269
443	1269
443	1270
442	1270
442	1271
441	1271
441	1272
440	1272
440	1273
437	1273
437	1275
436	1275
436	1278
435	1278
435	1279
433	1279
433	1280
432	1280
432	1281
431	1281
431	1283
430	1283
430	1285
428	1285
428	1286
427	1286
427	1285
426	1285
426	1284
424	1284
424	1282
422	1282
422	1281
421	1281
421	1280
419	1280
419	1279
418	1279
418	1278
414	1278
414	1277
401	1277
401	1278
400	1278
400	1283
399	1283
399	1285
398	1285
398	1287
397	1287
397	1289
396	1289
396	1291
395	1291
395	1293
394	1293
394	1295
393	1295
393	1297
392	1297
392	1299
390	1299
390	1302
389	1302
389	1303
388	1303
388	1305
387	1305
387	1306
385	1306
385	1307
384	1307
384	1309
383	1309
383	1310
382	1310
382	1312
381	1312
381	1313
378	1313
378	1317
377	1317
377	1319
375	1319
375	1320
373	1320
373	1322
372	1322
372	1323
371	1323
371	1324
370	1324
370	1325
369	1325
369	1327
368	1327
368	1328
365	1328
365	1329
364	1329
364	1330
363	1330
363	1331
360	1331
360	1334
359	1334
359	1335
354	1335
354	1336
353	1336
353	1338
350	1338
350	1339
347	1339
347	1341
343	1341
343	1342
342	1342
342	1343
336	1343
336	1344
335	1344
335	1345
334	1345
334	1346
330	1346
330	1347
329	1347
329	1349
325	1349
325	1350
323	1350
323	1352
316	1352
316	1351
315	1351
315	1349
314	1349
314	1348
313	1348
313	1346
312	1346
312	1343
300	1343
300	1344
299	1344
299	1346
298	1346
298	1347
297	1347
297	1349
293	1349
293	1350
292	1350
292	1355
290	1355
290	1356
289	1356
289	1358
287	1358
287	1359
286	1359
286	1362
285	1362
285	1361
281	1361
281	1362
280	1362
280	1365
279	1365
279	1366
278	1366
278	1367
277	1367
277	1368
278	1368
278	1369
275	1369
275	1370
273	1370
273	1371
269	1371
269	1372
268	1372
268	1373
267	1373
267	1375
266	1375
266	1376
265	1376
265	1377
264	1377
264	1378
261	1378
261	1379
260	1379
260	1380
256	1380
256	1382
254	1382
254	1383
253	1383
253	1384
250	1384
250	1385
249	1385
249	1386
244	1386
244	1388
243	1388
243	1389
241	1389
241	1391
240	1391
240	1392
236	1392
236	1393
235	1393
235	1395
233	1395
233	1396
232	1396
232	1397
231	1397
231	1398
229	1398
229	1397
228	1397
228	1396
227	1396
227	1393
226	1393
226	1391
225	1391
225	1390
224	1390
224	1389
223	1389
223	1388
213	1388
213	1389
212	1389
212	1390
207	1390
207	1392
206	1392
206	1394
203	1394
203	1395
201	1395
201	1396
200	1396
200	1397
198	1397
198	1398
196	1398
196	1399
195	1399
195	1400
193	1400
193	1401
191	1401
191	1402
189	1402
189	1404
186	1404
186	1403
185	1403
185	1404
183	1404
183	1406
182	1406
182	1407
180	1407
180	1408
177	1408
177	1409
176	1409
176	1410
172	1410
172	1411
170	1411
170	1413
169	1413
169	1414
166	1414
166	1415
164	1415
164	1416
163	1416
163	1417
158	1417
158	1419
157	1419
157	1420
156	1420
156	1421
154	1421
154	1422
152	1422
152	1423
146	1423
146	1425
145	1425
145	1426
144	1426
144	1427
139	1427
139	1428
137	1428
137	1429
134	1429
134	1431
133	1431
133	1432
129	1432
129	1433
126	1433
126	1434
123	1434
123	1435
116	1435
116	1436
115	1436
115	1437
113	1437
113	1438
108	1438
108	1439
99	1439
99	1438
98	1438
98	1437
99	1437
99	1436
100	1436
100	1434
101	1434
101	1432
102	1432
102	1428
103	1428
103	1427
104	1427
104	1426
105	1426
105	1422
106	1422
106	1421
107	1421
107	1420
108	1420
108	1419
109	1419
109	1418
111	1418
111	1414
112	1414
112	1413
113	1413
113	1412
114	1412
114	1410
115	1410
115	1409
116	1409
116	1408
117	1408
117	1406
118	1406
118	1405
119	1405
119	1401
120	1401
120	1400
123	1400
123	1397
124	1397
124	1395
125	1395
125	1393
126	1393
126	1391
127	1391
127	1390
128	1390
128	1389
129	1389
129	1388
130	1388
130	1386
131	1386
131	1383
132	1383
132	1381
133	1381
133	1380
134	1380
134	1376
135	1376
135	1375
136	1375
136	1373
138	1373
138	1372
139	1372
139	1369
141	1369
141	1368
142	1368
142	1364
143	1364
143	1363
144	1363
144	1362
145	1362
145	1360
146	1360
146	1357
147	1357
147	1356
148	1356
148	1355
149	1355
149	1353
150	1353
150	1351
151	1351
151	1350
150	1350
150	1349
152	1349
152	1348
153	1348
153	1347
154	1347
154	1346
155	1346
155	1344
156	1344
156	1343
157	1343
157	1341
158	1341
158	1340
159	1340
159	1339
160	1339
160	1335
161	1335
161	1334
162	1334
162	1331
163	1331
163	1330
164	1330
164	1328
165	1328
165	1326
166	1326
166	1324
167	1324
167	1323
166	1323
166	1322
167	1322
167	1321
168	1321
168	1309
166	1309
166	1307
164	1307
164	1306
163	1306
163	1305
161	1305
161	1304
160	1304
160	1303
158	1303
158	1302
156	1302
156	1301
154	1301
154	1296
155	1296
155	1291
156	1291
156	1288
157	1288
157	1283
158	1283
158	1280
159	1280
159	1278
160	1278
160	1277
161	1277
161	1272
162	1272
162	1267
163	1267
163	1266
164	1266
164	1264
165	1264
165	1260
166	1260
166	1258
167	1258
167	1254
168	1254
168	1250
169	1250
169	1247
170	1247
170	1245
171	1245
171	1241
172	1241
172	1240
173	1240
173	1232
174	1232
174	1231
175	1231
175	1228
176	1228
176	1226
177	1226
177	1225
178	1225
178	1223
179	1223
179	1222
180	1222
180	1220
181	1220
181	1218
182	1218
182	1217
183	1217
183	1216
186	1216
186	1215
187	1215
187	1216
188	1216
188	1215
193	1215
193	1208
194	1208
194	1200
190	1200
190	1199
189	1199
189	1198
186	1198
186	1197
184	1197
184	1196
180	1196
180	1195
174	1195
174	1194
166	1194
166	1193
159	1193
159	1192
154	1192
154	1191
146	1191
146	1188
147	1188
147	1176
148	1176
148	1171
149	1171
149	1166
150	1166
150	1165
151	1165
151	1163
152	1163
152	1162
153	1162
153	1161
154	1161
154	1156
155	1156
155	1155
156	1155
156	1154
157	1154
157	1150
159	1150
159	1149
160	1149
160	1144
161	1144
161	1142
162	1142
162	1141
163	1141
163	1139
164	1139
164	1137
165	1137
165	1136
166	1136
166	1135
167	1135
167	1132
169	1132
169	1127
170	1127
170	1125
172	1125
172	1121
173	1121
173	1120
174	1120
174	1117
175	1117
175	1115
176	1115
176	1114
178	1114
178	1112
179	1112
179	1110
180	1110
180	1109
181	1109
181	1108
182	1108
182	1107
184	1107
184	1104
185	1104
185	1103
186	1103
186	1102
187	1102
187	1101
189	1101
189	1100
190	1100
190	1101
191	1101
191	1096
192	1096
192	1095
195	1095
195	1094
196	1094
196	1092
197	1092
197	1090
200	1090
200	1089
201	1089
201	1088
202	1088
202	1087
203	1087
203	1076
202	1076
202	1075
201	1075
201	1074
200	1074
200	1073
198	1073
198	1072
197	1072
197	1071
196	1071
196	1070
195	1070
195	1069
193	1069
193	1068
191	1068
191	1067
190	1067
190	1066
189	1066
189	1065
186	1065
186	1064
184	1064
184	1062
181	1062
181	1061
179	1061
179	1060
178	1060
178	1059
176	1059
176	1058
175	1058
175	1057
173	1057
173	1056
171	1056
171	1057
170	1057
170	1056
169	1056
169	1055
167	1055
167	1054
166	1054
166	1053
167	1053
167	1052
168	1052
168	1048
170	1048
170	1047
171	1047
171	1046
172	1046
172	1042
173	1042
173	1040
174	1040
174	1038
175	1038
175	1037
176	1037
176	1036
177	1036
177	1035
178	1035
178	1032
179	1032
179	1031
181	1031
181	1030
180	1030
180	1027
181	1027
181	1026
182	1026
182	1025
184	1025
184	1023
185	1023
185	1022
186	1022
186	1021
187	1021
187	1019
188	1019
188	1018
189	1018
189	1017
190	1017
190	1016
191	1016
191	1015
192	1015
192	1014
193	1014
193	1013
194	1013
194	1010
195	1010
195	1009
197	1009
197	1008
198	1008
198	1006
199	1006
199	1004
200	1004
200	1003
201	1003
201	1000
202	1000
202	999
203	999
203	996
205	996
205	994
207	994
207	990
208	990
208	989
209	989
209	988
210	988
210	987
211	987
211	986
212	986
212	985
213	985
213	984
215	984
215	980
216	980
216	979
218	979
218	975
220	975
220	974
221	974
221	972
223	972
223	971
224	971
224	967
226	967
226	966
227	966
227	965
229	965
229	964
230	964
230	963
231	963
231	962
232	962
232	961
233	961
233	960
235	960
235	959
236	959
236	957
237	957
237	955
239	955
239	954
241	954
241	953
242	953
242	952
243	952
243	951
244	951
244	950
246	950
246	946
253	946
253	944
254	944
254	943
257	943
257	942
258	942
258	941
259	941
259	940
266	940
266	939
267	939
267	937
270	937
270	923
269	923
269	922
268	922
268	921
267	921
267	919
266	919
266	918
265	918
265	916
263	916
263	915
262	915
262	913
260	913
260	912
258	912
258	911
257	911
257	910
254	910
254	909
252	909
252	908
250	908
250	907
249	907
249	906
248	906
248	905
246	905
246	904
244	904
244	903
242	903
242	902
241	902
241	901
240	901
240	900
238	900
238	899
237	899
237	898
235	898
235	897
231	897
231	894
232	894
232	893
234	893
234	892
235	892
235	891
237	891
237	890
239	890
239	889
243	889
243	888
244	888
244	887
245	887
245	885
246	885
246	882
247	882
247	881
250	881
250	880
251	880
251	878
252	878
252	877
253	877
253	876
254	876
254	875
256	875
256	874
258	874
258	872
259	872
259	871
260	871
260	870
261	870
261	869
262	869
262	868
264	868
264	867
265	867
265	866
266	866
266	865
267	865
267	864
268	864
268	863
269	863
269	861
270	861
270	860
273	860
273	858
274	858
274	857
275	857
275	856
276	856
276	855
277	855
277	854
278	854
278	852
279	852
279	851
280	851
280	850
281	850
281	849
282	849
282	848
283	848
283	847
284	847
284	845
286	845
286	844
288	844
288	842
290	842
290	840
291	840
291	839
292	839
292	838
294	838
294	839
295	839
295	837
296	837
296	835
297	835
297	834
298	834
298	833
302	833
302	831
306	831
306	830
308	830
308	829
310	829
310	828
315	828
315	827
316	827
316	826
318	826
318	824
319	824
319	822
325	822
325	820
329	820
329	819
331	819
331	818
335	818
335	817
336	817
336	816
339	816
339	814
344	814
344	804
343	804
343	801
342	801
342	800
341	800
341	799
340	799
340	798
339	798
339	797
338	797
338	796
337	796
337	794
335	794
335	793
333	793
333	792
332	792
332	791
330	791
330	790
328	790
328	788
325	788
325	787
323	787
323	786
321	786
321	785
320	785
320	784
316	784
316	783
315	783
315	782
314	782
314	781
311	781
311	780
309	780
309	779
305	779
305	778
303	778
303	777
301	777
301	776
300	776
300	773
301	773
301	772
302	772
302	769
303	769
303	768
304	768
304	766
305	766
305	765
307	765
307	762
308	762
308	761
309	761
309	760
310	760
310	759
312	759
312	758
313	758
313	756
316	756
316	755
317	755
317	754
319	754
319	753
320	753
320	751
321	751
321	750
324	750
324	749
326	749
326	748
327	748
327	747
330	747
330	746
331	746
331	745
332	745
332	743
333	743
333	742
335	742
335	741
338	741
338	740
340	740
340	739
341	739
341	738
343	738
343	736
347	736
347	735
348	735
348	734
349	734
349	733
350	733
350	732
352	732
352	731
356	731
356	730
357	730
357	729
358	729
358	728
361	728
361	726
364	726
364	725
367	725
367	724
368	724
368	723
370	723
370	722
371	722
371	720
372	720
372	719
379	719
379	718
380	718
380	716
388	716
388	715
394	715
394	714
395	714
395	712
403	712
403	702
397	702
397	699
396	699
396	698
395	698
395	697
392	697
392	696
391	696
391	695
390	695
390	694
388	694
388	693
387	693
387	692
386	692
386	691
385	691
385	690
383	690
383	689
382	689
382	688
380	688
380	686
378	686
378	685
375	685
375	684
373	684
373	683
371	683
371	682
369	682
369	681
368	681
368	680
369	680
369	678
371	678
371	676
372	676
372	675
373	675
373	674
374	674
374	673
375	673
375	672
377	672
377	671
378	671
378	669
379	669
379	668
381	668
381	667
386	667
386	666
387	666
387	665
388	665
388	663
390	663
390	662
391	662
391	661
393	661
393	660
394	660
394	659
396	659
396	658
403	658
403	657
404	657
404	655
408	655
408	653
409	653
409	652
411	652
411	651
416	651
416	650
422	650
422	649
424	649
424	648
425	648
425	647
426	647
426	646
427	646
427	645
435	645
435	644
436	644
436	643
437	643
437	641
438	641
438	639
443	639
443	638
444	638
444	637
446	637
446	636
448	636
448	634
449	634
449	633
453	633
453	632
456	632
456	631
459	631
459	630
460	630
460	629
462	629
462	627
464	627
464	626
472	626
472	625
473	625
473	624
481	624
481	623
483	623
483	622
488	622
488	621
493	621
493	620
495	620
495	619
502	619
502	605
500	605
500	604
499	604
499	603
498	603
498	601
497	601
497	600
496	600
496	597
495	597
495	596
494	596
494	595
493	595
493	594
492	594
492	593
491	593
491	591
490	591
490	590
488	590
488	589
487	589
487	588
486	588
486	587
485	587
485	586
484	586
484	585
483	585
483	584
480	584
480	583
477	583
477	581
478	581
478	579
480	579
480	578
481	578
481	577
484	577
484	576
485	576
485	575
486	575
486	574
489	574
489	571
495	571
495	570
496	570
496	569
502	569
502	567
504	567
504	566
509	566
509	565
513	565
513	564
518	564
518	563
520	563
520	562
524	562
524	561
527	561
527	560
530	560
530	559
535	559
535	558
538	558
538	556
539	556
539	555
540	555
540	556
541	556
541	555
543	555
543	556
545	556
545	555
547	555
547	554
550	554
550	555
551	555
551	553
557	553
557	552
558	552
558	551
565	551
565	550
570	550
570	549
572	549
572	548
576	548
576	547
582	547
582	546
596	546
596	545
605	545
605	544
606	544
606	543
607	543
607	544
620	544
620	543
621	543
621	540
620	540
620	536
621	536
621	535
620	535
620	533
619	533
619	531
618	531
618	530
617	530
617	529
616	529
616	528
615	528
615	527
614	527
614	525
615	525
615	523
617	523
617	522
622	522
622	521
624	521
624	519
625	519
625	518
627	518
627	519
629	519
629	518
631	518
631	517
632	517
632	516
642	516
642	515
643	515
643	514
661	514
661	513
663	513
663	512
664	512
664	513
675	513
675	512
680	512
680	511
688	511
688	510
689	510
689	509
690	509
690	508
691	508
691	506
701	506
701	505
702	505
702	503
707	503
707	502
709	502
709	500
710	500
710	499
720	499
720	498
721	498
721	495
728	495
728	492
731	492
731	491
735	491
735	490
736	490
736	487
744	487
744	486
746	486
746	484
752	484
752	482
753	482
753	481
754	481
754	480
759	480
759	479
761	479
761	475
768	475
768	474
769	474
769	473
771	473
771	471
772	471
772	470
775	470
775	469
778	469
778	468
783	468
783	467
785	467
785	463
790	463
790	462
792	462
792	461
795	461
795	459
796	459
796	458
801	458
801	455
803	455
803	454
808	454
808	453
810	453
810	452
811	452
811	451
812	451
812	452
813	452
813	451
815	451
815	449
816	449
816	447
820	447
820	446
822	446
822	445
823	445
823	444
824	444
824	443
825	443
825	442
826	442
826	441
830	441
830	436
838	436
838	435
839	435
839	434
840	434
840	430
839	430
839	429
840	429
840	428
839	428
839	427
840	427
840	426
839	426
839	425
824	425
824	427
818	427
818	428
817	428
817	429
816	429
816	430
811	430
811	431
806	431
806	432
805	432
805	433
800	433
800	434
798	434
798	435
795	435
795	436
791	436
791	437
788	437
788	438
785	438
785	439
782	439
782	440
779	440
779	441
778	441
778	442
777	442
777	441
776	441
776	442
774	442
774	443
769	443
769	444
768	444
768	445
764	445
764	446
758	446
758	447
756	447
756	448
745	448
745	449
742	449
742	450
741	450
741	449
740	449
740	450
737	450
737	451
732	451
732	452
720	452
720	454
712	454
712	455
705	455
705	456
701	456
701	457
696	457
696	458
694	458
694	459
691	459
691	460
689	460
689	461
688	461
688	460
687	460
687	461
684	461
684	462
675	462
675	463
671	463
671	462
670	462
670	458
671	458
671	457
670	457
670	455
671	455
671	454
670	454
670	450
669	450
669	449
653	449
653	450
649	450
649	451
644	451
644	452
628	452
628	451
624	451
624	450
613	450
613	449
602	449
602	448
599	448
599	447
591	447
591	446
581	446
581	445
567	445
567	444
565	444
565	428
564	428
564	427
563	427
563	426
562	426
562	425
550	425
550	426
549	426
549	427
540	427
540	426
538	426
538	425
527	425
527	424
523	424
523	423
519	423
519	422
517	422
517	421
514	421
514	420
513	420
513	419
508	419
508	418
503	418
503	416
501	416
501	415
498	415
498	414
496	414
496	413
488	413
488	409
483	409
483	408
480	408
480	407
479	407
479	406
478	406
478	405
474	405
474	404
471	404
471	403
468	403
468	402
466	402
466	399
467	399
467	390
466	390
466	389
464	389
464	388
462	388
462	387
459	387
459	386
453	386
453	385
452	385
452	384
449	384
449	383
446	383
446	382
443	382
443	381
441	381
441	379
440	379
440	378
435	378
435	377
434	377
434	376
431	376
431	375
430	375
430	374
429	374
429	372
428	372
428	371
424	371
424	370
422	370
422	369
420	369
420	368
419	368
419	367
418	367
418	366
416	366
416	365
415	365
415	364
411	364
411	363
410	363
410	360
404	360
404	359
403	359
403	358
400	358
400	357
398	357
398	354
394	354
394	353
390	353
390	352
389	352
389	351
388	351
388	350
387	350
387	349
386	349
386	347
383	347
383	346
382	346
382	345
381	345
381	344
380	344
380	342
377	342
377	341
375	341
375	340
374	340
374	339
373	339
373	338
371	338
371	337
370	337
370	336
368	336
368	335
367	335
367	334
366	334
366	333
365	333
365	332
364	332
364	331
362	331
362	329
360	329
360	328
359	328
359	326
357	326
357	325
356	325
356	324
355	324
355	321
353	321
353	320
352	320
352	319
350	319
350	317
349	317
349	316
348	316
348	314
347	314
347	311
346	311
346	310
345	310
345	307
351	307
351	306
352	306
352	307
387	307
387	308
401	308
401	309
411	309
411	308
416	308
416	307
423	307
423	306
430	306
430	305
439	305
439	304
440	304
440	303
441	303
441	304
457	304
457	303
474	303
474	302
478	302
478	301
488	301
488	300
490	300
490	298
505	298
505	297
510	297
510	298
511	298
511	299
526	299
526	298
528	298
528	296
529	296
529	294
530	294
530	285
533	285
533	287
535	287
535	288
537	288
537	289
562	289
562	290
577	290
577	289
584	289
584	286
593	286
593	285
607	285
607	284
609	284
609	285
610	285
610	284
613	284
613	282
616	282
616	283
627	283
627	282
629	282
629	283
641	283
641	282
650	282
650	283
658	283
658	284
663	284
663	285
664	285
664	286
668	286
668	285
669	285
669	286
671	286
671	287
672	287
672	286
677	286
677	287
678	287
678	286
681	286
681	283
682	283
682	282
683	282
683	280
684	280
684	279
683	279
683	277
684	277
684	276
685	276
685	271
686	271
686	260
687	260
687	261
689	261
689	263
690	263
690	264
691	264
691	265
704	265
704	266
706	266
706	267
707	267
707	266
709	266
709	267
710	267
710	268
718	268
718	269
721	269
721	270
740	270
740	269
744	269
744	267
773	267
773	266
775	266
775	267
776	267
776	266
777	266
777	267
790	267
790	266
829	266
829	268
831	268
831	269
832	269
832	268
841	268
841	269
842	269
842	268
844	268
844	267
845	267
845	268
847	268
847	270
857	270
857	272
859	272
859	273
867	273
867	272
869	272
869	273
876	273
876	274
878	274
878	275
880	275
880	274
881	274
881	275
885	275
885	276
888	276
888	278
891	278
891	279
903	279
903	281
904	281
904	282
907	282
907	284
914	284
914	285
915	285
915	286
921	286
921	287
922	287
922	288
925	288
925	289
928	289
928	290
931	290
931	291
936	291
936	292
940	292
940	294
941	294
941	295
943	295
943	296
944	296
944	297
945	297
945	298
946	298
946	299
952	299
952	304
958	304
958	310
964	310
964	312
965	312
965	313
967	313
967	319
969	319
969	320
970	320
970	321
972	321
972	322
975	322
975	325
976	325
976	326
977	326
977	327
978	327
978	328
977	328
977	329
978	329
978	330
979	330
979	332
980	332
980	333
981	333
981	334
982	334
982	335
983	335
983	334
997	334
997	333
998	333
998	334
999	334
999	333
1011	333
1011	332
1018	332
1018	331
1022	331
1022	329
1024	329
1024	325
1027	325
1027	320
1028	320
1028	318
1029	318
1029	316
1030	316
1030	315
1029	315
1029	314
1030	314
1030	313
1031	313
1031	307
1033	307
1033	306
1034	306
1034	305
1035	305
1035	304
1036	304
1036	301
1038	301
1038	300
1039	300
1039	298
1040	298
1040	296
1041	296
1041	295
1042	295
1042	294
1043	294
1043	293
1045	293
1045	292
1046	292
1046	290
1047	290
1047	288
1048	288
1048	287
1049	287
1049	286
1050	286
1050	285
1051	285
1051	284
1052	284
1052	283
1053	283
1053	282
1054	282
1054	281
1055	281
1055	280
1056	280
1056	279
1057	279
1057	276
1058	276
1058	275
1059	275
1059	274
1061	274
1061	275
1062	275
1062	274
1064	274
1064	273
1066	273
1066	272
1070	272
1070	271
1071	271
1071	269
1072	269
1072	267
1073	267
1073	266
1075	266
1075	265
1082	265
1082	263
1083	263
1083	262
1087	262
1087	261
1088	261
1088	260
1089	260
1089	259
1090	259
1090	258
1098	258
1098	255
1101	255
1101	254
1102	254
1102	253
1104	253
1104	252
1107	252
1107	251
1108	251
1108	250
1109	250
1109	248
1113	248
1113	247
1114	247
1114	246
1124	246
1124	245
1125	245
1125	240
1126	240
1126	239
1131	239
1131	237
1135	237
1135	236
1136	236
1136	235
1140	235
1140	234
1141	234
1141	233
1144	233
1144	232
1149	232
1149	230
1152	230
1152	229
1155	229
1155	228
1156	228
1156	227
1160	227
1160	226
1162	226
1162	225
1163	225
1163	224
1166	224
1166	223
1168	223
1168	222
1169	222
1169	221
1173	221
1173	220
1174	220
1174	219
1176	219
1176	218
1180	218
1180	217
1186	217
1186	216
1187	216
1187	215
1192	215
1192	214
1194	214
1194	213
1199	213
1199	212
1200	212
1200	211
1210	211
1210	210
1211	210
1211	209
1220	209
1220	207
1221	207
1221	206
1227	206
1227	205
1228	205
1228	204
1233	204
1233	203
1235	203
1235	201
1236	201
1236	198
1242	198
1242	197
1243	197
1243	195
1247	195
1247	194
1248	194
1248	192
1249	192
1249	191
1252	191
1252	190
1253	190
1253	189
1258	189
1258	187
1262	187
1262	186
1263	186
1263	184
1269	184
1269	183
1271	183
1271	182
1279	182
1279	179
1280	179
1280	178
1288	178
1288	179
1289	179
1289	178
1290	178
1290	176
1291	176
1291	175
1292	175
1292	176
1296	176
1296	175
1297	175
1297	173
1300	173
1300	175
1299	175
1299	178
1298	178
1298	199
1299	199
1299	200
1298	200
1298	203
1299	203
1299	204
1311	204
1311	203
1310	203
1310	201
1311	201
1311	198
1314	198
1314	197
1317	197
1317	196
1318	196
1318	195
1319	195
1319	193
1320	193
1320	192
1326	192
1326	191
1327	191
1327	190
1330	190
1330	189
1331	189
1331	187
1332	187
1332	186
1333	186
1333	185
1338	185
1338	184
1341	184
1341	183
1342	183
1342	181
1345	181
1345	180
1347	180
1347	179
1350	179
1350	180
1351	180
1351	179
1354	179
1354	178
1357	178
1357	176
1363	176
1363	175
1364	175
1364	174
1365	174
1365	173
1371	173
1371	172
1375	172
1375	171
1382	171
1382	170
1384	170
1384	169
1387	169
1387	170
1389	170
1389	169
1391	169
1391	168
1396	168
1396	167
1397	167
1397	166
1399	166
1399	165
1403	165
1403	164
1406	164
1406	163
1408	163
1408	161
1410	161
1410	160
1412	160
1412	159
1415	159
1415	158
1417	158
1417	157
1419	157
1419	156
1420	156
1420	155
1424	155
1424	154
1427	154
1427	153
1429	153
1429	152
1431	152
1431	151
1434	151
1434	150
1435	150
1435	149
1436	149
1436	150
1437	150
1437	148
1439	148
1439	162
1440	162
1440	169
1441	169
1441	170
1440	170
1440	171
1441	171
1441	173
1442	173
1442	174
1443	174
1443	175
1454	175
1454	174
1456	174
1456	172
1459	172
1459	171
1460	171
1460	168
1467	168
1467	167
1468	167
1468	166
1469	166
1469	164
1480	164
1480	163
1479	163
1479	162
1480	162
1480	161
1488	161
1488	160
1497	160
1497	159
1500	159
1500	158
1509	158
1509	157
1510	157
1510	156
1511	156
1511	155
1516	155
1516	154
1523	154
1523	153
1527	153
1527	152
1538	152
1538	151
1542	151
1542	150
1543	150
1543	151
1544	151
1544	149
1554	149
1554	148
1558	148
1558	147
1559	147
1559	146
1563	146
1563	145
1568	145
1568	144
1570	144
1570	143
1571	143
1571	144
1572	144
1572	146
1571	146
1571	158
1572	158
1572	161
1573	161
1573	162
1583	162
1583	161
1586	161
1586	160
1589	160
1589	159
1593	159
1593	157
1595	157
1595	156
1597	156
1597	157
1599	157
1599	156
1603	156
1603	155
1604	155
1604	154
1613	154
1613	153
1614	153
1614	152
1623	152
1623	151
1624	151
1624	150
1632	150
1632	149
1635	149
1635	148
1638	148
1638	147
1639	147
1639	146
1641	146
1641	145
1643	145
1643	144
1650	144
1650	143
1652	143
1652	142
1656	142
1656	141
1660	141
1660	139
1663	139
1663	138
1664	138
1664	137
1669	137
1669	136
1673	136
1673	135
1675	135
1675	134
1677	134
1677	133
1679	133
1679	132
1682	132
1682	131
1684	131
1684	130
1687	130
1687	129
1688	129
1688	128
1690	128
1690	127
1691	127
1691	126
1695	126
1695	125
1696	125
1696	124
1699	124
1699	123
1700	123
1700	122
1702	122
1702	120
1706	120
1706	119
1710	119
1710	118
1712	118
1712	117
1713	117
1713	116
1714	116
1714	115
1715	115
1715	114
1716	114
1716	113
1721	113
1721	112
1722	112
1722	111
1724	111
1724	110
1726	110
1726	109
1727	109
1727	108
1728	108
1728	107
1729	107
1729	106
1731	106
1731	111
1732	111
1732	121
1731	121
1731	128
1730	128
1730	130
1729	130
1729	132
1728	132
1728	134
1727	134
1727	135
1726	135
1726	137
1725	137
1725	140
1724	140
1724	141
1723	141
1723	142
1722	142
1722	143
1721	143
1721	146
1720	146
1720	147
1719	147
1719	149
1718	149
1718	151
1717	151
1717	152
1716	152
1716	153
1715	153
1715	156
1714	156
1714	158
1713	158
1713	159
1712	159
1712	162
1711	162
1711	163
1710	163
1710	164
1709	164
1709	167
1708	167
1708	169
1707	169
1707	171
1705	171
1705	174
1704	174
1704	175
1703	175
1703	177
1701	177
1701	179
1699	179
1699	181
1698	181
1698	182
1697	182
1697	184
1696	184
1696	185
1695	185
1695	186
1694	186
1694	187
1692	187
1692	189
1691	189
1691	190
1690	190
1690	192
1689	192
1689	193
1688	193
1688	194
1687	194
1687	195
1684	195
1684	196
1683	196
1683	200
1682	200
1682	201
1679	201
1679	204
1678	204
1678	205
1677	205
1677	206
1676	206
1676	211
1673	211
1673	212
1672	212
1672	213
1670	213
1670	214
1669	214
1669	216
1668	216
1668	217
1667	217
1667	219
1666	219
1666	220
1665	220
1665	221
1664	221
1664	224
1663	224
1663	225
1661	225
1661	226
1660	226
1660	227
1658	227
1658	228
1657	228
1657	229
1656	229
1656	230
1654	230
1654	232
1652	232
1652	234
1651	234
1651	235
1650	235
1650	236
1648	236
1648	239
1647	239
1647	240
1645	240
1645	241
1644	241
1644	244
1643	244
1643	245
1642	245
1642	246
1641	246
1641	248
1639	248
1639	249
1638	249
1638	250
1637	250
1637	251
1636	251
1636	252
1635	252
1635	253
1634	253
1634	254
1633	254
1633	255
1632	255
1632	256
1630	256
1630	258
1629	258
1629	259
1627	259
1627	261
1626	261
1626	262
1624	262
1624	263
1623	263
1623	264
1622	264
1622	265
1621	265
1621	266
1620	266
1620	267
1618	267
1618	269
1616	269
1616	270
1615	270
1615	271
1614	271
1614	272
1612	272
1612	273
1611	273
1611	274
1610	274
1610	279
1609	279
1609	280
1610	280
1610	285
1611	285
1611	289
1612	289
1612	291
1613	291
1613	292
1614	292
1614	293
1615	293
1615	295
1617	295
1617	296
1618	296
1618	299
1617	299
1617	300
1616	300
1616	301
1613	301
1613	302
1611	302
1611	303
1608	303
1608	304
1606	304
1606	305
1602	305
1602	307
1600	307
1600	308
1598	308
1598	309
1594	309
1594	310
1593	310
1593	312
1592	312
1592	313
1589	313
1589	314
1587	314
1587	317
1581	317
1581	318
1580	318
1580	319
1578	319
1578	320
1576	320
1576	321
1574	321
1574	322
1572	322
1572	323
1569	323
1569	325
1568	325
1568	326
1565	326
1565	327
1564	327
1564	328
1562	328
1562	329
1560	329
1560	330
1557	330
1557	331
1556	331
1556	332
1554	332
1554	333
1551	333
1551	334
1550	334
1550	335
1548	335
1548	336
1545	336
1545	337
1544	337
1544	338
1542	338
1542	339
1539	339
1539	340
1536	340
1536	341
1532	341
1532	342
1527	342
1527	343
1526	343
1526	344
1521	344
1521	345
1520	345
1520	344
1519	344
1519	345
1514	345
1514	346
1506	346
1506	347
1502	347
1502	346
1501	346
1501	347
1500	347
1500	348
1499	348
1499	359
1500	359
1500	365
1501	365
1501	369
1502	369
1502	375
1503	375
1503	376
1506	376
1506	378
1505	378
1505	379
1504	379
1504	381
1501	381
1501	382
1496	382
1496	383
1491	383
1491	384
1478	384
1478	385
1477	385
1477	386
1473	386
1473	387
1469	387
1469	388
1465	388
1465	389
1458	389
1458	390
1453	390
1453	391
1447	391
1447	392
1446	392
1446	393
1441	393
1441	394
1430	394
1430	395
1428	395
1428	396
1424	396
1424	397
1422	397
1422	399
1421	399
1421	400
1414	400
1414	399
1389	399
1389	398
1388	398
1388	397
1386	397
1386	396
1373	396
1373	397
1372	397
1372	416
1373	416
1373	419
1371	419
1371	420
1351	420
1351	419
1345	419
1345	418
1338	418
1338	417
1336	417
1336	416
1325	416
1325	417
1299	417
1299	418
1296	418
1296	417
1285	417
1285	418
1269	418
1269	419
1263	419
1263	418
1247	418
1247	417
1246	417
1246	416
1242	416
1242	415
1235	415
1235	413
1224	413
1224	412
1214	412
1214	411
1210	411
1210	410
1208	410
1208	411
1207	411
1207	410
1205	410
1205	409
1199	409
1199	408
1197	408
1197	407
1192	407
1192	406
1189	406
1189	405
1186	405
1186	403
1184	403
1184	402
1176	402
1176	401
1170	401
1170	400
1168	400
1168	399
1164	399
1164	398
1161	398
1161	397
1152	397
1152	396
1151	396
1151	395
1150	395
1150	394
1149	394
1149	395
1147	395
1147	394
1145	394
1145	395
1143	395
1143	394
1141	394
1141	393
1133	393
1133	392
1132	392
1132	391
1127	391
1127	390
1119	390
1119	389
1118	389
1118	388
1105	388
1105	398
1112	398
1112	399
1113	399
1113	400
1115	400
1115	401
1116	401
1116	402
1122	402
1122	403
1123	403
1123	404
1124	404
1124	405
1126	405
1126	406
1129	406
1129	408
1130	408
1130	409
1133	409
1133	410
1134	410
1134	411
1136	411
1136	412
1137	412
1137	411
1138	411
1138	412
1141	412
1141	414
1142	414
1142	416
1144	416
1144	417
1145	417
1145	416
1147	416
1147	417
1148	417
1148	419
1151	419
1151	420
1156	420
1156	421
1158	421
1158	422
1161	422
1161	423
1163	423
1163	426
1170	426
1170	427
1171	427
1171	428
1172	428
1172	429
1176	429
1176	430
1178	430
1178	432
1185	432
1185	434
1190	434
1190	435
1192	435
1192	436
1202	436
1202	441
1224	441
1224	445
1225	445
1225	446
1233	446
1233	447
1240	447
1240	448
1242	448
1242	447
1245	447
1245	448
1246	448
1246	449
1257	449
1257	451
1258	451
1258	453
1264	453
1264	454
1266	454
1266	455
1273	455
1273	456
1277	456
1277	457
1282	457
1282	460
1283	460
1283	461
1286	461
1286	464
1287	464
1287	463
1294	463
1294	468
1303	468
1303	472
1306	472
1306	474
1307	474
1307	475
1318	475
1318	478
1319	478
1319	479
1323	479
1323	480
1330	480
1330	481
1331	481
1331	482
1330	482
1330	483
1331	483
1331	484
1336	484
1336	485
1339	485
1339	487
1346	487
1346	490
1352	490
1352	491
1359	491
1359	490
1361	490
1361	493
1362	493
1362	494
1363	494
1363	495
1374	495
1374	499
1385	499
1385	496
1386	496
1386	498
1395	498
1395	497
1407	497
1407	496
1417	496
1417	497
1425	497
1425	499
1429	499
1429	498
1430	498
1430	499
1435	499
1435	500
1440	500
1440	501
1441	501
1441	502
1445	502
1445	503
1446	503
1446	504
1447	504
1447	507
1445	507
1445	508
1444	508
1444	509
1443	509
1443	510
1441	510
1441	511
1440	511
1440	513
1439	513
1439	514
1438	514
1438	515
1437	515
1437	516
1436	516
1436	517
1435	517
1435	518
1434	518
1434	521
1433	521
1433	523
1432	523
1432	524
1431	524
1431	525
1429	525
1429	536
1440	536
1440	537
1447	537
1447	538
1454	538
1454	539
1456	539
1456	540
1460	540
1460	541
1466	541
1466	542
1476	542
1476	544
1477	544
1477	545
1479	545
1479	546
1480	546
1480	547
1481	547
1481	546
1482	546
1482	547
1485	547
1485	548
1487	548
1487	549
1490	549
1490	550
1495	550
1495	551
1497	551
1497	553
1498	553
1498	554
1500	554
1500	555
1502	555
1502	557
1505	557
1505	558
1508	558
1508	559
1507	559
1507	560
1510	560
1510	561
1514	561
1514	563
1515	563
1515	564
1516	564
1516	565
1518	565
1518	566
1519	566
1519	567
1526	567
1526	569
1527	569
1527	570
1530	570
1530	571
1534	571
1534	572
1537	572
1537	574
1542	574
1542	575
1545	575
1545	576
1547	576
1547	577
1550	577
1550	578
1553	578
1553	579
1557	579
1557	581
1558	581
1558	582
1564	582
1564	583
1568	583
1568	584
1569	584
1569	585
1575	585
1575	588
1578	588
1578	589
1581	589
1581	590
1584	590
1584	594
1587	594
1587	595
1588	595
1588	596
1591	596
1591	597
1592	597
1592	596
1595	596
1595	597
1596	597
1596	599
1597	599
1597	600
1596	600
1596	601
1593	601
1593	602
1592	602
1592	603
1591	603
1591	604
1588	604
1588	606
1586	606
1586	608
1585	608
1585	609
1584	609
1584	610
1583	610
1583	611
1581	611
1581	613
1580	613
1580	614
1579	614
1579	615
1578	615
1578	616
1577	616
1577	617
1576	617
1576	618
1575	618
1575	619
1574	619
1574	620
1573	620
1573	621
1572	621
1572	622
1571	622
1571	623
1569	623
1569	626
1568	626
1568	628
1566	628
1566	630
1565	630
1565	631
1564	631
1564	632
1563	632
1563	642
1564	642
1564	643
1565	643
1565	644
1566	644
1566	645
1568	645
1568	647
1569	647
1569	648
1570	648
1570	649
1572	649
1572	650
1573	650
1573	651
1574	651
1574	652
1577	652
1577	653
1579	653
1579	654
1581	654
1581	655
1584	655
1584	656
1585	656
1585	657
1586	657
1586	658
1587	658
1587	661
1590	661
1590	662
1591	662
1591	663
1592	663
1592	664
1595	664
1595	665
1596	665
1596	666
1597	666
1597	667
1599	667
1599	668
1602	668
1602	669
1604	669
1604	671
1605	671
1605	672
1606	672
1606	673
1607	673
1607	674
1608	674
1608	675
1609	675
1609	676
1611	676
1611	677
1613	677
1613	678
1614	678
1614	679
1616	679
1616	680
1617	680
1617	681
1618	681
1618	682
1619	682
1619	683
1620	683
1620	686
1621	686
1621	688
1622	688
1622	689
1624	689
1624	691
1625	691
1625	692
1626	692
1626	693
1628	693
1628	694
1629	694
1629	695
1630	695
1630	697
1631	697
1631	698
1634	698
1634	700
1636	700
1636	703
1638	703
1638	704
1640	704
1640	706
1641	706
1641	707
1642	707
1642	709
1644	709
1644	710
1645	710
1645	711
1646	711
1646	713
1647	713
1647	714
1648	714
1648	716
1649	716
1649	719
1650	719
1650	718
1651	718
1651	719
1652	719
1652	720
1654	720
1654	722
1655	722
1655	723
1657	723
1657	724
1659	724
1659	725
1660	725
1660	726
1661	726
1661	728
1665	728
1665	729
1666	729
1666	730
1667	730
1667	731
1669	731
1669	732
1670	732
1670	733
1671	733
1671	734
1672	734
1672	735
1673	735
1673	737
1674	737
1674	738
1675	738
1675	740
1677	740
1677	741
1678	741
