1525	677
1524	677
1524	685
1525	685
1525	686
1526	686
1526	687
1529	687
1529	689
1533	689
1533	691
1534	691
1534	692
1537	692
1537	693
1538	693
1538	695
1541	695
1541	696
1544	696
1544	697
1545	697
1545	699
1548	699
1548	700
1549	700
1549	701
1552	701
1552	702
1553	702
1553	703
1554	703
1554	704
1556	704
1556	705
1559	705
1559	708
1561	708
1561	709
1564	709
1564	710
1565	710
1565	711
1567	711
1567	714
1570	714
1570	715
1571	715
1571	717
1574	717
1574	718
1575	718
1575	719
1576	719
1576	720
1578	720
1578	721
1580	721
1580	722
1581	722
1581	723
1582	723
1582	724
1584	724
1584	725
1585	725
1585	726
1587	726
1587	727
1588	727
1588	729
1592	729
1592	731
1596	731
1596	733
1597	733
1597	734
1600	734
1600	735
1601	735
1601	736
1604	736
1604	738
1607	738
1607	739
1610	739
1610	740
1611	740
1611	742
1612	742
1612	741
1613	741
1613	742
1616	742
1616	743
1617	743
1617	745
1619	745
1619	746
1622	746
1622	747
1623	747
1623	748
1624	748
1624	749
1626	749
1626	751
1627	751
1627	753
1628	753
1628	757
1624	757
1624	758
1621	758
1621	759
1620	759
1620	760
1617	760
1617	762
1616	762
1616	763
1613	763
1613	764
1612	764
1612	765
1610	765
1610	766
1609	766
1609	767
1608	767
1608	769
1607	769
1607	775
1608	775
1608	776
1610	776
1610	777
1611	777
1611	778
1613	778
1613	780
1616	780
1616	781
1617	781
1617	782
1618	782
1618	783
1621	783
1621	784
1622	784
1622	785
1624	785
1624	786
1625	786
1625	787
1626	787
1626	788
1629	788
1629	791
1633	791
1633	794
1638	794
1638	796
1640	796
1640	797
1641	797
1641	798
1642	798
1642	799
1643	799
1643	800
1645	800
1645	801
1646	801
1646	803
1647	803
1647	804
1650	804
1650	805
1652	805
1652	806
1653	806
1653	808
1654	808
1654	809
1655	809
1655	810
1657	810
1657	811
1658	811
1658	812
1659	812
1659	813
1660	813
1660	814
1661	814
1661	813
1662	813
1662	814
1663	814
1663	816
1666	816
1666	817
1667	817
1667	818
1669	818
1669	819
1670	819
1670	820
1674	820
1674	822
1676	822
1676	823
1677	823
1677	824
1678	824
1678	825
1679	825
1679	826
1680	826
1680	827
1682	827
1682	829
1683	829
1683	830
1684	830
1684	832
1685	832
1685	833
1686	833
1686	834
1687	834
1687	838
1686	838
1686	839
1680	839
1680	840
1678	840
1678	841
1677	841
1677	842
1675	842
1675	843
1671	843
1671	845
1670	845
1670	846
1669	846
1669	854
1672	854
1672	855
1674	855
1674	856
1675	856
1675	857
1676	857
1676	858
1679	858
1679	859
1680	859
1680	860
1683	860
1683	861
1684	861
1684	862
1687	862
1687	863
1690	863
1690	864
1691	864
1691	865
1692	865
1692	866
1694	866
1694	867
1696	867
1696	868
1698	868
1698	870
1701	870
1701	872
1702	872
1702	873
1704	873
1704	874
1705	874
1705	875
1707	875
1707	877
1708	877
1708	878
1710	878
1710	879
1711	879
1711	880
1712	880
1712	881
1714	881
1714	882
1715	882
1715	884
1718	884
1718	885
1719	885
1719	886
1720	886
1720	887
1721	887
1721	888
1722	888
1722	889
1723	889
1723	891
1725	891
1725	895
1726	895
1726	897
1727	897
1727	899
1726	899
1726	900
1721	900
1721	901
1717	901
1717	902
1715	902
1715	904
1712	904
1712	905
1709	905
1709	906
1708	906
1708	907
1705	907
1705	908
1704	908
1704	909
1701	909
1701	910
1700	910
1700	911
1699	911
1699	912
1698	912
1698	919
1699	919
1699	920
1700	920
1700	921
1702	921
1702	922
1704	922
1704	923
1707	923
1707	924
1708	924
1708	925
1709	925
1709	926
1711	926
1711	927
1713	927
1713	928
1715	928
1715	929
1717	929
1717	931
1719	931
1719	932
1721	932
1721	933
1722	933
1722	934
1724	934
1724	936
1726	936
1726	937
1727	937
1727	938
1729	938
1729	941
1732	941
1732	943
1734	943
1734	945
1736	945
1736	947
1737	947
1737	948
1738	948
1738	949
1739	949
1739	950
1742	950
1742	951
1743	951
1743	952
1744	952
1744	954
1745	954
1745	955
1747	955
1747	956
1748	956
1748	957
1750	957
1750	958
1751	958
1751	959
1752	959
1752	960
1753	960
1753	961
1754	961
1754	962
1755	962
1755	963
1756	963
1756	964
1758	964
1758	965
1759	965
1759	966
1762	966
1762	967
1763	967
1763	968
1764	968
1764	969
1765	969
1765	970
1767	970
1767	971
1768	971
1768	972
1769	972
1769	973
1770	973
1770	974
1772	974
1772	975
1773	975
1773	976
1774	976
1774	978
1775	978
1775	979
1776	979
1776	980
1777	980
1777	983
1778	983
1778	986
1779	986
1779	991
1777	991
1777	992
1774	992
1774	993
1771	993
1771	995
1767	995
1767	996
1763	996
1763	997
1762	997
1762	998
1758	998
1758	999
1757	999
1757	1000
1754	1000
1754	1001
1752	1001
1752	1002
1750	1002
1750	1003
1747	1003
1747	1004
1746	1004
1746	1005
1745	1005
1745	1006
1744	1006
1744	1007
1742	1007
1742	1008
1741	1008
1741	1010
1740	1010
1740	1011
1741	1011
1741	1013
1740	1013
1740	1014
1741	1014
1741	1017
1742	1017
1742	1018
1743	1018
1743	1019
1745	1019
1745	1021
1746	1021
1746	1020
1747	1020
1747	1022
1749	1022
1749	1023
1750	1023
1750	1024
1752	1024
1752	1025
1754	1025
1754	1028
1757	1028
1757	1029
1758	1029
1758	1030
1759	1030
1759	1031
1761	1031
1761	1032
1762	1032
1762	1033
1763	1033
1763	1034
1764	1034
1764	1035
1765	1035
1765	1037
1767	1037
1767	1038
1768	1038
1768	1039
1769	1039
1769	1040
1770	1040
1770	1041
1775	1041
1775	1048
1776	1048
1776	1049
1781	1049
1781	1054
1782	1054
1782	1056
1783	1056
1783	1060
1784	1060
1784	1062
1786	1062
1786	1063
1787	1063
1787	1065
1788	1065
1788	1066
1789	1066
1789	1067
1791	1067
1791	1068
1792	1068
1792	1071
1793	1071
1793	1072
1794	1072
1794	1073
1795	1073
1795	1074
1796	1074
1796	1075
1797	1075
1797	1077
1798	1077
1798	1079
1799	1079
1799	1080
1800	1080
1800	1082
1801	1082
1801	1083
1802	1083
1802	1084
1803	1084
1803	1085
1804	1085
1804	1086
1805	1086
1805	1087
1806	1087
1806	1088
1807	1088
1807	1091
1812	1091
1812	1098
1813	1098
1813	1099
1814	1099
1814	1100
1815	1100
1815	1101
1816	1101
1816	1102
1817	1102
1817	1103
1818	1103
1818	1104
1819	1104
1819	1106
1820	1106
1820	1107
1821	1107
1821	1108
1823	1108
1823	1110
1825	1110
1825	1111
1826	1111
1826	1112
1827	1112
1827	1113
1828	1113
1828	1114
1827	1114
1827	1115
1829	1115
1829	1116
1831	1116
1831	1117
1833	1117
1833	1120
1835	1120
1835	1126
1836	1126
1836	1131
1837	1131
1837	1132
1836	1132
1836	1133
1832	1133
1832	1134
1829	1134
1829	1135
1825	1135
1825	1136
1817	1136
1817	1137
1813	1137
1813	1138
1812	1138
1812	1139
1808	1139
1808	1140
1804	1140
1804	1143
1798	1143
1798	1154
1799	1154
1799	1155
1800	1155
1800	1157
1802	1157
1802	1159
1804	1159
1804	1161
1805	1161
1805	1162
1807	1162
1807	1161
1808	1161
1808	1165
1809	1165
1809	1166
1810	1166
1810	1167
1811	1167
1811	1168
1813	1168
1813	1170
1814	1170
1814	1171
1815	1171
1815	1172
1816	1172
1816	1173
1817	1173
1817	1175
1818	1175
1818	1176
1819	1176
1819	1178
1820	1178
1820	1179
1821	1179
1821	1182
1822	1182
1822	1183
1824	1183
1824	1186
1825	1186
1825	1187
1829	1187
1829	1189
1828	1189
1828	1190
1829	1190
1829	1191
1828	1191
1828	1192
1829	1192
1829	1195
1832	1195
1832	1201
1833	1201
1833	1203
1834	1203
1834	1204
1835	1204
1835	1206
1836	1206
1836	1210
1837	1210
1837	1213
1838	1213
1838	1215
1839	1215
1839	1216
1840	1216
1840	1219
1841	1219
1841	1220
1842	1220
1842	1222
1846	1222
1846	1232
1848	1232
1848	1233
1849	1233
1849	1234
1850	1234
1850	1237
1852	1237
1852	1239
1853	1239
1853	1240
1854	1240
1854	1241
1855	1241
1855	1242
1856	1242
1856	1243
1857	1243
1857	1244
1858	1244
1858	1248
1859	1248
1859	1250
1860	1250
1860	1251
1861	1251
1861	1252
1862	1252
1862	1254
1863	1254
1863	1255
1862	1255
1862	1256
1863	1256
1863	1265
1862	1265
1862	1266
1852	1266
1852	1267
1845	1267
1845	1268
1838	1268
1838	1270
1836	1270
1836	1278
1837	1278
1837	1279
1838	1279
1838	1281
1839	1281
1839	1282
1841	1282
1841	1284
1842	1284
1842	1286
1843	1286
1843	1287
1844	1287
1844	1286
1845	1286
1845	1287
1846	1287
1846	1291
1847	1291
1847	1293
1848	1293
1848	1294
1850	1294
1850	1298
1851	1298
1851	1299
1853	1299
1853	1301
1854	1301
1854	1302
1855	1302
1855	1304
1857	1304
1857	1305
1858	1305
1858	1306
1859	1306
1859	1308
1860	1308
1860	1310
1861	1310
1861	1311
1862	1311
1862	1312
1863	1312
1863	1314
1864	1314
1864	1315
1865	1315
1865	1317
1866	1317
1866	1318
1867	1318
1867	1320
1868	1320
1868	1321
1869	1321
1869	1323
1870	1323
1870	1326
1871	1326
1871	1328
1872	1328
1872	1330
1873	1330
1873	1335
1872	1335
1872	1338
1869	1338
1869	1339
1864	1339
1864	1340
1858	1340
1858	1341
1854	1341
1854	1342
1851	1342
1851	1343
1850	1343
1850	1348
1849	1348
1849	1349
1850	1349
1850	1353
1852	1353
1852	1354
1853	1354
1853	1355
1854	1355
1854	1358
1855	1358
1855	1359
1856	1359
1856	1361
1857	1361
1857	1363
1858	1363
1858	1365
1859	1365
1859	1366
1860	1366
1860	1368
1861	1368
1861	1370
1862	1370
1862	1373
1863	1373
1863	1375
1864	1375
1864	1378
1865	1378
1865	1380
1866	1380
1866	1384
1867	1384
1867	1386
1868	1386
1868	1391
1869	1391
1869	1395
1870	1395
1870	1399
1871	1399
1871	1401
1872	1401
1872	1404
1873	1404
1873	1408
1874	1408
1874	1411
1875	1411
1875	1415
1876	1415
1876	1416
1877	1416
1877	1422
1878	1422
1878	1424
1879	1424
1879	1430
1881	1430
1881	1433
1879	1433
1879	1440
1880	1440
1880	1444
1881	1444
1881	1447
1882	1447
1882	1449
1883	1449
1883	1452
1884	1452
1884	1454
1885	1454
1885	1456
1886	1456
1886	1461
1887	1461
1887	1464
1888	1464
1888	1466
1889	1466
1889	1470
1890	1470
1890	1471
1891	1471
1891	1473
1892	1473
1892	1478
1893	1478
1893	1479
1894	1479
1894	1480
1895	1480
1895	1484
1896	1484
1896	1486
1897	1486
1897	1487
1899	1487
1899	1491
1900	1491
1900	1495
1901	1495
1901	1496
1902	1496
1902	1498
1903	1498
1903	1500
1904	1500
1904	1502
1905	1502
1905	1503
1906	1503
1906	1505
1907	1505
1907	1509
1908	1509
1908	1511
1909	1511
1909	1513
1910	1513
1910	1516
1911	1516
1911	1519
1912	1519
1912	1520
1913	1520
1913	1521
1914	1521
1914	1524
1915	1524
1915	1525
1916	1525
1916	1528
1917	1528
1917	1530
1918	1530
1918	1532
1919	1532
1919	1533
1920	1533
1920	1535
1921	1535
1921	1538
1922	1538
1922	1539
1923	1539
1923	1541
1924	1541
1924	1543
1925	1543
1925	1544
1926	1544
1926	1546
1927	1546
1927	1548
1928	1548
1928	1549
1929	1549
1929	1550
1930	1550
1930	1552
1931	1552
1931	1553
1932	1553
1932	1555
1933	1555
1933	1556
1932	1556
1932	1557
1934	1557
1934	1558
1935	1558
1935	1559
1936	1559
1936	1560
1937	1560
1937	1563
1938	1563
1938	1565
1939	1565
1939	1566
1940	1566
1940	1567
1941	1567
1941	1569
1942	1569
1942	1570
1943	1570
1943	1572
1944	1572
1944	1574
1945	1574
1945	1576
1946	1576
1946	1579
1938	1579
1938	1578
1937	1578
1937	1577
1935	1577
1935	1576
1933	1576
1933	1575
1931	1575
1931	1574
1930	1574
1930	1573
1928	1573
1928	1572
1925	1572
1925	1571
1924	1571
1924	1569
1922	1569
1922	1568
1919	1568
1919	1567
1917	1567
1917	1565
1916	1565
1916	1563
1913	1563
1913	1562
1912	1562
1912	1560
1910	1560
1910	1558
1908	1558
1908	1557
1909	1557
1909	1556
1907	1556
1907	1555
1904	1555
1904	1553
1903	1553
1903	1552
1902	1552
1902	1551
1900	1551
1900	1550
1899	1550
1899	1549
1898	1549
1898	1547
1895	1547
1895	1546
1893	1546
1893	1544
1892	1544
1892	1543
1891	1543
1891	1541
1889	1541
1889	1540
1888	1540
1888	1539
1886	1539
1886	1538
1885	1538
1885	1537
1884	1537
1884	1536
1883	1536
1883	1535
1882	1535
1882	1534
1881	1534
1881	1533
1880	1533
1880	1532
1878	1532
1878	1531
1877	1531
1877	1528
1875	1528
1875	1527
1874	1527
1874	1526
1871	1526
1871	1522
1865	1522
1865	1519
1864	1519
1864	1518
1863	1518
1863	1517
1862	1517
1862	1516
1861	1516
1861	1515
1860	1515
1860	1512
1856	1512
1856	1511
1855	1511
1855	1510
1854	1510
1854	1509
1852	1509
1852	1508
1851	1508
1851	1507
1848	1507
1848	1505
1847	1505
1847	1503
1846	1503
1846	1504
1845	1504
1845	1503
1844	1503
1844	1499
1838	1499
1838	1498
1837	1498
1837	1497
1836	1497
1836	1496
1835	1496
1835	1495
1834	1495
1834	1494
1833	1494
1833	1493
1831	1493
1831	1492
1830	1492
1830	1491
1829	1491
1829	1489
1827	1489
1827	1488
1826	1488
1826	1486
1824	1486
1824	1484
1823	1484
1823	1483
1822	1483
1822	1481
1821	1481
1821	1482
1820	1482
1820	1481
1819	1481
1819	1480
1818	1480
1818	1479
1817	1479
1817	1478
1816	1478
1816	1477
1815	1477
1815	1475
1814	1475
1814	1474
1811	1474
1811	1473
1810	1473
1810	1471
1808	1471
1808	1470
1806	1470
1806	1468
1804	1468
1804	1466
1802	1466
1802	1464
1801	1464
1801	1463
1800	1463
1800	1462
1798	1462
1798	1460
1797	1460
1797	1459
1796	1459
1796	1458
1795	1458
1795	1457
1793	1457
1793	1456
1792	1456
1792	1454
1791	1454
1791	1453
1790	1453
1790	1452
1789	1452
1789	1451
1788	1451
1788	1450
1789	1450
1789	1449
1785	1449
1785	1447
1783	1447
1783	1446
1782	1446
1782	1445
1781	1445
1781	1443
1780	1443
1780	1442
1779	1442
1779	1441
1778	1441
1778	1440
1777	1440
1777	1439
1776	1439
1776	1438
1775	1438
1775	1435
1773	1435
1773	1433
1765	1433
1765	1437
1764	1437
1764	1438
1763	1438
1763	1441
1762	1441
1762	1443
1760	1443
1760	1447
1758	1447
1758	1449
1756	1449
1756	1448
1752	1448
1752	1447
1750	1447
1750	1446
1749	1446
1749	1445
1748	1445
1748	1443
1746	1443
1746	1442
1745	1442
1745	1441
1743	1441
1743	1440
1742	1440
1742	1438
1741	1438
1741	1436
1740	1436
1740	1435
1739	1435
1739	1433
1738	1433
1738	1431
1736	1431
1736	1430
1735	1430
1735	1429
1734	1429
1734	1428
1732	1428
1732	1427
1731	1427
1731	1425
1729	1425
1729	1424
1728	1424
1728	1422
1725	1422
1725	1418
1722	1418
1722	1417
1721	1417
1721	1416
1720	1416
1720	1414
1718	1414
1718	1412
1717	1412
1717	1411
1716	1411
1716	1410
1715	1410
1715	1407
1714	1407
1714	1405
1712	1405
1712	1403
1711	1403
1711	1402
1710	1402
1710	1399
1708	1399
1708	1398
1707	1398
1707	1397
1700	1397
1700	1401
1698	1401
1698	1402
1697	1402
1697	1405
1696	1405
1696	1408
1695	1408
1695	1409
1694	1409
1694	1410
1693	1410
1693	1413
1692	1413
1692	1416
1691	1416
1691	1417
1690	1417
1690	1418
1687	1418
1687	1417
1685	1417
1685	1416
1683	1416
1683	1414
1682	1414
1682	1413
1681	1413
1681	1412
1679	1412
1679	1410
1678	1410
1678	1409
1676	1409
1676	1408
1675	1408
1675	1407
1674	1407
1674	1406
1673	1406
1673	1402
1672	1402
1672	1401
1670	1401
1670	1399
1669	1399
1669	1397
1668	1397
1668	1395
1666	1395
1666	1392
1665	1392
1665	1390
1664	1390
1664	1388
1662	1388
1662	1385
1661	1385
1661	1382
1660	1382
1660	1380
1658	1380
1658	1377
1657	1377
1657	1376
1656	1376
1656	1372
1654	1372
1654	1369
1653	1369
1653	1368
1652	1368
1652	1364
1650	1364
1650	1360
1642	1360
1642	1361
1640	1361
1640	1362
1638	1362
1638	1363
1637	1363
1637	1364
1636	1364
1636	1365
1635	1365
1635	1366
1634	1366
1634	1367
1633	1367
1633	1368
1631	1368
1631	1369
1629	1369
1629	1372
1628	1372
1628	1373
1627	1373
1627	1374
1626	1374
1626	1375
1624	1375
1624	1374
1623	1374
1623	1373
1622	1373
1622	1372
1621	1372
1621	1371
1620	1371
1620	1370
1619	1370
1619	1369
1618	1369
1618	1368
1617	1368
1617	1366
1616	1366
1616	1364
1615	1364
1615	1360
1613	1360
1613	1357
1612	1357
1612	1356
1611	1356
1611	1352
1610	1352
1610	1351
1609	1351
1609	1350
1608	1350
1608	1347
1607	1347
1607	1346
1606	1346
1606	1343
1604	1343
1604	1342
1603	1342
1603	1339
1601	1339
1601	1337
1600	1337
1600	1335
1598	1335
1598	1331
1597	1331
1597	1330
1596	1330
1596	1326
1594	1326
1594	1325
1593	1325
1593	1323
1592	1323
1592	1321
1591	1321
1591	1318
1590	1318
1590	1317
1589	1317
1589	1316
1588	1316
1588	1314
1587	1314
1587	1306
1586	1306
1586	1305
1585	1305
1585	1301
1584	1301
1584	1299
1583	1299
1583	1293
1575	1293
1575	1294
1574	1294
1574	1295
1571	1295
1571	1297
1568	1297
1568	1298
1567	1298
1567	1300
1565	1300
1565	1301
1564	1301
1564	1302
1563	1302
1563	1303
1561	1303
1561	1304
1560	1304
1560	1305
1559	1305
1559	1306
1558	1306
1558	1307
1557	1307
1557	1308
1556	1308
1556	1309
1554	1309
1554	1310
1552	1310
1552	1311
1553	1311
1553	1312
1552	1312
1552	1313
1551	1313
1551	1315
1550	1315
1550	1317
1548	1317
1548	1316
1546	1316
1546	1314
1545	1314
1545	1311
1543	1311
1543	1309
1542	1309
1542	1307
1541	1307
1541	1305
1540	1305
1540	1302
1539	1302
1539	1301
1538	1301
1538	1300
1537	1300
1537	1293
1536	1293
1536	1292
1535	1292
1535	1288
1534	1288
1534	1284
1533	1284
1533	1283
1532	1283
1532	1280
1531	1280
1531	1276
1529	1276
1529	1272
1527	1272
1527	1268
1525	1268
1525	1265
1526	1265
1526	1264
1524	1264
1524	1263
1523	1263
1523	1260
1521	1260
1521	1257
1520	1257
1520	1255
1519	1255
1519	1252
1517	1252
1517	1251
1516	1251
1516	1250
1517	1250
1517	1249
1516	1249
1516	1247
1515	1247
1515	1246
1514	1246
1514	1245
1513	1245
1513	1241
1512	1241
1512	1239
1511	1239
1511	1236
1510	1236
1510	1234
1509	1234
1509	1231
1508	1231
1508	1226
1507	1226
1507	1222
1506	1222
1506	1216
1505	1216
1505	1213
1504	1213
1504	1202
1503	1202
1503	1200
1494	1200
1494	1201
1492	1201
1492	1202
1491	1202
1491	1203
1490	1203
1490	1204
1488	1204
1488	1205
1487	1205
1487	1206
1486	1206
1486	1207
1485	1207
1485	1208
1484	1208
1484	1209
1483	1209
1483	1210
1482	1210
1482	1211
1481	1211
1481	1213
1480	1213
1480	1214
1478	1214
1478	1216
1477	1216
1477	1217
1476	1217
1476	1219
1475	1219
1475	1220
1473	1220
1473	1221
1472	1221
1472	1222
1469	1222
1469	1227
1468	1227
1468	1229
1466	1229
1466	1228
1465	1228
1465	1227
1464	1227
1464	1226
1463	1226
1463	1225
1462	1225
1462	1224
1461	1224
1461	1222
1460	1222
1460	1221
1459	1221
1459	1220
1458	1220
1458	1218
1457	1218
1457	1216
1456	1216
1456	1214
1455	1214
1455	1212
1454	1212
1454	1207
1453	1207
1453	1204
1452	1204
1452	1201
1451	1201
1451	1198
1450	1198
1450	1193
1449	1193
1449	1189
1448	1189
1448	1185
1447	1185
1447	1180
1446	1180
1446	1179
1445	1179
1445	1175
1444	1175
1444	1171
1443	1171
1443	1170
1442	1170
1442	1165
1441	1165
1441	1163
1440	1163
1440	1152
1439	1152
1439	1150
1438	1150
1438	1129
1429	1129
1429	1130
1427	1130
1427	1131
1425	1131
1425	1133
1421	1133
1421	1135
1419	1135
1419	1137
1416	1137
1416	1139
1414	1139
1414	1141
1412	1141
1412	1142
1411	1142
1411	1143
1409	1143
1409	1144
1408	1144
1408	1145
1407	1145
1407	1146
1406	1146
1406	1147
1405	1147
1405	1148
1404	1148
1404	1149
1403	1149
1403	1148
1402	1148
1402	1147
1401	1147
1401	1146
1400	1146
1400	1143
1399	1143
1399	1138
1398	1138
1398	1126
1397	1126
1397	1114
1396	1114
1396	1102
1395	1102
1395	1098
1394	1098
1394	1090
1393	1090
1393	1088
1391	1088
1391	1084
1390	1084
1390	1078
1389	1078
1389	1074
1388	1074
1388	1066
1387	1066
1387	1064
1386	1064
1386	1059
1385	1059
1385	1058
1384	1058
1384	1049
1383	1049
1383	1038
1382	1038
1382	1027
1380	1027
1380	1026
1379	1026
1379	1027
1371	1027
1371	1029
1369	1029
1369	1030
1367	1030
1367	1033
1363	1033
1363	1034
1362	1034
1362	1035
1360	1035
1360	1037
1358	1037
1358	1038
1357	1038
1357	1039
1355	1039
1355	1043
1354	1043
1354	1047
1352	1047
1352	1046
1351	1046
1351	1045
1350	1045
1350	1044
1349	1044
1349	1043
1348	1043
1348	1042
1347	1042
1347	1041
1346	1041
1346	1039
1345	1039
1345	1037
1344	1037
1344	1034
1343	1034
1343	1031
1342	1031
1342	1027
1341	1027
1341	1026
1340	1026
1340	1003
1339	1003
1339	1000
1338	1000
1338	992
1337	992
1337	952
1338	952
1338	941
1339	941
1339	930
1330	930
1330	932
1328	932
1328	933
1326	933
1326	934
1325	934
1325	935
1321	935
1321	938
1320	938
1320	939
1318	939
1318	940
1317	940
1317	941
1316	941
1316	942
1315	942
1315	943
1314	943
1314	944
1313	944
1313	947
1310	947
1310	944
1309	944
1309	943
1302	943
1302	946
1301	946
1301	947
1302	947
1302	952
1304	952
1304	959
1305	959
1305	962
1306	962
1306	967
1307	967
1307	969
1308	969
1308	970
1309	970
1309	974
1310	974
1310	977
1311	977
1311	978
1313	978
1313	984
1314	984
1314	986
1315	986
1315	988
1316	988
1316	992
1317	992
1317	994
1318	994
1318	996
1319	996
1319	999
1320	999
1320	1001
1321	1001
1321	1003
1322	1003
1322	1004
1323	1004
1323	1007
1324	1007
1324	1010
1325	1010
1325	1012
1326	1012
1326	1014
1327	1014
1327	1015
1328	1015
1328	1019
1329	1019
1329	1021
1330	1021
1330	1024
1331	1024
1331	1035
1330	1035
1330	1038
1329	1038
1329	1039
1327	1039
1327	1038
1323	1038
1323	1037
1318	1037
1318	1036
1315	1036
1315	1035
1311	1035
1311	1034
1301	1034
1301	1033
1292	1033
1292	1034
1291	1034
1291	1035
1292	1035
1292	1038
1291	1038
1291	1040
1292	1040
1292	1043
1295	1043
1295	1047
1296	1047
1296	1048
1297	1048
1297	1049
1299	1049
1299	1052
1300	1052
1300	1055
1301	1055
1301	1057
1302	1057
1302	1060
1303	1060
1303	1063
1304	1063
1304	1065
1305	1065
1305	1066
1306	1066
1306	1067
1307	1067
1307	1070
1308	1070
1308	1071
1307	1071
1307	1074
1308	1074
1308	1076
1309	1076
1309	1080
1310	1080
1310	1082
1311	1082
1311	1086
1312	1086
1312	1088
1313	1088
1313	1091
1314	1091
1314	1092
1315	1092
1315	1096
1316	1096
1316	1098
1317	1098
1317	1103
1319	1103
1319	1105
1320	1105
1320	1106
1321	1106
1321	1109
1322	1109
1322	1110
1323	1110
1323	1112
1324	1112
1324	1114
1325	1114
1325	1117
1326	1117
1326	1118
1327	1118
1327	1120
1328	1120
1328	1121
1329	1121
1329	1123
1330	1123
1330	1128
1331	1128
1331	1133
1332	1133
1332	1138
1331	1138
1331	1146
1330	1146
1330	1148
1329	1148
1329	1150
1326	1150
1326	1149
1325	1149
1325	1148
1324	1148
1324	1147
1323	1147
1323	1146
1319	1146
1319	1145
1318	1145
1318	1144
1314	1144
1314	1143
1311	1143
1311	1142
1305	1142
1305	1141
1304	1141
1304	1142
1290	1142
1290	1141
1289	1141
1289	1142
1288	1142
1288	1149
1289	1149
1289	1150
1290	1150
1290	1151
1291	1151
1291	1154
1292	1154
1292	1157
1293	1157
1293	1158
1295	1158
1295	1160
1296	1160
1296	1163
1297	1163
1297	1166
1298	1166
1298	1168
1299	1168
1299	1170
1300	1170
1300	1173
1301	1173
1301	1177
1302	1177
1302	1180
1303	1180
1303	1185
1304	1185
1304	1190
1305	1190
1305	1196
1306	1196
1306	1198
1307	1198
1307	1202
1308	1202
1308	1205
1309	1205
1309	1206
1308	1206
1308	1207
1309	1207
1309	1211
1310	1211
1310	1215
1311	1215
1311	1220
1312	1220
1312	1223
1313	1223
1313	1228
1314	1228
1314	1232
1315	1232
1315	1238
1316	1238
1316	1246
1317	1246
1317	1260
1316	1260
1316	1263
1315	1263
1315	1265
1314	1265
1314	1266
1313	1266
1313	1268
1311	1268
1311	1267
1310	1267
1310	1266
1309	1266
1309	1265
1308	1265
1308	1264
1306	1264
1306	1263
1301	1263
1301	1262
1300	1262
1300	1261
1299	1261
1299	1260
1298	1260
1298	1259
1295	1259
1295	1258
1292	1258
1292	1257
1289	1257
1289	1256
1284	1256
1284	1255
1275	1255
1275	1256
1274	1256
1274	1263
1275	1263
1275	1264
1276	1264
1276	1266
1277	1266
1277	1267
1278	1267
1278	1269
1279	1269
1279	1270
1283	1270
1283	1278
1284	1278
1284	1283
1285	1283
1285	1285
1286	1285
1286	1287
1287	1287
1287	1290
1288	1290
1288	1294
1289	1294
1289	1298
1290	1298
1290	1302
1291	1302
1291	1307
1292	1307
1292	1315
1293	1315
1293	1318
1294	1318
1294	1319
1295	1319
1295	1331
1296	1331
1296	1336
1297	1336
1297	1339
1298	1339
1298	1346
1299	1346
1299	1351
1300	1351
1300	1360
1299	1360
1299	1368
1297	1368
1297	1372
1294	1372
1294	1371
1292	1371
1292	1370
1289	1370
1289	1369
1286	1369
1286	1368
1283	1368
1283	1367
1282	1367
1282	1366
1277	1366
1277	1365
1273	1365
1273	1364
1269	1364
1269	1363
1262	1363
1262	1364
1258	1364
1258	1372
1259	1372
1259	1375
1260	1375
1260	1376
1261	1376
1261	1380
1262	1380
1262	1382
1263	1382
1263	1386
1264	1386
1264	1387
1265	1387
1265	1393
1266	1393
1266	1395
1267	1395
1267	1399
1268	1399
1268	1402
1269	1402
1269	1405
1270	1405
1270	1410
1271	1410
1271	1415
1272	1415
1272	1420
1273	1420
1273	1426
1274	1426
1274	1428
1275	1428
1275	1435
1276	1435
1276	1440
1277	1440
1277	1447
1278	1447
1278	1449
1277	1449
1277	1453
1278	1453
1278	1463
1277	1463
1277	1464
1276	1464
1276	1469
1275	1469
1275	1471
1274	1471
1274	1473
1273	1473
1273	1475
1272	1475
1272	1476
1271	1476
1271	1475
1270	1475
1270	1476
1269	1476
1269	1474
1268	1474
1268	1473
1265	1473
1265	1472
1264	1472
1264	1471
1259	1471
1259	1469
1258	1469
1258	1468
1254	1468
1254	1467
1252	1467
1252	1466
1250	1466
1250	1465
1248	1465
1248	1464
1246	1464
1246	1463
1244	1463
1244	1462
1240	1462
1240	1461
1235	1461
1235	1460
1229	1460
1229	1459
1227	1459
1227	1460
1224	1460
1224	1470
1225	1470
1225	1473
1226	1473
1226	1478
1227	1478
1227	1482
1228	1482
1228	1484
1229	1484
1229	1492
1230	1492
1230	1507
1229	1507
1229	1515
1228	1515
1228	1523
1227	1523
1227	1529
1226	1529
1226	1533
1225	1533
1225	1535
1226	1535
1226	1536
1225	1536
1225	1547
1224	1547
1224	1563
1223	1563
1223	1570
1222	1570
1222	1572
1221	1572
1221	1576
1220	1576
1220	1578
1219	1578
1219	1581
1218	1581
1218	1583
1217	1583
1217	1584
1216	1584
1216	1585
1215	1585
1215	1586
1214	1586
1214	1587
1213	1587
1213	1589
1211	1589
1211	1590
1210	1590
1210	1589
1209	1589
1209	1588
1208	1588
1208	1587
1207	1587
1207	1586
1205	1586
1205	1585
1204	1585
1204	1584
1203	1584
1203	1583
1202	1583
1202	1582
1199	1582
1199	1581
1198	1581
1198	1579
1197	1579
1197	1578
1193	1578
1193	1577
1192	1577
1192	1576
1190	1576
1190	1575
1189	1575
1189	1574
1186	1574
1186	1573
1185	1573
1185	1572
1179	1572
1179	1571
1174	1571
1174	1572
1173	1572
1173	1574
1172	1574
1172	1575
1173	1575
1173	1576
1172	1576
1172	1577
1173	1577
1173	1598
1172	1598
1172	1602
1171	1602
1171	1607
1170	1607
1170	1610
1169	1610
1169	1613
1168	1613
1168	1615
1167	1615
1167	1619
1166	1619
1166	1621
1165	1621
1165	1624
1164	1624
1164	1626
1163	1626
1163	1630
1162	1630
1162	1632
1161	1632
1161	1633
1160	1633
1160	1634
1159	1634
1159	1638
1158	1638
1158	1642
1157	1642
1157	1646
1156	1646
1156	1651
1155	1651
1155	1656
1154	1656
1154	1659
1153	1659
1153	1663
1152	1663
1152	1666
1151	1666
1151	1668
1149	1668
1149	1670
1148	1670
1148	1672
1147	1672
1147	1671
1146	1671
1146	1670
1145	1670
1145	1669
1144	1669
1144	1667
1142	1667
1142	1666
1140	1666
1140	1665
1139	1665
1139	1664
1132	1664
1132	1665
1131	1665
1131	1670
1130	1670
1130	1672
1129	1672
1129	1678
1128	1678
1128	1686
1127	1686
1127	1693
1126	1693
1126	1697
1125	1697
1125	1701
1124	1701
1124	1709
1123	1709
1123	1713
1122	1713
1122	1714
1120	1714
1120	1715
1118	1715
1118	1717
1113	1717
1113	1718
1112	1718
1112	1722
1111	1722
1111	1726
1110	1726
1110	1728
1109	1728
1109	1730
1108	1730
1108	1735
1107	1735
1107	1738
1105	1738
1105	1742
1104	1742
1104	1743
1103	1743
1103	1748
1102	1748
1102	1750
1101	1750
1101	1752
1100	1752
1100	1753
1101	1753
1101	1754
1100	1754
1100	1758
1099	1758
1099	1765
1098	1765
1098	1767
1097	1767
1097	1768
1096	1768
1096	1772
1097	1772
1097	1773
1096	1773
1096	1778
1095	1778
1095	1780
1094	1780
1094	1786
1093	1786
1093	1789
1092	1789
1092	1795
1091	1795
1091	1800
1090	1800
1090	1808
1089	1808
1089	1810
1088	1810
1088	1821
1087	1821
1087	1824
1086	1824
1086	1829
1085	1829
1085	1834
1084	1834
1084	1839
1083	1839
1083	1862
1082	1862
1082	1876
1081	1876
1081	1884
1080	1884
1080	1887
1078	1887
1078	1886
1076	1886
1076	1885
1075	1885
1075	1883
1074	1883
1074	1881
1073	1881
1073	1880
1072	1880
1072	1877
1071	1877
1071	1874
1070	1874
1070	1869
1069	1869
1069	1867
1068	1867
1068	1864
1067	1864
1067	1861
1066	1861
1066	1858
1065	1858
1065	1856
1064	1856
1064	1854
1063	1854
1063	1848
1062	1848
1062	1846
1061	1846
1061	1839
1060	1839
1060	1838
1059	1838
1059	1833
1058	1833
1058	1829
1057	1829
1057	1822
1056	1822
1056	1817
1055	1817
1055	1816
1054	1816
1054	1815
1055	1815
1055	1812
1054	1812
1054	1808
1053	1808
1053	1797
1052	1797
1052	1795
1051	1795
1051	1788
1050	1788
1050	1783
1049	1783
1049	1781
1048	1781
1048	1780
1049	1780
1049	1777
1048	1777
1048	1772
1047	1772
1047	1768
1046	1768
1046	1763
1045	1763
1045	1760
1044	1760
1044	1759
1043	1759
1043	1755
1042	1755
1042	1748
1041	1748
1041	1742
1040	1742
1040	1738
1039	1738
1039	1734
1038	1734
1038	1724
1037	1724
1037	1721
1036	1721
1036	1713
1035	1713
1035	1710
1034	1710
1034	1707
1033	1707
1033	1704
1032	1704
1032	1697
1031	1697
1031	1696
1030	1696
1030	1694
1029	1694
1029	1691
1028	1691
1028	1689
1027	1689
1027	1686
1026	1686
1026	1682
1025	1682
1025	1680
1024	1680
1024	1679
1023	1679
1023	1675
1022	1675
1022	1672
1021	1672
1021	1670
1020	1670
1020	1667
1019	1667
1019	1664
1018	1664
1018	1658
1017	1658
1017	1657
1016	1657
1016	1644
1017	1644
1017	1640
1018	1640
1018	1631
1009	1631
1009	1632
1008	1632
1008	1633
1007	1633
1007	1634
1004	1634
1004	1636
1003	1636
1003	1637
1001	1637
1001	1638
1000	1638
1000	1640
999	1640
999	1641
997	1641
997	1643
996	1643
996	1644
995	1644
995	1650
993	1650
993	1651
992	1651
992	1650
991	1650
991	1649
990	1649
990	1648
988	1648
988	1647
987	1647
987	1645
986	1645
986	1643
985	1643
985	1642
984	1642
984	1641
983	1641
983	1639
982	1639
982	1638
981	1638
981	1636
980	1636
980	1633
979	1633
979	1627
978	1627
978	1624
977	1624
977	1620
975	1620
975	1609
974	1609
974	1606
973	1606
973	1605
972	1605
972	1575
973	1575
973	1570
974	1570
974	1556
976	1556
976	1554
977	1554
977	1553
978	1553
978	1547
977	1547
977	1546
974	1546
974	1545
973	1545
973	1546
968	1546
968	1547
964	1547
964	1548
963	1548
963	1549
960	1549
960	1550
959	1550
959	1551
955	1551
955	1553
953	1553
953	1554
951	1554
951	1555
947	1555
947	1557
946	1557
946	1558
945	1558
945	1559
944	1559
944	1560
943	1560
943	1561
941	1561
941	1560
940	1560
940	1558
939	1558
939	1557
938	1557
938	1555
937	1555
937	1551
936	1551
936	1547
935	1547
935	1540
934	1540
934	1528
935	1528
935	1511
936	1511
936	1501
937	1501
937	1495
938	1495
938	1490
939	1490
939	1487
940	1487
940	1485
941	1485
941	1484
940	1484
940	1483
941	1483
941	1475
942	1475
942	1474
943	1474
943	1462
933	1462
933	1463
930	1463
930	1464
928	1464
928	1465
926	1465
926	1466
922	1466
922	1467
921	1467
921	1468
916	1468
916	1469
914	1469
914	1470
913	1470
913	1471
910	1471
910	1472
908	1472
908	1473
907	1473
907	1474
906	1474
906	1473
905	1473
905	1470
904	1470
904	1468
903	1468
903	1460
902	1460
902	1458
901	1458
901	1457
902	1457
902	1456
901	1456
901	1448
902	1448
902	1444
903	1444
903	1435
904	1435
904	1433
905	1433
905	1426
906	1426
906	1423
907	1423
907	1416
908	1416
908	1413
909	1413
909	1410
910	1410
910	1408
911	1408
911	1403
912	1403
912	1400
913	1400
913	1399
914	1399
914	1395
915	1395
915	1392
916	1392
916	1390
917	1390
917	1386
918	1386
918	1380
917	1380
917	1379
911	1379
911	1380
904	1380
904	1381
903	1381
903	1382
897	1382
897	1384
893	1384
893	1385
889	1385
889	1387
886	1387
886	1388
883	1388
883	1389
881	1389
881	1390
879	1390
879	1391
877	1391
877	1392
874	1392
874	1388
873	1388
873	1384
872	1384
872	1372
873	1372
873	1368
874	1368
874	1364
875	1364
875	1358
876	1358
876	1352
877	1352
877	1347
878	1347
878	1339
879	1339
879	1332
880	1332
880	1326
881	1326
881	1320
882	1320
882	1311
883	1311
883	1306
884	1306
884	1301
885	1301
885	1299
886	1299
886	1294
887	1294
887	1292
888	1292
888	1290
889	1290
889	1286
890	1286
890	1285
891	1285
891	1282
892	1282
892	1280
894	1280
894	1279
893	1279
893	1278
894	1278
894	1276
895	1276
895	1269
894	1269
894	1268
893	1268
893	1267
890	1267
890	1266
889	1266
889	1265
877	1265
877	1266
875	1266
875	1267
874	1267
874	1266
873	1266
873	1267
868	1267
868	1268
867	1268
867	1269
865	1269
865	1270
864	1270
864	1271
856	1271
856	1272
854	1272
854	1273
853	1273
853	1274
852	1274
852	1273
850	1273
850	1268
849	1268
849	1256
850	1256
850	1255
851	1255
851	1251
852	1251
852	1248
853	1248
853	1243
854	1243
854	1240
855	1240
855	1235
856	1235
856	1232
857	1232
857	1229
858	1229
858	1224
859	1224
859	1220
860	1220
860	1216
861	1216
861	1212
862	1212
862	1208
863	1208
863	1204
864	1204
864	1203
865	1203
865	1195
866	1195
866	1191
867	1191
867	1187
868	1187
868	1185
869	1185
869	1180
870	1180
870	1174
871	1174
871	1173
872	1173
872	1171
873	1171
873	1167
874	1167
874	1165
875	1165
875	1162
876	1162
876	1161
877	1161
877	1157
879	1157
879	1154
880	1154
880	1153
882	1153
882	1150
883	1150
883	1148
884	1148
884	1147
885	1147
885	1139
882	1139
882	1138
880	1138
880	1137
876	1137
876	1136
869	1136
869	1137
868	1137
868	1136
865	1136
865	1137
861	1137
861	1138
855	1138
855	1139
851	1139
851	1140
844	1140
844	1141
841	1141
841	1143
840	1143
840	1144
838	1144
838	1143
837	1143
837	1141
838	1141
838	1139
837	1139
837	1137
838	1137
838	1136
837	1136
837	1135
838	1135
838	1134
837	1134
837	1132
838	1132
838	1126
839	1126
839	1124
840	1124
840	1119
841	1119
841	1118
842	1118
842	1116
843	1116
843	1115
844	1115
844	1112
845	1112
845	1109
846	1109
846	1107
848	1107
848	1104
849	1104
849	1100
850	1100
850	1099
851	1099
851	1097
852	1097
852	1096
853	1096
853	1092
854	1092
854	1091
855	1091
855	1087
856	1087
856	1086
857	1086
857	1083
858	1083
858	1081
859	1081
859	1077
860	1077
860	1074
861	1074
861	1073
862	1073
862	1071
863	1071
863	1068
864	1068
864	1066
865	1066
865	1064
866	1064
866	1061
867	1061
867	1060
869	1060
869	1059
868	1059
868	1057
869	1057
869	1054
870	1054
870	1051
871	1051
871	1050
872	1050
872	1046
873	1046
873	1044
875	1044
875	1042
876	1042
876	1041
877	1041
877	1040
878	1040
878	1037
879	1037
879	1035
880	1035
880	1034
882	1034
882	1031
883	1031
883	1030
884	1030
884	1028
886	1028
886	1025
887	1025
887	1024
888	1024
888	1023
889	1023
889	1022
890	1022
890	1021
891	1021
891	1020
892	1020
892	1012
890	1012
890	1011
858	1011
858	1012
855	1012
855	1013
854	1013
854	1014
852	1014
852	1007
853	1007
853	1002
854	1002
854	999
855	999
855	996
856	996
856	995
857	995
857	993
858	993
858	992
859	992
859	991
860	991
860	988
861	988
861	986
862	986
862	983
864	983
864	982
865	982
865	978
866	978
866	977
867	977
867	976
868	976
868	975
869	975
869	973
870	973
870	969
871	969
871	967
872	967
872	966
873	966
873	964
874	964
874	963
875	963
875	959
877	959
877	957
878	957
878	955
879	955
879	952
880	952
880	951
881	951
881	950
882	950
882	946
883	946
883	944
884	944
884	943
885	943
885	941
886	941
886	939
887	939
887	936
888	936
888	934
889	934
889	932
890	932
890	929
891	929
891	928
892	928
892	927
893	927
893	925
894	925
894	922
896	922
896	921
897	921
897	920
898	920
898	918
899	918
899	916
900	916
900	915
901	915
901	914
902	914
902	912
904	912
904	910
905	910
905	909
906	909
906	908
907	908
907	907
908	907
908	906
909	906
909	904
911	904
911	902
914	902
914	900
916	900
916	899
917	899
917	898
918	898
918	897
919	897
919	896
920	896
920	889
918	889
918	888
914	888
914	887
911	887
911	885
875	885
875	889
873	889
873	894
872	894
872	896
871	896
871	898
870	898
870	902
869	902
869	906
868	906
868	909
867	909
867	914
866	914
866	919
865	919
865	923
864	923
864	927
863	927
863	930
862	930
862	933
861	933
861	937
860	937
860	940
859	940
859	946
858	946
858	958
857	958
857	962
856	962
856	964
855	964
855	969
854	969
854	971
851	971
851	972
850	972
850	971
849	971
849	969
848	969
848	968
845	968
845	967
844	967
844	966
843	966
843	965
842	965
842	964
840	964
840	962
838	962
838	960
835	960
835	959
834	959
834	958
832	958
832	957
831	957
831	956
828	956
828	955
826	955
826	954
825	954
825	955
820	955
820	956
819	956
819	968
818	968
818	970
817	970
817	974
818	974
818	976
817	976
817	985
816	985
816	989
815	989
815	995
814	995
814	1001
813	1001
813	1005
812	1005
812	1008
811	1008
811	1011
810	1011
810	1014
809	1014
809	1028
808	1028
808	1035
807	1035
807	1040
806	1040
806	1044
805	1044
805	1048
804	1048
804	1052
803	1052
803	1055
802	1055
802	1056
801	1056
801	1060
800	1060
800	1061
799	1061
799	1062
798	1062
798	1063
797	1063
797	1064
795	1064
795	1065
794	1065
794	1066
790	1066
790	1064
789	1064
789	1060
788	1060
788	1059
787	1059
787	1058
786	1058
786	1056
784	1056
784	1055
783	1055
783	1054
782	1054
782	1052
779	1052
779	1050
778	1050
778	1048
777	1048
777	1047
775	1047
775	1046
774	1046
774	1044
773	1044
773	1042
772	1042
772	1041
770	1041
770	1038
769	1038
769	1037
758	1037
758	1038
757	1038
757	1044
756	1044
756	1048
755	1048
755	1052
754	1052
754	1056
753	1056
753	1061
752	1061
752	1064
751	1064
751	1068
750	1068
750	1072
749	1072
749	1073
748	1073
748	1076
747	1076
747	1081
745	1081
745	1085
744	1085
744	1088
743	1088
743	1089
742	1089
742	1093
740	1093
740	1099
739	1099
739	1103
738	1103
738	1106
737	1106
737	1110
736	1110
736	1115
735	1115
735	1120
734	1120
734	1123
733	1123
733	1128
732	1128
732	1134
731	1134
731	1138
730	1138
730	1139
729	1139
729	1141
728	1141
728	1143
726	1143
726	1149
724	1149
724	1150
723	1150
723	1151
722	1151
722	1152
721	1152
721	1154
718	1154
718	1153
717	1153
717	1152
716	1152
716	1150
715	1150
715	1148
714	1148
714	1147
711	1147
711	1143
710	1143
710	1142
709	1142
709	1141
708	1141
708	1140
707	1140
707	1138
706	1138
706	1137
705	1137
705	1135
704	1135
704	1134
703	1134
703	1133
702	1133
702	1132
701	1132
701	1131
700	1131
700	1130
699	1130
699	1127
697	1127
697	1126
696	1126
696	1125
695	1125
695	1124
694	1124
694	1122
691	1122
691	1121
690	1121
690	1120
683	1120
683	1122
681	1122
681	1127
680	1127
680	1130
679	1130
679	1135
678	1135
678	1137
677	1137
677	1139
676	1139
676	1145
675	1145
675	1147
674	1147
674	1148
673	1148
673	1151
671	1151
671	1152
670	1152
670	1156
668	1156
668	1158
667	1158
667	1161
665	1161
665	1163
664	1163
664	1164
662	1164
662	1166
661	1166
661	1168
660	1168
660	1169
659	1169
659	1170
658	1170
658	1171
657	1171
657	1172
656	1172
656	1173
655	1173
655	1175
651	1175
651	1180
649	1180
649	1181
648	1181
648	1183
647	1183
647	1184
646	1184
646	1185
645	1185
645	1186
646	1186
646	1187
645	1187
645	1188
644	1188
644	1189
643	1189
643	1192
642	1192
642	1193
641	1193
641	1196
640	1196
640	1197
639	1197
639	1198
638	1198
638	1201
637	1201
637	1204
636	1204
636	1207
635	1207
635	1209
634	1209
634	1211
633	1211
633	1213
632	1213
632	1219
633	1219
633	1220
627	1220
627	1221
622	1221
622	1222
618	1222
618	1223
615	1223
615	1222
612	1222
612	1220
611	1220
611	1218
609	1218
609	1216
607	1216
607	1214
606	1214
606	1213
605	1213
605	1212
603	1212
603	1210
594	1210
594	1213
593	1213
593	1215
592	1215
592	1218
590	1218
590	1221
589	1221
589	1222
588	1222
588	1224
587	1224
587	1228
586	1228
586	1230
585	1230
585	1231
584	1231
584	1234
583	1234
583	1235
580	1235
580	1238
579	1238
579	1240
578	1240
578	1242
577	1242
577	1243
575	1243
575	1246
574	1246
574	1247
573	1247
573	1248
572	1248
572	1251
571	1251
571	1252
570	1252
570	1253
569	1253
569	1254
570	1254
570	1255
568	1255
568	1256
567	1256
567	1259
566	1259
566	1260
565	1260
565	1262
564	1262
564	1264
563	1264
563	1265
562	1265
562	1269
561	1269
561	1271
560	1271
560	1272
558	1272
558	1273
557	1273
557	1274
556	1274
556	1275
555	1275
555	1276
554	1276
554	1277
553	1277
553	1279
552	1279
552	1281
549	1281
549	1282
547	1282
547	1281
546	1281
546	1280
545	1280
545	1276
544	1276
544	1275
541	1275
541	1273
540	1273
540	1272
539	1272
539	1269
538	1269
538	1268
537	1268
537	1267
536	1267
536	1264
534	1264
534	1260
532	1260
532	1258
531	1258
531	1257
529	1257
529	1256
521	1256
521	1259
520	1259
520	1264
518	1264
518	1267
517	1267
517	1268
515	1268
515	1272
514	1272
514	1276
512	1276
512	1280
511	1280
511	1281
509	1281
509	1283
508	1283
508	1284
507	1284
507	1287
506	1287
506	1288
505	1288
505	1289
504	1289
504	1291
503	1291
503	1293
501	1293
501	1295
500	1295
500	1296
499	1296
499	1297
498	1297
498	1298
497	1298
497	1299
496	1299
496	1300
495	1300
495	1302
494	1302
494	1303
493	1303
493	1305
491	1305
491	1306
490	1306
490	1309
489	1309
489	1311
488	1311
488	1312
487	1312
487	1313
486	1313
486	1314
485	1314
485	1315
484	1315
484	1316
483	1316
483	1317
482	1317
482	1319
481	1319
481	1321
480	1321
480	1322
479	1322
479	1323
478	1323
478	1324
477	1324
477	1325
476	1325
476	1326
475	1326
475	1327
474	1327
474	1330
473	1330
473	1331
472	1331
472	1332
471	1332
471	1333
468	1333
468	1334
465	1334
465	1335
462	1335
462	1331
461	1331
461	1330
459	1330
459	1326
457	1326
457	1322
455	1322
455	1318
454	1318
454	1317
453	1317
453	1316
454	1316
454	1315
453	1315
453	1313
452	1313
452	1310
451	1310
451	1309
450	1309
450	1308
449	1308
449	1306
448	1306
448	1305
442	1305
442	1306
441	1306
441	1309
439	1309
439	1310
437	1310
437	1314
435	1314
435	1317
434	1317
434	1319
433	1319
433	1320
432	1320
432	1321
431	1321
431	1322
430	1322
430	1323
429	1323
429	1324
426	1324
426	1330
421	1330
421	1331
418	1331
418	1334
416	1334
416	1335
414	1335
414	1337
410	1337
410	1340
409	1340
409	1341
406	1341
406	1343
401	1343
401	1345
400	1345
400	1347
398	1347
398	1348
397	1348
397	1349
396	1349
396	1350
395	1350
395	1351
394	1351
394	1352
393	1352
393	1355
391	1355
391	1357
390	1357
390	1358
389	1358
389	1360
387	1360
387	1361
386	1361
386	1362
385	1362
385	1364
383	1364
383	1365
382	1365
382	1366
381	1366
381	1368
380	1368
380	1369
379	1369
379	1370
378	1370
378	1371
377	1371
377	1372
374	1372
374	1373
373	1373
373	1374
372	1374
372	1375
367	1375
367	1373
366	1373
366	1371
365	1371
365	1370
364	1370
364	1369
363	1369
363	1368
362	1368
362	1364
360	1364
360	1363
359	1363
359	1364
355	1364
355	1363
354	1363
354	1364
352	1364
352	1365
351	1365
351	1368
349	1368
349	1369
348	1369
348	1372
346	1372
346	1373
345	1373
345	1374
343	1374
343	1375
341	1375
341	1376
340	1376
340	1377
339	1377
339	1378
338	1378
338	1379
337	1379
337	1380
334	1380
334	1381
333	1381
333	1383
331	1383
331	1385
329	1385
329	1386
328	1386
328	1385
327	1385
327	1387
326	1387
326	1388
325	1388
325	1389
322	1389
322	1391
318	1391
318	1394
316	1394
316	1395
314	1395
314	1397
312	1397
312	1398
311	1398
311	1399
310	1399
310	1401
308	1401
308	1402
307	1402
307	1403
306	1403
306	1404
305	1404
305	1406
304	1406
304	1407
303	1407
303	1408
302	1408
302	1409
301	1409
301	1411
298	1411
298	1412
297	1412
297	1414
295	1414
295	1416
293	1416
293	1418
292	1418
292	1419
290	1419
290	1420
289	1420
289	1421
288	1421
288	1422
285	1422
285	1423
284	1423
284	1424
283	1424
283	1425
282	1425
282	1426
279	1426
279	1428
275	1428
275	1429
274	1429
274	1430
273	1430
273	1431
272	1431
272	1432
271	1432
271	1433
270	1433
270	1434
267	1434
267	1435
266	1435
266	1437
265	1437
265	1438
263	1438
263	1439
262	1439
262	1440
260	1440
260	1442
259	1442
259	1443
257	1443
257	1445
255	1445
255	1446
254	1446
254	1447
252	1447
252	1449
250	1449
250	1451
248	1451
248	1452
247	1452
247	1453
246	1453
246	1454
245	1454
245	1455
244	1455
244	1456
243	1456
243	1457
242	1457
242	1458
241	1458
241	1459
240	1459
240	1460
239	1460
239	1461
238	1461
238	1462
237	1462
237	1463
234	1463
234	1464
232	1464
232	1465
231	1465
231	1466
230	1466
230	1467
229	1467
229	1466
228	1466
228	1467
227	1467
227	1469
226	1469
226	1470
225	1470
225	1471
224	1471
224	1472
223	1472
223	1473
221	1473
221	1475
220	1475
220	1476
217	1476
217	1472
218	1472
218	1468
219	1468
219	1465
220	1465
220	1461
221	1461
221	1459
222	1459
222	1457
224	1457
224	1453
225	1453
225	1451
226	1451
226	1449
227	1449
227	1448
228	1448
228	1445
230	1445
230	1444
229	1444
229	1443
230	1443
230	1442
231	1442
231	1440
232	1440
232	1437
233	1437
233	1435
234	1435
234	1433
235	1433
235	1430
236	1430
236	1429
237	1429
237	1428
238	1428
238	1425
239	1425
239	1424
240	1424
240	1423
241	1423
241	1420
242	1420
242	1412
243	1412
243	1411
245	1411
245	1409
246	1409
246	1408
247	1408
247	1405
248	1405
248	1403
249	1403
249	1402
250	1402
250	1400
252	1400
252	1397
253	1397
253	1395
254	1395
254	1392
255	1392
255	1391
256	1391
256	1388
257	1388
257	1386
258	1386
258	1384
259	1384
259	1383
261	1383
261	1382
260	1382
260	1380
261	1380
261	1378
262	1378
262	1376
263	1376
263	1374
264	1374
264	1371
265	1371
265	1370
266	1370
266	1366
267	1366
267	1365
268	1365
268	1362
269	1362
269	1361
270	1361
270	1358
271	1358
271	1357
272	1357
272	1351
273	1351
273	1350
274	1350
274	1347
275	1347
275	1343
276	1343
276	1340
277	1340
277	1337
278	1337
278	1330
279	1330
279	1329
280	1329
280	1327
281	1327
281	1324
282	1324
282	1319
283	1319
283	1318
284	1318
284	1316
285	1316
285	1313
286	1313
286	1311
287	1311
287	1309
288	1309
288	1306
289	1306
289	1305
290	1305
290	1303
291	1303
291	1301
292	1301
292	1298
293	1298
293	1297
294	1297
294	1296
295	1296
295	1289
298	1289
298	1288
299	1288
299	1285
300	1285
300	1283
302	1283
302	1282
303	1282
303	1281
304	1281
304	1280
305	1280
305	1278
307	1278
307	1277
308	1277
308	1276
309	1276
309	1268
307	1268
307	1267
308	1267
308	1266
305	1266
305	1265
304	1265
304	1264
300	1264
300	1259
301	1259
301	1254
302	1254
302	1250
303	1250
303	1248
304	1248
304	1246
305	1246
305	1242
306	1242
306	1241
307	1241
307	1240
308	1240
308	1239
307	1239
307	1238
308	1238
308	1237
309	1237
309	1235
310	1235
310	1232
311	1232
311	1231
312	1231
312	1227
313	1227
313	1226
314	1226
314	1224
315	1224
315	1223
316	1223
316	1220
317	1220
317	1219
318	1219
318	1218
319	1218
319	1217
320	1217
320	1209
318	1209
318	1208
317	1208
317	1206
314	1206
314	1205
301	1205
301	1203
300	1203
300	1200
299	1200
299	1192
300	1192
300	1189
301	1189
301	1187
302	1187
302	1186
303	1186
303	1185
304	1185
304	1182
305	1182
305	1180
307	1180
307	1178
308	1178
308	1177
309	1177
309	1175
310	1175
310	1174
311	1174
311	1173
312	1173
312	1171
313	1171
313	1170
315	1170
315	1169
316	1169
316	1167
318	1167
318	1166
319	1166
319	1165
320	1165
320	1163
321	1163
321	1160
322	1160
322	1159
324	1159
324	1156
325	1156
325	1155
326	1155
326	1154
327	1154
327	1153
328	1153
328	1151
329	1151
329	1149
330	1149
330	1147
331	1147
331	1145
332	1145
332	1143
333	1143
333	1142
334	1142
334	1140
335	1140
335	1138
336	1138
336	1137
338	1137
338	1136
339	1136
339	1135
338	1135
338	1134
339	1134
339	1133
340	1133
340	1132
341	1132
341	1131
342	1131
342	1130
343	1130
343	1129
344	1129
344	1128
345	1128
345	1126
346	1126
346	1124
349	1124
349	1122
350	1122
350	1121
351	1121
351	1120
353	1120
353	1119
354	1119
354	1118
355	1118
355	1117
357	1117
357	1116
359	1116
359	1115
360	1115
360	1113
361	1113
361	1112
362	1112
362	1111
364	1111
364	1110
367	1110
367	1108
369	1108
369	1107
370	1107
370	1100
366	1100
366	1098
365	1098
365	1097
363	1097
363	1096
361	1096
361	1095
358	1095
358	1094
357	1094
357	1093
350	1093
350	1092
349	1092
349	1091
345	1091
345	1090
342	1090
342	1089
338	1089
338	1088
337	1088
337	1085
338	1085
338	1080
339	1080
339	1078
340	1078
340	1077
341	1077
341	1072
343	1072
343	1071
344	1071
344	1070
345	1070
345	1068
346	1068
346	1067
348	1067
348	1066
349	1066
349	1064
350	1064
350	1062
352	1062
352	1061
353	1061
353	1059
355	1059
355	1058
356	1058
356	1057
357	1057
357	1056
359	1056
359	1055
360	1055
360	1053
361	1053
361	1052
362	1052
362	1048
364	1048
364	1047
367	1047
367	1046
366	1046
366	1045
367	1045
367	1044
368	1044
368	1043
369	1043
369	1042
370	1042
370	1039
372	1039
372	1037
374	1037
374	1035
375	1035
375	1033
376	1033
376	1032
378	1032
378	1029
379	1029
379	1028
380	1028
380	1025
381	1025
381	1024
382	1024
382	1023
383	1023
383	1022
384	1022
384	1021
385	1021
385	1020
386	1020
386	1019
387	1019
387	1018
388	1018
388	1017
389	1017
389	1016
390	1016
390	1015
391	1015
391	1013
393	1013
393	1012
395	1012
395	1010
397	1010
397	1009
398	1009
398	1008
399	1008
399	1007
400	1007
400	1006
401	1006
401	1005
402	1005
402	1004
404	1004
404	1003
405	1003
405	1002
406	1002
406	1001
407	1001
407	1000
409	1000
409	999
412	999
412	991
411	991
411	989
408	989
408	986
407	986
407	985
403	985
403	983
399	983
399	981
395	981
395	980
393	980
393	979
387	979
387	978
386	978
386	977
382	977
382	976
377	976
377	975
376	975
376	973
377	973
377	969
376	969
376	968
377	968
377	966
378	966
378	965
379	965
379	963
380	963
380	962
381	962
381	959
382	959
382	958
383	958
383	957
384	957
384	956
385	956
385	955
386	955
386	954
387	954
387	953
388	953
388	952
389	952
389	951
391	951
391	949
393	949
393	948
394	948
394	947
395	947
395	946
397	946
397	944
398	944
398	943
399	943
399	942
403	942
403	940
404	940
404	939
405	939
405	937
407	937
407	936
408	936
408	935
409	935
409	934
411	934
411	932
413	932
413	931
414	931
414	930
415	930
415	929
416	929
416	928
417	928
417	926
420	926
420	924
421	924
421	923
424	923
424	921
426	921
426	920
428	920
428	919
429	919
429	918
430	918
430	917
431	917
431	916
434	916
434	915
435	915
435	914
438	914
438	913
439	913
439	912
440	912
440	911
443	911
443	910
445	910
445	909
448	909
448	908
450	908
450	907
452	907
452	906
453	906
453	905
454	905
454	904
453	904
453	900
452	900
452	899
451	899
451	898
449	898
449	897
448	897
448	896
447	896
447	895
445	895
445	893
439	893
439	892
436	892
436	891
434	891
434	890
432	890
432	889
428	889
428	888
426	888
426	887
424	887
424	886
423	886
423	885
418	885
418	883
419	883
419	882
420	882
420	879
421	879
421	877
423	877
423	876
422	876
422	875
424	875
424	873
425	873
425	872
426	872
426	871
427	871
427	870
430	870
430	869
431	869
431	868
432	868
432	867
434	867
434	864
438	864
438	863
439	863
439	862
440	862
440	861
442	861
442	860
443	860
443	859
444	859
444	858
447	858
447	856
448	856
448	855
450	855
450	854
453	854
453	853
455	853
455	851
457	851
457	850
458	850
458	849
459	849
459	848
460	848
460	847
462	847
462	846
463	846
463	844
465	844
465	843
466	843
466	842
467	842
467	841
468	841
468	840
470	840
470	839
471	839
471	838
473	838
473	837
474	837
474	835
476	835
476	834
477	834
477	833
478	833
478	832
479	832
479	831
483	831
483	830
484	830
484	828
486	828
486	827
489	827
489	826
490	826
490	825
491	825
491	824
492	824
492	823
493	823
493	822
497	822
497	817
498	817
498	810
497	810
497	809
495	809
495	808
493	808
493	807
492	807
492	806
491	806
491	805
487	805
487	804
485	804
485	802
484	802
484	803
483	803
483	802
482	802
482	801
479	801
479	800
477	800
477	799
470	799
470	797
471	797
471	796
472	796
472	793
474	793
474	790
475	790
475	789
476	789
476	788
477	788
477	787
478	787
478	786
479	786
479	785
480	785
480	784
482	784
482	783
483	783
483	782
484	782
484	781
486	781
486	780
488	780
488	779
490	779
490	778
491	778
491	777
494	777
494	776
495	776
495	775
498	775
498	774
500	774
500	772
504	772
504	771
506	771
506	770
507	770
507	769
508	769
508	768
510	768
510	766
512	766
512	765
513	765
513	764
516	764
516	763
517	763
517	761
518	761
518	760
519	760
519	759
520	759
520	758
524	758
524	755
525	755
525	754
527	754
527	753
528	753
528	752
529	752
529	751
531	751
531	750
533	750
533	748
535	748
535	747
537	747
537	746
538	746
538	745
540	745
540	743
541	743
541	742
543	742
543	741
545	741
545	740
546	740
546	739
547	739
547	738
549	738
549	737
551	737
551	735
554	735
554	734
557	734
557	733
560	733
560	732
562	732
562	731
563	731
563	730
567	730
567	729
568	729
568	722
567	722
567	721
566	721
566	719
564	719
564	718
563	718
563	716
562	716
562	717
561	717
561	716
559	716
559	715
557	715
557	714
556	714
556	713
554	713
554	712
553	712
553	710
548	710
548	709
547	709
547	708
546	708
546	707
545	707
545	706
543	706
543	705
542	705
542	704
539	704
539	703
538	703
538	701
539	701
539	699
540	699
540	697
541	697
541	696
542	696
542	695
545	695
545	692
546	692
546	691
549	691
549	690
551	690
551	689
554	689
554	688
555	688
555	687
558	687
558	686
562	686
562	685
563	685
563	684
565	684
565	683
570	683
570	682
571	682
571	681
576	681
576	680
578	680
578	679
582	679
582	677
583	677
583	676
587	676
587	675
589	675
589	674
591	674
591	673
597	673
597	672
598	672
598	671
600	671
600	670
603	670
603	669
605	669
605	668
607	668
607	667
609	667
609	666
611	666
611	665
612	665
612	663
619	663
619	662
620	662
620	661
622	661
622	660
626	660
626	659
628	659
628	658
632	658
632	657
634	657
634	656
636	656
636	655
637	655
637	654
640	654
640	653
642	653
642	652
644	652
644	651
649	651
649	650
652	650
652	644
653	644
653	643
652	643
652	642
653	642
653	641
651	641
651	640
650	640
650	639
649	639
649	638
647	638
647	636
646	636
646	635
638	635
638	636
637	636
637	637
636	637
636	638
635	638
635	639
632	639
632	638
631	638
631	635
630	635
630	628
629	628
629	626
628	626
628	622
627	622
627	619
626	619
626	615
625	615
625	614
616	614
616	616
615	616
615	617
614	617
614	618
611	618
611	619
609	619
609	622
607	622
607	623
605	623
605	625
602	625
602	626
601	626
601	629
597	629
597	631
593	631
593	632
590	632
590	633
589	633
589	635
585	635
585	637
583	637
583	638
582	638
582	637
581	637
581	638
580	638
580	639
577	639
577	640
573	640
573	641
572	641
572	642
568	642
568	644
565	644
565	645
564	645
564	646
560	646
560	647
559	647
559	648
556	648
556	649
555	649
555	650
553	650
553	651
551	651
551	652
547	652
547	654
544	654
544	655
539	655
539	656
538	656
538	657
534	657
534	658
533	658
533	657
532	657
532	656
531	656
531	653
532	653
532	646
531	646
531	642
530	642
530	638
529	638
529	633
522	633
522	634
521	634
521	635
520	635
520	634
518	634
518	637
516	637
516	638
514	638
514	639
512	639
512	640
510	640
510	642
506	642
506	643
505	643
505	644
504	644
504	645
503	645
503	646
497	646
497	648
493	648
493	649
489	649
489	650
485	650
485	652
484	652
484	653
479	653
479	654
476	654
476	656
472	656
472	657
468	657
468	658
467	658
467	659
466	659
466	658
465	658
465	659
464	659
464	660
462	660
462	661
461	661
461	662
449	662
449	661
448	661
448	660
445	660
445	659
442	659
442	658
441	658
441	651
442	651
442	650
441	650
441	648
442	648
442	647
441	647
441	642
431	642
431	643
430	643
430	644
428	644
428	645
423	645
423	646
422	646
422	647
421	647
421	648
417	648
417	649
414	649
414	650
406	650
406	651
405	651
405	652
402	652
402	653
397	653
397	654
393	654
393	655
386	655
386	656
384	656
384	657
381	657
381	658
380	658
380	659
376	659
376	660
364	660
364	658
363	658
363	657
364	657
364	656
363	656
363	641
362	641
362	639
352	639
352	640
348	640
348	641
347	641
347	642
342	642
342	643
332	643
332	644
320	644
320	645
314	645
314	646
304	646
304	647
301	647
301	648
296	648
296	649
289	649
289	650
281	650
281	649
280	649
280	648
281	648
281	645
280	645
280	637
279	637
279	636
273	636
273	637
262	637
262	636
248	636
248	635
229	635
229	634
228	634
228	633
215	633
215	632
209	632
209	633
208	633
208	632
193	632
193	633
187	633
187	632
186	632
186	631
165	631
165	630
156	630
156	629
149	629
149	628
145	628
145	627
136	627
136	626
128	626
128	627
124	627
124	626
120	626
120	625
116	625
116	624
115	624
115	623
114	623
114	622
112	622
112	621
110	621
110	618
112	618
112	617
113	617
113	616
116	616
116	614
125	614
125	613
130	613
130	612
133	612
133	611
138	611
138	610
143	610
143	609
145	609
145	608
150	608
150	607
153	607
153	606
158	606
158	605
161	605
161	604
164	604
164	603
168	603
168	602
171	602
171	601
173	601
173	600
176	600
176	599
183	599
183	597
184	597
184	596
191	596
191	595
192	595
192	594
196	594
196	593
200	593
200	592
201	592
201	591
205	591
205	590
206	590
206	589
208	589
208	588
210	588
210	587
215	587
215	586
216	586
216	585
217	585
217	584
221	584
221	583
224	583
224	582
226	582
226	581
227	581
227	582
228	582
228	581
229	581
229	580
231	580
231	579
232	579
232	578
234	578
234	577
236	577
236	576
237	576
237	575
239	575
239	574
241	574
241	573
243	573
243	571
244	571
244	570
247	570
247	569
249	569
249	568
250	568
250	567
251	567
251	566
254	566
254	565
257	565
257	564
259	564
259	563
261	563
261	562
263	562
263	561
264	561
264	560
270	560
270	559
271	559
271	552
269	552
269	551
268	551
268	548
263	548
263	545
266	545
266	543
268	543
268	542
269	542
269	541
271	541
271	540
273	540
273	539
276	539
276	538
278	538
278	537
279	537
279	536
282	536
282	535
283	535
283	534
287	534
287	533
290	533
290	532
292	532
292	531
294	531
294	530
298	530
298	529
300	529
300	528
301	528
301	527
302	527
302	526
307	526
307	525
311	525
311	524
316	524
316	523
317	523
317	515
316	515
316	514
315	514
315	513
314	513
314	512
313	512
313	511
314	511
314	510
316	510
316	509
317	509
317	508
320	508
320	507
324	507
324	506
328	506
328	505
334	505
334	504
336	504
336	503
337	503
337	502
346	502
346	501
349	501
349	493
348	493
348	492
347	492
347	491
346	491
346	490
344	490
344	488
343	488
343	487
342	487
342	486
340	486
340	485
338	485
338	484
336	484
336	483
333	483
333	482
332	482
332	481
329	481
329	480
332	480
332	479
334	479
334	478
335	478
335	476
336	476
336	475
340	475
340	474
341	474
341	473
344	473
344	472
347	472
347	471
352	471
352	470
355	470
355	469
362	469
362	468
370	468
370	467
378	467
378	466
380	466
380	465
382	465
382	464
388	464
388	463
394	463
394	462
399	462
399	460
411	460
411	459
418	459
418	460
426	460
426	459
427	459
427	451
426	451
426	448
424	448
424	444
422	444
422	441
420	441
420	438
418	438
418	437
417	437
417	435
416	435
416	432
414	432
414	431
413	431
413	430
411	430
411	427
413	427
413	426
415	426
415	425
420	425
420	423
427	423
427	422
432	422
432	423
437	423
437	422
446	422
446	423
452	423
452	422
461	422
461	421
477	421
477	420
478	420
478	419
494	419
494	411
493	411
493	409
492	409
492	408
491	408
491	403
490	403
490	401
489	401
489	400
488	400
488	399
487	399
487	395
486	395
486	394
485	394
485	393
484	393
484	392
485	392
485	391
487	391
487	390
504	390
504	389
512	389
512	388
514	388
514	389
524	389
524	388
540	388
540	387
546	387
546	386
569	386
569	378
568	378
568	375
567	375
567	374
566	374
566	373
565	373
565	371
564	371
564	369
563	369
563	368
562	368
562	366
561	366
561	365
560	365
560	364
559	364
559	363
558	363
558	362
557	362
557	360
555	360
555	358
553	358
553	357
552	357
552	355
553	355
553	354
557	354
557	352
562	352
562	351
564	351
564	350
574	350
574	349
582	349
582	350
590	350
590	349
592	349
592	348
593	348
593	349
601	349
601	348
609	348
609	347
620	347
620	348
627	348
627	347
628	347
628	346
640	346
640	345
641	345
641	338
640	338
640	337
639	337
639	334
638	334
638	332
637	332
637	330
636	330
636	327
635	327
635	325
634	325
634	324
633	324
633	323
632	323
632	319
631	319
631	317
630	317
630	315
643	315
643	316
648	316
648	317
652	317
652	318
657	318
657	319
661	319
661	320
669	320
669	321
674	321
674	322
692	322
692	323
694	323
694	322
707	322
707	321
718	321
718	322
725	322
725	323
736	323
736	322
738	322
738	323
742	323
742	324
743	324
743	325
754	325
754	326
755	326
755	327
767	327
767	319
766	319
766	313
765	313
765	310
764	310
764	307
763	307
763	304
762	304
762	302
761	302
761	301
760	301
760	300
758	300
758	299
760	299
760	298
761	298
761	299
763	299
763	298
765	298
765	299
766	299
766	298
768	298
768	300
769	300
769	301
774	301
774	302
775	302
775	303
778	303
778	304
780	304
780	305
784	305
784	306
788	306
788	308
789	308
789	309
792	309
792	310
794	310
794	311
801	311
801	312
805	312
805	313
809	313
809	314
810	314
810	316
815	316
815	317
822	317
822	318
823	318
823	319
829	319
829	320
836	320
836	321
851	321
851	322
858	322
858	321
860	321
860	322
875	322
875	323
879	323
879	324
886	324
886	323
892	323
892	324
898	324
898	325
915	325
915	324
923	324
923	323
928	323
928	322
953	322
953	321
976	321
976	320
978	320
978	313
974	313
974	312
968	312
968	311
952	311
952	310
944	310
944	309
939	309
939	308
932	308
932	306
924	306
924	305
913	305
913	304
907	304
907	303
899	303
899	302
895	302
895	301
892	301
892	300
890	300
890	301
887	301
887	300
882	300
882	299
878	299
878	298
874	298
874	297
873	297
873	296
865	296
865	288
861	288
861	287
857	287
857	286
856	286
856	285
853	285
853	284
852	284
852	283
845	283
845	282
844	282
844	281
840	281
840	280
839	280
839	279
836	279
836	277
832	277
832	275
830	275
830	274
828	274
828	273
824	273
824	272
823	272
823	271
820	271
820	269
819	269
819	267
816	267
816	266
815	266
815	265
812	265
812	264
811	264
811	263
810	263
810	262
809	262
809	261
808	261
808	260
807	260
807	258
803	258
803	256
802	256
802	254
800	254
800	253
799	253
799	252
797	252
797	251
796	251
796	249
795	249
795	248
793	248
793	247
792	247
792	246
790	246
790	245
788	245
788	244
786	244
786	240
783	240
783	239
782	239
782	237
780	237
780	236
778	236
778	234
774	234
774	232
773	232
773	231
771	231
771	230
770	230
770	229
769	229
769	227
766	227
766	226
765	226
765	223
760	223
760	221
759	221
759	219
758	219
758	220
757	220
757	218
756	218
756	217
754	217
754	216
753	216
753	214
752	214
752	213
750	213
750	211
751	211
751	202
749	202
749	199
748	199
748	198
745	198
745	195
744	195
744	194
741	194
741	192
740	192
740	190
739	190
739	189
738	189
738	186
737	186
737	185
736	185
736	182
734	182
734	181
733	181
733	180
732	180
732	178
731	178
731	177
730	177
730	174
729	174
729	173
727	173
727	172
726	172
726	169
724	169
724	165
722	165
722	164
720	164
720	161
718	161
718	157
717	157
717	155
716	155
716	153
715	153
715	151
714	151
714	146
713	146
713	141
712	141
712	139
711	139
711	136
710	136
710	132
709	132
709	129
708	129
708	128
707	128
707	127
706	127
706	125
705	125
705	122
704	122
704	119
703	119
703	115
702	115
702	114
701	114
701	113
700	113
700	112
699	112
699	106
698	106
698	105
697	105
697	101
696	101
696	100
697	100
697	98
700	98
700	99
701	99
701	100
703	100
703	102
704	102
704	103
705	103
705	104
706	104
706	105
707	105
707	106
708	106
708	107
709	107
709	109
710	109
710	110
711	110
711	111
712	111
712	112
713	112
713	113
714	113
714	115
715	115
715	116
716	116
716	117
717	117
717	119
718	119
718	121
720	121
720	122
721	122
721	123
722	123
722	125
723	125
723	126
729	126
729	129
730	129
730	131
731	131
731	132
733	132
733	133
734	133
734	134
738	134
738	135
739	135
739	136
738	136
738	137
739	137
739	139
742	139
742	140
747	140
747	143
748	143
748	144
751	144
751	146
753	146
753	147
755	147
755	148
763	148
763	151
764	151
764	152
769	152
769	153
772	153
772	155
776	155
776	156
780	156
780	158
782	158
782	159
785	159
785	160
792	160
792	162
793	162
793	164
796	164
796	165
797	165
797	167
805	167
805	169
813	169
813	171
814	171
814	172
823	172
823	173
826	173
826	175
828	175
828	176
831	176
831	177
832	177
832	178
834	178
834	179
843	179
843	180
842	180
842	181
847	181
847	182
855	182
855	183
859	183
859	185
863	185
863	186
867	186
867	187
868	187
868	188
871	188
871	189
875	189
875	190
880	190
880	192
884	192
884	193
885	193
885	194
890	194
890	196
895	196
895	197
901	197
901	198
905	198
905	200
906	200
906	201
909	201
909	202
912	202
912	203
913	203
913	204
916	204
916	205
918	205
918	206
926	206
926	208
928	208
928	209
936	209
936	210
941	210
941	211
942	211
942	212
944	212
944	213
947	213
947	214
951	214
951	216
952	216
952	217
959	217
959	218
963	218
963	220
964	220
964	221
973	221
973	222
975	222
975	224
976	224
976	225
980	225
980	226
984	226
984	227
985	227
985	228
988	228
988	229
990	229
990	230
994	230
994	231
998	231
998	232
999	232
999	233
1004	233
1004	234
1008	234
1008	235
1013	235
1013	236
1014	236
1014	235
1017	235
1017	238
1024	238
1024	239
1028	239
1028	240
1030	240
1030	241
1032	241
1032	242
1034	242
1034	243
1035	243
1035	244
1042	244
1042	245
1043	245
1043	246
1046	246
1046	247
1047	247
1047	248
1055	248
1055	250
1056	250
1056	251
1063	251
1063	254
1066	254
1066	255
1068	255
1068	256
1071	256
1071	258
1073	258
1073	259
1074	259
1074	260
1078	260
1078	262
1081	262
1081	263
1083	263
1083	264
1084	264
1084	266
1085	266
1085	267
1088	267
1088	269
1093	269
1093	271
1094	271
1094	272
1095	272
1095	274
1096	274
1096	275
1102	275
1102	276
1103	276
1103	279
1106	279
1106	280
1107	280
1107	281
1108	281
1108	282
1109	282
1109	283
1112	283
1112	284
1113	284
1113	285
1116	285
1116	286
1117	286
1117	288
1120	288
1120	289
1121	289
1121	291
1123	291
1123	292
1125	292
1125	293
1150	293
1150	294
1162	294
1162	293
1163	293
1163	292
1166	292
1166	291
1168	291
1168	290
1172	290
1172	291
1173	291
1173	290
1177	290
1177	289
1178	289
1178	288
1180	288
1180	289
1182	289
1182	288
1192	288
1192	287
1193	287
1193	288
1195	288
1195	287
1196	287
1196	288
1197	288
1197	287
1198	287
1198	286
1199	286
1199	284
1201	284
1201	283
1207	283
1207	281
1219	281
1219	280
1231	280
1231	279
1232	279
1232	278
1233	278
1233	277
1246	277
1246	276
1248	276
1248	275
1253	275
1253	272
1254	272
1254	273
1260	273
1260	272
1265	272
1265	271
1274	271
1274	270
1275	270
1275	268
1277	268
1277	269
1282	269
1282	268
1286	268
1286	269
1293	269
1293	268
1298	268
1298	267
1300	267
1300	268
1303	268
1303	267
1308	267
1308	268
1309	268
1309	267
1315	267
1315	266
1316	266
1316	267
1319	267
1319	266
1328	266
1328	267
1329	267
1329	266
1330	266
1330	267
1331	267
1331	266
1332	266
1332	265
1334	265
1334	266
1335	266
1335	267
1364	267
1364	268
1372	268
1372	267
1386	267
1386	266
1388	266
1388	267
1389	267
1389	266
1391	266
1391	265
1395	265
1395	264
1397	264
1397	263
1402	263
1402	262
1408	262
1408	261
1415	261
1415	260
1419	260
1419	259
1422	259
1422	258
1424	258
1424	259
1425	259
1425	258
1427	258
1427	260
1426	260
1426	261
1425	261
1425	262
1424	262
1424	263
1423	263
1423	266
1422	266
1422	268
1421	268
1421	275
1422	275
1422	276
1443	276
1443	275
1449	275
1449	276
1457	276
1457	275
1459	275
1459	276
1461	276
1461	275
1462	275
1462	276
1471	276
1471	275
1477	275
1477	274
1479	274
1479	273
1480	273
1480	274
1486	274
1486	273
1488	273
1488	272
1492	272
1492	271
1505	271
1505	273
1504	273
1504	274
1503	274
1503	277
1502	277
1502	280
1501	280
1501	283
1500	283
1500	292
1509	292
1509	293
1512	293
1512	292
1526	292
1526	293
1528	293
1528	294
1529	294
1529	293
1531	293
1531	294
1533	294
1533	293
1535	293
1535	294
1536	294
1536	295
1539	295
1539	296
1549	296
1549	297
1557	297
1557	298
1574	298
1574	297
1576	297
1576	298
1578	298
1578	300
1579	300
1579	301
1578	301
1578	302
1576	302
1576	304
1575	304
1575	314
1576	314
1576	315
1582	315
1582	316
1590	316
1590	317
1593	317
1593	318
1604	318
1604	320
1606	320
1606	321
1611	321
1611	322
1615	322
1615	323
1624	323
1624	324
1626	324
1626	325
1635	325
1635	326
1636	326
1636	327
1641	327
1641	328
1642	328
1642	329
1646	329
1646	330
1648	330
1648	331
1650	331
1650	332
1654	332
1654	333
1656	333
1656	334
1662	334
1662	335
1663	335
1663	337
1674	337
1674	338
1675	338
1675	339
1678	339
1678	340
1683	340
1683	341
1686	341
1686	342
1691	342
1691	343
1701	343
1701	344
1705	344
1705	345
1714	345
1714	346
1721	346
1721	345
1723	345
1723	346
1725	346
1725	347
1732	347
1732	348
1736	348
1736	349
1742	349
1742	350
1745	350
1745	351
1748	351
1748	352
1752	352
1752	353
1755	353
1755	354
1760	354
1760	355
1761	355
1761	356
1763	356
1763	358
1765	358
1765	359
1766	359
1766	360
1765	360
1765	361
1763	361
1763	363
1757	363
1757	364
1756	364
1756	365
1753	365
1753	366
1747	366
1747	367
1745	367
1745	368
1741	368
1741	369
1733	369
1733	371
1732	371
1732	370
1730	370
1730	371
1729	371
1729	370
1728	370
1728	371
1727	371
1727	370
1726	370
1726	371
1722	371
1722	372
1721	372
1721	373
1717	373
1717	374
1713	374
1713	375
1709	375
1709	376
1707	376
1707	377
1701	377
1701	378
1697	378
1697	379
1696	379
1696	380
1692	380
1692	381
1688	381
1688	382
1684	382
1684	383
1683	383
1683	384
1679	384
1679	385
1678	385
1678	386
1675	386
1675	387
1672	387
1672	388
1664	388
1664	389
1656	389
1656	390
1654	390
1654	389
1651	389
1651	390
1650	390
1650	391
1646	391
1646	392
1641	392
1641	393
1637	393
1637	394
1629	394
1629	395
1627	395
1627	396
1621	396
1621	397
1620	397
1620	398
1606	398
1606	397
1597	397
1597	407
1598	407
1598	409
1599	409
1599	410
1600	410
1600	412
1598	412
1598	413
1592	413
1592	414
1571	414
1571	422
1572	422
1572	423
1609	423
1609	424
1610	424
1610	425
1618	425
1618	426
1619	426
1619	427
1632	427
1632	428
1634	428
1634	429
1642	429
1642	430
1648	430
1648	431
1656	431
1656	432
1661	432
1661	433
1669	433
1669	432
1675	432
1675	433
1680	433
1680	434
1686	434
1686	435
1688	435
1688	437
1690	437
1690	438
1691	438
1691	439
1689	439
1689	440
1688	440
1688	441
1687	441
1687	442
1686	442
1686	443
1685	443
1685	444
1684	444
1684	445
1683	445
1683	447
1682	447
1682	448
1680	448
1680	450
1679	450
1679	452
1678	452
1678	453
1677	453
1677	454
1676	454
1676	455
1675	455
1675	456
1674	456
1674	457
1673	457
1673	459
1674	459
1674	461
1673	461
1673	464
1674	464
1674	465
1691	465
1691	464
1694	464
1694	465
1704	465
1704	466
1723	466
1723	467
1732	467
1732	468
1736	468
1736	469
1737	469
1737	468
1741	468
1741	469
1745	469
1745	470
1747	470
1747	471
1750	471
1750	472
1754	472
1754	473
1757	473
1757	474
1760	474
1760	476
1763	476
1763	477
1764	477
1764	478
1765	478
1765	479
1767	479
1767	480
1766	480
1766	481
1763	481
1763	482
1762	482
1762	483
1761	483
1761	484
1759	484
1759	485
1757	485
1757	486
1756	486
1756	487
1755	487
1755	488
1754	488
1754	489
1753	489
1753	490
1752	490
1752	491
1750	491
1750	492
1749	492
1749	493
1747	493
1747	494
1746	494
1746	496
1745	496
1745	497
1743	497
1743	498
1742	498
1742	499
1741	499
1741	506
1742	506
1742	507
1745	507
1745	506
1746	506
1746	507
1759	507
1759	508
1771	508
1771	509
1772	509
1772	510
1777	510
1777	511
1778	511
1778	512
1780	512
1780	513
1785	513
1785	514
1786	514
1786	515
1787	515
1787	516
1791	516
1791	517
1797	517
1797	518
1799	518
1799	519
1802	519
1802	520
1804	520
1804	521
1805	521
1805	522
1810	522
1810	523
1815	523
1815	524
1817	524
1817	525
1822	525
1822	526
1826	526
1826	527
1829	527
1829	528
1830	528
1830	529
1836	529
1836	530
1838	530
1838	531
1842	531
1842	532
1844	532
1844	533
1847	533
1847	534
1848	534
1848	535
1851	535
1851	536
1852	536
1852	537
1851	537
1851	538
1850	538
1850	539
1849	539
1849	540
1848	540
1848	541
1847	541
1847	542
1846	542
1846	543
1845	543
1845	545
1843	545
1843	546
1842	546
1842	548
1840	548
1840	549
1839	549
1839	550
1838	550
1838	551
1837	551
1837	553
1836	553
1836	554
1835	554
1835	556
1834	556
1834	563
1840	563
1840	564
1852	564
1852	565
1853	565
1853	566
1859	566
1859	567
1862	567
1862	569
1866	569
1866	570
1868	570
1868	571
1870	571
1870	572
1871	572
1871	573
1873	573
1873	574
1876	574
1876	575
1878	575
1878	576
1879	576
1879	578
1883	578
1883	579
1884	579
1884	580
1888	580
1888	581
1891	581
1891	582
1892	582
1892	583
1898	583
1898	584
1900	584
1900	585
1903	585
1903	586
1904	586
1904	587
1908	587
1908	588
1909	588
1909	589
1913	589
1913	590
1914	590
1914	591
1915	591
1915	592
1917	592
1917	593
1919	593
1919	594
1920	594
1920	595
1921	595
1921	596
1923	596
1923	597
1922	597
1922	598
1921	598
1921	599
1918	599
1918	600
1917	600
1917	602
1916	602
1916	603
1915	603
1915	604
1914	604
1914	605
1913	605
1913	606
1912	606
1912	608
1911	608
1911	609
1910	609
1910	617
1914	617
1914	618
1920	618
1920	619
1922	619
1922	620
1925	620
1925	621
1928	621
1928	622
1931	622
1931	623
1932	623
1932	624
1934	624
1934	625
1937	625
1937	626
1939	626
1939	627
1942	627
1942	629
1946	629
1946	630
1948	630
1948	631
1950	631
1950	632
1954	632
1954	633
1957	633
1957	634
1966	634
1966	635
1967	635
1967	637
1966	637
1966	638
1969	638
1969	639
1970	639
1970	640
1971	640
1971	642
1972	642
1972	643
1970	643
1970	644
1969	644
1969	645
1968	645
1968	646
1966	646
1966	648
1964	648
1964	650
1963	650
1963	651
1962	651
1962	659
1964	659
1964	660
1970	660
1970	661
1971	661
1971	662
1975	662
1975	663
1976	663
1976	664
1977	664
1977	666
1979	666
1979	667
1982	667
1982	668
1983	668
1983	670
1988	670
1988	671
1989	671
1989	672
1990	672
1990	674
1993	674
1993	675
1996	675
1996	676
1997	676
1997	678
1999	678
1999	679
2001	679
2001	680
2003	680
2003	681
2004	681
2004	682
2005	682
2005	683
2007	683
2007	684
2016	684
2016	687
2017	687
2017	688
2019	688
2019	689
2021	689
2021	691
2023	691
2023	692
2024	692
2024	693
2026	693
2026	694
2027	694
2027	695
2029	695
2029	696
2030	696
2030	697
2032	697
2032	698
2033	698
2033	700
2036	700
2036	701
2037	701
2037	702
2040	702
2040	704
2042	704
2042	706
2045	706
2045	707
2046	707
2046	709
2049	709
2049	710
2051	710
2051	711
2053	711
2053	712
2054	712
2054	713
2056	713
2056	714
2058	714
2058	716
2062	716
2062	717
2066	717
2066	718
2068	718
2068	719
2074	719
2074	720
2075	720
2075	721
2078	721
2078	722
2080	722
2080	724
2084	724
2084	725
2087	725
2087	726
2089	726
2089	727
2091	727
2091	728
2092	728
2092	729
2096	729
2096	730
2097	730
2097	731
2104	731
2104	733
2107	733
2107	734
2109	734
2109	735
2111	735
2111	736
2113	736
2113	737
2118	737
2118	738
2121	738
2121	739
2124	739
2124	740
2125	740
2125	741
2129	741
2129	742
2130	742
2130	743
2137	743
2137	746
2136	746
2136	747
2134	747
2134	748
2133	748
2133	749
2132	749
2132	750
2128	750
2128	751
2116	751
2116	752
2096	752
2096	753
2076	753
2076	752
2071	752
2071	753
2070	753
2070	752
2060	752
2060	751
2052	751
2052	750
2047	750
2047	749
2035	749
2035	748
2034	748
2034	747
2008	747
2008	748
2005	748
2005	747
1975	747
1975	748
1974	748
1974	747
1972	747
1972	746
1960	746
1960	745
1959	745
1959	744
1958	744
1958	745
1956	745
1956	744
1955	744
1955	743
1948	743
1948	744
1947	744
1947	757
1948	757
1948	758
1952	758
1952	759
1946	759
1946	760
1944	760
1944	759
1939	759
1939	758
1934	758
1934	757
1933	757
1933	758
1931	758
1931	757
1930	757
1930	756
1927	756
1927	755
1922	755
1922	754
1914	754
1914	753
1906	753
1906	752
1898	752
1898	751
1897	751
1897	750
1889	750
1889	749
1883	749
1883	748
1879	748
1879	747
1877	747
1877	746
1873	746
1873	745
1872	745
1872	744
1868	744
1868	743
1864	743
1864	742
1863	742
1863	741
1860	741
1860	739
1850	739
1850	740
1849	740
1849	755
1850	755
1850	764
1847	764
1847	765
1842	765
1842	764
1835	764
1835	763
1833	763
1833	762
1831	762
1831	761
1827	761
1827	760
1826	760
1826	759
1823	759
1823	758
1819	758
1819	756
1818	756
1818	755
1814	755
1814	754
1810	754
1810	752
1805	752
1805	751
1802	751
1802	750
1800	750
1800	749
1798	749
1798	748
1797	748
1797	747
1794	747
1794	746
1791	746
1791	745
1790	745
1790	744
1789	744
1789	743
1785	743
1785	742
1783	742
1783	741
1781	741
1781	740
1780	740
1780	739
1777	739
1777	736
1776	736
1776	735
1772	735
1772	733
1769	733
1769	732
1768	732
1768	731
1767	731
1767	728
1766	728
1766	730
1763	730
1763	729
1761	729
1761	730
1760	730
1760	731
1759	731
1759	732
1758	732
1758	737
1757	737
1757	752
1756	752
1756	753
1755	753
1755	754
1752	754
1752	753
1748	753
1748	752
1744	752
1744	751
1743	751
1743	750
1740	750
1740	749
1736	749
1736	747
1735	747
1735	746
1731	746
1731	744
1730	744
1730	743
1727	743
1727	741
1724	741
1724	740
1723	740
1723	739
1722	739
1722	738
1719	738
1719	736
1718	736
1718	735
1715	735
1715	734
1714	734
1714	733
1710	733
1710	731
1706	731
1706	730
1702	730
1702	728
1698	728
1698	727
1694	727
1694	725
1689	725
1689	723
1688	723
1688	724
1687	724
1687	723
1686	723
1686	722
1685	722
1685	721
1681	721
1681	718
1677	718
1677	716
1675	716
1675	715
1674	715
1674	714
1673	714
1673	713
1671	713
1671	712
1670	712
1670	710
1669	710
1669	707
1668	707
1668	706
1665	706
1665	705
1664	705
1664	704
1663	704
1663	702
1655	702
1655	703
1654	703
1654	704
1655	704
1655	705
1654	705
1654	709
1653	709
1653	711
1652	711
1652	718
1651	718
1651	719
1650	719
1650	723
1649	723
1649	730
1648	730
1648	731
1647	731
1647	730
1644	730
1644	729
1640	729
1640	728
1639	728
1639	727
1637	727
1637	726
1635	726
1635	725
1636	725
1636	724
1634	724
1634	723
1633	723
1633	722
1632	722
1632	721
1631	721
1631	718
1628	718
1628	717
1627	717
1627	716
1626	716
1626	715
1625	715
1625	714
1623	714
1623	710
1620	710
1620	709
1619	709
1619	708
1617	708
1617	707
1615	707
1615	705
1614	705
1614	704
1613	704
1613	703
1612	703
1612	702
1611	702
1611	701
1610	701
1610	699
1608	699
1608	698
1607	698
1607	697
1606	697
1606	694
1605	694
1605	695
1604	695
1604	694
1602	694
1602	692
1600	692
1600	690
1599	690
1599	691
1598	691
1598	690
1597	690
1597	689
1596	689
1596	688
1594	688
1594	685
1590	685
1590	681
1586	681
1586	676
1585	676
1585	675
1581	675
1581	672
1580	672
1580	671
1579	671
1579	670
1577	670
1577	667
1576	667
1576	666
1570	666
1570	667
1569	667
1569	668
1567	668
1567	672
1566	672
1566	674
1565	674
1565	676
1564	676
1564	679
1563	679
1563	683
1564	683
1564	685
1562	685
1562	684
1560	684
1560	683
1558	683
1558	681
1556	681
1556	680
1555	680
1555	678
1554	678
1554	676
1553	676
1553	675
1552	675
1552	673
1550	673
1550	672
1549	672
1549	671
1548	671
1548	669
1547	669
1547	668
1538	668
1538	669
1536	669
1536	671
1534	671
1534	672
1532	672
1532	673
1529	673
1529	674
1526	674
1526	676
1525	676
