1583	848
1584	848
1584	849
1586	849
1586	851
1588	851
1588	852
1589	852
1589	853
1590	853
1590	854
1593	854
1593	855
1595	855
1595	856
1596	856
1596	858
1599	858
1599	859
1601	859
1601	860
1602	860
1602	861
1604	861
1604	862
1605	862
1605	863
1607	863
1607	867
1608	867
1608	868
1613	868
1613	869
1614	869
1614	870
1615	870
1615	871
1617	871
1617	872
1618	872
1618	873
1619	873
1619	876
1624	876
1624	880
1625	880
1625	881
1626	881
1626	882
1628	882
1628	883
1630	883
1630	884
1631	884
1631	885
1632	885
1632	886
1634	886
1634	888
1635	888
1635	889
1637	889
1637	890
1638	890
1638	893
1640	893
1640	894
1642	894
1642	896
1643	896
1643	899
1647	899
1647	903
1648	903
1648	904
1650	904
1650	912
1635	912
1635	913
1634	913
1634	914
1633	914
1633	915
1632	915
1632	914
1626	914
1626	915
1618	915
1618	924
1619	924
1619	925
1621	925
1621	926
1622	926
1622	928
1624	928
1624	929
1625	929
1625	930
1626	930
1626	931
1627	931
1627	932
1632	932
1632	934
1633	934
1633	935
1635	935
1635	936
1637	936
1637	938
1638	938
1638	940
1640	940
1640	941
1644	941
1644	945
1645	945
1645	946
1649	946
1649	947
1650	947
1650	950
1652	950
1652	951
1654	951
1654	952
1655	952
1655	953
1654	953
1654	954
1655	954
1655	955
1658	955
1658	956
1659	956
1659	957
1660	957
1660	959
1661	959
1661	960
1662	960
1662	961
1664	961
1664	962
1665	962
1665	964
1666	964
1666	965
1668	965
1668	967
1669	967
1669	970
1671	970
1671	971
1672	971
1672	972
1673	972
1673	975
1674	975
1674	976
1675	976
1675	980
1676	980
1676	981
1678	981
1678	982
1677	982
1677	986
1675	986
1675	987
1674	987
1674	986
1673	986
1673	987
1670	987
1670	988
1666	988
1666	989
1665	989
1665	990
1662	990
1662	991
1658	991
1658	993
1657	993
1657	994
1658	994
1658	1000
1660	1000
1660	1001
1661	1001
1661	1002
1663	1002
1663	1003
1666	1003
1666	1004
1667	1004
1667	1005
1668	1005
1668	1006
1672	1006
1672	1008
1673	1008
1673	1009
1675	1009
1675	1010
1676	1010
1676	1012
1679	1012
1679	1013
1680	1013
1680	1015
1681	1015
1681	1016
1684	1016
1684	1017
1685	1017
1685	1019
1686	1019
1686	1021
1690	1021
1690	1022
1691	1022
1691	1023
1693	1023
1693	1024
1694	1024
1694	1025
1696	1025
1696	1026
1697	1026
1697	1028
1698	1028
1698	1029
1699	1029
1699	1028
1700	1028
1700	1029
1701	1029
1701	1031
1702	1031
1702	1032
1704	1032
1704	1033
1705	1033
1705	1036
1706	1036
1706	1037
1708	1037
1708	1042
1709	1042
1709	1043
1710	1043
1710	1044
1711	1044
1711	1047
1712	1047
1712	1050
1711	1050
1711	1053
1701	1053
1701	1055
1696	1055
1696	1057
1694	1057
1694	1058
1686	1058
1686	1060
1685	1060
1685	1062
1686	1062
1686	1063
1685	1063
1685	1066
1686	1066
1686	1068
1689	1068
1689	1069
1690	1069
1690	1071
1695	1071
1695	1072
1696	1072
1696	1073
1699	1073
1699	1075
1703	1075
1703	1078
1706	1078
1706	1079
1707	1079
1707	1080
1709	1080
1709	1081
1710	1081
1710	1082
1711	1082
1711	1083
1712	1083
1712	1084
1714	1084
1714	1085
1717	1085
1717	1086
1718	1086
1718	1087
1719	1087
1719	1088
1721	1088
1721	1089
1722	1089
1722	1090
1723	1090
1723	1091
1725	1091
1725	1093
1729	1093
1729	1095
1730	1095
1730	1096
1731	1096
1731	1098
1733	1098
1733	1099
1734	1099
1734	1100
1735	1100
1735	1101
1736	1101
1736	1102
1737	1102
1737	1104
1739	1104
1739	1108
1741	1108
1741	1109
1743	1109
1743	1110
1744	1110
1744	1109
1747	1109
1747	1110
1744	1110
1744	1111
1743	1111
1743	1121
1742	1121
1742	1122
1732	1122
1732	1123
1727	1123
1727	1124
1725	1124
1725	1125
1719	1125
1719	1140
1721	1140
1721	1141
1725	1141
1725	1144
1726	1144
1726	1147
1729	1147
1729	1148
1731	1148
1731	1149
1732	1149
1732	1150
1733	1150
1733	1151
1735	1151
1735	1152
1736	1152
1736	1154
1737	1154
1737	1155
1738	1155
1738	1156
1740	1156
1740	1157
1741	1157
1741	1158
1742	1158
1742	1160
1743	1160
1743	1161
1744	1161
1744	1162
1745	1162
1745	1163
1747	1163
1747	1164
1748	1164
1748	1166
1749	1166
1749	1167
1750	1167
1750	1169
1751	1169
1751	1170
1754	1170
1754	1173
1755	1173
1755	1174
1757	1174
1757	1179
1758	1179
1758	1180
1761	1180
1761	1185
1763	1185
1763	1186
1764	1186
1764	1188
1765	1188
1765	1190
1766	1190
1766	1195
1768	1195
1768	1200
1769	1200
1769	1201
1770	1201
1770	1202
1769	1202
1769	1204
1768	1204
1768	1205
1767	1205
1767	1207
1763	1207
1763	1206
1752	1206
1752	1207
1743	1207
1743	1208
1742	1208
1742	1218
1745	1218
1745	1219
1747	1219
1747	1221
1748	1221
1748	1222
1750	1222
1750	1223
1751	1223
1751	1225
1752	1225
1752	1226
1755	1226
1755	1229
1756	1229
1756	1228
1757	1228
1757	1230
1758	1230
1758	1231
1759	1231
1759	1232
1760	1232
1760	1233
1761	1233
1761	1234
1762	1234
1762	1235
1763	1235
1763	1236
1764	1236
1764	1237
1765	1237
1765	1239
1766	1239
1766	1240
1767	1240
1767	1241
1768	1241
1768	1242
1771	1242
1771	1243
1770	1243
1770	1245
1771	1245
1771	1246
1772	1246
1772	1247
1773	1247
1773	1249
1774	1249
1774	1250
1775	1250
1775	1251
1776	1251
1776	1252
1777	1252
1777	1254
1778	1254
1778	1256
1779	1256
1779	1257
1780	1257
1780	1261
1781	1261
1781	1262
1783	1262
1783	1263
1784	1263
1784	1267
1785	1267
1785	1280
1783	1280
1783	1281
1780	1281
1780	1282
1777	1282
1777	1281
1774	1281
1774	1282
1756	1282
1756	1290
1757	1290
1757	1291
1758	1291
1758	1292
1762	1292
1762	1294
1763	1294
1763	1295
1762	1295
1762	1296
1763	1296
1763	1297
1764	1297
1764	1298
1767	1298
1767	1300
1768	1300
1768	1302
1769	1302
1769	1303
1771	1303
1771	1304
1772	1304
1772	1307
1773	1307
1773	1308
1774	1308
1774	1310
1775	1310
1775	1312
1776	1312
1776	1313
1777	1313
1777	1315
1778	1315
1778	1318
1780	1318
1780	1319
1781	1319
1781	1321
1782	1321
1782	1322
1783	1322
1783	1323
1784	1323
1784	1326
1785	1326
1785	1328
1787	1328
1787	1331
1788	1331
1788	1333
1789	1333
1789	1334
1790	1334
1790	1335
1791	1335
1791	1336
1792	1336
1792	1337
1793	1337
1793	1343
1795	1343
1795	1344
1796	1344
1796	1347
1797	1347
1797	1350
1798	1350
1798	1349
1800	1349
1800	1354
1801	1354
1801	1355
1802	1355
1802	1360
1803	1360
1803	1366
1799	1366
1799	1367
1794	1367
1794	1368
1793	1368
1793	1379
1798	1379
1798	1384
1800	1384
1800	1385
1801	1385
1801	1386
1802	1386
1802	1388
1803	1388
1803	1389
1804	1389
1804	1392
1805	1392
1805	1393
1806	1393
1806	1394
1807	1394
1807	1395
1808	1395
1808	1399
1809	1399
1809	1400
1810	1400
1810	1401
1811	1401
1811	1404
1812	1404
1812	1405
1813	1405
1813	1409
1814	1409
1814	1410
1815	1410
1815	1411
1816	1411
1816	1413
1817	1413
1817	1415
1818	1415
1818	1416
1819	1416
1819	1420
1821	1420
1821	1421
1822	1421
1822	1422
1823	1422
1823	1423
1824	1423
1824	1425
1826	1425
1826	1428
1827	1428
1827	1430
1828	1430
1828	1431
1829	1431
1829	1435
1830	1435
1830	1436
1832	1436
1832	1437
1833	1437
1833	1438
1832	1438
1832	1440
1834	1440
1834	1442
1837	1442
1837	1446
1838	1446
1838	1451
1840	1451
1840	1452
1841	1452
1841	1454
1842	1454
1842	1456
1843	1456
1843	1458
1844	1458
1844	1460
1845	1460
1845	1463
1847	1463
1847	1464
1848	1464
1848	1466
1849	1466
1849	1467
1850	1467
1850	1468
1851	1468
1851	1469
1852	1469
1852	1470
1853	1470
1853	1469
1854	1469
1854	1476
1856	1476
1856	1477
1857	1477
1857	1481
1858	1481
1858	1482
1860	1482
1860	1483
1861	1483
1861	1484
1862	1484
1862	1486
1863	1486
1863	1487
1864	1487
1864	1488
1865	1488
1865	1492
1868	1492
1868	1494
1869	1494
1869	1495
1870	1495
1870	1497
1872	1497
1872	1498
1873	1498
1873	1500
1874	1500
1874	1501
1875	1501
1875	1502
1877	1502
1877	1504
1878	1504
1878	1507
1880	1507
1880	1509
1883	1509
1883	1513
1884	1513
1884	1514
1885	1514
1885	1517
1888	1517
1888	1518
1889	1518
1889	1521
1890	1521
1890	1522
1891	1522
1891	1523
1892	1523
1892	1524
1893	1524
1893	1525
1894	1525
1894	1527
1895	1527
1895	1528
1897	1528
1897	1530
1898	1530
1898	1531
1899	1531
1899	1533
1902	1533
1902	1535
1903	1535
1903	1536
1904	1536
1904	1537
1905	1537
1905	1538
1906	1538
1906	1539
1907	1539
1907	1540
1908	1540
1908	1541
1909	1541
1909	1543
1911	1543
1911	1544
1912	1544
1912	1546
1913	1546
1913	1548
1914	1548
1914	1549
1915	1549
1915	1550
1916	1550
1916	1553
1917	1553
1917	1554
1918	1554
1918	1555
1919	1555
1919	1558
1912	1558
1912	1557
1907	1557
1907	1556
1904	1556
1904	1555
1902	1555
1902	1554
1899	1554
1899	1553
1898	1553
1898	1554
1897	1554
1897	1552
1896	1552
1896	1551
1892	1551
1892	1549
1887	1549
1887	1546
1884	1546
1884	1545
1881	1545
1881	1544
1880	1544
1880	1543
1879	1543
1879	1541
1876	1541
1876	1540
1872	1540
1872	1539
1871	1539
1871	1537
1868	1537
1868	1536
1867	1536
1867	1535
1866	1535
1866	1534
1864	1534
1864	1533
1861	1533
1861	1531
1859	1531
1859	1530
1858	1530
1858	1529
1857	1529
1857	1528
1856	1528
1856	1527
1855	1527
1855	1526
1851	1526
1851	1525
1850	1525
1850	1524
1849	1524
1849	1523
1848	1523
1848	1522
1847	1522
1847	1521
1845	1521
1845	1520
1844	1520
1844	1519
1843	1519
1843	1517
1841	1517
1841	1516
1840	1516
1840	1515
1837	1515
1837	1514
1835	1514
1835	1513
1834	1513
1834	1510
1832	1510
1832	1508
1830	1508
1830	1507
1828	1507
1828	1506
1826	1506
1826	1503
1825	1503
1825	1502
1823	1502
1823	1501
1821	1501
1821	1500
1820	1500
1820	1499
1819	1499
1819	1498
1817	1498
1817	1497
1816	1497
1816	1496
1815	1496
1815	1495
1814	1495
1814	1494
1813	1494
1813	1493
1811	1493
1811	1491
1810	1491
1810	1490
1808	1490
1808	1489
1807	1489
1807	1488
1806	1488
1806	1487
1805	1487
1805	1485
1803	1485
1803	1484
1802	1484
1802	1482
1800	1482
1800	1480
1797	1480
1797	1479
1796	1479
1796	1478
1795	1478
1795	1475
1792	1475
1792	1474
1791	1474
1791	1473
1790	1473
1790	1472
1787	1472
1787	1471
1786	1471
1786	1470
1785	1470
1785	1468
1784	1468
1784	1467
1782	1467
1782	1466
1780	1466
1780	1465
1779	1465
1779	1464
1778	1464
1778	1462
1777	1462
1777	1460
1775	1460
1775	1459
1774	1459
1774	1457
1772	1457
1772	1456
1771	1456
1771	1455
1770	1455
1770	1454
1769	1454
1769	1453
1768	1453
1768	1452
1767	1452
1767	1451
1766	1451
1766	1450
1765	1450
1765	1449
1764	1449
1764	1446
1762	1446
1762	1445
1761	1445
1761	1444
1759	1444
1759	1442
1758	1442
1758	1441
1757	1441
1757	1440
1756	1440
1756	1439
1754	1439
1754	1437
1752	1437
1752	1436
1751	1436
1751	1434
1749	1434
1749	1432
1747	1432
1747	1429
1746	1429
1746	1428
1744	1428
1744	1424
1742	1424
1742	1423
1740	1423
1740	1422
1741	1422
1741	1421
1740	1421
1740	1419
1738	1419
1738	1418
1731	1418
1731	1419
1730	1419
1730	1425
1727	1425
1727	1426
1724	1426
1724	1425
1723	1425
1723	1424
1722	1424
1722	1423
1721	1423
1721	1422
1713	1422
1713	1414
1712	1414
1712	1413
1711	1413
1711	1412
1710	1412
1710	1411
1709	1411
1709	1410
1708	1410
1708	1408
1706	1408
1706	1406
1705	1406
1705	1404
1704	1404
1704	1403
1703	1403
1703	1401
1702	1401
1702	1400
1701	1400
1701	1399
1700	1399
1700	1398
1698	1398
1698	1393
1695	1393
1695	1392
1694	1392
1694	1390
1693	1390
1693	1388
1691	1388
1691	1387
1690	1387
1690	1383
1688	1383
1688	1382
1687	1382
1687	1379
1686	1379
1686	1378
1685	1378
1685	1377
1684	1377
1684	1373
1683	1373
1683	1372
1682	1372
1682	1371
1683	1371
1683	1369
1682	1369
1682	1367
1674	1367
1674	1368
1673	1368
1673	1369
1672	1369
1672	1372
1671	1372
1671	1373
1670	1373
1670	1375
1669	1375
1669	1376
1668	1376
1668	1377
1667	1377
1667	1380
1666	1380
1666	1381
1665	1381
1665	1383
1664	1383
1664	1384
1663	1384
1663	1385
1662	1385
1662	1386
1655	1386
1655	1382
1654	1382
1654	1381
1653	1381
1653	1380
1652	1380
1652	1378
1651	1378
1651	1377
1650	1377
1650	1376
1649	1376
1649	1375
1648	1375
1648	1374
1647	1374
1647	1373
1646	1373
1646	1372
1645	1372
1645	1370
1644	1370
1644	1368
1643	1368
1643	1367
1642	1367
1642	1366
1641	1366
1641	1363
1640	1363
1640	1362
1639	1362
1639	1358
1638	1358
1638	1357
1637	1357
1637	1356
1636	1356
1636	1355
1637	1355
1637	1353
1636	1353
1636	1352
1635	1352
1635	1348
1634	1348
1634	1344
1633	1344
1633	1341
1632	1341
1632	1337
1631	1337
1631	1332
1630	1332
1630	1331
1626	1331
1626	1332
1625	1332
1625	1331
1622	1331
1622	1336
1621	1336
1621	1337
1619	1337
1619	1342
1617	1342
1617	1341
1616	1341
1616	1347
1614	1347
1614	1351
1611	1351
1611	1350
1610	1350
1610	1349
1606	1349
1606	1347
1605	1347
1605	1345
1603	1345
1603	1343
1602	1343
1602	1342
1600	1342
1600	1341
1599	1341
1599	1340
1598	1340
1598	1339
1597	1339
1597	1338
1596	1338
1596	1332
1595	1332
1595	1331
1592	1331
1592	1327
1591	1327
1591	1326
1589	1326
1589	1322
1588	1322
1588	1321
1587	1321
1587	1316
1586	1316
1586	1314
1585	1314
1585	1312
1586	1312
1586	1311
1584	1311
1584	1306
1583	1306
1583	1302
1582	1302
1582	1296
1581	1296
1581	1293
1580	1293
1580	1285
1579	1285
1579	1277
1578	1277
1578	1276
1570	1276
1570	1277
1569	1277
1569	1279
1568	1279
1568	1281
1565	1281
1565	1282
1566	1282
1566	1283
1565	1283
1565	1284
1563	1284
1563	1287
1560	1287
1560	1290
1559	1290
1559	1292
1558	1292
1558	1293
1557	1293
1557	1297
1555	1297
1555	1296
1554	1296
1554	1295
1550	1295
1550	1294
1549	1294
1549	1293
1547	1293
1547	1291
1545	1291
1545	1289
1544	1289
1544	1285
1542	1285
1542	1284
1541	1284
1541	1283
1540	1283
1540	1282
1539	1282
1539	1279
1538	1279
1538	1278
1537	1278
1537	1277
1536	1277
1536	1276
1535	1276
1535	1275
1534	1275
1534	1270
1532	1270
1532	1269
1533	1269
1533	1268
1532	1268
1532	1267
1531	1267
1531	1264
1529	1264
1529	1260
1528	1260
1528	1259
1527	1259
1527	1256
1526	1256
1526	1255
1525	1255
1525	1254
1524	1254
1524	1244
1523	1244
1523	1245
1522	1245
1522	1244
1520	1244
1520	1240
1519	1240
1519	1235
1518	1235
1518	1234
1517	1234
1517	1229
1516	1229
1516	1224
1515	1224
1515	1219
1514	1219
1514	1208
1513	1208
1513	1207
1505	1207
1505	1208
1504	1208
1504	1209
1502	1209
1502	1210
1501	1210
1501	1214
1499	1214
1499	1215
1500	1215
1500	1216
1499	1216
1499	1217
1497	1217
1497	1218
1496	1218
1496	1221
1495	1221
1495	1222
1494	1222
1494	1223
1493	1223
1493	1224
1491	1224
1491	1229
1490	1229
1490	1230
1489	1230
1489	1231
1488	1231
1488	1229
1484	1229
1484	1228
1483	1228
1483	1225
1482	1225
1482	1224
1480	1224
1480	1222
1479	1222
1479	1221
1478	1221
1478	1219
1477	1219
1477	1218
1476	1218
1476	1217
1475	1217
1475	1216
1474	1216
1474	1215
1473	1215
1473	1209
1471	1209
1471	1208
1470	1208
1470	1205
1469	1205
1469	1199
1468	1199
1468	1198
1467	1198
1467	1196
1466	1196
1466	1192
1465	1192
1465	1190
1464	1190
1464	1188
1463	1188
1463	1184
1462	1184
1462	1179
1461	1179
1461	1178
1460	1178
1460	1173
1459	1173
1459	1171
1458	1171
1458	1166
1457	1166
1457	1164
1458	1164
1458	1160
1457	1160
1457	1140
1448	1140
1448	1142
1446	1142
1446	1143
1445	1143
1445	1149
1440	1149
1440	1152
1438	1152
1438	1153
1437	1153
1437	1154
1436	1154
1436	1155
1434	1155
1434	1156
1433	1156
1433	1157
1432	1157
1432	1158
1430	1158
1430	1162
1428	1162
1428	1163
1427	1163
1427	1164
1426	1164
1426	1163
1424	1163
1424	1161
1423	1161
1423	1160
1422	1160
1422	1158
1420	1158
1420	1157
1419	1157
1419	1153
1417	1153
1417	1150
1416	1150
1416	1149
1415	1149
1415	1148
1414	1148
1414	1141
1413	1141
1413	1140
1412	1140
1412	1137
1411	1137
1411	1136
1412	1136
1412	1135
1411	1135
1411	1132
1410	1132
1410	1131
1409	1131
1409	1127
1408	1127
1408	1122
1407	1122
1407	1121
1406	1121
1406	1117
1405	1117
1405	1114
1404	1114
1404	1111
1403	1111
1403	1107
1402	1107
1402	1103
1401	1103
1401	1097
1400	1097
1400	1096
1398	1096
1398	1069
1389	1069
1389	1071
1388	1071
1388	1073
1387	1073
1387	1074
1386	1074
1386	1075
1385	1075
1385	1076
1384	1076
1384	1078
1382	1078
1382	1080
1380	1080
1380	1081
1379	1081
1379	1086
1374	1086
1374	1090
1373	1090
1373	1091
1372	1091
1372	1092
1371	1092
1371	1094
1369	1094
1369	1095
1367	1095
1367	1093
1366	1093
1366	1092
1365	1092
1365	1091
1364	1091
1364	1087
1363	1087
1363	1086
1360	1086
1360	1081
1358	1081
1358	1078
1357	1078
1357	1076
1356	1076
1356	1075
1355	1075
1355	1070
1354	1070
1354	1067
1353	1067
1353	1062
1352	1062
1352	1046
1351	1046
1351	1045
1350	1045
1350	1040
1349	1040
1349	1036
1348	1036
1348	1034
1347	1034
1347	1020
1346	1020
1346	1019
1345	1019
1345	1004
1344	1004
1344	1003
1336	1003
1336	1004
1335	1004
1335	1003
1334	1003
1334	1004
1331	1004
1331	1005
1330	1005
1330	1007
1328	1007
1328	1009
1326	1009
1326	1010
1325	1010
1325	1014
1318	1014
1318	1015
1317	1015
1317	1018
1315	1018
1315	1017
1314	1017
1314	1015
1312	1015
1312	1014
1311	1014
1311	1012
1312	1012
1312	1011
1311	1011
1311	1009
1309	1009
1309	1004
1307	1004
1307	996
1306	996
1306	979
1305	979
1305	974
1304	974
1304	942
1305	942
1305	933
1306	933
1306	923
1305	923
1305	922
1304	922
1304	923
1303	923
1303	922
1302	922
1302	923
1296	923
1296	924
1297	924
1297	925
1296	925
1296	926
1297	926
1297	927
1295	927
1295	929
1294	929
1294	930
1293	930
1293	931
1292	931
1292	932
1291	932
1291	933
1290	933
1290	934
1289	934
1289	935
1288	935
1288	936
1287	936
1287	937
1285	937
1285	938
1283	938
1283	940
1282	940
1282	941
1281	941
1281	942
1280	942
1280	941
1278	941
1278	942
1275	942
1275	940
1274	940
1274	939
1273	939
1273	938
1272	938
1272	937
1271	937
1271	935
1272	935
1272	934
1271	934
1271	932
1270	932
1270	931
1271	931
1271	929
1270	929
1270	928
1268	928
1268	907
1263	907
1263	906
1258	906
1258	905
1253	905
1253	904
1252	904
1252	903
1248	903
1248	902
1242	902
1242	901
1231	901
1231	902
1230	902
1230	910
1231	910
1231	911
1232	911
1232	913
1233	913
1233	914
1234	914
1234	916
1235	916
1235	917
1236	917
1236	919
1237	919
1237	921
1238	921
1238	923
1239	923
1239	925
1240	925
1240	927
1241	927
1241	929
1242	929
1242	930
1243	930
1243	933
1244	933
1244	934
1245	934
1245	935
1246	935
1246	939
1247	939
1247	940
1249	940
1249	943
1250	943
1250	944
1252	944
1252	945
1255	945
1255	950
1256	950
1256	952
1257	952
1257	953
1258	953
1258	955
1259	955
1259	960
1261	960
1261	965
1264	965
1264	969
1265	969
1265	975
1266	975
1266	978
1265	978
1265	979
1264	979
1264	985
1263	985
1263	984
1258	984
1258	983
1257	983
1257	982
1252	982
1252	981
1243	981
1243	979
1242	979
1242	978
1232	978
1232	979
1231	979
1231	978
1229	978
1229	979
1228	979
1228	987
1229	987
1229	988
1230	988
1230	991
1234	991
1234	996
1235	996
1235	997
1236	997
1236	1000
1237	1000
1237	1001
1238	1001
1238	1004
1239	1004
1239	1005
1240	1005
1240	1007
1241	1007
1241	1008
1242	1008
1242	1010
1243	1010
1243	1012
1244	1012
1244	1014
1245	1014
1245	1016
1247	1016
1247	1017
1248	1017
1248	1021
1249	1021
1249	1022
1250	1022
1250	1024
1251	1024
1251	1026
1252	1026
1252	1027
1253	1027
1253	1029
1254	1029
1254	1030
1255	1030
1255	1031
1256	1031
1256	1036
1257	1036
1257	1037
1259	1037
1259	1039
1260	1039
1260	1042
1262	1042
1262	1044
1263	1044
1263	1047
1264	1047
1264	1051
1265	1051
1265	1052
1266	1052
1266	1053
1265	1053
1265	1054
1266	1054
1266	1056
1267	1056
1267	1057
1268	1057
1268	1061
1269	1061
1269	1072
1267	1072
1267	1073
1266	1073
1266	1074
1265	1074
1265	1073
1252	1073
1252	1072
1248	1072
1248	1071
1243	1071
1243	1070
1236	1070
1236	1069
1234	1069
1234	1070
1231	1070
1231	1078
1232	1078
1232	1079
1234	1079
1234	1081
1235	1081
1235	1083
1236	1083
1236	1084
1235	1084
1235	1085
1237	1085
1237	1087
1238	1087
1238	1088
1239	1088
1239	1089
1240	1089
1240	1092
1241	1092
1241	1094
1242	1094
1242	1095
1243	1095
1243	1097
1244	1097
1244	1098
1245	1098
1245	1101
1246	1101
1246	1103
1248	1103
1248	1106
1249	1106
1249	1108
1250	1108
1250	1109
1251	1109
1251	1113
1252	1113
1252	1114
1253	1114
1253	1115
1254	1115
1254	1118
1255	1118
1255	1120
1256	1120
1256	1124
1258	1124
1258	1127
1259	1127
1259	1128
1260	1128
1260	1131
1261	1131
1261	1134
1264	1134
1264	1135
1265	1135
1265	1140
1266	1140
1266	1143
1267	1143
1267	1144
1268	1144
1268	1146
1269	1146
1269	1154
1271	1154
1271	1166
1270	1166
1270	1168
1269	1168
1269	1173
1263	1173
1263	1171
1258	1171
1258	1168
1253	1168
1253	1167
1251	1167
1251	1166
1248	1166
1248	1165
1247	1165
1247	1164
1235	1164
1235	1174
1236	1174
1236	1175
1237	1175
1237	1176
1238	1176
1238	1178
1239	1178
1239	1179
1241	1179
1241	1184
1242	1184
1242	1185
1244	1185
1244	1187
1245	1187
1245	1189
1246	1189
1246	1191
1247	1191
1247	1193
1249	1193
1249	1196
1250	1196
1250	1198
1251	1198
1251	1200
1252	1200
1252	1201
1253	1201
1253	1204
1254	1204
1254	1206
1255	1206
1255	1207
1256	1207
1256	1210
1257	1210
1257	1212
1258	1212
1258	1215
1259	1215
1259	1217
1260	1217
1260	1221
1261	1221
1261	1226
1262	1226
1262	1232
1263	1232
1263	1239
1262	1239
1262	1240
1261	1240
1261	1246
1259	1246
1259	1248
1257	1248
1257	1247
1253	1247
1253	1245
1252	1245
1252	1244
1247	1244
1247	1243
1242	1243
1242	1242
1240	1242
1240	1241
1238	1241
1238	1240
1237	1240
1237	1239
1229	1239
1229	1240
1228	1240
1228	1248
1229	1248
1229	1250
1230	1250
1230	1251
1231	1251
1231	1253
1232	1253
1232	1254
1233	1254
1233	1256
1234	1256
1234	1257
1235	1257
1235	1258
1236	1258
1236	1261
1237	1261
1237	1262
1238	1262
1238	1264
1239	1264
1239	1267
1240	1267
1240	1268
1241	1268
1241	1269
1240	1269
1240	1270
1241	1270
1241	1272
1243	1272
1243	1274
1244	1274
1244	1277
1245	1277
1245	1280
1246	1280
1246	1282
1247	1282
1247	1283
1248	1283
1248	1287
1249	1287
1249	1288
1250	1288
1250	1290
1251	1290
1251	1292
1252	1292
1252	1293
1253	1293
1253	1299
1254	1299
1254	1304
1255	1304
1255	1303
1256	1303
1256	1321
1253	1321
1253	1322
1254	1322
1254	1326
1247	1326
1247	1325
1243	1325
1243	1324
1242	1324
1242	1323
1236	1323
1236	1322
1229	1322
1229	1323
1227	1323
1227	1332
1228	1332
1228	1333
1229	1333
1229	1336
1230	1336
1230	1338
1232	1338
1232	1340
1233	1340
1233	1343
1234	1343
1234	1344
1235	1344
1235	1347
1236	1347
1236	1349
1237	1349
1237	1352
1238	1352
1238	1354
1239	1354
1239	1358
1240	1358
1240	1359
1241	1359
1241	1361
1242	1361
1242	1363
1243	1363
1243	1366
1244	1366
1244	1369
1245	1369
1245	1372
1246	1372
1246	1375
1247	1375
1247	1378
1248	1378
1248	1380
1249	1380
1249	1386
1250	1386
1250	1394
1251	1394
1251	1397
1250	1397
1250	1399
1249	1399
1249	1400
1250	1400
1250	1402
1249	1402
1249	1405
1248	1405
1248	1407
1249	1407
1249	1408
1242	1408
1242	1407
1238	1407
1238	1406
1232	1406
1232	1405
1233	1405
1233	1404
1232	1404
1232	1403
1227	1403
1227	1402
1223	1402
1223	1401
1222	1401
1222	1400
1220	1400
1220	1399
1213	1399
1213	1400
1211	1400
1211	1408
1212	1408
1212	1410
1213	1410
1213	1412
1214	1412
1214	1415
1215	1415
1215	1416
1216	1416
1216	1419
1217	1419
1217	1421
1218	1421
1218	1425
1219	1425
1219	1426
1220	1426
1220	1435
1221	1435
1221	1436
1222	1436
1222	1438
1223	1438
1223	1445
1224	1445
1224	1449
1225	1449
1225	1461
1226	1461
1226	1466
1227	1466
1227	1467
1228	1467
1228	1470
1229	1470
1229	1471
1228	1471
1228	1475
1229	1475
1229	1486
1228	1486
1228	1490
1227	1490
1227	1491
1226	1491
1226	1496
1225	1496
1225	1497
1223	1497
1223	1496
1222	1496
1222	1494
1212	1494
1212	1490
1207	1490
1207	1489
1204	1489
1204	1488
1195	1488
1195	1496
1196	1496
1196	1498
1197	1498
1197	1501
1198	1501
1198	1502
1199	1502
1199	1504
1200	1504
1200	1507
1201	1507
1201	1510
1202	1510
1202	1511
1203	1511
1203	1515
1204	1515
1204	1516
1205	1516
1205	1519
1206	1519
1206	1520
1207	1520
1207	1527
1208	1527
1208	1528
1209	1528
1209	1535
1210	1535
1210	1542
1211	1542
1211	1544
1212	1544
1212	1545
1211	1545
1211	1552
1210	1552
1210	1557
1208	1557
1208	1561
1207	1561
1207	1562
1205	1562
1205	1564
1203	1564
1203	1563
1202	1563
1202	1562
1201	1562
1201	1560
1197	1560
1197	1558
1192	1558
1192	1557
1191	1557
1191	1556
1188	1556
1188	1555
1186	1555
1186	1552
1177	1552
1177	1563
1178	1563
1178	1565
1179	1565
1179	1568
1180	1568
1180	1570
1181	1570
1181	1573
1182	1573
1182	1574
1183	1574
1183	1578
1184	1578
1184	1580
1185	1580
1185	1582
1184	1582
1184	1583
1185	1583
1185	1584
1187	1584
1187	1587
1188	1587
1188	1589
1189	1589
1189	1593
1190	1593
1190	1599
1191	1599
1191	1603
1192	1603
1192	1611
1191	1611
1191	1613
1190	1613
1190	1614
1189	1614
1189	1616
1188	1616
1188	1617
1187	1617
1187	1616
1182	1616
1182	1615
1176	1615
1176	1613
1164	1613
1164	1624
1165	1624
1165	1626
1166	1626
1166	1628
1167	1628
1167	1632
1168	1632
1168	1635
1169	1635
1169	1645
1170	1645
1170	1650
1171	1650
1171	1661
1172	1661
1172	1662
1171	1662
1171	1665
1172	1665
1172	1680
1170	1680
1170	1681
1169	1681
1169	1683
1160	1683
1160	1696
1161	1696
1161	1703
1162	1703
1162	1707
1163	1707
1163	1711
1164	1711
1164	1737
1165	1737
1165	1754
1166	1754
1166	1767
1167	1767
1167	1770
1168	1770
1168	1781
1169	1781
1169	1793
1170	1793
1170	1794
1171	1794
1171	1795
1172	1795
1172	1808
1173	1808
1173	1811
1174	1811
1174	1824
1175	1824
1175	1826
1176	1826
1176	1834
1177	1834
1177	1836
1178	1836
1178	1839
1179	1839
1179	1854
1180	1854
1180	1856
1181	1856
1181	1863
1182	1863
1182	1875
1183	1875
1183	1886
1184	1886
1184	1895
1183	1895
1183	1896
1185	1896
1185	1897
1183	1897
1183	1896
1182	1896
1182	1897
1180	1897
1180	1896
1182	1896
1182	1895
1181	1895
1181	1894
1179	1894
1179	1889
1178	1889
1178	1888
1174	1888
1174	1887
1171	1887
1171	1884
1170	1884
1170	1883
1169	1883
1169	1882
1168	1882
1168	1880
1167	1880
1167	1879
1166	1879
1166	1875
1165	1875
1165	1874
1163	1874
1163	1873
1162	1873
1162	1872
1163	1872
1163	1871
1162	1871
1162	1869
1161	1869
1161	1868
1159	1868
1159	1867
1158	1867
1158	1864
1157	1864
1157	1863
1156	1863
1156	1859
1155	1859
1155	1858
1153	1858
1153	1854
1152	1854
1152	1853
1151	1853
1151	1849
1150	1849
1150	1848
1148	1848
1148	1847
1149	1847
1149	1845
1148	1845
1148	1843
1146	1843
1146	1839
1145	1839
1145	1838
1144	1838
1144	1836
1143	1836
1143	1833
1141	1833
1141	1829
1140	1829
1140	1828
1139	1828
1139	1827
1138	1827
1138	1823
1137	1823
1137	1822
1135	1822
1135	1818
1134	1818
1134	1817
1130	1817
1130	1807
1128	1807
1128	1803
1127	1803
1127	1799
1126	1799
1126	1797
1124	1797
1124	1796
1123	1796
1123	1792
1121	1792
1121	1791
1120	1791
1120	1782
1119	1782
1119	1781
1117	1781
1117	1780
1116	1780
1116	1777
1115	1777
1115	1772
1114	1772
1114	1771
1112	1771
1112	1765
1111	1765
1111	1761
1109	1761
1109	1756
1107	1756
1107	1755
1108	1755
1108	1754
1107	1754
1107	1753
1106	1753
1106	1751
1105	1751
1105	1747
1104	1747
1104	1746
1103	1746
1103	1745
1102	1745
1102	1741
1101	1741
1101	1740
1100	1740
1100	1737
1099	1737
1099	1735
1098	1735
1098	1731
1094	1731
1094	1715
1093	1715
1093	1710
1092	1710
1092	1702
1091	1702
1091	1701
1092	1701
1092	1700
1091	1700
1091	1699
1092	1699
1092	1698
1090	1698
1090	1697
1082	1697
1082	1698
1081	1698
1081	1699
1080	1699
1080	1698
1078	1698
1078	1699
1077	1699
1077	1701
1076	1701
1076	1702
1074	1702
1074	1700
1071	1700
1071	1699
1070	1699
1070	1695
1069	1695
1069	1694
1068	1694
1068	1692
1067	1692
1067	1691
1066	1691
1066	1676
1065	1676
1065	1669
1064	1669
1064	1664
1063	1664
1063	1659
1062	1659
1062	1657
1061	1657
1061	1648
1060	1648
1060	1647
1061	1647
1061	1646
1060	1646
1060	1643
1059	1643
1059	1620
1060	1620
1060	1610
1052	1610
1052	1611
1051	1611
1051	1613
1049	1613
1049	1612
1048	1612
1048	1613
1046	1613
1046	1618
1041	1618
1041	1621
1036	1621
1036	1626
1031	1626
1031	1627
1030	1627
1030	1626
1029	1626
1029	1624
1028	1624
1028	1623
1025	1623
1025	1619
1024	1619
1024	1618
1022	1618
1022	1617
1021	1617
1021	1609
1020	1609
1020	1603
1019	1603
1019	1600
1018	1600
1018	1577
1017	1577
1017	1573
1018	1573
1018	1545
1019	1545
1019	1540
1020	1540
1020	1534
1021	1534
1021	1531
1022	1531
1022	1530
1023	1530
1023	1521
1015	1521
1015	1520
1014	1520
1014	1522
1013	1522
1013	1523
1012	1523
1012	1524
1011	1524
1011	1525
1009	1525
1009	1526
1005	1526
1005	1528
1004	1528
1004	1529
1003	1529
1003	1530
1002	1530
1002	1531
1000	1531
1000	1533
995	1533
995	1535
990	1535
990	1538
985	1538
985	1536
984	1536
984	1532
983	1532
983	1531
980	1531
980	1523
979	1523
979	1512
978	1512
978	1503
979	1503
979	1497
980	1497
980	1492
981	1492
981	1491
982	1491
982	1483
983	1483
983	1481
984	1481
984	1475
985	1475
985	1472
986	1472
986	1471
987	1471
987	1466
989	1466
989	1462
990	1462
990	1459
991	1459
991	1457
992	1457
992	1449
991	1449
991	1448
984	1448
984	1449
982	1449
982	1450
981	1450
981	1451
979	1451
979	1452
978	1452
978	1453
976	1453
976	1454
970	1454
970	1455
969	1455
969	1457
968	1457
968	1458
967	1458
967	1459
965	1459
965	1460
964	1460
964	1461
961	1461
961	1458
960	1458
960	1457
959	1457
959	1456
958	1456
958	1455
957	1455
957	1450
956	1450
956	1440
955	1440
955	1421
956	1421
956	1417
957	1417
957	1411
958	1411
958	1402
959	1402
959	1395
960	1395
960	1394
961	1394
961	1386
962	1386
962	1381
963	1381
963	1377
964	1377
964	1372
965	1372
965	1371
966	1371
966	1370
967	1370
967	1369
968	1369
968	1364
969	1364
969	1355
958	1355
958	1356
957	1356
957	1357
954	1357
954	1359
950	1359
950	1360
949	1360
949	1362
944	1362
944	1366
939	1366
939	1367
938	1367
938	1368
936	1368
936	1369
935	1369
935	1370
933	1370
933	1369
932	1369
932	1368
931	1368
931	1362
930	1362
930	1361
929	1361
929	1360
928	1360
928	1359
927	1359
927	1357
928	1357
928	1344
927	1344
927	1343
928	1343
928	1340
927	1340
927	1339
928	1339
928	1331
929	1331
929	1328
931	1328
931	1323
932	1323
932	1322
933	1322
933	1315
934	1315
934	1313
935	1313
935	1311
936	1311
936	1309
935	1309
935	1308
936	1308
936	1307
937	1307
937	1302
938	1302
938	1301
939	1301
939	1299
940	1299
940	1297
941	1297
941	1294
942	1294
942	1292
943	1292
943	1290
944	1290
944	1287
946	1287
946	1277
936	1277
936	1276
935	1276
935	1278
934	1278
934	1279
933	1279
933	1280
929	1280
929	1281
928	1281
928	1282
925	1282
925	1283
919	1283
919	1284
918	1284
918	1285
913	1285
913	1282
912	1282
912	1280
911	1280
911	1275
910	1275
910	1270
909	1270
909	1262
910	1262
910	1248
911	1248
911	1244
912	1244
912	1242
913	1242
913	1238
914	1238
914	1236
915	1236
915	1230
916	1230
916	1229
917	1229
917	1222
918	1222
918	1216
919	1216
919	1215
920	1215
920	1207
921	1207
921	1205
922	1205
922	1202
923	1202
923	1199
924	1199
924	1195
926	1195
926	1191
927	1191
927	1189
928	1189
928	1186
930	1186
930	1184
931	1184
931	1180
932	1180
932	1179
934	1179
934	1177
935	1177
935	1175
936	1175
936	1167
924	1167
924	1168
919	1168
919	1169
918	1169
918	1171
917	1171
917	1172
913	1172
913	1173
912	1173
912	1174
910	1174
910	1175
904	1175
904	1176
903	1176
903	1178
901	1178
901	1177
900	1177
900	1178
898	1178
898	1180
896	1180
896	1181
892	1181
892	1179
891	1179
891	1178
890	1178
890	1174
889	1174
889	1173
888	1173
888	1165
889	1165
889	1158
890	1158
890	1154
891	1154
891	1148
892	1148
892	1143
893	1143
893	1139
894	1139
894	1138
895	1138
895	1135
896	1135
896	1132
897	1132
897	1131
898	1131
898	1129
900	1129
900	1125
901	1125
901	1122
902	1122
902	1121
903	1121
903	1119
904	1119
904	1118
905	1118
905	1115
906	1115
906	1112
907	1112
907	1111
908	1111
908	1109
909	1109
909	1108
910	1108
910	1105
911	1105
911	1103
912	1103
912	1101
913	1101
913	1098
915	1098
915	1095
917	1095
917	1094
916	1094
916	1093
918	1093
918	1091
919	1091
919	1088
921	1088
921	1087
922	1087
922	1085
923	1085
923	1076
914	1076
914	1077
913	1077
913	1080
908	1080
908	1081
903	1081
903	1084
898	1084
898	1085
896	1085
896	1084
895	1084
895	1081
893	1081
893	1077
892	1077
892	1071
891	1071
891	1067
892	1067
892	1057
895	1057
895	1049
896	1049
896	1046
897	1046
897	1044
898	1044
898	1042
899	1042
899	1041
900	1041
900	1037
901	1037
901	1034
902	1034
902	1032
903	1032
903	1031
905	1031
905	1026
906	1026
906	1023
907	1023
907	1021
908	1021
908	1019
909	1019
909	1018
911	1018
911	1017
910	1017
910	1016
911	1016
911	1014
912	1014
912	1012
913	1012
913	1007
915	1007
915	1005
916	1005
916	1004
917	1004
917	1002
918	1002
918	1001
920	1001
920	996
922	996
922	994
923	994
923	991
925	991
925	990
926	990
926	989
927	989
927	988
926	988
926	987
927	987
927	986
928	986
928	978
927	978
927	977
919	977
919	978
918	978
918	979
915	979
915	980
914	980
914	981
909	981
909	982
908	982
908	984
903	984
903	985
902	985
902	986
901	986
901	987
900	987
900	988
898	988
898	987
897	987
897	985
896	985
896	978
895	978
895	965
896	965
896	963
897	963
897	956
898	956
898	953
899	953
899	950
900	950
900	948
901	948
901	947
902	947
902	945
903	945
903	943
904	943
904	941
905	941
905	940
906	940
906	939
907	939
907	935
908	935
908	933
909	933
909	931
910	931
910	930
911	930
911	927
913	927
913	925
914	925
914	924
915	924
915	922
916	922
916	914
920	914
920	912
921	912
921	911
922	911
922	909
923	909
923	908
924	908
924	906
925	906
925	905
926	905
926	903
927	903
927	902
928	902
928	899
931	899
931	896
932	896
932	895
933	895
933	887
924	887
924	889
923	889
923	890
921	890
921	891
919	891
919	892
913	892
913	894
909	894
909	895
907	895
907	896
904	896
904	897
903	897
903	898
893	898
893	902
891	902
891	906
890	906
890	907
888	907
888	910
885	910
885	909
884	909
884	907
880	907
880	906
879	906
879	902
876	902
876	901
875	901
875	900
873	900
873	899
872	899
872	897
863	897
863	898
859	898
859	918
858	918
858	928
857	928
857	943
856	943
856	948
855	948
855	958
853	958
853	959
852	959
852	968
850	968
850	969
849	969
849	975
848	975
848	976
847	976
847	977
846	977
846	978
847	978
847	979
846	979
846	980
845	980
845	981
844	981
844	982
843	982
843	984
842	984
842	985
841	985
841	986
839	986
839	985
838	985
838	986
837	986
837	985
836	985
836	980
835	980
835	979
833	979
833	977
831	977
831	976
830	976
830	974
829	974
829	973
828	973
828	971
826	971
826	970
825	970
825	968
824	968
824	964
823	964
823	963
814	963
814	986
813	986
813	1000
812	1000
812	1004
811	1004
811	1019
810	1019
810	1022
809	1022
809	1027
808	1027
808	1030
806	1030
806	1037
805	1037
805	1038
806	1038
806	1040
803	1040
803	1045
801	1045
801	1046
800	1046
800	1047
799	1047
799	1048
798	1048
798	1049
797	1049
797	1052
796	1052
796	1053
795	1053
795	1054
794	1054
794	1055
792	1055
792	1056
791	1056
791	1057
790	1057
790	1058
788	1058
788	1056
787	1056
787	1055
786	1055
786	1053
785	1053
785	1050
782	1050
782	1048
780	1048
780	1046
779	1046
779	1045
778	1045
778	1044
777	1044
777	1042
776	1042
776	1041
775	1041
775	1038
774	1038
774	1037
772	1037
772	1035
770	1035
770	1034
764	1034
764	1035
763	1035
763	1055
762	1055
762	1063
761	1063
761	1066
760	1066
760	1073
759	1073
759	1080
758	1080
758	1088
757	1088
757	1089
758	1089
758	1090
757	1090
757	1091
755	1091
755	1099
754	1099
754	1102
753	1102
753	1105
752	1105
752	1107
750	1107
750	1114
749	1114
749	1116
748	1116
748	1117
747	1117
747	1120
746	1120
746	1122
745	1122
745	1123
744	1123
744	1124
743	1124
743	1125
742	1125
742	1126
741	1126
741	1127
740	1127
740	1130
739	1130
739	1131
737	1131
737	1132
736	1132
736	1133
735	1133
735	1134
733	1134
733	1133
732	1133
732	1132
731	1132
731	1129
730	1129
730	1128
727	1128
727	1127
726	1127
726	1124
725	1124
725	1123
723	1123
723	1122
722	1122
722	1117
720	1117
720	1116
719	1116
719	1114
718	1114
718	1112
716	1112
716	1110
715	1110
715	1108
713	1108
713	1107
712	1107
712	1106
705	1106
705	1107
704	1107
704	1119
703	1119
703	1121
704	1121
704	1128
703	1128
703	1130
702	1130
702	1137
701	1137
701	1145
700	1145
700	1147
699	1147
699	1148
698	1148
698	1149
699	1149
699	1150
698	1150
698	1157
697	1157
697	1158
696	1158
696	1165
695	1165
695	1168
694	1168
694	1169
693	1169
693	1177
692	1177
692	1179
691	1179
691	1183
690	1183
690	1188
689	1188
689	1189
688	1189
688	1191
686	1191
686	1193
685	1193
685	1194
684	1194
684	1195
683	1195
683	1199
681	1199
681	1200
680	1200
680	1201
678	1201
678	1205
676	1205
676	1206
675	1206
675	1203
674	1203
674	1204
673	1204
673	1203
672	1203
672	1202
671	1202
671	1201
670	1201
670	1199
669	1199
669	1198
667	1198
667	1197
666	1197
666	1196
665	1196
665	1194
664	1194
664	1193
662	1193
662	1192
661	1192
661	1190
660	1190
660	1189
659	1189
659	1187
650	1187
650	1189
649	1189
649	1191
650	1191
650	1193
649	1193
649	1198
648	1198
648	1204
647	1204
647	1212
646	1212
646	1214
645	1214
645	1218
644	1218
644	1224
643	1224
643	1225
642	1225
642	1229
641	1229
641	1230
640	1230
640	1234
639	1234
639	1235
638	1235
638	1239
637	1239
637	1240
636	1240
636	1245
635	1245
635	1246
634	1246
634	1249
633	1249
633	1250
631	1250
631	1253
630	1253
630	1255
627	1255
627	1258
623	1258
623	1259
622	1259
622	1262
619	1262
619	1259
617	1259
617	1258
616	1258
616	1257
615	1257
615	1256
614	1256
614	1255
613	1255
613	1253
611	1253
611	1252
610	1252
610	1251
609	1251
609	1249
608	1249
608	1247
607	1247
607	1246
606	1246
606	1245
605	1245
605	1244
606	1244
606	1243
602	1243
602	1242
601	1242
601	1243
600	1243
600	1242
598	1242
598	1243
596	1243
596	1244
595	1244
595	1258
594	1258
594	1261
593	1261
593	1270
591	1270
591	1276
590	1276
590	1278
589	1278
589	1285
587	1285
587	1286
586	1286
586	1292
585	1292
585	1295
584	1295
584	1296
583	1296
583	1299
582	1299
582	1300
581	1300
581	1303
580	1303
580	1306
579	1306
579	1307
578	1307
578	1308
577	1308
577	1309
576	1309
576	1312
575	1312
575	1313
574	1313
574	1314
573	1314
573	1315
572	1315
572	1316
571	1316
571	1317
570	1317
570	1318
569	1318
569	1319
568	1319
568	1320
567	1320
567	1321
566	1321
566	1322
559	1322
559	1319
558	1319
558	1318
557	1318
557	1317
556	1317
556	1316
555	1316
555	1315
554	1315
554	1314
553	1314
553	1313
552	1313
552	1312
551	1312
551	1311
550	1311
550	1306
547	1306
547	1301
544	1301
544	1296
535	1296
535	1305
534	1305
534	1310
533	1310
533	1314
532	1314
532	1319
531	1319
531	1321
530	1321
530	1325
529	1325
529	1326
528	1326
528	1328
527	1328
527	1331
525	1331
525	1332
524	1332
524	1333
525	1333
525	1334
524	1334
524	1335
525	1335
525	1337
524	1337
524	1338
523	1338
523	1340
522	1340
522	1341
521	1341
521	1342
520	1342
520	1343
519	1343
519	1349
518	1349
518	1351
517	1351
517	1352
515	1352
515	1353
514	1353
514	1357
513	1357
513	1358
512	1358
512	1362
510	1362
510	1363
509	1363
509	1367
508	1367
508	1368
507	1368
507	1370
506	1370
506	1372
505	1372
505	1373
504	1373
504	1374
503	1374
503	1375
502	1375
502	1376
501	1376
501	1377
500	1377
500	1378
499	1378
499	1380
497	1380
497	1382
495	1382
495	1383
494	1383
494	1385
489	1385
489	1387
488	1387
488	1386
487	1386
487	1384
486	1384
486	1383
484	1383
484	1382
483	1382
483	1381
482	1381
482	1380
481	1380
481	1377
480	1377
480	1375
478	1375
478	1371
477	1371
477	1369
476	1369
476	1368
475	1368
475	1367
474	1367
474	1366
473	1366
473	1362
464	1362
464	1363
463	1363
463	1367
462	1367
462	1368
461	1368
461	1370
460	1370
460	1372
458	1372
458	1377
457	1377
457	1378
456	1378
456	1379
455	1379
455	1380
454	1380
454	1382
453	1382
453	1383
451	1383
451	1386
449	1386
449	1387
448	1387
448	1389
447	1389
447	1390
446	1390
446	1391
445	1391
445	1392
444	1392
444	1393
443	1393
443	1395
442	1395
442	1396
441	1396
441	1397
440	1397
440	1398
438	1398
438	1400
437	1400
437	1402
436	1402
436	1403
433	1403
433	1405
432	1405
432	1406
431	1406
431	1407
430	1407
430	1408
429	1408
429	1413
425	1413
425	1415
424	1415
424	1416
423	1416
423	1418
422	1418
422	1419
421	1419
421	1420
420	1420
420	1421
419	1421
419	1422
418	1422
418	1423
417	1423
417	1424
415	1424
415	1426
414	1426
414	1428
413	1428
413	1429
412	1429
412	1430
411	1430
411	1431
410	1431
410	1432
409	1432
409	1433
408	1433
408	1434
406	1434
406	1435
405	1435
405	1436
404	1436
404	1437
402	1437
402	1436
401	1436
401	1435
399	1435
399	1434
390	1434
390	1439
387	1439
387	1444
385	1444
385	1446
384	1446
384	1448
383	1448
383	1449
382	1449
382	1451
381	1451
381	1452
380	1452
380	1453
379	1453
379	1454
377	1454
377	1455
376	1455
376	1457
374	1457
374	1459
373	1459
373	1460
372	1460
372	1461
371	1461
371	1462
370	1462
370	1464
367	1464
367	1465
366	1465
366	1468
365	1468
365	1469
364	1469
364	1470
363	1470
363	1473
360	1473
360	1474
359	1474
359	1475
357	1475
357	1477
356	1477
356	1478
355	1478
355	1479
354	1479
354	1480
352	1480
352	1482
351	1482
351	1484
350	1484
350	1486
349	1486
349	1487
348	1487
348	1488
347	1488
347	1489
346	1489
346	1490
344	1490
344	1493
341	1493
341	1496
340	1496
340	1497
339	1497
339	1498
338	1498
338	1499
337	1499
337	1500
336	1500
336	1501
335	1501
335	1502
334	1502
334	1503
333	1503
333	1504
332	1504
332	1505
331	1505
331	1506
330	1506
330	1508
329	1508
329	1509
328	1509
328	1510
326	1510
326	1511
325	1511
325	1513
324	1513
324	1514
323	1514
323	1515
322	1515
322	1516
320	1516
320	1518
318	1518
318	1520
317	1520
317	1521
315	1521
315	1526
313	1526
313	1528
312	1528
312	1529
310	1529
310	1531
308	1531
308	1532
309	1532
309	1533
308	1533
308	1534
307	1534
307	1535
306	1535
306	1536
305	1536
305	1537
304	1537
304	1538
303	1538
303	1539
302	1539
302	1540
301	1540
301	1541
300	1541
300	1542
299	1542
299	1544
298	1544
298	1545
297	1545
297	1546
294	1546
294	1547
293	1547
293	1551
291	1551
291	1552
289	1552
289	1556
287	1556
287	1557
286	1557
286	1559
285	1559
285	1561
283	1561
283	1562
281	1562
281	1566
280	1566
280	1567
277	1567
277	1569
276	1569
276	1570
274	1570
274	1572
273	1572
273	1574
271	1574
271	1575
269	1575
269	1578
268	1578
268	1579
267	1579
267	1580
266	1580
266	1579
265	1579
265	1582
263	1582
263	1583
262	1583
262	1585
259	1585
259	1587
255	1587
255	1589
254	1589
254	1590
252	1590
252	1591
250	1591
250	1592
248	1592
248	1590
249	1590
249	1589
248	1589
248	1587
247	1587
247	1584
248	1584
248	1580
249	1580
249	1579
250	1579
250	1578
251	1578
251	1574
252	1574
252	1572
253	1572
253	1569
255	1569
255	1567
256	1567
256	1564
257	1564
257	1562
258	1562
258	1557
259	1557
259	1554
260	1554
260	1552
261	1552
261	1548
262	1548
262	1546
263	1546
263	1543
265	1543
265	1542
266	1542
266	1537
267	1537
267	1536
268	1536
268	1532
269	1532
269	1528
270	1528
270	1527
271	1527
271	1523
272	1523
272	1522
273	1522
273	1518
274	1518
274	1517
276	1517
276	1512
278	1512
278	1508
279	1508
279	1507
281	1507
281	1502
282	1502
282	1501
283	1501
283	1499
282	1499
282	1497
283	1497
283	1496
284	1496
284	1494
285	1494
285	1493
286	1493
286	1492
287	1492
287	1487
288	1487
288	1486
289	1486
289	1483
290	1483
290	1482
291	1482
291	1481
292	1481
292	1477
294	1477
294	1472
295	1472
295	1471
298	1471
298	1470
297	1470
297	1469
298	1469
298	1466
300	1466
300	1463
301	1463
301	1461
303	1461
303	1458
304	1458
304	1456
305	1456
305	1454
304	1454
304	1453
305	1453
305	1452
306	1452
306	1451
308	1451
308	1450
309	1450
309	1443
311	1443
311	1442
312	1442
312	1436
314	1436
314	1435
315	1435
315	1432
316	1432
316	1430
317	1430
317	1428
318	1428
318	1426
319	1426
319	1421
320	1421
320	1418
321	1418
321	1416
322	1416
322	1415
323	1415
323	1414
324	1414
324	1413
325	1413
325	1410
326	1410
326	1408
327	1408
327	1405
328	1405
328	1403
329	1403
329	1402
330	1402
330	1397
331	1397
331	1396
332	1396
332	1395
333	1395
333	1393
334	1393
334	1390
335	1390
335	1388
336	1388
336	1385
337	1385
337	1382
338	1382
338	1380
339	1380
339	1378
340	1378
340	1375
341	1375
341	1374
342	1374
342	1373
343	1373
343	1369
344	1369
344	1367
345	1367
345	1364
347	1364
347	1360
348	1360
348	1359
349	1359
349	1356
350	1356
350	1354
352	1354
352	1352
353	1352
353	1349
354	1349
354	1348
355	1348
355	1346
357	1346
357	1345
358	1345
358	1342
360	1342
360	1341
361	1341
361	1340
362	1340
362	1330
352	1330
352	1331
342	1331
342	1330
337	1330
337	1329
338	1329
338	1328
337	1328
337	1326
336	1326
336	1323
337	1323
337	1318
339	1318
339	1313
340	1313
340	1311
341	1311
341	1309
342	1309
342	1308
343	1308
343	1306
344	1306
344	1305
345	1305
345	1304
347	1304
347	1302
348	1302
348	1296
352	1296
352	1295
353	1295
353	1293
354	1293
354	1292
356	1292
356	1291
357	1291
357	1289
358	1289
358	1288
359	1288
359	1287
360	1287
360	1286
361	1286
361	1285
362	1285
362	1284
363	1284
363	1282
364	1282
364	1281
365	1281
365	1280
367	1280
367	1278
368	1278
368	1277
369	1277
369	1276
371	1276
371	1275
373	1275
373	1273
374	1273
374	1272
377	1272
377	1271
378	1271
378	1270
379	1270
379	1269
380	1269
380	1260
362	1260
362	1259
356	1259
356	1258
355	1258
355	1243
356	1243
356	1241
358	1241
358	1236
360	1236
360	1233
361	1233
361	1232
362	1232
362	1231
363	1231
363	1229
364	1229
364	1228
365	1228
365	1227
366	1227
366	1226
369	1226
369	1222
372	1222
372	1221
373	1221
373	1217
375	1217
375	1216
378	1216
378	1212
379	1212
379	1211
380	1211
380	1210
382	1210
382	1206
385	1206
385	1205
386	1205
386	1203
388	1203
388	1202
389	1202
389	1201
390	1201
390	1200
391	1200
391	1199
392	1199
392	1198
393	1198
393	1197
394	1197
394	1196
397	1196
397	1195
399	1195
399	1193
400	1193
400	1192
401	1192
401	1191
403	1191
403	1190
404	1190
404	1188
406	1188
406	1179
405	1179
405	1178
404	1178
404	1177
395	1177
395	1176
388	1176
388	1175
383	1175
383	1173
373	1173
373	1165
375	1165
375	1155
380	1155
380	1153
381	1153
381	1150
383	1150
383	1149
384	1149
384	1147
385	1147
385	1146
386	1146
386	1145
388	1145
388	1144
389	1144
389	1142
391	1142
391	1140
393	1140
393	1139
395	1139
395	1138
396	1138
396	1137
397	1137
397	1136
398	1136
398	1135
399	1135
399	1133
400	1133
400	1132
401	1132
401	1130
406	1130
406	1129
408	1129
408	1128
410	1128
410	1127
412	1127
412	1126
414	1126
414	1125
415	1125
415	1124
416	1124
416	1123
417	1123
417	1120
418	1120
418	1119
425	1119
425	1118
429	1118
429	1117
430	1117
430	1116
434	1116
434	1106
425	1106
425	1105
424	1105
424	1104
419	1104
419	1103
414	1103
414	1101
409	1101
409	1100
408	1100
408	1099
407	1099
407	1098
406	1098
406	1097
407	1097
407	1093
409	1093
409	1088
410	1088
410	1087
411	1087
411	1083
414	1083
414	1079
415	1079
415	1078
416	1078
416	1077
417	1077
417	1076
418	1076
418	1075
417	1075
417	1073
420	1073
420	1072
421	1072
421	1071
423	1071
423	1070
424	1070
424	1068
426	1068
426	1067
429	1067
429	1063
430	1063
430	1062
434	1062
434	1061
435	1061
435	1060
436	1060
436	1059
438	1059
438	1058
439	1058
439	1056
441	1056
441	1055
442	1055
442	1054
445	1054
445	1053
446	1053
446	1052
448	1052
448	1050
452	1050
452	1049
453	1049
453	1045
455	1045
455	1046
456	1046
456	1045
457	1045
457	1046
459	1046
459	1045
460	1045
460	1044
461	1044
461	1043
463	1043
463	1042
465	1042
465	1041
466	1041
466	1040
465	1040
465	1032
455	1032
455	1030
452	1030
452	1029
451	1029
451	1030
446	1030
446	1029
445	1029
445	1028
444	1028
444	1027
440	1027
440	1021
441	1021
441	1016
442	1016
442	1013
443	1013
443	1011
446	1011
446	1009
447	1009
447	1007
448	1007
448	1006
450	1006
450	1003
451	1003
451	1002
452	1002
452	1001
455	1001
455	998
456	998
456	996
459	996
459	995
460	995
460	992
461	992
461	991
465	991
465	988
467	988
467	987
469	987
469	985
470	985
470	984
472	984
472	983
475	983
475	982
476	982
476	981
477	981
477	980
478	980
478	979
480	979
480	978
482	978
482	977
483	977
483	976
484	976
484	975
486	975
486	974
487	974
487	973
490	973
490	972
491	972
491	971
492	971
492	970
496	970
496	969
497	969
497	968
499	968
499	967
501	967
501	958
495	958
495	957
493	957
493	958
492	958
492	957
491	957
491	956
490	956
490	955
486	955
486	954
485	954
485	953
481	953
481	952
480	952
480	951
478	951
478	950
476	950
476	949
475	949
475	948
472	948
472	944
473	944
473	940
475	940
475	937
476	937
476	935
477	935
477	933
478	933
478	932
480	932
480	931
481	931
481	930
482	930
482	929
483	929
483	928
484	928
484	927
485	927
485	926
487	926
487	924
490	924
490	923
491	923
491	922
492	922
492	921
493	921
493	920
495	920
495	919
496	919
496	918
499	918
499	919
500	919
500	917
501	917
501	916
502	916
502	915
504	915
504	914
506	914
506	912
509	912
509	911
511	911
511	910
513	910
513	909
516	909
516	908
519	908
519	907
520	907
520	906
522	906
522	905
523	905
523	904
526	904
526	903
528	903
528	902
531	902
531	901
536	901
536	900
537	900
537	894
536	894
536	892
533	892
533	891
528	891
528	890
526	890
526	889
522	889
522	887
520	887
520	886
519	886
519	887
518	887
518	886
516	886
516	884
511	884
511	878
512	878
512	875
513	875
513	873
516	873
516	869
517	869
517	868
521	868
521	863
526	863
526	862
527	862
527	860
528	860
528	859
531	859
531	858
532	858
532	854
537	854
537	853
539	853
539	852
542	852
542	850
543	850
543	849
547	849
547	847
549	847
549	846
551	846
551	844
553	844
553	843
556	843
556	842
557	842
557	841
560	841
560	840
562	840
562	838
563	838
563	837
567	837
567	835
573	835
573	832
579	832
579	831
580	831
580	823
579	823
579	822
578	822
578	821
577	821
577	820
568	820
568	819
567	819
567	818
563	818
563	817
561	817
561	816
558	816
558	815
549	815
549	812
550	812
550	808
551	808
551	807
552	807
552	803
553	803
553	802
554	802
554	801
555	801
555	799
556	799
556	798
557	798
557	797
558	797
558	796
562	796
562	792
563	792
563	791
568	791
568	790
569	790
569	787
571	787
571	786
572	786
572	785
573	785
573	782
577	782
577	781
582	781
582	780
583	780
583	779
584	779
584	777
586	777
586	776
587	776
587	775
589	775
589	774
591	774
591	773
593	773
593	772
594	772
594	771
598	771
598	769
599	769
599	768
604	768
604	767
605	767
605	766
606	766
606	765
609	765
609	764
613	764
613	762
615	762
615	761
619	761
619	760
625	760
625	759
626	759
626	757
630	757
630	756
631	756
631	750
630	750
630	748
629	748
629	747
624	747
624	746
619	746
619	745
618	745
618	744
614	744
614	743
613	743
613	742
609	742
609	741
608	741
608	739
606	739
606	738
602	738
602	735
603	735
603	732
604	732
604	731
605	731
605	730
607	730
607	725
613	725
613	721
615	721
615	718
618	718
618	716
623	716
623	715
624	715
624	713
627	713
627	712
628	712
628	711
630	711
630	712
631	712
631	711
632	711
632	710
635	710
635	708
637	708
637	707
640	707
640	706
642	706
642	705
646	705
646	704
649	704
649	703
650	703
650	702
653	702
653	701
656	701
656	699
661	699
661	696
665	696
665	695
666	695
666	696
667	696
667	695
668	695
668	696
669	696
669	695
670	695
670	694
671	694
671	691
670	691
670	690
671	690
671	687
670	687
670	685
666	685
666	684
665	684
665	682
661	682
661	681
658	681
658	679
659	679
659	678
660	678
660	669
665	669
665	668
666	668
666	664
671	664
671	663
674	663
674	662
675	662
675	659
676	659
676	658
677	658
677	659
679	659
679	658
685	658
685	656
686	656
686	655
687	655
687	654
689	654
689	653
695	653
695	651
698	651
698	650
700	650
700	648
705	648
705	646
707	646
707	645
709	645
709	643
715	643
715	642
716	642
716	641
718	641
718	639
719	639
719	638
723	638
723	636
728	636
728	634
733	634
733	633
736	633
736	632
738	632
738	631
739	631
739	630
741	630
741	629
743	629
743	628
744	628
744	626
743	626
743	623
744	623
744	622
743	622
743	620
741	620
741	619
736	619
736	616
733	616
733	615
732	615
732	614
731	614
731	613
728	613
728	612
726	612
726	610
725	610
725	607
726	607
726	605
728	605
728	604
730	604
730	603
731	603
731	601
733	601
733	600
736	600
736	598
739	598
739	597
741	597
741	596
742	596
742	595
743	595
743	594
744	594
744	595
746	595
746	584
745	584
745	578
744	578
744	577
743	577
743	576
742	576
742	572
741	572
741	571
738	571
738	570
731	570
731	571
730	571
730	572
729	572
729	576
728	576
728	577
727	577
727	578
726	578
726	579
725	579
725	580
724	580
724	582
723	582
723	583
722	583
722	584
721	584
721	585
720	585
720	587
719	587
719	589
718	589
718	590
717	590
717	594
716	594
716	595
714	595
714	596
713	596
713	598
712	598
712	599
711	599
711	600
709	600
709	603
708	603
708	607
704	607
704	610
703	610
703	615
698	615
698	616
697	616
697	617
696	617
696	618
695	618
695	619
692	619
692	620
690	620
690	621
688	621
688	622
687	622
687	623
686	623
686	624
685	624
685	625
683	625
683	626
680	626
680	621
678	621
678	620
677	620
677	616
675	616
675	610
674	610
674	609
666	609
666	610
665	610
665	617
661	617
661	618
660	618
660	619
659	619
659	620
658	620
658	623
657	623
657	624
655	624
655	628
653	628
653	630
652	630
652	632
651	632
651	633
650	633
650	634
649	634
649	635
648	635
648	636
647	636
647	638
646	638
646	639
645	639
645	641
643	641
643	642
642	642
642	644
643	644
643	645
642	645
642	646
638	646
638	647
637	647
637	650
636	650
636	652
637	652
637	654
636	654
636	656
628	656
628	657
627	657
627	659
625	659
625	661
623	661
623	662
622	662
622	664
617	664
617	665
612	665
612	666
611	666
611	667
608	667
608	665
607	665
607	661
606	661
606	657
605	657
605	652
604	652
604	651
603	651
603	647
602	647
602	646
595	646
595	647
594	647
594	651
592	651
592	652
591	652
591	656
590	656
590	657
589	657
589	658
588	658
588	659
586	659
586	664
585	664
585	665
584	665
584	666
582	666
582	667
580	667
580	668
581	668
581	669
580	669
580	671
579	671
579	672
578	672
578	674
577	674
577	675
576	675
576	678
574	678
574	680
573	680
573	681
572	681
572	682
571	682
571	683
570	683
570	685
569	685
569	686
568	686
568	687
566	687
566	688
565	688
565	690
564	690
564	691
563	691
563	692
562	692
562	693
561	693
561	694
560	694
560	696
559	696
559	697
556	697
556	698
555	698
555	699
554	699
554	700
552	700
552	701
550	701
550	702
543	702
543	701
542	701
542	696
541	696
541	695
540	695
540	694
539	694
539	687
537	687
537	678
536	678
536	677
528	677
528	680
527	680
527	682
525	682
525	684
524	684
524	686
523	686
523	687
522	687
522	688
521	688
521	690
520	690
520	693
518	693
518	695
517	695
517	696
516	696
516	697
513	697
513	699
512	699
512	701
511	701
511	702
510	702
510	703
509	703
509	704
508	704
508	706
507	706
507	707
505	707
505	708
504	708
504	709
503	709
503	710
502	710
502	711
501	711
501	712
499	712
499	714
498	714
498	715
497	715
497	716
496	716
496	717
495	717
495	718
494	718
494	719
493	719
493	720
492	720
492	721
491	721
491	722
490	722
490	723
488	723
488	724
487	724
487	725
486	725
486	724
485	724
485	726
484	726
484	727
483	727
483	728
481	728
481	727
480	727
480	728
472	728
472	727
471	727
471	723
470	723
470	722
469	722
469	718
468	718
468	715
467	715
467	708
466	708
466	703
459	703
459	702
458	702
458	703
456	703
456	705
454	705
454	706
455	706
455	707
454	707
454	708
453	708
453	709
452	709
452	710
451	710
451	712
449	712
449	713
447	713
447	715
445	715
445	717
443	717
443	718
441	718
441	720
440	720
440	722
439	722
439	723
438	723
438	724
437	724
437	725
432	725
432	726
431	726
431	727
430	727
430	728
428	728
428	730
427	730
427	731
426	731
426	733
422	733
422	736
420	736
420	738
417	738
417	740
416	740
416	741
415	741
415	742
413	742
413	743
412	743
412	746
410	746
410	747
406	747
406	748
405	748
405	747
404	747
404	748
403	748
403	749
402	749
402	750
401	750
401	751
400	751
400	752
398	752
398	753
396	753
396	754
392	754
392	756
384	756
384	755
383	755
383	753
381	753
381	744
380	744
380	739
379	739
379	738
370	738
370	740
369	740
369	741
367	741
367	742
364	742
364	743
362	743
362	744
361	744
361	746
360	746
360	747
359	747
359	748
357	748
357	749
356	749
356	751
355	751
355	752
354	752
354	753
353	753
353	754
351	754
351	755
349	755
349	756
348	756
348	757
347	757
347	758
346	758
346	759
344	759
344	760
343	760
343	761
340	761
340	762
339	762
339	763
338	763
338	764
336	764
336	765
334	765
334	766
333	766
333	767
331	767
331	768
330	768
330	769
328	769
328	771
324	771
324	772
323	772
323	773
321	773
321	774
315	774
315	775
307	775
307	774
305	774
305	768
306	768
306	759
297	759
297	758
295	758
295	759
294	759
294	761
293	761
293	762
292	762
292	763
291	763
291	764
284	764
284	768
280	768
280	769
274	769
274	771
272	771
272	772
270	772
270	773
269	773
269	774
264	774
264	776
262	776
262	777
260	777
260	778
258	778
258	779
254	779
254	780
252	780
252	781
251	781
251	782
240	782
240	779
228	779
228	783
224	783
224	784
218	784
218	788
213	788
213	789
212	789
212	790
211	790
211	789
209	789
209	790
208	790
208	791
207	791
207	793
206	793
206	794
199	794
199	793
198	793
198	795
197	795
197	796
196	796
196	797
195	797
195	798
194	798
194	799
192	799
192	800
187	800
187	801
186	801
186	802
185	802
185	803
184	803
184	804
183	804
183	805
180	805
180	804
179	804
179	805
177	805
177	807
175	807
175	808
173	808
173	809
171	809
171	810
164	810
164	811
163	811
163	812
162	812
162	813
157	813
157	814
152	814
152	815
147	815
147	816
146	816
146	818
141	818
141	819
139	819
139	820
131	820
131	822
127	822
127	823
121	823
121	824
112	824
112	823
111	823
111	822
110	822
110	821
111	821
111	818
112	818
112	816
113	816
113	814
115	814
115	813
116	813
116	812
117	812
117	811
118	811
118	809
119	809
119	808
120	808
120	807
122	807
122	805
123	805
123	804
124	804
124	803
125	803
125	804
127	804
127	803
128	803
128	798
132	798
132	797
133	797
133	796
134	796
134	795
135	795
135	794
136	794
136	793
138	793
138	792
139	792
139	791
143	791
143	788
144	788
144	787
146	787
146	786
148	786
148	783
150	783
150	782
151	782
151	781
153	781
153	779
154	779
154	778
157	778
157	777
158	777
158	775
159	775
159	774
160	774
160	773
162	773
162	772
163	772
163	771
164	771
164	768
168	768
168	767
170	767
170	766
173	766
173	765
174	765
174	761
178	761
178	760
179	760
179	758
180	758
180	757
181	757
181	758
183	758
183	757
184	757
184	751
194	751
194	750
196	750
196	748
197	748
197	747
198	747
198	745
199	745
199	743
204	743
204	741
205	741
205	740
207	740
207	739
208	739
208	737
210	737
210	736
211	736
211	735
214	735
214	734
215	734
215	732
216	732
216	731
219	731
219	730
221	730
221	728
224	728
224	727
225	727
225	724
226	724
226	723
227	723
227	721
228	721
228	720
230	720
230	719
232	719
232	715
235	715
235	714
236	714
236	712
237	712
237	711
239	711
239	710
240	710
240	708
241	708
241	707
243	707
243	706
244	706
244	705
245	705
245	703
247	703
247	702
250	702
250	701
251	701
251	699
255	699
255	698
256	698
256	696
261	696
261	695
262	695
262	694
263	694
263	693
262	693
262	692
263	692
263	691
262	691
262	682
259	682
259	674
261	674
261	673
262	673
262	672
263	672
263	670
264	670
264	665
272	665
272	663
276	663
276	662
277	662
277	661
279	661
279	660
280	660
280	659
281	659
281	658
283	658
283	657
286	657
286	656
288	656
288	655
289	655
289	654
291	654
291	653
294	653
294	652
297	652
297	651
299	651
299	650
302	650
302	649
304	649
304	648
307	648
307	647
310	647
310	646
312	646
312	647
313	647
313	646
316	646
316	645
317	645
317	637
316	637
316	636
312	636
312	634
310	634
310	633
309	633
309	634
308	634
308	632
307	632
307	631
304	631
304	630
303	630
303	629
302	629
302	628
301	628
301	627
297	627
297	626
296	626
296	623
297	623
297	622
299	622
299	619
300	619
300	618
301	618
301	616
302	616
302	615
306	615
306	614
307	614
307	612
310	612
310	610
312	610
312	609
314	609
314	608
316	608
316	607
319	607
319	606
321	606
321	605
322	605
322	604
324	604
324	603
327	603
327	602
329	602
329	601
330	601
330	600
333	600
333	599
334	599
334	598
335	598
335	599
336	599
336	598
337	598
337	597
342	597
342	595
344	595
344	594
347	594
347	593
352	593
352	592
354	592
354	591
359	591
359	590
362	590
362	581
361	581
361	580
359	580
359	579
358	579
358	577
353	577
353	574
352	574
352	573
349	573
349	572
348	572
348	567
349	567
349	566
350	566
350	565
351	565
351	563
352	563
352	561
355	561
355	560
356	560
356	559
357	559
357	558
360	558
360	557
362	557
362	556
363	556
363	555
365	555
365	554
366	554
366	553
368	553
368	552
373	552
373	551
379	551
379	550
380	550
380	549
383	549
383	548
388	548
388	547
393	547
393	546
398	546
398	545
399	545
399	544
406	544
406	543
412	543
412	534
411	534
411	533
408	533
408	531
407	531
407	529
406	529
406	530
405	530
405	529
404	529
404	528
402	528
402	523
399	523
399	521
400	521
400	518
401	518
401	517
404	517
404	516
403	516
403	515
405	515
405	514
406	514
406	512
407	512
407	511
410	511
410	510
411	510
411	508
415	508
415	507
417	507
417	506
420	506
420	505
421	505
421	504
422	504
422	503
427	503
427	502
428	502
428	501
429	501
429	502
430	502
430	501
438	501
438	500
444	500
444	499
445	499
445	498
468	498
468	497
471	497
471	493
472	493
472	492
471	492
471	490
472	490
472	489
471	489
471	488
469	488
469	487
468	487
468	486
467	486
467	485
466	485
466	484
465	484
465	483
464	483
464	482
463	482
463	480
462	480
462	479
461	479
461	478
460	478
460	476
459	476
459	475
457	475
457	470
458	470
458	469
460	469
460	465
465	465
465	464
470	464
470	462
475	462
475	461
477	461
477	460
480	460
480	459
485	459
485	458
486	458
486	457
491	457
491	456
495	456
495	455
498	455
498	454
508	454
508	453
509	453
509	454
510	454
510	453
511	453
511	452
514	452
514	451
516	451
516	450
524	450
524	449
530	449
530	448
536	448
536	449
552	449
552	448
553	448
553	440
552	440
552	439
551	439
551	438
550	438
550	437
549	437
549	435
547	435
547	432
546	432
546	431
544	431
544	426
542	426
542	424
544	424
544	423
547	423
547	421
548	421
548	420
551	420
551	419
552	419
552	418
557	418
557	416
560	416
560	415
561	415
561	416
564	416
564	415
571	415
571	414
574	414
574	413
608	413
608	412
612	412
612	413
624	413
624	411
625	411
625	406
624	406
624	402
623	402
623	401
621	401
621	400
619	400
619	396
618	396
618	395
617	395
617	394
616	394
616	392
615	392
615	390
614	390
614	388
615	388
615	387
618	387
618	385
623	385
623	384
624	384
624	383
626	383
626	382
627	382
627	381
628	381
628	380
638	380
638	381
646	381
646	380
667	380
667	381
677	381
677	380
684	380
684	381
698	381
698	378
699	378
699	377
698	377
698	372
697	372
697	370
696	370
696	367
695	367
695	365
693	365
693	362
695	362
695	358
696	358
696	357
700	357
700	356
715	356
715	355
720	355
720	356
734	356
734	357
751	357
751	356
752	356
752	357
767	357
767	358
768	358
768	357
770	357
770	358
772	358
772	359
788	359
788	351
787	351
787	349
786	349
786	346
785	346
785	342
784	342
784	340
791	340
791	339
807	339
807	340
810	340
810	341
843	341
843	340
851	340
851	339
872	339
872	340
874	340
874	339
876	339
876	340
877	340
877	339
879	339
879	328
877	328
877	327
864	327
864	326
861	326
861	325
860	325
860	319
859	319
859	318
857	318
857	317
847	317
847	318
846	318
846	319
842	319
842	320
838	320
838	321
834	321
834	322
825	322
825	323
821	323
821	324
811	324
811	325
810	325
810	326
801	326
801	327
795	327
795	328
785	328
785	329
783	329
783	328
777	328
777	327
773	327
773	320
774	320
774	309
765	309
765	310
760	310
760	311
751	311
751	312
749	312
749	313
748	313
748	312
740	312
740	313
739	313
739	314
710	314
710	313
705	313
705	312
699	312
699	311
698	311
698	310
697	310
697	309
696	309
696	308
695	308
695	307
696	307
696	306
695	306
695	305
696	305
696	304
695	304
695	301
696	301
696	300
697	300
697	291
682	291
682	292
668	292
668	293
666	293
666	292
659	292
659	291
653	291
653	290
640	290
640	289
639	289
639	288
638	288
638	287
634	287
634	286
629	286
629	284
628	284
628	283
626	283
626	281
625	281
625	280
626	280
626	275
627	275
627	272
628	272
628	263
627	263
627	262
607	262
607	263
605	263
605	262
603	262
603	261
592	261
592	260
583	260
583	258
578	258
578	257
573	257
573	255
572	255
572	254
568	254
568	253
567	253
567	252
561	252
561	248
560	248
560	247
559	247
559	245
560	245
560	243
561	243
561	240
562	240
562	239
563	239
563	238
564	238
564	237
565	237
565	228
562	228
562	227
556	227
556	226
552	226
552	225
547	225
547	224
545	224
545	223
544	223
544	222
541	222
541	221
540	221
540	220
538	220
538	219
535	219
535	218
534	218
534	217
532	217
532	216
531	216
531	215
526	215
526	214
525	214
525	213
524	213
524	212
522	212
522	211
521	211
521	210
519	210
519	209
518	209
518	207
517	207
517	206
515	206
515	205
514	205
514	204
513	204
513	203
512	203
512	202
511	202
511	201
509	201
509	200
508	200
508	199
507	199
507	198
506	198
506	197
505	197
505	196
500	196
500	195
498	195
498	194
497	194
497	193
496	193
496	191
491	191
491	190
490	190
490	189
489	189
489	188
488	188
488	187
487	187
487	186
486	186
486	185
484	185
484	184
481	184
481	181
478	181
478	180
475	180
475	179
473	179
473	177
472	177
472	176
469	176
469	175
468	175
468	174
464	174
464	173
462	173
462	171
460	171
460	170
459	170
459	169
455	169
455	167
452	167
452	166
450	166
450	165
449	165
449	164
445	164
445	163
444	163
444	162
440	162
440	161
439	161
439	160
437	160
437	158
435	158
435	156
434	156
434	155
427	155
427	154
423	154
423	151
422	151
422	150
419	150
419	148
414	148
414	145
409	145
409	144
405	144
405	143
404	143
404	141
403	141
403	140
398	140
398	139
397	139
397	138
396	138
396	137
395	137
395	136
394	136
394	135
392	135
392	134
391	134
391	133
390	133
390	132
389	132
389	130
388	130
388	129
387	129
387	123
398	123
398	122
422	122
422	121
432	121
432	122
434	122
434	123
443	123
443	124
448	124
448	125
458	125
458	126
466	126
466	127
472	127
472	128
476	128
476	129
479	129
479	128
481	128
481	129
488	129
488	130
489	130
489	129
491	129
491	130
492	130
492	131
500	131
500	132
523	132
523	133
534	133
534	134
543	134
543	135
545	135
545	136
548	136
548	137
550	137
550	136
552	136
552	137
560	137
560	138
566	138
566	139
569	139
569	140
570	140
570	141
577	141
577	142
578	142
578	143
579	143
579	144
590	144
590	135
589	135
589	128
588	128
588	122
589	122
589	120
591	120
591	119
596	119
596	120
600	120
600	121
605	121
605	122
606	122
606	123
607	123
607	124
613	124
613	125
616	125
616	126
617	126
617	127
618	127
618	128
622	128
622	129
624	129
624	130
625	130
625	131
626	131
626	132
630	132
630	133
631	133
631	134
632	134
632	135
634	135
634	136
636	136
636	137
639	137
639	139
644	139
644	140
646	140
646	142
653	142
653	144
656	144
656	145
657	145
657	146
658	146
658	147
662	147
662	149
663	149
663	150
667	150
667	151
668	151
668	152
669	152
669	153
682	153
682	144
681	144
681	137
680	137
680	136
681	136
681	134
683	134
683	133
692	133
692	134
697	134
697	136
700	136
700	137
702	137
702	138
704	138
704	139
713	139
713	141
714	141
714	142
715	142
715	143
719	143
719	145
720	145
720	146
724	146
724	148
726	148
726	149
730	149
730	150
733	150
733	152
734	152
734	154
738	154
738	155
742	155
742	156
743	156
743	158
745	158
745	159
749	159
749	162
750	162
750	163
753	163
753	164
754	164
754	165
757	165
757	166
759	166
759	167
760	167
760	166
761	166
761	167
762	167
762	166
763	166
763	167
765	167
765	166
767	166
767	151
766	151
766	150
765	150
765	148
766	148
766	147
767	147
767	145
768	145
768	144
772	144
772	145
774	145
774	146
776	146
776	147
780	147
780	148
786	148
786	149
787	149
787	150
790	150
790	152
796	152
796	154
800	154
800	156
801	156
801	157
802	157
802	158
804	158
804	160
806	160
806	161
807	161
807	162
808	162
808	163
809	163
809	164
812	164
812	165
813	165
813	167
817	167
817	168
819	168
819	170
818	170
818	171
820	171
820	172
822	172
822	173
823	173
823	174
824	174
824	175
825	175
825	176
826	176
826	177
828	177
828	178
830	178
830	179
831	179
831	180
841	180
841	168
842	168
842	167
846	167
846	168
849	168
849	169
851	169
851	170
856	170
856	171
857	171
857	173
861	173
861	174
864	174
864	175
865	175
865	176
867	176
867	177
869	177
869	178
872	178
872	180
873	180
873	182
877	182
877	184
880	184
880	185
881	185
881	186
884	186
884	187
885	187
885	188
886	188
886	190
889	190
889	191
891	191
891	192
893	192
893	194
900	194
900	196
901	196
901	197
904	197
904	199
907	199
907	200
908	200
908	201
914	201
914	203
915	203
915	205
916	205
916	206
917	206
917	207
918	207
918	208
920	208
920	210
925	210
925	211
933	211
933	200
936	200
936	201
937	201
937	202
938	202
938	203
943	203
943	204
944	204
944	205
945	205
945	204
946	204
946	205
947	205
947	206
952	206
952	207
953	207
953	208
955	208
955	209
958	209
958	210
960	210
960	213
962	213
962	214
964	214
964	215
967	215
967	216
968	216
968	218
970	218
970	219
974	219
974	221
976	221
976	223
977	223
977	222
978	222
978	223
980	223
980	224
983	224
983	225
984	225
984	227
985	227
985	228
989	228
989	229
990	229
990	231
994	231
994	233
995	233
995	234
1000	234
1000	235
1001	235
1001	236
1004	236
1004	238
1005	238
1005	239
1009	239
1009	241
1010	241
1010	242
1011	242
1011	241
1012	241
1012	242
1014	242
1014	244
1020	244
1020	248
1021	248
1021	250
1022	250
1022	251
1026	251
1026	255
1030	255
1030	256
1031	256
1031	260
1036	260
1036	264
1037	264
1037	265
1044	265
1044	267
1045	267
1045	269
1046	269
1046	270
1051	270
1051	272
1054	272
1054	273
1060	273
1060	274
1062	274
1062	275
1063	275
1063	274
1064	274
1064	275
1068	275
1068	276
1069	276
1069	277
1070	277
1070	278
1071	278
1071	280
1072	280
1072	281
1077	281
1077	282
1100	282
1100	281
1102	281
1102	280
1104	280
1104	278
1106	278
1106	277
1108	277
1108	276
1109	276
1109	275
1115	275
1115	273
1116	273
1116	272
1117	272
1117	271
1127	271
1127	270
1128	270
1128	269
1129	269
1129	268
1130	268
1130	264
1141	264
1141	263
1142	263
1142	261
1144	261
1144	260
1147	260
1147	259
1150	259
1150	253
1152	253
1152	252
1153	252
1153	249
1156	249
1156	248
1159	248
1159	247
1160	247
1160	246
1162	246
1162	245
1163	245
1163	244
1165	244
1165	243
1166	243
1166	241
1167	241
1167	240
1171	240
1171	239
1175	239
1175	236
1177	236
1177	234
1182	234
1182	231
1185	231
1185	230
1186	230
1186	229
1187	229
1187	228
1191	228
1191	226
1193	226
1193	225
1195	225
1195	224
1196	224
1196	223
1197	223
1197	222
1198	222
1198	221
1199	221
1199	219
1200	219
1200	218
1204	218
1204	216
1205	216
1205	215
1207	215
1207	213
1210	213
1210	211
1212	211
1212	210
1213	210
1213	209
1215	209
1215	208
1216	208
1216	207
1220	207
1220	204
1223	204
1223	203
1227	203
1227	201
1233	201
1233	200
1234	200
1234	199
1239	199
1239	198
1251	198
1251	202
1250	202
1250	204
1249	204
1249	213
1258	213
1258	212
1259	212
1259	211
1261	211
1261	210
1263	210
1263	209
1266	209
1266	207
1267	207
1267	206
1269	206
1269	205
1272	205
1272	204
1276	204
1276	203
1278	203
1278	202
1279	202
1279	200
1284	200
1284	199
1285	199
1285	198
1288	198
1288	197
1292	197
1292	193
1300	193
1300	191
1308	191
1308	190
1309	190
1309	189
1315	189
1315	188
1316	188
1316	187
1319	187
1319	186
1320	186
1320	185
1321	185
1321	184
1324	184
1324	182
1325	182
1325	181
1327	181
1327	180
1328	180
1328	179
1329	179
1329	178
1332	178
1332	177
1333	177
1333	176
1334	176
1334	175
1335	175
1335	173
1338	173
1338	172
1340	172
1340	171
1342	171
1342	169
1344	169
1344	168
1348	168
1348	167
1349	167
1349	168
1351	168
1351	167
1352	167
1352	165
1354	165
1354	164
1359	164
1359	162
1368	162
1368	165
1369	165
1369	166
1368	166
1368	176
1367	176
1367	184
1368	184
1368	185
1378	185
1378	184
1379	184
1379	183
1380	183
1380	182
1381	182
1381	181
1382	181
1382	180
1383	180
1383	179
1385	179
1385	178
1386	178
1386	175
1388	175
1388	174
1391	174
1391	169
1392	169
1392	170
1400	170
1400	168
1402	168
1402	167
1406	167
1406	166
1407	166
1407	165
1410	165
1410	164
1411	164
1411	163
1412	163
1412	162
1413	162
1413	161
1416	161
1416	160
1417	160
1417	157
1422	157
1422	152
1432	152
1432	151
1434	151
1434	150
1437	150
1437	149
1440	149
1440	147
1442	147
1442	146
1443	146
1443	145
1445	145
1445	144
1447	144
1447	143
1449	143
1449	142
1452	142
1452	141
1453	141
1453	142
1454	142
1454	140
1456	140
1456	141
1457	141
1457	139
1462	139
1462	137
1464	137
1464	136
1467	136
1467	135
1468	135
1468	134
1476	134
1476	159
1475	159
1475	160
1485	160
1485	159
1486	159
1486	157
1488	157
1488	156
1489	156
1489	155
1491	155
1491	153
1493	153
1493	152
1496	152
1496	150
1497	150
1497	149
1500	149
1500	147
1503	147
1503	146
1507	146
1507	145
1508	145
1508	144
1509	144
1509	143
1510	143
1510	144
1511	144
1511	143
1513	143
1513	142
1515	142
1515	141
1516	141
1516	137
1518	137
1518	138
1520	138
1520	137
1525	137
1525	136
1526	136
1526	135
1529	135
1529	134
1532	134
1532	133
1534	133
1534	132
1535	132
1535	131
1536	131
1536	132
1538	132
1538	131
1539	131
1539	128
1546	128
1546	127
1548	127
1548	126
1551	126
1551	125
1552	125
1552	124
1559	124
1559	123
1563	123
1563	122
1567	122
1567	123
1569	123
1569	124
1572	124
1572	129
1571	129
1571	130
1570	130
1570	135
1568	135
1568	147
1578	147
1578	146
1579	146
1579	143
1586	143
1586	142
1591	142
1591	140
1592	140
1592	139
1605	139
1605	138
1606	138
1606	137
1616	137
1616	136
1617	136
1617	137
1620	137
1620	136
1623	136
1623	135
1629	135
1629	134
1633	134
1633	133
1635	133
1635	132
1647	132
1647	131
1648	131
1648	130
1653	130
1653	129
1659	129
1659	128
1661	128
1661	127
1666	127
1666	126
1667	126
1667	125
1669	125
1669	124
1676	124
1676	123
1678	123
1678	122
1682	122
1682	121
1683	121
1683	120
1682	120
1682	117
1683	117
1683	119
1693	119
1693	118
1694	118
1694	117
1697	117
1697	116
1698	116
1698	114
1708	114
1708	113
1712	113
1712	112
1714	112
1714	111
1718	111
1718	110
1719	110
1719	109
1722	109
1722	108
1724	108
1724	106
1728	106
1728	105
1731	105
1731	104
1733	104
1733	103
1734	103
1734	101
1743	101
1743	100
1744	100
1744	99
1748	99
1748	98
1755	98
1755	99
1756	99
1756	104
1755	104
1755	109
1753	109
1753	110
1752	110
1752	112
1750	112
1750	113
1749	113
1749	115
1748	115
1748	119
1747	119
1747	120
1744	120
1744	121
1745	121
1745	122
1744	122
1744	123
1743	123
1743	124
1742	124
1742	125
1741	125
1741	126
1740	126
1740	128
1739	128
1739	129
1738	129
1738	130
1737	130
1737	131
1736	131
1736	132
1734	132
1734	133
1732	133
1732	135
1731	135
1731	136
1730	136
1730	137
1729	137
1729	138
1728	138
1728	139
1727	139
1727	140
1726	140
1726	141
1723	141
1723	142
1722	142
1722	143
1721	143
1721	145
1716	145
1716	150
1712	150
1712	151
1711	151
1711	153
1710	153
1710	154
1707	154
1707	155
1705	155
1705	157
1704	157
1704	158
1702	158
1702	160
1701	160
1701	161
1698	161
1698	163
1696	163
1696	165
1691	165
1691	169
1686	169
1686	171
1685	171
1685	172
1684	172
1684	173
1683	173
1683	174
1682	174
1682	175
1680	175
1680	176
1678	176
1678	178
1676	178
1676	179
1675	179
1675	180
1673	180
1673	181
1670	181
1670	183
1669	183
1669	184
1668	184
1668	185
1667	185
1667	186
1663	186
1663	188
1661	188
1661	189
1660	189
1660	191
1658	191
1658	190
1657	190
1657	191
1653	191
1653	192
1652	192
1652	193
1651	193
1651	194
1650	194
1650	195
1649	195
1649	196
1645	196
1645	197
1644	197
1644	198
1640	198
1640	200
1639	200
1639	206
1640	206
1640	208
1641	208
1641	209
1643	209
1643	211
1642	211
1642	212
1640	212
1640	216
1638	216
1638	217
1636	217
1636	218
1635	218
1635	219
1633	219
1633	220
1632	220
1632	221
1630	221
1630	222
1628	222
1628	223
1627	223
1627	224
1625	224
1625	225
1620	225
1620	227
1619	227
1619	229
1614	229
1614	230
1613	230
1613	231
1612	231
1612	230
1610	230
1610	231
1609	231
1609	233
1605	233
1605	234
1604	234
1604	235
1602	235
1602	236
1599	236
1599	237
1591	237
1591	238
1590	238
1590	240
1588	240
1588	241
1584	241
1584	242
1578	242
1578	243
1574	243
1574	244
1569	244
1569	245
1568	245
1568	246
1563	246
1563	247
1558	247
1558	248
1557	248
1557	249
1550	249
1550	259
1551	259
1551	260
1553	260
1553	262
1555	262
1555	263
1558	263
1558	266
1557	266
1557	267
1556	267
1556	268
1553	268
1553	271
1550	271
1550	273
1548	273
1548	274
1547	274
1547	275
1543	275
1543	276
1542	276
1542	277
1541	277
1541	278
1538	278
1538	279
1534	279
1534	280
1527	280
1527	281
1523	281
1523	282
1522	282
1522	283
1517	283
1517	284
1514	284
1514	285
1507	285
1507	286
1506	286
1506	287
1491	287
1491	288
1479	288
1479	287
1477	287
1477	286
1466	286
1466	287
1465	287
1465	288
1466	288
1466	289
1465	289
1465	290
1466	290
1466	295
1468	295
1468	296
1469	296
1469	299
1470	299
1470	300
1471	300
1471	301
1473	301
1473	305
1475	305
1475	306
1476	306
1476	310
1477	310
1477	311
1478	311
1478	313
1477	313
1477	314
1476	314
1476	315
1475	315
1475	316
1465	316
1465	317
1454	317
1454	316
1447	316
1447	315
1442	315
1442	314
1437	314
1437	312
1435	312
1435	311
1428	311
1428	310
1426	310
1426	308
1425	308
1425	309
1423	309
1423	308
1422	308
1422	309
1421	309
1421	308
1419	308
1419	309
1417	309
1417	320
1418	320
1418	324
1415	324
1415	325
1414	325
1414	326
1405	326
1405	327
1392	327
1392	326
1390	326
1390	325
1385	325
1385	326
1384	326
1384	325
1383	325
1383	326
1382	326
1382	325
1380	325
1380	324
1375	324
1375	323
1358	323
1358	324
1356	324
1356	323
1355	323
1355	324
1353	324
1353	326
1352	326
1352	329
1351	329
1351	333
1350	333
1350	339
1349	339
1349	340
1350	340
1350	343
1361	343
1361	341
1376	341
1376	340
1395	340
1395	339
1398	339
1398	340
1408	340
1408	339
1414	339
1414	340
1424	340
1424	339
1432	339
1432	340
1435	340
1435	341
1442	341
1442	342
1447	342
1447	343
1446	343
1446	345
1445	345
1445	348
1444	348
1444	350
1443	350
1443	359
1442	359
1442	360
1443	360
1443	362
1446	362
1446	361
1447	361
1447	362
1450	362
1450	361
1455	361
1455	360
1458	360
1458	359
1477	359
1477	358
1478	358
1478	357
1492	357
1492	356
1501	356
1501	355
1502	355
1502	354
1507	354
1507	355
1513	355
1513	354
1514	354
1514	355
1517	355
1517	354
1520	354
1520	355
1521	355
1521	354
1522	354
1522	355
1525	355
1525	354
1526	354
1526	355
1527	355
1527	356
1529	356
1529	358
1530	358
1530	357
1531	357
1531	358
1532	358
1532	357
1533	357
1533	358
1534	358
1534	359
1535	359
1535	360
1536	360
1536	363
1533	363
1533	364
1532	364
1532	365
1530	365
1530	370
1529	370
1529	372
1527	372
1527	382
1535	382
1535	380
1551	380
1551	379
1555	379
1555	380
1557	380
1557	379
1565	379
1565	378
1574	378
1574	377
1576	377
1576	378
1592	378
1592	379
1600	379
1600	381
1601	381
1601	382
1607	382
1607	383
1608	383
1608	384
1609	384
1609	387
1611	387
1611	390
1609	390
1609	391
1608	391
1608	393
1607	393
1607	395
1606	395
1606	396
1604	396
1604	399
1603	399
1603	407
1604	407
1604	410
1605	410
1605	411
1608	411
1608	410
1618	410
1618	411
1644	411
1644	410
1648	410
1648	411
1649	411
1649	412
1650	412
1650	413
1660	413
1660	414
1661	414
1661	415
1670	415
1670	416
1674	416
1674	418
1679	418
1679	419
1680	419
1680	421
1681	421
1681	422
1680	422
1680	423
1686	423
1686	425
1685	425
1685	426
1684	426
1684	427
1683	427
1683	430
1682	430
1682	431
1681	431
1681	432
1680	432
1680	433
1678	433
1678	435
1677	435
1677	442
1676	442
1676	443
1677	443
1677	444
1678	444
1678	446
1680	446
1680	447
1697	447
1697	448
1704	448
1704	449
1711	449
1711	448
1720	448
1720	449
1729	449
1729	450
1735	450
1735	452
1740	452
1740	453
1741	453
1741	454
1746	454
1746	455
1749	455
1749	456
1750	456
1750	457
1751	457
1751	458
1752	458
1752	459
1754	459
1754	462
1752	462
1752	464
1751	464
1751	465
1750	465
1750	466
1749	466
1749	467
1747	467
1747	469
1746	469
1746	470
1745	470
1745	471
1744	471
1744	472
1742	472
1742	476
1741	476
1741	477
1738	477
1738	478
1737	478
1737	486
1738	486
1738	487
1741	487
1741	486
1744	486
1744	487
1746	487
1746	486
1748	486
1748	487
1750	487
1750	486
1751	486
1751	485
1752	485
1752	487
1769	487
1769	488
1776	488
1776	489
1779	489
1779	490
1787	490
1787	491
1793	491
1793	492
1800	492
1800	493
1808	493
1808	495
1809	495
1809	496
1813	496
1813	497
1817	497
1817	499
1819	499
1819	500
1823	500
1823	503
1824	503
1824	505
1828	505
1828	506
1829	506
1829	512
1828	512
1828	513
1826	513
1826	514
1825	514
1825	518
1819	518
1819	519
1818	519
1818	520
1819	520
1819	521
1817	521
1817	523
1815	523
1815	524
1813	524
1813	525
1812	525
1812	526
1813	526
1813	527
1812	527
1812	528
1811	528
1811	529
1809	529
1809	534
1808	534
1808	535
1809	535
1809	536
1808	536
1808	537
1810	537
1810	538
1822	538
1822	539
1831	539
1831	540
1834	540
1834	541
1836	541
1836	542
1837	542
1837	541
1838	541
1838	542
1843	542
1843	543
1845	543
1845	544
1850	544
1850	546
1852	546
1852	547
1857	547
1857	549
1859	549
1859	550
1866	550
1866	551
1867	551
1867	552
1870	552
1870	553
1872	553
1872	554
1874	554
1874	555
1875	555
1875	557
1880	557
1880	561
1884	561
1884	563
1885	563
1885	565
1886	565
1886	567
1887	567
1887	569
1886	569
1886	570
1884	570
1884	571
1883	571
1883	572
1881	572
1881	573
1880	573
1880	574
1878	574
1878	575
1877	575
1877	583
1884	583
1884	584
1891	584
1891	585
1892	585
1892	586
1898	586
1898	587
1901	587
1901	588
1904	588
1904	589
1905	589
1905	588
1906	588
1906	589
1910	589
1910	590
1915	590
1915	592
1921	592
1921	594
1924	594
1924	595
1925	595
1925	596
1926	596
1926	597
1929	597
1929	598
1930	598
1930	599
1931	599
1931	601
1932	601
1932	602
1933	602
1933	605
1932	605
1932	606
1931	606
1931	610
1926	610
1926	611
1925	611
1925	613
1924	613
1924	615
1923	615
1923	623
1924	623
1924	624
1929	624
1929	625
1936	625
1936	627
1937	627
1937	628
1940	628
1940	629
1942	629
1942	630
1944	630
1944	632
1947	632
1947	633
1951	633
1951	634
1953	634
1953	635
1955	635
1955	634
1956	634
1956	635
1958	635
1958	636
1960	636
1960	637
1962	637
1962	638
1963	638
1963	639
1966	639
1966	640
1968	640
1968	641
1969	641
1969	642
1972	642
1972	643
1974	643
1974	644
1977	644
1977	647
1978	647
1978	648
1982	648
1982	651
1980	651
1980	650
1978	650
1978	652
1977	652
1977	660
1978	660
1978	661
1981	661
1981	662
1982	662
1982	663
1987	663
1987	664
1993	664
1993	665
1995	665
1995	666
1998	666
1998	667
2001	667
2001	668
2004	668
2004	669
2006	669
2006	670
2008	670
2008	671
2011	671
2011	672
2012	672
2012	673
2016	673
2016	674
2019	674
2019	675
2020	675
2020	676
2024	676
2024	677
2025	677
2025	678
2028	678
2028	679
2033	679
2033	680
2034	680
2034	681
2038	681
2038	682
2043	682
2043	683
2044	683
2044	684
2046	684
2046	685
2054	685
2054	686
2056	686
2056	687
2059	687
2059	688
2062	688
2062	689
2067	689
2067	690
2069	690
2069	691
2073	691
2073	692
2078	692
2078	693
2079	693
2079	694
2084	694
2084	695
2085	695
2085	696
2090	696
2090	697
2094	697
2094	698
2095	698
2095	699
2098	699
2098	700
2101	700
2101	701
2105	701
2105	702
2106	702
2106	703
2110	703
2110	704
2114	704
2114	705
2115	705
2115	706
2117	706
2117	707
2122	707
2122	708
2124	708
2124	709
2128	709
2128	711
2129	711
2129	710
2130	710
2130	711
2131	711
2131	712
2134	712
2134	713
2136	713
2136	715
2137	715
2137	716
2136	716
2136	717
2135	717
2135	718
2132	718
2132	720
2131	720
2131	722
2122	722
2122	723
2120	723
2120	724
2116	724
2116	725
2105	725
2105	726
2095	726
2095	727
2083	727
2083	728
2037	728
2037	727
2019	727
2019	726
2010	726
2010	725
2003	725
2003	724
1999	724
1999	723
1990	723
1990	722
1987	722
1987	721
1982	721
1982	720
1980	720
1980	721
1967	721
1967	720
1965	720
1965	721
1961	721
1961	722
1960	722
1960	721
1953	721
1953	720
1951	720
1951	721
1949	721
1949	720
1948	720
1948	719
1938	719
1938	718
1933	718
1933	717
1932	717
1932	716
1928	716
1928	715
1925	715
1925	714
1924	714
1924	713
1922	713
1922	712
1920	712
1920	711
1912	711
1912	712
1911	712
1911	716
1912	716
1912	717
1911	717
1911	725
1910	725
1910	729
1909	729
1909	730
1905	730
1905	731
1898	731
1898	730
1893	730
1893	729
1892	729
1892	728
1887	728
1887	727
1885	727
1885	726
1878	726
1878	725
1877	725
1877	723
1876	723
1876	722
1871	722
1871	721
1867	721
1867	719
1866	719
1866	718
1862	718
1862	717
1861	717
1861	716
1858	716
1858	715
1857	715
1857	714
1856	714
1856	713
1855	713
1855	712
1854	712
1854	711
1852	711
1852	710
1851	710
1851	708
1850	708
1850	707
1838	707
1838	708
1837	708
1837	713
1836	713
1836	723
1834	723
1834	727
1831	727
1831	726
1824	726
1824	725
1822	725
1822	723
1820	723
1820	722
1819	722
1819	721
1818	721
1818	722
1816	722
1816	721
1815	721
1815	718
1810	718
1810	715
1805	715
1805	713
1801	713
1801	712
1799	712
1799	711
1797	711
1797	710
1796	710
1796	709
1795	709
1795	707
1793	707
1793	705
1792	705
1792	704
1787	704
1787	703
1786	703
1786	702
1785	702
1785	701
1784	701
1784	700
1783	700
1783	699
1782	699
1782	698
1780	698
1780	697
1778	697
1778	696
1777	696
1777	694
1775	694
1775	693
1776	693
1776	692
1775	692
1775	691
1774	691
1774	689
1765	689
1765	690
1764	690
1764	691
1765	691
1765	692
1764	692
1764	697
1763	697
1763	698
1762	698
1762	710
1754	710
1754	709
1749	709
1749	707
1748	707
1748	706
1743	706
1743	705
1741	705
1741	704
1740	704
1740	703
1738	703
1738	702
1737	702
1737	701
1735	701
1735	700
1734	700
1734	698
1732	698
1732	697
1730	697
1730	696
1729	696
1729	695
1728	695
1728	694
1726	694
1726	692
1723	692
1723	691
1722	691
1722	690
1720	690
1720	688
1719	688
1719	687
1718	687
1718	685
1714	685
1714	684
1711	684
1711	683
1710	683
1710	682
1707	682
1707	681
1706	681
1706	680
1705	680
1705	679
1704	679
1704	678
1703	678
1703	677
1701	677
1701	676
1700	676
1700	674
1699	674
1699	672
1696	672
1696	671
1695	671
1695	670
1694	670
1694	669
1693	669
1693	666
1692	666
1692	665
1691	665
1691	664
1690	664
1690	663
1689	663
1689	662
1687	662
1687	661
1680	661
1680	662
1679	662
1679	663
1678	663
1678	673
1679	673
1679	674
1678	674
1678	678
1679	678
1679	679
1680	679
1680	681
1679	681
1679	682
1678	682
1678	681
1677	681
1677	682
1676	682
1676	681
1675	681
1675	684
1674	684
1674	685
1668	685
1668	684
1667	684
1667	683
1666	683
1666	682
1660	682
1660	680
1659	680
1659	679
1658	679
1658	678
1657	678
1657	677
1652	677
1652	676
1651	676
1651	674
1649	674
1649	672
1646	672
1646	671
1645	671
1645	670
1644	670
1644	669
1643	669
1643	668
1642	668
1642	667
1641	667
1641	665
1640	665
1640	667
1639	667
1639	666
1638	666
1638	662
1637	662
1637	660
1631	660
1631	657
1630	657
1630	656
1621	656
1621	647
1620	647
1620	646
1619	646
1619	645
1618	645
1618	644
1617	644
1617	643
1616	643
1616	641
1613	641
1613	638
1612	638
1612	636
1610	636
1610	635
1609	635
1609	634
1608	634
1608	632
1607	632
1607	631
1606	631
1606	626
1597	626
1597	636
1596	636
1596	641
1595	641
1595	645
1594	645
1594	647
1593	647
1593	649
1594	649
1594	650
1593	650
1593	651
1592	651
1592	652
1593	652
1593	653
1589	653
1589	654
1588	654
1588	652
1587	652
1587	650
1586	650
1586	651
1584	651
1584	650
1580	650
1580	649
1578	649
1578	647
1577	647
1577	646
1575	646
1575	645
1573	645
1573	644
1572	644
1572	643
1571	643
1571	641
1569	641
1569	640
1568	640
1568	639
1567	639
1567	638
1566	638
1566	637
1565	637
1565	635
1564	635
1564	634
1562	634
1562	633
1561	633
1561	631
1560	631
1560	630
1559	630
1559	628
1558	628
1558	627
1557	627
1557	626
1555	626
1555	623
1554	623
1554	622
1551	622
1551	621
1550	621
1550	619
1549	619
1549	617
1548	617
1548	616
1547	616
1547	615
1542	615
1542	611
1541	611
1541	610
1542	610
1542	609
1541	609
1541	608
1540	608
1540	606
1539	606
1539	605
1537	605
1537	602
1536	602
1536	601
1535	601
1535	600
1528	600
1528	601
1527	601
1527	616
1525	616
1525	620
1523	620
1523	621
1520	621
1520	620
1518	620
1518	619
1517	619
1517	618
1514	618
1514	616
1512	616
1512	615
1509	615
1509	614
1508	614
1508	612
1506	612
1506	611
1505	611
1505	610
1504	610
1504	609
1503	609
1503	608
1501	608
1501	606
1500	606
1500	605
1498	605
1498	603
1496	603
1496	601
1495	601
1495	600
1493	600
1493	598
1492	598
1492	597
1491	597
1491	595
1490	595
1490	591
1489	591
1489	590
1487	590
1487	589
1486	589
1486	588
1485	588
1485	587
1484	587
1484	586
1483	586
1483	584
1481	584
1481	583
1480	583
1480	582
1479	582
1479	581
1478	581
1478	580
1477	580
1477	579
1476	579
1476	578
1475	578
1475	577
1474	577
1474	576
1473	576
1473	574
1472	574
1472	573
1471	573
1471	572
1470	572
1470	571
1469	571
1469	570
1468	570
1468	568
1467	568
1467	566
1466	566
1466	564
1465	564
1465	562
1463	562
1463	560
1462	560
1462	559
1452	559
1452	561
1451	561
1451	562
1452	562
1452	563
1451	563
1451	565
1450	565
1450	569
1447	569
1447	568
1445	568
1445	567
1440	567
1440	565
1438	565
1438	564
1437	564
1437	563
1435	563
1435	562
1434	562
1434	560
1433	560
1433	559
1429	559
1429	557
1428	557
1428	556
1427	556
1427	554
1426	554
1426	553
1424	553
1424	552
1423	552
1423	550
1422	550
1422	549
1420	549
1420	548
1419	548
1419	547
1418	547
1418	546
1417	546
1417	545
1416	545
1416	544
1415	544
1415	543
1414	543
1414	541
1412	541
1412	540
1413	540
1413	539
1411	539
1411	538
1409	538
1409	537
1408	537
1408	536
1407	536
1407	535
1406	535
1406	533
1404	533
1404	532
1403	532
1403	530
1402	530
1402	529
1401	529
1401	526
1399	526
1399	525
1398	525
1398	524
1397	524
1397	523
1396	523
1396	519
1395	519
1395	518
1393	518
1393	514
1392	514
1392	513
1391	513
1391	509
1390	509
1390	508
1383	508
1383	509
1382	509
1382	513
1381	513
1381	514
1380	514
1380	517
1379	517
1379	519
1378	519
1378	521
1377	521
1377	522
1375	522
1375	521
1374	521
1374	520
1371	520
1371	519
1370	519
1370	518
1369	518
1369	517
1368	517
1368	516
1367	516
1367	515
1366	515
1366	513
1365	513
1365	512
1364	512
1364	511
1363	511
1363	510
1362	510
1362	509
1361	509
1361	508
1359	508
1359	504
1358	504
1358	503
1357	503
1357	499
1356	499
1356	498
1354	498
1354	494
1353	494
1353	493
1352	493
1352	489
1351	489
1351	488
1347	488
1347	484
1346	484
1346	483
1345	483
1345	481
1344	481
1344	482
1343	482
1343	480
1342	480
1342	478
1341	478
1341	477
1340	477
1340	476
1339	476
1339	475
1338	475
1338	474
1337	474
1337	473
1336	473
1336	472
1335	472
1335	467
1333	467
1333	466
1332	466
1332	464
1331	464
1331	462
1329	462
1329	460
1328	460
1328	457
1318	457
1318	462
1317	462
1317	465
1314	465
1314	461
1309	461
1309	460
1307	460
1307	458
1306	458
1306	456
1305	456
1305	457
1304	457
1304	455
1303	455
1303	454
1301	454
1301	452
1299	452
1299	448
1298	448
1298	447
1297	447
1297	446
1296	446
1296	445
1295	445
1295	444
1294	444
1294	442
1293	442
1293	441
1292	441
1292	440
1291	440
1291	439
1290	439
1290	438
1289	438
1289	437
1288	437
1288	436
1287	436
1287	435
1286	435
1286	434
1285	434
1285	433
1284	433
1284	431
1282	431
1282	430
1281	430
1281	429
1280	429
1280	428
1279	428
1279	427
1278	427
1278	426
1277	426
1277	425
1276	425
1276	424
1275	424
1275	423
1274	423
1274	422
1273	422
1273	421
1271	421
1271	417
1270	417
1270	416
1268	416
1268	415
1267	415
1267	414
1266	414
1266	413
1265	413
1265	412
1264	412
1264	411
1263	411
1263	406
1260	406
1260	401
1256	401
1256	400
1255	400
1255	398
1253	398
1253	397
1248	397
1248	396
1247	396
1247	395
1246	395
1246	394
1245	394
1245	393
1244	393
1244	392
1243	392
1243	391
1242	391
1242	390
1238	390
1238	389
1237	389
1237	387
1233	387
1233	385
1232	385
1232	384
1231	384
1231	383
1230	383
1230	382
1229	382
1229	381
1227	381
1227	379
1223	379
1223	378
1222	378
1222	376
1221	376
1221	375
1220	375
1220	374
1219	374
1219	373
1218	373
1218	372
1217	372
1217	370
1212	370
1212	367
1207	367
1207	365
1206	365
1206	364
1205	364
1205	363
1204	363
1204	362
1203	362
1203	361
1202	361
1202	360
1197	360
1197	359
1196	359
1196	358
1195	358
1195	357
1194	357
1194	356
1193	356
1193	355
1191	355
1191	354
1189	354
1189	353
1187	353
1187	352
1188	352
1188	351
1187	351
1187	350
1185	350
1185	349
1183	349
1183	348
1182	348
1182	347
1181	347
1181	345
1176	345
1176	343
1174	343
1174	342
1173	342
1173	340
1171	340
1171	339
1169	339
1169	338
1168	338
1168	337
1166	337
1166	336
1163	336
1163	335
1162	335
1162	334
1161	334
1161	333
1160	333
1160	332
1156	332
1156	330
1155	330
1155	329
1152	329
1152	328
1151	328
1151	327
1150	327
1150	326
1148	326
1148	325
1146	325
1146	323
1145	323
1145	322
1141	322
1141	321
1140	321
1140	319
1129	319
1129	328
1130	328
1130	330
1131	330
1131	331
1132	331
1132	332
1133	332
1133	335
1134	335
1134	338
1135	338
1135	340
1136	340
1136	342
1137	342
1137	344
1138	344
1138	346
1139	346
1139	347
1140	347
1140	348
1141	348
1141	351
1142	351
1142	352
1143	352
1143	356
1144	356
1144	357
1145	357
1145	358
1146	358
1146	360
1147	360
1147	362
1148	362
1148	363
1149	363
1149	366
1150	366
1150	367
1153	367
1153	368
1154	368
1154	372
1157	372
1157	374
1158	374
1158	377
1160	377
1160	378
1161	378
1161	379
1162	379
1162	381
1164	381
1164	382
1165	382
1165	384
1166	384
1166	385
1167	385
1167	386
1168	386
1168	388
1169	388
1169	389
1174	389
1174	396
1175	396
1175	397
1176	397
1176	398
1177	398
1177	399
1179	399
1179	402
1180	402
1180	403
1182	403
1182	404
1183	404
1183	407
1184	407
1184	408
1185	408
1185	409
1188	409
1188	413
1189	413
1189	414
1190	414
1190	415
1192	415
1192	418
1193	418
1193	419
1194	419
1194	420
1195	420
1195	421
1196	421
1196	422
1197	422
1197	423
1198	423
1198	424
1199	424
1199	426
1200	426
1200	429
1203	429
1203	430
1204	430
1204	431
1205	431
1205	433
1206	433
1206	434
1207	434
1207	435
1209	435
1209	437
1210	437
1210	439
1212	439
1212	440
1214	440
1214	442
1215	442
1215	443
1216	443
1216	444
1217	444
1217	445
1218	445
1218	446
1220	446
1220	448
1222	448
1222	450
1223	450
1223	451
1225	451
1225	453
1226	453
1226	455
1227	455
1227	456
1229	456
1229	458
1230	458
1230	459
1232	459
1232	460
1233	460
1233	461
1234	461
1234	462
1236	462
1236	465
1238	465
1238	466
1240	466
1240	467
1241	467
1241	469
1242	469
1242	470
1245	470
1245	471
1249	471
1249	476
1251	476
1251	477
1253	477
1253	478
1254	478
1254	480
1256	480
1256	481
1259	481
1259	482
1260	482
1260	484
1261	484
1261	486
1263	486
1263	487
1266	487
1266	489
1267	489
1267	490
1269	490
1269	491
1271	491
1271	492
1272	492
1272	493
1273	493
1273	494
1276	494
1276	495
1277	495
1277	497
1278	497
1278	498
1281	498
1281	499
1282	499
1282	500
1284	500
1284	501
1285	501
1285	502
1287	502
1287	504
1288	504
1288	505
1291	505
1291	507
1292	507
1292	508
1294	508
1294	510
1296	510
1296	511
1297	511
1297	515
1300	515
1300	516
1299	516
1299	517
1296	517
1296	518
1294	518
1294	519
1292	519
1292	527
1297	527
1297	528
1301	528
1301	530
1302	530
1302	531
1307	531
1307	532
1310	532
1310	534
1312	534
1312	535
1313	535
1313	536
1317	536
1317	538
1322	538
1322	539
1323	539
1323	541
1328	541
1328	542
1330	542
1330	543
1331	543
1331	546
1338	546
1338	548
1340	548
1340	549
1343	549
1343	551
1344	551
1344	552
1347	552
1347	553
1352	553
1352	555
1353	555
1353	556
1357	556
1357	557
1360	557
1360	558
1361	558
1361	559
1363	559
1363	560
1364	560
1364	562
1368	562
1368	563
1369	563
1369	566
1371	566
1371	567
1372	567
1372	570
1373	570
1373	571
1372	571
1372	572
1369	572
1369	573
1368	573
1368	575
1367	575
1367	574
1364	574
1364	575
1363	575
1363	576
1359	576
1359	577
1356	577
1356	579
1355	579
1355	580
1356	580
1356	584
1355	584
1355	585
1356	585
1356	586
1358	586
1358	587
1361	587
1361	586
1362	586
1362	587
1363	587
1363	588
1365	588
1365	589
1368	589
1368	590
1372	590
1372	592
1373	592
1373	593
1374	593
1374	594
1381	594
1381	595
1382	595
1382	596
1383	596
1383	597
1384	597
1384	598
1386	598
1386	599
1387	599
1387	600
1392	600
1392	602
1393	602
1393	604
1399	604
1399	607
1403	607
1403	608
1404	608
1404	609
1406	609
1406	610
1409	610
1409	611
1415	611
1415	613
1416	613
1416	614
1417	614
1417	615
1421	615
1421	616
1425	616
1425	617
1429	617
1429	619
1432	619
1432	620
1434	620
1434	621
1436	621
1436	622
1438	622
1438	623
1439	623
1439	624
1440	624
1440	625
1441	625
1441	626
1445	626
1445	629
1447	629
1447	631
1446	631
1446	634
1445	634
1445	635
1443	635
1443	636
1439	636
1439	637
1440	637
1440	638
1438	638
1438	639
1436	639
1436	640
1435	640
1435	641
1433	641
1433	643
1432	643
1432	645
1433	645
1433	646
1432	646
1432	650
1433	650
1433	651
1438	651
1438	653
1439	653
1439	652
1440	652
1440	653
1445	653
1445	655
1446	655
1446	657
1448	657
1448	658
1450	658
1450	659
1454	659
1454	661
1460	661
1460	663
1461	663
1461	665
1464	665
1464	666
1467	666
1467	668
1471	668
1471	670
1473	670
1473	671
1475	671
1475	674
1480	674
1480	675
1484	675
1484	676
1485	676
1485	677
1486	677
1486	678
1487	678
1487	679
1491	679
1491	681
1494	681
1494	682
1496	682
1496	683
1497	683
1497	684
1501	684
1501	688
1502	688
1502	689
1505	689
1505	690
1507	690
1507	694
1509	694
1509	695
1510	695
1510	699
1511	699
1511	700
1512	700
1512	701
1511	701
1511	702
1507	702
1507	704
1505	704
1505	705
1502	705
1502	706
1500	706
1500	707
1498	707
1498	708
1496	708
1496	709
1491	709
1491	718
1492	718
1492	719
1493	719
1493	718
1494	718
1494	719
1497	719
1497	720
1498	720
1498	719
1499	719
1499	720
1500	720
1500	719
1501	719
1501	720
1502	720
1502	721
1503	721
1503	722
1504	722
1504	723
1505	723
1505	722
1506	722
1506	723
1512	723
1512	726
1513	726
1513	727
1519	727
1519	728
1520	728
1520	729
1523	729
1523	731
1525	731
1525	732
1528	732
1528	733
1529	733
1529	735
1530	735
1530	734
1531	734
1531	735
1532	735
1532	736
1539	736
1539	738
1540	738
1540	739
1541	739
1541	738
1542	738
1542	741
1546	741
1546	742
1549	742
1549	743
1550	743
1550	744
1552	744
1552	745
1553	745
1553	746
1555	746
1555	747
1556	747
1556	750
1559	750
1559	751
1560	751
1560	752
1561	752
1561	755
1563	755
1563	756
1565	756
1565	760
1566	760
1566	767
1563	767
1563	768
1558	768
1558	769
1553	769
1553	770
1552	770
1552	771
1548	771
1548	772
1542	772
1542	782
1546	782
1546	783
1549	783
1549	786
1552	786
1552	787
1555	787
1555	789
1558	789
1558	791
1561	791
1561	792
1562	792
1562	793
1563	793
1563	794
1565	794
1565	795
1566	795
1566	796
1567	796
1567	797
1569	797
1569	796
1570	796
1570	797
1572	797
1572	802
1574	802
1574	803
1575	803
1575	804
1581	804
1581	807
1582	807
1582	808
1584	808
1584	809
1585	809
1585	808
1587	808
1587	810
1588	810
1588	811
1589	811
1589	812
1590	812
1590	813
1592	813
1592	814
1593	814
1593	815
1594	815
1594	816
1595	816
1595	817
1597	817
1597	818
1599	818
1599	819
1600	819
1600	821
1601	821
1601	822
1604	822
1604	827
1607	827
1607	832
1609	832
1609	835
1605	835
1605	836
1604	836
1604	837
1599	837
1599	838
1594	838
1594	839
1584	839
1584	840
1583	840
