1613	555
1623	555
1623	554
1624	554
1624	552
1629	552
1629	551
1631	551
1631	550
1632	550
1632	549
1635	549
1635	548
1643	548
1643	547
1685	547
1685	548
1686	548
1686	550
1690	550
1690	549
1691	549
1691	550
1692	550
1692	552
1698	552
1698	555
1697	555
1697	556
1696	556
1696	557
1695	557
1695	560
1694	560
1694	561
1693	561
1693	562
1692	562
1692	566
1691	566
1691	568
1690	568
1690	576
1691	576
1691	577
1706	577
1706	576
1707	576
1707	575
1723	575
1723	574
1727	574
1727	573
1734	573
1734	572
1754	572
1754	573
1756	573
1756	574
1757	574
1757	575
1766	575
1766	576
1771	576
1771	577
1773	577
1773	578
1776	578
1776	579
1777	579
1777	580
1776	580
1776	582
1775	582
1775	584
1774	584
1774	585
1773	585
1773	587
1772	587
1772	590
1771	590
1771	593
1770	593
1770	594
1769	594
1769	596
1768	596
1768	597
1767	597
1767	608
1768	608
1768	607
1771	607
1771	608
1783	608
1783	607
1786	607
1786	606
1787	606
1787	605
1789	605
1789	604
1792	604
1792	605
1804	605
1804	606
1816	606
1816	607
1824	607
1824	608
1825	608
1825	609
1827	609
1827	610
1837	610
1837	612
1839	612
1839	613
1842	613
1842	614
1844	614
1844	616
1845	616
1845	617
1848	617
1848	618
1849	618
1849	620
1850	620
1850	624
1848	624
1848	625
1845	625
1845	626
1844	626
1844	627
1845	627
1845	629
1844	629
1844	632
1842	632
1842	634
1841	634
1841	635
1840	635
1840	638
1839	638
1839	645
1840	645
1840	647
1855	647
1855	646
1861	646
1861	647
1867	647
1867	648
1870	648
1870	649
1874	649
1874	651
1883	651
1883	652
1889	652
1889	653
1890	653
1890	654
1893	654
1893	655
1895	655
1895	656
1898	656
1898	657
1906	657
1906	659
1909	659
1909	660
1910	660
1910	661
1913	661
1913	662
1914	662
1914	667
1913	667
1913	668
1912	668
1912	669
1911	669
1911	670
1910	670
1910	672
1909	672
1909	673
1907	673
1907	685
1908	685
1908	686
1917	686
1917	687
1932	687
1932	689
1934	689
1934	690
1938	690
1938	692
1940	692
1940	693
1941	693
1941	694
1943	694
1943	693
1944	693
1944	695
1945	695
1945	696
1949	696
1949	697
1950	697
1950	698
1954	698
1954	700
1956	700
1956	701
1968	701
1968	700
1970	700
1970	701
1973	701
1973	707
1974	707
1974	710
1991	710
1991	712
1993	712
1993	713
2003	713
2003	714
2012	714
2012	713
2014	713
2014	715
2015	715
2015	716
2034	716
2034	715
2035	715
2035	717
2038	717
2038	718
2053	718
2053	719
2067	719
2067	720
2075	720
2075	719
2087	719
2087	720
2108	720
2108	719
2109	719
2109	720
2113	720
2113	719
2127	719
2127	720
2134	720
2134	719
2136	719
2136	720
2137	720
2137	722
2136	722
2136	723
2134	723
2134	724
2132	724
2132	726
2130	726
2130	728
2128	728
2128	729
2126	729
2126	730
2123	730
2123	731
2120	731
2120	733
2115	733
2115	734
2110	734
2110	735
2106	735
2106	736
2103	736
2103	737
2097	737
2097	738
2096	738
2096	739
2091	739
2091	740
2086	740
2086	741
2083	741
2083	742
2081	742
2081	741
2079	741
2079	742
2078	742
2078	743
2076	743
2076	744
2066	744
2066	745
2062	745
2062	746
2050	746
2050	747
2044	747
2044	748
2038	748
2038	749
2027	749
2027	751
2016	751
2016	752
2000	752
2000	753
1991	753
1991	754
1990	754
1990	755
1979	755
1979	757
1978	757
1978	758
1952	758
1952	759
1941	759
1941	762
1940	762
1940	764
1941	764
1941	766
1940	766
1940	767
1941	767
1941	768
1940	768
1940	769
1941	769
1941	772
1942	772
1942	774
1940	774
1940	775
1936	775
1936	776
1930	776
1930	777
1928	777
1928	776
1911	776
1911	775
1905	775
1905	774
1904	774
1904	773
1899	773
1899	772
1882	772
1882	771
1881	771
1881	770
1879	770
1879	769
1876	769
1876	767
1875	767
1875	766
1866	766
1866	767
1865	767
1865	782
1866	782
1866	788
1867	788
1867	791
1868	791
1868	793
1860	793
1860	794
1859	794
1859	793
1858	793
1858	794
1856	794
1856	795
1846	795
1846	794
1840	794
1840	793
1835	793
1835	792
1834	792
1834	791
1829	791
1829	790
1826	790
1826	789
1823	789
1823	788
1822	788
1822	787
1819	787
1819	786
1817	786
1817	784
1812	784
1812	783
1811	783
1811	782
1808	782
1808	781
1807	781
1807	780
1798	780
1798	787
1797	787
1797	804
1788	804
1788	803
1783	803
1783	802
1781	802
1781	801
1775	801
1775	800
1771	800
1771	799
1769	799
1769	798
1766	798
1766	797
1764	797
1764	796
1759	796
1759	794
1758	794
1758	793
1754	793
1754	792
1752	792
1752	791
1751	791
1751	790
1746	790
1746	788
1744	788
1744	789
1743	789
1743	788
1741	788
1741	787
1740	787
1740	786
1738	786
1738	787
1737	787
1737	786
1735	786
1735	785
1734	785
1734	784
1732	784
1732	782
1729	782
1729	779
1727	779
1727	778
1724	778
1724	777
1723	777
1723	776
1720	776
1720	775
1719	775
1719	774
1709	774
1709	778
1710	778
1710	780
1709	780
1709	788
1708	788
1708	796
1709	796
1709	799
1708	799
1708	800
1699	800
1699	799
1693	799
1693	798
1688	798
1688	796
1685	796
1685	794
1682	794
1682	793
1680	793
1680	792
1679	792
1679	791
1678	791
1678	790
1676	790
1676	789
1674	789
1674	788
1672	788
1672	787
1671	787
1671	785
1670	785
1670	784
1667	784
1667	782
1663	782
1663	781
1661	781
1661	780
1659	780
1659	778
1658	778
1658	777
1655	777
1655	776
1653	776
1653	773
1652	773
1652	772
1647	772
1647	767
1643	767
1643	766
1634	766
1634	767
1633	767
1633	771
1632	771
1632	779
1631	779
1631	789
1632	789
1632	790
1630	790
1630	791
1629	791
1629	790
1618	790
1618	789
1617	789
1617	788
1612	788
1612	785
1611	785
1611	784
1606	784
1606	783
1604	783
1604	782
1602	782
1602	781
1600	781
1600	778
1596	778
1596	777
1595	777
1595	776
1594	776
1594	774
1590	774
1590	773
1589	773
1589	772
1587	772
1587	771
1585	771
1585	770
1584	770
1584	769
1583	769
1583	768
1582	768
1582	767
1581	767
1581	766
1580	766
1580	767
1579	767
1579	766
1577	766
1577	765
1575	765
1575	764
1573	764
1573	763
1572	763
1572	762
1571	762
1571	761
1569	761
1569	760
1568	760
1568	759
1567	759
1567	756
1566	756
1566	757
1565	757
1565	755
1563	755
1563	754
1561	754
1561	753
1559	753
1559	749
1548	749
1548	755
1547	755
1547	761
1546	761
1546	767
1545	767
1545	776
1540	776
1540	775
1536	775
1536	773
1535	773
1535	772
1529	772
1529	771
1527	771
1527	770
1526	770
1526	769
1524	769
1524	767
1522	767
1522	766
1519	766
1519	765
1518	765
1518	761
1513	761
1513	760
1512	760
1512	759
1511	759
1511	758
1509	758
1509	757
1507	757
1507	756
1506	756
1506	755
1505	755
1505	754
1504	754
1504	753
1501	753
1501	749
1495	749
1495	748
1494	748
1494	747
1492	747
1492	745
1490	745
1490	744
1489	744
1489	742
1488	742
1488	741
1486	741
1486	740
1484	740
1484	739
1483	739
1483	737
1480	737
1480	736
1479	736
1479	735
1478	735
1478	733
1477	733
1477	732
1476	732
1476	731
1474	731
1474	730
1473	730
1473	728
1472	728
1472	726
1471	726
1471	725
1467	725
1467	726
1466	726
1466	725
1462	725
1462	726
1461	726
1461	729
1460	729
1460	733
1459	733
1459	736
1458	736
1458	743
1456	743
1456	744
1454	744
1454	753
1455	753
1455	754
1462	754
1462	756
1464	756
1464	757
1467	757
1467	758
1470	758
1470	759
1471	759
1471	760
1475	760
1475	762
1478	762
1478	763
1480	763
1480	766
1478	766
1478	767
1476	767
1476	768
1475	768
1475	770
1474	770
1474	772
1471	772
1471	773
1470	773
1470	774
1469	774
1469	777
1468	777
1468	778
1466	778
1466	777
1465	777
1465	779
1464	779
1464	781
1463	781
1463	783
1462	783
1462	784
1461	784
1461	785
1460	785
1460	794
1461	794
1461	795
1472	795
1472	794
1474	794
1474	796
1477	796
1477	797
1484	797
1484	798
1485	798
1485	799
1490	799
1490	800
1491	800
1491	801
1492	801
1492	802
1493	802
1493	803
1495	803
1495	804
1496	804
1496	803
1497	803
1497	804
1498	804
1498	806
1504	806
1504	808
1505	808
1505	809
1507	809
1507	810
1508	810
1508	811
1510	811
1510	812
1513	812
1513	813
1516	813
1516	815
1518	815
1518	816
1522	816
1522	817
1527	817
1527	821
1529	821
1529	822
1530	822
1530	821
1532	821
1532	822
1533	822
1533	823
1534	823
1534	825
1538	825
1538	826
1540	826
1540	827
1543	827
1543	828
1545	828
1545	829
1546	829
1546	831
1549	831
1549	832
1551	832
1551	834
1552	834
1552	835
1554	835
1554	837
1555	837
1555	839
1553	839
1553	840
1550	840
1550	841
1549	841
1549	842
1547	842
1547	843
1545	843
1545	845
1544	845
1544	846
1542	846
1542	847
1541	847
1541	848
1540	848
1540	849
1539	849
1539	851
1537	851
1537	852
1536	852
1536	854
1535	854
1535	861
1536	861
1536	862
1548	862
1548	863
1552	863
1552	864
1554	864
1554	863
1555	863
1555	864
1556	864
1556	863
1558	863
1558	864
1559	864
1559	865
1560	865
1560	866
1563	866
1563	868
1569	868
1569	869
1571	869
1571	870
1572	870
1572	871
1574	871
1574	873
1576	873
1576	874
1581	874
1581	876
1586	876
1586	879
1587	879
1587	880
1592	880
1592	881
1594	881
1594	882
1595	882
1595	883
1598	883
1598	886
1601	886
1601	887
1605	887
1605	888
1608	888
1608	891
1609	891
1609	892
1610	892
1610	893
1611	893
1611	894
1614	894
1614	895
1616	895
1616	898
1615	898
1615	899
1613	899
1613	900
1612	900
1612	901
1610	901
1610	902
1609	902
1609	903
1608	903
1608	904
1607	904
1607	905
1606	905
1606	906
1604	906
1604	907
1603	907
1603	908
1602	908
1602	909
1599	909
1599	910
1598	910
1598	911
1596	911
1596	912
1595	912
1595	913
1593	913
1593	914
1592	914
1592	915
1590	915
1590	916
1587	916
1587	917
1586	917
1586	924
1587	924
1587	925
1586	925
1586	926
1587	926
1587	927
1591	927
1591	928
1602	928
1602	929
1604	929
1604	930
1606	930
1606	931
1607	931
1607	932
1608	932
1608	933
1609	933
1609	932
1611	932
1611	933
1616	933
1616	934
1617	934
1617	935
1620	935
1620	936
1622	936
1622	938
1626	938
1626	939
1628	939
1628	940
1633	940
1633	943
1634	943
1634	944
1635	944
1635	945
1636	945
1636	946
1638	946
1638	947
1640	947
1640	948
1645	948
1645	951
1646	951
1646	952
1648	952
1648	953
1651	953
1651	955
1652	955
1652	956
1656	956
1656	957
1657	957
1657	958
1665	958
1665	959
1666	959
1666	961
1667	961
1667	962
1668	962
1668	963
1672	963
1672	964
1674	964
1674	965
1675	965
1675	968
1677	968
1677	969
1678	969
1678	970
1679	970
1679	971
1680	971
1680	972
1681	972
1681	973
1682	973
1682	975
1683	975
1683	976
1684	976
1684	978
1685	978
1685	980
1684	980
1684	981
1680	981
1680	982
1679	982
1679	983
1675	983
1675	984
1674	984
1674	987
1673	987
1673	988
1671	988
1671	989
1669	989
1669	994
1663	994
1663	995
1661	995
1661	996
1660	996
1660	998
1659	998
1659	999
1658	999
1658	1000
1657	1000
1657	1009
1662	1009
1662	1010
1663	1010
1663	1011
1665	1011
1665	1012
1671	1012
1671	1013
1672	1013
1672	1014
1676	1014
1676	1015
1677	1015
1677	1016
1678	1016
1678	1017
1680	1017
1680	1020
1684	1020
1684	1021
1686	1021
1686	1022
1688	1022
1688	1023
1691	1023
1691	1024
1692	1024
1692	1025
1693	1025
1693	1027
1694	1027
1694	1028
1696	1028
1696	1029
1698	1029
1698	1032
1700	1032
1700	1033
1702	1033
1702	1037
1703	1037
1703	1038
1708	1038
1708	1039
1709	1039
1709	1042
1710	1042
1710	1044
1711	1044
1711	1045
1712	1045
1712	1044
1715	1044
1715	1046
1716	1046
1716	1049
1717	1049
1717	1050
1719	1050
1719	1049
1720	1049
1720	1051
1721	1051
1721	1053
1722	1053
1722	1054
1721	1054
1721	1055
1724	1055
1724	1056
1725	1056
1725	1059
1726	1059
1726	1060
1727	1060
1727	1064
1722	1064
1722	1065
1716	1065
1716	1068
1715	1068
1715	1069
1713	1069
1713	1070
1710	1070
1710	1072
1709	1072
1709	1073
1708	1073
1708	1081
1709	1081
1709	1082
1711	1082
1711	1083
1712	1083
1712	1085
1713	1085
1713	1084
1717	1084
1717	1085
1722	1085
1722	1086
1723	1086
1723	1088
1727	1088
1727	1090
1728	1090
1728	1091
1731	1091
1731	1092
1732	1092
1732	1093
1735	1093
1735	1094
1737	1094
1737	1095
1738	1095
1738	1096
1739	1096
1739	1098
1740	1098
1740	1099
1741	1099
1741	1100
1743	1100
1743	1101
1745	1101
1745	1102
1747	1102
1747	1103
1748	1103
1748	1108
1753	1108
1753	1111
1755	1111
1755	1112
1756	1112
1756	1114
1758	1114
1758	1118
1757	1118
1757	1119
1753	1119
1753	1120
1752	1120
1752	1121
1751	1121
1751	1122
1750	1122
1750	1123
1747	1123
1747	1124
1745	1124
1745	1125
1742	1125
1742	1126
1740	1126
1740	1127
1738	1127
1738	1128
1736	1128
1736	1129
1734	1129
1734	1130
1733	1130
1733	1139
1734	1139
1734	1141
1737	1141
1737	1142
1739	1142
1739	1143
1740	1143
1740	1144
1744	1144
1744	1145
1745	1145
1745	1147
1747	1147
1747	1146
1748	1146
1748	1147
1751	1147
1751	1149
1752	1149
1752	1150
1753	1150
1753	1152
1755	1152
1755	1153
1756	1153
1756	1154
1757	1154
1757	1155
1762	1155
1762	1156
1763	1156
1763	1158
1762	1158
1762	1159
1763	1159
1763	1161
1764	1161
1764	1162
1766	1162
1766	1163
1768	1163
1768	1166
1769	1166
1769	1167
1770	1167
1770	1169
1773	1169
1773	1171
1774	1171
1774	1175
1776	1175
1776	1176
1777	1176
1777	1178
1778	1178
1778	1179
1779	1179
1779	1181
1780	1181
1780	1185
1782	1185
1782	1188
1781	1188
1781	1189
1774	1189
1774	1191
1771	1191
1771	1192
1769	1192
1769	1193
1768	1193
1768	1194
1763	1194
1763	1195
1762	1195
1762	1196
1758	1196
1758	1197
1757	1197
1757	1208
1762	1208
1762	1209
1764	1209
1764	1210
1768	1210
1768	1213
1769	1213
1769	1214
1774	1214
1774	1215
1777	1215
1777	1218
1779	1218
1779	1219
1780	1219
1780	1220
1781	1220
1781	1221
1782	1221
1782	1222
1784	1222
1784	1225
1785	1225
1785	1226
1786	1226
1786	1227
1788	1227
1788	1228
1789	1228
1789	1229
1790	1229
1790	1232
1792	1232
1792	1237
1795	1237
1795	1238
1796	1238
1796	1239
1797	1239
1797	1241
1798	1241
1798	1243
1799	1243
1799	1244
1800	1244
1800	1246
1801	1246
1801	1249
1803	1249
1803	1251
1804	1251
1804	1253
1803	1253
1803	1254
1804	1254
1804	1255
1805	1255
1805	1258
1806	1258
1806	1266
1807	1266
1807	1267
1799	1267
1799	1268
1792	1268
1792	1270
1789	1270
1789	1271
1785	1271
1785	1273
1782	1273
1782	1274
1781	1274
1781	1275
1779	1275
1779	1277
1778	1277
1778	1285
1779	1285
1779	1286
1781	1286
1781	1288
1783	1288
1783	1289
1785	1289
1785	1290
1787	1290
1787	1292
1789	1292
1789	1294
1790	1294
1790	1295
1791	1295
1791	1296
1792	1296
1792	1298
1794	1298
1794	1299
1795	1299
1795	1300
1796	1300
1796	1301
1797	1301
1797	1302
1799	1302
1799	1301
1800	1301
1800	1302
1802	1302
1802	1313
1804	1313
1804	1314
1805	1314
1805	1315
1806	1315
1806	1317
1807	1317
1807	1319
1808	1319
1808	1320
1809	1320
1809	1324
1810	1324
1810	1325
1811	1325
1811	1326
1812	1326
1812	1328
1813	1328
1813	1330
1814	1330
1814	1331
1815	1331
1815	1336
1816	1336
1816	1337
1819	1337
1819	1343
1821	1343
1821	1348
1822	1348
1822	1358
1798	1358
1798	1359
1797	1359
1797	1367
1798	1367
1798	1368
1800	1368
1800	1369
1801	1369
1801	1371
1802	1371
1802	1372
1803	1372
1803	1373
1804	1373
1804	1374
1805	1374
1805	1375
1806	1375
1806	1377
1807	1377
1807	1378
1808	1378
1808	1379
1809	1379
1809	1382
1810	1382
1810	1384
1813	1384
1813	1388
1814	1388
1814	1389
1815	1389
1815	1395
1818	1395
1818	1397
1819	1397
1819	1399
1821	1399
1821	1401
1823	1401
1823	1405
1824	1405
1824	1406
1825	1406
1825	1408
1826	1408
1826	1409
1827	1409
1827	1413
1829	1413
1829	1415
1830	1415
1830	1416
1831	1416
1831	1419
1832	1419
1832	1423
1833	1423
1833	1424
1832	1424
1832	1428
1825	1428
1825	1429
1815	1429
1815	1432
1814	1432
1814	1434
1815	1434
1815	1436
1814	1436
1814	1440
1815	1440
1815	1442
1816	1442
1816	1443
1818	1443
1818	1446
1819	1446
1819	1448
1821	1448
1821	1453
1822	1453
1822	1455
1824	1455
1824	1458
1825	1458
1825	1461
1826	1461
1826	1463
1827	1463
1827	1471
1828	1471
1828	1472
1829	1472
1829	1474
1830	1474
1830	1478
1831	1478
1831	1483
1832	1483
1832	1484
1833	1484
1833	1485
1834	1485
1834	1489
1835	1489
1835	1492
1836	1492
1836	1494
1837	1494
1837	1495
1838	1495
1838	1501
1840	1501
1840	1502
1841	1502
1841	1510
1843	1510
1843	1512
1844	1512
1844	1516
1845	1516
1845	1519
1846	1519
1846	1520
1847	1520
1847	1524
1848	1524
1848	1526
1849	1526
1849	1531
1850	1531
1850	1535
1851	1535
1851	1536
1853	1536
1853	1539
1854	1539
1854	1540
1855	1540
1855	1542
1856	1542
1856	1548
1858	1548
1858	1549
1857	1549
1857	1550
1859	1550
1859	1551
1860	1551
1860	1554
1861	1554
1861	1556
1862	1556
1862	1560
1863	1560
1863	1562
1864	1562
1864	1563
1865	1563
1865	1565
1866	1565
1866	1568
1867	1568
1867	1571
1868	1571
1868	1577
1870	1577
1870	1578
1871	1578
1871	1580
1872	1580
1872	1581
1873	1581
1873	1583
1874	1583
1874	1589
1877	1589
1877	1590
1878	1590
1878	1592
1879	1592
1879	1596
1880	1596
1880	1600
1882	1600
1882	1602
1883	1602
1883	1606
1884	1606
1884	1607
1885	1607
1885	1608
1886	1608
1886	1612
1887	1612
1887	1613
1888	1613
1888	1615
1889	1615
1889	1616
1890	1616
1890	1619
1891	1619
1891	1623
1892	1623
1892	1624
1894	1624
1894	1627
1895	1627
1895	1628
1896	1628
1896	1630
1897	1630
1897	1635
1899	1635
1899	1636
1901	1636
1901	1640
1902	1640
1902	1642
1903	1642
1903	1647
1906	1647
1906	1648
1907	1648
1907	1653
1909	1653
1909	1655
1910	1655
1910	1656
1911	1656
1911	1659
1912	1659
1912	1660
1913	1660
1913	1665
1915	1665
1915	1670
1917	1670
1917	1671
1918	1671
1918	1673
1919	1673
1919	1676
1920	1676
1920	1681
1921	1681
1921	1683
1922	1683
1922	1684
1921	1684
1921	1685
1920	1685
1920	1684
1919	1684
1919	1683
1917	1683
1917	1682
1916	1682
1916	1681
1915	1681
1915	1680
1912	1680
1912	1679
1911	1679
1911	1676
1910	1676
1910	1675
1907	1675
1907	1674
1908	1674
1908	1673
1904	1673
1904	1672
1903	1672
1903	1671
1902	1671
1902	1670
1901	1670
1901	1669
1900	1669
1900	1667
1899	1667
1899	1663
1895	1663
1895	1662
1893	1662
1893	1658
1891	1658
1891	1657
1889	1657
1889	1656
1888	1656
1888	1655
1887	1655
1887	1651
1885	1651
1885	1650
1884	1650
1884	1649
1882	1649
1882	1647
1881	1647
1881	1646
1880	1646
1880	1645
1879	1645
1879	1644
1878	1644
1878	1643
1877	1643
1877	1642
1876	1642
1876	1641
1875	1641
1875	1639
1874	1639
1874	1638
1873	1638
1873	1637
1872	1637
1872	1636
1871	1636
1871	1634
1870	1634
1870	1633
1868	1633
1868	1632
1867	1632
1867	1629
1866	1629
1866	1628
1864	1628
1864	1623
1863	1623
1863	1622
1860	1622
1860	1621
1859	1621
1859	1620
1858	1620
1858	1617
1857	1617
1857	1616
1856	1616
1856	1615
1855	1615
1855	1614
1853	1614
1853	1613
1852	1613
1852	1611
1851	1611
1851	1610
1850	1610
1850	1609
1849	1609
1849	1607
1847	1607
1847	1606
1846	1606
1846	1603
1844	1603
1844	1602
1843	1602
1843	1600
1842	1600
1842	1598
1841	1598
1841	1594
1840	1594
1840	1593
1839	1593
1839	1592
1837	1592
1837	1591
1836	1591
1836	1588
1834	1588
1834	1587
1833	1587
1833	1585
1832	1585
1832	1583
1831	1583
1831	1582
1829	1582
1829	1576
1828	1576
1828	1575
1826	1575
1826	1574
1825	1574
1825	1573
1823	1573
1823	1570
1822	1570
1822	1569
1821	1569
1821	1568
1820	1568
1820	1565
1819	1565
1819	1564
1818	1564
1818	1563
1817	1563
1817	1562
1818	1562
1818	1561
1817	1561
1817	1559
1816	1559
1816	1558
1815	1558
1815	1557
1814	1557
1814	1555
1812	1555
1812	1553
1811	1553
1811	1552
1810	1552
1810	1550
1808	1550
1808	1547
1807	1547
1807	1546
1806	1546
1806	1544
1805	1544
1805	1540
1802	1540
1802	1538
1801	1538
1801	1537
1800	1537
1800	1535
1799	1535
1799	1534
1798	1534
1798	1533
1797	1533
1797	1532
1796	1532
1796	1530
1795	1530
1795	1529
1794	1529
1794	1528
1793	1528
1793	1526
1790	1526
1790	1524
1789	1524
1789	1522
1787	1522
1787	1521
1786	1521
1786	1519
1785	1519
1785	1518
1783	1518
1783	1515
1782	1515
1782	1511
1780	1511
1780	1510
1778	1510
1778	1509
1776	1509
1776	1505
1775	1505
1775	1504
1773	1504
1773	1503
1772	1503
1772	1502
1770	1502
1770	1498
1769	1498
1769	1499
1768	1499
1768	1498
1767	1498
1767	1497
1765	1497
1765	1496
1764	1496
1764	1493
1762	1493
1762	1492
1761	1492
1761	1491
1760	1491
1760	1490
1759	1490
1759	1488
1757	1488
1757	1487
1755	1487
1755	1486
1754	1486
1754	1485
1753	1485
1753	1483
1752	1483
1752	1482
1751	1482
1751	1481
1749	1481
1749	1480
1748	1480
1748	1478
1747	1478
1747	1476
1746	1476
1746	1475
1744	1475
1744	1474
1743	1474
1743	1473
1742	1473
1742	1472
1741	1472
1741	1470
1740	1470
1740	1469
1739	1469
1739	1468
1738	1468
1738	1467
1737	1467
1737	1465
1736	1465
1736	1464
1735	1464
1735	1463
1734	1463
1734	1460
1732	1460
1732	1459
1730	1459
1730	1454
1729	1454
1729	1452
1727	1452
1727	1451
1726	1451
1726	1447
1725	1447
1725	1445
1724	1445
1724	1440
1723	1440
1723	1437
1712	1437
1712	1438
1711	1438
1711	1440
1709	1440
1709	1442
1708	1442
1708	1443
1707	1443
1707	1444
1706	1444
1706	1445
1705	1445
1705	1447
1704	1447
1704	1449
1702	1449
1702	1448
1701	1448
1701	1446
1698	1446
1698	1445
1696	1445
1696	1444
1695	1444
1695	1443
1694	1443
1694	1441
1693	1441
1693	1440
1691	1440
1691	1439
1690	1439
1690	1438
1688	1438
1688	1435
1686	1435
1686	1434
1685	1434
1685	1429
1683	1429
1683	1428
1682	1428
1682	1423
1679	1423
1679	1422
1678	1422
1678	1417
1675	1417
1675	1414
1674	1414
1674	1413
1673	1413
1673	1411
1672	1411
1672	1406
1671	1406
1671	1403
1672	1403
1672	1402
1671	1402
1671	1401
1670	1401
1670	1399
1668	1399
1668	1397
1667	1397
1667	1382
1657	1382
1657	1385
1656	1385
1656	1386
1654	1386
1654	1387
1653	1387
1653	1388
1651	1388
1651	1390
1649	1390
1649	1391
1648	1391
1648	1392
1647	1392
1647	1393
1645	1393
1645	1395
1643	1395
1643	1394
1641	1394
1641	1393
1640	1393
1640	1392
1638	1392
1638	1391
1637	1391
1637	1390
1636	1390
1636	1389
1635	1389
1635	1387
1633	1387
1633	1386
1631	1386
1631	1385
1630	1385
1630	1383
1629	1383
1629	1382
1628	1382
1628	1381
1627	1381
1627	1380
1626	1380
1626	1377
1625	1377
1625	1376
1624	1376
1624	1371
1623	1371
1623	1369
1622	1369
1622	1368
1621	1368
1621	1364
1620	1364
1620	1360
1619	1360
1619	1358
1618	1358
1618	1353
1617	1353
1617	1352
1618	1352
1618	1351
1617	1351
1617	1350
1618	1350
1618	1348
1617	1348
1617	1346
1616	1346
1616	1342
1617	1342
1617	1330
1616	1330
1616	1329
1604	1329
1604	1332
1603	1332
1603	1333
1601	1333
1601	1334
1600	1334
1600	1335
1598	1335
1598	1336
1597	1336
1597	1337
1596	1337
1596	1338
1595	1338
1595	1339
1594	1339
1594	1341
1590	1341
1590	1339
1589	1339
1589	1338
1588	1338
1588	1335
1585	1335
1585	1334
1584	1334
1584	1333
1583	1333
1583	1330
1582	1330
1582	1329
1580	1329
1580	1328
1579	1328
1579	1326
1578	1326
1578	1325
1577	1325
1577	1324
1576	1324
1576	1323
1575	1323
1575	1321
1574	1321
1574	1320
1573	1320
1573	1319
1572	1319
1572	1316
1571	1316
1571	1312
1570	1312
1570	1311
1569	1311
1569	1310
1568	1310
1568	1307
1567	1307
1567	1305
1566	1305
1566	1302
1565	1302
1565	1299
1564	1299
1564	1298
1563	1298
1563	1296
1562	1296
1562	1295
1563	1295
1563	1293
1562	1293
1562	1288
1561	1288
1561	1287
1560	1287
1560	1281
1559	1281
1559	1270
1558	1270
1558	1268
1557	1268
1557	1264
1558	1264
1558	1262
1555	1262
1555	1261
1554	1261
1554	1262
1551	1262
1551	1261
1549	1261
1549	1262
1546	1262
1546	1264
1545	1264
1545	1265
1544	1265
1544	1266
1541	1266
1541	1267
1540	1267
1540	1268
1539	1268
1539	1269
1538	1269
1538	1270
1535	1270
1535	1271
1534	1271
1534	1272
1533	1272
1533	1273
1530	1273
1530	1274
1529	1274
1529	1275
1527	1275
1527	1276
1524	1276
1524	1271
1522	1271
1522	1270
1520	1270
1520	1269
1519	1269
1519	1267
1518	1267
1518	1265
1517	1265
1517	1264
1515	1264
1515	1261
1514	1261
1514	1260
1513	1260
1513	1257
1512	1257
1512	1253
1511	1253
1511	1252
1509	1252
1509	1249
1508	1249
1508	1246
1507	1246
1507	1244
1506	1244
1506	1241
1504	1241
1504	1236
1503	1236
1503	1233
1502	1233
1502	1232
1503	1232
1503	1231
1502	1231
1502	1230
1501	1230
1501	1226
1500	1226
1500	1224
1499	1224
1499	1222
1498	1222
1498	1218
1497	1218
1497	1214
1496	1214
1496	1211
1495	1211
1495	1201
1494	1201
1494	1200
1493	1200
1493	1196
1492	1196
1492	1183
1491	1183
1491	1182
1489	1182
1489	1183
1488	1183
1488	1182
1482	1182
1482	1183
1481	1183
1481	1185
1480	1185
1480	1186
1479	1186
1479	1187
1478	1187
1478	1188
1476	1188
1476	1189
1475	1189
1475	1191
1473	1191
1473	1192
1472	1192
1472	1193
1469	1193
1469	1194
1468	1194
1468	1195
1467	1195
1467	1196
1466	1196
1466	1198
1464	1198
1464	1197
1463	1197
1463	1196
1462	1196
1462	1195
1460	1195
1460	1193
1458	1193
1458	1191
1457	1191
1457	1189
1456	1189
1456	1188
1455	1188
1455	1187
1454	1187
1454	1183
1453	1183
1453	1182
1452	1182
1452	1181
1451	1181
1451	1179
1449	1179
1449	1175
1448	1175
1448	1171
1447	1171
1447	1169
1446	1169
1446	1165
1445	1165
1445	1162
1444	1162
1444	1156
1443	1156
1443	1153
1442	1153
1442	1142
1441	1142
1441	1141
1440	1141
1440	1137
1439	1137
1439	1128
1438	1128
1438	1123
1427	1123
1427	1124
1423	1124
1423	1126
1422	1126
1422	1127
1423	1127
1423	1128
1422	1128
1422	1129
1421	1129
1421	1130
1417	1130
1417	1133
1415	1133
1415	1132
1414	1132
1414	1130
1412	1130
1412	1129
1411	1129
1411	1128
1410	1128
1410	1127
1408	1127
1408	1126
1407	1126
1407	1124
1405	1124
1405	1122
1404	1122
1404	1120
1403	1120
1403	1119
1402	1119
1402	1117
1401	1117
1401	1113
1400	1113
1400	1112
1399	1112
1399	1107
1398	1107
1398	1106
1397	1106
1397	1101
1396	1101
1396	1097
1395	1097
1395	1089
1393	1089
1393	1088
1392	1088
1392	1083
1391	1083
1391	1081
1390	1081
1390	1077
1389	1077
1389	1071
1388	1071
1388	1070
1387	1070
1387	1065
1386	1065
1386	1054
1376	1054
1376	1056
1375	1056
1375	1057
1374	1057
1374	1058
1373	1058
1373	1059
1370	1059
1370	1060
1368	1060
1368	1061
1367	1061
1367	1062
1366	1062
1366	1065
1363	1065
1363	1064
1362	1064
1362	1062
1360	1062
1360	1060
1358	1060
1358	1059
1357	1059
1357	1057
1356	1057
1356	1056
1355	1056
1355	1054
1354	1054
1354	1052
1353	1052
1353	1051
1352	1051
1352	1048
1351	1048
1351	1047
1350	1047
1350	1042
1349	1042
1349	1040
1348	1040
1348	1036
1347	1036
1347	1034
1346	1034
1346	1029
1345	1029
1345	1027
1344	1027
1344	1023
1343	1023
1343	1021
1342	1021
1342	1013
1340	1013
1340	1012
1339	1012
1339	1006
1338	1006
1338	1003
1337	1003
1337	1001
1336	1001
1336	995
1335	995
1335	992
1334	992
1334	976
1333	976
1333	975
1324	975
1324	976
1323	976
1323	977
1322	977
1322	978
1321	978
1321	979
1320	979
1320	980
1319	980
1319	981
1318	981
1318	982
1317	982
1317	983
1316	983
1316	985
1315	985
1315	986
1314	986
1314	987
1313	987
1313	984
1312	984
1312	983
1310	983
1310	982
1309	982
1309	981
1308	981
1308	980
1307	980
1307	977
1305	977
1305	975
1304	975
1304	974
1303	974
1303	972
1302	972
1302	971
1303	971
1303	970
1302	970
1302	969
1301	969
1301	966
1300	966
1300	963
1298	963
1298	961
1297	961
1297	960
1296	960
1296	949
1295	949
1295	943
1293	943
1293	940
1292	940
1292	936
1291	936
1291	932
1290	932
1290	931
1289	931
1289	925
1288	925
1288	924
1287	924
1287	921
1286	921
1286	913
1285	913
1285	912
1286	912
1286	904
1285	904
1285	903
1277	903
1277	904
1275	904
1275	906
1273	906
1273	907
1271	907
1271	908
1270	908
1270	909
1269	909
1269	910
1267	910
1267	912
1266	912
1266	913
1265	913
1265	915
1262	915
1262	913
1261	913
1261	912
1260	912
1260	907
1259	907
1259	906
1258	906
1258	903
1257	903
1257	901
1256	901
1256	893
1255	893
1255	888
1254	888
1254	878
1252	878
1252	868
1251	868
1251	862
1250	862
1250	861
1249	861
1249	854
1248	854
1248	849
1247	849
1247	848
1246	848
1246	845
1245	845
1245	837
1244	837
1244	833
1243	833
1243	821
1242	821
1242	820
1240	820
1240	821
1233	821
1233	822
1232	822
1232	823
1231	823
1231	824
1229	824
1229	826
1227	826
1227	827
1226	827
1226	828
1224	828
1224	829
1223	829
1223	830
1222	830
1222	831
1220	831
1220	832
1219	832
1219	826
1218	826
1218	825
1217	825
1217	819
1216	819
1216	814
1215	814
1215	808
1214	808
1214	791
1213	791
1213	785
1212	785
1212	784
1211	784
1211	781
1210	781
1210	779
1209	779
1209	773
1208	773
1208	761
1206	761
1206	755
1205	755
1205	751
1204	751
1204	744
1203	744
1203	739
1202	739
1202	737
1193	737
1193	738
1192	738
1192	739
1191	739
1191	742
1190	742
1190	744
1189	744
1189	743
1187	743
1187	742
1186	742
1186	740
1185	740
1185	739
1184	739
1184	732
1183	732
1183	730
1182	730
1182	723
1181	723
1181	715
1180	715
1180	712
1179	712
1179	705
1178	705
1178	702
1177	702
1177	699
1176	699
1176	698
1175	698
1175	695
1174	695
1174	692
1173	692
1173	687
1172	687
1172	686
1173	686
1173	685
1171	685
1171	684
1170	684
1170	683
1169	683
1169	682
1170	682
1170	680
1169	680
1169	672
1168	672
1168	668
1167	668
1167	665
1166	665
1166	656
1165	656
1165	655
1164	655
1164	652
1163	652
1163	649
1162	649
1162	648
1161	648
1161	645
1160	645
1160	644
1159	644
1159	643
1158	643
1158	641
1157	641
1157	639
1156	639
1156	638
1155	638
1155	633
1154	633
1154	632
1152	632
1152	631
1151	631
1151	630
1150	630
1150	628
1149	628
1149	621
1148	621
1148	620
1145	620
1145	618
1144	618
1144	616
1143	616
1143	613
1142	613
1142	612
1140	612
1140	610
1139	610
1139	607
1138	607
1138	604
1137	604
1137	602
1135	602
1135	599
1134	599
1134	598
1133	598
1133	595
1132	595
1132	593
1131	593
1131	590
1130	590
1130	589
1129	589
1129	588
1128	588
1128	587
1127	587
1127	585
1126	585
1126	584
1125	584
1125	579
1123	579
1123	578
1121	578
1121	577
1111	577
1111	587
1112	587
1112	588
1113	588
1113	591
1114	591
1114	596
1115	596
1115	603
1116	603
1116	609
1117	609
1117	612
1118	612
1118	613
1117	613
1117	615
1118	615
1118	622
1120	622
1120	625
1121	625
1121	628
1122	628
1122	631
1123	631
1123	635
1124	635
1124	639
1125	639
1125	641
1126	641
1126	645
1127	645
1127	647
1128	647
1128	651
1129	651
1129	654
1130	654
1130	657
1131	657
1131	658
1132	658
1132	661
1133	661
1133	664
1134	664
1134	669
1135	669
1135	670
1136	670
1136	671
1135	671
1135	673
1136	673
1136	674
1137	674
1137	675
1138	675
1138	677
1139	677
1139	679
1140	679
1140	680
1141	680
1141	683
1142	683
1142	684
1144	684
1144	685
1145	685
1145	687
1146	687
1146	696
1147	696
1147	698
1148	698
1148	699
1150	699
1150	701
1152	701
1152	702
1153	702
1153	703
1154	703
1154	705
1155	705
1155	707
1156	707
1156	711
1155	711
1155	712
1152	712
1152	722
1153	722
1153	727
1156	727
1156	728
1157	728
1157	733
1160	733
1160	734
1161	734
1161	739
1162	739
1162	740
1163	740
1163	744
1164	744
1164	745
1166	745
1166	747
1167	747
1167	748
1168	748
1168	750
1169	750
1169	751
1170	751
1170	754
1171	754
1171	757
1173	757
1173	759
1174	759
1174	762
1175	762
1175	763
1176	763
1176	765
1177	765
1177	768
1178	768
1178	769
1179	769
1179	770
1180	770
1180	774
1181	774
1181	775
1182	775
1182	779
1183	779
1183	781
1186	781
1186	784
1188	784
1188	789
1192	789
1192	790
1193	790
1193	791
1194	791
1194	792
1195	792
1195	793
1196	793
1196	794
1197	794
1197	796
1198	796
1198	797
1199	797
1199	799
1200	799
1200	803
1201	803
1201	804
1202	804
1202	806
1203	806
1203	807
1202	807
1202	808
1200	808
1200	807
1195	807
1195	806
1183	806
1183	807
1182	807
1182	817
1183	817
1183	818
1184	818
1184	819
1185	819
1185	821
1186	821
1186	822
1188	822
1188	825
1187	825
1187	826
1189	826
1189	827
1191	827
1191	828
1192	828
1192	832
1193	832
1193	833
1196	833
1196	834
1197	834
1197	837
1198	837
1198	839
1199	839
1199	840
1200	840
1200	844
1201	844
1201	845
1202	845
1202	846
1203	846
1203	848
1204	848
1204	849
1205	849
1205	851
1206	851
1206	856
1208	856
1208	857
1209	857
1209	859
1210	859
1210	861
1211	861
1211	862
1210	862
1210	863
1213	863
1213	865
1214	865
1214	867
1215	867
1215	870
1216	870
1216	871
1217	871
1217	872
1218	872
1218	874
1219	874
1219	875
1220	875
1220	876
1221	876
1221	877
1222	877
1222	878
1223	878
1223	879
1224	879
1224	881
1225	881
1225	882
1224	882
1224	883
1226	883
1226	884
1227	884
1227	885
1229	885
1229	887
1230	887
1230	888
1231	888
1231	891
1233	891
1233	892
1235	892
1235	897
1240	897
1240	899
1241	899
1241	904
1232	904
1232	905
1228	905
1228	906
1218	906
1218	907
1213	907
1213	908
1212	908
1212	909
1213	909
1213	910
1212	910
1212	916
1213	916
1213	918
1214	918
1214	919
1215	919
1215	920
1216	920
1216	921
1217	921
1217	926
1220	926
1220	927
1222	927
1222	928
1223	928
1223	931
1224	931
1224	932
1226	932
1226	935
1227	935
1227	937
1228	937
1228	938
1229	938
1229	939
1230	939
1230	941
1231	941
1231	942
1232	942
1232	944
1233	944
1233	947
1234	947
1234	948
1235	948
1235	950
1236	950
1236	951
1237	951
1237	952
1238	952
1238	954
1239	954
1239	955
1240	955
1240	957
1241	957
1241	961
1243	961
1243	962
1244	962
1244	964
1245	964
1245	965
1246	965
1246	966
1247	966
1247	968
1249	968
1249	970
1250	970
1250	971
1251	971
1251	973
1252	973
1252	974
1253	974
1253	975
1254	975
1254	977
1255	977
1255	978
1256	978
1256	979
1257	979
1257	981
1258	981
1258	984
1259	984
1259	985
1260	985
1260	986
1261	986
1261	990
1262	990
1262	992
1263	992
1263	995
1264	995
1264	998
1263	998
1263	999
1260	999
1260	998
1229	998
1229	1008
1230	1008
1230	1009
1232	1009
1232	1010
1233	1010
1233	1014
1236	1014
1236	1015
1238	1015
1238	1020
1240	1020
1240	1021
1241	1021
1241	1026
1243	1026
1243	1027
1244	1027
1244	1028
1246	1028
1246	1031
1247	1031
1247	1032
1248	1032
1248	1034
1249	1034
1249	1036
1250	1036
1250	1037
1251	1037
1251	1038
1252	1038
1252	1040
1253	1040
1253	1044
1254	1044
1254	1045
1255	1045
1255	1048
1256	1048
1256	1050
1258	1050
1258	1054
1259	1054
1259	1056
1260	1056
1260	1058
1261	1058
1261	1060
1262	1060
1262	1062
1263	1062
1263	1067
1266	1067
1266	1070
1267	1070
1267	1071
1268	1071
1268	1073
1269	1073
1269	1075
1270	1075
1270	1078
1271	1078
1271	1080
1272	1080
1272	1082
1273	1082
1273	1090
1274	1090
1274	1095
1268	1095
1268	1094
1267	1094
1267	1095
1244	1095
1244	1105
1246	1105
1246	1106
1247	1106
1247	1108
1249	1108
1249	1111
1251	1111
1251	1112
1252	1112
1252	1113
1253	1113
1253	1115
1255	1115
1255	1117
1256	1117
1256	1120
1258	1120
1258	1124
1259	1124
1259	1125
1260	1125
1260	1126
1262	1126
1262	1127
1263	1127
1263	1131
1264	1131
1264	1132
1267	1132
1267	1135
1268	1135
1268	1136
1269	1136
1269	1138
1270	1138
1270	1142
1271	1142
1271	1143
1272	1143
1272	1144
1273	1144
1273	1145
1274	1145
1274	1148
1275	1148
1275	1150
1276	1150
1276	1154
1277	1154
1277	1155
1278	1155
1278	1156
1279	1156
1279	1159
1280	1159
1280	1162
1281	1162
1281	1167
1282	1167
1282	1173
1283	1173
1283	1174
1284	1174
1284	1177
1285	1177
1285	1182
1282	1182
1282	1183
1281	1183
1281	1182
1259	1182
1259	1183
1258	1183
1258	1184
1253	1184
1253	1185
1252	1185
1252	1193
1253	1193
1253	1196
1256	1196
1256	1197
1258	1197
1258	1201
1259	1201
1259	1202
1262	1202
1262	1203
1263	1203
1263	1205
1264	1205
1264	1206
1265	1206
1265	1208
1267	1208
1267	1211
1268	1211
1268	1212
1269	1212
1269	1214
1270	1214
1270	1219
1271	1219
1271	1220
1272	1220
1272	1221
1273	1221
1273	1223
1274	1223
1274	1224
1273	1224
1273	1225
1274	1225
1274	1226
1275	1226
1275	1231
1277	1231
1277	1232
1278	1232
1278	1235
1279	1235
1279	1237
1280	1237
1280	1239
1281	1239
1281	1240
1282	1240
1282	1243
1283	1243
1283	1244
1284	1244
1284	1245
1285	1245
1285	1247
1286	1247
1286	1251
1287	1251
1287	1255
1288	1255
1288	1260
1289	1260
1289	1261
1290	1261
1290	1264
1291	1264
1291	1276
1289	1276
1289	1275
1286	1275
1286	1274
1284	1274
1284	1275
1282	1275
1282	1274
1273	1274
1273	1273
1256	1273
1256	1274
1255	1274
1255	1283
1257	1283
1257	1284
1259	1284
1259	1285
1260	1285
1260	1286
1261	1286
1261	1288
1262	1288
1262	1290
1264	1290
1264	1295
1265	1295
1265	1296
1267	1296
1267	1297
1268	1297
1268	1300
1269	1300
1269	1302
1270	1302
1270	1307
1271	1307
1271	1308
1273	1308
1273	1310
1274	1310
1274	1311
1275	1311
1275	1313
1276	1313
1276	1319
1277	1319
1277	1320
1278	1320
1278	1322
1279	1322
1279	1326
1280	1326
1280	1331
1281	1331
1281	1333
1282	1333
1282	1342
1283	1342
1283	1343
1284	1343
1284	1347
1285	1347
1285	1352
1286	1352
1286	1353
1285	1353
1285	1357
1284	1357
1284	1358
1285	1358
1285	1362
1280	1362
1280	1361
1276	1361
1276	1360
1273	1360
1273	1361
1272	1361
1272	1360
1266	1360
1266	1361
1264	1361
1264	1360
1252	1360
1252	1361
1251	1361
1251	1360
1250	1360
1250	1361
1247	1361
1247	1372
1251	1372
1251	1373
1252	1373
1252	1375
1253	1375
1253	1378
1255	1378
1255	1379
1257	1379
1257	1382
1258	1382
1258	1383
1259	1383
1259	1384
1260	1384
1260	1387
1261	1387
1261	1388
1262	1388
1262	1390
1263	1390
1263	1392
1264	1392
1264	1394
1265	1394
1265	1396
1266	1396
1266	1399
1267	1399
1267	1402
1269	1402
1269	1406
1270	1406
1270	1413
1273	1413
1273	1420
1274	1420
1274	1426
1275	1426
1275	1435
1276	1435
1276	1438
1275	1438
1275	1442
1274	1442
1274	1449
1273	1449
1273	1450
1269	1450
1269	1449
1240	1449
1240	1450
1239	1450
1239	1459
1240	1459
1240	1460
1241	1460
1241	1461
1242	1461
1242	1462
1243	1462
1243	1464
1244	1464
1244	1466
1245	1466
1245	1468
1246	1468
1246	1471
1247	1471
1247	1472
1248	1472
1248	1473
1249	1473
1249	1476
1250	1476
1250	1479
1251	1479
1251	1480
1252	1480
1252	1484
1253	1484
1253	1489
1255	1489
1255	1493
1256	1493
1256	1497
1257	1497
1257	1501
1258	1501
1258	1511
1259	1511
1259	1512
1261	1512
1261	1515
1262	1515
1262	1523
1263	1523
1263	1531
1262	1531
1262	1540
1261	1540
1261	1543
1260	1543
1260	1544
1259	1544
1259	1545
1257	1545
1257	1544
1255	1544
1255	1543
1251	1543
1251	1542
1248	1542
1248	1540
1229	1540
1229	1541
1228	1541
1228	1542
1229	1542
1229	1543
1228	1543
1228	1544
1229	1544
1229	1545
1228	1545
1228	1549
1229	1549
1229	1553
1230	1553
1230	1554
1231	1554
1231	1555
1232	1555
1232	1558
1233	1558
1233	1561
1234	1561
1234	1563
1235	1563
1235	1571
1237	1571
1237	1572
1236	1572
1236	1573
1238	1573
1238	1574
1239	1574
1239	1585
1240	1585
1240	1592
1241	1592
1241	1604
1240	1604
1240	1608
1239	1608
1239	1612
1238	1612
1238	1617
1237	1617
1237	1620
1235	1620
1235	1619
1234	1619
1234	1618
1233	1618
1233	1617
1232	1617
1232	1616
1225	1616
1225	1615
1222	1615
1222	1614
1214	1614
1214	1613
1212	1613
1212	1614
1210	1614
1210	1623
1211	1623
1211	1625
1212	1625
1212	1626
1213	1626
1213	1628
1214	1628
1214	1630
1215	1630
1215	1635
1216	1635
1216	1637
1217	1637
1217	1639
1218	1639
1218	1640
1217	1640
1217	1648
1218	1648
1218	1649
1217	1649
1217	1650
1218	1650
1218	1651
1217	1651
1217	1652
1218	1652
1218	1653
1219	1653
1219	1658
1220	1658
1220	1675
1218	1675
1218	1677
1217	1677
1217	1680
1218	1680
1218	1681
1217	1681
1217	1682
1216	1682
1216	1687
1215	1687
1215	1688
1214	1688
1214	1689
1213	1689
1213	1687
1211	1687
1211	1686
1209	1686
1209	1685
1207	1685
1207	1684
1203	1684
1203	1683
1202	1683
1202	1682
1201	1682
1201	1681
1192	1681
1192	1680
1191	1680
1191	1681
1189	1681
1189	1691
1190	1691
1190	1694
1191	1694
1191	1699
1192	1699
1192	1702
1191	1702
1191	1718
1190	1718
1190	1719
1189	1719
1189	1722
1188	1722
1188	1734
1187	1734
1187	1740
1186	1740
1186	1748
1185	1748
1185	1750
1184	1750
1184	1754
1183	1754
1183	1757
1182	1757
1182	1780
1175	1780
1175	1804
1174	1804
1174	1809
1173	1809
1173	1822
1172	1822
1172	1823
1171	1823
1171	1831
1170	1831
1170	1832
1171	1832
1171	1835
1170	1835
1170	1856
1169	1856
1169	1857
1170	1857
1170	1862
1169	1862
1169	1867
1168	1867
1168	1872
1167	1872
1167	1880
1164	1880
1164	1881
1165	1881
1165	1896
1164	1896
1164	1901
1163	1901
1163	1916
1162	1916
1162	1923
1161	1923
1161	1933
1159	1933
1159	1955
1158	1955
1158	1961
1157	1961
1157	1967
1156	1967
1156	1982
1155	1982
1155	1986
1153	1986
1153	2000
1152	2000
1152	2005
1151	2005
1151	2012
1150	2012
1150	2015
1148	2015
1148	2016
1147	2016
1147	2021
1146	2021
1146	2022
1144	2022
1144	2017
1143	2017
1143	2015
1142	2015
1142	2013
1141	2013
1141	2008
1140	2008
1140	2006
1139	2006
1139	2004
1140	2004
1140	2002
1139	2002
1139	1996
1138	1996
1138	1986
1137	1986
1137	1968
1136	1968
1136	1962
1135	1962
1135	1952
1134	1952
1134	1939
1133	1939
1133	1927
1132	1927
1132	1916
1131	1916
1131	1880
1130	1880
1130	1875
1129	1875
1129	1869
1128	1869
1128	1863
1127	1863
1127	1856
1126	1856
1126	1840
1125	1840
1125	1838
1124	1838
1124	1834
1123	1834
1123	1821
1122	1821
1122	1813
1121	1813
1121	1812
1120	1812
1120	1804
1119	1804
1119	1787
1118	1787
1118	1786
1117	1786
1117	1785
1118	1785
1118	1782
1117	1782
1117	1758
1105	1758
1105	1759
1103	1759
1103	1760
1101	1760
1101	1759
1100	1759
1100	1754
1099	1754
1099	1751
1098	1751
1098	1739
1097	1739
1097	1736
1096	1736
1096	1716
1095	1716
1095	1715
1094	1715
1094	1708
1093	1708
1093	1698
1092	1698
1092	1696
1093	1696
1093	1693
1094	1693
1094	1680
1092	1680
1092	1679
1086	1679
1086	1680
1082	1680
1082	1681
1077	1681
1077	1682
1076	1682
1076	1684
1075	1684
1075	1685
1072	1685
1072	1683
1071	1683
1071	1682
1070	1682
1070	1679
1069	1679
1069	1675
1068	1675
1068	1674
1067	1674
1067	1669
1066	1669
1066	1667
1065	1667
1065	1665
1064	1665
1064	1663
1065	1663
1065	1654
1066	1654
1066	1653
1067	1653
1067	1629
1068	1629
1068	1624
1069	1624
1069	1622
1070	1622
1070	1619
1071	1619
1071	1611
1070	1611
1070	1610
1069	1610
1069	1611
1068	1611
1068	1610
1067	1610
1067	1611
1059	1611
1059	1613
1056	1613
1056	1614
1054	1614
1054	1615
1051	1615
1051	1616
1048	1616
1048	1617
1047	1617
1047	1619
1045	1619
1045	1618
1044	1618
1044	1617
1043	1617
1043	1611
1040	1611
1040	1605
1038	1605
1038	1584
1037	1584
1037	1582
1038	1582
1038	1568
1039	1568
1039	1563
1040	1563
1040	1554
1042	1554
1042	1553
1043	1553
1043	1547
1044	1547
1044	1535
1034	1535
1034	1536
1030	1536
1030	1537
1025	1537
1025	1538
1021	1538
1021	1539
1018	1539
1018	1540
1013	1540
1013	1538
1012	1538
1012	1535
1011	1535
1011	1530
1010	1530
1010	1528
1009	1528
1009	1512
1010	1512
1010	1506
1011	1506
1011	1500
1010	1500
1010	1499
1011	1499
1011	1492
1012	1492
1012	1490
1013	1490
1013	1488
1014	1488
1014	1484
1015	1484
1015	1482
1016	1482
1016	1475
1017	1475
1017	1472
1018	1472
1018	1468
1019	1468
1019	1466
1020	1466
1020	1464
1021	1464
1021	1462
1022	1462
1022	1460
1023	1460
1023	1456
1024	1456
1024	1454
1027	1454
1027	1444
1016	1444
1016	1445
1010	1445
1010	1446
1001	1446
1001	1447
1000	1447
1000	1448
997	1448
997	1449
993	1449
993	1447
992	1447
992	1446
991	1446
991	1428
990	1428
990	1426
991	1426
991	1416
992	1416
992	1412
993	1412
993	1411
994	1411
994	1410
995	1410
995	1402
996	1402
996	1401
997	1401
997	1400
996	1400
996	1399
997	1399
997	1395
999	1395
999	1392
1000	1392
1000	1391
999	1391
999	1390
1002	1390
1002	1384
1003	1384
1003	1383
1005	1383
1005	1382
1004	1382
1004	1381
1005	1381
1005	1380
1004	1380
1004	1378
1007	1378
1007	1377
1008	1377
1008	1372
1010	1372
1010	1369
1011	1369
1011	1358
984	1358
984	1359
977	1359
977	1361
975	1361
975	1355
974	1355
974	1350
973	1350
973	1335
974	1335
974	1331
975	1331
975	1326
976	1326
976	1325
979	1325
979	1319
980	1319
980	1316
981	1316
981	1310
982	1310
982	1308
983	1308
983	1307
984	1307
984	1306
985	1306
985	1302
986	1302
986	1298
987	1298
987	1296
990	1296
990	1291
991	1291
991	1290
992	1290
992	1289
994	1289
994	1285
995	1285
995	1284
997	1284
997	1275
996	1275
996	1274
985	1274
985	1275
978	1275
978	1276
976	1276
976	1275
973	1275
973	1276
970	1276
970	1277
968	1277
968	1276
965	1276
965	1274
964	1274
964	1263
963	1263
963	1261
964	1261
964	1257
965	1257
965	1252
966	1252
966	1250
967	1250
967	1246
968	1246
968	1244
969	1244
969	1242
970	1242
970	1238
972	1238
972	1236
973	1236
973	1231
974	1231
974	1229
975	1229
975	1223
976	1223
976	1220
978	1220
978	1219
979	1219
979	1214
980	1214
980	1209
981	1209
981	1208
984	1208
984	1206
985	1206
985	1202
986	1202
986	1199
987	1199
987	1197
988	1197
988	1196
990	1196
990	1194
991	1194
991	1190
992	1190
992	1183
990	1183
990	1182
988	1182
988	1183
987	1183
987	1182
984	1182
984	1183
983	1183
983	1182
981	1182
981	1183
980	1183
980	1182
978	1182
978	1183
977	1183
977	1184
970	1184
970	1185
960	1185
960	1186
959	1186
959	1185
958	1185
958	1184
957	1184
957	1178
958	1178
958	1173
959	1173
959	1167
961	1167
961	1158
962	1158
962	1155
963	1155
963	1153
964	1153
964	1150
965	1150
965	1149
967	1149
967	1143
969	1143
969	1140
970	1140
970	1137
973	1137
973	1132
975	1132
975	1130
976	1130
976	1129
975	1129
975	1128
976	1128
976	1116
975	1116
975	1113
976	1113
976	1112
977	1112
977	1109
978	1109
978	1108
979	1108
979	1107
980	1107
980	1104
981	1104
981	1103
982	1103
982	1102
983	1102
983	1099
984	1099
984	1098
985	1098
985	1097
986	1097
986	1096
987	1096
987	1094
988	1094
988	1093
989	1093
989	1091
991	1091
991	1090
992	1090
992	1089
993	1089
993	1086
994	1086
994	1085
995	1085
995	1076
994	1076
994	1075
986	1075
986	1076
976	1076
976	1075
966	1075
966	1076
965	1076
965	1075
964	1075
964	1074
965	1074
965	1073
964	1073
964	1071
965	1071
965	1070
964	1070
964	1067
965	1067
965	1064
966	1064
966	1062
967	1062
967	1059
968	1059
968	1057
970	1057
970	1056
972	1056
972	1055
973	1055
973	1045
974	1045
974	1039
975	1039
975	1038
978	1038
978	1037
979	1037
979	1031
980	1031
980	1029
981	1029
981	1026
982	1026
982	1023
983	1023
983	1022
984	1022
984	1020
986	1020
986	1015
987	1015
987	1013
988	1013
988	1011
990	1011
990	1010
991	1010
991	1009
992	1009
992	1008
993	1008
993	1003
996	1003
996	1002
997	1002
997	989
965	989
965	990
964	990
964	992
963	992
963	998
962	998
962	1000
961	1000
961	1003
960	1003
960	1007
959	1007
959	1010
958	1010
958	1011
957	1011
957	1010
956	1010
956	1009
955	1009
955	1007
952	1007
952	1006
950	1006
950	1005
948	1005
948	1004
947	1004
947	1003
946	1003
946	1002
944	1002
944	1001
943	1001
943	1000
941	1000
941	999
939	999
939	998
930	998
930	1033
929	1033
929	1042
928	1042
928	1044
927	1044
927	1057
926	1057
926	1063
925	1063
925	1066
924	1066
924	1074
923	1074
923	1078
922	1078
922	1085
921	1085
921	1087
919	1087
919	1086
917	1086
917	1085
916	1085
916	1084
914	1084
914	1082
909	1082
909	1081
908	1081
908	1080
906	1080
906	1079
904	1079
904	1078
903	1078
903	1077
901	1077
901	1076
900	1076
900	1075
897	1075
897	1074
888	1074
888	1101
887	1101
887	1109
886	1109
886	1119
885	1119
885	1130
883	1130
883	1137
882	1137
882	1141
881	1141
881	1144
880	1144
880	1147
879	1147
879	1148
878	1148
878	1149
877	1149
877	1152
876	1152
876	1153
875	1153
875	1154
872	1154
872	1153
871	1153
871	1152
868	1152
868	1151
866	1151
866	1150
863	1150
863	1149
862	1149
862	1148
861	1148
861	1147
859	1147
859	1146
858	1146
858	1145
849	1145
849	1146
848	1146
848	1154
849	1154
849	1156
850	1156
850	1167
851	1167
851	1170
850	1170
850	1186
849	1186
849	1189
848	1189
848	1195
847	1195
847	1200
846	1200
846	1201
845	1201
845	1202
846	1202
846	1205
845	1205
845	1206
844	1206
844	1210
843	1210
843	1211
842	1211
842	1212
841	1212
841	1214
840	1214
840	1216
839	1216
839	1217
838	1217
838	1218
836	1218
836	1222
834	1222
834	1220
832	1220
832	1218
830	1218
830	1217
828	1217
828	1216
827	1216
827	1215
826	1215
826	1212
821	1212
821	1210
820	1210
820	1211
819	1211
819	1210
818	1210
818	1209
817	1209
817	1208
815	1208
815	1207
806	1207
806	1208
805	1208
805	1215
806	1215
806	1223
805	1223
805	1233
804	1233
804	1236
803	1236
803	1240
802	1240
802	1242
801	1242
801	1252
800	1252
800	1253
799	1253
799	1257
798	1257
798	1262
797	1262
797	1264
796	1264
796	1265
795	1265
795	1273
794	1273
794	1278
793	1278
793	1279
792	1279
792	1282
790	1282
790	1283
789	1283
789	1287
788	1287
788	1288
785	1288
785	1292
784	1292
784	1293
783	1293
783	1294
781	1294
781	1293
782	1293
782	1292
780	1292
780	1291
779	1291
779	1288
774	1288
774	1287
772	1287
772	1286
771	1286
771	1285
768	1285
768	1283
767	1283
767	1282
765	1282
765	1281
763	1281
763	1280
755	1280
755	1281
754	1281
754	1308
753	1308
753	1311
752	1311
752	1315
751	1315
751	1321
750	1321
750	1322
751	1322
751	1323
749	1323
749	1324
748	1324
748	1331
747	1331
747	1333
746	1333
746	1336
745	1336
745	1340
744	1340
744	1341
743	1341
743	1342
742	1342
742	1346
741	1346
741	1348
740	1348
740	1349
739	1349
739	1352
738	1352
738	1353
737	1353
737	1354
736	1354
736	1356
735	1356
735	1357
734	1357
734	1358
731	1358
731	1362
728	1362
728	1360
727	1360
727	1359
726	1359
726	1358
725	1358
725	1357
724	1357
724	1356
722	1356
722	1355
721	1355
721	1354
720	1354
720	1353
717	1353
717	1352
716	1352
716	1351
715	1351
715	1350
714	1350
714	1349
712	1349
712	1348
700	1348
700	1360
699	1360
699	1367
698	1367
698	1372
697	1372
697	1376
696	1376
696	1378
695	1378
695	1381
694	1381
694	1383
693	1383
693	1386
692	1386
692	1388
690	1388
690	1393
689	1393
689	1394
688	1394
688	1395
687	1395
687	1399
685	1399
685	1400
684	1400
684	1403
683	1403
683	1405
678	1405
678	1408
677	1408
677	1409
676	1409
676	1410
674	1410
674	1411
671	1411
671	1409
670	1409
670	1407
669	1407
669	1406
668	1406
668	1405
666	1405
666	1404
665	1404
665	1403
664	1403
664	1402
663	1402
663	1400
662	1400
662	1399
661	1399
661	1398
660	1398
660	1397
654	1397
654	1398
651	1398
651	1402
650	1402
650	1406
649	1406
649	1413
648	1413
648	1416
647	1416
647	1418
646	1418
646	1421
645	1421
645	1423
643	1423
643	1427
642	1427
642	1428
641	1428
641	1430
640	1430
640	1432
639	1432
639	1434
638	1434
638	1435
637	1435
637	1436
636	1436
636	1438
635	1438
635	1439
634	1439
634	1440
633	1440
633	1441
631	1441
631	1445
630	1445
630	1451
629	1451
629	1452
620	1452
620	1453
619	1453
619	1454
616	1454
616	1449
615	1449
615	1446
612	1446
612	1445
602	1445
602	1448
601	1448
601	1453
600	1453
600	1457
599	1457
599	1458
596	1458
596	1464
595	1464
595	1465
594	1465
594	1467
593	1467
593	1469
592	1469
592	1470
590	1470
590	1474
589	1474
589	1475
588	1475
588	1476
587	1476
587	1481
585	1481
585	1482
584	1482
584	1483
583	1483
583	1484
582	1484
582	1485
581	1485
581	1487
580	1487
580	1488
579	1488
579	1489
578	1489
578	1492
577	1492
577	1493
576	1493
576	1495
574	1495
574	1496
575	1496
575	1497
574	1497
574	1498
573	1498
573	1502
572	1502
572	1503
569	1503
569	1502
568	1502
568	1501
559	1501
559	1504
558	1504
558	1507
557	1507
557	1509
556	1509
556	1510
555	1510
555	1513
554	1513
554	1515
552	1515
552	1516
551	1516
551	1517
549	1517
549	1521
548	1521
548	1522
547	1522
547	1521
546	1521
546	1522
545	1522
545	1523
543	1523
543	1533
537	1533
537	1536
536	1536
536	1537
535	1537
535	1538
534	1538
534	1539
533	1539
533	1540
532	1540
532	1541
531	1541
531	1542
530	1542
530	1543
529	1543
529	1545
528	1545
528	1546
526	1546
526	1551
525	1551
525	1552
523	1552
523	1553
522	1553
522	1557
521	1557
521	1558
519	1558
519	1559
518	1559
518	1563
516	1563
516	1564
514	1564
514	1569
512	1569
512	1571
511	1571
511	1573
510	1573
510	1574
509	1574
509	1576
508	1576
508	1578
507	1578
507	1579
506	1579
506	1580
505	1580
505	1581
502	1581
502	1587
501	1587
501	1588
500	1588
500	1589
499	1589
499	1592
497	1592
497	1593
496	1593
496	1595
495	1595
495	1597
494	1597
494	1599
493	1599
493	1601
492	1601
492	1603
491	1603
491	1604
490	1604
490	1605
489	1605
489	1607
488	1607
488	1608
487	1608
487	1610
485	1610
485	1613
484	1613
484	1614
483	1614
483	1616
481	1616
481	1619
480	1619
480	1621
479	1621
479	1622
478	1622
478	1623
477	1623
477	1625
476	1625
476	1626
475	1626
475	1628
473	1628
473	1630
472	1630
472	1631
471	1631
471	1633
469	1633
469	1634
467	1634
467	1640
465	1640
465	1642
464	1642
464	1644
463	1644
463	1645
462	1645
462	1646
461	1646
461	1648
459	1648
459	1649
458	1649
458	1650
457	1650
457	1651
456	1651
456	1652
455	1652
455	1654
454	1654
454	1655
453	1655
453	1656
452	1656
452	1657
450	1657
450	1659
449	1659
449	1660
448	1660
448	1661
447	1661
447	1662
446	1662
446	1663
445	1663
445	1664
444	1664
444	1666
443	1666
443	1667
442	1667
442	1668
441	1668
441	1669
438	1669
438	1671
437	1671
437	1673
435	1673
435	1674
434	1674
434	1675
433	1675
433	1676
432	1676
432	1677
430	1677
430	1678
429	1678
429	1679
428	1679
428	1680
426	1680
426	1681
425	1681
425	1677
426	1677
426	1674
427	1674
427	1671
428	1671
428	1667
429	1667
429	1664
430	1664
430	1663
431	1663
431	1662
432	1662
432	1659
433	1659
433	1658
434	1658
434	1655
435	1655
435	1654
436	1654
436	1652
437	1652
437	1650
438	1650
438	1648
439	1648
439	1647
440	1647
440	1646
441	1646
441	1643
442	1643
442	1640
443	1640
443	1639
444	1639
444	1636
445	1636
445	1635
446	1635
446	1631
447	1631
447	1630
448	1630
448	1627
449	1627
449	1625
450	1625
450	1624
451	1624
451	1623
452	1623
452	1619
453	1619
453	1617
454	1617
454	1615
455	1615
455	1612
457	1612
457	1608
458	1608
458	1604
459	1604
459	1601
461	1601
461	1600
462	1600
462	1601
463	1601
463	1592
464	1592
464	1591
465	1591
465	1589
466	1589
466	1586
467	1586
467	1583
468	1583
468	1582
469	1582
469	1578
470	1578
470	1577
471	1577
471	1575
472	1575
472	1573
473	1573
473	1572
474	1572
474	1570
475	1570
475	1567
476	1567
476	1565
477	1565
477	1562
478	1562
478	1559
480	1559
480	1558
481	1558
481	1549
482	1549
482	1548
483	1548
483	1544
484	1544
484	1543
485	1543
485	1542
486	1542
486	1541
487	1541
487	1540
486	1540
486	1539
487	1539
487	1535
488	1535
488	1530
489	1530
489	1528
490	1528
490	1526
491	1526
491	1525
492	1525
492	1524
493	1524
493	1523
494	1523
494	1516
495	1516
495	1514
496	1514
496	1513
498	1513
498	1509
499	1509
499	1507
500	1507
500	1506
501	1506
501	1505
502	1505
502	1501
503	1501
503	1502
504	1502
504	1501
505	1501
505	1500
506	1500
506	1488
505	1488
505	1487
502	1487
502	1486
501	1486
501	1483
502	1483
502	1482
503	1482
503	1479
504	1479
504	1477
505	1477
505	1475
506	1475
506	1472
507	1472
507	1471
508	1471
508	1469
509	1469
509	1466
510	1466
510	1459
511	1459
511	1454
512	1454
512	1451
513	1451
513	1449
514	1449
514	1448
515	1448
515	1447
516	1447
516	1438
517	1438
517	1436
518	1436
518	1434
519	1434
519	1431
520	1431
520	1430
521	1430
521	1429
522	1429
522	1427
523	1427
523	1426
524	1426
524	1425
526	1425
526	1424
527	1424
527	1418
528	1418
528	1417
527	1417
527	1415
525	1415
525	1414
520	1414
520	1413
504	1413
504	1408
505	1408
505	1404
506	1404
506	1397
507	1397
507	1395
508	1395
508	1393
509	1393
509	1389
510	1389
510	1386
511	1386
511	1384
515	1384
515	1383
516	1383
516	1380
517	1380
517	1379
516	1379
516	1375
517	1375
517	1372
518	1372
518	1371
519	1371
519	1369
520	1369
520	1367
521	1367
521	1366
522	1366
522	1362
523	1362
523	1361
525	1361
525	1360
527	1360
527	1358
528	1358
528	1355
529	1355
529	1354
530	1354
530	1352
531	1352
531	1351
532	1351
532	1350
533	1350
533	1348
534	1348
534	1347
535	1347
535	1346
536	1346
536	1345
539	1345
539	1333
536	1333
536	1332
527	1332
527	1331
522	1331
522	1330
521	1330
521	1329
516	1329
516	1324
515	1324
515	1323
514	1323
514	1322
515	1322
515	1321
516	1321
516	1316
517	1316
517	1314
518	1314
518	1312
519	1312
519	1309
520	1309
520	1308
522	1308
522	1307
524	1307
524	1303
525	1303
525	1302
527	1302
527	1301
528	1301
528	1296
529	1296
529	1295
530	1295
530	1296
532	1296
532	1295
533	1295
533	1291
534	1291
534	1290
535	1290
535	1288
536	1288
536	1285
538	1285
538	1284
540	1284
540	1283
541	1283
541	1281
542	1281
542	1280
543	1280
543	1279
544	1279
544	1278
545	1278
545	1275
548	1275
548	1274
550	1274
550	1273
551	1273
551	1270
555	1270
555	1269
557	1269
557	1259
556	1259
556	1258
554	1258
554	1257
551	1257
551	1256
548	1256
548	1255
546	1255
546	1254
545	1254
545	1253
544	1253
544	1252
542	1252
542	1251
541	1251
541	1252
540	1252
540	1251
538	1251
538	1250
533	1250
533	1249
532	1249
532	1248
533	1248
533	1243
534	1243
534	1239
535	1239
535	1237
536	1237
536	1235
537	1235
537	1232
539	1232
539	1231
540	1231
540	1230
541	1230
541	1228
542	1228
542	1227
543	1227
543	1226
546	1226
546	1225
547	1225
547	1222
548	1222
548	1220
550	1220
550	1219
551	1219
551	1216
552	1216
552	1215
553	1215
553	1214
556	1214
556	1213
557	1213
557	1210
558	1210
558	1209
560	1209
560	1208
562	1208
562	1207
563	1207
563	1205
564	1205
564	1203
565	1203
565	1202
568	1202
568	1201
570	1201
570	1200
571	1200
571	1199
572	1199
572	1198
573	1198
573	1197
576	1197
576	1196
580	1196
580	1194
581	1194
581	1193
583	1193
583	1192
586	1192
586	1189
587	1189
587	1188
586	1188
586	1185
587	1185
587	1184
586	1184
586	1182
584	1182
584	1181
580	1181
580	1180
575	1180
575	1178
574	1178
574	1177
566	1177
566	1176
565	1176
565	1175
558	1175
558	1170
559	1170
559	1169
560	1169
560	1164
561	1164
561	1163
562	1163
562	1161
563	1161
563	1160
564	1160
564	1158
565	1158
565	1157
567	1157
567	1156
566	1156
566	1155
568	1155
568	1152
569	1152
569	1151
570	1151
570	1150
571	1150
571	1149
574	1149
574	1147
575	1147
575	1146
576	1146
576	1144
578	1144
578	1143
580	1143
580	1139
581	1139
581	1138
582	1138
582	1137
583	1137
583	1135
586	1135
586	1132
588	1132
588	1131
590	1131
590	1132
591	1132
591	1131
592	1131
592	1128
593	1128
593	1126
597	1126
597	1125
598	1125
598	1123
601	1123
601	1122
603	1122
603	1121
604	1121
604	1119
605	1119
605	1118
607	1118
607	1117
608	1117
608	1116
610	1116
610	1115
613	1115
613	1114
615	1114
615	1113
616	1113
616	1105
615	1105
615	1104
614	1104
614	1103
611	1103
611	1102
610	1102
610	1101
605	1101
605	1100
603	1100
603	1099
599	1099
599	1098
598	1098
598	1097
594	1097
594	1096
592	1096
592	1095
589	1095
589	1094
583	1094
583	1093
582	1093
582	1091
583	1091
583	1087
584	1087
584	1086
583	1086
583	1085
585	1085
585	1084
586	1084
586	1079
587	1079
587	1078
588	1078
588	1077
589	1077
589	1075
590	1075
590	1074
591	1074
591	1073
593	1073
593	1070
595	1070
595	1069
596	1069
596	1067
598	1067
598	1065
599	1065
599	1063
600	1063
600	1062
601	1062
601	1061
604	1061
604	1059
605	1059
605	1058
606	1058
606	1057
607	1057
607	1056
608	1056
608	1055
610	1055
610	1054
611	1054
611	1053
610	1053
610	1052
611	1052
611	1051
612	1051
612	1050
613	1050
613	1049
615	1049
615	1048
616	1048
616	1047
617	1047
617	1046
618	1046
618	1045
621	1045
621	1043
624	1043
624	1042
625	1042
625	1041
626	1041
626	1040
629	1040
629	1038
632	1038
632	1037
636	1037
636	1036
638	1036
638	1035
639	1035
639	1034
642	1034
642	1033
645	1033
645	1023
643	1023
643	1021
641	1021
641	1020
639	1020
639	1019
638	1019
638	1018
636	1018
636	1017
634	1017
634	1016
633	1016
633	1015
628	1015
628	1014
627	1014
627	1012
626	1012
626	1011
622	1011
622	1009
623	1009
623	1008
624	1008
624	1004
625	1004
625	1003
626	1003
626	1002
627	1002
627	1000
628	1000
628	999
629	999
629	998
630	998
630	997
633	997
633	993
635	993
635	992
636	992
636	991
638	991
638	990
639	990
639	987
641	987
641	986
643	986
643	985
644	985
644	984
645	984
645	982
647	982
647	981
650	981
650	980
651	980
651	979
652	979
652	977
654	977
654	976
656	976
656	974
659	974
659	973
660	973
660	974
661	974
661	973
662	973
662	972
663	972
663	971
665	971
665	968
667	968
667	967
668	967
668	966
670	966
670	964
674	964
674	962
679	962
679	961
680	961
680	959
682	959
682	958
691	958
691	957
692	957
692	956
697	956
697	944
698	944
698	943
696	943
696	942
695	942
695	943
693	943
693	942
692	942
692	941
691	941
691	940
689	940
689	939
686	939
686	937
685	937
685	936
680	936
680	934
676	934
676	933
669	933
669	930
670	930
670	928
671	928
671	927
673	927
673	926
674	926
674	921
675	921
675	920
676	920
676	918
678	918
678	916
680	916
680	915
681	915
681	912
685	912
685	910
688	910
688	909
691	909
691	908
692	908
692	904
693	904
693	903
697	903
697	902
699	902
699	901
700	901
700	900
701	900
701	898
704	898
704	897
706	897
706	894
708	894
708	893
709	893
709	891
710	891
710	890
714	890
714	889
715	889
715	887
720	887
720	886
721	886
721	885
722	885
722	886
723	886
723	885
724	885
724	886
725	886
725	885
727	885
727	882
728	882
728	883
729	883
729	882
730	882
730	880
738	880
738	879
739	879
739	878
744	878
744	877
745	877
745	867
744	867
744	866
741	866
741	865
740	865
740	864
739	864
739	861
738	861
738	860
735	860
735	861
734	861
734	860
732	860
732	859
731	859
731	858
727	858
727	857
724	857
724	856
726	856
726	855
727	855
727	852
728	852
728	851
729	851
729	850
733	850
733	846
734	846
734	845
736	845
736	844
738	844
738	843
739	843
739	842
740	842
740	841
742	841
742	840
744	840
744	837
750	837
750	836
751	836
751	833
753	833
753	834
754	834
754	833
756	833
756	831
757	831
757	830
759	830
759	829
762	829
762	827
764	827
764	823
771	823
771	822
772	822
772	821
774	821
774	820
775	820
775	818
776	818
776	817
781	817
781	816
782	816
782	815
785	815
785	812
788	812
788	811
792	811
792	810
793	810
793	809
797	809
797	808
800	808
800	807
803	807
803	806
804	806
804	805
806	805
806	804
809	804
809	795
808	795
808	794
806	794
806	793
804	793
804	792
803	792
803	790
799	790
799	789
798	789
798	788
797	788
797	787
795	787
795	786
793	786
793	785
791	785
791	783
792	783
792	781
793	781
793	780
797	780
797	778
798	778
798	777
800	777
800	776
803	776
803	774
804	774
804	773
808	773
808	772
811	772
811	771
812	771
812	769
816	769
816	768
821	768
821	766
825	766
825	763
831	763
831	762
832	762
832	760
833	760
833	758
837	758
837	757
838	757
838	754
839	754
839	753
844	753
844	751
849	751
849	750
850	750
850	747
854	747
854	746
856	746
856	745
855	745
855	744
857	744
857	743
859	743
859	742
861	742
861	741
863	741
863	740
864	740
864	739
868	739
868	738
870	738
870	737
871	737
871	736
877	736
877	734
880	734
880	733
885	733
885	722
883	722
883	721
880	721
880	720
878	720
878	719
876	719
876	720
875	720
875	719
873	719
873	720
872	720
872	719
870	719
870	716
872	716
872	715
873	715
873	712
874	712
874	711
875	711
875	710
878	710
878	709
879	709
879	696
878	696
878	695
868	695
868	696
867	696
867	697
865	697
865	698
866	698
866	700
865	700
865	701
864	701
864	702
863	702
863	703
862	703
862	706
861	706
861	707
860	707
860	708
859	708
859	709
858	709
858	710
857	710
857	712
856	712
856	713
854	713
854	714
852	714
852	716
851	716
851	717
850	717
850	719
848	719
848	720
847	720
847	721
846	721
846	722
845	722
845	723
843	723
843	725
842	725
842	726
841	726
841	727
840	727
840	728
839	728
839	729
838	729
838	730
837	730
837	731
836	731
836	733
834	733
834	734
833	734
833	736
832	736
832	737
831	737
831	738
830	738
830	739
829	739
829	740
828	740
828	741
826	741
826	743
825	743
825	744
824	744
824	746
820	746
820	747
819	747
819	748
817	748
817	749
816	749
816	748
815	748
815	738
814	738
814	737
812	737
812	736
811	736
811	732
803	732
803	731
802	731
802	732
801	732
801	737
800	737
800	738
799	738
799	737
796	737
796	738
795	738
795	743
794	743
794	744
793	744
793	745
792	745
792	747
790	747
790	748
789	748
789	749
788	749
788	751
787	751
787	752
786	752
786	753
784	753
784	754
783	754
783	755
781	755
781	757
780	757
780	758
779	758
779	759
778	759
778	760
777	760
777	761
775	761
775	763
773	763
773	765
771	765
771	766
770	766
770	767
769	767
769	769
766	769
766	771
765	771
765	772
764	772
764	773
762	773
762	772
761	772
761	773
760	773
760	776
757	776
757	777
756	777
756	778
753	778
753	779
752	779
752	778
750	778
750	779
749	779
749	780
745	780
745	772
744	772
744	771
743	771
743	767
731	767
731	771
730	771
730	773
729	773
729	774
728	774
728	776
726	776
726	777
725	777
725	778
724	778
724	780
723	780
723	781
722	781
722	783
720	783
720	784
719	784
719	786
717	786
717	787
716	787
716	788
715	788
715	789
714	789
714	790
713	790
713	791
712	791
712	792
710	792
710	793
708	793
708	794
707	794
707	795
706	795
706	796
704	796
704	795
703	795
703	796
701	796
701	799
700	799
700	800
699	800
699	801
697	801
697	802
696	802
696	804
694	804
694	806
693	806
693	807
691	807
691	808
689	808
689	809
688	809
688	810
686	810
686	811
685	811
685	810
684	810
684	813
679	813
679	814
677	814
677	812
676	812
676	809
675	809
675	807
674	807
674	802
673	802
673	801
672	801
672	800
671	800
671	797
670	797
670	796
669	796
669	795
668	795
668	796
659	796
659	798
658	798
658	800
657	800
657	801
655	801
655	803
654	803
654	804
653	804
653	805
652	805
652	807
650	807
650	808
649	808
649	810
647	810
647	811
646	811
646	812
645	812
645	813
643	813
643	815
641	815
641	816
640	816
640	817
639	817
639	819
634	819
634	821
633	821
633	822
631	822
631	823
629	823
629	824
628	824
628	825
626	825
626	826
625	826
625	827
624	827
624	828
623	828
623	829
621	829
621	830
620	830
620	831
619	831
619	832
617	832
617	833
615	833
615	834
614	834
614	835
613	835
613	836
610	836
610	837
608	837
608	838
606	838
606	839
602	839
602	841
596	841
596	842
591	842
591	843
590	843
590	842
589	842
589	837
588	837
588	832
587	832
587	830
586	830
586	825
585	825
585	824
584	824
584	819
583	819
583	818
574	818
574	819
573	819
573	820
572	820
572	821
571	821
571	823
570	823
570	824
569	824
569	825
567	825
567	827
566	827
566	828
564	828
564	829
563	829
563	831
561	831
561	832
560	832
560	833
559	833
559	834
557	834
557	835
556	835
556	836
555	836
555	837
552	837
552	836
551	836
551	837
549	837
549	840
548	840
548	841
544	841
544	843
538	843
538	845
537	845
537	846
536	846
536	847
535	847
535	848
533	848
533	849
531	849
531	850
529	850
529	851
528	851
528	852
525	852
525	853
524	853
524	854
521	854
521	855
520	855
520	856
519	856
519	857
518	857
518	858
515	858
515	859
514	859
514	860
508	860
508	862
507	862
507	863
505	863
505	864
504	864
504	863
499	863
499	861
498	861
498	860
497	860
497	856
496	856
496	852
495	852
495	849
494	849
494	848
493	848
493	838
483	838
483	839
481	839
481	842
479	842
479	843
477	843
477	844
476	844
476	846
474	846
474	847
473	847
473	849
472	849
472	850
469	850
469	851
467	851
467	852
465	852
465	853
463	853
463	854
461	854
461	856
457	856
457	857
456	857
456	858
453	858
453	859
451	859
451	860
446	860
446	861
444	861
444	862
443	862
443	863
440	863
440	864
437	864
437	865
431	865
431	866
418	866
418	864
417	864
417	851
416	851
416	850
417	850
417	847
416	847
416	845
414	845
414	844
407	844
407	845
403	845
403	847
402	847
402	848
399	848
399	849
397	849
397	851
394	851
394	852
391	852
391	853
390	853
390	854
385	854
385	855
383	855
383	856
380	856
380	857
377	857
377	858
374	858
374	859
370	859
370	860
362	860
362	862
356	862
356	863
351	863
351	862
348	862
348	860
349	860
349	848
339	848
339	849
338	849
338	850
336	850
336	851
333	851
333	852
332	852
332	853
330	853
330	854
329	854
329	853
328	853
328	854
322	854
322	855
321	855
321	856
320	856
320	857
313	857
313	858
307	858
307	859
305	859
305	860
304	860
304	859
303	859
303	860
297	860
297	859
296	859
296	853
295	853
295	852
296	852
296	849
294	849
294	848
293	848
293	849
292	849
292	848
286	848
286	849
280	849
280	850
279	850
279	851
273	851
273	852
254	852
254	853
243	853
243	854
240	854
240	853
235	853
235	854
210	854
210	855
202	855
202	856
194	856
194	855
184	855
184	856
174	856
174	857
172	857
172	856
159	856
159	855
158	855
158	854
142	854
142	853
137	853
137	852
135	852
135	853
133	853
133	852
130	852
130	851
125	851
125	850
124	850
124	849
122	849
122	848
121	848
121	849
120	849
120	848
118	848
118	847
115	847
115	846
114	846
114	845
113	845
113	844
112	844
112	843
110	843
110	841
114	841
114	840
117	840
117	839
130	839
130	838
131	838
131	839
134	839
134	838
142	838
142	837
148	837
148	836
159	836
159	835
160	835
160	834
168	834
168	833
175	833
175	832
176	832
176	830
181	830
181	829
185	829
185	827
199	827
199	826
200	826
200	823
201	823
201	824
204	824
204	823
205	823
205	822
210	822
210	821
223	821
223	819
229	819
229	816
233	816
233	815
235	815
235	813
241	813
241	812
242	812
242	811
245	811
245	809
253	809
253	807
254	807
254	806
258	806
258	805
264	805
264	804
268	804
268	803
270	803
270	800
271	800
271	799
277	799
277	798
278	798
278	797
280	797
280	798
281	798
281	797
282	797
282	798
284	798
284	797
285	797
285	798
286	798
286	797
287	797
287	796
289	796
289	795
290	795
290	787
298	787
298	786
304	786
304	785
305	785
305	782
306	782
306	781
307	781
307	780
312	780
312	779
313	779
313	778
314	778
314	777
316	777
316	776
317	776
317	775
318	775
318	774
322	774
322	772
323	772
323	771
325	771
325	770
328	770
328	769
330	769
330	768
334	768
334	767
338	767
338	766
339	766
339	765
340	765
340	764
341	764
341	765
342	765
342	764
344	764
344	763
347	763
347	764
349	764
349	763
350	763
350	753
349	753
349	750
348	750
348	749
347	749
347	748
346	748
346	744
342	744
342	743
340	743
340	741
338	741
338	740
337	740
337	738
336	738
336	737
337	737
337	736
338	736
338	735
339	735
339	734
341	734
341	733
345	733
345	732
346	732
346	731
351	731
351	729
352	729
352	728
353	728
353	727
357	727
357	726
358	726
358	725
360	725
360	724
363	724
363	723
372	723
372	722
393	722
393	721
394	721
394	712
393	712
393	709
392	709
392	708
391	708
391	707
390	707
390	705
389	705
389	702
388	702
388	701
387	701
387	702
386	702
386	701
387	701
387	700
388	700
388	699
392	699
392	698
393	698
393	697
394	697
394	695
402	695
402	694
401	694
401	693
405	693
405	692
410	692
410	691
411	691
411	689
419	689
419	688
421	688
421	687
425	687
425	686
440	686
440	685
443	685
443	686
445	686
445	687
453	687
453	686
458	686
458	675
457	675
457	673
456	673
456	672
455	672
455	670
454	670
454	668
453	668
453	667
452	667
452	665
451	665
451	664
450	664
450	663
448	663
448	660
449	660
449	659
451	659
451	658
452	658
452	657
456	657
456	656
458	656
458	655
459	655
459	654
462	654
462	653
463	653
463	652
465	652
465	651
469	651
469	649
480	649
480	648
487	648
487	647
499	647
499	646
501	646
501	647
512	647
512	648
514	648
514	649
519	649
519	650
529	650
529	639
528	639
528	636
527	636
527	634
528	634
528	633
527	633
527	632
525	632
525	631
524	631
524	630
523	630
523	626
522	626
522	625
520	625
520	622
522	622
522	620
523	620
523	619
524	619
524	618
528	618
528	617
536	617
536	616
539	616
539	615
540	615
540	614
549	614
549	615
550	615
550	616
563	616
563	615
564	615
564	614
572	614
572	613
588	613
588	614
590	614
590	615
591	615
591	616
602	616
602	615
603	615
603	606
602	606
602	605
601	605
601	604
600	604
600	602
599	602
599	601
598	601
598	597
595	597
595	595
593	595
593	594
592	594
592	591
595	591
595	590
599	590
599	588
605	588
605	587
609	587
609	586
610	586
610	584
611	584
611	583
615	583
615	582
623	582
623	581
644	581
644	580
645	580
645	579
649	579
649	578
667	578
667	577
670	577
670	578
673	578
673	579
678	579
678	580
679	580
679	581
684	581
684	582
695	582
695	581
696	581
696	572
695	572
695	570
694	570
694	568
693	568
693	567
692	567
692	562
690	562
690	561
689	561
689	560
687	560
687	558
686	558
686	556
687	556
687	555
688	555
688	556
691	556
691	555
693	555
693	553
698	553
698	552
712	552
712	551
722	551
722	552
732	552
732	551
748	551
748	552
764	552
764	553
765	553
765	554
767	554
767	553
768	553
768	554
769	554
769	553
770	553
770	554
772	554
772	555
775	555
775	556
778	556
778	557
790	557
790	546
789	546
789	542
788	542
788	540
787	540
787	537
786	537
786	536
785	536
785	533
795	533
795	534
806	534
806	535
812	535
812	536
819	536
819	537
822	537
822	538
823	538
823	539
826	539
826	540
841	540
841	541
849	541
849	542
861	542
861	543
864	543
864	544
865	544
865	545
867	545
867	546
869	546
869	545
870	545
870	546
872	546
872	545
873	545
873	546
875	546
875	545
876	545
876	546
878	546
878	545
880	545
880	543
879	543
879	533
877	533
877	532
875	532
875	530
874	530
874	529
873	529
873	519
872	519
872	518
847	518
847	517
844	517
844	515
837	515
837	514
832	514
832	513
826	513
826	512
821	512
821	511
815	511
815	510
814	510
814	509
808	509
808	508
803	508
803	507
801	507
801	506
799	506
799	505
797	505
797	502
798	502
798	501
799	501
799	499
800	499
800	491
799	491
799	490
784	490
784	491
780	491
780	490
769	490
769	489
762	489
762	488
758	488
758	487
756	487
756	485
747	485
747	484
745	484
745	483
743	483
743	482
741	482
741	483
739	483
739	480
738	480
738	479
733	479
733	478
731	478
731	477
729	477
729	476
727	476
727	473
722	473
722	472
721	472
721	471
719	471
719	470
718	470
718	469
717	469
717	468
716	468
716	467
715	467
715	465
717	465
717	464
720	464
720	463
721	463
721	453
698	453
698	452
693	452
693	451
692	451
692	450
685	450
685	449
680	449
680	448
677	448
677	447
674	447
674	446
669	446
669	445
668	445
668	444
666	444
666	443
664	443
664	442
663	442
663	439
662	439
662	438
659	438
659	437
658	437
658	436
656	436
656	435
655	435
655	434
654	434
654	433
655	433
655	432
657	432
657	431
658	431
658	429
659	429
659	426
660	426
660	417
639	417
639	415
629	415
629	414
627	414
627	413
626	413
626	412
624	412
624	413
623	413
623	412
618	412
618	411
616	411
616	410
615	410
615	409
610	409
610	407
607	407
607	406
606	406
606	405
604	405
604	403
605	403
605	402
606	402
606	401
607	401
607	400
608	400
608	399
610	399
610	394
611	394
611	384
605	384
605	383
600	383
600	382
596	382
596	381
592	381
592	380
590	380
590	379
586	379
586	377
582	377
582	376
580	376
580	374
579	374
579	373
576	373
576	374
575	374
575	372
573	372
573	371
569	371
569	369
568	369
568	368
566	368
566	367
558	367
558	366
557	366
557	365
558	365
558	362
557	362
557	357
556	357
556	356
553	356
553	354
558	354
558	353
559	353
559	352
562	352
562	351
563	351
563	348
564	348
564	343
565	343
565	339
564	339
564	338
563	338
563	337
562	337
562	336
559	336
559	335
557	335
557	333
554	333
554	332
552	332
552	331
551	331
551	327
545	327
545	325
543	325
543	324
541	324
541	323
540	323
540	322
539	322
539	320
536	320
536	319
535	319
535	318
534	318
534	316
533	316
533	315
531	315
531	314
530	314
530	313
529	313
529	312
528	312
528	310
527	310
527	309
524	309
524	308
523	308
523	307
522	307
522	304
520	304
520	303
517	303
517	302
516	302
516	298
512	298
512	297
511	297
511	296
510	296
510	295
511	295
511	294
510	294
510	292
509	292
509	291
508	291
508	292
505	292
505	291
504	291
504	290
502	290
502	288
501	288
501	287
500	287
500	286
499	286
499	284
498	284
498	282
495	282
495	281
493	281
493	280
492	280
492	278
490	278
490	277
488	277
488	276
487	276
487	274
485	274
485	273
482	273
482	272
481	272
481	269
480	269
480	268
478	268
478	267
477	267
477	268
476	268
476	267
475	267
475	266
474	266
474	265
471	265
471	264
469	264
469	261
468	261
468	260
466	260
466	259
464	259
464	258
463	258
463	255
458	255
458	254
456	254
456	251
452	251
452	250
451	250
451	249
450	249
450	248
449	248
449	247
448	247
448	246
447	246
447	245
445	245
445	244
443	244
443	242
441	242
441	240
440	240
440	239
438	239
438	238
437	238
437	237
436	237
436	236
435	236
435	234
434	234
434	233
433	233
433	232
432	232
432	231
431	231
431	228
430	228
430	225
432	225
432	226
434	226
434	227
436	227
436	226
438	226
438	227
441	227
441	228
444	228
444	229
449	229
449	230
450	230
450	231
453	231
453	232
458	232
458	233
462	233
462	235
467	235
467	236
469	236
469	237
470	237
470	238
472	238
472	239
479	239
479	240
480	240
480	241
483	241
483	242
486	242
486	244
491	244
491	246
492	246
492	247
503	247
503	248
508	248
508	252
510	252
510	253
520	253
520	254
526	254
526	255
527	255
527	256
532	256
532	259
540	259
540	261
541	261
541	263
542	263
542	264
553	264
553	266
555	266
555	269
556	269
556	270
569	270
569	271
573	271
573	272
578	272
578	275
579	275
579	276
581	276
581	277
584	277
584	278
590	278
590	279
592	279
592	280
594	280
594	281
595	281
595	282
596	282
596	283
609	283
609	282
610	282
610	264
609	264
609	263
608	263
608	262
613	262
613	263
614	263
614	264
619	264
619	265
624	265
624	266
626	266
626	267
627	267
627	268
628	268
628	269
629	269
629	268
630	268
630	269
631	269
631	270
634	270
634	271
637	271
637	273
638	273
638	274
643	274
643	276
649	276
649	277
650	277
650	279
652	279
652	280
653	280
653	281
655	281
655	282
656	282
656	283
661	283
661	285
664	285
664	286
666	286
666	287
667	287
667	288
669	288
669	289
670	289
670	292
672	292
672	293
674	293
674	294
675	294
675	295
677	295
677	296
685	296
685	295
686	295
686	283
687	283
687	275
688	275
688	270
691	270
691	271
694	271
694	272
696	272
696	273
701	273
701	274
702	274
702	276
706	276
706	277
707	277
707	278
708	278
708	279
709	279
709	280
710	280
710	281
712	281
712	282
713	282
713	284
714	284
714	285
715	285
715	284
716	284
716	285
718	285
718	286
720	286
720	288
725	288
725	289
726	289
726	290
729	290
729	291
730	291
730	292
731	292
731	294
735	294
735	295
736	295
736	296
737	296
737	297
740	297
740	298
743	298
743	299
745	299
745	300
747	300
747	301
748	301
748	302
749	302
749	303
750	303
750	304
752	304
752	306
753	306
753	307
754	307
754	309
757	309
757	311
758	311
758	312
760	312
760	314
761	314
761	315
762	315
762	316
763	316
763	317
764	317
764	318
766	318
766	319
767	319
767	318
768	318
768	319
770	319
770	318
774	318
774	316
775	316
775	312
776	312
776	308
778	308
778	305
779	305
779	299
780	299
780	290
782	290
782	291
784	291
784	293
785	293
785	294
790	294
790	295
792	295
792	296
793	296
793	297
794	297
794	298
795	298
795	299
798	299
798	300
800	300
800	301
801	301
801	302
802	302
802	303
804	303
804	304
806	304
806	305
807	305
807	306
808	306
808	307
810	307
810	310
811	310
811	311
812	311
812	312
814	312
814	313
816	313
816	314
817	314
817	317
819	317
819	318
820	318
820	319
821	319
821	320
822	320
822	321
825	321
825	323
826	323
826	324
827	324
827	325
829	325
829	326
830	326
830	328
831	328
831	330
832	330
832	331
833	331
833	332
834	332
834	333
835	333
835	334
836	334
836	335
837	335
837	336
838	336
838	338
839	338
839	341
841	341
841	342
842	342
842	344
843	344
843	346
844	346
844	347
845	347
845	350
846	350
846	352
855	352
855	351
856	351
856	344
860	344
860	348
861	348
861	349
864	349
864	351
866	351
866	353
868	353
868	354
869	354
869	358
873	358
873	361
874	361
874	363
875	363
875	364
876	364
876	369
877	369
877	372
878	372
878	373
880	373
880	374
881	374
881	375
884	375
884	376
888	376
888	378
889	378
889	380
890	380
890	381
891	381
891	382
895	382
895	383
896	383
896	385
897	385
897	386
898	386
898	387
899	387
899	389
900	389
900	390
901	390
901	393
903	393
903	394
904	394
904	395
913	395
913	394
914	394
914	378
913	378
913	377
914	377
914	376
912	376
912	375
911	375
911	374
910	374
910	370
909	370
909	368
908	368
908	366
907	366
907	364
908	364
908	363
921	363
921	362
922	362
922	354
921	354
921	352
920	352
920	351
918	351
918	350
916	350
916	349
915	349
915	345
912	345
912	344
911	344
911	343
910	343
910	342
909	342
909	340
908	340
908	339
907	339
907	338
906	338
906	337
905	337
905	333
903	333
903	328
902	328
902	327
900	327
900	324
898	324
898	322
897	322
897	320
896	320
896	318
895	318
895	316
894	316
894	314
893	314
893	311
894	311
894	310
893	310
893	309
892	309
892	307
891	307
891	297
895	297
895	287
894	287
894	286
892	286
892	281
891	281
891	280
889	280
889	276
888	276
888	274
886	274
886	270
885	270
885	263
882	263
882	261
881	261
881	257
880	257
880	252
879	252
879	251
878	251
878	250
877	250
877	249
876	249
876	248
877	248
877	247
876	247
876	246
875	246
875	244
874	244
874	242
873	242
873	239
872	239
872	237
871	237
871	234
870	234
870	233
869	233
869	232
868	232
868	229
867	229
867	228
866	228
866	227
865	227
865	225
864	225
864	222
863	222
863	221
862	221
862	217
861	217
861	215
860	215
860	213
861	213
861	211
862	211
862	209
866	209
866	212
867	212
867	211
868	211
868	212
876	212
876	215
881	215
881	216
883	216
883	217
884	217
884	218
885	218
885	219
886	219
886	220
889	220
889	223
893	223
893	224
894	224
894	225
895	225
895	226
897	226
897	227
899	227
899	228
900	228
900	229
901	229
901	232
903	232
903	233
904	233
904	234
905	234
905	235
907	235
907	241
914	241
914	242
915	242
915	243
916	243
916	245
918	245
918	246
920	246
920	247
921	247
921	248
924	248
924	252
925	252
925	253
929	253
929	255
930	255
930	258
931	258
931	259
936	259
936	260
937	260
937	261
939	261
939	264
942	264
942	265
943	265
943	266
944	266
944	267
945	267
945	268
946	268
946	269
947	269
947	271
949	271
949	272
958	272
958	271
961	271
961	265
964	265
964	266
965	266
965	269
966	269
966	270
970	270
970	272
971	272
971	275
972	275
972	276
975	276
975	278
976	278
976	279
977	279
977	281
978	281
978	282
979	282
979	283
981	283
981	287
982	287
982	288
985	288
985	289
986	289
986	290
987	290
987	292
988	292
988	294
991	294
991	296
992	296
992	297
993	297
993	298
994	298
994	300
995	300
995	302
996	302
996	303
997	303
997	305
999	305
999	306
1000	306
1000	309
1001	309
1001	311
1003	311
1003	313
1004	313
1004	317
1006	317
1006	319
1007	319
1007	323
1019	323
1019	324
1020	324
1020	320
1021	320
1021	319
1022	319
1022	317
1023	317
1023	314
1024	314
1024	312
1025	312
1025	313
1027	313
1027	314
1028	314
1028	315
1029	315
1029	316
1030	316
1030	317
1032	317
1032	319
1033	319
1033	322
1034	322
1034	323
1036	323
1036	329
1041	329
1041	332
1042	332
1042	333
1041	333
1041	334
1043	334
1043	335
1044	335
1044	336
1045	336
1045	338
1046	338
1046	339
1047	339
1047	341
1048	341
1048	342
1049	342
1049	343
1050	343
1050	346
1052	346
1052	348
1053	348
1053	352
1054	352
1054	354
1055	354
1055	355
1056	355
1056	358
1057	358
1057	359
1059	359
1059	364
1060	364
1060	367
1061	367
1061	370
1062	370
1062	375
1063	375
1063	376
1064	376
1064	377
1065	377
1065	378
1066	378
1066	379
1069	379
1069	378
1070	378
1070	379
1071	379
1071	378
1072	378
1072	379
1073	379
1073	378
1074	378
1074	377
1075	377
1075	376
1079	376
1079	373
1082	373
1082	376
1088	376
1088	381
1089	381
1089	382
1090	382
1090	383
1091	383
1091	388
1092	388
1092	394
1093	394
1093	399
1094	399
1094	404
1095	404
1095	406
1096	406
1096	408
1097	408
1097	414
1098	414
1098	420
1099	420
1099	421
1098	421
1098	422
1099	422
1099	434
1100	434
1100	435
1110	435
1110	432
1111	432
1111	429
1112	429
1112	428
1114	428
1114	422
1115	422
1115	417
1117	417
1117	406
1118	406
1118	405
1119	405
1119	402
1120	402
1120	400
1121	400
1121	399
1122	399
1122	396
1123	396
1123	393
1125	393
1125	391
1126	391
1126	389
1128	389
1128	388
1130	388
1130	387
1132	387
1132	385
1134	385
1134	387
1135	387
1135	388
1138	388
1138	389
1139	389
1139	388
1141	388
1141	389
1143	389
1143	388
1145	388
1145	384
1146	384
1146	383
1147	383
1147	381
1149	381
1149	376
1150	376
1150	375
1151	375
1151	374
1152	374
1152	370
1154	370
1154	369
1155	369
1155	365
1156	365
1156	364
1157	364
1157	363
1158	363
1158	359
1159	359
1159	358
1160	358
1160	357
1161	357
1161	354
1162	354
1162	352
1164	352
1164	349
1165	349
1165	347
1166	347
1166	345
1167	345
1167	341
1168	341
1168	340
1169	340
1169	336
1170	336
1170	335
1171	335
1171	334
1172	334
1172	330
1173	330
1173	328
1174	328
1174	326
1175	326
1175	324
1176	324
1176	323
1179	323
1179	322
1180	322
1180	319
1181	319
1181	318
1182	318
1182	317
1183	317
1183	316
1184	316
1184	315
1187	315
1187	318
1188	318
1188	321
1187	321
1187	322
1189	322
1189	323
1191	323
1191	324
1192	324
1192	325
1200	325
1200	324
1201	324
1201	323
1202	323
1202	322
1203	322
1203	319
1204	319
1204	316
1206	316
1206	315
1207	315
1207	313
1208	313
1208	312
1209	312
1209	311
1210	311
1210	310
1211	310
1211	306
1212	306
1212	305
1214	305
1214	304
1215	304
1215	303
1216	303
1216	300
1217	300
1217	299
1219	299
1219	297
1220	297
1220	295
1221	295
1221	294
1224	294
1224	293
1225	293
1225	288
1227	288
1227	287
1228	287
1228	283
1229	283
1229	282
1231	282
1231	278
1232	278
1232	276
1234	276
1234	274
1235	274
1235	272
1236	272
1236	270
1239	270
1239	266
1240	266
1240	265
1241	265
1241	264
1242	264
1242	261
1243	261
1243	260
1244	260
1244	259
1246	259
1246	258
1248	258
1248	254
1249	254
1249	252
1250	252
1250	251
1251	251
1251	249
1252	249
1252	247
1253	247
1253	246
1254	246
1254	244
1255	244
1255	242
1256	242
1256	240
1257	240
1257	239
1258	239
1258	235
1260	235
1260	232
1261	232
1261	230
1263	230
1263	226
1264	226
1264	224
1265	224
1265	223
1266	223
1266	220
1267	220
1267	219
1268	219
1268	218
1269	218
1269	217
1272	217
1272	212
1273	212
1273	210
1274	210
1274	209
1275	209
1275	207
1277	207
1277	205
1278	205
1278	201
1279	201
1279	199
1280	199
1280	197
1281	197
1281	194
1283	194
1283	193
1284	193
1284	191
1283	191
1283	189
1284	189
1284	188
1285	188
1285	186
1286	186
1286	185
1287	185
1287	183
1289	183
1289	185
1290	185
1290	188
1291	188
1291	189
1293	189
1293	194
1294	194
1294	195
1295	195
1295	199
1296	199
1296	200
1295	200
1295	202
1296	202
1296	212
1295	212
1295	215
1296	215
1296	216
1295	216
1295	217
1296	217
1296	229
1295	229
1295	233
1294	233
1294	251
1293	251
1293	271
1292	271
1292	280
1291	280
1291	291
1290	291
1290	292
1289	292
1289	293
1288	293
1288	302
1287	302
1287	304
1286	304
1286	315
1287	315
1287	316
1297	316
1297	315
1301	315
1301	314
1302	314
1302	312
1303	312
1303	311
1304	311
1304	309
1305	309
1305	308
1306	308
1306	306
1307	306
1307	304
1308	304
1308	303
1309	303
1309	302
1310	302
1310	299
1313	299
1313	296
1314	296
1314	294
1317	294
1317	293
1319	293
1319	288
1320	288
1320	287
1322	287
1322	286
1323	286
1323	285
1324	285
1324	283
1325	283
1325	281
1326	281
1326	280
1328	280
1328	279
1329	279
1329	278
1330	278
1330	277
1331	277
1331	276
1336	276
1336	274
1337	274
1337	273
1339	273
1339	272
1342	272
1342	271
1345	271
1345	270
1348	270
1348	274
1349	274
1349	277
1350	277
1350	281
1351	281
1351	282
1352	282
1352	287
1353	287
1353	288
1354	288
1354	290
1355	290
1355	293
1356	293
1356	294
1364	294
1364	293
1365	293
1365	292
1366	292
1366	290
1367	290
1367	288
1368	288
1368	287
1369	287
1369	286
1370	286
1370	285
1371	285
1371	282
1373	282
1373	281
1374	281
1374	280
1375	280
1375	278
1376	278
1376	277
1377	277
1377	276
1379	276
1379	275
1380	275
1380	274
1381	274
1381	271
1383	271
1383	270
1384	270
1384	269
1385	269
1385	268
1387	268
1387	267
1388	267
1388	266
1389	266
1389	265
1390	265
1390	263
1393	263
1393	262
1394	262
1394	260
1395	260
1395	259
1396	259
1396	258
1397	258
1397	259
1398	259
1398	258
1400	258
1400	257
1401	257
1401	254
1402	254
1402	253
1405	253
1405	252
1406	252
1406	251
1407	251
1407	248
1408	248
1408	247
1412	247
1412	245
1413	245
1413	244
1415	244
1415	243
1416	243
1416	242
1418	242
1418	241
1420	241
1420	240
1422	240
1422	238
1427	238
1427	237
1429	237
1429	236
1431	236
1431	245
1432	245
1432	251
1433	251
1433	252
1432	252
1432	253
1444	253
1444	252
1445	252
1445	250
1448	250
1448	249
1447	249
1447	247
1449	247
1449	246
1451	246
1451	242
1452	242
1452	241
1455	241
1455	238
1457	238
1457	236
1458	236
1458	235
1459	235
1459	234
1460	234
1460	232
1462	232
1462	231
1463	231
1463	230
1464	230
1464	231
1465	231
1465	229
1466	229
1466	227
1467	227
1467	226
1470	226
1470	225
1471	225
1471	224
1472	224
1472	223
1477	223
1477	219
1478	219
1478	218
1483	218
1483	214
1486	214
1486	212
1488	212
1488	211
1489	211
1489	210
1490	210
1490	209
1492	209
1492	208
1495	208
1495	207
1496	207
1496	208
1497	208
1497	212
1498	212
1498	220
1499	220
1499	221
1501	221
1501	222
1502	222
1502	221
1505	221
1505	222
1506	222
1506	221
1510	221
1510	220
1511	220
1511	219
1512	219
1512	218
1513	218
1513	217
1514	217
1514	215
1515	215
1515	214
1516	214
1516	213
1517	213
1517	212
1518	212
1518	211
1519	211
1519	209
1521	209
1521	208
1522	208
1522	207
1524	207
1524	205
1525	205
1525	204
1526	204
1526	203
1529	203
1529	202
1530	202
1530	200
1531	200
1531	198
1532	198
1532	197
1533	197
1533	196
1534	196
1534	195
1535	195
1535	194
1536	194
1536	191
1537	191
1537	190
1539	190
1539	189
1540	189
1540	188
1542	188
1542	186
1543	186
1543	185
1544	185
1544	184
1546	184
1546	183
1547	183
1547	182
1548	182
1548	181
1549	181
1549	180
1550	180
1550	179
1553	179
1553	175
1554	175
1554	174
1556	174
1556	172
1559	172
1559	171
1560	171
1560	169
1561	169
1561	167
1562	167
1562	166
1564	166
1564	165
1565	165
1565	163
1567	163
1567	162
1566	162
1566	161
1567	161
1567	160
1568	160
1568	159
1571	159
1571	158
1570	158
1570	157
1571	157
1571	155
1572	155
1572	154
1573	154
1573	153
1576	153
1576	152
1577	152
1577	149
1578	149
1578	148
1579	148
1579	147
1582	147
1582	143
1583	143
1583	142
1584	142
1584	141
1586	141
1586	140
1587	140
1587	138
1588	138
1588	136
1589	136
1589	134
1590	134
1590	132
1592	132
1592	131
1594	131
1594	130
1595	130
1595	128
1597	128
1597	126
1599	126
1599	125
1600	125
1600	123
1601	123
1601	122
1602	122
1602	121
1603	121
1603	120
1604	120
1604	118
1606	118
1606	116
1607	116
1607	115
1609	115
1609	114
1610	114
1610	112
1611	112
1611	111
1612	111
1612	110
1614	110
1614	109
1615	109
1615	108
1616	108
1616	107
1618	107
1618	106
1620	106
1620	104
1622	104
1622	107
1623	107
1623	115
1622	115
1622	117
1621	117
1621	122
1620	122
1620	123
1619	123
1619	128
1618	128
1618	129
1617	129
1617	132
1616	132
1616	134
1613	134
1613	140
1612	140
1612	142
1611	142
1611	145
1610	145
1610	146
1609	146
1609	149
1608	149
1608	150
1607	150
1607	152
1606	152
1606	155
1605	155
1605	157
1603	157
1603	159
1602	159
1602	163
1601	163
1601	166
1600	166
1600	168
1599	168
1599	169
1598	169
1598	173
1597	173
1597	177
1596	177
1596	179
1595	179
1595	180
1594	180
1594	184
1593	184
1593	186
1591	186
1591	187
1590	187
1590	190
1589	190
1589	193
1588	193
1588	196
1587	196
1587	198
1585	198
1585	203
1584	203
1584	204
1583	204
1583	206
1582	206
1582	209
1581	209
1581	210
1580	210
1580	211
1579	211
1579	216
1578	216
1578	217
1577	217
1577	219
1576	219
1576	221
1574	221
1574	222
1573	222
1573	233
1574	233
1574	234
1575	234
1575	235
1583	235
1583	237
1582	237
1582	239
1579	239
1579	244
1578	244
1578	246
1577	246
1577	248
1576	248
1576	249
1575	249
1575	250
1574	250
1574	252
1573	252
1573	254
1572	254
1572	256
1570	256
1570	257
1569	257
1569	261
1568	261
1568	262
1567	262
1567	263
1566	263
1566	264
1565	264
1565	267
1564	267
1564	268
1563	268
1563	271
1562	271
1562	272
1561	272
1561	273
1560	273
1560	274
1557	274
1557	279
1556	279
1556	280
1555	280
1555	281
1554	281
1554	282
1553	282
1553	284
1552	284
1552	285
1551	285
1551	286
1550	286
1550	287
1548	287
1548	288
1547	288
1547	289
1545	289
1545	290
1543	290
1543	291
1540	291
1540	293
1538	293
1538	295
1537	295
1537	303
1538	303
1538	304
1540	304
1540	305
1541	305
1541	306
1542	306
1542	307
1544	307
1544	308
1545	308
1545	309
1546	309
1546	311
1549	311
1549	312
1550	312
1550	313
1552	313
1552	314
1555	314
1555	315
1557	315
1557	317
1556	317
1556	318
1555	318
1555	320
1554	320
1554	321
1552	321
1552	322
1551	322
1551	325
1550	325
1550	326
1549	326
1549	327
1545	327
1545	330
1543	330
1543	331
1540	331
1540	333
1539	333
1539	334
1538	334
1538	335
1537	335
1537	336
1536	336
1536	337
1535	337
1535	339
1533	339
1533	340
1531	340
1531	341
1530	341
1530	342
1529	342
1529	343
1528	343
1528	344
1527	344
1527	345
1524	345
1524	346
1522	346
1522	349
1520	349
1520	350
1517	350
1517	351
1514	351
1514	352
1513	352
1513	353
1511	353
1511	354
1510	354
1510	355
1505	355
1505	356
1499	356
1499	357
1498	357
1498	358
1497	358
1497	359
1496	359
1496	368
1497	368
1497	370
1498	370
1498	371
1499	371
1499	372
1500	372
1500	373
1501	373
1501	374
1502	374
1502	376
1504	376
1504	377
1505	377
1505	378
1506	378
1506	379
1508	379
1508	380
1510	380
1510	382
1508	382
1508	383
1507	383
1507	384
1505	384
1505	386
1504	386
1504	387
1503	387
1503	388
1502	388
1502	389
1500	389
1500	390
1498	390
1498	392
1494	392
1494	393
1493	393
1493	394
1490	394
1490	395
1487	395
1487	397
1481	397
1481	400
1480	400
1480	401
1477	401
1477	402
1475	402
1475	403
1470	403
1470	404
1469	404
1469	405
1468	405
1468	406
1466	406
1466	407
1464	407
1464	408
1460	408
1460	409
1457	409
1457	410
1455	410
1455	411
1450	411
1450	412
1444	412
1444	413
1440	413
1440	422
1441	422
1441	424
1442	424
1442	423
1443	423
1443	424
1445	424
1445	426
1446	426
1446	429
1449	429
1449	430
1451	430
1451	431
1452	431
1452	433
1451	433
1451	434
1449	434
1449	435
1446	435
1446	437
1445	437
1445	438
1440	438
1440	440
1439	440
1439	441
1436	441
1436	442
1435	442
1435	443
1431	443
1431	444
1428	444
1428	445
1426	445
1426	444
1424	444
1424	445
1423	445
1423	446
1422	446
1422	447
1420	447
1420	448
1417	448
1417	449
1411	449
1411	451
1408	451
1408	452
1405	452
1405	453
1399	453
1399	454
1398	454
1398	455
1393	455
1393	456
1380	456
1380	466
1381	466
1381	469
1382	469
1382	470
1387	470
1387	472
1385	472
1385	473
1382	473
1382	474
1381	474
1381	476
1380	476
1380	477
1378	477
1378	478
1377	478
1377	479
1370	479
1370	481
1369	481
1369	482
1366	482
1366	483
1364	483
1364	484
1363	484
1363	485
1359	485
1359	486
1356	486
1356	487
1353	487
1353	488
1350	488
1350	489
1346	489
1346	490
1340	490
1340	491
1329	491
1329	492
1328	492
1328	493
1323	493
1323	494
1311	494
1311	495
1309	495
1309	503
1310	503
1310	505
1312	505
1312	507
1313	507
1313	506
1315	506
1315	509
1325	509
1325	508
1329	508
1329	507
1332	507
1332	506
1334	506
1334	505
1342	505
1342	504
1344	504
1344	503
1346	503
1346	502
1353	502
1353	501
1359	501
1359	500
1361	500
1361	501
1364	501
1364	500
1365	500
1365	501
1367	501
1367	502
1368	502
1368	503
1366	503
1366	505
1365	505
1365	508
1364	508
1364	510
1363	510
1363	514
1362	514
1362	525
1371	525
1371	524
1372	524
1372	522
1373	522
1373	523
1374	523
1374	522
1376	522
1376	523
1377	523
1377	522
1378	522
1378	521
1384	521
1384	520
1386	520
1386	518
1388	518
1388	517
1400	517
1400	516
1407	516
1407	514
1413	514
1413	513
1414	513
1414	512
1423	512
1423	511
1434	511
1434	510
1436	510
1436	509
1438	509
1438	508
1440	508
1440	507
1449	507
1449	508
1458	508
1458	511
1457	511
1457	513
1456	513
1456	514
1455	514
1455	516
1454	516
1454	519
1453	519
1453	527
1454	527
1454	528
1465	528
1465	526
1472	526
1472	525
1482	525
1482	524
1483	524
1483	523
1494	523
1494	521
1497	521
1497	520
1499	520
1499	519
1502	519
1502	520
1506	520
1506	519
1507	519
1507	520
1508	520
1508	519
1511	519
1511	518
1514	518
1514	517
1519	517
1519	516
1539	516
1539	517
1542	517
1542	518
1541	518
1541	520
1539	520
1539	526
1538	526
1538	528
1537	528
1537	535
1536	535
1536	536
1537	536
1537	538
1536	538
1536	539
1537	539
1537	540
1540	540
1540	541
1541	541
1541	540
1547	540
1547	539
1548	539
1548	538
1550	538
1550	537
1552	537
1552	536
1554	536
1554	535
1556	535
1556	534
1565	534
1565	533
1566	533
1566	532
1567	532
1567	531
1575	531
1575	530
1582	530
1582	529
1589	529
1589	528
1610	528
1610	529
1615	529
1615	530
1619	530
1619	531
1620	531
1620	532
1618	532
1618	534
1617	534
1617	537
1616	537
1616	541
1615	541
1615	542
1614	542
1614	544
1613	544
