1503	1118
1504	1118
1504	1120
1505	1120
1505	1125
1506	1125
1506	1132
1507	1132
1507	1133
1508	1133
1508	1135
1509	1135
1509	1137
1508	1137
1508	1140
1509	1140
1509	1148
1510	1148
1510	1162
1509	1162
1509	1169
1508	1169
1508	1170
1507	1170
1507	1174
1506	1174
1506	1178
1505	1178
1505	1180
1502	1180
1502	1181
1500	1181
1500	1182
1490	1182
1490	1183
1488	1183
1488	1184
1483	1184
1483	1185
1450	1185
1450	1186
1449	1186
1449	1199
1450	1199
1450	1200
1452	1200
1452	1203
1453	1203
1453	1204
1454	1204
1454	1205
1455	1205
1455	1206
1456	1206
1456	1207
1457	1207
1457	1209
1458	1209
1458	1210
1459	1210
1459	1211
1460	1211
1460	1212
1461	1212
1461	1216
1462	1216
1462	1218
1463	1218
1463	1220
1464	1220
1464	1221
1465	1221
1465	1223
1466	1223
1466	1224
1467	1224
1467	1226
1468	1226
1468	1227
1469	1227
1469	1229
1470	1229
1470	1233
1471	1233
1471	1234
1472	1234
1472	1236
1473	1236
1473	1239
1474	1239
1474	1244
1475	1244
1475	1249
1476	1249
1476	1251
1477	1251
1477	1255
1478	1255
1478	1258
1479	1258
1479	1265
1480	1265
1480	1268
1481	1268
1481	1270
1482	1270
1482	1278
1483	1278
1483	1280
1484	1280
1484	1282
1485	1282
1485	1285
1486	1285
1486	1294
1487	1294
1487	1303
1488	1303
1488	1320
1489	1320
1489	1324
1490	1324
1490	1327
1489	1327
1489	1329
1488	1329
1488	1336
1487	1336
1487	1337
1486	1337
1486	1341
1485	1341
1485	1344
1484	1344
1484	1345
1483	1345
1483	1347
1482	1347
1482	1349
1480	1349
1480	1351
1478	1351
1478	1352
1474	1352
1474	1353
1470	1353
1470	1354
1466	1354
1466	1355
1461	1355
1461	1356
1459	1356
1459	1357
1458	1357
1458	1358
1448	1358
1448	1357
1447	1357
1447	1356
1434	1356
1434	1371
1435	1371
1435	1374
1437	1374
1437	1375
1438	1375
1438	1378
1439	1378
1439	1379
1440	1379
1440	1380
1441	1380
1441	1384
1442	1384
1442	1385
1443	1385
1443	1389
1444	1389
1444	1392
1445	1392
1445	1393
1446	1393
1446	1396
1447	1396
1447	1402
1448	1402
1448	1404
1449	1404
1449	1407
1450	1407
1450	1413
1451	1413
1451	1416
1452	1416
1452	1419
1453	1419
1453	1421
1454	1421
1454	1428
1456	1428
1456	1430
1457	1430
1457	1432
1456	1432
1456	1433
1457	1433
1457	1435
1456	1435
1456	1436
1457	1436
1457	1437
1458	1437
1458	1438
1459	1438
1459	1444
1460	1444
1460	1445
1461	1445
1461	1451
1462	1451
1462	1456
1463	1456
1463	1463
1464	1463
1464	1473
1465	1473
1465	1476
1466	1476
1466	1478
1465	1478
1465	1482
1466	1482
1466	1484
1465	1484
1465	1487
1464	1487
1464	1495
1463	1495
1463	1496
1462	1496
1462	1497
1461	1497
1461	1503
1460	1503
1460	1504
1458	1504
1458	1505
1457	1505
1457	1506
1452	1506
1452	1507
1444	1507
1444	1510
1438	1510
1438	1511
1433	1511
1433	1512
1422	1512
1422	1513
1421	1513
1421	1512
1420	1512
1420	1511
1402	1511
1402	1525
1403	1525
1403	1526
1404	1526
1404	1527
1405	1527
1405	1528
1406	1528
1406	1529
1407	1529
1407	1530
1408	1530
1408	1534
1409	1534
1409	1535
1411	1535
1411	1536
1412	1536
1412	1539
1413	1539
1413	1541
1414	1541
1414	1542
1415	1542
1415	1543
1416	1543
1416	1550
1417	1550
1417	1552
1418	1552
1418	1554
1420	1554
1420	1555
1421	1555
1421	1568
1422	1568
1422	1572
1423	1572
1423	1584
1424	1584
1424	1585
1425	1585
1425	1606
1426	1606
1426	1616
1427	1616
1427	1624
1428	1624
1428	1625
1427	1625
1427	1628
1426	1628
1426	1650
1425	1650
1425	1654
1424	1654
1424	1655
1422	1655
1422	1660
1421	1660
1421	1661
1420	1661
1420	1663
1419	1663
1419	1665
1417	1665
1417	1668
1415	1668
1415	1669
1410	1669
1410	1670
1408	1670
1408	1671
1398	1671
1398	1672
1391	1672
1391	1673
1388	1673
1388	1674
1380	1674
1380	1675
1377	1675
1377	1674
1375	1674
1375	1675
1373	1675
1373	1676
1372	1676
1372	1704
1371	1704
1371	1731
1370	1731
1370	1734
1371	1734
1371	1736
1370	1736
1370	1737
1369	1737
1369	1742
1368	1742
1368	1748
1367	1748
1367	1753
1366	1753
1366	1756
1365	1756
1365	1760
1364	1760
1364	1761
1363	1761
1363	1765
1362	1765
1362	1766
1361	1766
1361	1767
1360	1767
1360	1768
1359	1768
1359	1769
1358	1769
1358	1770
1354	1770
1354	1771
1352	1771
1352	1772
1328	1772
1328	1773
1327	1773
1327	1795
1328	1795
1328	1798
1327	1798
1327	1801
1326	1801
1326	1803
1325	1803
1325	1807
1324	1807
1324	1813
1323	1813
1323	1815
1322	1815
1322	1816
1323	1816
1323	1818
1322	1818
1322	1820
1321	1820
1321	1823
1320	1823
1320	1827
1319	1827
1319	1829
1318	1829
1318	1832
1317	1832
1317	1833
1316	1833
1316	1835
1315	1835
1315	1836
1313	1836
1313	1837
1302	1837
1302	1838
1301	1838
1301	1851
1300	1851
1300	1854
1299	1854
1299	1856
1298	1856
1298	1859
1297	1859
1297	1861
1296	1861
1296	1862
1295	1862
1295	1863
1294	1863
1294	1864
1293	1864
1293	1865
1292	1865
1292	1868
1290	1868
1290	1870
1288	1870
1288	1871
1287	1871
1287	1873
1285	1873
1285	1872
1286	1872
1286	1871
1285	1871
1285	1870
1284	1870
1284	1869
1282	1869
1282	1868
1280	1868
1280	1867
1277	1867
1277	1866
1276	1866
1276	1865
1275	1865
1275	1864
1271	1864
1271	1863
1267	1863
1267	1860
1266	1860
1266	1859
1264	1859
1264	1858
1263	1858
1263	1856
1262	1856
1262	1855
1261	1855
1261	1852
1260	1852
1260	1847
1259	1847
1259	1846
1247	1846
1247	1845
1245	1845
1245	1844
1244	1844
1244	1843
1243	1843
1243	1842
1242	1842
1242	1840
1241	1840
1241	1837
1240	1837
1240	1834
1239	1834
1239	1831
1238	1831
1238	1827
1237	1827
1237	1822
1236	1822
1236	1820
1235	1820
1235	1819
1236	1819
1236	1817
1235	1817
1235	1815
1234	1815
1234	1808
1233	1808
1233	1807
1216	1807
1216	1806
1214	1806
1214	1805
1213	1805
1213	1802
1209	1802
1209	1801
1207	1801
1207	1800
1206	1800
1206	1799
1205	1799
1205	1798
1203	1798
1203	1797
1202	1797
1202	1796
1200	1796
1200	1795
1199	1795
1199	1794
1198	1794
1198	1793
1197	1793
1197	1791
1196	1791
1196	1789
1195	1789
1195	1788
1192	1788
1192	1787
1191	1787
1191	1783
1190	1783
1190	1782
1189	1782
1189	1781
1188	1781
1188	1780
1187	1780
1187	1779
1186	1779
1186	1775
1183	1775
1183	1770
1182	1770
1182	1769
1181	1769
1181	1766
1180	1766
1180	1765
1179	1765
1179	1763
1178	1763
1178	1761
1177	1761
1177	1760
1178	1760
1178	1759
1177	1759
1177	1758
1176	1758
1176	1756
1175	1756
1175	1753
1174	1753
1174	1752
1173	1752
1173	1749
1172	1749
1172	1748
1171	1748
1171	1745
1170	1745
1170	1744
1169	1744
1169	1739
1168	1739
1168	1737
1167	1737
1167	1735
1166	1735
1166	1733
1165	1733
1165	1732
1164	1732
1164	1730
1163	1730
1163	1729
1162	1729
1162	1726
1161	1726
1161	1724
1160	1724
1160	1722
1159	1722
1159	1718
1158	1718
1158	1712
1157	1712
1157	1710
1156	1710
1156	1709
1155	1709
1155	1707
1129	1707
1129	1708
1128	1708
1128	1709
1120	1709
1120	1710
1116	1710
1116	1711
1111	1711
1111	1712
1097	1712
1097	1710
1093	1710
1093	1709
1092	1709
1092	1707
1090	1707
1090	1703
1088	1703
1088	1702
1087	1702
1087	1701
1084	1701
1084	1697
1083	1697
1083	1696
1084	1696
1084	1695
1083	1695
1083	1694
1082	1694
1082	1693
1080	1693
1080	1691
1079	1691
1079	1689
1078	1689
1078	1688
1079	1688
1079	1687
1078	1687
1078	1686
1077	1686
1077	1684
1076	1684
1076	1680
1075	1680
1075	1677
1074	1677
1074	1675
1073	1675
1073	1672
1072	1672
1072	1670
1071	1670
1071	1669
1070	1669
1070	1660
1069	1660
1069	1659
1068	1659
1068	1655
1067	1655
1067	1653
1066	1653
1066	1636
1065	1636
1065	1629
1064	1629
1064	1616
1063	1616
1063	1615
1064	1615
1064	1613
1063	1613
1063	1610
1064	1610
1064	1606
1065	1606
1065	1601
1066	1601
1066	1595
1067	1595
1067	1583
1068	1583
1068	1582
1056	1582
1056	1581
1026	1581
1026	1579
1024	1579
1024	1578
1017	1578
1017	1576
1016	1576
1016	1574
1015	1574
1015	1573
1014	1573
1014	1571
1012	1571
1012	1568
1011	1568
1011	1566
1010	1566
1010	1565
1009	1565
1009	1564
1008	1564
1008	1561
1007	1561
1007	1557
1006	1557
1006	1556
1005	1556
1005	1554
1004	1554
1004	1551
1003	1551
1003	1550
1002	1550
1002	1547
1001	1547
1001	1545
1000	1545
1000	1537
999	1537
999	1534
998	1534
998	1528
997	1528
997	1525
996	1525
996	1520
995	1520
995	1510
994	1510
994	1491
993	1491
993	1462
994	1462
994	1455
995	1455
995	1447
996	1447
996	1445
997	1445
997	1443
998	1443
998	1442
999	1442
999	1432
1000	1432
1000	1430
1001	1430
1001	1425
1002	1425
1002	1413
1001	1413
1001	1412
987	1412
987	1413
977	1413
977	1412
976	1412
976	1413
973	1413
973	1412
968	1412
968	1411
958	1411
958	1410
955	1410
955	1409
954	1409
954	1408
953	1408
953	1407
952	1407
952	1404
951	1404
951	1402
950	1402
950	1401
949	1401
949	1400
948	1400
948	1394
947	1394
947	1393
946	1393
946	1390
945	1390
945	1383
944	1383
944	1381
943	1381
943	1380
942	1380
942	1375
943	1375
943	1366
944	1366
944	1364
945	1364
945	1303
946	1303
946	1294
947	1294
947	1284
948	1284
948	1281
949	1281
949	1276
950	1276
950	1274
951	1274
951	1271
952	1271
952	1268
953	1268
953	1266
954	1266
954	1263
955	1263
955	1260
956	1260
956	1259
957	1259
957	1258
958	1258
958	1257
959	1257
959	1256
960	1256
960	1241
942	1241
942	1242
912	1242
912	1241
909	1241
909	1239
906	1239
906	1238
905	1238
905	1234
904	1234
904	1233
903	1233
903	1230
902	1230
902	1229
901	1229
901	1228
900	1228
900	1222
899	1222
899	1221
898	1221
898	1220
896	1220
896	1219
897	1219
897	1218
896	1218
896	1217
897	1217
897	1212
896	1212
896	1208
897	1208
897	1195
898	1195
898	1187
899	1187
899	1186
900	1186
900	1184
901	1184
901	1183
900	1183
900	1181
901	1181
901	1180
900	1180
900	1179
901	1179
901	1176
902	1176
902	1172
901	1172
901	1170
902	1170
902	1168
903	1168
903	1165
904	1165
904	1160
905	1160
905	1158
906	1158
906	1157
905	1157
905	1155
906	1155
906	1153
907	1153
907	1151
908	1151
908	1150
909	1150
909	1142
910	1142
910	1141
909	1141
909	1139
910	1139
910	1138
911	1138
911	1132
912	1132
912	1131
913	1131
913	1126
914	1126
914	1123
915	1123
915	1122
916	1122
916	1119
915	1119
915	1117
916	1117
916	1115
917	1115
917	1114
918	1114
918	1112
919	1112
919	1108
920	1108
920	1106
921	1106
921	1105
922	1105
922	1100
923	1100
923	1099
924	1099
924	1097
926	1097
926	1096
927	1096
927	1086
928	1086
928	1085
929	1085
929	1084
932	1084
932	1081
933	1081
933	1080
935	1080
935	1079
936	1079
936	1075
937	1075
937	1061
917	1061
917	1062
911	1062
911	1063
891	1063
891	1061
890	1061
890	1060
887	1060
887	1059
885	1059
885	1056
884	1056
884	1054
883	1054
883	1047
882	1047
882	1046
879	1046
879	1023
880	1023
880	1009
881	1009
881	999
882	999
882	991
883	991
883	986
884	986
884	982
885	982
885	972
886	972
886	971
887	971
887	962
888	962
888	952
890	952
890	949
891	949
891	948
890	948
890	947
891	947
891	943
892	943
892	941
893	941
893	939
894	939
894	935
895	935
895	933
896	933
896	927
897	927
897	924
898	924
898	923
899	923
899	918
900	918
900	901
901	901
901	894
902	894
902	892
903	892
903	888
904	888
904	880
905	880
905	869
906	869
906	867
907	867
907	865
908	865
908	864
909	864
909	854
910	854
910	852
911	852
911	847
912	847
912	840
913	840
913	839
914	839
914	838
915	838
915	836
916	836
916	832
917	832
917	831
918	831
918	828
919	828
919	827
920	827
920	825
921	825
921	824
922	824
922	822
923	822
923	808
922	808
922	807
907	807
907	808
897	808
897	809
890	809
890	810
885	810
885	808
883	808
883	806
882	806
882	801
878	801
878	799
877	799
877	794
876	794
876	792
875	792
875	782
876	782
876	777
877	777
877	775
878	775
878	770
879	770
879	768
880	768
880	767
881	767
881	766
882	766
882	759
883	759
883	758
884	758
884	756
885	756
885	752
886	752
886	751
887	751
887	749
888	749
888	747
889	747
889	740
891	740
891	738
892	738
892	737
891	737
891	736
892	736
892	733
893	733
893	732
894	732
894	730
895	730
895	726
896	726
896	725
897	725
897	724
898	724
898	722
899	722
899	721
900	721
900	717
901	717
901	715
902	715
902	712
903	712
903	709
904	709
904	708
905	708
905	707
906	707
906	706
907	706
907	705
908	705
908	703
909	703
909	699
910	699
910	697
911	697
911	696
912	696
912	691
914	691
914	688
915	688
915	683
916	683
916	684
917	684
917	682
918	682
918	677
919	677
919	676
920	676
920	675
922	675
922	663
924	663
924	662
925	662
925	661
926	661
926	660
927	660
927	651
930	651
930	649
931	649
931	647
932	647
932	646
933	646
933	642
934	642
934	641
935	641
935	640
936	640
936	638
937	638
937	636
938	636
938	632
940	632
940	631
941	631
941	630
942	630
942	628
943	628
943	627
942	627
942	626
944	626
944	624
945	624
945	615
948	615
948	613
949	613
949	603
950	603
950	601
951	601
951	600
952	600
952	599
953	599
953	596
954	596
954	589
956	589
956	588
957	588
957	585
958	585
958	580
959	580
959	579
962	579
962	577
963	577
963	576
962	576
962	571
963	571
963	568
964	568
964	567
965	567
965	564
966	564
966	557
967	557
967	551
968	551
968	546
969	546
969	543
971	543
971	526
972	526
972	527
973	527
973	525
974	525
974	524
975	524
975	518
976	518
976	516
977	516
977	510
978	510
978	509
979	509
979	508
980	508
980	505
981	505
981	504
980	504
980	502
981	502
981	501
982	501
982	498
984	498
984	492
985	492
985	490
986	490
986	488
987	488
987	485
988	485
988	484
989	484
989	483
990	483
990	480
991	480
991	479
992	479
992	473
994	473
994	472
995	472
995	471
996	471
996	468
997	468
997	465
996	465
996	464
998	464
998	463
999	463
999	455
1001	455
1001	453
1002	453
1002	450
1003	450
1003	448
1004	448
1004	440
1005	440
1005	438
1006	438
1006	436
1007	436
1007	432
1008	432
1008	427
1010	427
1010	426
1011	426
1011	423
1012	423
1012	414
1013	414
1013	413
1014	413
1014	412
1015	412
1015	410
1016	410
1016	408
1017	408
1017	404
1018	404
1018	403
1019	403
1019	402
1020	402
1020	398
1021	398
1021	396
1022	396
1022	394
1023	394
1023	391
1025	391
1025	390
1026	390
1026	386
1027	386
1027	382
1028	382
1028	380
1029	380
1029	373
1034	373
1034	365
1035	365
1035	364
1036	364
1036	360
1037	360
1037	357
1039	357
1039	351
1040	351
1040	348
1043	348
1043	347
1044	347
1044	344
1045	344
1045	343
1046	343
1046	342
1047	342
1047	339
1048	339
1048	338
1049	338
1049	334
1050	334
1050	331
1051	331
1051	330
1052	330
1052	328
1053	328
1053	326
1054	326
1054	323
1055	323
1055	320
1056	320
1056	317
1057	317
1057	315
1059	315
1059	313
1060	313
1060	301
1059	301
1059	300
1044	300
1044	301
1042	301
1042	307
1041	307
1041	309
1040	309
1040	310
1038	310
1038	312
1037	312
1037	315
1036	315
1036	318
1035	318
1035	319
1033	319
1033	320
1032	320
1032	325
1030	325
1030	327
1029	327
1029	330
1028	330
1028	333
1027	333
1027	334
1025	334
1025	336
1024	336
1024	337
1023	337
1023	340
1022	340
1022	343
1021	343
1021	346
1020	346
1020	349
1017	349
1017	350
1016	350
1016	351
1015	351
1015	353
1014	353
1014	357
1012	357
1012	358
1013	358
1013	359
1012	359
1012	360
1011	360
1011	363
1009	363
1009	365
1008	365
1008	367
1007	367
1007	370
1006	370
1006	371
1005	371
1005	372
1003	372
1003	374
1002	374
1002	377
1001	377
1001	380
999	380
999	381
997	381
997	386
996	386
996	389
993	389
993	390
992	390
992	393
991	393
991	396
990	396
990	397
989	397
989	398
988	398
988	399
987	399
987	401
986	401
986	405
985	405
985	408
979	408
979	414
978	414
978	416
977	416
977	417
976	417
976	419
975	419
975	421
974	421
974	424
973	424
973	425
972	425
972	426
970	426
970	431
969	431
969	432
968	432
968	433
967	433
967	436
966	436
966	437
965	437
965	440
964	440
964	441
962	441
962	443
961	443
961	444
960	444
960	445
959	445
959	447
958	447
958	450
957	450
957	451
956	451
956	452
954	452
954	453
952	453
952	457
951	457
951	458
950	458
950	459
949	459
949	458
948	458
948	459
946	459
946	458
945	458
945	459
943	459
943	462
941	462
941	463
940	463
940	464
939	464
939	470
937	470
937	474
936	474
936	478
935	478
935	479
934	479
934	487
932	487
932	488
931	488
931	489
930	489
930	493
929	493
929	496
928	496
928	497
926	497
926	498
925	498
925	506
922	506
922	509
921	509
921	511
920	511
920	513
919	513
919	514
918	514
918	515
917	515
917	517
916	517
916	520
915	520
915	522
914	522
914	524
913	524
913	526
912	526
912	528
911	528
911	529
909	529
909	530
907	530
907	533
905	533
905	534
904	534
904	538
903	538
903	540
902	540
902	541
899	541
899	544
898	544
898	546
897	546
897	549
896	549
896	550
893	550
893	551
890	551
890	557
889	557
889	559
888	559
888	560
887	560
887	561
886	561
886	564
884	564
884	568
881	568
881	570
880	570
880	572
879	572
879	574
878	574
878	577
876	577
876	578
875	578
875	582
873	582
873	583
872	583
872	587
871	587
871	590
870	590
870	591
869	591
869	593
868	593
868	596
867	596
867	600
866	600
866	601
864	601
864	604
863	604
863	605
862	605
862	609
861	609
861	613
860	613
860	614
857	614
857	615
858	615
858	617
857	617
857	620
856	620
856	621
855	621
855	622
853	622
853	623
852	623
852	630
851	630
851	631
850	631
850	633
849	633
849	635
848	635
848	638
847	638
847	639
846	639
846	640
845	640
845	642
844	642
844	645
843	645
843	647
842	647
842	648
841	648
841	649
840	649
840	655
839	655
839	656
837	656
837	657
836	657
836	659
835	659
835	662
834	662
834	663
833	663
833	665
832	665
832	666
831	666
831	667
830	667
830	669
829	669
829	670
828	670
828	672
827	672
827	674
826	674
826	676
822	676
822	678
821	678
821	679
819	679
819	680
818	680
818	681
817	681
817	682
813	682
813	684
812	684
812	685
806	685
806	684
805	684
805	681
804	681
804	679
803	679
803	678
802	678
802	676
801	676
801	675
799	675
799	674
798	674
798	671
793	671
793	666
792	666
792	665
791	665
791	663
790	663
790	661
789	661
789	658
788	658
788	657
786	657
786	656
785	656
785	654
784	654
784	653
771	653
771	656
770	656
770	659
769	659
769	662
768	662
768	664
767	664
767	665
766	665
766	667
765	667
765	670
764	670
764	672
763	672
763	673
762	673
762	674
761	674
761	675
760	675
760	676
756	676
756	678
755	678
755	679
756	679
756	680
755	680
755	681
756	681
756	683
754	683
754	684
753	684
753	685
752	685
752	686
751	686
751	687
750	687
750	688
751	688
751	689
750	689
750	693
746	693
746	694
744	694
744	695
743	695
743	699
742	699
742	702
740	702
740	703
738	703
738	704
737	704
737	706
736	706
736	707
735	707
735	708
734	708
734	710
733	710
733	712
729	712
729	716
727	716
727	717
725	717
725	718
724	718
724	719
723	719
723	720
720	720
720	724
717	724
717	725
716	725
716	726
715	726
715	727
713	727
713	728
712	728
712	729
711	729
711	730
710	730
710	732
709	732
709	735
706	735
706	736
705	736
705	737
704	737
704	738
703	738
703	739
702	739
702	741
701	741
701	742
700	742
700	743
699	743
699	744
698	744
698	746
696	746
696	747
694	747
694	748
693	748
693	752
692	752
692	754
690	754
690	755
689	755
689	758
688	758
688	759
689	759
689	761
686	761
686	762
685	762
685	763
684	763
684	764
683	764
683	765
676	765
676	766
675	766
675	771
674	771
674	772
672	772
672	773
670	773
670	774
667	774
667	775
666	775
666	779
665	779
665	780
664	780
664	781
662	781
662	782
658	782
658	781
657	781
657	780
656	780
656	779
655	779
655	777
653	777
653	776
652	776
652	775
651	775
651	774
650	774
650	773
647	773
647	772
645	772
645	771
641	771
641	770
629	770
629	771
628	771
628	772
627	772
627	774
626	774
626	777
625	777
625	778
624	778
624	781
623	781
623	782
622	782
622	784
621	784
621	788
620	788
620	790
619	790
619	791
618	791
618	792
617	792
617	793
616	793
616	796
615	796
615	798
613	798
613	799
612	799
612	801
611	801
611	802
610	802
610	803
609	803
609	804
608	804
608	807
607	807
607	809
605	809
605	810
603	810
603	811
601	811
601	813
599	813
599	814
598	814
598	816
597	816
597	817
596	817
596	819
595	819
595	820
594	820
594	821
592	821
592	822
591	822
591	823
590	823
590	825
589	825
589	826
587	826
587	827
584	827
584	828
583	828
583	830
582	830
582	831
581	831
581	833
579	833
579	834
578	834
578	835
577	835
577	834
576	834
576	836
574	836
574	837
573	837
573	838
572	838
572	841
568	841
568	842
567	842
567	843
564	843
564	844
563	844
563	845
560	845
560	846
559	846
559	850
557	850
557	851
556	851
556	852
554	852
554	853
553	853
553	854
552	854
552	855
550	855
550	858
548	858
548	859
547	859
547	860
546	860
546	861
545	861
545	862
542	862
542	863
540	863
540	864
537	864
537	865
535	865
535	866
534	866
534	867
529	867
529	868
526	868
526	869
524	869
524	868
523	868
523	867
521	867
521	863
520	863
520	862
518	862
518	860
516	860
516	855
514	855
514	854
513	854
513	855
512	855
512	854
498	854
498	855
497	855
497	856
496	856
496	857
497	857
497	858
496	858
496	862
495	862
495	863
494	863
494	864
493	864
493	866
492	866
492	867
491	867
491	871
490	871
490	872
487	872
487	873
486	873
486	875
485	875
485	878
484	878
484	880
482	880
482	881
480	881
480	882
479	882
479	885
478	885
478	887
476	887
476	888
474	888
474	889
475	889
475	890
470	890
470	893
469	893
469	894
468	894
468	895
467	895
467	896
466	896
466	897
465	897
465	898
464	898
464	899
461	899
461	900
460	900
460	901
459	901
459	903
457	903
457	904
456	904
456	905
454	905
454	906
453	906
453	908
449	908
449	909
447	909
447	910
446	910
446	911
445	911
445	912
443	912
443	913
442	913
442	915
440	915
440	916
439	916
439	917
434	917
434	920
433	920
433	921
428	921
428	923
427	923
427	922
426	922
426	923
425	923
425	925
417	925
417	926
416	926
416	927
411	927
411	928
409	928
409	927
408	927
408	926
405	926
405	925
404	925
404	924
403	924
403	923
402	923
402	921
400	921
400	920
399	920
399	916
398	916
398	917
396	917
396	916
395	916
395	915
394	915
394	912
392	912
392	911
391	911
391	908
389	908
389	907
376	907
376	908
375	908
375	912
372	912
372	913
371	913
371	921
368	921
368	924
367	924
367	926
363	926
363	927
362	927
362	932
360	932
360	933
359	933
359	934
358	934
358	935
354	935
354	937
353	937
353	939
352	939
352	941
351	941
351	942
350	942
350	943
348	943
348	944
345	944
345	945
344	945
344	947
343	947
343	948
342	948
342	949
339	949
339	950
336	950
336	952
335	952
335	953
334	953
334	954
333	954
333	955
332	955
332	956
330	956
330	957
326	957
326	958
325	958
325	959
323	959
323	960
322	960
322	961
319	961
319	962
315	962
315	963
314	963
314	964
313	964
313	965
312	965
312	966
311	966
311	967
310	967
310	968
304	968
304	969
302	969
302	970
297	970
297	972
296	972
296	973
294	973
294	974
291	974
291	973
290	973
290	974
288	974
288	975
280	975
280	976
268	976
268	975
266	975
266	971
265	971
265	970
264	970
264	969
263	969
263	966
261	966
261	965
260	965
260	962
257	962
257	960
256	960
256	959
255	959
255	958
240	958
240	959
238	959
238	961
236	961
236	962
233	962
233	963
232	963
232	964
231	964
231	965
230	965
230	964
229	964
229	966
228	966
228	967
224	967
224	968
222	968
222	969
218	969
218	970
213	970
213	969
212	969
212	970
210	970
210	971
201	971
201	972
195	972
195	973
189	973
189	974
180	974
180	975
175	975
175	976
132	976
132	975
131	975
131	974
127	974
127	973
124	973
124	972
122	972
122	971
116	971
116	970
114	970
114	969
113	969
113	968
112	968
112	966
111	966
111	953
110	953
110	944
109	944
109	943
110	943
110	937
111	937
111	927
112	927
112	922
113	922
113	921
114	921
114	918
115	918
115	914
116	914
116	911
117	911
117	909
118	909
118	905
119	905
119	904
120	904
120	901
121	901
121	900
122	900
122	895
123	895
123	892
124	892
124	890
123	890
123	888
124	888
124	885
125	885
125	883
126	883
126	881
127	881
127	879
128	879
128	877
129	877
129	874
131	874
131	868
132	868
132	866
133	866
133	864
134	864
134	856
136	856
136	855
137	855
137	850
138	850
138	847
140	847
140	844
141	844
141	841
142	841
142	840
143	840
143	839
144	839
144	837
145	837
145	833
146	833
146	832
147	832
147	831
148	831
148	830
149	830
149	829
150	829
150	826
151	826
151	824
152	824
152	823
154	823
154	822
155	822
155	821
156	821
156	820
158	820
158	817
159	817
159	816
160	816
160	815
163	815
163	812
167	812
167	810
168	810
168	809
169	809
169	807
172	807
172	806
173	806
173	804
174	804
174	791
172	791
172	790
171	790
171	789
169	789
169	788
167	788
167	787
162	787
162	784
160	784
160	783
156	783
156	780
155	780
155	779
153	779
153	778
152	778
152	777
151	777
151	776
150	776
150	775
149	775
149	774
148	774
148	773
147	773
147	772
145	772
145	771
144	771
144	770
142	770
142	769
141	769
141	766
140	766
140	765
141	765
141	761
142	761
142	749
143	749
143	748
144	748
144	744
146	744
146	740
148	740
148	739
149	739
149	736
150	736
150	734
151	734
151	733
150	733
150	732
151	732
151	731
152	731
152	730
153	730
153	729
154	729
154	727
155	727
155	726
156	726
156	725
158	725
158	723
159	723
159	721
160	721
160	720
162	720
162	719
163	719
163	718
164	718
164	715
166	715
166	714
168	714
168	710
170	710
170	709
171	709
171	708
172	708
172	707
174	707
174	706
175	706
175	705
176	705
176	704
177	704
177	703
178	703
178	701
181	701
181	700
182	700
182	697
183	697
183	696
187	696
187	695
188	695
188	692
190	692
190	691
192	691
192	689
193	689
193	688
194	688
194	685
195	685
195	684
196	684
196	683
198	683
198	682
199	682
199	680
200	680
200	679
201	679
201	678
203	678
203	676
205	676
205	675
206	675
206	674
207	674
207	670
209	670
209	669
212	669
212	668
214	668
214	667
213	667
213	666
214	666
214	663
216	663
216	662
218	662
218	661
221	661
221	660
223	660
223	659
222	659
222	658
223	658
223	655
226	655
226	654
227	654
227	653
229	653
229	652
230	652
230	651
231	651
231	650
232	650
232	648
235	648
235	647
237	647
237	646
239	646
239	645
240	645
240	644
242	644
242	642
245	642
245	641
247	641
247	640
250	640
250	639
253	639
253	638
255	638
255	636
265	636
265	635
266	635
266	621
265	621
265	620
263	620
263	618
260	618
260	617
257	617
257	615
256	615
256	614
255	614
255	613
239	613
239	601
237	601
237	599
238	599
238	598
236	598
236	597
235	597
235	595
234	595
234	594
233	594
233	593
232	593
232	591
231	591
231	590
230	590
230	586
231	586
231	581
232	581
232	580
233	580
233	579
234	579
234	570
238	570
238	568
239	568
239	566
240	566
240	564
241	564
241	563
242	563
242	562
243	562
243	561
247	561
247	559
248	559
248	557
247	557
247	556
248	556
248	555
249	555
249	554
251	554
251	552
256	552
256	550
257	550
257	547
258	547
258	546
259	546
259	544
263	544
263	543
265	543
265	540
266	540
266	539
268	539
268	538
271	538
271	537
272	537
272	536
273	536
273	535
275	535
275	531
277	531
277	530
280	530
280	529
281	529
281	528
282	528
282	527
285	527
285	526
287	526
287	525
288	525
288	524
289	524
289	523
295	523
295	521
296	521
296	520
297	520
297	518
301	518
301	517
302	517
302	518
303	518
303	515
304	515
304	514
309	514
309	513
311	513
311	511
313	511
313	510
315	510
315	509
317	509
317	510
318	510
318	509
320	509
320	508
322	508
322	507
328	507
328	503
335	503
335	502
336	502
336	501
338	501
338	500
340	500
340	499
342	499
342	498
344	498
344	499
345	499
345	498
346	498
346	496
348	496
348	495
349	495
349	494
351	494
351	495
352	495
352	494
354	494
354	493
355	493
355	492
356	492
356	491
358	491
358	490
365	490
365	488
373	488
373	487
378	487
378	486
379	486
379	473
378	473
378	471
376	471
376	470
373	470
373	468
371	468
371	467
369	467
369	466
368	466
368	465
366	465
366	463
364	463
364	462
363	462
363	461
360	461
360	460
359	460
359	459
358	459
358	457
357	457
357	455
355	455
355	453
353	453
353	452
350	452
350	451
349	451
349	449
347	449
347	448
346	448
346	434
347	434
347	433
348	433
348	431
349	431
349	429
350	429
350	428
351	428
351	424
352	424
352	423
354	423
354	422
355	422
355	420
357	420
357	418
359	418
359	417
360	417
360	416
361	416
361	414
362	414
362	413
363	413
363	412
364	412
364	410
368	410
368	409
372	409
372	408
373	408
373	407
374	407
374	406
375	406
375	405
376	405
376	404
378	404
378	403
379	403
379	401
384	401
384	400
386	400
386	398
389	398
389	397
391	397
391	396
394	396
394	395
396	395
396	394
397	394
397	392
398	392
398	391
403	391
403	390
405	390
405	389
406	389
406	388
407	388
407	386
409	386
409	385
414	385
414	384
418	384
418	383
420	383
420	382
421	382
421	378
429	378
429	377
432	377
432	376
435	376
435	375
436	375
436	374
438	374
438	373
444	373
444	370
445	370
445	371
446	371
446	368
447	368
447	367
453	367
453	366
452	366
452	365
454	365
454	364
455	364
455	363
456	363
456	362
461	362
461	361
462	361
462	360
464	360
464	359
465	359
465	358
466	358
466	357
467	357
467	356
470	356
470	355
471	355
471	354
472	354
472	353
474	353
474	352
478	352
478	351
479	351
479	350
480	350
480	347
489	347
489	346
492	346
492	345
494	345
494	343
499	343
499	342
501	342
501	340
506	340
506	339
507	339
507	338
508	338
508	337
514	337
514	336
516	336
516	334
517	334
517	333
518	333
518	334
520	334
520	333
523	333
523	332
526	332
526	331
527	331
527	330
537	330
537	329
542	329
542	326
558	326
558	325
559	325
559	313
558	313
558	311
557	311
557	309
556	309
556	307
555	307
555	306
554	306
554	304
553	304
553	302
552	302
552	300
551	300
551	299
549	299
549	295
548	295
548	294
547	294
547	293
546	293
546	290
545	290
545	289
544	289
544	287
543	287
543	286
542	286
542	283
541	283
541	282
540	282
540	280
539	280
539	278
538	278
538	276
537	276
537	275
536	275
536	268
537	268
537	267
539	267
539	266
542	266
542	265
543	265
543	262
544	262
544	260
545	260
545	259
549	259
549	258
558	258
558	257
560	257
560	253
572	253
572	252
575	252
575	251
576	251
576	250
585	250
585	249
587	249
587	248
589	248
589	247
592	247
592	246
595	246
595	245
597	245
597	244
602	244
602	243
603	243
603	242
605	242
605	241
607	241
607	240
614	240
614	239
616	239
616	238
618	238
618	239
619	239
619	238
621	238
621	237
622	237
622	235
630	235
630	234
632	234
632	233
634	233
634	232
635	232
635	231
637	231
637	230
639	230
639	231
640	231
640	229
645	229
645	228
646	228
646	227
647	227
647	226
653	226
653	225
656	225
656	224
659	224
659	221
668	221
668	219
671	219
671	218
674	218
674	217
676	217
676	216
677	216
677	213
692	213
692	212
694	212
694	210
701	210
701	209
702	209
702	208
703	208
703	207
707	207
707	206
710	206
710	205
711	205
711	204
712	204
712	203
719	203
719	201
722	201
722	200
729	200
729	199
732	199
732	198
735	198
735	197
738	197
738	196
743	196
743	195
747	195
747	194
748	194
748	193
756	193
756	192
758	192
758	191
759	191
759	189
766	189
766	188
775	188
775	187
777	187
777	186
789	186
789	185
794	185
794	184
799	184
799	183
805	183
805	182
807	182
807	180
808	180
808	181
809	181
809	182
825	182
825	181
826	181
826	167
825	167
825	166
824	166
824	164
823	164
823	162
822	162
822	160
821	160
821	158
820	158
820	155
818	155
818	154
817	154
817	152
816	152
816	148
813	148
813	147
811	147
811	135
812	135
812	134
815	134
815	133
819	133
819	132
820	132
820	130
828	130
828	129
829	129
829	127
832	127
832	128
855	128
855	127
856	127
856	125
858	125
858	126
861	126
861	127
863	127
863	126
882	126
882	125
889	125
889	124
906	124
906	123
908	123
908	122
909	122
909	121
922	121
922	120
924	120
924	119
934	119
934	118
944	118
944	117
949	117
949	116
953	116
953	115
964	115
964	114
972	114
972	113
975	113
975	112
984	112
984	111
987	111
987	109
990	109
990	108
991	108
991	109
1010	109
1010	108
1016	108
1016	107
1029	107
1029	108
1044	108
1044	107
1050	107
1050	108
1052	108
1052	107
1056	107
1056	108
1057	108
1057	109
1058	109
1058	110
1059	110
1059	111
1060	111
1060	112
1066	112
1066	113
1068	113
1068	114
1074	114
1074	115
1075	115
1075	116
1078	116
1078	117
1086	117
1086	118
1088	118
1088	119
1091	119
1091	120
1093	120
1093	121
1095	121
1095	122
1096	122
1096	123
1103	123
1103	124
1104	124
1104	125
1120	125
1120	124
1122	124
1122	123
1124	123
1124	124
1127	124
1127	125
1141	125
1141	124
1148	124
1148	123
1154	123
1154	120
1155	120
1155	119
1156	119
1156	118
1159	118
1159	117
1163	117
1163	118
1168	118
1168	117
1173	117
1173	118
1176	118
1176	117
1178	117
1178	116
1181	116
1181	115
1185	115
1185	114
1187	114
1187	113
1191	113
1191	111
1192	111
1192	110
1193	110
1193	109
1195	109
1195	108
1197	108
1197	109
1200	109
1200	108
1204	108
1204	107
1206	107
1206	106
1208	106
1208	105
1215	105
1215	104
1218	104
1218	103
1222	103
1222	102
1228	102
1228	101
1230	101
1230	100
1240	100
1240	99
1245	99
1245	98
1248	98
1248	99
1258	99
1258	98
1260	98
1260	97
1301	97
1301	98
1304	98
1304	99
1305	99
1305	98
1312	98
1312	99
1314	99
1314	100
1319	100
1319	101
1339	101
1339	103
1340	103
1340	104
1344	104
1344	105
1352	105
1352	106
1365	106
1365	108
1371	108
1371	109
1376	109
1376	108
1378	108
1378	109
1382	109
1382	108
1384	108
1384	107
1385	107
1385	110
1388	110
1388	111
1411	111
1411	112
1412	112
1412	113
1416	113
1416	114
1418	114
1418	113
1420	113
1420	114
1440	114
1440	115
1453	115
1453	114
1457	114
1457	113
1461	113
1461	112
1463	112
1463	113
1464	113
1464	112
1485	112
1485	113
1486	113
1486	112
1488	112
1488	113
1490	113
1490	114
1504	114
1504	115
1506	115
1506	116
1512	116
1512	117
1513	117
1513	118
1517	118
1517	119
1520	119
1520	121
1523	121
1523	122
1524	122
1524	130
1523	130
1523	131
1521	131
1521	134
1520	134
1520	136
1519	136
1519	139
1518	139
1518	140
1517	140
1517	142
1516	142
1516	146
1515	146
1515	148
1514	148
1514	150
1513	150
1513	153
1512	153
1512	155
1511	155
1511	156
1510	156
1510	169
1526	169
1526	168
1545	168
1545	169
1546	169
1546	170
1560	170
1560	171
1561	171
1561	172
1565	172
1565	173
1574	173
1574	175
1576	175
1576	176
1579	176
1579	177
1587	177
1587	178
1592	178
1592	179
1593	179
1593	180
1594	180
1594	181
1596	181
1596	182
1605	182
1605	184
1607	184
1607	185
1609	185
1609	186
1615	186
1615	187
1616	187
1616	188
1619	188
1619	189
1625	189
1625	190
1627	190
1627	191
1629	191
1629	192
1631	192
1631	193
1634	193
1634	194
1635	194
1635	195
1642	195
1642	196
1645	196
1645	197
1647	197
1647	198
1648	198
1648	199
1654	199
1654	200
1656	200
1656	201
1660	201
1660	202
1662	202
1662	203
1666	203
1666	204
1667	204
1667	205
1668	205
1668	206
1674	206
1674	207
1684	207
1684	209
1685	209
1685	210
1688	210
1688	211
1693	211
1693	212
1695	212
1695	213
1698	213
1698	214
1699	214
1699	213
1701	213
1701	214
1702	214
1702	215
1704	215
1704	216
1707	216
1707	217
1709	217
1709	218
1711	218
1711	219
1712	219
1712	221
1715	221
1715	222
1719	222
1719	223
1721	223
1721	224
1723	224
1723	225
1724	225
1724	226
1725	226
1725	228
1726	228
1726	227
1727	227
1727	228
1729	228
1729	229
1730	229
1730	230
1732	230
1732	231
1734	231
1734	232
1735	232
1735	234
1736	234
1736	235
1737	235
1737	237
1738	237
1738	238
1739	238
1739	239
1742	239
1742	240
1743	240
1743	244
1744	244
1744	245
1745	245
1745	249
1744	249
1744	250
1742	250
1742	251
1740	251
1740	252
1739	252
1739	253
1738	253
1738	254
1737	254
1737	255
1736	255
1736	257
1734	257
1734	259
1733	259
1733	260
1732	260
1732	261
1730	261
1730	263
1729	263
1729	265
1727	265
1727	268
1724	268
1724	269
1723	269
1723	270
1722	270
1722	271
1721	271
1721	272
1720	272
1720	273
1718	273
1718	274
1717	274
1717	275
1716	275
1716	277
1715	277
1715	278
1713	278
1713	279
1712	279
1712	280
1710	280
1710	281
1709	281
1709	282
1707	282
1707	283
1703	283
1703	297
1713	297
1713	298
1715	298
1715	299
1722	299
1722	300
1723	300
1723	301
1729	301
1729	302
1732	302
1732	303
1734	303
1734	304
1740	304
1740	305
1742	305
1742	307
1751	307
1751	309
1752	309
1752	310
1755	310
1755	311
1759	311
1759	312
1760	312
1760	313
1761	313
1761	314
1765	314
1765	315
1768	315
1768	316
1773	316
1773	317
1774	317
1774	319
1775	319
1775	320
1781	320
1781	321
1786	321
1786	322
1787	322
1787	323
1788	323
1788	325
1790	325
1790	326
1791	326
1791	327
1792	327
1792	328
1793	328
1793	329
1797	329
1797	330
1798	330
1798	331
1801	331
1801	332
1802	332
1802	333
1803	333
1803	334
1806	334
1806	335
1808	335
1808	336
1809	336
1809	338
1817	338
1817	339
1819	339
1819	340
1818	340
1818	343
1820	343
1820	344
1823	344
1823	346
1826	346
1826	347
1828	347
1828	348
1829	348
1829	349
1830	349
1830	350
1832	350
1832	351
1835	351
1835	352
1837	352
1837	355
1838	355
1838	356
1840	356
1840	355
1843	355
1843	356
1845	356
1845	358
1847	358
1847	359
1850	359
1850	360
1851	360
1851	361
1852	361
1852	360
1853	360
1853	361
1855	361
1855	364
1858	364
1858	365
1861	365
1861	366
1864	366
1864	367
1865	367
1865	369
1867	369
1867	370
1871	370
1871	371
1872	371
1872	372
1873	372
1873	373
1876	373
1876	374
1883	374
1883	375
1884	375
1884	376
1885	376
1885	377
1886	377
1886	378
1889	378
1889	379
1890	379
1890	380
1891	380
1891	382
1895	382
1895	383
1897	383
1897	384
1899	384
1899	385
1900	385
1900	386
1901	386
1901	387
1903	387
1903	388
1904	388
1904	389
1906	389
1906	390
1905	390
1905	391
1908	391
1908	392
1912	392
1912	395
1913	395
1913	396
1914	396
1914	398
1915	398
1915	399
1917	399
1917	402
1918	402
1918	403
1920	403
1920	405
1921	405
1921	406
1923	406
1923	408
1924	408
1924	412
1925	412
1925	413
1926	413
1926	417
1925	417
1925	418
1923	418
1923	419
1921	419
1921	422
1918	422
1918	423
1917	423
1917	425
1916	425
1916	426
1915	426
1915	429
1913	429
1913	430
1912	430
1912	431
1910	431
1910	433
1909	433
1909	434
1908	434
1908	435
1906	435
1906	436
1905	436
1905	437
1904	437
1904	438
1903	438
1903	440
1902	440
1902	441
1899	441
1899	455
1901	455
1901	456
1902	456
1902	455
1908	455
1908	456
1911	456
1911	457
1915	457
1915	458
1923	458
1923	459
1924	459
1924	460
1925	460
1925	461
1926	461
1926	462
1927	462
1927	463
1933	463
1933	464
1934	464
1934	465
1935	465
1935	466
1939	466
1939	467
1942	467
1942	469
1943	469
1943	470
1944	470
1944	471
1945	471
1945	472
1952	472
1952	473
1953	473
1953	474
1954	474
1954	475
1955	475
1955	476
1956	476
1956	477
1957	477
1957	478
1960	478
1960	479
1961	479
1961	480
1962	480
1962	481
1963	481
1963	482
1964	482
1964	483
1965	483
1965	484
1967	484
1967	485
1969	485
1969	486
1970	486
1970	488
1971	488
1971	489
1972	489
1972	490
1973	490
1973	489
1974	489
1974	490
1975	490
1975	491
1977	491
1977	492
1979	492
1979	494
1980	494
1980	496
1983	496
1983	499
1985	499
1985	500
1987	500
1987	501
1989	501
1989	502
1992	502
1992	504
1993	504
1993	505
1994	505
1994	506
1995	506
1995	507
1997	507
1997	508
1998	508
1998	509
2000	509
2000	510
2001	510
2001	511
2002	511
2002	512
2004	512
2004	513
2005	513
2005	514
2006	514
2006	515
2007	515
2007	516
2008	516
2008	517
2011	517
2011	518
2013	518
2013	519
2014	519
2014	522
2016	522
2016	525
2019	525
2019	526
2021	526
2021	527
2022	527
2022	528
2023	528
2023	529
2024	529
2024	530
2025	530
2025	531
2024	531
2024	532
2025	532
2025	534
2028	534
2028	535
2029	535
2029	536
2030	536
2030	537
2032	537
2032	541
2033	541
2033	543
2034	543
2034	544
2035	544
2035	546
2036	546
2036	549
2037	549
2037	550
2038	550
2038	551
2039	551
2039	552
2040	552
2040	561
2041	561
2041	562
2042	562
2042	567
2043	567
2043	569
2042	569
2042	573
2041	573
2041	574
2040	574
2040	575
2039	575
2039	577
2037	577
2037	578
2036	578
2036	580
2034	580
2034	581
2033	581
2033	583
2032	583
2032	584
2031	584
2031	585
2030	585
2030	586
2027	586
2027	587
2025	587
2025	590
2024	590
2024	591
2023	591
2023	592
2021	592
2021	593
2020	593
2020	594
2019	594
2019	595
2016	595
2016	596
2015	596
2015	612
2016	612
2016	614
2017	614
2017	615
2023	615
2023	616
2027	616
2027	617
2028	617
2028	618
2030	618
2030	619
2033	619
2033	620
2034	620
2034	619
2035	619
2035	620
2036	620
2036	621
2037	621
2037	622
2038	622
2038	623
2040	623
2040	624
2044	624
2044	627
2046	627
2046	628
2048	628
2048	629
2049	629
2049	630
2051	630
2051	633
2056	633
2056	634
2057	634
2057	636
2058	636
2058	637
2059	637
2059	638
2060	638
2060	641
2062	641
2062	642
2065	642
2065	643
2067	643
2067	644
2068	644
2068	645
2069	645
2069	650
2072	650
2072	651
2073	651
2073	652
2074	652
2074	653
2075	653
2075	654
2076	654
2076	655
2077	655
2077	656
2078	656
2078	659
2079	659
2079	660
2080	660
2080	661
2082	661
2082	664
2083	664
2083	665
2085	665
2085	667
2087	667
2087	670
2088	670
2088	672
2089	672
2089	673
2090	673
2090	674
2092	674
2092	677
2094	677
2094	678
2096	678
2096	679
2097	679
2097	681
2098	681
2098	682
2099	682
2099	683
2098	683
2098	684
2100	684
2100	686
2102	686
2102	687
2103	687
2103	688
2104	688
2104	689
2105	689
2105	694
2106	694
2106	695
2108	695
2108	696
2110	696
2110	698
2111	698
2111	701
2112	701
2112	702
2113	702
2113	704
2114	704
2114	707
2115	707
2115	708
2116	708
2116	710
2117	710
2117	713
2118	713
2118	714
2119	714
2119	715
2120	715
2120	720
2121	720
2121	730
2122	730
2122	732
2121	732
2121	735
2120	735
2120	736
2119	736
2119	737
2118	737
2118	738
2115	738
2115	739
2114	739
2114	741
2113	741
2113	742
2109	742
2109	743
2108	743
2108	744
2106	744
2106	745
2105	745
2105	746
2104	746
2104	747
2103	747
2103	748
2102	748
2102	749
2101	749
2101	750
2100	750
2100	751
2096	751
2096	752
2095	752
2095	754
2094	754
2094	767
2095	767
2095	769
2096	769
2096	771
2097	771
2097	772
2100	772
2100	773
2101	773
2101	775
2102	775
2102	776
2104	776
2104	777
2106	777
2106	778
2107	778
2107	781
2108	781
2108	784
2110	784
2110	785
2111	785
2111	786
2112	786
2112	787
2113	787
2113	790
2114	790
2114	793
2115	793
2115	795
2116	795
2116	796
2117	796
2117	799
2118	799
2118	801
2119	801
2119	802
2120	802
2120	807
2121	807
2121	811
2122	811
2122	812
2123	812
2123	813
2124	813
2124	816
2125	816
2125	817
2124	817
2124	818
2125	818
2125	820
2126	820
2126	823
2127	823
2127	829
2128	829
2128	833
2129	833
2129	835
2130	835
2130	836
2131	836
2131	841
2132	841
2132	847
2134	847
2134	851
2135	851
2135	856
2136	856
2136	869
2137	869
2137	872
2136	872
2136	881
2135	881
2135	890
2133	890
2133	891
2132	891
2132	893
2130	893
2130	894
2126	894
2126	895
2122	895
2122	896
2115	896
2115	897
2113	897
2113	896
2111	896
2111	897
2105	897
2105	896
2097	896
2097	895
2089	895
2089	894
2086	894
2086	893
2067	893
2067	892
2065	892
2065	891
2061	891
2061	890
2048	890
2048	889
2046	889
2046	888
2044	888
2044	887
2038	887
2038	886
2037	886
2037	885
2028	885
2028	884
2025	884
2025	882
2024	882
2024	883
2020	883
2020	882
2016	882
2016	881
2012	881
2012	880
2011	880
2011	879
2009	879
2009	878
2006	878
2006	877
2004	877
2004	876
2003	876
2003	875
2002	875
2002	874
2000	874
2000	873
1998	873
1998	872
1996	872
1996	871
1995	871
1995	869
1993	869
1993	868
1979	868
1979	869
1978	869
1978	872
1977	872
1977	873
1976	873
1976	877
1975	877
1975	881
1972	881
1972	882
1971	882
1971	887
1970	887
1970	891
1971	891
1971	892
1970	892
1970	893
1969	893
1969	895
1968	895
1968	896
1944	896
1944	895
1937	895
1937	894
1936	894
1936	893
1931	893
1931	892
1928	892
1928	891
1927	891
1927	890
1921	890
1921	889
1920	889
1920	888
1919	888
1919	887
1915	887
1915	886
1912	886
1912	885
1911	885
1911	884
1910	884
1910	882
1908	882
1908	881
1902	881
1902	880
1901	880
1901	879
1900	879
1900	878
1899	878
1899	877
1897	877
1897	876
1895	876
1895	875
1894	875
1894	874
1892	874
1892	873
1890	873
1890	872
1887	872
1887	871
1884	871
1884	870
1883	870
1883	868
1879	868
1879	867
1878	867
1878	866
1874	866
1874	864
1872	864
1872	863
1870	863
1870	862
1867	862
1867	860
1865	860
1865	858
1863	858
1863	857
1862	857
1862	856
1860	856
1860	855
1859	855
1859	854
1858	854
1858	853
1856	853
1856	852
1855	852
1855	851
1853	851
1853	850
1851	850
1851	849
1850	849
1850	848
1849	848
1849	846
1848	846
1848	845
1847	845
1847	844
1846	844
1846	843
1845	843
1845	842
1844	842
1844	841
1843	841
1843	840
1842	840
1842	839
1841	839
1841	838
1839	838
1839	835
1838	835
1838	833
1837	833
1837	831
1836	831
1836	829
1835	829
1835	828
1834	828
1834	826
1833	826
1833	823
1832	823
1832	822
1830	822
1830	821
1829	821
1829	822
1818	822
1818	823
1816	823
1816	825
1814	825
1814	827
1813	827
1813	828
1810	828
1810	830
1809	830
1809	833
1807	833
1807	834
1805	834
1805	835
1804	835
1804	836
1803	836
1803	837
1801	837
1801	840
1800	840
1800	841
1799	841
1799	842
1798	842
1798	844
1797	844
1797	845
1796	845
1796	846
1794	846
1794	845
1793	845
1793	846
1790	846
1790	845
1787	845
1787	844
1784	844
1784	843
1782	843
1782	842
1778	842
1778	841
1775	841
1775	839
1773	839
1773	838
1772	838
1772	836
1770	836
1770	835
1767	835
1767	834
1766	834
1766	833
1763	833
1763	832
1762	832
1762	831
1761	831
1761	830
1759	830
1759	829
1758	829
1758	827
1757	827
1757	826
1755	826
1755	825
1754	825
1754	823
1752	823
1752	822
1749	822
1749	819
1748	819
1748	818
1746	818
1746	817
1744	817
1744	816
1742	816
1742	815
1741	815
1741	814
1740	814
1740	811
1739	811
1739	810
1736	810
1736	809
1734	809
1734	808
1733	808
1733	807
1732	807
1732	805
1731	805
1731	804
1729	804
1729	803
1727	803
1727	801
1726	801
1726	800
1724	800
1724	799
1723	799
1723	797
1722	797
1722	796
1719	796
1719	795
1718	795
1718	794
1717	794
1717	792
1716	792
1716	791
1713	791
1713	789
1712	789
1712	787
1711	787
1711	786
1710	786
1710	785
1706	785
1706	782
1705	782
1705	780
1704	780
1704	774
1699	774
1699	773
1698	773
1698	771
1697	771
1697	770
1696	770
1696	767
1695	767
1695	765
1694	765
1694	764
1693	764
1693	761
1692	761
1692	760
1691	760
1691	755
1690	755
1690	752
1689	752
1689	751
1688	751
1688	750
1675	750
1675	752
1674	752
1674	753
1671	753
1671	754
1670	754
1670	755
1669	755
1669	756
1667	756
1667	757
1666	757
1666	758
1665	758
1665	759
1664	759
1664	760
1662	760
1662	761
1661	761
1661	762
1660	762
1660	763
1659	763
1659	764
1658	764
1658	765
1652	765
1652	764
1649	764
1649	763
1647	763
1647	762
1645	762
1645	761
1644	761
1644	760
1643	760
1643	759
1642	759
1642	757
1641	757
1641	756
1637	756
1637	755
1634	755
1634	754
1633	754
1633	753
1632	753
1632	751
1631	751
1631	750
1630	750
1630	749
1629	749
1629	750
1628	750
1628	749
1627	749
1627	748
1626	748
1626	747
1624	747
1624	746
1623	746
1623	745
1622	745
1622	744
1621	744
1621	742
1619	742
1619	741
1618	741
1618	740
1616	740
1616	738
1615	738
1615	735
1614	735
1614	734
1611	734
1611	733
1608	733
1608	731
1607	731
1607	728
1606	728
1606	725
1605	725
1605	724
1604	724
1604	723
1603	723
1603	722
1602	722
1602	721
1601	721
1601	720
1600	720
1600	718
1599	718
1599	716
1597	716
1597	713
1596	713
1596	714
1594	714
1594	711
1592	711
1592	710
1591	710
1591	709
1589	709
1589	707
1588	707
1588	703
1586	703
1586	702
1585	702
1585	701
1584	701
1584	700
1583	700
1583	699
1582	699
1582	697
1581	697
1581	696
1580	696
1580	694
1579	694
1579	693
1578	693
1578	692
1577	692
1577	691
1575	691
1575	689
1574	689
1574	688
1573	688
1573	685
1572	685
1572	684
1571	684
1571	682
1570	682
1570	676
1567	676
1567	675
1565	675
1565	670
1564	670
1564	668
1563	668
1563	667
1562	667
1562	666
1561	666
1561	658
1557	658
1557	649
1543	649
1543	650
1542	650
1542	651
1540	651
1540	652
1539	652
1539	653
1537	653
1537	654
1536	654
1536	655
1534	655
1534	656
1533	656
1533	657
1532	657
1532	658
1530	658
1530	659
1529	659
1529	660
1528	660
1528	662
1526	662
1526	663
1525	663
1525	664
1523	664
1523	665
1522	665
1522	664
1518	664
1518	662
1516	662
1516	660
1512	660
1512	659
1511	659
1511	657
1510	657
1510	656
1508	656
1508	655
1506	655
1506	654
1505	654
1505	653
1504	653
1504	652
1503	652
1503	650
1501	650
1501	649
1500	649
1500	647
1499	647
1499	644
1496	644
1496	640
1495	640
1495	637
1493	637
1493	636
1492	636
1492	634
1491	634
1491	631
1490	631
1490	629
1489	629
1489	627
1488	627
1488	626
1487	626
1487	625
1486	625
1486	623
1485	623
1485	621
1484	621
1484	618
1483	618
1483	615
1482	615
1482	613
1480	613
1480	612
1479	612
1479	610
1478	610
1478	607
1477	607
1477	606
1476	606
1476	605
1475	605
1475	603
1474	603
1474	601
1473	601
1473	600
1472	600
1472	596
1471	596
1471	595
1468	595
1468	591
1467	591
1467	590
1466	590
1466	589
1465	589
1465	588
1464	588
1464	587
1463	587
1463	586
1462	586
1462	584
1461	584
1461	582
1460	582
1460	581
1458	581
1458	579
1457	579
1457	576
1456	576
1456	575
1455	575
1455	573
1454	573
1454	569
1452	569
1452	568
1449	568
1449	566
1448	566
1448	565
1447	565
1447	563
1446	563
1446	561
1445	561
1445	560
1442	560
1442	555
1441	555
1441	554
1440	554
1440	552
1439	552
1439	551
1438	551
1438	550
1437	550
1437	549
1436	549
1436	542
1434	542
1434	541
1432	541
1432	540
1431	540
1431	539
1430	539
1430	536
1431	536
1431	535
1430	535
1430	533
1428	533
1428	529
1427	529
1427	524
1426	524
1426	523
1424	523
1424	520
1411	520
1411	521
1409	521
1409	522
1408	522
1408	523
1407	523
1407	527
1406	527
1406	528
1405	528
1405	530
1404	530
1404	532
1403	532
1403	531
1402	531
1402	533
1399	533
1399	540
1398	540
1398	541
1393	541
1393	539
1392	539
1392	538
1391	538
1391	537
1375	537
1375	552
1376	552
1376	553
1377	553
1377	554
1378	554
1378	559
1379	559
1379	560
1380	560
1380	561
1382	561
1382	568
1384	568
1384	569
1385	569
1385	575
1386	575
1386	579
1388	579
1388	581
1389	581
1389	582
1390	582
1390	587
1391	587
1391	588
1392	588
1392	589
1393	589
1393	590
1394	590
1394	592
1395	592
1395	597
1396	597
1396	598
1397	598
1397	599
1398	599
1398	601
1399	601
1399	602
1401	602
1401	603
1402	603
1402	604
1403	604
1403	609
1404	609
1404	610
1405	610
1405	611
1406	611
1406	614
1407	614
1407	615
1409	615
1409	616
1410	616
1410	620
1411	620
1411	621
1412	621
1412	622
1413	622
1413	623
1414	623
1414	624
1416	624
1416	626
1417	626
1417	627
1418	627
1418	630
1419	630
1419	632
1420	632
1420	633
1422	633
1422	635
1423	635
1423	637
1424	637
1424	638
1425	638
1425	642
1426	642
1426	643
1427	643
1427	644
1428	644
1428	646
1429	646
1429	647
1430	647
1430	648
1431	648
1431	650
1432	650
1432	651
1433	651
1433	652
1434	652
1434	656
1435	656
1435	659
1437	659
1437	660
1438	660
1438	661
1440	661
1440	662
1441	662
1441	668
1443	668
1443	669
1444	669
1444	671
1445	671
1445	673
1446	673
1446	674
1447	674
1447	675
1448	675
1448	678
1449	678
1449	680
1450	680
1450	682
1452	682
1452	687
1453	687
1453	688
1454	688
1454	692
1456	692
1456	694
1457	694
1457	700
1456	700
1456	701
1457	701
1457	704
1456	704
1456	705
1455	705
1455	706
1453	706
1453	707
1448	707
1448	708
1439	708
1439	709
1436	709
1436	710
1434	710
1434	711
1428	711
1428	712
1425	712
1425	713
1416	713
1416	714
1413	714
1413	715
1412	715
1412	729
1413	729
1413	730
1414	730
1414	731
1415	731
1415	732
1416	732
1416	734
1417	734
1417	735
1418	735
1418	736
1419	736
1419	737
1421	737
1421	738
1422	738
1422	740
1423	740
1423	742
1424	742
1424	743
1425	743
1425	745
1426	745
1426	748
1427	748
1427	749
1429	749
1429	750
1430	750
1430	751
1431	751
1431	752
1432	752
1432	753
1433	753
1433	754
1435	754
1435	759
1436	759
1436	764
1437	764
1437	765
1438	765
1438	766
1439	766
1439	768
1440	768
1440	772
1441	772
1441	773
1442	773
1442	775
1443	775
1443	780
1444	780
1444	784
1446	784
1446	785
1447	785
1447	786
1448	786
1448	791
1449	791
1449	792
1450	792
1450	793
1451	793
1451	794
1452	794
1452	795
1451	795
1451	798
1452	798
1452	802
1453	802
1453	803
1455	803
1455	805
1456	805
1456	807
1457	807
1457	810
1456	810
1456	811
1457	811
1457	812
1458	812
1458	813
1459	813
1459	818
1460	818
1460	820
1461	820
1461	826
1462	826
1462	827
1461	827
1461	828
1462	828
1462	829
1464	829
1464	831
1465	831
1465	833
1466	833
1466	835
1465	835
1465	836
1466	836
1466	839
1467	839
1467	841
1468	841
1468	842
1469	842
1469	845
1470	845
1470	847
1471	847
1471	848
1472	848
1472	853
1473	853
1473	854
1475	854
1475	855
1477	855
1477	863
1478	863
1478	866
1480	866
1480	868
1481	868
1481	871
1482	871
1482	873
1483	873
1483	875
1484	875
1484	876
1485	876
1485	878
1486	878
1486	883
1487	883
1487	884
1488	884
1488	891
1490	891
1490	892
1492	892
1492	896
1493	896
1493	897
1494	897
1494	898
1495	898
1495	900
1496	900
1496	904
1497	904
1497	908
1498	908
1498	909
1500	909
1500	910
1501	910
1501	912
1502	912
1502	917
1503	917
1503	920
1504	920
1504	922
1505	922
1505	924
1506	924
1506	928
1507	928
1507	930
1508	930
1508	934
1509	934
1509	942
1510	942
1510	947
1511	947
1511	954
1510	954
1510	955
1509	955
1509	956
1508	956
1508	957
1505	957
1505	958
1502	958
1502	959
1499	959
1499	960
1496	960
1496	961
1493	961
1493	962
1489	962
1489	963
1488	963
1488	964
1481	964
1481	965
1480	965
1480	966
1471	966
1471	967
1464	967
1464	968
1458	968
1458	969
1455	969
1455	982
1456	982
1456	984
1457	984
1457	986
1460	986
1460	987
1461	987
1461	989
1462	989
1462	990
1463	990
1463	992
1464	992
1464	993
1465	993
1465	994
1466	994
1466	995
1468	995
1468	996
1470	996
1470	999
1471	999
1471	1002
1472	1002
1472	1004
1473	1004
1473	1005
1474	1005
1474	1006
1475	1006
1475	1008
1476	1008
1476	1010
1477	1010
1477	1011
1478	1011
1478	1012
1479	1012
1479	1013
1480	1013
1480	1015
1479	1015
1479	1016
1480	1016
1480	1019
1481	1019
1481	1024
1482	1024
1482	1026
1483	1026
1483	1028
1484	1028
1484	1032
1485	1032
1485	1035
1486	1035
1486	1036
1487	1036
1487	1042
1488	1042
1488	1051
1489	1051
1489	1052
1490	1052
1490	1057
1491	1057
1491	1061
1492	1061
1492	1062
1493	1062
1493	1073
1494	1073
1494	1085
1495	1085
1495	1091
1496	1091
1496	1092
1497	1092
1497	1097
1498	1097
1498	1102
1499	1102
1499	1104
1500	1104
1500	1106
1501	1106
1501	1108
1502	1108
1502	1115
1503	1115
