1392	646
1398	646
1398	647
1400	647
1400	648
1401	648
1401	649
1402	649
1402	651
1405	651
1405	652
1406	652
1406	653
1407	653
1407	656
1410	656
1410	657
1412	657
1412	659
1411	659
1411	660
1416	660
1416	661
1417	661
1417	663
1419	663
1419	664
1421	664
1421	666
1422	666
1422	667
1425	667
1425	669
1426	669
1426	670
1427	670
1427	671
1428	671
1428	672
1429	672
1429	673
1430	673
1430	674
1432	674
1432	683
1433	683
1433	684
1434	684
1434	685
1435	685
1435	684
1437	684
1437	686
1438	686
1438	687
1441	687
1441	689
1442	689
1442	690
1446	690
1446	691
1447	691
1447	693
1449	693
1449	694
1451	694
1451	695
1452	695
1452	696
1453	696
1453	697
1457	697
1457	700
1462	700
1462	703
1464	703
1464	704
1466	704
1466	705
1467	705
1467	706
1468	706
1468	707
1470	707
1470	708
1472	708
1472	709
1473	709
1473	712
1480	712
1480	714
1479	714
1479	715
1478	715
1478	716
1477	716
1477	718
1473	718
1473	727
1478	727
1478	728
1480	728
1480	729
1481	729
1481	730
1482	730
1482	731
1483	731
1483	732
1487	732
1487	733
1488	733
1488	737
1493	737
1493	742
1497	742
1497	743
1499	743
1499	744
1500	744
1500	745
1501	745
1501	747
1502	747
1502	748
1503	748
1503	752
1504	752
1504	753
1508	753
1508	757
1509	757
1509	758
1513	758
1513	762
1514	762
1514	763
1516	763
1516	764
1517	764
1517	766
1516	766
1516	767
1515	767
1515	771
1516	771
1516	772
1515	772
1515	774
1516	774
1516	775
1517	775
1517	776
1518	776
1518	777
1519	777
1519	778
1523	778
1523	781
1525	781
1525	782
1526	782
1526	781
1528	781
1528	783
1531	783
1531	786
1532	786
1532	787
1533	787
1533	788
1534	788
1534	789
1536	789
1536	790
1537	790
1537	791
1538	791
1538	793
1542	793
1542	794
1543	794
1543	796
1544	796
1544	798
1546	798
1546	799
1548	799
1548	801
1549	801
1549	803
1550	803
1550	804
1551	804
1551	805
1552	805
1552	806
1554	806
1554	808
1556	808
1556	809
1557	809
1557	811
1556	811
1556	812
1552	812
1552	821
1553	821
1553	822
1554	822
1554	823
1555	823
1555	824
1561	824
1561	826
1562	826
1562	827
1563	827
1563	828
1564	828
1564	830
1566	830
1566	831
1569	831
1569	835
1570	835
1570	836
1571	836
1571	837
1574	837
1574	839
1576	839
1576	840
1577	840
1577	841
1578	841
1578	842
1579	842
1579	843
1580	843
1580	844
1581	844
1581	845
1582	845
1582	847
1584	847
1584	848
1585	848
1585	849
1586	849
1586	850
1587	850
1587	851
1588	851
1588	852
1589	852
1589	853
1590	853
1590	854
1592	854
1592	856
1593	856
1593	860
1594	860
1594	870
1596	870
1596	871
1597	871
1597	872
1598	872
1598	873
1599	873
1599	874
1600	874
1600	875
1603	875
1603	876
1604	876
1604	877
1605	877
1605	879
1606	879
1606	880
1608	880
1608	881
1609	881
1609	883
1610	883
1610	885
1612	885
1612	886
1614	886
1614	887
1615	887
1615	891
1617	891
1617	892
1619	892
1619	893
1620	893
1620	895
1622	895
1622	896
1623	896
1623	899
1624	899
1624	900
1627	900
1627	903
1628	903
1628	906
1620	906
1620	907
1619	907
1619	908
1620	908
1620	909
1619	909
1619	910
1620	910
1620	911
1619	911
1619	912
1620	912
1620	913
1619	913
1619	914
1620	914
1620	916
1622	916
1622	917
1624	917
1624	918
1625	918
1625	920
1629	920
1629	922
1630	922
1630	925
1635	925
1635	927
1640	927
1640	936
1642	936
1642	937
1644	937
1644	938
1645	938
1645	940
1647	940
1647	941
1649	941
1649	942
1650	942
1650	945
1653	945
1653	946
1655	946
1655	950
1658	950
1658	951
1659	951
1659	950
1660	950
1660	954
1661	954
1661	956
1668	956
1668	960
1669	960
1669	961
1670	961
1670	962
1671	962
1671	963
1676	963
1676	966
1679	966
1679	971
1680	971
1680	974
1675	974
1675	982
1676	982
1676	983
1677	983
1677	982
1678	982
1678	983
1679	983
1679	982
1680	982
1680	983
1681	983
1681	986
1682	986
1682	987
1683	987
1683	988
1685	988
1685	989
1686	989
1686	991
1688	991
1688	992
1689	992
1689	996
1690	996
1690	1001
1691	1001
1691	1002
1693	1002
1693	1003
1694	1003
1694	1004
1695	1004
1695	1005
1696	1005
1696	1006
1697	1006
1697	1007
1699	1007
1699	1008
1700	1008
1700	1009
1701	1009
1701	1012
1705	1012
1705	1013
1706	1013
1706	1016
1709	1016
1709	1017
1710	1017
1710	1019
1711	1019
1711	1021
1713	1021
1713	1022
1714	1022
1714	1023
1715	1023
1715	1024
1716	1024
1716	1026
1717	1026
1717	1027
1718	1027
1718	1028
1719	1028
1719	1029
1720	1029
1720	1030
1721	1030
1721	1031
1722	1031
1722	1032
1724	1032
1724	1034
1725	1034
1725	1037
1729	1037
1729	1040
1726	1040
1726	1052
1728	1052
1728	1053
1729	1053
1729	1055
1731	1055
1731	1056
1732	1056
1732	1057
1734	1057
1734	1059
1736	1059
1736	1060
1737	1060
1737	1062
1740	1062
1740	1064
1741	1064
1741	1067
1742	1067
1742	1068
1743	1068
1743	1069
1745	1069
1745	1070
1747	1070
1747	1072
1748	1072
1748	1073
1749	1073
1749	1074
1750	1074
1750	1075
1752	1075
1752	1077
1753	1077
1753	1078
1755	1078
1755	1079
1757	1079
1757	1082
1761	1082
1761	1084
1760	1084
1760	1085
1757	1085
1757	1086
1756	1086
1756	1090
1757	1090
1757	1095
1761	1095
1761	1097
1762	1097
1762	1099
1764	1099
1764	1100
1765	1100
1765	1101
1766	1101
1766	1103
1767	1103
1767	1104
1768	1104
1768	1105
1770	1105
1770	1106
1771	1106
1771	1108
1773	1108
1773	1109
1776	1109
1776	1110
1777	1110
1777	1117
1778	1117
1778	1118
1781	1118
1781	1120
1782	1120
1782	1123
1785	1123
1785	1125
1786	1125
1786	1127
1787	1127
1787	1128
1788	1128
1788	1129
1789	1129
1789	1130
1791	1130
1791	1131
1792	1131
1792	1133
1793	1133
1793	1134
1797	1134
1797	1136
1795	1136
1795	1137
1794	1137
1794	1144
1795	1144
1795	1146
1797	1146
1797	1148
1798	1148
1798	1149
1800	1149
1800	1151
1802	1151
1802	1153
1803	1153
1803	1154
1804	1154
1804	1155
1805	1155
1805	1156
1806	1156
1806	1157
1807	1157
1807	1158
1808	1158
1808	1159
1807	1159
1807	1160
1808	1160
1808	1163
1810	1163
1810	1164
1812	1164
1812	1167
1813	1167
1813	1168
1814	1168
1814	1169
1816	1169
1816	1170
1817	1170
1817	1172
1818	1172
1818	1175
1821	1175
1821	1176
1823	1176
1823	1179
1825	1179
1825	1180
1826	1180
1826	1181
1827	1181
1827	1182
1828	1182
1828	1184
1830	1184
1830	1185
1831	1185
1831	1187
1832	1187
1832	1189
1834	1189
1834	1190
1835	1190
1835	1192
1836	1192
1836	1194
1838	1194
1838	1199
1841	1199
1841	1200
1842	1200
1842	1201
1843	1201
1843	1204
1845	1204
1845	1206
1846	1206
1846	1207
1848	1207
1848	1209
1849	1209
1849	1210
1850	1210
1850	1211
1851	1211
1851	1212
1852	1212
1852	1213
1853	1213
1853	1215
1855	1215
1855	1216
1856	1216
1856	1217
1858	1217
1858	1219
1860	1219
1860	1220
1861	1220
1861	1221
1862	1221
1862	1223
1863	1223
1863	1224
1864	1224
1864	1225
1866	1225
1866	1227
1867	1227
1867	1230
1868	1230
1868	1231
1871	1231
1871	1232
1872	1232
1872	1233
1873	1233
1873	1234
1874	1234
1874	1235
1875	1235
1875	1236
1876	1236
1876	1237
1877	1237
1877	1238
1878	1238
1878	1239
1879	1239
1879	1240
1881	1240
1881	1242
1882	1242
1882	1243
1884	1243
1884	1246
1886	1246
1886	1247
1889	1247
1889	1250
1890	1250
1890	1251
1891	1251
1891	1252
1892	1252
1892	1253
1893	1253
1893	1254
1894	1254
1894	1255
1896	1255
1896	1256
1897	1256
1897	1258
1898	1258
1898	1260
1899	1260
1899	1261
1901	1261
1901	1263
1902	1263
1902	1262
1903	1262
1903	1263
1904	1263
1904	1265
1905	1265
1905	1266
1906	1266
1906	1267
1907	1267
1907	1268
1908	1268
1908	1269
1909	1269
1909	1270
1910	1270
1910	1271
1911	1271
1911	1272
1912	1272
1912	1274
1913	1274
1913	1275
1914	1275
1914	1276
1917	1276
1917	1277
1918	1277
1918	1279
1919	1279
1919	1281
1920	1281
1920	1282
1924	1282
1924	1285
1925	1285
1925	1286
1927	1286
1927	1290
1928	1290
1928	1291
1934	1291
1934	1297
1935	1297
1935	1298
1939	1298
1939	1302
1940	1302
1940	1304
1939	1304
1939	1305
1940	1305
1940	1306
1944	1306
1944	1307
1945	1307
1945	1308
1944	1308
1944	1309
1945	1309
1945	1311
1950	1311
1950	1316
1957	1316
1957	1321
1961	1321
1961	1325
1962	1325
1962	1326
1969	1326
1969	1327
1970	1327
1970	1331
1971	1331
1971	1332
1972	1332
1972	1333
1973	1333
1973	1334
1974	1334
1974	1335
1975	1335
1975	1336
1977	1336
1977	1337
1978	1337
1978	1340
1979	1340
1979	1341
1982	1341
1982	1343
1983	1343
1983	1344
1985	1344
1985	1346
1988	1346
1988	1347
1989	1347
1989	1348
1990	1348
1990	1351
1991	1351
1991	1352
1992	1352
1992	1351
1995	1351
1995	1354
2000	1354
2000	1357
2001	1357
2001	1358
2004	1358
2004	1359
2005	1359
2005	1361
2006	1361
2006	1362
2020	1362
2020	1367
2021	1367
2021	1368
2022	1368
2022	1369
2025	1369
2025	1370
2026	1370
2026	1372
2030	1372
2030	1373
2031	1373
2031	1374
2035	1374
2035	1376
2036	1376
2036	1377
2041	1377
2041	1382
2040	1382
2040	1383
2037	1383
2037	1381
2036	1381
2036	1380
2033	1380
2033	1379
2032	1379
2032	1378
2028	1378
2028	1377
2026	1377
2026	1376
2022	1376
2022	1375
2015	1375
2015	1373
2013	1373
2013	1372
2007	1372
2007	1370
2004	1370
2004	1369
2001	1369
2001	1368
1993	1368
1993	1367
1992	1367
1992	1364
1991	1364
1991	1363
1987	1363
1987	1362
1986	1362
1986	1361
1982	1361
1982	1358
1979	1358
1979	1357
1977	1357
1977	1354
1975	1354
1975	1353
1972	1353
1972	1351
1971	1351
1971	1350
1969	1350
1969	1349
1968	1349
1968	1348
1966	1348
1966	1347
1964	1347
1964	1345
1962	1345
1962	1343
1961	1343
1961	1342
1958	1342
1958	1341
1957	1341
1957	1340
1955	1340
1955	1339
1954	1339
1954	1338
1953	1338
1953	1337
1952	1337
1952	1336
1951	1336
1951	1334
1948	1334
1948	1333
1947	1333
1947	1332
1946	1332
1946	1330
1943	1330
1943	1329
1940	1329
1940	1325
1939	1325
1939	1324
1936	1324
1936	1322
1934	1322
1934	1321
1933	1321
1933	1320
1932	1320
1932	1319
1931	1319
1931	1318
1929	1318
1929	1317
1928	1317
1928	1315
1927	1315
1927	1314
1925	1314
1925	1313
1923	1313
1923	1311
1922	1311
1922	1310
1921	1310
1921	1309
1920	1309
1920	1308
1918	1308
1918	1307
1917	1307
1917	1306
1916	1306
1916	1305
1915	1305
1915	1304
1914	1304
1914	1303
1913	1303
1913	1302
1912	1302
1912	1301
1911	1301
1911	1299
1909	1299
1909	1298
1908	1298
1908	1297
1906	1297
1906	1295
1905	1295
1905	1294
1903	1294
1903	1291
1901	1291
1901	1290
1900	1290
1900	1289
1898	1289
1898	1287
1896	1287
1896	1286
1895	1286
1895	1284
1892	1284
1892	1282
1891	1282
1891	1281
1890	1281
1890	1280
1886	1280
1886	1278
1885	1278
1885	1276
1883	1276
1883	1274
1881	1274
1881	1273
1880	1273
1880	1272
1879	1272
1879	1271
1878	1271
1878	1270
1877	1270
1877	1269
1875	1269
1875	1268
1874	1268
1874	1267
1872	1267
1872	1266
1871	1266
1871	1264
1870	1264
1870	1263
1867	1263
1867	1261
1865	1261
1865	1259
1863	1259
1863	1258
1860	1258
1860	1256
1858	1256
1858	1254
1857	1254
1857	1253
1856	1253
1856	1252
1855	1252
1855	1251
1854	1251
1854	1250
1852	1250
1852	1247
1850	1247
1850	1246
1847	1246
1847	1245
1846	1245
1846	1244
1845	1244
1845	1243
1843	1243
1843	1242
1842	1242
1842	1241
1841	1241
1841	1240
1840	1240
1840	1239
1839	1239
1839	1238
1835	1238
1835	1237
1834	1237
1834	1236
1832	1236
1832	1234
1831	1234
1831	1233
1829	1233
1829	1232
1827	1232
1827	1231
1826	1231
1826	1230
1825	1230
1825	1228
1822	1228
1822	1226
1820	1226
1820	1225
1819	1225
1819	1223
1818	1223
1818	1222
1816	1222
1816	1221
1815	1221
1815	1220
1814	1220
1814	1218
1811	1218
1811	1217
1810	1217
1810	1216
1808	1216
1808	1215
1807	1215
1807	1213
1804	1213
1804	1211
1800	1211
1800	1210
1799	1210
1799	1208
1798	1208
1798	1207
1797	1207
1797	1206
1796	1206
1796	1204
1795	1204
1795	1203
1794	1203
1794	1201
1793	1201
1793	1202
1788	1202
1788	1198
1786	1198
1786	1197
1784	1197
1784	1196
1781	1196
1781	1195
1779	1195
1779	1193
1777	1193
1777	1192
1776	1192
1776	1191
1774	1191
1774	1190
1769	1190
1769	1188
1768	1188
1768	1186
1766	1186
1766	1185
1765	1185
1765	1184
1764	1184
1764	1183
1763	1183
1763	1182
1762	1182
1762	1181
1761	1181
1761	1180
1759	1180
1759	1178
1757	1178
1757	1177
1750	1177
1750	1178
1749	1178
1749	1180
1747	1180
1747	1179
1746	1179
1746	1178
1745	1178
1745	1177
1746	1177
1746	1176
1744	1176
1744	1175
1743	1175
1743	1174
1738	1174
1738	1170
1734	1170
1734	1168
1733	1168
1733	1166
1731	1166
1731	1165
1730	1165
1730	1164
1729	1164
1729	1162
1727	1162
1727	1161
1726	1161
1726	1160
1725	1160
1725	1159
1724	1159
1724	1158
1723	1158
1723	1157
1721	1157
1721	1156
1720	1156
1720	1155
1719	1155
1719	1154
1718	1154
1718	1153
1717	1153
1717	1152
1715	1152
1715	1150
1714	1150
1714	1149
1713	1149
1713	1147
1711	1147
1711	1146
1710	1146
1710	1145
1709	1145
1709	1144
1708	1144
1708	1141
1707	1141
1707	1140
1706	1140
1706	1139
1705	1139
1705	1138
1704	1138
1704	1137
1696	1137
1696	1138
1695	1138
1695	1139
1692	1139
1692	1137
1691	1137
1691	1136
1690	1136
1690	1135
1689	1135
1689	1134
1688	1134
1688	1132
1686	1132
1686	1131
1684	1131
1684	1130
1683	1130
1683	1128
1682	1128
1682	1127
1680	1127
1680	1126
1679	1126
1679	1125
1678	1125
1678	1124
1677	1124
1677	1122
1676	1122
1676	1121
1674	1121
1674	1119
1672	1119
1672	1116
1669	1116
1669	1115
1668	1115
1668	1114
1667	1114
1667	1112
1666	1112
1666	1111
1664	1111
1664	1109
1663	1109
1663	1108
1662	1108
1662	1106
1660	1106
1660	1105
1659	1105
1659	1101
1643	1101
1643	1100
1642	1100
1642	1097
1641	1097
1641	1096
1635	1096
1635	1095
1634	1095
1634	1094
1633	1094
1633	1093
1632	1093
1632	1091
1631	1091
1631	1090
1629	1090
1629	1089
1628	1089
1628	1087
1627	1087
1627	1086
1624	1086
1624	1084
1623	1084
1623	1081
1619	1081
1619	1077
1618	1077
1618	1075
1616	1075
1616	1071
1614	1071
1614	1069
1612	1069
1612	1068
1611	1068
1611	1066
1610	1066
1610	1065
1609	1065
1609	1063
1608	1063
1608	1058
1607	1058
1607	1057
1606	1057
1606	1056
1605	1056
1605	1055
1595	1055
1595	1057
1594	1057
1594	1058
1591	1058
1591	1056
1590	1056
1590	1055
1589	1055
1589	1054
1588	1054
1588	1053
1587	1053
1587	1052
1586	1052
1586	1051
1585	1051
1585	1050
1583	1050
1583	1045
1582	1045
1582	1042
1580	1042
1580	1041
1576	1041
1576	1036
1575	1036
1575	1034
1574	1034
1574	1033
1572	1033
1572	1031
1571	1031
1571	1028
1569	1028
1569	1027
1568	1027
1568	1025
1567	1025
1567	1024
1566	1024
1566	1021
1565	1021
1565	1020
1563	1020
1563	1019
1562	1019
1562	1016
1561	1016
1561	1014
1560	1014
1560	1010
1558	1010
1558	1006
1557	1006
1557	1005
1548	1005
1548	1007
1546	1007
1546	1008
1545	1008
1545	1007
1543	1007
1543	1005
1542	1005
1542	1004
1541	1004
1541	1003
1540	1003
1540	1000
1538	1000
1538	998
1536	998
1536	997
1535	997
1535	995
1534	995
1534	994
1533	994
1533	993
1532	993
1532	990
1531	990
1531	989
1530	989
1530	985
1528	985
1528	984
1527	984
1527	982
1526	982
1526	981
1525	981
1525	975
1524	975
1524	974
1522	974
1522	973
1521	973
1521	970
1520	970
1520	965
1519	965
1519	964
1518	964
1518	961
1517	961
1517	959
1508	959
1508	962
1505	962
1505	960
1504	960
1504	959
1502	959
1502	955
1501	955
1501	954
1500	954
1500	949
1497	949
1497	948
1496	948
1496	945
1495	945
1495	944
1494	944
1494	939
1491	939
1491	936
1490	936
1490	930
1489	930
1489	928
1487	928
1487	926
1486	926
1486	924
1485	924
1485	919
1484	919
1484	918
1474	918
1474	916
1472	916
1472	915
1469	915
1469	908
1467	908
1467	907
1466	907
1466	902
1465	902
1465	901
1464	901
1464	897
1463	897
1463	898
1462	898
1462	897
1461	897
1461	896
1460	896
1460	894
1459	894
1459	889
1458	889
1458	888
1456	888
1456	884
1455	884
1455	881
1454	881
1454	877
1444	877
1444	873
1441	873
1441	872
1440	872
1440	870
1439	870
1439	867
1438	867
1438	866
1439	866
1439	863
1436	863
1436	862
1434	862
1434	859
1433	859
1433	858
1432	858
1432	856
1430	856
1430	855
1429	855
1429	853
1428	853
1428	852
1426	852
1426	849
1425	849
1425	847
1424	847
1424	843
1423	843
1423	842
1421	842
1421	838
1420	838
1420	837
1419	837
1419	833
1418	833
1418	832
1417	832
1417	830
1416	830
1416	827
1415	827
1415	825
1414	825
1414	824
1407	824
1407	825
1404	825
1404	823
1403	823
1403	822
1401	822
1401	821
1400	821
1400	817
1398	817
1398	812
1395	812
1395	810
1393	810
1393	807
1391	807
1391	805
1390	805
1390	801
1389	801
1389	799
1388	799
1388	797
1386	797
1386	796
1385	796
1385	795
1384	795
1384	793
1383	793
1383	787
1381	787
1381	785
1380	785
1380	784
1379	784
1379	783
1378	783
1378	782
1377	782
1377	781
1370	781
1370	780
1369	780
1369	779
1368	779
1368	775
1367	775
1367	774
1368	774
1368	772
1367	772
1367	771
1365	771
1365	770
1364	770
1364	769
1363	769
1363	766
1360	766
1360	762
1359	762
1359	761
1358	761
1358	759
1357	759
1357	758
1358	758
1358	757
1357	757
1357	756
1354	756
1354	753
1353	753
1353	751
1352	751
1352	746
1349	746
1349	743
1348	743
1348	739
1347	739
1347	736
1344	736
1344	735
1337	735
1337	733
1336	733
1336	731
1334	731
1334	730
1332	730
1332	729
1330	729
1330	730
1329	730
1329	729
1326	729
1326	730
1325	730
1325	742
1328	742
1328	743
1329	743
1329	747
1330	747
1330	748
1335	748
1335	756
1336	756
1336	757
1337	757
1337	758
1339	758
1339	763
1340	763
1340	765
1341	765
1341	768
1343	768
1343	772
1344	772
1344	773
1345	773
1345	778
1348	778
1348	782
1349	782
1349	784
1350	784
1350	787
1351	787
1351	803
1354	803
1354	805
1355	805
1355	807
1356	807
1356	809
1360	809
1360	816
1361	816
1361	819
1362	819
1362	820
1364	820
1364	823
1365	823
1365	824
1366	824
1366	828
1367	828
1367	829
1369	829
1369	834
1371	834
1371	838
1372	838
1372	839
1374	839
1374	844
1375	844
1375	846
1376	846
1376	851
1371	851
1371	859
1372	859
1372	860
1376	860
1376	862
1375	862
1375	864
1376	864
1376	869
1377	869
1377	870
1379	870
1379	875
1380	875
1380	877
1381	877
1381	880
1386	880
1386	894
1387	894
1387	895
1391	895
1391	907
1390	907
1390	908
1386	908
1386	919
1387	919
1387	920
1389	920
1389	921
1390	921
1390	923
1391	923
1391	925
1393	925
1393	930
1394	930
1394	931
1395	931
1395	934
1396	934
1396	938
1397	938
1397	940
1400	940
1400	945
1401	945
1401	951
1402	951
1402	954
1401	954
1401	955
1403	955
1403	956
1405	956
1405	958
1406	958
1406	964
1401	964
1401	975
1402	975
1402	976
1405	976
1405	979
1406	979
1406	981
1408	981
1408	986
1410	986
1410	988
1411	988
1411	990
1412	990
1412	997
1416	997
1416	1005
1417	1005
1417	1012
1419	1012
1419	1015
1420	1015
1420	1021
1421	1021
1421	1026
1422	1026
1422	1029
1421	1029
1421	1030
1415	1030
1415	1040
1416	1040
1416	1042
1417	1042
1417	1047
1420	1047
1420	1049
1421	1049
1421	1051
1422	1051
1422	1057
1424	1057
1424	1058
1425	1058
1425	1062
1426	1062
1426	1063
1427	1063
1427	1068
1431	1068
1431	1072
1430	1072
1430	1086
1431	1086
1431	1091
1432	1091
1432	1098
1434	1098
1434	1099
1435	1099
1435	1100
1434	1100
1434	1101
1427	1101
1427	1102
1426	1102
1426	1113
1428	1113
1428	1114
1431	1114
1431	1123
1432	1123
1432	1128
1434	1128
1434	1131
1435	1131
1435	1134
1436	1134
1436	1135
1435	1135
1435	1138
1436	1138
1436	1140
1435	1140
1435	1142
1436	1142
1436	1144
1437	1144
1437	1159
1436	1159
1436	1162
1434	1162
1434	1169
1435	1169
1435	1171
1436	1171
1436	1176
1437	1176
1437	1179
1438	1179
1438	1180
1440	1180
1440	1179
1441	1179
1441	1181
1442	1181
1442	1182
1441	1182
1441	1183
1440	1183
1440	1193
1441	1193
1441	1199
1442	1199
1442	1209
1443	1209
1443	1210
1445	1210
1445	1217
1444	1217
1444	1218
1442	1218
1442	1220
1441	1220
1441	1221
1442	1221
1442	1222
1441	1222
1441	1224
1442	1224
1442	1226
1441	1226
1441	1239
1442	1239
1442	1245
1445	1245
1445	1255
1446	1255
1446	1266
1444	1266
1444	1267
1442	1267
1442	1275
1443	1275
1443	1276
1445	1276
1445	1285
1446	1285
1446	1286
1447	1286
1447	1290
1448	1290
1448	1291
1450	1291
1450	1297
1451	1297
1451	1305
1452	1305
1452	1311
1455	1311
1455	1319
1445	1319
1445	1331
1446	1331
1446	1340
1447	1340
1447	1356
1449	1356
1449	1357
1450	1357
1450	1367
1451	1367
1451	1376
1450	1376
1450	1380
1443	1380
1443	1381
1442	1381
1442	1392
1444	1392
1444	1402
1445	1402
1445	1407
1446	1407
1446	1416
1447	1416
1447	1436
1442	1436
1442	1437
1441	1437
1441	1452
1442	1452
1442	1462
1443	1462
1443	1463
1445	1463
1445	1469
1446	1469
1446	1475
1447	1475
1447	1486
1445	1486
1445	1503
1446	1503
1446	1528
1447	1528
1447	1549
1449	1549
1449	1550
1450	1550
1450	1562
1451	1562
1451	1569
1452	1569
1452	1575
1457	1575
1457	1577
1456	1577
1456	1579
1455	1579
1455	1583
1456	1583
1456	1585
1455	1585
1455	1588
1456	1588
1456	1591
1457	1591
1457	1592
1456	1592
1456	1593
1457	1593
1457	1604
1458	1604
1458	1605
1460	1605
1460	1615
1461	1615
1461	1618
1462	1618
1462	1625
1463	1625
1463	1626
1467	1626
1467	1627
1466	1627
1466	1640
1467	1640
1467	1647
1468	1647
1468	1648
1467	1648
1467	1649
1468	1649
1468	1651
1470	1651
1470	1656
1471	1656
1471	1662
1472	1662
1472	1666
1474	1666
1474	1671
1476	1671
1476	1677
1477	1677
1477	1686
1479	1686
1479	1687
1480	1687
1480	1691
1481	1691
1481	1696
1482	1696
1482	1700
1483	1700
1483	1702
1485	1702
1485	1707
1486	1707
1486	1711
1487	1711
1487	1714
1488	1714
1488	1717
1490	1717
1490	1718
1491	1718
1491	1719
1490	1719
1490	1721
1491	1721
1491	1723
1492	1723
1492	1725
1493	1725
1493	1732
1495	1732
1495	1733
1496	1733
1496	1735
1497	1735
1497	1740
1498	1740
1498	1742
1500	1742
1500	1743
1501	1743
1501	1751
1502	1751
1502	1752
1503	1752
1503	1757
1504	1757
1504	1758
1505	1758
1505	1760
1506	1760
1506	1762
1507	1762
1507	1763
1508	1763
1508	1767
1509	1767
1509	1768
1511	1768
1511	1773
1512	1773
1512	1775
1513	1775
1513	1778
1517	1778
1517	1779
1518	1779
1518	1793
1520	1793
1520	1794
1521	1794
1521	1796
1523	1796
1523	1808
1525	1808
1525	1809
1528	1809
1528	1835
1529	1835
1529	1836
1528	1836
1528	1838
1527	1838
1527	1835
1526	1835
1526	1833
1525	1833
1525	1830
1524	1830
1524	1829
1523	1829
1523	1828
1522	1828
1522	1824
1521	1824
1521	1821
1520	1821
1520	1817
1519	1817
1519	1816
1515	1816
1515	1805
1514	1805
1514	1804
1512	1804
1512	1802
1511	1802
1511	1801
1510	1801
1510	1795
1509	1795
1509	1794
1508	1794
1508	1793
1507	1793
1507	1789
1506	1789
1506	1786
1504	1786
1504	1782
1503	1782
1503	1781
1502	1781
1502	1780
1501	1780
1501	1777
1500	1777
1500	1776
1499	1776
1499	1771
1496	1771
1496	1768
1495	1768
1495	1765
1494	1765
1494	1764
1495	1764
1495	1763
1494	1763
1494	1761
1491	1761
1491	1758
1490	1758
1490	1755
1489	1755
1489	1751
1488	1751
1488	1750
1487	1750
1487	1749
1486	1749
1486	1748
1485	1748
1485	1741
1483	1741
1483	1740
1482	1740
1482	1736
1481	1736
1481	1735
1480	1735
1480	1733
1479	1733
1479	1726
1477	1726
1477	1725
1476	1725
1476	1723
1475	1723
1475	1721
1474	1721
1474	1715
1471	1715
1471	1712
1470	1712
1470	1710
1469	1710
1469	1708
1470	1708
1470	1707
1469	1707
1469	1705
1467	1705
1467	1704
1466	1704
1466	1700
1465	1700
1465	1698
1464	1698
1464	1695
1462	1695
1462	1692
1461	1692
1461	1688
1460	1688
1460	1685
1459	1685
1459	1680
1458	1680
1458	1679
1457	1679
1457	1678
1456	1678
1456	1673
1455	1673
1455	1670
1454	1670
1454	1664
1453	1664
1453	1660
1452	1660
1452	1659
1451	1659
1451	1658
1450	1658
1450	1656
1449	1656
1449	1645
1448	1645
1448	1644
1447	1644
1447	1643
1446	1643
1446	1641
1445	1641
1445	1640
1444	1640
1444	1630
1443	1630
1443	1629
1442	1629
1442	1627
1441	1627
1441	1624
1439	1624
1439	1619
1438	1619
1438	1614
1436	1614
1436	1612
1435	1612
1435	1609
1434	1609
1434	1603
1432	1603
1432	1599
1431	1599
1431	1594
1430	1594
1430	1593
1429	1593
1429	1589
1428	1589
1428	1588
1426	1588
1426	1584
1425	1584
1425	1580
1424	1580
1424	1574
1423	1574
1423	1573
1421	1573
1421	1568
1420	1568
1420	1565
1419	1565
1419	1558
1418	1558
1418	1554
1417	1554
1417	1553
1416	1553
1416	1548
1415	1548
1415	1547
1414	1547
1414	1544
1413	1544
1413	1537
1411	1537
1411	1533
1410	1533
1410	1532
1409	1532
1409	1529
1408	1529
1408	1522
1405	1522
1405	1513
1404	1513
1404	1510
1403	1510
1403	1502
1401	1502
1401	1497
1399	1497
1399	1489
1393	1489
1393	1481
1388	1481
1388	1480
1389	1480
1389	1462
1388	1462
1388	1461
1386	1461
1386	1460
1385	1460
1385	1459
1384	1459
1384	1458
1383	1458
1383	1447
1382	1447
1382	1446
1380	1446
1380	1442
1379	1442
1379	1441
1378	1441
1378	1426
1376	1426
1376	1425
1375	1425
1375	1414
1367	1414
1367	1415
1365	1415
1365	1411
1363	1411
1363	1406
1362	1406
1362	1404
1363	1404
1363	1403
1362	1403
1362	1402
1363	1402
1363	1401
1361	1401
1361	1391
1360	1391
1360	1365
1349	1365
1349	1340
1348	1340
1348	1338
1347	1338
1347	1337
1348	1337
1348	1330
1347	1330
1347	1320
1348	1320
1348	1308
1339	1308
1339	1309
1335	1309
1335	1305
1334	1305
1334	1304
1333	1304
1333	1294
1332	1294
1332	1284
1330	1284
1330	1282
1329	1282
1329	1281
1330	1281
1330	1280
1329	1280
1329	1279
1330	1279
1330	1272
1329	1272
1329	1261
1330	1261
1330	1248
1329	1248
1329	1242
1330	1242
1330	1240
1329	1240
1329	1239
1330	1239
1330	1238
1329	1238
1329	1237
1321	1237
1321	1238
1320	1238
1320	1242
1319	1242
1319	1241
1317	1241
1317	1238
1316	1238
1316	1232
1315	1232
1315	1233
1314	1233
1314	1202
1312	1202
1312	1200
1316	1200
1316	1199
1317	1199
1317	1179
1316	1179
1316	1178
1307	1178
1307	1173
1306	1173
1306	1172
1304	1172
1304	1158
1305	1158
1305	1144
1304	1144
1304	1141
1305	1141
1305	1139
1304	1139
1304	1122
1301	1122
1301	1121
1300	1121
1300	1122
1298	1122
1298	1121
1296	1121
1296	1117
1295	1117
1295	1116
1294	1116
1294	1102
1293	1102
1293	1091
1292	1091
1292	1067
1293	1067
1293	1062
1294	1062
1294	1050
1292	1050
1292	1049
1290	1049
1290	1050
1288	1050
1288	1049
1286	1049
1286	1050
1285	1050
1285	1053
1284	1053
1284	1055
1283	1055
1283	1052
1282	1052
1282	1041
1281	1041
1281	1032
1282	1032
1282	1011
1283	1011
1283	1006
1284	1006
1284	995
1283	995
1283	994
1277	994
1277	988
1276	988
1276	985
1275	985
1275	984
1274	984
1274	979
1273	979
1273	977
1272	977
1272	970
1271	970
1271	969
1267	969
1267	962
1268	962
1268	960
1269	960
1269	951
1270	951
1270	950
1271	950
1271	939
1270	939
1270	938
1267	938
1267	939
1264	939
1264	938
1262	938
1262	936
1261	936
1261	924
1260	924
1260	923
1258	923
1258	922
1259	922
1259	921
1258	921
1258	918
1259	918
1259	884
1258	884
1258	883
1254	883
1254	882
1253	882
1253	881
1252	881
1252	880
1251	880
1251	873
1250	873
1250	872
1246	872
1246	866
1247	866
1247	864
1248	864
1248	852
1246	852
1246	840
1247	840
1247	839
1246	839
1246	837
1247	837
1247	835
1246	835
1246	822
1244	822
1244	821
1242	821
1242	822
1241	822
1241	819
1243	819
1243	806
1242	806
1242	792
1241	792
1241	791
1236	791
1236	781
1231	781
1231	778
1232	778
1232	766
1227	766
1227	765
1226	765
1226	753
1228	753
1228	747
1229	747
1229	741
1228	741
1228	740
1229	740
1229	737
1228	737
1228	736
1227	736
1227	734
1219	734
1219	735
1218	735
1218	745
1217	745
1217	746
1216	746
1216	773
1218	773
1218	776
1214	776
1214	777
1213	777
1213	794
1214	794
1214	795
1213	795
1213	796
1214	796
1214	799
1218	799
1218	802
1217	802
1217	813
1218	813
1218	819
1219	819
1219	823
1218	823
1218	824
1219	824
1219	839
1221	839
1221	840
1222	840
1222	839
1223	839
1223	842
1219	842
1219	847
1214	847
1214	849
1213	849
1213	862
1214	862
1214	869
1216	869
1216	879
1217	879
1217	880
1219	880
1219	882
1218	882
1218	883
1217	883
1217	895
1218	895
1218	906
1219	906
1219	907
1218	907
1218	908
1219	908
1219	912
1218	912
1218	918
1213	918
1213	930
1214	930
1214	935
1215	935
1215	936
1216	936
1216	940
1217	940
1217	950
1218	950
1218	956
1219	956
1219	969
1218	969
1218	973
1217	973
1217	974
1213	974
1213	980
1212	980
1212	991
1213	991
1213	992
1214	992
1214	993
1213	993
1213	995
1214	995
1214	1001
1216	1001
1216	1005
1217	1005
1217	1016
1218	1016
1218	1026
1219	1026
1219	1032
1220	1032
1220	1035
1219	1035
1219	1038
1218	1038
1218	1039
1213	1039
1213	1058
1214	1058
1214	1059
1213	1059
1213	1061
1214	1061
1214	1063
1218	1063
1218	1065
1217	1065
1217	1066
1216	1066
1216	1076
1217	1076
1217	1082
1218	1082
1218	1088
1219	1088
1219	1104
1218	1104
1218	1106
1217	1106
1217	1107
1216	1107
1216	1108
1215	1108
1215	1109
1208	1109
1208	1110
1209	1110
1209	1111
1208	1111
1208	1117
1209	1117
1209	1123
1211	1123
1211	1133
1212	1133
1212	1138
1213	1138
1213	1140
1214	1140
1214	1141
1213	1141
1213	1153
1214	1153
1214	1159
1218	1159
1218	1172
1215	1172
1215	1171
1214	1171
1214	1177
1209	1177
1209	1178
1208	1178
1208	1182
1207	1182
1207	1194
1208	1194
1208	1197
1206	1197
1206	1209
1207	1209
1207	1214
1208	1214
1208	1241
1207	1241
1207	1243
1206	1243
1206	1242
1205	1242
1205	1238
1197	1238
1197	1239
1196	1239
1196	1255
1197	1255
1197	1260
1198	1260
1198	1270
1199	1270
1199	1280
1200	1280
1200	1281
1201	1281
1201	1309
1198	1309
1198	1310
1189	1310
1189	1311
1188	1311
1188	1328
1189	1328
1189	1329
1188	1329
1188	1330
1189	1330
1189	1332
1193	1332
1193	1334
1192	1334
1192	1335
1191	1335
1191	1366
1190	1366
1190	1370
1186	1370
1186	1388
1187	1388
1187	1392
1188	1392
1188	1399
1189	1399
1189	1400
1188	1400
1188	1402
1189	1402
1189	1403
1193	1403
1193	1405
1189	1405
1189	1406
1188	1406
1188	1408
1187	1408
1187	1407
1186	1407
1186	1406
1179	1406
1179	1407
1178	1407
1178	1417
1179	1417
1179	1418
1181	1418
1181	1442
1182	1442
1182	1447
1181	1447
1181	1461
1180	1461
1180	1462
1179	1462
1179	1466
1178	1466
1178	1476
1177	1476
1177	1477
1176	1477
1176	1488
1177	1488
1177	1508
1178	1508
1178	1512
1177	1512
1177	1513
1176	1513
1176	1517
1169	1517
1169	1518
1168	1518
1168	1529
1170	1529
1170	1530
1171	1530
1171	1555
1173	1555
1173	1557
1172	1557
1172	1558
1171	1558
1171	1578
1172	1578
1172	1582
1170	1582
1170	1583
1169	1583
1169	1582
1167	1582
1167	1583
1166	1583
1166	1596
1167	1596
1167	1605
1168	1605
1168	1619
1167	1619
1167	1620
1166	1620
1166	1622
1167	1622
1167	1623
1166	1623
1166	1624
1167	1624
1167	1664
1166	1664
1166	1665
1167	1665
1167	1666
1168	1666
1168	1696
1167	1696
1167	1715
1168	1715
1168	1737
1170	1737
1170	1738
1171	1738
1171	1745
1170	1745
1170	1758
1171	1758
1171	1789
1172	1789
1172	1792
1171	1792
1171	1814
1172	1814
1172	1872
1171	1872
1171	1873
1170	1873
1170	1893
1169	1893
1169	1898
1168	1898
1168	1910
1167	1910
1167	1914
1166	1914
1166	1917
1165	1917
1165	1918
1166	1918
1166	1922
1165	1922
1165	1928
1164	1928
1164	1933
1163	1933
1163	1939
1162	1939
1162	1942
1161	1942
1161	1944
1160	1944
1160	1949
1159	1949
1159	1954
1158	1954
1158	1963
1157	1963
1157	1964
1155	1964
1155	1966
1154	1966
1154	1967
1155	1967
1155	1968
1154	1968
1154	1969
1153	1969
1153	1972
1152	1972
1152	1973
1153	1973
1153	1974
1152	1974
1152	1977
1150	1977
1150	1972
1151	1972
1151	1964
1150	1964
1150	1956
1151	1956
1151	1955
1152	1955
1152	1944
1151	1944
1151	1943
1150	1943
1150	1941
1154	1941
1154	1940
1155	1940
1155	1919
1156	1919
1156	1897
1155	1897
1155	1895
1156	1895
1156	1894
1157	1894
1157	1858
1156	1858
1156	1857
1155	1857
1155	1850
1156	1850
1156	1837
1155	1837
1155	1806
1154	1806
1154	1804
1155	1804
1155	1802
1154	1802
1154	1796
1150	1796
1150	1789
1151	1789
1151	1788
1152	1788
1152	1771
1151	1771
1151	1766
1150	1766
1150	1757
1149	1757
1149	1749
1150	1749
1150	1748
1149	1748
1149	1746
1148	1746
1148	1745
1147	1745
1147	1730
1146	1730
1146	1726
1145	1726
1145	1721
1144	1721
1144	1710
1142	1710
1142	1705
1141	1705
1141	1701
1140	1701
1140	1695
1139	1695
1139	1690
1138	1690
1138	1689
1135	1689
1135	1687
1136	1687
1136	1686
1137	1686
1137	1676
1136	1676
1136	1675
1135	1675
1135	1661
1134	1661
1134	1659
1130	1659
1130	1656
1131	1656
1131	1655
1132	1655
1132	1635
1131	1635
1131	1633
1130	1633
1130	1632
1131	1632
1131	1630
1130	1630
1130	1625
1129	1625
1129	1619
1127	1619
1127	1614
1126	1614
1126	1613
1125	1613
1125	1610
1126	1610
1126	1602
1121	1602
1121	1601
1120	1601
1120	1599
1119	1599
1119	1573
1116	1573
1116	1568
1115	1568
1115	1566
1114	1566
1114	1558
1112	1558
1112	1557
1111	1557
1111	1553
1109	1553
1109	1528
1108	1528
1108	1527
1099	1527
1099	1525
1098	1525
1098	1524
1099	1524
1099	1523
1097	1523
1097	1522
1096	1522
1096	1518
1095	1518
1095	1517
1094	1517
1094	1507
1092	1507
1092	1506
1090	1506
1090	1507
1089	1507
1089	1504
1091	1504
1091	1505
1092	1505
1092	1504
1094	1504
1094	1472
1093	1472
1093	1471
1085	1471
1085	1469
1084	1469
1084	1467
1083	1467
1083	1462
1082	1462
1082	1461
1081	1461
1081	1423
1082	1423
1082	1422
1083	1422
1083	1412
1075	1412
1075	1413
1073	1413
1073	1411
1072	1411
1072	1410
1071	1410
1071	1387
1073	1387
1073	1379
1074	1379
1074	1373
1073	1373
1073	1372
1074	1372
1074	1369
1075	1369
1075	1368
1076	1368
1076	1362
1078	1362
1078	1361
1079	1361
1079	1352
1078	1352
1078	1351
1069	1351
1069	1346
1068	1346
1068	1329
1064	1329
1064	1327
1067	1327
1067	1326
1068	1326
1068	1313
1069	1313
1069	1312
1068	1312
1068	1304
1069	1304
1069	1289
1068	1289
1068	1288
1063	1288
1063	1284
1061	1284
1061	1282
1060	1282
1060	1280
1061	1280
1061	1279
1060	1279
1060	1277
1061	1277
1061	1275
1060	1275
1060	1273
1059	1273
1059	1271
1063	1271
1063	1264
1064	1264
1064	1260
1065	1260
1065	1259
1066	1259
1066	1250
1068	1250
1068	1243
1069	1243
1069	1238
1070	1238
1070	1235
1073	1235
1073	1230
1074	1230
1074	1218
1065	1218
1065	1203
1066	1203
1066	1199
1068	1199
1068	1193
1069	1193
1069	1192
1068	1192
1068	1191
1069	1191
1069	1184
1070	1184
1070	1179
1073	1179
1073	1164
1074	1164
1074	1163
1075	1163
1075	1162
1074	1162
1074	1161
1075	1161
1075	1160
1074	1160
1074	1159
1075	1159
1075	1156
1074	1156
1074	1153
1073	1153
1073	1152
1074	1152
1074	1148
1073	1148
1073	1146
1072	1146
1072	1147
1070	1147
1070	1146
1069	1146
1069	1144
1068	1144
1068	1138
1069	1138
1069	1128
1070	1128
1070	1117
1069	1117
1069	1114
1072	1114
1072	1113
1074	1113
1074	1098
1078	1098
1078	1090
1079	1090
1079	1085
1081	1085
1081	1084
1082	1084
1082	1082
1083	1082
1083	1071
1074	1071
1074	1062
1075	1062
1075	1050
1074	1050
1074	1048
1077	1048
1077	1047
1079	1047
1079	1044
1078	1044
1078	1043
1079	1043
1079	1032
1083	1032
1083	1026
1084	1026
1084	1023
1085	1023
1085	1020
1086	1020
1086	1017
1088	1017
1088	1016
1089	1016
1089	1006
1088	1006
1088	1005
1085	1005
1085	1004
1084	1004
1084	1000
1083	1000
1083	987
1084	987
1084	981
1085	981
1085	975
1086	975
1086	972
1087	972
1087	971
1088	971
1088	967
1089	967
1089	949
1088	949
1088	948
1084	948
1084	946
1086	946
1086	930
1088	930
1088	926
1089	926
1089	920
1090	920
1090	917
1091	917
1091	916
1090	916
1090	908
1089	908
1089	905
1090	905
1090	906
1091	906
1091	905
1094	905
1094	903
1095	903
1095	900
1096	900
1096	895
1098	895
1098	894
1099	894
1099	882
1098	882
1098	881
1094	881
1094	873
1093	873
1093	872
1089	872
1089	870
1095	870
1095	864
1096	864
1096	863
1095	863
1095	857
1094	857
1094	855
1098	855
1098	854
1099	854
1099	839
1100	839
1100	840
1102	840
1102	839
1104	839
1104	836
1105	836
1105	826
1104	826
1104	824
1106	824
1106	802
1105	802
1105	801
1104	801
1104	799
1108	799
1108	798
1109	798
1109	797
1110	797
1110	796
1109	796
1109	786
1104	786
1104	784
1113	784
1113	783
1114	783
1114	776
1115	776
1115	767
1114	767
1114	764
1115	764
1115	763
1119	763
1119	752
1120	752
1120	747
1121	747
1121	743
1122	743
1122	742
1124	742
1124	732
1126	732
1126	730
1127	730
1127	725
1126	725
1126	723
1127	723
1127	722
1126	722
1126	720
1125	720
1125	715
1112	715
1112	723
1111	723
1111	730
1108	730
1108	731
1107	731
1107	744
1106	744
1106	745
1103	745
1103	746
1102	746
1102	749
1101	749
1101	752
1100	752
1100	753
1101	753
1101	763
1100	763
1100	764
1099	764
1099	765
1098	765
1098	766
1092	766
1092	778
1091	778
1091	779
1090	779
1090	780
1089	780
1089	787
1087	787
1087	793
1085	793
1085	795
1084	795
1084	797
1082	797
1082	802
1081	802
1081	807
1080	807
1080	812
1070	812
1070	823
1069	823
1069	832
1067	832
1067	836
1066	836
1066	837
1067	837
1067	838
1066	838
1066	842
1065	842
1065	848
1064	848
1064	850
1063	850
1063	852
1062	852
1062	853
1061	853
1061	859
1060	859
1060	862
1059	862
1059	867
1057	867
1057	868
1056	868
1056	871
1054	871
1054	870
1047	870
1047	871
1046	871
1046	880
1045	880
1045	882
1044	882
1044	885
1043	885
1043	889
1042	889
1042	893
1041	893
1041	897
1040	897
1040	902
1039	902
1039	908
1037	908
1037	909
1036	909
1036	918
1035	918
1035	919
1034	919
1034	926
1033	926
1033	927
1034	927
1034	928
1033	928
1033	929
1031	929
1031	933
1030	933
1030	934
1029	934
1029	938
1027	938
1027	939
1020	939
1020	949
1019	949
1019	950
1018	950
1018	960
1019	960
1019	961
1020	961
1020	964
1019	964
1019	963
1018	963
1018	964
1016	964
1016	971
1015	971
1015	972
1016	972
1016	973
1015	973
1015	975
1014	975
1014	979
1013	979
1013	980
1012	980
1012	984
1011	984
1011	985
1010	985
1010	987
1011	987
1011	988
1010	988
1010	990
1009	990
1009	995
1008	995
1008	1000
1007	1000
1007	1004
1006	1004
1006	1005
1005	1005
1005	1007
1004	1007
1004	1006
995	1006
995	1020
994	1020
994	1025
993	1025
993	1026
992	1026
992	1030
991	1030
991	1031
990	1031
990	1032
991	1032
991	1034
990	1034
990	1042
989	1042
989	1043
990	1043
990	1044
989	1044
989	1046
988	1046
988	1050
987	1050
987	1051
985	1051
985	1052
986	1052
986	1053
985	1053
985	1060
984	1060
984	1063
983	1063
983	1064
982	1064
982	1065
981	1065
981	1066
972	1066
972	1081
970	1081
970	1095
969	1095
969	1101
968	1101
968	1106
966	1106
966	1111
965	1111
965	1112
964	1112
964	1116
963	1116
963	1118
962	1118
962	1120
961	1120
961	1121
959	1121
959	1118
958	1118
958	1117
957	1117
957	1116
954	1116
954	1117
953	1117
953	1116
950	1116
950	1117
949	1117
949	1128
950	1128
950	1130
949	1130
949	1137
947	1137
947	1147
945	1147
945	1153
944	1153
944	1157
943	1157
943	1162
942	1162
942	1167
940	1167
940	1169
939	1169
939	1173
938	1173
938	1178
937	1178
937	1180
929	1180
929	1181
928	1181
928	1182
927	1182
927	1193
925	1193
925	1195
926	1195
926	1196
925	1196
925	1198
924	1198
924	1202
923	1202
923	1208
922	1208
922	1213
920	1213
920	1215
919	1215
919	1223
917	1223
917	1228
915	1228
915	1229
914	1229
914	1232
904	1232
904	1233
900	1233
900	1238
899	1238
899	1253
898	1253
898	1256
897	1256
897	1258
896	1258
896	1259
895	1259
895	1264
894	1264
894	1267
893	1267
893	1269
892	1269
892	1273
891	1273
891	1274
889	1274
889	1279
888	1279
888	1280
887	1280
887	1284
886	1284
886	1289
882	1289
882	1288
881	1288
881	1287
872	1287
872	1300
871	1300
871	1310
872	1310
872	1311
873	1311
873	1314
869	1314
869	1315
868	1315
868	1324
867	1324
867	1325
866	1325
866	1330
864	1330
864	1335
863	1335
863	1343
860	1343
860	1345
858	1345
858	1346
859	1346
859	1347
858	1347
858	1348
859	1348
859	1349
858	1349
858	1354
857	1354
857	1355
856	1355
856	1358
855	1358
855	1360
852	1360
852	1359
851	1359
851	1358
850	1358
850	1355
846	1355
846	1354
839	1354
839	1355
838	1355
838	1364
837	1364
837	1370
836	1370
836	1371
835	1371
835	1375
834	1375
834	1376
833	1376
833	1381
832	1381
832	1384
831	1384
831	1385
830	1385
830	1386
829	1386
829	1390
828	1390
828	1391
827	1391
827	1394
826	1394
826	1395
825	1395
825	1396
824	1396
824	1400
823	1400
823	1405
822	1405
822	1406
821	1406
821	1414
820	1414
820	1416
818	1416
818	1415
817	1415
817	1414
814	1414
814	1413
813	1413
813	1414
811	1414
811	1413
810	1413
810	1414
808	1414
808	1422
807	1422
807	1426
806	1426
806	1431
803	1431
803	1437
802	1437
802	1441
801	1441
801	1442
800	1442
800	1446
798	1446
798	1447
797	1447
797	1448
798	1448
798	1449
797	1449
797	1453
788	1453
788	1456
787	1456
787	1461
786	1461
786	1462
785	1462
785	1466
783	1466
783	1467
782	1467
782	1471
781	1471
781	1474
780	1474
780	1475
778	1475
778	1476
777	1476
777	1477
778	1477
778	1478
777	1478
777	1482
776	1482
776	1483
775	1483
775	1484
774	1484
774	1485
773	1485
773	1486
772	1486
772	1491
771	1491
771	1493
770	1493
770	1503
769	1503
769	1505
767	1505
767	1506
762	1506
762	1512
761	1512
761	1513
760	1513
760	1515
759	1515
759	1517
757	1517
757	1522
756	1522
756	1524
755	1524
755	1527
754	1527
754	1528
752	1528
752	1533
751	1533
751	1535
750	1535
750	1537
749	1537
749	1538
747	1538
747	1544
746	1544
746	1545
747	1545
747	1546
746	1546
746	1547
745	1547
745	1548
744	1548
744	1552
743	1552
743	1553
741	1553
741	1559
740	1559
740	1563
739	1563
739	1565
738	1565
738	1564
737	1564
737	1569
736	1569
736	1571
735	1571
735	1574
734	1574
734	1576
733	1576
733	1578
732	1578
732	1579
731	1579
731	1583
730	1583
730	1584
729	1584
729	1588
727	1588
727	1589
726	1589
726	1594
725	1594
725	1596
724	1596
724	1599
723	1599
723	1601
722	1601
722	1603
721	1603
721	1607
720	1607
720	1611
719	1611
719	1618
718	1618
718	1619
716	1619
716	1622
715	1622
715	1624
714	1624
714	1626
713	1626
713	1627
714	1627
714	1629
712	1629
712	1631
711	1631
711	1637
710	1637
710	1639
709	1639
709	1641
708	1641
708	1643
707	1643
707	1645
706	1645
706	1650
705	1650
705	1653
704	1653
704	1655
703	1655
703	1659
701	1659
701	1667
699	1667
699	1669
698	1669
698	1670
697	1670
697	1675
696	1675
696	1679
695	1679
695	1680
694	1680
694	1683
693	1683
693	1685
691	1685
691	1689
690	1689
690	1690
689	1690
689	1694
688	1694
688	1695
686	1695
686	1700
685	1700
685	1703
684	1703
684	1705
683	1705
683	1706
682	1706
682	1710
680	1710
680	1711
679	1711
679	1715
676	1715
676	1720
675	1720
675	1721
674	1721
674	1722
673	1722
673	1723
674	1723
674	1724
673	1724
673	1726
671	1726
671	1729
670	1729
670	1730
669	1730
669	1732
668	1732
668	1735
667	1735
667	1736
666	1736
666	1737
665	1737
665	1739
664	1739
664	1742
663	1742
663	1743
662	1743
662	1744
661	1744
661	1746
660	1746
660	1747
659	1747
659	1750
658	1750
658	1751
656	1751
656	1753
655	1753
655	1754
654	1754
654	1756
653	1756
653	1758
652	1758
652	1759
651	1759
651	1760
650	1760
650	1762
649	1762
649	1764
650	1764
650	1765
649	1765
649	1766
645	1766
645	1769
644	1769
644	1770
643	1770
643	1771
641	1771
641	1772
640	1772
640	1774
638	1774
638	1776
637	1776
637	1777
636	1777
636	1781
634	1781
634	1782
633	1782
633	1783
632	1783
632	1784
630	1784
630	1785
628	1785
628	1787
627	1787
627	1789
624	1789
624	1790
623	1790
623	1791
620	1791
620	1792
619	1792
619	1793
618	1793
618	1796
615	1796
615	1798
614	1798
614	1793
616	1793
616	1792
617	1792
617	1788
618	1788
618	1786
619	1786
619	1784
621	1784
621	1783
622	1783
622	1773
627	1773
627	1768
632	1768
632	1767
633	1767
633	1763
636	1763
636	1762
637	1762
637	1758
638	1758
638	1757
639	1757
639	1753
642	1753
642	1750
643	1750
643	1748
642	1748
642	1747
643	1747
643	1745
642	1745
642	1743
647	1743
647	1740
650	1740
650	1738
651	1738
651	1737
652	1737
652	1733
653	1733
653	1732
654	1732
654	1727
657	1727
657	1722
658	1722
658	1712
663	1712
663	1711
664	1711
664	1707
665	1707
665	1703
666	1703
666	1702
667	1702
667	1699
668	1699
668	1687
672	1687
672	1686
673	1686
673	1682
674	1682
674	1680
673	1680
673	1672
676	1672
676	1671
678	1671
678	1668
679	1668
679	1660
678	1660
678	1657
681	1657
681	1656
683	1656
683	1651
684	1651
684	1639
683	1639
683	1636
687	1636
687	1635
688	1635
688	1616
692	1616
692	1615
693	1615
693	1610
694	1610
694	1609
695	1609
695	1600
694	1600
694	1598
693	1598
693	1597
694	1597
694	1596
697	1596
697	1595
698	1595
698	1588
699	1588
699	1585
700	1585
700	1580
703	1580
703	1575
704	1575
704	1574
705	1574
705	1565
707	1565
707	1564
708	1564
708	1552
709	1552
709	1551
708	1551
708	1550
709	1550
709	1549
708	1549
708	1546
709	1546
709	1545
712	1545
712	1544
713	1544
713	1528
714	1528
714	1525
717	1525
717	1524
718	1524
718	1520
719	1520
719	1519
720	1519
720	1511
721	1511
721	1510
722	1510
722	1509
723	1509
723	1499
725	1499
725	1481
724	1481
724	1479
728	1479
728	1477
729	1477
729	1462
728	1462
728	1458
729	1458
729	1448
733	1448
733	1442
734	1442
734	1441
733	1441
733	1440
734	1440
734	1435
733	1435
733	1432
734	1432
734	1428
738	1428
738	1427
739	1427
739	1424
740	1424
740	1422
741	1422
741	1418
743	1418
743	1417
744	1417
744	1410
743	1410
743	1408
741	1408
741	1406
740	1406
740	1401
739	1401
739	1398
743	1398
743	1392
744	1392
744	1387
746	1387
746	1377
748	1377
748	1375
749	1375
749	1373
748	1373
748	1371
749	1371
749	1370
750	1370
750	1371
751	1371
751	1362
753	1362
753	1361
754	1361
754	1353
753	1353
753	1352
744	1352
744	1351
745	1351
745	1339
744	1339
744	1337
748	1337
748	1336
749	1336
749	1331
750	1331
750	1330
751	1330
751	1326
753	1326
753	1325
754	1325
754	1323
755	1323
755	1315
754	1315
754	1311
761	1311
761	1306
763	1306
763	1305
764	1305
764	1293
761	1293
761	1292
759	1292
759	1288
760	1288
760	1287
761	1287
761	1285
764	1285
764	1280
765	1280
765	1279
766	1279
766	1278
765	1278
765	1276
766	1276
766	1275
768	1275
768	1274
769	1274
769	1270
770	1270
770	1268
771	1268
771	1260
774	1260
774	1257
775	1257
775	1255
776	1255
776	1250
779	1250
779	1248
780	1248
780	1244
779	1244
779	1240
780	1240
780	1232
779	1232
779	1231
780	1231
780	1230
779	1230
779	1229
780	1229
780	1228
779	1228
779	1227
776	1227
776	1222
777	1222
777	1220
779	1220
779	1219
780	1219
780	1217
781	1217
781	1216
780	1216
780	1215
781	1215
781	1209
784	1209
784	1204
785	1204
785	1203
786	1203
786	1200
787	1200
787	1199
789	1199
789	1197
790	1197
790	1195
791	1195
791	1193
792	1193
792	1191
791	1191
791	1190
792	1190
792	1189
794	1189
794	1188
795	1188
795	1186
796	1186
796	1184
799	1184
799	1178
800	1178
800	1171
799	1171
799	1170
795	1170
795	1169
794	1169
794	1167
795	1167
795	1164
796	1164
796	1159
799	1159
799	1158
800	1158
800	1157
799	1157
799	1156
800	1156
800	1155
799	1155
799	1154
800	1154
800	1152
801	1152
801	1150
802	1150
802	1148
804	1148
804	1143
805	1143
805	1140
804	1140
804	1139
807	1139
807	1138
809	1138
809	1134
810	1134
810	1133
812	1133
812	1128
815	1128
815	1119
817	1119
817	1118
820	1118
820	1114
821	1114
821	1113
822	1113
822	1114
824	1114
824	1113
825	1113
825	1101
822	1101
822	1100
821	1100
821	1099
820	1099
820	1097
821	1097
821	1092
822	1092
822	1088
824	1088
824	1086
825	1086
825	1082
826	1082
826	1080
827	1080
827	1078
828	1078
828	1077
830	1077
830	1072
832	1072
832	1069
833	1069
833	1068
834	1068
834	1067
835	1067
835	1058
838	1058
838	1057
841	1057
841	1056
842	1056
842	1052
843	1052
843	1044
842	1044
842	1043
841	1043
841	1040
842	1040
842	1037
844	1037
844	1036
845	1036
845	1032
846	1032
846	1031
847	1031
847	1027
849	1027
849	1026
850	1026
850	1022
854	1022
854	1021
855	1021
855	1016
856	1016
856	1014
857	1014
857	1012
858	1012
858	1011
860	1011
860	1008
862	1008
862	1007
863	1007
863	1006
865	1006
865	1000
866	1000
866	999
865	999
865	997
866	997
866	996
867	996
867	995
868	995
868	992
869	992
869	991
870	991
870	990
871	990
871	989
873	989
873	987
874	987
874	986
875	986
875	985
876	985
876	978
875	978
875	977
870	977
870	976
871	976
871	968
875	968
875	966
876	966
876	961
879	961
879	960
880	960
880	959
881	959
881	958
880	958
880	956
881	956
881	954
882	954
882	952
883	952
883	951
884	951
884	950
885	950
885	947
886	947
886	946
887	946
887	944
888	944
888	941
889	941
889	940
891	940
891	938
892	938
892	936
893	936
893	935
895	935
895	933
896	933
896	930
901	930
901	924
902	924
902	923
903	923
903	922
904	922
904	913
901	913
901	905
902	905
902	904
903	904
903	900
906	900
906	896
907	896
907	895
909	895
909	894
911	894
911	888
912	888
912	887
913	887
913	886
914	886
914	885
915	885
915	884
916	884
916	882
917	882
917	880
918	880
918	881
919	881
919	879
921	879
921	878
922	878
922	876
923	876
923	875
924	875
924	874
926	874
926	869
931	869
931	861
930	861
930	860
927	860
927	859
928	859
928	858
929	858
929	854
933	854
933	850
934	850
934	849
936	849
936	848
937	848
937	845
938	845
938	844
941	844
941	839
942	839
942	838
943	838
943	836
944	836
944	834
946	834
946	831
947	831
947	829
951	829
951	827
952	827
952	826
951	826
951	825
952	825
952	824
953	824
953	819
956	819
956	816
957	816
957	815
958	815
958	814
961	814
961	812
962	812
962	800
961	800
961	799
962	799
962	797
963	797
963	796
964	796
964	794
965	794
965	793
967	793
967	784
971	784
971	783
972	783
972	782
973	782
973	781
974	781
974	778
977	778
977	774
978	774
978	773
981	773
981	772
982	772
982	768
983	768
983	767
984	767
984	765
985	765
985	764
986	764
986	763
987	763
987	761
988	761
988	759
989	759
989	758
991	758
991	757
992	757
992	755
993	755
993	754
994	754
994	753
996	753
996	752
997	752
997	749
998	749
998	737
999	737
999	735
1000	735
1000	732
1002	732
1002	731
1004	731
1004	730
1005	730
1005	728
1006	728
1006	727
1007	727
1007	726
1008	726
1008	724
1007	724
1007	722
1008	722
1008	718
1010	718
1010	717
1012	717
1012	716
1013	716
1013	715
1014	715
1014	714
1015	714
1015	713
1016	713
1016	712
1017	712
1017	709
1018	709
1018	707
1022	707
1022	702
1023	702
1023	700
1024	700
1024	699
1025	699
1025	698
1026	698
1026	697
1028	697
1028	693
1029	693
1029	692
1032	692
1032	691
1033	691
1033	688
1034	688
1034	687
1037	687
1037	686
1038	686
1038	675
1039	675
1039	674
1040	674
1040	672
1042	672
1042	671
1044	671
1044	670
1043	670
1043	669
1044	669
1044	668
1043	668
1043	667
1048	667
1048	666
1049	666
1049	664
1050	664
1050	662
1051	662
1051	661
1053	661
1053	657
1054	657
1054	656
1055	656
1055	654
1056	654
1056	653
1055	653
1055	652
1056	652
1056	651
1058	651
1058	650
1059	650
1059	648
1060	648
1060	647
1062	647
1062	646
1063	646
1063	643
1064	643
1064	642
1065	642
1065	641
1068	641
1068	636
1069	636
1069	635
1070	635
1070	631
1073	631
1073	629
1076	629
1076	627
1077	627
1077	626
1078	626
1078	625
1079	625
1079	621
1083	621
1083	620
1084	620
1084	619
1086	619
1086	617
1087	617
1087	616
1088	616
1088	612
1089	612
1089	609
1090	609
1090	608
1092	608
1092	607
1094	607
1094	601
1098	601
1098	600
1099	600
1099	599
1100	599
1100	597
1101	597
1101	595
1106	595
1106	592
1107	592
1107	591
1109	591
1109	590
1111	590
1111	588
1112	588
1112	587
1114	587
1114	573
1100	573
1100	576
1098	576
1098	577
1094	577
1094	578
1092	578
1092	580
1091	580
1091	581
1090	581
1090	582
1088	582
1088	583
1087	583
1087	586
1083	586
1083	587
1082	587
1082	588
1081	588
1081	589
1080	589
1080	592
1077	592
1077	593
1076	593
1076	595
1072	595
1072	597
1071	597
1071	598
1070	598
1070	599
1067	599
1067	600
1068	600
1068	601
1067	601
1067	602
1068	602
1068	603
1064	603
1064	604
1062	604
1062	605
1061	605
1061	607
1059	607
1059	608
1058	608
1058	609
1057	609
1057	610
1056	610
1056	612
1054	612
1054	613
1053	613
1053	614
1051	614
1051	616
1050	616
1050	617
1049	617
1049	618
1048	618
1048	619
1041	619
1041	621
1040	621
1040	622
1039	622
1039	623
1038	623
1038	624
1037	624
1037	625
1036	625
1036	627
1035	627
1035	626
1034	626
1034	629
1032	629
1032	630
1031	630
1031	631
1030	631
1030	632
1029	632
1029	633
1028	633
1028	634
1027	634
1027	635
1026	635
1026	636
1025	636
1025	637
1024	637
1024	638
1023	638
1023	639
1021	639
1021	640
1020	640
1020	642
1018	642
1018	643
1017	643
1017	644
1015	644
1015	645
1013	645
1013	647
1011	647
1011	648
1009	648
1009	649
1008	649
1008	650
1006	650
1006	652
1005	652
1005	653
1004	653
1004	654
1002	654
1002	655
1001	655
1001	657
1000	657
1000	658
999	658
999	659
998	659
998	660
990	660
990	661
989	661
989	663
988	663
988	664
987	664
987	665
985	665
985	667
984	667
984	668
983	668
983	669
982	669
982	670
981	670
981	671
980	671
980	672
978	672
978	673
977	673
977	674
976	674
976	675
975	675
975	674
974	674
974	677
973	677
973	678
972	678
972	679
971	679
971	680
968	680
968	683
964	683
964	684
963	684
963	685
960	685
960	688
958	688
958	689
957	689
957	690
953	690
953	691
954	691
954	692
953	692
953	693
952	693
952	694
950	694
950	695
940	695
940	698
939	698
939	699
938	699
938	700
935	700
935	701
934	701
934	703
935	703
935	704
933	704
933	706
932	706
932	707
931	707
931	708
929	708
929	709
928	709
928	710
925	710
925	711
924	711
924	713
923	713
923	714
922	714
922	715
920	715
920	716
919	716
919	717
918	717
918	718
917	718
917	719
916	719
916	720
914	720
914	721
913	721
913	723
912	723
912	724
910	724
910	725
908	725
908	726
907	726
907	727
906	727
906	726
905	726
905	725
895	725
895	726
894	726
894	729
893	729
893	730
892	730
892	731
889	731
889	734
888	734
888	735
887	735
887	736
884	736
884	738
883	738
883	739
882	739
882	740
881	740
881	741
879	741
879	742
878	742
878	743
877	743
877	744
875	744
875	745
874	745
874	746
873	746
873	747
872	747
872	749
869	749
869	750
867	750
867	751
864	751
864	752
863	752
863	754
861	754
861	756
856	756
856	753
855	753
855	752
848	752
848	753
847	753
847	754
846	754
846	755
845	755
845	756
843	756
843	758
842	758
842	759
841	759
841	761
838	761
838	763
837	763
837	764
836	764
836	765
835	765
835	766
834	766
834	767
833	767
833	769
831	769
831	770
830	770
830	771
828	771
828	774
824	774
824	775
822	775
822	776
819	776
819	777
818	777
818	779
817	779
817	780
815	780
815	781
814	781
814	780
813	780
813	782
812	782
812	783
811	783
811	784
810	784
810	785
809	785
809	786
808	786
808	787
806	787
806	788
805	788
805	787
804	787
804	788
803	788
803	789
802	789
802	791
800	791
800	789
799	789
799	788
791	788
791	789
790	789
790	788
789	788
789	790
788	790
788	791
787	791
787	792
786	792
786	793
785	793
785	795
783	795
783	796
782	796
782	799
781	799
781	800
777	800
777	802
776	802
776	805
773	805
773	806
772	806
772	807
770	807
770	809
769	809
769	810
766	810
766	811
765	811
765	812
762	812
762	814
760	814
760	815
759	815
759	816
758	816
758	817
755	817
755	819
754	819
754	820
753	820
753	821
747	821
747	822
746	822
746	817
745	817
745	816
736	816
736	817
734	817
734	821
733	821
733	822
727	822
727	823
726	823
726	826
725	826
725	827
722	827
722	828
721	828
721	830
719	830
719	832
716	832
716	834
715	834
715	835
714	835
714	836
712	836
712	837
710	837
710	838
709	838
709	840
706	840
706	841
705	841
705	842
703	842
703	843
701	843
701	845
699	845
699	847
697	847
697	848
696	848
696	850
693	850
693	851
691	851
691	852
688	852
688	847
680	847
680	848
679	848
679	850
678	850
678	852
675	852
675	853
674	853
674	856
670	856
670	857
668	857
668	858
667	858
667	862
661	862
661	863
660	863
660	865
659	865
659	866
656	866
656	867
653	867
653	868
651	868
651	869
650	869
650	870
649	870
649	871
648	871
648	872
647	872
647	873
645	873
645	875
643	875
643	876
640	876
640	878
635	878
635	879
632	879
632	877
618	877
618	878
615	878
615	880
614	880
614	881
613	881
613	882
612	882
612	883
609	883
609	887
606	887
606	888
601	888
601	892
599	892
599	893
595	893
595	894
594	894
594	896
591	896
591	897
590	897
590	898
585	898
585	900
584	900
584	901
582	901
582	902
579	902
579	903
576	903
576	893
567	893
567	894
566	894
566	896
564	896
564	897
563	897
563	898
559	898
559	900
558	900
558	901
556	901
556	902
554	902
554	903
550	903
550	904
549	904
549	906
545	906
545	907
543	907
543	908
539	908
539	909
538	909
538	911
534	911
534	913
525	913
525	914
524	914
524	915
523	915
523	916
519	916
519	917
518	917
518	918
516	918
516	914
515	914
515	913
514	913
514	914
513	914
513	913
508	913
508	914
507	914
507	916
506	916
506	917
504	917
504	918
499	918
499	919
498	919
498	920
497	920
497	921
496	921
496	922
495	922
495	923
488	923
488	925
486	925
486	926
481	926
481	927
478	927
478	928
476	928
476	929
473	929
473	931
470	931
470	932
468	932
468	933
467	933
467	934
465	934
465	933
464	933
464	934
463	934
463	935
462	935
462	937
460	937
460	936
459	936
459	934
457	934
457	933
449	933
449	934
447	934
447	936
445	936
445	937
442	937
442	938
441	938
441	939
440	939
440	938
439	938
439	939
432	939
432	941
427	941
427	943
426	943
426	944
417	944
417	946
416	946
416	947
413	947
413	948
412	948
412	949
407	949
407	951
406	951
406	952
404	952
404	953
403	953
403	954
401	954
401	953
394	953
394	954
391	954
391	955
389	955
389	957
387	957
387	958
382	958
382	959
377	959
377	960
376	960
376	962
374	962
374	964
366	964
366	963
365	963
365	964
362	964
362	965
361	965
361	967
360	967
360	968
359	968
359	969
355	969
355	970
354	970
354	971
353	971
353	972
351	972
351	973
348	973
348	974
346	974
346	976
345	976
345	977
343	977
343	979
335	979
335	980
332	980
332	981
333	981
333	982
331	982
331	983
329	983
329	984
326	984
326	985
325	985
325	986
323	986
323	987
320	987
320	988
318	988
318	989
315	989
315	990
313	990
313	992
312	992
312	993
309	993
309	994
306	994
306	995
303	995
303	997
301	997
301	998
300	998
300	999
296	999
296	1000
295	1000
295	1003
290	1003
290	1004
289	1004
289	1005
288	1005
288	1006
286	1006
286	1007
285	1007
285	1008
283	1008
283	1009
282	1009
282	1010
280	1010
280	1012
279	1012
279	1013
275	1013
275	1014
274	1014
274	1016
270	1016
270	1017
269	1017
269	1018
268	1018
268	1019
267	1019
267	1020
263	1020
263	1021
262	1021
262	1022
261	1022
261	1023
259	1023
259	1024
258	1024
258	1025
255	1025
255	1027
254	1027
254	1028
251	1028
251	1029
249	1029
249	1030
248	1030
248	1031
247	1031
247	1033
244	1033
244	1034
243	1034
243	1035
240	1035
240	1036
239	1036
239	1037
238	1037
238	1038
237	1038
237	1039
236	1039
236	1040
233	1040
233	1041
232	1041
232	1043
228	1043
228	1044
227	1044
227	1045
225	1045
225	1046
224	1046
224	1047
222	1047
222	1048
221	1048
221	1050
217	1050
217	1051
216	1051
216	1050
214	1050
214	1052
213	1052
213	1053
212	1053
212	1054
211	1054
211	1055
206	1055
206	1056
204	1056
204	1058
202	1058
202	1059
199	1059
199	1060
198	1060
198	1062
194	1062
194	1064
192	1064
192	1065
189	1065
189	1066
188	1066
188	1067
184	1067
184	1069
182	1069
182	1070
180	1070
180	1071
176	1071
176	1073
175	1073
175	1074
173	1074
173	1075
170	1075
170	1076
166	1076
166	1078
165	1078
165	1079
163	1079
163	1080
160	1080
160	1081
158	1081
158	1082
157	1082
157	1083
153	1083
153	1084
152	1084
152	1085
150	1085
150	1086
148	1086
148	1087
146	1087
146	1088
144	1088
144	1089
142	1089
142	1090
139	1090
139	1091
137	1091
137	1094
136	1094
136	1095
128	1095
128	1096
126	1096
126	1098
125	1098
125	1099
123	1099
123	1100
121	1100
121	1101
118	1101
118	1102
117	1102
117	1103
113	1103
113	1105
112	1105
112	1106
110	1106
110	1104
109	1104
109	1103
110	1103
110	1101
111	1101
111	1100
112	1100
112	1099
114	1099
114	1098
115	1098
115	1096
116	1096
116	1095
117	1095
117	1094
119	1094
119	1092
120	1092
120	1088
128	1088
128	1087
130	1087
130	1084
134	1084
134	1082
135	1082
135	1080
139	1080
139	1079
140	1079
140	1078
144	1078
144	1077
145	1077
145	1074
150	1074
150	1068
158	1068
158	1067
160	1067
160	1066
161	1066
161	1065
164	1065
164	1064
165	1064
165	1062
170	1062
170	1059
171	1059
171	1058
173	1058
173	1057
175	1057
175	1054
180	1054
180	1052
185	1052
185	1048
187	1048
187	1049
188	1049
188	1048
190	1048
190	1045
191	1045
191	1044
196	1044
196	1043
197	1043
197	1042
200	1042
200	1040
201	1040
201	1039
203	1039
203	1037
204	1037
204	1038
205	1038
205	1035
206	1035
206	1034
208	1034
208	1033
210	1033
210	1032
211	1032
211	1027
220	1027
220	1026
221	1026
221	1024
223	1024
223	1023
225	1023
225	1022
226	1022
226	1017
232	1017
232	1016
236	1016
236	1013
238	1013
238	1012
240	1012
240	1011
241	1011
241	1008
246	1008
246	1005
247	1005
247	1004
248	1004
248	1003
250	1003
250	1002
251	1002
251	1001
256	1001
256	999
257	999
257	998
258	998
258	997
259	997
259	996
261	996
261	995
262	995
262	994
263	994
263	993
265	993
265	992
266	992
266	991
267	991
267	990
268	990
268	989
269	989
269	988
270	988
270	987
271	987
271	986
276	986
276	985
277	985
277	984
276	984
276	983
278	983
278	982
279	982
279	981
282	981
282	979
283	979
283	978
285	978
285	977
286	977
286	976
291	976
291	975
292	975
292	972
293	972
293	971
296	971
296	970
297	970
297	968
299	968
299	967
301	967
301	966
306	966
306	965
307	965
307	963
308	963
308	964
309	964
309	961
311	961
311	960
312	960
312	958
314	958
314	957
316	957
316	956
317	956
317	955
318	955
318	951
327	951
327	948
329	948
329	947
331	947
331	946
332	946
332	943
335	943
335	942
337	942
337	941
338	941
338	940
342	940
342	937
343	937
343	936
347	936
347	933
351	933
351	932
353	932
353	930
358	930
358	928
359	928
359	926
361	926
361	925
363	925
363	922
367	922
367	921
368	921
368	918
369	918
369	917
368	917
368	916
372	916
372	915
378	915
378	914
379	914
379	908
380	908
380	907
383	907
383	906
385	906
385	905
388	905
388	903
390	903
390	902
393	902
393	901
395	901
395	900
398	900
398	898
399	898
399	897
401	897
401	896
404	896
404	895
407	895
407	894
408	894
408	893
409	893
409	892
414	892
414	885
416	885
416	880
419	880
419	879
424	879
424	878
428	878
428	877
429	877
429	876
433	876
433	875
434	875
434	874
439	874
439	871
444	871
444	869
449	869
449	867
450	867
450	859
451	859
451	854
454	854
454	852
457	852
457	851
459	851
459	850
460	850
460	849
469	849
469	847
470	847
470	846
472	846
472	845
474	845
474	844
479	844
479	841
482	841
482	840
483	840
483	839
489	839
489	838
490	838
490	835
495	835
495	824
496	824
496	823
497	823
497	821
499	821
499	820
500	820
500	818
501	818
501	819
503	819
503	818
505	818
505	816
509	816
509	815
510	815
510	814
514	814
514	813
515	813
515	811
520	811
520	809
525	809
525	808
530	808
530	806
532	806
532	805
533	805
533	804
539	804
539	803
541	803
541	796
542	796
542	795
544	795
544	794
546	794
546	793
551	793
551	792
550	792
550	790
555	790
555	789
556	789
556	788
561	788
561	786
565	786
565	785
566	785
566	783
576	783
576	772
575	772
575	771
572	771
572	770
573	770
573	769
575	769
575	768
586	768
586	765
591	765
591	764
593	764
593	763
596	763
596	760
602	760
602	759
606	759
606	758
611	758
611	757
612	757
612	753
620	753
620	752
622	752
622	750
627	750
627	743
628	743
628	740
629	740
629	739
631	739
631	738
632	738
632	733
638	733
638	732
640	732
640	733
642	733
642	732
643	732
643	731
646	731
646	730
648	730
648	729
650	729
650	728
653	728
653	727
657	727
657	724
662	724
662	723
663	723
663	722
664	722
664	723
666	723
666	722
667	722
667	720
671	720
671	719
672	719
672	718
674	718
674	717
682	717
682	715
683	715
683	714
685	714
685	712
687	712
687	709
688	709
688	708
687	708
687	706
688	706
688	705
687	705
687	703
684	703
684	702
687	702
687	699
688	699
688	698
693	698
693	697
702	697
702	696
703	696
703	694
706	694
706	693
707	693
707	692
713	692
713	690
714	690
714	687
728	687
728	684
733	684
733	683
743	683
743	674
740	674
740	672
743	672
743	669
747	669
747	668
749	668
749	667
750	667
750	666
754	666
754	664
756	664
756	663
761	663
761	662
762	662
762	661
768	661
768	660
769	660
769	658
773	658
773	657
776	657
776	656
779	656
779	654
780	654
780	653
779	653
779	652
784	652
784	651
785	651
785	642
789	642
789	641
790	641
790	642
791	642
791	641
792	641
792	642
793	642
793	641
799	641
799	639
801	639
801	638
802	638
802	637
807	637
807	636
814	636
814	633
815	633
815	632
819	632
819	631
824	631
824	629
825	629
825	627
835	627
835	626
837	626
837	625
838	625
838	616
841	616
841	615
842	615
842	616
844	616
844	615
845	615
845	613
849	613
849	612
850	612
850	611
854	611
854	610
855	610
855	607
865	607
865	605
870	605
870	602
880	602
880	600
886	600
886	599
890	599
890	596
893	596
893	595
894	595
894	586
903	586
903	585
911	585
911	583
914	583
914	582
916	582
916	581
921	581
921	579
924	579
924	578
925	578
925	579
926	579
926	578
929	578
929	577
934	577
934	576
936	576
936	575
946	575
946	573
951	573
951	572
956	572
956	571
959	571
959	565
962	565
962	562
964	562
964	563
969	563
969	562
972	562
972	561
977	561
977	560
983	560
983	559
982	559
982	558
983	558
983	557
992	557
992	555
1002	555
1002	552
1007	552
1007	551
1009	551
1009	552
1010	552
1010	551
1013	551
1013	550
1022	550
1022	549
1023	549
1023	545
1032	545
1032	544
1033	544
1033	543
1034	543
1034	542
1037	542
1037	541
1043	541
1043	540
1052	540
1052	539
1054	539
1054	535
1057	535
1057	536
1067	536
1067	535
1068	535
1068	534
1069	534
1069	530
1079	530
1079	518
1076	518
1076	517
1075	517
1075	518
1068	518
1068	517
1067	517
1067	518
1066	518
1066	519
1062	519
1062	522
1042	522
1042	523
1039	523
1039	522
1038	522
1038	523
1036	523
1036	525
1035	525
1035	526
1028	526
1028	524
1027	524
1027	523
1016	523
1016	524
1011	524
1011	525
1006	525
1006	526
1005	526
1005	527
976	527
976	528
969	528
969	529
967	529
967	526
966	526
966	525
955	525
955	526
954	526
954	527
953	527
953	526
951	526
951	527
950	527
950	528
940	528
940	529
939	529
939	530
906	530
906	522
905	522
905	521
896	521
896	522
894	522
894	523
889	523
889	525
888	525
888	526
889	526
889	527
844	527
844	528
835	528
835	527
830	527
830	523
818	523
818	525
809	525
809	526
803	526
803	527
787	527
787	526
784	526
784	518
783	518
783	517
779	517
779	518
776	518
776	517
775	517
775	518
772	518
772	519
771	519
771	520
770	520
770	519
764	519
764	520
762	520
762	521
761	521
761	522
759	522
759	520
748	520
748	519
738	519
738	518
739	518
739	513
738	513
738	512
728	512
728	513
726	513
726	514
727	514
727	515
717	515
717	516
716	516
716	517
687	517
687	516
683	516
683	508
682	508
682	507
671	507
671	510
670	510
670	511
668	511
668	510
630	510
630	511
625	511
625	512
624	512
624	502
622	502
622	501
616	501
616	502
574	502
574	501
568	501
568	500
566	500
566	492
556	492
556	491
551	491
551	488
550	488
550	487
542	487
542	486
536	486
536	485
534	485
534	484
530	484
530	483
525	483
525	482
524	482
524	481
514	481
514	480
510	480
510	477
504	477
504	476
495	476
495	475
494	475
494	474
490	474
490	473
489	473
489	472
480	472
480	471
475	471
475	470
474	470
474	469
464	469
464	467
459	467
459	466
453	466
453	465
448	465
448	464
444	464
444	462
439	462
439	461
434	461
434	460
433	460
433	459
424	459
424	457
418	457
418	456
408	456
408	455
394	455
394	453
393	453
393	452
388	452
388	451
387	451
387	452
384	452
384	451
375	451
375	450
368	450
368	449
352	449
352	447
351	447
351	448
349	448
349	447
343	447
343	446
323	446
323	445
322	445
322	444
307	444
307	442
306	442
306	441
296	441
296	440
291	440
291	439
288	439
288	438
287	438
287	437
286	437
286	436
277	436
277	435
276	435
276	434
272	434
272	432
271	432
271	431
264	431
264	430
263	430
263	427
261	427
261	426
259	426
259	425
258	425
258	426
257	426
257	422
256	422
256	421
254	421
254	420
253	420
253	421
252	421
252	417
251	417
251	416
249	416
249	414
248	414
248	411
247	411
247	410
246	410
246	406
244	406
244	405
243	405
243	404
244	404
244	403
243	403
243	396
244	396
244	398
245	398
245	399
246	399
246	400
249	400
249	403
250	403
250	404
251	404
251	405
253	405
253	407
254	407
254	408
255	408
255	409
257	409
257	411
258	411
258	412
259	412
259	413
261	413
261	414
263	414
263	415
264	415
264	416
265	416
265	418
266	418
266	417
267	417
267	418
270	418
270	419
273	419
273	420
280	420
280	423
285	423
285	424
286	424
286	425
310	425
310	427
311	427
311	428
376	428
376	429
380	429
380	430
381	430
381	429
395	429
395	430
427	430
427	431
432	431
432	433
477	433
477	434
486	434
486	435
501	435
501	436
512	436
512	435
541	435
541	433
542	433
542	432
543	432
543	431
544	431
544	430
548	430
548	431
549	431
549	433
571	433
571	431
572	431
572	432
574	432
574	433
601	433
601	424
602	424
602	423
609	423
609	424
634	424
634	425
640	425
640	427
641	427
641	428
657	428
657	418
665	418
665	419
685	419
685	420
696	420
696	422
697	422
697	423
718	423
718	418
727	418
727	417
728	417
728	416
731	416
731	417
732	417
732	418
747	418
747	419
756	419
756	420
762	420
762	422
763	422
763	423
775	423
775	415
774	415
774	413
780	413
780	414
782	414
782	415
787	415
787	417
788	417
788	418
803	418
803	419
808	419
808	420
810	420
810	419
812	419
812	420
817	420
817	421
818	421
818	422
819	422
819	423
840	423
840	425
850	425
850	416
846	416
846	415
845	415
845	414
846	414
846	413
864	413
864	414
869	414
869	415
873	415
873	417
874	417
874	418
879	418
879	419
884	419
884	420
889	420
889	422
890	422
890	423
900	423
900	422
901	422
901	416
904	416
904	417
905	417
905	418
909	418
909	419
910	419
910	420
918	420
918	419
919	419
919	423
923	423
923	424
924	424
924	425
929	425
929	427
930	427
930	428
935	428
935	429
938	429
938	430
939	430
939	431
944	431
944	432
945	432
945	433
946	433
946	434
948	434
948	435
956	435
956	434
957	434
957	432
958	432
958	431
960	431
960	433
965	433
965	434
967	434
967	435
968	435
968	434
970	434
970	435
973	435
973	436
975	436
975	438
983	438
983	439
985	439
985	440
988	440
988	441
990	441
990	442
991	442
991	443
1000	443
1000	445
1001	445
1001	446
1003	446
1003	447
1004	447
1004	446
1005	446
1005	447
1006	447
1006	448
1010	448
1010	449
1020	449
1020	448
1021	448
1021	449
1025	449
1025	450
1026	450
1026	451
1030	451
1030	452
1031	452
1031	453
1037	453
1037	454
1040	454
1040	455
1041	455
1041	456
1046	456
1046	457
1047	457
1047	458
1051	458
1051	460
1053	460
1053	461
1057	461
1057	462
1056	462
1056	463
1060	463
1060	464
1066	464
1066	465
1070	465
1070	466
1072	466
1072	468
1077	468
1077	469
1081	469
1081	470
1083	470
1083	471
1086	471
1086	472
1087	472
1087	473
1091	473
1091	474
1093	474
1093	475
1099	475
1099	476
1102	476
1102	478
1104	478
1104	479
1113	479
1113	478
1115	478
1115	474
1114	474
1114	471
1115	471
1115	470
1114	470
1114	469
1115	469
1115	465
1114	465
1114	464
1109	464
1109	461
1108	461
1108	460
1106	460
1106	459
1105	459
1105	458
1104	458
1104	457
1103	457
1103	456
1101	456
1101	455
1100	455
1100	454
1099	454
1099	452
1098	452
1098	451
1095	451
1095	450
1093	450
1093	449
1090	449
1090	448
1089	448
1089	446
1088	446
1088	441
1085	441
1085	440
1083	440
1083	439
1079	439
1079	437
1078	437
1078	436
1072	436
1072	435
1071	435
1071	434
1070	434
1070	433
1069	433
1069	432
1068	432
1068	431
1067	431
1067	430
1066	430
1066	429
1065	429
1065	428
1064	428
1064	427
1063	427
1063	426
1062	426
1062	425
1060	425
1060	424
1059	424
1059	422
1058	422
1058	421
1055	421
1055	418
1054	418
1054	419
1053	419
1053	417
1052	417
1052	416
1048	416
1048	415
1047	415
1047	414
1044	414
1044	413
1043	413
1043	405
1041	405
1041	404
1039	404
1039	403
1038	403
1038	401
1036	401
1036	400
1035	400
1035	399
1034	399
1034	398
1033	398
1033	397
1032	397
1032	396
1030	396
1030	395
1029	395
1029	394
1027	394
1027	393
1025	393
1025	391
1024	391
1024	390
1021	390
1021	389
1020	389
1020	388
1019	388
1019	386
1017	386
1017	385
1016	385
1016	384
1014	384
1014	382
1013	382
1013	380
1012	380
1012	379
1010	379
1010	378
1009	378
1009	377
1008	377
1008	376
1007	376
1007	375
1004	375
1004	373
1002	373
1002	371
1001	371
1001	369
1002	369
1002	360
1000	360
1000	359
999	359
999	358
998	358
998	357
997	357
997	355
994	355
994	354
992	354
992	350
987	350
987	349
985	349
985	348
984	348
984	347
983	347
983	346
982	346
982	345
981	345
981	344
977	344
977	336
972	336
972	331
971	331
971	330
970	330
970	329
968	329
968	328
967	328
967	326
962	326
962	324
961	324
961	315
959	315
959	314
958	314
958	313
957	313
957	312
955	312
955	311
954	311
954	310
953	310
953	309
949	309
949	308
948	308
948	307
947	307
947	305
946	305
946	302
945	302
945	301
944	301
944	300
942	300
942	299
941	299
941	294
938	294
938	293
939	293
939	292
936	292
936	289
934	289
934	287
933	287
933	286
932	286
932	285
931	285
931	283
929	283
929	282
928	282
928	281
927	281
927	280
926	280
926	269
924	269
924	268
923	268
923	267
922	267
922	266
921	266
921	264
919	264
919	263
918	263
918	261
917	261
917	260
916	260
916	258
915	258
915	257
913	257
913	256
912	256
912	254
911	254
911	249
908	249
908	247
907	247
907	244
906	244
906	243
905	243
905	239
903	239
903	238
902	238
902	237
901	237
901	234
900	234
900	233
898	233
898	229
897	229
897	228
895	228
895	224
894	224
894	223
892	223
892	221
891	221
891	218
889	218
889	217
888	217
888	214
887	214
887	213
886	213
886	209
885	209
885	208
884	208
884	207
883	207
883	206
882	206
882	204
881	204
881	203
880	203
880	199
879	199
879	198
877	198
877	195
876	195
876	193
875	193
875	188
873	188
873	187
872	187
872	185
871	185
871	183
870	183
870	182
866	182
866	173
865	173
865	168
864	168
864	167
862	167
862	164
861	164
861	162
860	162
860	158
859	158
859	157
858	157
858	155
857	155
857	154
856	154
856	153
855	153
855	147
852	147
852	141
851	141
851	138
850	138
850	132
848	132
848	127
847	127
847	125
846	125
846	123
845	123
845	117
844	117
844	116
842	116
842	103
846	103
846	104
847	104
847	107
848	107
848	109
849	109
849	110
851	110
851	112
852	112
852	114
853	114
853	117
854	117
854	120
857	120
857	124
858	124
858	126
859	126
859	128
860	128
860	129
861	129
861	131
862	131
862	133
863	133
863	134
868	134
868	140
869	140
869	143
870	143
870	144
871	144
871	146
872	146
872	148
873	148
873	149
875	149
875	153
876	153
876	155
877	155
877	157
878	157
878	159
880	159
880	160
881	160
881	161
882	161
882	164
883	164
883	165
884	165
884	166
885	166
885	167
887	167
887	170
888	170
888	171
889	171
889	174
892	174
892	176
893	176
893	178
894	178
894	179
896	179
896	180
897	180
897	182
899	182
899	184
900	184
900	185
901	185
901	189
902	189
902	190
904	190
904	193
905	193
905	194
906	194
906	195
907	195
907	196
908	196
908	197
909	197
909	199
911	199
911	200
912	200
912	201
913	201
913	204
915	204
915	205
917	205
917	207
919	207
919	209
920	209
920	211
922	211
922	212
923	212
923	213
924	213
924	214
925	214
925	215
926	215
926	217
927	217
927	219
928	219
928	220
930	220
930	221
932	221
932	222
933	222
933	223
934	223
934	225
935	225
935	226
937	226
937	227
938	227
938	230
940	230
940	232
942	232
942	234
943	234
943	235
948	235
948	236
949	236
949	239
950	239
950	240
952	240
952	241
953	241
953	242
954	242
954	243
953	243
953	244
955	244
955	247
956	247
956	246
957	246
957	247
959	247
959	248
960	248
960	250
961	250
961	251
962	251
962	250
964	250
964	252
965	252
965	255
967	255
967	256
968	256
968	255
969	255
969	256
970	256
970	260
975	260
975	262
976	262
976	263
979	263
979	264
980	264
980	265
982	265
982	266
984	266
984	270
985	270
985	272
986	272
986	273
989	273
989	274
990	274
990	275
991	275
991	276
993	276
993	278
995	278
995	280
996	280
996	281
1006	281
1006	286
1009	286
1009	287
1010	287
1010	290
1011	290
1011	291
1014	291
1014	292
1015	292
1015	293
1016	293
1016	295
1017	295
1017	296
1021	296
1021	301
1027	301
1027	303
1028	303
1028	306
1030	306
1030	307
1031	307
1031	309
1033	309
1033	310
1034	310
1034	311
1035	311
1035	310
1036	310
1036	316
1040	316
1040	317
1041	317
1041	321
1043	321
1043	322
1044	322
1044	323
1045	323
1045	324
1046	324
1046	326
1048	326
1048	327
1049	327
1049	329
1050	329
1050	331
1055	331
1055	332
1056	332
1056	331
1057	331
1057	332
1059	332
1059	336
1061	336
1061	340
1062	340
1062	341
1063	341
1063	342
1066	342
1066	345
1067	345
1067	347
1071	347
1071	349
1072	349
1072	350
1075	350
1075	351
1076	351
1076	354
1077	354
1077	356
1078	356
1078	357
1082	357
1082	362
1085	362
1085	363
1086	363
1086	364
1087	364
1087	367
1091	367
1091	368
1092	368
1092	372
1100	372
1100	373
1101	373
1101	377
1105	377
1105	383
1106	383
1106	384
1107	384
1107	387
1110	387
1110	388
1112	388
1112	392
1113	392
1113	393
1115	393
1115	394
1117	394
1117	395
1118	395
1118	396
1117	396
1117	397
1119	397
1119	398
1120	398
1120	399
1121	399
1121	400
1122	400
1122	402
1125	402
1125	403
1126	403
1126	405
1127	405
1127	407
1129	407
1129	408
1131	408
1131	410
1132	410
1132	412
1133	412
1133	413
1135	413
1135	415
1136	415
1136	418
1138	418
1138	419
1139	419
1139	420
1140	420
1140	422
1141	422
1141	423
1144	423
1144	427
1145	427
1145	428
1146	428
1146	432
1148	432
1148	433
1152	433
1152	434
1153	434
1153	438
1156	438
1156	440
1157	440
1157	442
1158	442
1158	443
1159	443
1159	444
1161	444
1161	445
1163	445
1163	448
1164	448
1164	449
1165	449
1165	450
1164	450
1164	451
1166	451
1166	453
1167	453
1167	454
1169	454
1169	455
1170	455
1170	456
1171	456
1171	458
1172	458
1172	461
1173	461
1173	463
1174	463
1174	464
1176	464
1176	470
1177	470
1177	472
1178	472
1178	473
1179	473
1179	474
1180	474
1180	478
1181	478
1181	483
1182	483
1182	484
1183	484
1183	488
1184	488
1184	489
1185	489
1185	491
1186	491
1186	494
1187	494
1187	497
1188	497
1188	498
1197	498
1197	496
1198	496
1198	494
1200	494
1200	492
1201	492
1201	491
1203	491
1203	489
1205	489
1205	487
1206	487
1206	485
1207	485
1207	484
1208	484
1208	483
1209	483
1209	479
1216	479
1216	476
1218	476
1218	474
1225	474
1225	473
1226	473
1226	470
1227	470
1227	469
1228	469
1228	468
1231	468
1231	467
1232	467
1232	466
1234	466
1234	465
1236	465
1236	463
1237	463
1237	462
1240	462
1240	461
1242	461
1242	460
1243	460
1243	459
1246	459
1246	456
1250	456
1250	455
1251	455
1251	454
1252	454
1252	453
1256	453
1256	451
1259	451
1259	450
1260	450
1260	449
1263	449
1263	448
1266	448
1266	446
1274	446
1274	444
1276	444
1276	443
1277	443
1277	442
1278	442
1278	441
1279	441
1279	439
1282	439
1282	438
1286	438
1286	437
1287	437
1287	435
1288	435
1288	434
1290	434
1290	433
1293	433
1293	432
1294	432
1294	431
1295	431
1295	430
1296	430
1296	429
1299	429
1299	428
1301	428
1301	427
1302	427
1302	426
1303	426
1303	425
1304	425
1304	424
1307	424
1307	423
1311	423
1311	422
1312	422
1312	421
1314	421
1314	420
1315	420
1315	419
1317	419
1317	418
1321	418
1321	417
1322	417
1322	416
1323	416
1323	415
1326	415
1326	414
1328	414
1328	413
1332	413
1332	410
1333	410
1333	411
1334	411
1334	408
1335	408
1335	407
1337	407
1337	406
1338	406
1338	405
1350	405
1350	403
1352	403
1352	402
1354	402
1354	400
1356	400
1356	399
1357	399
1357	398
1359	398
1359	397
1363	397
1363	394
1365	394
1365	393
1366	393
1366	392
1368	392
1368	388
1370	388
1370	387
1378	387
1378	385
1379	385
1379	384
1380	384
1380	385
1382	385
1382	384
1383	384
1383	383
1384	383
1384	382
1388	382
1388	380
1391	380
1391	379
1392	379
1392	378
1394	378
1394	377
1398	377
1398	374
1402	374
1402	373
1405	373
1405	374
1406	374
1406	376
1416	376
1416	375
1418	375
1418	374
1420	374
1420	373
1422	373
1422	372
1423	372
1423	371
1425	371
1425	370
1426	370
1426	369
1427	369
1427	368
1429	368
1429	367
1434	367
1434	365
1437	365
1437	364
1439	364
1439	363
1444	363
1444	362
1445	362
1445	360
1446	360
1446	361
1447	361
1447	360
1450	360
1450	359
1452	359
1452	358
1453	358
1453	357
1458	357
1458	356
1460	356
1460	355
1461	355
1461	354
1464	354
1464	353
1466	353
1466	352
1473	352
1473	351
1474	351
1474	348
1478	348
1478	352
1479	352
1479	353
1486	353
1486	352
1489	352
1489	351
1490	351
1490	350
1492	350
1492	347
1509	347
1509	346
1510	346
1510	345
1512	345
1512	344
1516	344
1516	343
1520	343
1520	342
1524	342
1524	341
1525	341
1525	340
1530	340
1530	339
1533	339
1533	338
1536	338
1536	337
1541	337
1541	336
1545	336
1545	335
1546	335
1546	334
1551	334
1551	333
1555	333
1555	332
1559	332
1559	331
1560	331
1560	330
1565	330
1565	329
1566	329
1566	328
1570	328
1570	327
1575	327
1575	326
1576	326
1576	325
1580	325
1580	324
1584	324
1584	323
1586	323
1586	322
1587	322
1587	321
1591	321
1591	319
1595	319
1595	318
1600	318
1600	317
1602	317
1602	316
1606	316
1606	314
1608	314
1608	313
1615	313
1615	312
1616	312
1616	311
1621	311
1621	309
1622	309
1622	308
1623	308
1623	307
1624	307
1624	308
1625	308
1625	307
1626	307
1626	306
1631	306
1631	305
1632	305
1632	303
1637	303
1637	302
1638	302
1638	301
1642	301
1642	298
1647	298
1647	297
1648	297
1648	296
1652	296
1652	293
1657	293
1657	292
1659	292
1659	291
1662	291
1662	289
1663	289
1663	288
1667	288
1667	287
1668	287
1668	286
1671	286
1671	285
1673	285
1673	284
1674	284
1674	283
1677	283
1677	282
1679	282
1679	281
1681	281
1681	280
1682	280
1682	277
1687	277
1687	276
1688	276
1688	275
1691	275
1691	276
1692	276
1692	273
1694	273
1694	272
1697	272
1697	271
1698	271
1698	270
1700	270
1700	268
1701	268
1701	267
1703	267
1703	266
1706	266
1706	265
1708	265
1708	263
1711	263
1711	262
1713	262
1713	260
1714	260
1714	259
1715	259
1715	258
1716	258
1716	257
1721	257
1721	256
1722	256
1722	255
1723	255
1723	253
1725	253
1725	252
1727	252
1727	251
1730	251
1730	250
1733	250
1733	248
1735	248
1735	249
1734	249
1734	254
1732	254
1732	255
1731	255
1731	258
1730	258
1730	259
1728	259
1728	260
1727	260
1727	264
1724	264
1724	265
1723	265
1723	266
1722	266
1722	267
1721	267
1721	268
1720	268
1720	269
1719	269
1719	270
1718	270
1718	271
1717	271
1717	272
1716	272
1716	278
1711	278
1711	279
1706	279
1706	283
1705	283
1705	284
1701	284
1701	285
1700	285
1700	286
1699	286
1699	287
1697	287
1697	288
1696	288
1696	289
1691	289
1691	291
1689	291
1689	293
1688	293
1688	294
1686	294
1686	295
1685	295
1685	297
1681	297
1681	299
1676	299
1676	302
1674	302
1674	303
1673	303
1673	304
1671	304
1671	305
1670	305
1670	307
1666	307
1666	308
1665	308
1665	309
1663	309
1663	310
1662	310
1662	309
1661	309
1661	310
1660	310
1660	312
1659	312
1659	313
1658	313
1658	314
1656	314
1656	315
1655	315
1655	316
1654	316
1654	317
1653	317
1653	318
1652	318
1652	319
1651	319
1651	320
1650	320
1650	321
1645	321
1645	324
1643	324
1643	325
1640	325
1640	327
1638	327
1638	328
1636	328
1636	329
1633	329
1633	330
1630	330
1630	332
1627	332
1627	334
1626	334
1626	335
1624	335
1624	336
1623	336
1623	338
1622	338
1622	337
1621	337
1621	339
1620	339
1620	340
1615	340
1615	342
1614	342
1614	344
1609	344
1609	345
1604	345
1604	346
1605	346
1605	347
1604	347
1604	348
1602	348
1602	349
1601	349
1601	350
1600	350
1600	351
1599	351
1599	352
1598	352
1598	353
1595	353
1595	354
1592	354
1592	355
1589	355
1589	357
1588	357
1588	358
1585	358
1585	359
1584	359
1584	360
1579	360
1579	362
1578	362
1578	363
1574	363
1574	367
1573	367
1573	368
1568	368
1568	369
1567	369
1567	370
1564	370
1564	372
1563	372
1563	373
1560	373
1560	374
1558	374
1558	375
1555	375
1555	376
1554	376
1554	377
1553	377
1553	378
1554	378
1554	379
1553	379
1553	380
1545	380
1545	381
1544	381
1544	382
1543	382
1543	383
1540	383
1540	384
1537	384
1537	385
1534	385
1534	386
1533	386
1533	390
1528	390
1528	391
1526	391
1526	393
1524	393
1524	394
1521	394
1521	395
1519	395
1519	396
1518	396
1518	398
1516	398
1516	399
1513	399
1513	401
1508	401
1508	404
1506	404
1506	405
1505	405
1505	406
1503	406
1503	408
1499	408
1499	409
1496	409
1496	411
1493	411
1493	412
1488	412
1488	413
1485	413
1485	414
1483	414
1483	415
1482	415
1482	416
1473	416
1473	421
1472	421
1472	423
1471	423
1471	424
1470	424
1470	425
1468	425
1468	426
1461	426
1461	427
1462	427
1462	430
1459	430
1459	431
1453	431
1453	432
1452	432
1452	433
1450	433
1450	434
1447	434
1447	436
1439	436
1439	437
1437	437
1437	438
1433	438
1433	439
1427	439
1427	440
1425	440
1425	446
1421	446
1421	447
1420	447
1420	446
1418	446
1418	447
1417	447
1417	449
1414	449
1414	450
1412	450
1412	451
1407	451
1407	452
1406	452
1406	454
1403	454
1403	455
1401	455
1401	456
1398	456
1398	457
1395	457
1395	458
1391	458
1391	460
1388	460
1388	461
1381	461
1381	462
1380	462
1380	467
1376	467
1376	469
1367	469
1367	470
1366	470
1366	471
1363	471
1363	472
1361	472
1361	473
1356	473
1356	475
1353	475
1353	476
1350	476
1350	477
1346	477
1346	479
1345	479
1345	482
1330	482
1330	483
1326	483
1326	484
1323	484
1323	485
1321	485
1321	487
1320	487
1320	489
1311	489
1311	490
1310	490
1310	491
1308	491
1308	492
1305	492
1305	495
1299	495
1299	499
1300	499
1300	500
1299	500
1299	504
1301	504
1301	505
1308	505
1308	504
1309	504
1309	505
1310	505
1310	506
1311	506
1311	507
1322	507
1322	506
1323	506
1323	505
1324	505
1324	506
1326	506
1326	505
1332	505
1332	506
1335	506
1335	507
1361	507
1361	509
1408	509
1408	510
1410	510
1410	511
1411	511
1411	514
1448	514
1448	515
1455	515
1455	516
1473	516
1473	517
1475	517
1475	524
1484	524
1484	523
1493	523
1493	524
1506	524
1506	525
1513	525
1513	526
1531	526
1531	527
1533	527
1533	535
1534	535
1534	536
1564	536
1564	539
1570	539
1570	540
1577	540
1577	541
1580	541
1580	542
1589	542
1589	543
1590	543
1590	544
1591	544
1591	545
1592	545
1592	546
1590	546
1590	547
1589	547
1589	554
1590	554
1590	555
1611	555
1611	556
1612	556
1612	557
1618	557
1618	558
1619	558
1619	559
1620	559
1620	560
1630	560
1630	562
1634	562
1634	563
1640	563
1640	564
1641	564
1641	565
1645	565
1645	566
1648	566
1648	567
1650	567
1650	570
1652	570
1652	580
1667	580
1667	581
1675	581
1675	582
1680	582
1680	583
1685	583
1685	584
1686	584
1686	585
1692	585
1692	586
1695	586
1695	587
1698	587
1698	588
1701	588
1701	590
1708	590
1708	591
1711	591
1711	600
1710	600
1710	601
1711	601
1711	603
1712	603
1712	602
1713	602
1713	603
1718	603
1718	605
1722	605
1722	606
1725	606
1725	607
1731	607
1731	608
1736	608
1736	609
1737	609
1737	611
1738	611
1738	612
1739	612
1739	611
1743	611
1743	612
1745	612
1745	613
1747	613
1747	616
1752	616
1752	617
1757	617
1757	619
1761	619
1761	620
1762	620
1762	621
1764	621
1764	624
1765	624
1765	625
1764	625
1764	626
1765	626
1765	627
1764	627
1764	628
1767	628
1767	631
1777	631
1777	632
1787	632
1787	635
1788	635
1788	636
1797	636
1797	637
1798	637
1798	638
1800	638
1800	639
1803	639
1803	641
1819	641
1819	651
1827	651
1827	652
1828	652
1828	653
1833	653
1833	656
1840	656
1840	657
1844	657
1844	658
1852	658
1852	659
1856	659
1856	660
1858	660
1858	661
1867	661
1867	662
1868	662
1868	663
1872	663
1872	664
1874	664
1874	665
1873	665
1873	666
1882	666
1882	667
1884	667
1884	668
1890	668
1890	669
1897	669
1897	670
1899	670
1899	671
1903	671
1903	672
1909	672
1909	676
1910	676
1910	677
1911	677
1911	676
1912	676
1912	677
1913	677
1913	676
1917	676
1917	677
1923	677
1923	678
1925	678
1925	679
1929	679
1929	680
1934	680
1934	681
1935	681
1935	682
1938	682
1938	681
1939	681
1939	682
1944	682
1944	683
1949	683
1949	684
1955	684
1955	685
1959	685
1959	686
1961	686
1961	687
1969	687
1969	688
1976	688
1976	689
1980	689
1980	690
1985	690
1985	691
1986	691
1986	692
2000	692
2000	693
2011	693
2011	694
2020	694
2020	695
2021	695
2021	697
2056	697
2056	698
2066	698
2066	699
2083	699
2083	698
2084	698
2084	697
2098	697
2098	696
2099	696
2099	695
2104	695
2104	694
2109	694
2109	695
2113	695
2113	694
2115	694
2115	693
2119	693
2119	691
2120	691
2120	689
2121	689
2121	688
2122	688
2122	687
2124	687
2124	686
2125	686
2125	685
2126	685
2126	683
2127	683
2127	682
2128	682
2128	681
2129	681
2129	679
2130	679
2130	677
2131	677
2131	675
2132	675
2132	674
2133	674
2133	673
2134	673
2134	667
2136	667
2136	671
2137	671
2137	679
2135	679
2135	680
2132	680
2132	685
2131	685
2131	686
2130	686
2130	690
2128	690
2128	691
2127	691
2127	695
2122	695
2122	698
2119	698
2119	699
2117	699
2117	702
2116	702
2116	703
2115	703
2115	704
2114	704
2114	705
2103	705
2103	706
2102	706
2102	708
2097	708
2097	709
2093	709
2093	710
2087	710
2087	711
2083	711
2083	712
2076	712
2076	715
2070	715
2070	714
2057	714
2057	715
2023	715
2023	714
2020	714
2020	715
1992	715
1992	714
1990	714
1990	715
1977	715
1977	712
1971	712
1971	711
1965	711
1965	710
1950	710
1950	709
1941	709
1941	710
1927	710
1927	709
1926	709
1926	708
1924	708
1924	707
1923	707
1923	708
1921	708
1921	707
1891	707
1891	706
1890	706
1890	705
1849	705
1849	704
1828	704
1828	708
1824	708
1824	707
1820	707
1820	706
1819	706
1819	705
1808	705
1808	704
1798	704
1798	705
1794	705
1794	701
1793	701
1793	700
1782	700
1782	701
1781	701
1781	702
1777	702
1777	701
1776	701
1776	702
1774	702
1774	701
1773	701
1773	700
1763	700
1763	699
1758	699
1758	697
1753	697
1753	696
1752	696
1752	695
1747	695
1747	694
1737	694
1737	695
1734	695
1734	694
1732	694
1732	695
1731	695
1731	699
1729	699
1729	700
1723	700
1723	699
1718	699
1718	697
1713	697
1713	696
1712	696
1712	695
1707	695
1707	694
1704	694
1704	693
1702	693
1702	692
1698	692
1698	690
1696	690
1696	689
1693	689
1693	688
1690	688
1690	686
1689	686
1689	685
1687	685
1687	684
1683	684
1683	683
1681	683
1681	682
1680	682
1680	681
1679	681
1679	680
1670	680
1670	686
1667	686
1667	685
1662	685
1662	684
1659	684
1659	683
1656	683
1656	682
1655	682
1655	681
1654	681
1654	682
1653	682
1653	681
1652	681
1652	680
1648	680
1648	679
1645	679
1645	677
1643	677
1643	676
1641	676
1641	675
1638	675
1638	674
1637	674
1637	673
1635	673
1635	672
1633	672
1633	671
1632	671
1632	670
1624	670
1624	671
1623	671
1623	673
1622	673
1622	675
1621	675
1621	674
1619	674
1619	673
1616	673
1616	672
1612	672
1612	671
1611	671
1611	670
1610	670
1610	669
1605	669
1605	668
1602	668
1602	667
1601	667
1601	665
1594	665
1594	664
1593	664
1593	663
1592	663
1592	662
1591	662
1591	660
1587	660
1587	659
1585	659
1585	658
1582	658
1582	657
1574	657
1574	658
1573	658
1573	659
1566	659
1566	658
1560	658
1560	657
1559	657
1559	656
1558	656
1558	657
1556	657
1556	655
1555	655
1555	654
1550	654
1550	653
1547	653
1547	652
1544	652
1544	651
1543	651
1543	652
1542	652
1542	651
1540	651
1540	649
1536	649
1536	648
1535	648
1535	647
1533	647
1533	646
1531	646
1531	645
1529	645
1529	644
1520	644
1520	640
1519	640
1519	639
1508	639
1508	644
1507	644
1507	643
1499	643
1499	642
1495	642
1495	640
1494	640
1494	639
1490	639
1490	638
1487	638
1487	637
1484	637
1484	636
1479	636
1479	634
1477	634
1477	633
1475	633
1475	632
1472	632
1472	631
1471	631
1471	630
1470	630
1470	629
1469	629
1469	628
1465	628
1465	627
1464	627
1464	625
1463	625
1463	624
1451	624
1451	625
1450	625
1450	628
1448	628
1448	627
1447	627
1447	626
1446	626
1446	624
1442	624
1442	623
1441	623
1441	622
1440	622
1440	621
1438	621
1438	620
1433	620
1433	619
1432	619
1432	618
1431	618
1431	617
1430	617
1430	616
1428	616
1428	614
1421	614
1421	612
1419	612
1419	611
1418	611
1418	609
1415	609
1415	608
1412	608
1412	607
1410	607
1410	606
1409	606
1409	605
1408	605
1408	604
1405	604
1405	603
1403	603
1403	602
1394	602
1394	603
1393	603
1393	604
1392	604
1392	603
1390	603
1390	602
1388	602
1388	601
1383	601
1383	599
1381	599
1381	598
1380	598
1380	599
1379	599
1379	598
1378	598
1378	597
1375	597
1375	596
1373	596
1373	594
1371	594
1371	593
1368	593
1368	592
1367	592
1367	591
1363	591
1363	590
1362	590
1362	589
1359	589
1359	588
1358	588
1358	587
1355	587
1355	586
1352	586
1352	584
1350	584
1350	583
1347	583
1347	582
1344	582
1344	581
1343	581
1343	579
1341	579
1341	578
1337	578
1337	579
1336	579
1336	578
1335	578
1335	579
1334	579
1334	578
1330	578
1330	577
1328	577
1328	576
1327	576
1327	574
1326	574
1326	573
1321	573
1321	572
1319	572
1319	571
1317	571
1317	569
1316	569
1316	568
1305	568
1305	569
1304	569
1304	574
1305	574
1305	575
1304	575
1304	576
1305	576
1305	577
1304	577
1304	579
1305	579
1305	582
1308	582
1308	583
1310	583
1310	586
1312	586
1312	587
1314	587
1314	588
1315	588
1315	590
1321	590
1321	591
1325	591
1325	595
1326	595
1326	596
1330	596
1330	600
1332	600
1332	601
1334	601
1334	602
1335	602
1335	603
1336	603
1336	605
1341	605
1341	606
1342	606
1342	607
1344	607
1344	608
1346	608
1346	610
1347	610
1347	611
1351	611
1351	613
1354	613
1354	614
1356	614
1356	616
1358	616
1358	617
1360	617
1360	618
1361	618
1361	620
1362	620
1362	621
1366	621
1366	623
1370	623
1370	624
1371	624
1371	626
1372	626
1372	627
1373	627
1373	628
1374	628
1374	629
1376	629
1376	630
1377	630
1377	631
1381	631
1381	632
1382	632
1382	633
1383	633
1383	634
1384	634
1384	635
1385	635
1385	637
1384	637
1384	639
1385	639
1385	641
1389	641
1389	642
1390	642
1390	643
1391	643
1391	645
1392	645
