1270	727
1271	727
1271	728
1273	728
1273	733
1274	733
1274	744
1273	744
1273	745
1272	745
1272	744
1267	744
1267	743
1266	743
1266	742
1255	742
1255	743
1254	743
1254	751
1255	751
1255	752
1256	752
1256	753
1257	753
1257	755
1258	755
1258	758
1259	758
1259	763
1261	763
1261	765
1262	765
1262	769
1264	769
1264	773
1265	773
1265	775
1266	775
1266	776
1267	776
1267	779
1268	779
1268	780
1269	780
1269	784
1270	784
1270	791
1271	791
1271	792
1272	792
1272	794
1273	794
1273	796
1274	796
1274	801
1275	801
1275	805
1276	805
1276	810
1277	810
1277	813
1278	813
1278	815
1277	815
1277	816
1278	816
1278	818
1279	818
1279	823
1280	823
1280	827
1279	827
1279	833
1278	833
1278	835
1277	835
1277	837
1276	837
1276	839
1273	839
1273	838
1264	838
1264	850
1265	850
1265	851
1267	851
1267	852
1268	852
1268	855
1267	855
1267	856
1270	856
1270	862
1271	862
1271	863
1272	863
1272	862
1273	862
1273	866
1274	866
1274	868
1275	868
1275	871
1276	871
1276	874
1278	874
1278	877
1279	877
1279	880
1280	880
1280	885
1281	885
1281	887
1282	887
1282	891
1283	891
1283	894
1284	894
1284	896
1285	896
1285	901
1286	901
1286	904
1287	904
1287	914
1286	914
1286	921
1278	921
1278	919
1265	919
1265	929
1267	929
1267	932
1268	932
1268	933
1269	933
1269	935
1270	935
1270	937
1271	937
1271	938
1272	938
1272	940
1273	940
1273	941
1274	941
1274	943
1275	943
1275	944
1276	944
1276	949
1277	949
1277	951
1278	951
1278	954
1279	954
1279	960
1280	960
1280	961
1282	961
1282	967
1284	967
1284	969
1285	969
1285	973
1287	973
1287	979
1289	979
1289	984
1290	984
1290	990
1291	990
1291	999
1290	999
1290	1000
1289	1000
1289	999
1287	999
1287	998
1283	998
1283	997
1281	997
1281	996
1272	996
1272	995
1271	995
1271	996
1269	996
1269	998
1268	998
1268	1000
1269	1000
1269	1002
1268	1002
1268	1004
1269	1004
1269	1007
1270	1007
1270	1008
1271	1008
1271	1010
1272	1010
1272	1012
1273	1012
1273	1015
1274	1015
1274	1019
1275	1019
1275	1020
1276	1020
1276	1031
1277	1031
1277	1032
1278	1032
1278	1031
1279	1031
1279	1037
1280	1037
1280	1039
1281	1039
1281	1042
1282	1042
1282	1044
1281	1044
1281	1045
1282	1045
1282	1048
1283	1048
1283	1051
1284	1051
1284	1054
1285	1054
1285	1059
1286	1059
1286	1063
1285	1063
1285	1064
1286	1064
1286	1068
1285	1068
1285	1069
1284	1069
1284	1070
1283	1070
1283	1069
1284	1069
1284	1068
1281	1068
1281	1067
1264	1067
1264	1078
1266	1078
1266	1081
1267	1081
1267	1083
1268	1083
1268	1084
1269	1084
1269	1085
1270	1085
1270	1095
1272	1095
1272	1100
1273	1100
1273	1104
1274	1104
1274	1106
1275	1106
1275	1112
1276	1112
1276	1118
1277	1118
1277	1119
1278	1119
1278	1120
1279	1120
1279	1136
1280	1136
1280	1139
1279	1139
1279	1140
1278	1140
1278	1146
1276	1146
1276	1147
1275	1147
1275	1146
1274	1146
1274	1145
1273	1145
1273	1144
1270	1144
1270	1143
1258	1143
1258	1153
1259	1153
1259	1155
1260	1155
1260	1157
1261	1157
1261	1160
1262	1160
1262	1163
1263	1163
1263	1167
1264	1167
1264	1169
1265	1169
1265	1171
1266	1171
1266	1175
1267	1175
1267	1182
1268	1182
1268	1187
1269	1187
1269	1189
1270	1189
1270	1212
1269	1212
1269	1214
1268	1214
1268	1217
1267	1217
1267	1220
1264	1220
1264	1218
1263	1218
1263	1217
1261	1217
1261	1216
1260	1216
1260	1215
1250	1215
1250	1218
1249	1218
1249	1219
1250	1219
1250	1220
1249	1220
1249	1221
1250	1221
1250	1222
1249	1222
1249	1223
1250	1223
1250	1227
1251	1227
1251	1229
1252	1229
1252	1233
1253	1233
1253	1247
1255	1247
1255	1260
1256	1260
1256	1264
1257	1264
1257	1265
1256	1265
1256	1266
1257	1266
1257	1268
1256	1268
1256	1271
1255	1271
1255	1280
1254	1280
1254	1282
1253	1282
1253	1285
1251	1285
1251	1284
1250	1284
1250	1283
1249	1283
1249	1282
1241	1282
1241	1283
1240	1283
1240	1292
1241	1292
1241	1304
1242	1304
1242	1305
1243	1305
1243	1311
1244	1311
1244	1317
1245	1317
1245	1324
1244	1324
1244	1332
1242	1332
1242	1333
1241	1333
1241	1341
1237	1341
1237	1340
1230	1340
1230	1341
1229	1341
1229	1350
1230	1350
1230	1352
1231	1352
1231	1366
1230	1366
1230	1368
1229	1368
1229	1369
1230	1369
1230	1371
1229	1371
1229	1374
1230	1374
1230	1380
1229	1380
1229	1389
1228	1389
1228	1392
1229	1392
1229	1394
1228	1394
1228	1406
1229	1406
1229	1416
1228	1416
1228	1425
1229	1425
1229	1429
1228	1429
1228	1445
1229	1445
1229	1448
1228	1448
1228	1456
1229	1456
1229	1463
1228	1463
1228	1467
1227	1467
1227	1482
1228	1482
1228	1486
1229	1486
1229	1504
1230	1504
1230	1508
1231	1508
1231	1512
1232	1512
1232	1519
1233	1519
1233	1531
1234	1531
1234	1536
1235	1536
1235	1547
1236	1547
1236	1550
1237	1550
1237	1552
1238	1552
1238	1556
1239	1556
1239	1567
1240	1567
1240	1575
1241	1575
1241	1583
1242	1583
1242	1584
1243	1584
1243	1589
1244	1589
1244	1592
1245	1592
1245	1600
1246	1600
1246	1602
1247	1602
1247	1607
1248	1607
1248	1610
1249	1610
1249	1616
1250	1616
1250	1635
1249	1635
1249	1634
1247	1634
1247	1633
1245	1633
1245	1632
1244	1632
1244	1631
1243	1631
1243	1629
1241	1629
1241	1627
1240	1627
1240	1626
1239	1626
1239	1624
1238	1624
1238	1622
1237	1622
1237	1618
1236	1618
1236	1617
1234	1617
1234	1616
1233	1616
1233	1614
1232	1614
1232	1613
1231	1613
1231	1611
1229	1611
1229	1610
1228	1610
1228	1601
1227	1601
1227	1600
1226	1600
1226	1598
1225	1598
1225	1594
1223	1594
1223	1592
1222	1592
1222	1589
1221	1589
1221	1586
1220	1586
1220	1583
1219	1583
1219	1582
1218	1582
1218	1579
1217	1579
1217	1578
1216	1578
1216	1575
1215	1575
1215	1571
1214	1571
1214	1570
1213	1570
1213	1567
1212	1567
1212	1565
1211	1565
1211	1561
1210	1561
1210	1558
1209	1558
1209	1555
1208	1555
1208	1547
1205	1547
1205	1545
1204	1545
1204	1541
1203	1541
1203	1539
1202	1539
1202	1530
1200	1530
1200	1529
1199	1529
1199	1524
1198	1524
1198	1518
1197	1518
1197	1513
1196	1513
1196	1512
1195	1512
1195	1510
1194	1510
1194	1507
1193	1507
1193	1505
1192	1505
1192	1504
1193	1504
1193	1496
1192	1496
1192	1495
1191	1495
1191	1494
1190	1494
1190	1489
1189	1489
1189	1488
1188	1488
1188	1486
1187	1486
1187	1478
1186	1478
1186	1477
1185	1477
1185	1472
1184	1472
1184	1471
1183	1471
1183	1466
1182	1466
1182	1464
1181	1464
1181	1460
1180	1460
1180	1455
1179	1455
1179	1449
1177	1449
1177	1448
1176	1448
1176	1445
1175	1445
1175	1443
1174	1443
1174	1440
1173	1440
1173	1431
1171	1431
1171	1429
1170	1429
1170	1424
1169	1424
1169	1414
1168	1414
1168	1413
1167	1413
1167	1408
1166	1408
1166	1404
1165	1404
1165	1401
1164	1401
1164	1398
1163	1398
1163	1390
1162	1390
1162	1389
1161	1389
1161	1388
1162	1388
1162	1386
1161	1386
1161	1376
1152	1376
1152	1377
1150	1377
1150	1374
1149	1374
1149	1372
1148	1372
1148	1371
1147	1371
1147	1369
1146	1369
1146	1361
1144	1361
1144	1355
1143	1355
1143	1353
1142	1353
1142	1347
1141	1347
1141	1342
1140	1342
1140	1332
1139	1332
1139	1327
1138	1327
1138	1309
1129	1309
1129	1308
1128	1308
1128	1311
1127	1311
1127	1312
1126	1312
1126	1314
1124	1314
1124	1313
1123	1313
1123	1312
1122	1312
1122	1311
1121	1311
1121	1309
1120	1309
1120	1304
1119	1304
1119	1303
1117	1303
1117	1297
1116	1297
1116	1293
1115	1293
1115	1265
1114	1265
1114	1264
1105	1264
1105	1265
1104	1265
1104	1266
1103	1266
1103	1263
1102	1263
1102	1262
1101	1262
1101	1257
1100	1257
1100	1256
1098	1256
1098	1255
1097	1255
1097	1245
1096	1245
1096	1244
1095	1244
1095	1229
1094	1229
1094	1228
1095	1228
1095	1218
1096	1218
1096	1204
1084	1204
1084	1207
1083	1207
1083	1208
1081	1208
1081	1209
1080	1209
1080	1204
1078	1204
1078	1203
1077	1203
1077	1199
1076	1199
1076	1193
1075	1193
1075	1190
1074	1190
1074	1145
1064	1145
1064	1146
1062	1146
1062	1140
1058	1140
1058	1135
1057	1135
1057	1130
1056	1130
1056	1129
1057	1129
1057	1126
1056	1126
1056	1122
1055	1122
1055	1116
1054	1116
1054	1094
1055	1094
1055	1086
1056	1086
1056	1082
1057	1082
1057	1072
1047	1072
1047	1073
1045	1073
1045	1074
1042	1074
1042	1075
1038	1075
1038	1076
1037	1076
1037	1079
1035	1079
1035	1070
1034	1070
1034	1069
1033	1069
1033	1068
1034	1068
1034	1067
1033	1067
1033	1066
1034	1066
1034	1065
1033	1065
1033	1064
1031	1064
1031	1052
1032	1052
1032	1048
1033	1048
1033	1019
1034	1019
1034	1007
1035	1007
1035	1002
1037	1002
1037	997
1038	997
1038	989
1037	989
1037	988
1027	988
1027	989
1026	989
1026	991
1022	991
1022	992
1020	992
1020	993
1019	993
1019	995
1017	995
1017	993
1016	993
1016	989
1015	989
1015	988
1014	988
1014	987
1013	987
1013	978
1012	978
1012	975
1013	975
1013	965
1014	965
1014	956
1015	956
1015	955
1016	955
1016	943
1017	943
1017	938
1018	938
1018	936
1019	936
1019	932
1020	932
1020	929
1021	929
1021	927
1022	927
1022	916
1021	916
1021	915
1020	915
1020	916
1019	916
1019	915
1018	915
1018	916
1016	916
1016	915
1013	915
1013	916
1010	916
1010	917
1007	917
1007	918
1005	918
1005	917
1004	917
1004	916
1005	916
1005	915
1004	915
1004	913
1001	913
1001	896
1000	896
1000	894
1001	894
1001	890
1002	890
1002	887
1003	887
1003	886
1004	886
1004	876
1005	876
1005	874
1006	874
1006	866
1007	866
1007	863
1008	863
1008	862
1010	862
1010	856
1012	856
1012	852
1013	852
1013	850
1014	850
1014	840
1003	840
1003	841
999	841
999	826
998	826
998	822
999	822
999	810
1000	810
1000	804
1001	804
1001	796
1002	796
1002	789
1003	789
1003	786
1004	786
1004	782
1006	782
1006	781
1005	781
1005	780
1006	780
1006	775
1007	775
1007	772
1008	772
1008	769
1010	769
1010	763
1011	763
1011	762
1012	762
1012	758
1013	758
1013	756
1014	756
1014	754
1015	754
1015	751
1016	751
1016	741
1015	741
1015	740
1014	740
1014	738
1013	738
1013	737
1012	737
1012	736
1011	736
1011	734
1010	734
1010	733
1009	733
1009	730
1008	730
1008	728
1007	728
1007	726
1006	726
1006	725
1005	725
1005	724
1003	724
1003	723
1002	723
1002	719
1003	719
1003	717
1004	717
1004	712
1005	712
1005	708
1006	708
1006	704
1007	704
1007	700
1008	700
1008	696
1009	696
1009	693
1010	693
1010	687
1011	687
1011	684
1012	684
1012	682
1013	682
1013	677
1014	677
1014	676
1015	676
1015	675
1016	675
1016	671
1017	671
1017	669
1018	669
1018	666
1019	666
1019	664
1020	664
1020	661
1021	661
1021	660
1022	660
1022	634
1021	634
1021	633
1020	633
1020	632
1019	632
1019	630
1018	630
1018	614
1017	614
1017	605
1018	605
1018	604
1019	604
1019	600
1020	600
1020	598
1021	598
1021	595
1022	595
1022	593
1023	593
1023	591
1024	591
1024	590
1025	590
1025	587
1026	587
1026	584
1027	584
1027	576
1026	576
1026	571
1028	571
1028	563
1029	563
1029	552
1028	552
1028	549
1029	549
1029	546
1028	546
1028	534
1029	534
1029	526
1030	526
1030	523
1031	523
1031	519
1032	519
1032	516
1033	516
1033	512
1034	512
1034	511
1033	511
1033	509
1034	509
1034	507
1035	507
1035	493
1036	493
1036	491
1037	491
1037	488
1036	488
1036	485
1037	485
1037	484
1038	484
1038	483
1039	483
1039	471
1040	471
1040	468
1041	468
1041	450
1040	450
1040	445
1039	445
1039	439
1040	439
1040	438
1041	438
1041	433
1042	433
1042	432
1041	432
1041	431
1042	431
1042	426
1043	426
1043	422
1044	422
1044	419
1045	419
1045	414
1046	414
1046	408
1047	408
1047	399
1046	399
1046	394
1045	394
1045	384
1044	384
1044	380
1045	380
1045	371
1046	371
1046	369
1047	369
1047	361
1048	361
1048	352
1047	352
1047	348
1046	348
1046	343
1045	343
1045	342
1044	342
1044	341
1043	341
1043	339
1042	339
1042	310
1043	310
1043	292
1044	292
1044	281
1042	281
1042	280
1041	280
1041	278
1040	278
1040	273
1039	273
1039	258
1040	258
1040	250
1041	250
1041	240
1042	240
1042	228
1041	228
1041	226
1040	226
1040	218
1041	218
1041	217
1040	217
1040	216
1041	216
1041	215
1040	215
1040	211
1041	211
1041	188
1040	188
1040	184
1039	184
1039	183
1040	183
1040	182
1039	182
1039	180
1030	180
1030	181
1029	181
1029	183
1028	183
1028	184
1027	184
1027	185
1026	185
1026	187
1025	187
1025	189
1024	189
1024	191
1020	191
1020	197
1019	197
1019	198
1018	198
1018	200
1017	200
1017	202
1016	202
1016	203
1014	203
1014	206
1012	206
1012	208
1011	208
1011	209
1010	209
1010	211
1009	211
1009	213
1008	213
1008	215
1007	215
1007	217
1006	217
1006	218
1005	218
1005	219
1004	219
1004	220
1003	220
1003	221
1002	221
1002	224
1001	224
1001	225
1000	225
1000	227
999	227
999	230
997	230
997	231
996	231
996	234
995	234
995	236
994	236
994	237
992	237
992	238
991	238
991	241
990	241
990	242
989	242
989	243
988	243
988	249
985	249
985	250
984	250
984	252
982	252
982	253
981	253
981	255
979	255
979	256
978	256
978	257
977	257
977	258
976	258
976	261
975	261
975	263
974	263
974	266
973	266
973	269
972	269
972	270
971	270
971	273
970	273
970	276
969	276
969	278
968	278
968	280
967	280
967	283
966	283
966	286
965	286
965	288
964	288
964	290
962	290
962	295
961	295
961	297
960	297
960	301
959	301
959	302
958	302
958	305
957	305
957	306
956	306
956	309
955	309
955	312
954	312
954	313
952	313
952	314
951	314
951	319
950	319
950	320
949	320
949	322
948	322
948	323
947	323
947	325
941	325
941	329
940	329
940	330
939	330
939	331
938	331
938	336
937	336
937	341
936	341
936	343
935	343
935	347
934	347
934	348
932	348
932	350
931	350
931	351
932	351
932	353
931	353
931	355
930	355
930	358
929	358
929	360
927	360
927	361
926	361
926	362
927	362
927	365
926	365
926	366
925	366
925	373
924	373
924	376
923	376
923	377
922	377
922	378
921	378
921	382
920	382
920	383
916	383
916	384
915	384
915	386
909	386
909	387
908	387
908	396
907	396
907	399
906	399
906	400
905	400
905	401
904	401
904	402
903	402
903	411
902	411
902	413
901	413
901	422
899	422
899	424
898	424
898	426
897	426
897	430
896	430
896	432
895	432
895	435
893	435
893	436
892	436
892	438
891	438
891	439
892	439
892	441
890	441
890	443
889	443
889	444
880	444
880	450
879	450
879	457
878	457
878	465
877	465
877	468
876	468
876	470
875	470
875	471
874	471
874	478
873	478
873	480
874	480
874	481
873	481
873	486
872	486
872	487
871	487
871	491
870	491
870	493
869	493
869	495
868	495
868	496
869	496
869	497
868	497
868	499
867	499
867	500
865	500
865	503
864	503
864	504
863	504
863	505
862	505
862	506
859	506
859	505
857	505
857	504
855	504
855	505
854	505
854	504
851	504
851	505
849	505
849	510
848	510
848	513
847	513
847	517
846	517
846	518
845	518
845	522
844	522
844	525
843	525
843	528
842	528
842	531
841	531
841	533
840	533
840	535
838	535
838	537
839	537
839	538
838	538
838	540
837	540
837	542
836	542
836	545
835	545
835	546
834	546
834	547
833	547
833	549
834	549
834	550
833	550
833	552
830	552
830	555
829	555
829	556
828	556
828	557
827	557
827	558
826	558
826	557
825	557
825	558
823	558
823	554
822	554
822	553
821	553
821	550
811	550
811	552
810	552
810	560
809	560
809	563
808	563
808	567
807	567
807	569
806	569
806	570
805	570
805	573
804	573
804	576
803	576
803	578
802	578
802	581
801	581
801	585
800	585
800	587
798	587
798	590
797	590
797	592
796	592
796	594
795	594
795	598
793	598
793	599
792	599
792	601
790	601
790	604
788	604
788	605
787	605
787	607
786	607
786	608
784	608
784	609
782	609
782	610
779	610
779	604
769	604
769	609
768	609
768	610
767	610
767	614
766	614
766	616
764	616
764	622
763	622
763	627
762	627
762	628
761	628
761	632
760	632
760	633
759	633
759	634
758	634
758	638
757	638
757	640
756	640
756	642
755	642
755	645
753	645
753	646
752	646
752	651
751	651
751	652
750	652
750	656
747	656
747	657
746	657
746	661
745	661
745	662
744	662
744	663
741	663
741	665
740	665
740	668
737	668
737	664
736	664
736	663
735	663
735	662
734	662
734	661
732	661
732	660
724	660
724	661
723	661
723	669
722	669
722	673
721	673
721	675
720	675
720	679
719	679
719	680
717	680
717	686
715	686
715	690
714	690
714	691
713	691
713	692
711	692
711	698
710	698
710	700
709	700
709	701
708	701
708	703
706	703
706	704
705	704
705	709
704	709
704	712
703	712
703	713
702	713
702	715
700	715
700	717
699	717
699	718
697	718
697	720
695	720
695	721
694	721
694	723
693	723
693	724
692	724
692	725
690	725
690	726
689	726
689	727
688	727
688	726
686	726
686	719
685	719
685	717
675	717
675	719
674	719
674	720
675	720
675	721
674	721
674	722
673	722
673	727
672	727
672	728
671	728
671	732
670	732
670	733
669	733
669	736
668	736
668	737
667	737
667	738
666	738
666	739
665	739
665	743
664	743
664	744
663	744
663	746
662	746
662	747
661	747
661	749
660	749
660	751
659	751
659	754
658	754
658	755
657	755
657	757
656	757
656	760
655	760
655	761
654	761
654	762
653	762
653	764
652	764
652	767
651	767
651	768
650	768
650	769
649	769
649	772
648	772
648	773
646	773
646	774
645	774
645	775
643	775
643	776
642	776
642	778
641	778
641	773
638	773
638	768
637	768
637	767
635	767
635	766
626	766
626	767
625	767
625	768
624	768
624	773
622	773
622	778
621	778
621	782
620	782
620	784
619	784
619	785
617	785
617	789
616	789
616	790
613	790
613	791
612	791
612	796
611	796
611	797
610	797
610	799
609	799
609	802
606	802
606	806
605	806
605	808
601	808
601	814
599	814
599	816
598	816
598	817
597	817
597	818
596	818
596	821
595	821
595	822
594	822
594	823
593	823
593	824
592	824
592	825
590	825
590	826
589	826
589	827
588	827
588	828
586	828
586	824
585	824
585	820
583	820
583	819
582	819
582	817
580	817
580	815
579	815
579	814
570	814
570	820
569	820
569	824
568	824
568	825
567	825
567	826
566	826
566	830
565	830
565	832
564	832
564	834
563	834
563	837
560	837
560	843
555	843
555	844
554	844
554	850
553	850
553	851
552	851
552	853
551	853
551	854
549	854
549	855
548	855
548	860
545	860
545	861
543	861
543	867
542	867
542	868
541	868
541	869
540	869
540	871
539	871
539	872
537	872
537	874
536	874
536	875
535	875
535	876
533	876
533	877
532	877
532	878
531	878
531	880
530	880
530	882
528	882
528	881
527	881
527	872
524	872
524	871
523	871
523	870
522	870
522	868
521	868
521	866
511	866
511	872
510	872
510	876
509	876
509	878
508	878
508	881
507	881
507	883
506	883
506	884
502	884
502	889
501	889
501	890
499	890
499	893
498	893
498	895
497	895
497	896
496	896
496	897
495	897
495	899
494	899
494	900
493	900
493	901
491	901
491	902
490	902
490	905
489	905
489	906
488	906
488	907
485	907
485	912
483	912
483	913
482	913
482	914
481	914
481	916
480	916
480	917
479	917
479	918
477	918
477	919
474	919
474	924
473	924
473	925
472	925
472	926
471	926
471	927
468	927
468	928
465	928
465	920
464	920
464	919
463	919
463	918
451	918
451	919
450	919
450	920
449	920
449	926
448	926
448	927
447	927
447	928
446	928
446	929
445	929
445	930
444	930
444	931
443	931
443	933
442	933
442	934
441	934
441	935
440	935
440	936
438	936
438	942
432	942
432	948
427	948
427	949
426	949
426	953
422	953
422	954
420	954
420	957
415	957
415	960
414	960
414	962
412	962
412	963
411	963
411	960
410	960
410	959
409	959
409	957
408	957
408	954
406	954
406	953
397	953
397	954
396	954
396	955
395	955
395	957
394	957
394	958
393	958
393	959
392	959
392	960
391	960
391	961
390	961
390	962
389	962
389	963
388	963
388	965
386	965
386	966
385	966
385	968
384	968
384	969
383	969
383	970
381	970
381	971
380	971
380	972
379	972
379	973
378	973
378	974
377	974
377	972
376	972
376	976
375	976
375	977
374	977
374	978
372	978
372	979
369	979
369	980
368	980
368	982
367	982
367	983
366	983
366	984
362	984
362	986
361	986
361	987
360	987
360	988
359	988
359	987
358	987
358	988
357	988
357	987
356	987
356	990
355	990
355	991
354	991
354	992
353	992
353	993
351	993
351	994
338	994
338	995
337	995
337	997
335	997
335	998
334	998
334	999
333	999
333	1001
331	1001
331	1003
328	1003
328	1005
327	1005
327	1006
322	1006
322	1007
321	1007
321	1009
320	1009
320	1010
319	1010
319	1011
318	1011
318	1012
316	1012
316	1013
315	1013
315	1014
314	1014
314	1015
313	1015
313	1016
312	1016
312	1018
310	1018
310	1019
309	1019
309	1020
308	1020
308	1021
307	1021
307	1022
305	1022
305	1023
304	1023
304	1025
303	1025
303	1026
301	1026
301	1027
300	1027
300	1028
299	1028
299	1029
297	1029
297	1030
296	1030
296	1031
293	1031
293	1032
292	1032
292	1033
290	1033
290	1035
287	1035
287	1036
286	1036
286	1037
285	1037
285	1039
283	1039
283	1040
282	1040
282	1041
281	1041
281	1042
280	1042
280	1043
279	1043
279	1044
277	1044
277	1045
276	1045
276	1046
275	1046
275	1047
273	1047
273	1046
270	1046
270	1047
269	1047
269	1051
268	1051
268	1052
266	1052
266	1053
263	1053
263	1054
262	1054
262	1056
261	1056
261	1057
259	1057
259	1058
257	1058
257	1060
256	1060
256	1061
254	1061
254	1062
253	1062
253	1063
252	1063
252	1064
246	1064
246	1069
245	1069
245	1070
240	1070
240	1074
238	1074
238	1075
234	1075
234	1077
233	1077
233	1078
232	1078
232	1079
231	1079
231	1080
229	1080
229	1081
228	1081
228	1082
226	1082
226	1083
225	1083
225	1084
224	1084
224	1085
222	1085
222	1086
221	1086
221	1087
219	1087
219	1086
218	1086
218	1087
217	1087
217	1089
216	1089
216	1090
215	1090
215	1091
213	1091
213	1092
212	1092
212	1093
211	1093
211	1094
210	1094
210	1095
205	1095
205	1098
204	1098
204	1099
202	1099
202	1100
201	1100
201	1101
200	1101
200	1102
199	1102
199	1103
198	1103
198	1104
194	1104
194	1106
193	1106
193	1108
192	1108
192	1107
191	1107
191	1108
188	1108
188	1109
187	1109
187	1111
185	1111
185	1110
184	1110
184	1111
181	1111
181	1113
180	1113
180	1114
179	1114
179	1115
178	1115
178	1116
176	1116
176	1117
170	1117
170	1121
168	1121
168	1122
165	1122
165	1123
164	1123
164	1124
162	1124
162	1125
159	1125
159	1126
158	1126
158	1127
156	1127
156	1128
153	1128
153	1129
152	1129
152	1130
151	1130
151	1131
148	1131
148	1132
146	1132
146	1133
144	1133
144	1134
141	1134
141	1136
136	1136
136	1137
130	1137
130	1139
129	1139
129	1140
124	1140
124	1142
120	1142
120	1143
119	1143
119	1142
115	1142
115	1143
111	1143
111	1142
110	1142
110	1140
111	1140
111	1139
113	1139
113	1138
114	1138
114	1137
115	1137
115	1135
116	1135
116	1134
118	1134
118	1133
119	1133
119	1132
120	1132
120	1131
125	1131
125	1128
126	1128
126	1127
127	1127
127	1126
130	1126
130	1125
131	1125
131	1123
133	1123
133	1122
134	1122
134	1121
135	1121
135	1120
137	1120
137	1119
139	1119
139	1118
143	1118
143	1114
144	1114
144	1113
148	1113
148	1112
149	1112
149	1110
150	1110
150	1109
151	1109
151	1107
154	1107
154	1105
155	1105
155	1104
156	1104
156	1103
157	1103
157	1102
158	1102
158	1101
160	1101
160	1099
163	1099
163	1097
165	1097
165	1096
166	1096
166	1093
167	1093
167	1092
168	1092
168	1091
171	1091
171	1090
172	1090
172	1089
173	1089
173	1087
174	1087
174	1086
175	1086
175	1084
177	1084
177	1083
178	1083
178	1082
179	1082
179	1081
181	1081
181	1079
182	1079
182	1078
185	1078
185	1077
186	1077
186	1076
187	1076
187	1075
188	1075
188	1073
189	1073
189	1072
191	1072
191	1071
192	1071
192	1070
193	1070
193	1069
194	1069
194	1068
195	1068
195	1066
198	1066
198	1065
199	1065
199	1063
200	1063
200	1062
202	1062
202	1061
203	1061
203	1060
207	1060
207	1055
209	1055
209	1054
212	1054
212	1053
213	1053
213	1052
212	1052
212	1051
213	1051
213	1049
215	1049
215	1048
216	1048
216	1046
217	1046
217	1045
218	1045
218	1044
219	1044
219	1042
220	1042
220	1041
221	1041
221	1040
223	1040
223	1039
224	1039
224	1038
225	1038
225	1037
226	1037
226	1036
227	1036
227	1035
228	1035
228	1034
229	1034
229	1033
230	1033
230	1031
234	1031
234	1032
235	1032
235	1031
236	1031
236	1026
237	1026
237	1025
238	1025
238	1023
239	1023
239	1022
240	1022
240	1020
243	1020
243	1019
244	1019
244	1016
245	1016
245	1014
247	1014
247	1013
248	1013
248	1012
250	1012
250	1011
251	1011
251	1009
252	1009
252	1008
253	1008
253	1007
254	1007
254	1005
255	1005
255	1004
256	1004
256	1003
257	1003
257	1002
259	1002
259	1000
260	1000
260	999
261	999
261	997
262	997
262	996
265	996
265	992
266	992
266	991
268	991
268	988
269	988
269	987
270	987
270	984
271	984
271	983
274	983
274	980
276	980
276	977
277	977
277	976
278	976
278	975
279	975
279	973
281	973
281	974
282	974
282	970
283	970
283	968
284	968
284	967
288	967
288	960
289	960
289	955
290	955
290	954
291	954
291	951
292	951
292	949
294	949
294	946
296	946
296	945
297	945
297	944
298	944
298	943
300	943
300	939
301	939
301	938
302	938
302	934
304	934
304	933
306	933
306	932
307	932
307	931
308	931
308	928
309	928
309	927
310	927
310	926
311	926
311	925
312	925
312	923
314	923
314	922
315	922
315	920
317	920
317	911
316	911
316	910
311	910
311	909
307	909
307	907
308	907
308	905
309	905
309	904
310	904
310	903
312	903
312	897
317	897
317	892
318	892
318	891
319	891
319	890
320	890
320	889
322	889
322	887
323	887
323	884
325	884
325	883
326	883
326	882
327	882
327	881
328	881
328	880
329	880
329	879
330	879
330	877
331	877
331	876
333	876
333	875
334	875
334	874
335	874
335	873
336	873
336	863
326	863
326	862
325	862
325	861
326	861
326	860
327	860
327	859
328	859
328	857
330	857
330	856
331	856
331	855
332	855
332	854
331	854
331	853
332	853
332	852
333	852
333	851
334	851
334	850
335	850
335	849
336	849
336	848
337	848
337	847
339	847
339	846
340	846
340	845
341	845
341	844
342	844
342	843
343	843
343	842
344	842
344	840
345	840
345	839
347	839
347	837
349	837
349	835
351	835
351	834
352	834
352	832
353	832
353	831
355	831
355	830
357	830
357	829
358	829
358	828
359	828
359	826
360	826
360	825
361	825
361	824
362	824
362	822
364	822
364	820
367	820
367	819
368	819
368	817
371	817
371	816
375	816
375	814
376	814
376	805
375	805
375	804
373	804
373	803
370	803
370	802
362	802
362	799
363	799
363	798
364	798
364	797
365	797
365	793
368	793
368	792
370	792
370	789
371	789
371	787
373	787
373	786
375	786
375	785
376	785
376	781
378	781
378	779
379	779
379	778
380	778
380	776
381	776
381	775
382	775
382	774
383	774
383	773
384	773
384	772
385	772
385	770
386	770
386	769
390	769
390	767
391	767
391	766
392	766
392	765
393	765
393	763
394	763
394	762
397	762
397	761
398	761
398	760
399	760
399	759
401	759
401	758
404	758
404	757
405	757
405	745
404	745
404	744
398	744
398	743
393	743
393	739
394	739
394	736
396	736
396	735
397	735
397	734
399	734
399	731
400	731
400	730
402	730
402	728
404	728
404	726
406	726
406	725
407	725
407	723
409	723
409	722
411	722
411	720
412	720
412	719
413	719
413	718
414	718
414	717
416	717
416	715
417	715
417	714
418	714
418	713
419	713
419	712
420	712
420	711
422	711
422	710
423	710
423	709
425	709
425	707
426	707
426	706
428	706
428	705
429	705
429	704
431	704
431	703
432	703
432	701
434	701
434	699
437	699
437	697
439	697
439	696
440	696
440	695
442	695
442	694
444	694
444	693
446	693
446	691
448	691
448	690
451	690
451	689
452	689
452	679
450	679
450	677
447	677
447	676
446	676
446	675
445	675
445	674
437	674
437	671
438	671
438	670
439	670
439	669
440	669
440	668
439	668
439	666
440	666
440	664
439	664
439	663
440	663
440	662
445	662
445	660
446	660
446	659
451	659
451	655
452	655
452	653
455	653
455	652
459	652
459	651
461	651
461	650
462	650
462	648
464	648
464	647
468	647
468	646
469	646
469	643
471	643
471	644
472	644
472	643
474	643
474	642
475	642
475	641
480	641
480	640
481	640
481	639
484	639
484	638
487	638
487	629
486	629
486	626
482	626
482	625
480	625
480	624
477	624
477	623
478	623
478	620
479	620
479	619
480	619
480	618
481	618
481	617
482	617
482	616
483	616
483	614
485	614
485	613
488	613
488	612
492	612
492	610
493	610
493	609
494	609
494	606
498	606
498	605
499	605
499	604
500	604
500	603
502	603
502	602
504	602
504	600
509	600
509	599
510	599
510	597
514	597
514	596
515	596
515	595
516	595
516	591
515	591
515	590
516	590
516	587
515	587
515	586
509	586
509	583
510	583
510	581
511	581
511	580
512	580
512	578
513	578
513	577
515	577
515	574
517	574
517	573
519	573
519	572
523	572
523	571
526	571
526	567
530	567
530	566
532	566
532	565
533	565
533	562
535	562
535	561
536	561
536	559
541	559
541	558
544	558
544	555
547	555
547	554
550	554
550	552
552	552
552	551
554	551
554	550
556	550
556	548
561	548
561	547
562	547
562	545
567	545
567	544
568	544
568	543
569	543
569	542
574	542
574	533
573	533
573	532
572	532
572	531
569	531
569	530
568	530
568	529
565	529
565	528
562	528
562	527
563	527
563	526
564	526
564	522
565	522
565	521
566	521
566	520
568	520
568	519
573	519
573	515
574	515
574	513
579	513
579	511
580	511
580	510
584	510
584	509
585	509
585	508
586	508
586	507
591	507
591	503
593	503
593	502
595	502
595	501
600	501
600	498
605	498
605	497
606	497
606	496
607	496
607	495
609	495
609	496
610	496
610	495
612	495
612	496
613	496
613	495
614	495
614	494
615	494
615	493
618	493
618	492
620	492
620	491
621	491
621	490
622	490
622	489
621	489
621	481
618	481
618	480
614	480
614	477
615	477
615	474
616	474
616	473
618	473
618	472
620	472
620	470
623	470
623	469
625	469
625	466
627	466
627	465
628	465
628	463
631	463
631	461
635	461
635	460
637	460
637	458
640	458
640	457
642	457
642	456
643	456
643	455
648	455
648	454
649	454
649	451
655	451
655	450
658	450
658	449
660	449
660	448
662	448
662	447
663	447
663	446
666	446
666	445
667	445
667	441
666	441
666	440
667	440
667	439
666	439
666	438
667	438
667	437
666	437
666	436
663	436
663	434
664	434
664	431
666	431
666	430
668	430
668	429
669	429
669	426
677	426
677	425
678	425
678	421
679	421
679	420
684	420
684	419
685	419
685	418
688	418
688	417
690	417
690	415
691	415
691	414
695	414
695	412
696	412
696	411
700	411
700	410
701	410
701	409
702	409
702	408
704	408
704	407
705	407
705	406
707	406
707	405
708	405
708	406
710	406
710	405
713	405
713	403
717	403
717	402
718	402
718	393
715	393
715	389
716	389
716	388
717	388
717	387
718	387
718	385
720	385
720	384
722	384
722	383
724	383
724	382
727	382
727	381
728	381
728	382
730	382
730	381
731	381
731	378
736	378
736	377
735	377
735	376
736	376
736	375
737	375
737	374
739	374
739	373
742	373
742	372
743	372
743	370
748	370
748	368
752	368
752	367
754	367
754	366
755	366
755	365
756	365
756	364
757	364
757	363
761	363
761	362
764	362
764	361
766	361
766	360
765	360
765	359
770	359
770	358
771	358
771	357
775	357
775	356
778	356
778	347
779	347
779	344
783	344
783	342
786	342
786	341
789	341
789	340
792	340
792	339
795	339
795	336
796	336
796	335
799	335
799	334
800	334
800	333
806	333
806	332
807	332
807	329
810	329
810	328
812	328
812	327
813	327
813	326
814	326
814	325
817	325
817	324
819	324
819	323
823	323
823	322
824	322
824	321
825	321
825	320
826	320
826	319
829	319
829	318
832	318
832	317
833	317
833	316
836	316
836	315
838	315
838	314
839	314
839	313
842	313
842	312
844	312
844	311
847	311
847	310
849	310
849	302
850	302
850	300
852	300
852	299
854	299
854	298
857	298
857	297
859	297
859	293
861	293
861	292
864	292
864	291
865	291
865	290
866	290
866	289
868	289
868	287
870	287
870	285
872	285
872	284
873	284
873	283
874	283
874	282
875	282
875	281
876	281
876	280
881	280
881	279
882	279
882	277
883	277
883	275
886	275
886	274
887	274
887	273
888	273
888	272
891	272
891	271
892	271
892	270
893	270
893	269
896	269
896	268
899	268
899	266
900	266
900	265
902	265
902	264
905	264
905	262
907	262
907	261
908	261
908	260
911	260
911	258
912	258
912	257
916	257
916	256
917	256
917	255
920	255
920	253
922	253
922	252
923	252
923	251
924	251
924	247
925	247
925	246
926	246
926	245
928	245
928	244
929	244
929	242
930	242
930	240
932	240
932	239
934	239
934	236
936	236
936	235
939	235
939	233
940	233
940	232
941	232
941	231
942	231
942	230
943	230
943	228
945	228
945	227
947	227
947	226
948	226
948	225
949	225
949	224
950	224
950	223
951	223
951	222
952	222
952	221
954	221
954	220
956	220
956	219
957	219
957	218
958	218
958	216
963	216
963	215
964	215
964	213
966	213
966	212
967	212
967	211
969	211
969	210
971	210
971	208
973	208
973	207
974	207
974	206
975	206
975	205
976	205
976	204
981	204
981	201
983	201
983	200
984	200
984	199
985	199
985	198
987	198
987	196
989	196
989	195
990	195
990	194
991	194
991	193
992	193
992	192
993	192
993	191
994	191
994	190
995	190
995	189
996	189
996	188
997	188
997	187
999	187
999	186
1000	186
1000	184
1001	184
1001	183
1002	183
1002	182
1003	182
1003	174
1002	174
1002	173
991	173
991	174
990	174
990	176
987	176
987	177
985	177
985	178
984	178
984	177
983	177
983	179
980	179
980	180
978	180
978	182
975	182
975	183
973	183
973	184
970	184
970	185
969	185
969	186
967	186
967	187
966	187
966	188
961	188
961	190
960	190
960	191
957	191
957	192
956	192
956	193
954	193
954	194
953	194
953	195
951	195
951	196
950	196
950	197
945	197
945	198
944	198
944	200
942	200
942	201
940	201
940	202
939	202
939	203
937	203
937	204
934	204
934	205
932	205
932	206
931	206
931	207
929	207
929	208
927	208
927	209
926	209
926	210
925	210
925	211
922	211
922	212
917	212
917	213
912	213
912	214
910	214
910	215
909	215
909	217
908	217
908	218
907	218
907	219
906	219
906	220
904	220
904	221
903	221
903	222
902	222
902	223
901	223
901	224
900	224
900	225
898	225
898	226
897	226
897	227
896	227
896	228
895	228
895	229
893	229
893	230
892	230
892	231
891	231
891	232
889	232
889	234
887	234
887	235
886	235
886	236
881	236
881	237
880	237
880	240
878	240
878	241
876	241
876	242
875	242
875	243
873	243
873	244
868	244
868	247
867	247
867	248
864	248
864	249
856	249
856	250
855	250
855	249
853	249
853	250
851	250
851	253
849	253
849	255
846	255
846	256
845	256
845	258
843	258
843	259
840	259
840	261
839	261
839	262
837	262
837	263
835	263
835	264
834	264
834	265
832	265
832	266
828	266
828	268
827	268
827	269
826	269
826	270
822	270
822	272
821	272
821	273
820	273
820	272
817	272
817	273
816	273
816	274
813	274
813	275
798	275
798	276
797	276
797	277
796	277
796	278
793	278
793	280
792	280
792	281
791	281
791	282
789	282
789	283
787	283
787	284
782	284
782	285
781	285
781	288
776	288
776	290
770	290
770	292
769	292
769	293
768	293
768	294
764	294
764	295
763	295
763	296
753	296
753	297
751	297
751	296
739	296
739	298
737	298
737	299
736	299
736	300
734	300
734	301
733	301
733	300
732	300
732	301
730	301
730	302
729	302
729	305
723	305
723	307
721	307
721	308
720	308
720	307
719	307
719	308
718	308
718	309
717	309
717	310
716	310
716	311
715	311
715	312
712	312
712	313
706	313
706	316
705	316
705	317
694	317
694	318
693	318
693	315
683	315
683	316
682	316
682	318
677	318
677	319
676	319
676	322
675	322
675	323
673	323
673	324
672	324
672	325
665	325
665	328
662	328
662	329
661	329
661	328
660	328
660	329
659	329
659	332
656	332
656	333
653	333
653	334
648	334
648	336
647	336
647	337
642	337
642	338
641	338
641	339
635	339
635	340
629	340
629	338
624	338
624	337
623	337
623	338
617	338
617	339
616	339
616	340
614	340
614	341
613	341
613	342
610	342
610	343
607	343
607	345
606	345
606	346
601	346
601	348
600	348
600	349
598	349
598	350
596	350
596	351
594	351
594	352
590	352
590	353
589	353
589	354
584	354
584	355
582	355
582	356
580	356
580	357
571	357
571	349
570	349
570	348
561	348
561	349
560	349
560	352
559	352
559	353
555	353
555	354
549	354
549	356
548	356
548	357
547	357
547	358
546	358
546	357
544	357
544	358
543	358
543	359
542	359
542	360
537	360
537	362
534	362
534	363
532	363
532	364
527	364
527	363
526	363
526	365
524	365
524	359
523	359
523	358
514	358
514	359
512	359
512	360
508	360
508	363
503	363
503	364
502	364
502	365
501	365
501	366
498	366
498	365
497	365
497	366
496	366
496	368
493	368
493	369
485	369
485	371
479	371
479	372
478	372
478	373
474	373
474	374
473	374
473	373
472	373
472	374
470	374
470	373
469	373
469	365
459	365
459	366
455	366
455	367
454	367
454	368
450	368
450	369
443	369
443	370
438	370
438	371
433	371
433	372
432	372
432	374
429	374
429	375
424	375
424	372
423	372
423	371
410	371
410	372
409	372
409	374
406	374
406	375
403	375
403	376
400	376
400	377
392	377
392	378
391	378
391	380
374	380
374	381
373	381
373	377
362	377
362	380
355	380
355	381
353	381
353	380
352	380
352	381
349	381
349	382
339	382
339	383
329	383
329	384
323	384
323	385
321	385
321	386
320	386
320	385
318	385
318	386
305	386
305	387
304	387
304	388
294	388
294	389
281	389
281	390
280	390
280	391
275	391
275	392
247	392
247	393
246	393
246	394
245	394
245	395
234	395
234	397
217	397
217	398
205	398
205	399
204	399
204	400
202	400
202	399
200	399
200	398
188	398
188	399
177	399
177	398
164	398
164	397
160	397
160	395
158	395
158	394
154	394
154	392
155	392
155	391
160	391
160	389
163	389
163	388
167	388
167	387
174	387
174	386
178	386
178	385
189	385
189	383
193	383
193	382
199	382
199	380
204	380
204	379
218	379
218	378
219	378
219	375
225	375
225	374
230	374
230	373
236	373
236	372
237	372
237	370
242	370
242	369
247	369
247	368
253	368
253	367
259	367
259	365
260	365
260	364
265	364
265	363
269	363
269	362
275	362
275	361
277	361
277	360
278	360
278	359
281	359
281	358
282	358
282	357
283	357
283	356
294	356
294	353
297	353
297	351
303	351
303	350
305	350
305	349
306	349
306	348
309	348
309	347
310	347
310	346
314	346
314	345
316	345
316	344
319	344
319	343
323	343
323	342
324	342
324	341
325	341
325	339
330	339
330	338
335	338
335	337
336	337
336	336
338	336
338	335
341	335
341	333
346	333
346	332
347	332
347	330
348	330
348	329
349	329
349	328
351	328
351	327
353	327
353	326
355	326
355	324
359	324
359	323
361	323
361	322
363	322
363	321
370	321
370	319
371	319
371	318
372	318
372	317
376	317
376	305
379	305
379	304
387	304
387	303
389	303
389	300
391	300
391	299
393	299
393	298
399	298
399	295
401	295
401	294
403	294
403	293
404	293
404	294
405	294
405	293
406	293
406	292
410	292
410	291
412	291
412	290
413	290
413	289
418	289
418	279
419	279
419	278
420	278
420	277
429	277
429	275
434	275
434	272
436	272
436	273
437	273
437	272
439	272
439	271
440	271
440	270
441	270
441	269
451	269
451	268
452	268
452	267
458	267
458	266
461	266
461	265
466	265
466	255
465	255
465	254
464	254
464	253
466	253
466	252
468	252
468	251
475	251
475	249
482	249
482	246
486	246
486	245
487	245
487	246
489	246
489	245
490	245
490	246
491	246
491	245
492	245
492	244
493	244
493	242
494	242
494	241
495	241
495	240
505	240
505	239
506	239
506	237
508	237
508	238
511	238
511	237
512	237
512	238
514	238
514	237
519	237
519	236
526	236
526	235
529	235
529	225
528	225
528	224
527	224
527	221
526	221
526	220
524	220
524	219
525	219
525	218
526	218
526	217
529	217
529	216
544	216
544	215
546	215
546	213
547	213
547	212
550	212
550	210
557	210
557	209
559	209
559	208
562	208
562	207
577	207
577	206
595	206
595	196
594	196
594	193
593	193
593	192
592	192
592	191
591	191
591	189
589	189
589	188
590	188
590	187
610	187
610	183
622	183
622	182
641	182
641	181
645	181
645	182
649	182
649	183
651	183
651	182
653	182
653	183
667	183
667	182
668	182
668	179
667	179
667	178
668	178
668	177
667	177
667	176
668	176
668	175
667	175
667	173
665	173
665	172
664	172
664	171
663	171
663	169
664	169
664	170
665	170
665	169
666	169
666	168
670	168
670	167
674	167
674	166
693	166
693	165
696	165
696	164
705	164
705	166
716	166
716	167
725	167
725	164
726	164
726	163
725	163
725	161
726	161
726	160
725	160
725	155
731	155
731	156
740	156
740	155
746	155
746	153
747	153
747	152
748	152
748	153
751	153
751	154
754	154
754	153
764	153
764	154
775	154
775	155
786	155
786	154
787	154
787	155
788	155
788	154
789	154
789	146
791	146
791	147
794	147
794	148
796	148
796	149
807	149
807	150
808	150
808	149
815	149
815	150
816	150
816	149
818	149
818	148
836	148
836	149
838	149
838	150
842	150
842	149
848	149
848	150
860	150
860	147
861	147
861	146
860	146
860	145
863	145
863	146
867	146
867	147
898	147
898	146
920	146
920	147
929	147
929	146
930	146
930	145
934	145
934	146
936	146
936	145
938	145
938	146
940	146
940	147
949	147
949	148
958	148
958	149
963	149
963	150
992	150
992	151
997	151
997	152
1010	152
1010	150
1012	150
1012	151
1014	151
1014	152
1015	152
1015	153
1024	153
1024	152
1027	152
1027	151
1028	151
1028	150
1033	150
1033	149
1036	149
1036	148
1040	148
1040	147
1046	147
1046	146
1048	146
1048	147
1050	147
1050	146
1057	146
1057	145
1059	145
1059	144
1071	144
1071	143
1078	143
1078	142
1080	142
1080	141
1085	141
1085	140
1087	140
1087	139
1091	139
1091	138
1094	138
1094	137
1096	137
1096	136
1098	136
1098	135
1103	135
1103	134
1107	134
1107	133
1119	133
1119	132
1129	132
1129	131
1130	131
1130	130
1132	130
1132	129
1135	129
1135	128
1137	128
1137	127
1138	127
1138	125
1140	125
1140	124
1142	124
1142	123
1145	123
1145	122
1147	122
1147	121
1148	121
1148	120
1152	120
1152	119
1153	119
1153	118
1155	118
1155	117
1156	117
1156	119
1157	119
1157	116
1158	116
1158	115
1162	115
1162	113
1166	113
1166	112
1175	112
1175	111
1178	111
1178	110
1181	110
1181	109
1182	109
1182	108
1185	108
1185	107
1191	107
1191	106
1194	106
1194	107
1195	107
1195	108
1208	108
1208	107
1212	107
1212	105
1216	105
1216	104
1220	104
1220	102
1226	102
1226	101
1232	101
1232	100
1233	100
1233	101
1235	101
1235	102
1236	102
1236	103
1246	103
1246	102
1248	102
1248	101
1252	101
1252	103
1253	103
1253	107
1267	107
1267	106
1269	106
1269	105
1272	105
1272	103
1278	103
1278	102
1279	102
1279	101
1283	101
1283	100
1286	100
1286	99
1289	99
1289	98
1290	98
1290	97
1293	97
1293	96
1295	96
1295	95
1303	95
1303	96
1304	96
1304	97
1313	97
1313	96
1321	96
1321	100
1335	100
1335	99
1338	99
1338	98
1340	98
1340	97
1348	97
1348	96
1353	96
1353	95
1354	95
1354	94
1359	94
1359	93
1363	93
1363	92
1364	92
1364	91
1374	91
1374	90
1375	90
1375	89
1376	89
1376	88
1378	88
1378	95
1379	95
1379	96
1411	96
1411	98
1412	98
1412	101
1417	101
1417	102
1429	102
1429	101
1432	101
1432	102
1433	102
1433	101
1434	101
1434	102
1435	102
1435	101
1436	101
1436	100
1447	100
1447	99
1448	99
1448	98
1450	98
1450	97
1457	97
1457	96
1459	96
1459	97
1457	97
1457	98
1456	98
1456	107
1470	107
1470	112
1471	112
1471	114
1482	114
1482	113
1483	113
1483	112
1487	112
1487	111
1488	111
1488	112
1498	112
1498	111
1501	111
1501	110
1502	110
1502	109
1513	109
1513	108
1515	108
1515	111
1517	111
1517	112
1518	112
1518	115
1519	115
1519	116
1526	116
1526	118
1527	118
1527	119
1541	119
1541	118
1545	118
1545	119
1557	119
1557	118
1558	118
1558	117
1559	117
1559	118
1560	118
1560	117
1565	117
1565	116
1569	116
1569	117
1570	117
1570	118
1571	118
1571	117
1572	117
1572	118
1573	118
1573	119
1574	119
1574	120
1575	120
1575	121
1574	121
1574	122
1575	122
1575	125
1576	125
1576	127
1577	127
1577	128
1579	128
1579	129
1592	129
1592	126
1593	126
1593	125
1602	125
1602	126
1603	126
1603	125
1604	125
1604	124
1605	124
1605	123
1606	123
1606	122
1608	122
1608	121
1610	121
1610	120
1614	120
1614	121
1619	121
1619	123
1620	123
1620	124
1621	124
1621	126
1622	126
1622	129
1623	129
1623	130
1626	130
1626	129
1643	129
1643	128
1650	128
1650	127
1651	127
1651	126
1659	126
1659	125
1663	125
1663	124
1666	124
1666	123
1673	123
1673	122
1674	122
1674	121
1675	121
1675	122
1677	122
1677	124
1678	124
1678	125
1679	125
1679	127
1695	127
1695	126
1724	126
1724	125
1726	125
1726	124
1731	124
1731	123
1750	123
1750	122
1755	122
1755	121
1757	121
1757	120
1768	120
1768	119
1772	119
1772	118
1778	118
1778	117
1782	117
1782	118
1784	118
1784	119
1799	119
1799	118
1812	118
1812	117
1822	117
1822	116
1825	116
1825	115
1831	115
1831	114
1832	114
1832	115
1834	115
1834	114
1835	114
1835	113
1839	113
1839	112
1853	112
1853	111
1854	111
1854	109
1862	109
1862	108
1863	108
1863	107
1866	107
1866	106
1886	106
1886	105
1891	105
1891	104
1901	104
1901	103
1904	103
1904	104
1910	104
1910	105
1912	105
1912	106
1913	106
1913	105
1915	105
1915	106
1917	106
1917	107
1920	107
1920	108
1921	108
1921	109
1922	109
1922	111
1926	111
1926	113
1928	113
1928	114
1929	114
1929	115
1930	115
1930	116
1931	116
1931	117
1916	117
1916	118
1899	118
1899	119
1895	119
1895	120
1889	120
1889	121
1882	121
1882	122
1881	122
1881	124
1876	124
1876	125
1870	125
1870	126
1869	126
1869	128
1868	128
1868	129
1863	129
1863	130
1860	130
1860	131
1858	131
1858	132
1854	132
1854	133
1846	133
1846	134
1843	134
1843	135
1840	135
1840	136
1830	136
1830	137
1829	137
1829	138
1828	138
1828	137
1827	137
1827	138
1825	138
1825	139
1806	139
1806	140
1805	140
1805	142
1800	142
1800	144
1789	144
1789	145
1787	145
1787	146
1782	146
1782	147
1773	147
1773	148
1765	148
1765	150
1748	150
1748	151
1746	151
1746	153
1735	153
1735	154
1729	154
1729	155
1724	155
1724	156
1713	156
1713	157
1710	157
1710	158
1707	158
1707	159
1700	159
1700	160
1695	160
1695	161
1691	161
1691	162
1687	162
1687	165
1686	165
1686	172
1684	172
1684	171
1683	171
1683	172
1672	172
1672	173
1667	173
1667	174
1665	174
1665	173
1655	173
1655	174
1654	174
1654	175
1648	175
1648	176
1646	176
1646	177
1645	177
1645	178
1643	178
1643	179
1640	179
1640	180
1639	180
1639	188
1638	188
1638	190
1627	190
1627	189
1604	189
1604	190
1600	190
1600	191
1580	191
1580	192
1579	192
1579	203
1563	203
1563	202
1549	202
1549	203
1547	203
1547	202
1545	202
1545	203
1535	203
1535	202
1534	202
1534	203
1518	203
1518	202
1517	202
1517	203
1515	203
1515	204
1514	204
1514	209
1513	209
1513	211
1511	211
1511	210
1510	210
1510	209
1505	209
1505	208
1497	208
1497	207
1485	207
1485	206
1475	206
1475	205
1473	205
1473	206
1471	206
1471	205
1457	205
1457	209
1456	209
1456	213
1453	213
1453	212
1451	212
1451	211
1450	211
1450	209
1447	209
1447	208
1446	208
1446	207
1445	207
1445	206
1443	206
1443	205
1430	205
1430	204
1429	204
1429	203
1427	203
1427	202
1414	202
1414	206
1413	206
1413	207
1409	207
1409	206
1408	206
1408	205
1405	205
1405	203
1402	203
1402	202
1400	202
1400	201
1399	201
1399	200
1394	200
1394	199
1388	199
1388	197
1383	197
1383	196
1382	196
1382	195
1377	195
1377	194
1372	194
1372	193
1371	193
1371	192
1370	192
1370	191
1358	191
1358	192
1357	192
1357	195
1356	195
1356	197
1347	197
1347	195
1339	195
1339	194
1335	194
1335	193
1331	193
1331	192
1330	192
1330	191
1320	191
1320	190
1307	190
1307	189
1293	189
1293	195
1290	195
1290	194
1285	194
1285	193
1284	193
1284	192
1283	192
1283	191
1276	191
1276	190
1272	190
1272	189
1267	189
1267	188
1266	188
1266	187
1265	187
1265	188
1262	188
1262	187
1257	187
1257	186
1256	186
1256	187
1255	187
1255	186
1254	186
1254	185
1251	185
1251	184
1247	184
1247	183
1245	183
1245	182
1244	182
1244	181
1243	181
1243	180
1242	180
1242	179
1237	179
1237	178
1226	178
1226	177
1223	177
1223	176
1216	176
1216	175
1214	175
1214	174
1213	174
1213	173
1208	173
1208	172
1207	172
1207	171
1206	171
1206	172
1205	172
1205	171
1203	171
1203	170
1202	170
1202	168
1193	168
1193	167
1192	167
1192	166
1188	166
1188	165
1184	165
1184	164
1181	164
1181	163
1170	163
1170	164
1168	164
1168	163
1167	163
1167	162
1156	162
1156	161
1148	161
1148	160
1136	160
1136	159
1126	159
1126	158
1079	158
1079	167
1080	167
1080	168
1081	168
1081	170
1082	170
1082	171
1086	171
1086	172
1087	172
1087	173
1088	173
1088	174
1089	174
1089	176
1090	176
1090	177
1093	177
1093	179
1094	179
1094	181
1101	181
1101	182
1103	182
1103	183
1104	183
1104	185
1106	185
1106	186
1107	186
1107	187
1109	187
1109	188
1111	188
1111	189
1112	189
1112	190
1113	190
1113	192
1114	192
1114	193
1117	193
1117	194
1118	194
1118	195
1120	195
1120	196
1121	196
1121	197
1123	197
1123	198
1125	198
1125	199
1126	199
1126	200
1128	200
1128	201
1129	201
1129	202
1131	202
1131	203
1133	203
1133	204
1134	204
1134	205
1137	205
1137	206
1139	206
1139	207
1141	207
1141	208
1142	208
1142	209
1143	209
1143	210
1144	210
1144	211
1147	211
1147	212
1148	212
1148	213
1150	213
1150	214
1152	214
1152	216
1155	216
1155	217
1156	217
1156	218
1157	218
1157	219
1158	219
1158	220
1160	220
1160	221
1161	221
1161	222
1164	222
1164	223
1165	223
1165	225
1168	225
1168	226
1169	226
1169	227
1170	227
1170	228
1172	228
1172	229
1173	229
1173	230
1174	230
1174	231
1177	231
1177	233
1180	233
1180	234
1182	234
1182	235
1183	235
1183	236
1184	236
1184	237
1186	237
1186	238
1188	238
1188	239
1189	239
1189	240
1191	240
1191	241
1193	241
1193	242
1194	242
1194	243
1196	243
1196	244
1197	244
1197	245
1199	245
1199	246
1201	246
1201	247
1204	247
1204	248
1206	248
1206	249
1208	249
1208	250
1209	250
1209	251
1212	251
1212	252
1213	252
1213	253
1216	253
1216	254
1217	254
1217	255
1218	255
1218	257
1222	257
1222	258
1224	258
1224	259
1225	259
1225	260
1227	260
1227	261
1229	261
1229	262
1230	262
1230	263
1232	263
1232	264
1233	264
1233	265
1234	265
1234	266
1236	266
1236	267
1238	267
1238	268
1241	268
1241	269
1243	269
1243	270
1246	270
1246	272
1247	272
1247	274
1251	274
1251	275
1252	275
1252	276
1255	276
1255	277
1258	277
1258	278
1259	278
1259	280
1264	280
1264	281
1266	281
1266	282
1267	282
1267	283
1268	283
1268	284
1269	284
1269	285
1270	285
1270	286
1271	286
1271	287
1276	287
1276	289
1278	289
1278	290
1281	290
1281	291
1282	291
1282	292
1283	292
1283	293
1285	293
1285	294
1288	294
1288	295
1290	295
1290	296
1292	296
1292	297
1294	297
1294	298
1298	298
1298	299
1300	299
1300	300
1305	300
1305	301
1311	301
1311	302
1313	302
1313	301
1315	301
1315	302
1317	302
1317	303
1318	303
1318	304
1322	304
1322	305
1323	305
1323	306
1324	306
1324	308
1325	308
1325	307
1326	307
1326	308
1327	308
1327	309
1332	309
1332	310
1334	310
1334	311
1335	311
1335	312
1339	312
1339	313
1340	313
1340	315
1343	315
1343	318
1345	318
1345	319
1346	319
1346	320
1349	320
1349	322
1350	322
1350	323
1351	323
1351	324
1357	324
1357	326
1358	326
1358	325
1359	325
1359	326
1362	326
1362	327
1364	327
1364	328
1368	328
1368	329
1371	329
1371	330
1376	330
1376	331
1381	331
1381	332
1382	332
1382	333
1386	333
1386	336
1387	336
1387	338
1392	338
1392	339
1393	339
1393	340
1396	340
1396	341
1398	341
1398	343
1399	343
1399	344
1403	344
1403	345
1404	345
1404	346
1405	346
1405	347
1409	347
1409	348
1410	348
1410	349
1411	349
1411	350
1415	350
1415	351
1416	351
1416	352
1421	352
1421	354
1422	354
1422	355
1425	355
1425	356
1428	356
1428	357
1430	357
1430	358
1433	358
1433	359
1445	359
1445	361
1446	361
1446	362
1450	362
1450	368
1449	368
1449	369
1451	369
1451	370
1453	370
1453	371
1457	371
1457	372
1459	372
1459	373
1463	373
1463	374
1467	374
1467	375
1468	375
1468	376
1472	376
1472	377
1473	377
1473	378
1474	378
1474	379
1479	379
1479	381
1485	381
1485	383
1491	383
1491	385
1492	385
1492	386
1491	386
1491	388
1492	388
1492	391
1495	391
1495	392
1496	392
1496	393
1501	393
1501	394
1520	394
1520	396
1523	396
1523	398
1521	398
1521	408
1526	408
1526	409
1527	409
1527	410
1530	410
1530	411
1533	411
1533	412
1535	412
1535	413
1536	413
1536	414
1537	414
1537	413
1539	413
1539	414
1541	414
1541	415
1544	415
1544	416
1547	416
1547	417
1548	417
1548	416
1549	416
1549	419
1550	419
1550	420
1558	420
1558	428
1560	428
1560	429
1562	429
1562	430
1565	430
1565	429
1569	429
1569	430
1570	430
1570	431
1571	431
1571	433
1583	433
1583	431
1585	431
1585	432
1590	432
1590	433
1592	433
1592	434
1594	434
1594	435
1595	435
1595	436
1590	436
1590	437
1589	437
1589	438
1588	438
1588	439
1587	439
1587	449
1590	449
1590	450
1591	450
1591	451
1595	451
1595	452
1598	452
1598	453
1601	453
1601	454
1602	454
1602	455
1606	455
1606	456
1607	456
1607	458
1608	458
1608	459
1611	459
1611	460
1612	460
1612	466
1613	466
1613	467
1614	467
1614	468
1616	468
1616	469
1618	469
1618	470
1619	470
1619	471
1624	471
1624	472
1626	472
1626	473
1628	473
1628	472
1629	472
1629	473
1632	473
1632	474
1634	474
1634	475
1637	475
1637	476
1638	476
1638	475
1644	475
1644	476
1645	476
1645	475
1646	475
1646	474
1652	474
1652	475
1655	475
1655	476
1656	476
1656	477
1654	477
1654	478
1652	478
1652	479
1651	479
1651	480
1650	480
1650	485
1651	485
1651	486
1650	486
1650	488
1651	488
1651	490
1654	490
1654	492
1660	492
1660	495
1661	495
1661	496
1662	496
1662	502
1666	502
1666	504
1667	504
1667	505
1668	505
1668	504
1669	504
1669	505
1671	505
1671	506
1672	506
1672	507
1677	507
1677	508
1678	508
1678	509
1680	509
1680	510
1682	510
1682	511
1684	511
1684	512
1686	512
1686	513
1689	513
1689	515
1706	515
1706	516
1707	516
1707	517
1705	517
1705	519
1704	519
1704	529
1705	529
1705	530
1707	530
1707	532
1712	532
1712	533
1714	533
1714	534
1717	534
1717	535
1719	535
1719	536
1720	536
1720	537
1724	537
1724	538
1726	538
1726	539
1728	539
1728	540
1730	540
1730	541
1731	541
1731	542
1733	542
1733	543
1734	543
1734	546
1735	546
1735	548
1745	548
1745	549
1748	549
1748	551
1749	551
1749	554
1750	554
1750	555
1751	555
1751	556
1758	556
1758	557
1757	557
1757	558
1756	558
1756	560
1755	560
1755	569
1757	569
1757	570
1759	570
1759	572
1760	572
1760	573
1762	573
1762	574
1764	574
1764	575
1765	575
1765	576
1766	576
1766	577
1768	577
1768	578
1769	578
1769	579
1770	579
1770	580
1771	580
1771	582
1772	582
1772	583
1774	583
1774	584
1776	584
1776	585
1777	585
1777	588
1778	588
1778	589
1780	589
1780	591
1781	591
1781	592
1782	592
1782	595
1788	595
1788	599
1789	599
1789	600
1792	600
1792	606
1794	606
1794	607
1795	607
1795	609
1796	609
1796	610
1792	610
1792	611
1791	611
1791	613
1790	613
1790	615
1791	615
1791	625
1792	625
1792	626
1798	626
1798	627
1800	627
1800	629
1802	629
1802	630
1809	630
1809	631
1812	631
1812	632
1819	632
1819	633
1821	633
1821	634
1823	634
1823	635
1826	635
1826	636
1829	636
1829	637
1832	637
1832	638
1833	638
1833	639
1834	639
1834	640
1835	640
1835	646
1836	646
1836	647
1839	647
1839	648
1841	648
1841	649
1844	649
1844	650
1846	650
1846	652
1847	652
1847	653
1852	653
1852	654
1853	654
1853	655
1854	655
1854	656
1856	656
1856	657
1857	657
1857	659
1859	659
1859	660
1860	660
1860	661
1862	661
1862	663
1863	663
1863	664
1864	664
1864	665
1866	665
1866	667
1867	667
1867	668
1868	668
1868	670
1870	670
1870	671
1873	671
1873	676
1874	676
1874	677
1879	677
1879	678
1881	678
1881	679
1883	679
1883	680
1884	680
1884	681
1886	681
1886	682
1890	682
1890	683
1892	683
1892	684
1891	684
1891	686
1890	686
1890	687
1891	687
1891	689
1890	689
1890	690
1891	690
1891	692
1890	692
1890	694
1891	694
1891	695
1892	695
1892	696
1893	696
1893	699
1895	699
1895	700
1896	700
1896	705
1897	705
1897	706
1899	706
1899	707
1908	707
1908	708
1911	708
1911	710
1912	710
1912	711
1922	711
1922	712
1923	712
1923	713
1924	713
1924	714
1930	714
1930	715
1931	715
1931	716
1930	716
1930	717
1931	717
1931	723
1932	723
1932	724
1933	724
1933	727
1934	727
1934	728
1936	728
1936	729
1940	729
1940	730
1941	730
1941	731
1942	731
1942	732
1945	732
1945	733
1946	733
1946	734
1950	734
1950	735
1951	735
1951	736
1952	736
1952	738
1953	738
1953	739
1955	739
1955	740
1959	740
1959	741
1960	741
1960	742
1961	742
1961	745
1962	745
1962	747
1963	747
1963	748
1965	748
1965	749
1966	749
1966	750
1967	750
1967	751
1968	751
1968	752
1969	752
1969	754
1971	754
1971	756
1972	756
1972	757
1975	757
1975	758
1976	758
1976	759
1977	759
1977	761
1980	761
1980	763
1981	763
1981	765
1983	765
1983	766
1982	766
1982	767
1985	767
1985	768
1986	768
1986	769
1987	769
1987	770
1988	770
1988	772
1989	772
1989	773
1990	773
1990	774
1992	774
1992	776
1993	776
1993	777
1994	777
1994	778
1995	778
1995	780
1996	780
1996	781
1997	781
1997	783
1998	783
1998	787
2000	787
2000	788
2001	788
2001	789
2002	789
2002	790
2003	790
2003	791
2004	791
2004	792
2005	792
2005	793
2006	793
2006	795
2007	795
2007	796
2009	796
2009	797
2010	797
2010	798
2011	798
2011	799
2013	799
2013	800
2014	800
2014	801
2013	801
2013	803
2014	803
2014	804
2015	804
2015	805
2016	805
2016	807
2018	807
2018	809
2019	809
2019	810
2020	810
2020	812
2021	812
2021	815
2023	815
2023	816
2025	816
2025	818
2026	818
2026	819
2027	819
2027	821
2030	821
2030	824
2031	824
2031	827
2034	827
2034	828
2036	828
2036	827
2037	827
2037	828
2038	828
2038	834
2039	834
2039	835
2040	835
2040	836
2041	836
2041	838
2042	838
2042	839
2043	839
2043	840
2044	840
2044	844
2045	844
2045	845
2049	845
2049	847
2050	847
2050	850
2052	850
2052	851
2054	851
2054	852
2056	852
2056	856
2059	856
2059	858
2060	858
2060	859
2061	859
2061	861
2062	861
2062	862
2063	862
2063	863
2065	863
2065	864
2066	864
2066	868
2069	868
2069	870
2070	870
2070	871
2072	871
2072	872
2073	872
2073	874
2074	874
2074	877
2077	877
2077	879
2078	879
2078	880
2079	880
2079	885
2083	885
2083	887
2084	887
2084	886
2085	886
2085	891
2089	891
2089	892
2090	892
2090	893
2091	893
2091	897
2094	897
2094	899
2095	899
2095	903
2098	903
2098	904
2099	904
2099	906
2100	906
2100	907
2101	907
2101	908
2103	908
2103	909
2104	909
2104	910
2105	910
2105	912
2106	912
2106	913
2107	913
2107	914
2108	914
2108	915
2110	915
2110	916
2111	916
2111	919
2112	919
2112	920
2114	920
2114	925
2115	925
2115	926
2119	926
2119	927
2121	927
2121	929
2122	929
2122	930
2123	930
2123	931
2124	931
2124	932
2131	932
2131	939
2132	939
2132	940
2133	940
2133	941
2134	941
2134	943
2135	943
2135	944
2136	944
2136	947
2137	947
2137	948
2131	948
2131	947
2129	947
2129	946
2127	946
2127	945
2126	945
2126	946
2125	946
2125	945
2122	945
2122	943
2121	943
2121	942
2116	942
2116	940
2114	940
2114	939
2111	939
2111	938
2110	938
2110	937
2111	937
2111	936
2105	936
2105	935
2104	935
2104	933
2102	933
2102	932
2100	932
2100	931
2099	931
2099	930
2097	930
2097	929
2095	929
2095	927
2093	927
2093	924
2089	924
2089	923
2088	923
2088	922
2087	922
2087	919
2086	919
2086	918
2083	918
2083	917
2082	917
2082	916
2081	916
2081	913
2076	913
2076	912
2075	912
2075	908
2074	908
2074	907
2069	907
2069	901
2064	901
2064	896
2063	896
2063	895
2058	895
2058	891
2057	891
2057	889
2052	889
2052	885
2051	885
2051	884
2047	884
2047	883
2046	883
2046	879
2042	879
2042	878
2040	878
2040	876
2039	876
2039	874
2038	874
2038	872
2034	872
2034	871
2035	871
2035	867
2034	867
2034	866
2029	866
2029	861
2025	861
2025	860
2023	860
2023	855
2017	855
2017	850
2016	850
2016	849
2010	849
2010	848
2009	848
2009	847
2008	847
2008	843
2006	843
2006	841
2005	841
2005	840
2003	840
2003	839
1999	839
1999	835
1997	835
1997	834
1996	834
1996	835
1995	835
1995	834
1994	834
1994	832
1993	832
1993	831
1990	831
1990	829
1989	829
1989	828
1988	828
1988	826
1987	826
1987	825
1985	825
1985	824
1984	824
1984	823
1983	823
1983	822
1982	822
1982	820
1980	820
1980	819
1978	819
1978	818
1977	818
1977	816
1976	816
1976	814
1971	814
1971	813
1970	813
1970	809
1971	809
1971	808
1963	808
1963	807
1962	807
1962	806
1961	806
1961	805
1960	805
1960	804
1959	804
1959	802
1956	802
1956	800
1955	800
1955	799
1954	799
1954	798
1953	798
1953	797
1952	797
1952	796
1947	796
1947	794
1946	794
1946	793
1944	793
1944	792
1942	792
1942	791
1941	791
1941	788
1934	788
1934	787
1931	787
1931	786
1930	786
1930	785
1929	785
1929	784
1926	784
1926	783
1924	783
1924	780
1923	780
1923	779
1922	779
1922	778
1921	778
1921	779
1912	779
1912	776
1911	776
1911	775
1908	775
1908	774
1906	774
1906	773
1901	773
1901	772
1900	772
1900	771
1895	771
1895	770
1894	770
1894	769
1890	769
1890	768
1888	768
1888	767
1883	767
1883	763
1872	763
1872	769
1871	769
1871	773
1870	773
1870	774
1869	774
1869	775
1866	775
1866	773
1855	773
1855	772
1852	772
1852	771
1848	771
1848	770
1846	770
1846	769
1843	769
1843	768
1842	768
1842	767
1838	767
1838	766
1836	766
1836	765
1833	765
1833	764
1831	764
1831	763
1830	763
1830	762
1826	762
1826	761
1825	761
1825	759
1823	759
1823	758
1820	758
1820	757
1819	757
1819	755
1818	755
1818	754
1817	754
1817	753
1808	753
1808	754
1807	754
1807	761
1790	761
1790	760
1789	760
1789	759
1784	759
1784	758
1779	758
1779	757
1778	757
1778	755
1775	755
1775	756
1774	756
1774	755
1773	755
1773	754
1772	754
1772	753
1768	753
1768	752
1767	752
1767	750
1766	750
1766	749
1763	749
1763	748
1761	748
1761	744
1756	744
1756	743
1755	743
1755	739
1754	739
1754	738
1750	738
1750	737
1749	737
1749	733
1740	733
1740	734
1738	734
1738	735
1739	735
1739	736
1738	736
1738	738
1737	738
1737	739
1736	739
1736	745
1735	745
1735	746
1734	746
1734	747
1722	747
1722	746
1720	746
1720	744
1715	744
1715	743
1714	743
1714	741
1710	741
1710	740
1709	740
1709	739
1708	739
1708	738
1703	738
1703	733
1702	733
1702	732
1699	732
1699	731
1698	731
1698	732
1696	732
1696	731
1695	731
1695	729
1694	729
1694	727
1692	727
1692	726
1690	726
1690	725
1689	725
1689	722
1688	722
1688	721
1685	721
1685	716
1684	716
1684	715
1681	715
1681	713
1671	713
1671	714
1670	714
1670	715
1669	715
1669	716
1668	716
1668	719
1667	719
1667	721
1666	721
1666	725
1664	725
1664	726
1663	726
1663	725
1662	725
1662	723
1660	723
1660	722
1656	722
1656	719
1655	719
1655	718
1650	718
1650	717
1651	717
1651	716
1650	716
1650	715
1645	715
1645	710
1644	710
1644	709
1639	709
1639	707
1638	707
1638	705
1636	705
1636	704
1635	704
1635	703
1634	703
1634	702
1633	702
1633	697
1629	697
1629	696
1628	696
1628	695
1627	695
1627	692
1626	692
1626	691
1625	691
1625	690
1624	690
1624	686
1611	686
1611	693
1610	693
1610	696
1611	696
1611	697
1609	697
1609	696
1605	696
1605	695
1598	695
1598	692
1597	692
1597	691
1596	691
1596	690
1594	690
1594	689
1593	689
1593	688
1592	688
1592	686
1590	686
1590	685
1587	685
1587	684
1586	684
1586	681
1585	681
1585	680
1581	680
1581	677
1580	677
1580	676
1581	676
1581	675
1580	675
1580	674
1575	674
1575	672
1574	672
1574	668
1570	668
1570	666
1569	666
1569	663
1568	663
1568	662
1566	662
1566	661
1565	661
1565	660
1564	660
1564	658
1563	658
1563	652
1562	652
1562	651
1550	651
1550	653
1549	653
1549	658
1548	658
1548	659
1546	659
1546	657
1540	657
1540	654
1539	654
1539	653
1535	653
1535	652
1534	652
1534	651
1533	651
1533	650
1532	650
1532	649
1531	649
1531	648
1530	648
1530	647
1529	647
1529	646
1528	646
1528	645
1526	645
1526	643
1525	643
1525	642
1523	642
1523	641
1522	641
1522	639
1520	639
1520	638
1519	638
1519	637
1518	637
1518	636
1517	636
1517	634
1516	634
1516	633
1514	633
1514	632
1513	632
1513	631
1512	631
1512	630
1511	630
1511	629
1510	629
1510	627
1509	627
1509	626
1508	626
1508	625
1507	625
1507	622
1505	622
1505	616
1502	616
1502	615
1501	615
1501	614
1493	614
1493	615
1492	615
1492	617
1491	617
1491	620
1489	620
1489	619
1488	619
1488	617
1487	617
1487	616
1482	616
1482	614
1481	614
1481	613
1477	613
1477	611
1476	611
1476	609
1474	609
1474	608
1472	608
1472	605
1470	605
1470	603
1467	603
1467	602
1465	602
1465	601
1464	601
1464	599
1463	599
1463	598
1461	598
1461	597
1460	597
1460	595
1459	595
1459	594
1458	594
1458	593
1457	593
1457	592
1456	592
1456	591
1454	591
1454	590
1453	590
1453	588
1452	588
1452	586
1451	586
1451	585
1450	585
1450	584
1449	584
1449	581
1448	581
1448	579
1447	579
1447	578
1448	578
1448	577
1447	577
1447	576
1446	576
1446	575
1444	575
1444	571
1443	571
1443	570
1441	570
1441	569
1440	569
1440	570
1439	570
1439	569
1438	569
1438	570
1437	570
1437	569
1435	569
1435	570
1433	570
1433	577
1432	577
1432	578
1429	578
1429	575
1424	575
1424	574
1423	574
1423	572
1420	572
1420	571
1419	571
1419	569
1417	569
1417	568
1416	568
1416	567
1415	567
1415	564
1413	564
1413	563
1412	563
1412	558
1409	558
1409	557
1407	557
1407	555
1405	555
1405	552
1403	552
1403	551
1402	551
1402	549
1401	549
1401	547
1400	547
1400	546
1398	546
1398	544
1397	544
1397	543
1396	543
1396	541
1395	541
1395	540
1394	540
1394	535
1393	535
1393	534
1381	534
1381	535
1379	535
1379	534
1377	534
1377	533
1376	533
1376	532
1372	532
1372	531
1371	531
1371	529
1369	529
1369	528
1368	528
1368	527
1367	527
1367	525
1365	525
1365	523
1363	523
1363	521
1362	521
1362	520
1361	520
1361	519
1360	519
1360	518
1359	518
1359	517
1358	517
1358	516
1357	516
1357	514
1356	514
1356	512
1354	512
1354	507
1353	507
1353	506
1351	506
1351	505
1349	505
1349	500
1346	500
1346	499
1344	499
1344	497
1343	497
1343	494
1342	494
1342	489
1341	489
1341	488
1339	488
1339	486
1338	486
1338	483
1337	483
1337	482
1329	482
1329	483
1328	483
1328	490
1326	490
1326	491
1323	491
1323	490
1321	490
1321	489
1320	489
1320	488
1318	488
1318	487
1317	487
1317	486
1316	486
1316	482
1313	482
1313	477
1312	477
1312	476
1310	476
1310	475
1309	475
1309	474
1308	474
1308	473
1307	473
1307	470
1306	470
1306	469
1305	469
1305	467
1304	467
1304	465
1303	465
1303	463
1302	463
1302	459
1301	459
1301	454
1300	454
1300	453
1298	453
1298	452
1297	452
1297	448
1296	448
1296	446
1295	446
1295	441
1294	441
1294	440
1293	440
1293	439
1286	439
1286	440
1284	440
1284	441
1280	441
1280	440
1279	440
1279	439
1278	439
1278	436
1277	436
1277	435
1275	435
1275	430
1272	430
1272	425
1271	425
1271	424
1270	424
1270	422
1269	422
1269	418
1267	418
1267	416
1266	416
1266	413
1265	413
1265	412
1264	412
1264	411
1263	411
1263	408
1262	408
1262	405
1261	405
1261	403
1260	403
1260	401
1258	401
1258	398
1257	398
1257	397
1256	397
1256	396
1255	396
1255	393
1254	393
1254	389
1252	389
1252	388
1251	388
1251	385
1250	385
1250	381
1249	381
1249	377
1248	377
1248	375
1240	375
1240	376
1239	376
1239	377
1236	377
1236	376
1235	376
1235	375
1234	375
1234	374
1233	374
1233	373
1232	373
1232	371
1231	371
1231	369
1232	369
1232	368
1231	368
1231	366
1230	366
1230	365
1229	365
1229	364
1228	364
1228	362
1227	362
1227	360
1226	360
1226	355
1225	355
1225	354
1224	354
1224	353
1223	353
1223	350
1222	350
1222	348
1221	348
1221	347
1220	347
1220	343
1219	343
1219	342
1218	342
1218	341
1217	341
1217	338
1216	338
1216	336
1215	336
1215	331
1211	331
1211	326
1210	326
1210	325
1209	325
1209	323
1208	323
1208	320
1207	320
1207	319
1206	319
1206	318
1207	318
1207	317
1205	317
1205	315
1204	315
1204	314
1203	314
1203	311
1202	311
1202	307
1200	307
1200	304
1199	304
1199	301
1198	301
1198	300
1197	300
1197	297
1196	297
1196	296
1195	296
1195	295
1188	295
1188	294
1187	294
1187	293
1186	293
1186	292
1185	292
1185	290
1182	290
1182	289
1181	289
1181	288
1180	288
1180	287
1179	287
1179	284
1177	284
1177	283
1176	283
1176	281
1174	281
1174	280
1173	280
1173	278
1171	278
1171	277
1170	277
1170	275
1169	275
1169	273
1167	273
1167	272
1165	272
1165	269
1163	269
1163	267
1162	267
1162	264
1161	264
1161	261
1159	261
1159	259
1156	259
1156	257
1155	257
1155	256
1154	256
1154	254
1152	254
1152	253
1151	253
1151	251
1150	251
1150	249
1148	249
1148	248
1147	248
1147	246
1146	246
1146	245
1144	245
1144	242
1143	242
1143	241
1141	241
1141	240
1140	240
1140	238
1138	238
1138	237
1136	237
1136	236
1135	236
1135	234
1134	234
1134	233
1133	233
1133	232
1132	232
1132	231
1131	231
1131	230
1130	230
1130	229
1128	229
1128	228
1127	228
1127	226
1126	226
1126	225
1125	225
1125	224
1124	224
1124	223
1122	223
1122	222
1121	222
1121	221
1120	221
1120	220
1119	220
1119	219
1118	219
1118	218
1117	218
1117	217
1115	217
1115	215
1114	215
1114	214
1113	214
1113	213
1110	213
1110	212
1109	212
1109	209
1107	209
1107	208
1105	208
1105	207
1104	207
1104	206
1102	206
1102	205
1101	205
1101	204
1100	204
1100	203
1098	203
1098	201
1097	201
1097	200
1095	200
1095	199
1094	199
1094	198
1093	198
1093	197
1092	197
1092	196
1091	196
1091	195
1090	195
1090	194
1088	194
1088	192
1087	192
1087	191
1085	191
1085	190
1083	190
1083	189
1084	189
1084	188
1082	188
1082	187
1081	187
1081	186
1080	186
1080	185
1078	185
1078	184
1077	184
1077	182
1075	182
1075	181
1074	181
1074	179
1072	179
1072	178
1071	178
1071	177
1070	177
1070	176
1069	176
1069	174
1068	174
1068	172
1067	172
1067	171
1055	171
1055	193
1057	193
1057	199
1058	199
1058	202
1057	202
1057	204
1058	204
1058	205
1059	205
1059	210
1060	210
1060	214
1061	214
1061	216
1062	216
1062	219
1063	219
1063	221
1064	221
1064	223
1065	223
1065	227
1066	227
1066	230
1067	230
1067	234
1068	234
1068	235
1069	235
1069	237
1070	237
1070	239
1071	239
1071	242
1072	242
1072	245
1073	245
1073	246
1074	246
1074	250
1075	250
1075	252
1076	252
1076	254
1077	254
1077	258
1076	258
1076	261
1077	261
1077	262
1076	262
1076	267
1077	267
1077	269
1078	269
1078	274
1081	274
1081	275
1082	275
1082	277
1083	277
1083	278
1084	278
1084	285
1085	285
1085	286
1087	286
1087	290
1088	290
1088	291
1089	291
1089	294
1090	294
1090	298
1091	298
1091	300
1092	300
1092	303
1093	303
1093	305
1094	305
1094	308
1095	308
1095	330
1096	330
1096	333
1098	333
1098	334
1099	334
1099	335
1100	335
1100	337
1101	337
1101	344
1103	344
1103	345
1104	345
1104	350
1105	350
1105	351
1106	351
1106	353
1107	353
1107	356
1109	356
1109	358
1110	358
1110	362
1111	362
1111	363
1112	363
1112	373
1113	373
1113	378
1114	378
1114	379
1116	379
1116	380
1117	380
1117	381
1118	381
1118	383
1119	383
1119	384
1120	384
1120	386
1121	386
1121	388
1122	388
1122	391
1123	391
1123	392
1124	392
1124	394
1125	394
1125	398
1126	398
1126	400
1127	400
1127	401
1128	401
1128	404
1129	404
1129	405
1130	405
1130	408
1131	408
1131	409
1133	409
1133	411
1134	411
1134	412
1135	412
1135	413
1136	413
1136	415
1137	415
1137	416
1138	416
1138	419
1139	419
1139	420
1140	420
1140	422
1141	422
1141	424
1142	424
1142	431
1143	431
1143	432
1144	432
1144	433
1145	433
1145	434
1146	434
1146	435
1147	435
1147	436
1148	436
1148	437
1149	437
1149	438
1150	438
1150	439
1151	439
1151	440
1152	440
1152	441
1153	441
1153	443
1154	443
1154	444
1155	444
1155	446
1156	446
1156	448
1157	448
1157	450
1158	450
1158	452
1159	452
1159	455
1161	455
1161	456
1162	456
1162	460
1163	460
1163	462
1164	462
1164	465
1166	465
1166	466
1167	466
1167	467
1168	467
1168	469
1169	469
1169	473
1170	473
1170	474
1171	474
1171	478
1173	478
1173	479
1174	479
1174	484
1175	484
1175	489
1176	489
1176	490
1177	490
1177	492
1178	492
1178	493
1179	493
1179	495
1181	495
1181	496
1182	496
1182	497
1184	497
1184	498
1185	498
1185	499
1186	499
1186	501
1187	501
1187	503
1188	503
1188	504
1189	504
1189	507
1191	507
1191	508
1192	508
1192	509
1193	509
1193	512
1194	512
1194	514
1195	514
1195	518
1194	518
1194	519
1198	519
1198	521
1199	521
1199	522
1200	522
1200	523
1201	523
1201	525
1202	525
1202	526
1204	526
1204	529
1205	529
1205	531
1206	531
1206	534
1207	534
1207	536
1211	536
1211	540
1210	540
1210	548
1209	548
1209	560
1211	560
1211	562
1212	562
1212	565
1214	565
1214	566
1215	566
1215	565
1216	565
1216	566
1217	566
1217	569
1218	569
1218	571
1220	571
1220	572
1221	572
1221	573
1222	573
1222	574
1223	574
1223	576
1224	576
1224	577
1225	577
1225	579
1226	579
1226	580
1227	580
1227	581
1228	581
1228	583
1229	583
1229	587
1230	587
1230	589
1233	589
1233	591
1234	591
1234	593
1233	593
1233	594
1235	594
1235	595
1236	595
1236	597
1238	597
1238	600
1239	600
1239	606
1242	606
1242	607
1243	607
1243	610
1244	610
1244	611
1245	611
1245	613
1246	613
1246	615
1247	615
1247	618
1248	618
1248	619
1249	619
1249	620
1250	620
1250	624
1251	624
1251	625
1252	625
1252	628
1253	628
1253	632
1254	632
1254	633
1255	633
1255	634
1256	634
1256	636
1255	636
1255	638
1256	638
1256	640
1257	640
1257	643
1258	643
1258	651
1257	651
1257	653
1256	653
1256	655
1254	655
1254	654
1251	654
1251	653
1241	653
1241	652
1240	652
1240	664
1242	664
1242	665
1243	665
1243	667
1244	667
1244	669
1245	669
1245	670
1246	670
1246	671
1247	671
1247	676
1250	676
1250	679
1251	679
1251	681
1252	681
1252	682
1253	682
1253	687
1255	687
1255	688
1256	688
1256	693
1258	693
1258	696
1259	696
1259	699
1260	699
1260	700
1261	700
1261	703
1262	703
1262	705
1263	705
1263	706
1264	706
1264	709
1265	709
1265	711
1266	711
1266	712
1267	712
1267	716
1268	716
1268	717
1269	717
1269	718
1270	718
