1587	676
1588	676
1588	678
1590	678
1590	679
1591	679
1591	680
1592	680
1592	685
1595	685
1595	687
1596	687
1596	689
1585	689
1585	690
1579	690
1579	693
1578	693
1578	692
1576	692
1576	693
1574	693
1574	694
1573	694
1573	695
1572	695
1572	702
1573	702
1573	704
1577	704
1577	705
1578	705
1578	707
1580	707
1580	708
1582	708
1582	709
1584	709
1584	710
1585	710
1585	711
1588	711
1588	712
1589	712
1589	713
1590	713
1590	714
1592	714
1592	716
1593	716
1593	717
1598	717
1598	718
1600	718
1600	720
1601	720
1601	721
1603	721
1603	722
1604	722
1604	723
1605	723
1605	726
1609	726
1609	727
1611	727
1611	729
1612	729
1612	730
1613	730
1613	731
1615	731
1615	732
1617	732
1617	735
1618	735
1618	736
1623	736
1623	739
1624	739
1624	742
1627	742
1627	744
1628	744
1628	749
1632	749
1632	752
1633	752
1633	753
1634	753
1634	754
1635	754
1635	755
1634	755
1634	756
1635	756
1635	757
1634	757
1634	758
1621	758
1621	759
1616	759
1616	760
1614	760
1614	761
1612	761
1612	762
1611	762
1611	772
1614	772
1614	773
1617	773
1617	775
1619	775
1619	776
1622	776
1622	777
1624	777
1624	778
1627	778
1627	779
1629	779
1629	780
1630	780
1630	783
1633	783
1633	784
1634	784
1634	786
1635	786
1635	787
1636	787
1636	788
1637	788
1637	789
1643	789
1643	793
1649	793
1649	795
1653	795
1653	797
1654	797
1654	798
1655	798
1655	799
1656	799
1656	801
1658	801
1658	802
1660	802
1660	803
1661	803
1661	804
1662	804
1662	805
1663	805
1663	806
1666	806
1666	807
1669	807
1669	809
1670	809
1670	811
1672	811
1672	812
1673	812
1673	815
1674	815
1674	817
1675	817
1675	819
1676	819
1676	820
1677	820
1677	821
1679	821
1679	824
1680	824
1680	825
1678	825
1678	826
1672	826
1672	827
1669	827
1669	828
1663	828
1663	829
1662	829
1662	830
1656	830
1656	831
1657	831
1657	840
1658	840
1658	841
1659	841
1659	842
1662	842
1662	844
1665	844
1665	845
1669	845
1669	847
1671	847
1671	848
1672	848
1672	849
1673	849
1673	850
1674	850
1674	851
1675	851
1675	852
1677	852
1677	853
1678	853
1678	854
1679	854
1679	855
1681	855
1681	857
1683	857
1683	858
1684	858
1684	860
1685	860
1685	861
1687	861
1687	863
1688	863
1688	866
1692	866
1692	867
1693	867
1693	868
1694	868
1694	869
1695	869
1695	871
1696	871
1696	872
1697	872
1697	873
1698	873
1698	874
1700	874
1700	878
1704	878
1704	879
1706	879
1706	881
1707	881
1707	882
1708	882
1708	883
1709	883
1709	884
1710	884
1710	885
1712	885
1712	887
1713	887
1713	888
1714	888
1714	889
1715	889
1715	890
1716	890
1716	892
1717	892
1717	893
1718	893
1718	895
1719	895
1719	900
1720	900
1720	902
1722	902
1722	907
1721	907
1721	908
1707	908
1707	909
1700	909
1700	910
1699	910
1699	911
1697	911
1697	921
1700	921
1700	922
1702	922
1702	923
1703	923
1703	924
1704	924
1704	925
1707	925
1707	927
1709	927
1709	928
1710	928
1710	929
1711	929
1711	930
1712	930
1712	932
1713	932
1713	934
1716	934
1716	938
1718	938
1718	940
1719	940
1719	941
1721	941
1721	944
1723	944
1723	945
1724	945
1724	946
1725	946
1725	948
1726	948
1726	949
1728	949
1728	950
1729	950
1729	952
1730	952
1730	953
1731	953
1731	954
1732	954
1732	955
1734	955
1734	956
1735	956
1735	957
1736	957
1736	959
1738	959
1738	960
1739	960
1739	961
1740	961
1740	962
1742	962
1742	963
1743	963
1743	965
1744	965
1744	966
1745	966
1745	967
1746	967
1746	969
1747	969
1747	970
1748	970
1748	971
1749	971
1749	973
1750	973
1750	974
1751	974
1751	977
1752	977
1752	978
1753	978
1753	979
1754	979
1754	982
1755	982
1755	985
1756	985
1756	989
1755	989
1755	991
1754	991
1754	992
1752	992
1752	991
1739	991
1739	992
1732	992
1732	993
1731	993
1731	1002
1732	1002
1732	1004
1735	1004
1735	1005
1737	1005
1737	1008
1739	1008
1739	1010
1741	1010
1741	1012
1742	1012
1742	1013
1744	1013
1744	1014
1745	1014
1745	1016
1746	1016
1746	1017
1747	1017
1747	1018
1748	1018
1748	1019
1749	1019
1749	1022
1750	1022
1750	1023
1751	1023
1751	1024
1752	1024
1752	1025
1754	1025
1754	1027
1755	1027
1755	1029
1756	1029
1756	1030
1757	1030
1757	1032
1758	1032
1758	1036
1760	1036
1760	1038
1761	1038
1761	1039
1762	1039
1762	1041
1763	1041
1763	1043
1764	1043
1764	1044
1765	1044
1765	1045
1766	1045
1766	1047
1767	1047
1767	1048
1768	1048
1768	1049
1769	1049
1769	1051
1768	1051
1768	1053
1769	1053
1769	1055
1774	1055
1774	1058
1775	1058
1775	1059
1776	1059
1776	1060
1777	1060
1777	1061
1778	1061
1778	1062
1779	1062
1779	1063
1780	1063
1780	1064
1781	1064
1781	1067
1780	1067
1780	1068
1783	1068
1783	1071
1784	1071
1784	1072
1786	1072
1786	1075
1787	1075
1787	1077
1788	1077
1788	1079
1789	1079
1789	1081
1790	1081
1790	1083
1791	1083
1791	1086
1792	1086
1792	1089
1791	1089
1791	1088
1778	1088
1778	1089
1773	1089
1773	1090
1772	1090
1772	1101
1773	1101
1773	1100
1774	1100
1774	1101
1777	1101
1777	1106
1780	1106
1780	1107
1781	1107
1781	1112
1785	1112
1785	1113
1786	1113
1786	1115
1787	1115
1787	1116
1788	1116
1788	1119
1790	1119
1790	1120
1791	1120
1791	1122
1793	1122
1793	1123
1794	1123
1794	1125
1795	1125
1795	1127
1796	1127
1796	1131
1798	1131
1798	1132
1799	1132
1799	1133
1800	1133
1800	1135
1801	1135
1801	1137
1802	1137
1802	1138
1803	1138
1803	1139
1804	1139
1804	1141
1805	1141
1805	1144
1806	1144
1806	1145
1807	1145
1807	1146
1808	1146
1808	1150
1809	1150
1809	1151
1811	1151
1811	1152
1812	1152
1812	1153
1811	1153
1811	1156
1812	1156
1812	1157
1811	1157
1811	1160
1801	1160
1801	1161
1799	1161
1799	1174
1800	1174
1800	1175
1801	1175
1801	1177
1802	1177
1802	1182
1804	1182
1804	1183
1806	1183
1806	1186
1807	1186
1807	1189
1809	1189
1809	1190
1808	1190
1808	1191
1810	1191
1810	1192
1809	1192
1809	1193
1810	1193
1810	1195
1811	1195
1811	1198
1812	1198
1812	1199
1813	1199
1813	1203
1814	1203
1814	1204
1815	1204
1815	1207
1816	1207
1816	1208
1818	1208
1818	1211
1819	1211
1819	1214
1821	1214
1821	1219
1822	1219
1822	1221
1824	1221
1824	1222
1825	1222
1825	1226
1826	1226
1826	1227
1827	1227
1827	1230
1828	1230
1828	1233
1830	1233
1830	1234
1831	1234
1831	1237
1832	1237
1832	1239
1833	1239
1833	1240
1835	1240
1835	1243
1837	1243
1837	1246
1839	1246
1839	1247
1840	1247
1840	1248
1841	1248
1841	1252
1842	1252
1842	1253
1844	1253
1844	1255
1845	1255
1845	1257
1846	1257
1846	1259
1847	1259
1847	1260
1849	1260
1849	1262
1850	1262
1850	1264
1851	1264
1851	1265
1852	1265
1852	1266
1853	1266
1853	1271
1854	1271
1854	1272
1855	1272
1855	1274
1857	1274
1857	1275
1858	1275
1858	1278
1860	1278
1860	1281
1861	1281
1861	1282
1863	1282
1863	1283
1864	1283
1864	1284
1865	1284
1865	1285
1866	1285
1866	1286
1867	1286
1867	1288
1869	1288
1869	1290
1870	1290
1870	1291
1872	1291
1872	1295
1873	1295
1873	1297
1877	1297
1877	1298
1878	1298
1878	1299
1879	1299
1879	1301
1882	1301
1882	1302
1884	1302
1884	1306
1885	1306
1885	1309
1886	1309
1886	1310
1888	1310
1888	1311
1890	1311
1890	1312
1891	1312
1891	1314
1892	1314
1892	1317
1893	1317
1893	1318
1896	1318
1896	1319
1897	1319
1897	1320
1898	1320
1898	1324
1901	1324
1901	1325
1902	1325
1902	1326
1904	1326
1904	1328
1905	1328
1905	1329
1907	1329
1907	1330
1909	1330
1909	1333
1911	1333
1911	1335
1912	1335
1912	1336
1913	1336
1913	1337
1914	1337
1914	1338
1915	1338
1915	1339
1916	1339
1916	1340
1917	1340
1917	1341
1918	1341
1918	1342
1919	1342
1919	1344
1920	1344
1920	1345
1922	1345
1922	1347
1923	1347
1923	1348
1924	1348
1924	1349
1925	1349
1925	1350
1926	1350
1926	1352
1928	1352
1928	1355
1930	1355
1930	1356
1931	1356
1931	1359
1932	1359
1932	1361
1934	1361
1934	1362
1935	1362
1935	1364
1936	1364
1936	1367
1940	1367
1940	1370
1941	1370
1941	1371
1942	1371
1942	1372
1943	1372
1943	1374
1944	1374
1944	1375
1945	1375
1945	1376
1946	1376
1946	1377
1948	1377
1948	1378
1949	1378
1949	1381
1951	1381
1951	1382
1952	1382
1952	1383
1953	1383
1953	1385
1954	1385
1954	1387
1955	1387
1955	1392
1956	1392
1956	1393
1955	1393
1955	1395
1954	1395
1954	1394
1952	1394
1952	1393
1951	1393
1951	1391
1947	1391
1947	1390
1944	1390
1944	1389
1943	1389
1943	1388
1939	1388
1939	1387
1938	1387
1938	1385
1935	1385
1935	1384
1934	1384
1934	1385
1932	1385
1932	1384
1930	1384
1930	1383
1929	1383
1929	1382
1927	1382
1927	1381
1925	1381
1925	1379
1922	1379
1922	1378
1918	1378
1918	1377
1915	1377
1915	1376
1914	1376
1914	1375
1913	1375
1913	1374
1912	1374
1912	1373
1911	1373
1911	1372
1906	1372
1906	1371
1905	1371
1905	1370
1903	1370
1903	1368
1901	1368
1901	1367
1900	1367
1900	1366
1899	1366
1899	1365
1896	1365
1896	1364
1893	1364
1893	1363
1892	1363
1892	1362
1891	1362
1891	1360
1889	1360
1889	1359
1887	1359
1887	1358
1886	1358
1886	1357
1884	1357
1884	1356
1882	1356
1882	1353
1879	1353
1879	1352
1877	1352
1877	1351
1876	1351
1876	1350
1875	1350
1875	1349
1874	1349
1874	1346
1873	1346
1873	1345
1872	1345
1872	1346
1870	1346
1870	1345
1869	1345
1869	1344
1868	1344
1868	1343
1866	1343
1866	1342
1865	1342
1865	1341
1864	1341
1864	1340
1862	1340
1862	1339
1861	1339
1861	1338
1860	1338
1860	1337
1859	1337
1859	1336
1858	1336
1858	1335
1857	1335
1857	1334
1855	1334
1855	1332
1854	1332
1854	1331
1852	1331
1852	1330
1851	1330
1851	1328
1850	1328
1850	1327
1848	1327
1848	1326
1847	1326
1847	1325
1846	1325
1846	1322
1845	1322
1845	1321
1842	1321
1842	1319
1840	1319
1840	1318
1838	1318
1838	1315
1836	1315
1836	1314
1835	1314
1835	1313
1834	1313
1834	1312
1832	1312
1832	1311
1830	1311
1830	1309
1829	1309
1829	1308
1826	1308
1826	1307
1825	1307
1825	1306
1824	1306
1824	1305
1823	1305
1823	1302
1819	1302
1819	1301
1818	1301
1818	1300
1817	1300
1817	1299
1816	1299
1816	1298
1814	1298
1814	1297
1815	1297
1815	1296
1813	1296
1813	1295
1812	1295
1812	1294
1811	1294
1811	1293
1810	1293
1810	1289
1806	1289
1806	1288
1805	1288
1805	1287
1804	1287
1804	1283
1802	1283
1802	1282
1799	1282
1799	1281
1798	1281
1798	1277
1797	1277
1797	1276
1793	1276
1793	1275
1792	1275
1792	1274
1791	1274
1791	1273
1789	1273
1789	1272
1788	1272
1788	1271
1787	1271
1787	1270
1786	1270
1786	1269
1785	1269
1785	1268
1782	1268
1782	1267
1781	1267
1781	1265
1779	1265
1779	1263
1778	1263
1778	1262
1776	1262
1776	1260
1775	1260
1775	1259
1774	1259
1774	1258
1772	1258
1772	1256
1771	1256
1771	1255
1770	1255
1770	1254
1769	1254
1769	1253
1768	1253
1768	1252
1767	1252
1767	1250
1766	1250
1766	1249
1765	1249
1765	1248
1763	1248
1763	1246
1762	1246
1762	1245
1761	1245
1761	1244
1760	1244
1760	1242
1759	1242
1759	1239
1760	1239
1760	1238
1755	1238
1755	1237
1754	1237
1754	1236
1753	1236
1753	1232
1752	1232
1752	1231
1751	1231
1751	1232
1749	1232
1749	1230
1747	1230
1747	1226
1746	1226
1746	1225
1744	1225
1744	1224
1743	1224
1743	1223
1741	1223
1741	1221
1740	1221
1740	1219
1737	1219
1737	1218
1736	1218
1736	1216
1735	1216
1735	1215
1734	1215
1734	1213
1733	1213
1733	1212
1731	1212
1731	1210
1729	1210
1729	1209
1728	1209
1728	1207
1717	1207
1717	1208
1716	1208
1716	1209
1715	1209
1715	1208
1714	1208
1714	1207
1712	1207
1712	1206
1710	1206
1710	1205
1709	1205
1709	1201
1708	1201
1708	1200
1704	1200
1704	1199
1703	1199
1703	1198
1702	1198
1702	1193
1699	1193
1699	1191
1698	1191
1698	1190
1697	1190
1697	1189
1696	1189
1696	1186
1695	1186
1695	1185
1694	1185
1694	1184
1693	1184
1693	1183
1692	1183
1692	1182
1691	1182
1691	1180
1690	1180
1690	1179
1689	1179
1689	1175
1688	1175
1688	1174
1685	1174
1685	1172
1684	1172
1684	1170
1683	1170
1683	1168
1672	1168
1672	1169
1671	1169
1671	1171
1668	1171
1668	1170
1667	1170
1667	1169
1664	1169
1664	1168
1663	1168
1663	1167
1661	1167
1661	1166
1660	1166
1660	1165
1659	1165
1659	1164
1658	1164
1658	1163
1657	1163
1657	1160
1655	1160
1655	1159
1654	1159
1654	1157
1653	1157
1653	1155
1652	1155
1652	1154
1651	1154
1651	1149
1649	1149
1649	1148
1648	1148
1648	1145
1647	1145
1647	1144
1646	1144
1646	1141
1645	1141
1645	1137
1644	1137
1644	1135
1643	1135
1643	1134
1633	1134
1633	1138
1632	1138
1632	1139
1628	1139
1628	1138
1626	1138
1626	1137
1624	1137
1624	1136
1623	1136
1623	1135
1622	1135
1622	1134
1623	1134
1623	1133
1621	1133
1621	1134
1620	1134
1620	1133
1619	1133
1619	1130
1617	1130
1617	1129
1613	1129
1613	1124
1612	1124
1612	1123
1609	1123
1609	1121
1608	1121
1608	1120
1607	1120
1607	1118
1606	1118
1606	1116
1605	1116
1605	1115
1604	1115
1604	1113
1603	1113
1603	1112
1602	1112
1602	1110
1600	1110
1600	1105
1599	1105
1599	1104
1597	1104
1597	1102
1595	1102
1595	1101
1594	1101
1594	1099
1593	1099
1593	1098
1592	1098
1592	1097
1591	1097
1591	1094
1590	1094
1590	1092
1589	1092
1589	1090
1588	1090
1588	1088
1587	1088
1587	1085
1586	1085
1586	1083
1585	1083
1585	1081
1584	1081
1584	1079
1583	1079
1583	1077
1582	1077
1582	1076
1581	1076
1581	1071
1580	1071
1580	1070
1578	1070
1578	1071
1576	1071
1576	1070
1572	1070
1572	1071
1570	1071
1570	1072
1569	1072
1569	1075
1567	1075
1567	1077
1566	1077
1566	1079
1565	1079
1565	1081
1564	1081
1564	1086
1563	1086
1563	1088
1562	1088
1562	1087
1559	1087
1559	1086
1558	1086
1558	1085
1555	1085
1555	1083
1554	1083
1554	1084
1553	1084
1553	1083
1551	1083
1551	1082
1552	1082
1552	1081
1550	1081
1550	1080
1549	1080
1549	1079
1548	1079
1548	1078
1546	1078
1546	1077
1545	1077
1545	1075
1544	1075
1544	1074
1543	1074
1543	1071
1542	1071
1542	1069
1541	1069
1541	1068
1540	1068
1540	1066
1539	1066
1539	1065
1538	1065
1538	1063
1537	1063
1537	1061
1536	1061
1536	1054
1535	1054
1535	1053
1534	1053
1534	1052
1533	1052
1533	1048
1531	1048
1531	1045
1530	1045
1530	1041
1529	1041
1529	1040
1527	1040
1527	1038
1526	1038
1526	1035
1525	1035
1525	1034
1524	1034
1524	1030
1523	1030
1523	1028
1522	1028
1522	1027
1521	1027
1521	1026
1520	1026
1520	1022
1519	1022
1519	1019
1518	1019
1518	1017
1517	1017
1517	1007
1516	1007
1516	1006
1507	1006
1507	1007
1506	1007
1506	1008
1503	1008
1503	1010
1502	1010
1502	1012
1500	1012
1500	1020
1499	1020
1499	1021
1495	1021
1495	1020
1493	1020
1493	1019
1492	1019
1492	1016
1491	1016
1491	1015
1488	1015
1488	1014
1487	1014
1487	1013
1486	1013
1486	1012
1485	1012
1485	1009
1483	1009
1483	1007
1482	1007
1482	1006
1481	1006
1481	1004
1480	1004
1480	1003
1479	1003
1479	997
1478	997
1478	996
1477	996
1477	995
1476	995
1476	993
1475	993
1475	990
1474	990
1474	986
1473	986
1473	983
1472	983
1472	977
1470	977
1470	976
1469	976
1469	974
1468	974
1468	971
1467	971
1467	968
1466	968
1466	964
1465	964
1465	963
1464	963
1464	959
1463	959
1463	956
1462	956
1462	952
1461	952
1461	950
1460	950
1460	933
1459	933
1459	931
1458	931
1458	930
1456	930
1456	931
1453	931
1453	930
1452	930
1452	931
1449	931
1449	932
1448	932
1448	933
1447	933
1447	934
1446	934
1446	935
1445	935
1445	937
1444	937
1444	938
1442	938
1442	940
1441	940
1441	942
1440	942
1440	945
1438	945
1438	949
1437	949
1437	951
1434	951
1434	950
1432	950
1432	949
1431	949
1431	947
1430	947
1430	946
1429	946
1429	945
1428	945
1428	944
1427	944
1427	943
1426	943
1426	942
1425	942
1425	941
1424	941
1424	940
1423	940
1423	938
1422	938
1422	937
1421	937
1421	932
1420	932
1420	930
1419	930
1419	928
1418	928
1418	923
1417	923
1417	918
1416	918
1416	916
1415	916
1415	907
1413	907
1413	906
1412	906
1412	904
1411	904
1411	899
1410	899
1410	898
1409	898
1409	881
1408	881
1408	871
1398	871
1398	872
1397	872
1397	874
1396	874
1396	875
1394	875
1394	882
1393	882
1393	884
1391	884
1391	883
1390	883
1390	882
1389	882
1389	881
1387	881
1387	879
1386	879
1386	878
1384	878
1384	877
1383	877
1383	874
1381	874
1381	873
1380	873
1380	872
1379	872
1379	870
1377	870
1377	862
1375	862
1375	859
1374	859
1374	856
1375	856
1375	855
1374	855
1374	850
1373	850
1373	846
1372	846
1372	842
1371	842
1371	835
1370	835
1370	833
1371	833
1371	831
1370	831
1370	830
1369	830
1369	827
1368	827
1368	821
1367	821
1367	818
1366	818
1366	806
1365	806
1365	805
1355	805
1355	806
1353	806
1353	808
1352	808
1352	809
1350	809
1350	810
1349	810
1349	813
1348	813
1348	814
1347	814
1347	816
1346	816
1346	817
1345	817
1345	816
1344	816
1344	815
1343	815
1343	813
1342	813
1342	811
1341	811
1341	809
1339	809
1339	806
1338	806
1338	804
1337	804
1337	803
1336	803
1336	799
1335	799
1335	797
1334	797
1334	792
1333	792
1333	786
1332	786
1332	779
1331	779
1331	778
1330	778
1330	776
1329	776
1329	773
1328	773
1328	768
1327	768
1327	767
1326	767
1326	760
1325	760
1325	756
1326	756
1326	755
1325	755
1325	753
1324	753
1324	752
1323	752
1323	733
1313	733
1313	734
1310	734
1310	735
1309	735
1309	739
1308	739
1308	740
1307	740
1307	741
1301	741
1301	744
1300	744
1300	745
1301	745
1301	746
1300	746
1300	747
1301	747
1301	753
1302	753
1302	754
1303	754
1303	755
1304	755
1304	757
1305	757
1305	761
1307	761
1307	764
1308	764
1308	767
1309	767
1309	778
1306	778
1306	777
1305	777
1305	776
1301	776
1301	775
1299	775
1299	776
1297	776
1297	775
1291	775
1291	776
1289	776
1289	777
1288	777
1288	782
1289	782
1289	783
1288	783
1288	784
1289	784
1289	786
1290	786
1290	787
1291	787
1291	788
1292	788
1292	793
1296	793
1296	794
1297	794
1297	795
1298	795
1298	799
1299	799
1299	800
1302	800
1302	802
1303	802
1303	804
1304	804
1304	806
1306	806
1306	808
1307	808
1307	810
1308	810
1308	811
1309	811
1309	812
1311	812
1311	819
1315	819
1315	821
1316	821
1316	824
1317	824
1317	826
1318	826
1318	827
1320	827
1320	828
1321	828
1321	829
1320	829
1320	830
1321	830
1321	832
1322	832
1322	833
1323	833
1323	835
1324	835
1324	838
1326	838
1326	839
1327	839
1327	840
1328	840
1328	850
1329	850
1329	851
1330	851
1330	856
1331	856
1331	863
1330	863
1330	869
1328	869
1328	868
1327	868
1327	867
1326	867
1326	866
1322	866
1322	865
1321	865
1321	866
1319	866
1319	865
1313	865
1313	864
1305	864
1305	865
1303	865
1303	874
1304	874
1304	876
1305	876
1305	877
1306	877
1306	879
1307	879
1307	880
1308	880
1308	881
1309	881
1309	882
1310	882
1310	884
1311	884
1311	888
1312	888
1312	889
1314	889
1314	890
1315	890
1315	892
1316	892
1316	893
1317	893
1317	896
1318	896
1318	897
1319	897
1319	898
1320	898
1320	900
1321	900
1321	901
1320	901
1320	902
1321	902
1321	904
1322	904
1322	906
1323	906
1323	908
1325	908
1325	911
1326	911
1326	914
1327	914
1327	916
1328	916
1328	919
1329	919
1329	920
1330	920
1330	922
1331	922
1331	924
1332	924
1332	925
1333	925
1333	927
1334	927
1334	928
1335	928
1335	931
1336	931
1336	934
1337	934
1337	940
1339	940
1339	943
1340	943
1340	953
1339	953
1339	954
1340	954
1340	955
1339	955
1339	957
1335	957
1335	956
1333	956
1333	955
1332	955
1332	954
1316	954
1316	965
1317	965
1317	966
1319	966
1319	965
1320	965
1320	967
1321	967
1321	968
1322	968
1322	969
1323	969
1323	971
1324	971
1324	972
1325	972
1325	973
1326	973
1326	974
1325	974
1325	975
1327	975
1327	976
1328	976
1328	977
1329	977
1329	979
1330	979
1330	984
1332	984
1332	985
1333	985
1333	988
1335	988
1335	991
1337	991
1337	994
1338	994
1338	995
1339	995
1339	998
1340	998
1340	999
1341	999
1341	1003
1342	1003
1342	1004
1344	1004
1344	1007
1345	1007
1345	1009
1346	1009
1346	1010
1347	1010
1347	1013
1348	1013
1348	1015
1349	1015
1349	1016
1350	1016
1350	1018
1351	1018
1351	1022
1352	1022
1352	1025
1354	1025
1354	1026
1355	1026
1355	1036
1354	1036
1354	1041
1353	1041
1353	1049
1350	1049
1350	1050
1349	1050
1349	1049
1348	1049
1348	1047
1346	1047
1346	1046
1337	1046
1337	1045
1324	1045
1324	1046
1323	1046
1323	1055
1324	1055
1324	1061
1329	1061
1329	1065
1330	1065
1330	1066
1331	1066
1331	1068
1333	1068
1333	1070
1334	1070
1334	1073
1335	1073
1335	1074
1336	1074
1336	1075
1337	1075
1337	1080
1339	1080
1339	1083
1340	1083
1340	1085
1341	1085
1341	1088
1342	1088
1342	1090
1343	1090
1343	1093
1344	1093
1344	1094
1345	1094
1345	1100
1347	1100
1347	1103
1348	1103
1348	1106
1349	1106
1349	1110
1350	1110
1350	1112
1351	1112
1351	1114
1352	1114
1352	1117
1353	1117
1353	1119
1354	1119
1354	1123
1355	1123
1355	1139
1354	1139
1354	1140
1352	1140
1352	1139
1351	1139
1351	1137
1350	1137
1350	1136
1343	1136
1343	1135
1339	1135
1339	1134
1331	1134
1331	1133
1328	1133
1328	1134
1327	1134
1327	1133
1324	1133
1324	1134
1322	1134
1322	1143
1323	1143
1323	1148
1324	1148
1324	1150
1325	1150
1325	1151
1326	1151
1326	1154
1327	1154
1327	1156
1328	1156
1328	1162
1329	1162
1329	1163
1330	1163
1330	1168
1331	1168
1331	1170
1332	1170
1332	1172
1333	1172
1333	1176
1334	1176
1334	1179
1335	1179
1335	1181
1336	1181
1336	1187
1337	1187
1337	1189
1338	1189
1338	1193
1339	1193
1339	1196
1340	1196
1340	1202
1341	1202
1341	1223
1340	1223
1340	1230
1338	1230
1338	1232
1334	1232
1334	1231
1333	1231
1333	1230
1331	1230
1331	1229
1330	1229
1330	1228
1328	1228
1328	1226
1326	1226
1326	1225
1321	1225
1321	1224
1311	1224
1311	1225
1310	1225
1310	1227
1311	1227
1311	1228
1310	1228
1310	1230
1311	1230
1311	1231
1310	1231
1310	1234
1311	1234
1311	1239
1312	1239
1312	1240
1314	1240
1314	1243
1315	1243
1315	1244
1316	1244
1316	1246
1317	1246
1317	1249
1318	1249
1318	1253
1319	1253
1319	1257
1320	1257
1320	1259
1321	1259
1321	1261
1322	1261
1322	1271
1323	1271
1323	1273
1324	1273
1324	1278
1327	1278
1327	1288
1328	1288
1328	1294
1329	1294
1329	1296
1330	1296
1330	1316
1329	1316
1329	1317
1328	1317
1328	1318
1326	1318
1326	1315
1325	1315
1325	1314
1320	1314
1320	1313
1319	1313
1319	1312
1317	1312
1317	1313
1316	1313
1316	1312
1314	1312
1314	1313
1313	1313
1313	1312
1302	1312
1302	1313
1301	1313
1301	1323
1303	1323
1303	1327
1304	1327
1304	1329
1305	1329
1305	1333
1306	1333
1306	1334
1307	1334
1307	1338
1308	1338
1308	1343
1309	1343
1309	1348
1310	1348
1310	1351
1311	1351
1311	1373
1312	1373
1312	1374
1313	1374
1313	1378
1314	1378
1314	1379
1315	1379
1315	1389
1316	1389
1316	1394
1315	1394
1315	1396
1316	1396
1316	1401
1317	1401
1317	1411
1316	1411
1316	1414
1315	1414
1315	1416
1312	1416
1312	1415
1311	1415
1311	1414
1310	1414
1310	1413
1306	1413
1306	1412
1305	1412
1305	1410
1303	1410
1303	1411
1300	1411
1300	1410
1299	1410
1299	1411
1298	1411
1298	1410
1294	1410
1294	1411
1292	1411
1292	1424
1293	1424
1293	1425
1296	1425
1296	1430
1297	1430
1297	1433
1298	1433
1298	1436
1299	1436
1299	1438
1300	1438
1300	1442
1301	1442
1301	1443
1300	1443
1300	1445
1301	1445
1301	1449
1302	1449
1302	1452
1303	1452
1303	1456
1304	1456
1304	1459
1305	1459
1305	1460
1304	1460
1304	1462
1305	1462
1305	1471
1296	1471
1296	1472
1294	1472
1294	1481
1295	1481
1295	1482
1296	1482
1296	1485
1297	1485
1297	1487
1298	1487
1298	1489
1299	1489
1299	1491
1300	1491
1300	1493
1301	1493
1301	1498
1302	1498
1302	1499
1303	1499
1303	1503
1304	1503
1304	1506
1305	1506
1305	1514
1306	1514
1306	1517
1307	1517
1307	1519
1306	1519
1306	1525
1307	1525
1307	1531
1305	1531
1305	1532
1303	1532
1303	1531
1301	1531
1301	1530
1289	1530
1289	1531
1286	1531
1286	1542
1287	1542
1287	1544
1288	1544
1288	1552
1289	1552
1289	1562
1290	1562
1290	1565
1289	1565
1289	1566
1290	1566
1290	1590
1291	1590
1291	1597
1292	1597
1292	1603
1293	1603
1293	1605
1294	1605
1294	1610
1295	1610
1295	1617
1296	1617
1296	1625
1297	1625
1297	1632
1298	1632
1298	1637
1299	1637
1299	1639
1298	1639
1298	1640
1299	1640
1299	1642
1300	1642
1300	1649
1301	1649
1301	1659
1302	1659
1302	1664
1303	1664
1303	1669
1304	1669
1304	1679
1305	1679
1305	1686
1306	1686
1306	1689
1307	1689
1307	1694
1308	1694
1308	1696
1309	1696
1309	1705
1311	1705
1311	1711
1312	1711
1312	1712
1313	1712
1313	1718
1314	1718
1314	1719
1315	1719
1315	1723
1316	1723
1316	1728
1317	1728
1317	1736
1318	1736
1318	1737
1319	1737
1319	1738
1320	1738
1320	1740
1321	1740
1321	1741
1320	1741
1320	1743
1321	1743
1321	1744
1322	1744
1322	1749
1323	1749
1323	1751
1324	1751
1324	1763
1326	1763
1326	1766
1327	1766
1327	1769
1328	1769
1328	1770
1329	1770
1329	1777
1330	1777
1330	1781
1331	1781
1331	1783
1332	1783
1332	1785
1333	1785
1333	1789
1334	1789
1334	1791
1335	1791
1335	1792
1336	1792
1336	1800
1337	1800
1337	1801
1338	1801
1338	1804
1339	1804
1339	1809
1340	1809
1340	1822
1341	1822
1341	1829
1342	1829
1342	1830
1343	1830
1343	1848
1342	1848
1342	1849
1341	1849
1341	1850
1340	1850
1340	1851
1339	1851
1339	1850
1338	1850
1338	1848
1336	1848
1336	1846
1335	1846
1335	1844
1334	1844
1334	1842
1333	1842
1333	1840
1332	1840
1332	1838
1331	1838
1331	1836
1330	1836
1330	1835
1329	1835
1329	1833
1328	1833
1328	1832
1327	1832
1327	1830
1326	1830
1326	1827
1325	1827
1325	1825
1323	1825
1323	1824
1322	1824
1322	1822
1320	1822
1320	1821
1319	1821
1319	1819
1317	1819
1317	1818
1316	1818
1316	1816
1315	1816
1315	1814
1314	1814
1314	1813
1313	1813
1313	1812
1312	1812
1312	1810
1311	1810
1311	1809
1310	1809
1310	1808
1309	1808
1309	1807
1308	1807
1308	1804
1307	1804
1307	1802
1306	1802
1306	1799
1305	1799
1305	1798
1303	1798
1303	1797
1302	1797
1302	1795
1300	1795
1300	1790
1299	1790
1299	1789
1298	1789
1298	1788
1297	1788
1297	1787
1296	1787
1296	1785
1295	1785
1295	1784
1294	1784
1294	1780
1291	1780
1291	1777
1289	1777
1289	1775
1288	1775
1288	1773
1287	1773
1287	1772
1286	1772
1286	1770
1287	1770
1287	1769
1286	1769
1286	1768
1284	1768
1284	1767
1283	1767
1283	1765
1282	1765
1282	1764
1281	1764
1281	1761
1279	1761
1279	1758
1278	1758
1278	1757
1276	1757
1276	1752
1275	1752
1275	1749
1274	1749
1274	1748
1273	1748
1273	1747
1272	1747
1272	1745
1271	1745
1271	1743
1270	1743
1270	1742
1269	1742
1269	1741
1268	1741
1268	1736
1267	1736
1267	1735
1266	1735
1266	1734
1265	1734
1265	1730
1264	1730
1264	1729
1263	1729
1263	1727
1262	1727
1262	1723
1261	1723
1261	1722
1260	1722
1260	1720
1259	1720
1259	1718
1258	1718
1258	1715
1257	1715
1257	1714
1256	1714
1256	1711
1255	1711
1255	1710
1254	1710
1254	1709
1253	1709
1253	1705
1252	1705
1252	1703
1251	1703
1251	1700
1249	1700
1249	1697
1248	1697
1248	1696
1247	1696
1247	1694
1245	1694
1245	1691
1244	1691
1244	1690
1243	1690
1243	1687
1242	1687
1242	1684
1239	1684
1239	1679
1238	1679
1238	1678
1237	1678
1237	1677
1236	1677
1236	1672
1234	1672
1234	1671
1233	1671
1233	1667
1232	1667
1232	1665
1231	1665
1231	1662
1230	1662
1230	1659
1229	1659
1229	1658
1228	1658
1228	1654
1227	1654
1227	1652
1226	1652
1226	1647
1224	1647
1224	1643
1223	1643
1223	1640
1222	1640
1222	1638
1221	1638
1221	1636
1220	1636
1220	1633
1219	1633
1219	1630
1218	1630
1218	1626
1217	1626
1217	1621
1216	1621
1216	1617
1214	1617
1214	1616
1211	1616
1211	1615
1210	1615
1210	1613
1209	1613
1209	1612
1208	1612
1208	1606
1207	1606
1207	1605
1206	1605
1206	1601
1205	1601
1205	1596
1204	1596
1204	1589
1202	1589
1202	1588
1201	1588
1201	1584
1200	1584
1200	1581
1199	1581
1199	1579
1198	1579
1198	1576
1197	1576
1197	1574
1196	1574
1196	1573
1195	1573
1195	1566
1194	1566
1194	1564
1193	1564
1193	1557
1192	1557
1192	1551
1190	1551
1190	1550
1188	1550
1188	1551
1187	1551
1187	1550
1183	1550
1183	1551
1181	1551
1181	1553
1180	1553
1180	1554
1178	1554
1178	1556
1175	1556
1175	1558
1174	1558
1174	1560
1173	1560
1173	1559
1172	1559
1172	1557
1168	1557
1168	1555
1167	1555
1167	1552
1166	1552
1166	1551
1165	1551
1165	1548
1164	1548
1164	1546
1163	1546
1163	1544
1162	1544
1162	1541
1161	1541
1161	1538
1160	1538
1160	1527
1159	1527
1159	1525
1157	1525
1157	1515
1156	1515
1156	1506
1155	1506
1155	1500
1154	1500
1154	1482
1153	1482
1153	1477
1140	1477
1140	1478
1139	1478
1139	1479
1137	1479
1137	1480
1136	1480
1136	1481
1134	1481
1134	1484
1133	1484
1133	1486
1131	1486
1131	1485
1130	1485
1130	1484
1128	1484
1128	1481
1126	1481
1126	1480
1124	1480
1124	1477
1123	1477
1123	1475
1122	1475
1122	1468
1120	1468
1120	1467
1119	1467
1119	1462
1118	1462
1118	1454
1117	1454
1117	1434
1116	1434
1116	1428
1115	1428
1115	1419
1116	1419
1116	1407
1117	1407
1117	1402
1118	1402
1118	1392
1117	1392
1117	1391
1108	1391
1108	1392
1107	1392
1107	1393
1106	1393
1106	1394
1104	1394
1104	1395
1103	1395
1103	1396
1101	1396
1101	1397
1100	1397
1100	1398
1099	1398
1099	1400
1098	1400
1098	1401
1097	1401
1097	1402
1096	1402
1096	1401
1095	1401
1095	1402
1094	1402
1094	1401
1093	1401
1093	1398
1091	1398
1091	1395
1090	1395
1090	1391
1089	1391
1089	1390
1088	1390
1088	1389
1087	1389
1087	1385
1086	1385
1086	1379
1085	1379
1085	1374
1086	1374
1086	1370
1085	1370
1085	1368
1086	1368
1086	1367
1085	1367
1085	1365
1086	1365
1086	1364
1085	1364
1085	1353
1086	1353
1086	1352
1085	1352
1085	1349
1086	1349
1086	1347
1087	1347
1087	1336
1086	1336
1086	1332
1087	1332
1087	1322
1086	1322
1086	1320
1087	1320
1087	1319
1088	1319
1088	1317
1089	1317
1089	1315
1090	1315
1090	1304
1078	1304
1078	1305
1075	1305
1075	1306
1073	1306
1073	1307
1069	1307
1069	1309
1068	1309
1068	1310
1067	1310
1067	1311
1066	1311
1066	1312
1065	1312
1065	1313
1064	1313
1064	1314
1061	1314
1061	1313
1060	1313
1060	1312
1059	1312
1059	1310
1058	1310
1058	1308
1057	1308
1057	1306
1056	1306
1056	1304
1055	1304
1055	1302
1054	1302
1054	1301
1053	1301
1053	1293
1052	1293
1052	1286
1053	1286
1053	1258
1054	1258
1054	1255
1053	1255
1053	1254
1054	1254
1054	1253
1055	1253
1055	1245
1056	1245
1056	1243
1055	1243
1055	1242
1056	1242
1056	1240
1057	1240
1057	1238
1058	1238
1058	1223
1044	1223
1044	1224
1043	1224
1043	1225
1041	1225
1041	1226
1037	1226
1037	1230
1036	1230
1036	1231
1035	1231
1035	1232
1034	1232
1034	1231
1032	1231
1032	1226
1031	1226
1031	1225
1029	1225
1029	1221
1028	1221
1028	1218
1027	1218
1027	1214
1026	1214
1026	1187
1027	1187
1027	1182
1028	1182
1028	1168
1029	1168
1029	1162
1030	1162
1030	1158
1031	1158
1031	1156
1032	1156
1032	1155
1033	1155
1033	1142
1021	1142
1021	1143
1018	1143
1018	1144
1017	1144
1017	1145
1014	1145
1014	1146
1010	1146
1010	1148
1009	1148
1009	1149
1008	1149
1008	1148
1007	1148
1007	1147
1008	1147
1008	1146
1007	1146
1007	1145
1006	1145
1006	1143
1005	1143
1005	1141
1004	1141
1004	1138
1003	1138
1003	1132
1002	1132
1002	1122
1003	1122
1003	1120
1002	1120
1002	1119
1003	1119
1003	1116
1004	1116
1004	1108
1005	1108
1005	1106
1006	1106
1006	1104
1007	1104
1007	1093
1008	1093
1008	1081
1009	1081
1009	1079
1010	1079
1010	1075
1011	1075
1011	1074
1012	1074
1012	1073
1013	1073
1013	1067
1014	1067
1014	1064
1015	1064
1015	1060
1016	1060
1016	1058
1017	1058
1017	1056
1018	1056
1018	1055
1020	1055
1020	1043
1008	1043
1008	1044
1005	1044
1005	1045
1003	1045
1003	1046
997	1046
997	1047
995	1047
995	1048
994	1048
994	1049
992	1049
992	1051
990	1051
990	1050
989	1050
989	1048
988	1048
988	1042
987	1042
987	1027
988	1027
988	1022
989	1022
989	1019
990	1019
990	1016
991	1016
991	1013
992	1013
992	1011
993	1011
993	1010
994	1010
994	1005
995	1005
995	1002
996	1002
996	991
997	991
997	987
998	987
998	985
999	985
999	984
1000	984
1000	979
1001	979
1001	978
1002	978
1002	974
1003	974
1003	973
1002	973
1002	972
1003	972
1003	971
1004	971
1004	969
1005	969
1005	968
1006	968
1006	965
1007	965
1007	953
1001	953
1001	954
1000	954
1000	953
996	953
996	954
993	954
993	955
992	955
992	957
991	957
991	958
988	958
988	957
987	957
987	956
986	956
986	954
985	954
985	952
984	952
984	948
983	948
983	934
984	934
984	931
985	931
985	926
986	926
986	925
987	925
987	922
988	922
988	921
989	921
989	919
990	919
990	917
991	917
991	913
992	913
992	909
993	909
993	908
994	908
994	899
995	899
995	895
996	895
996	891
997	891
997	890
998	890
998	889
1000	889
1000	888
1001	888
1001	883
1002	883
1002	872
990	872
990	873
986	873
986	874
985	874
985	875
983	875
983	877
982	877
982	878
980	878
980	877
979	877
979	870
978	870
978	864
977	864
977	862
978	862
978	856
979	856
979	855
978	855
978	854
979	854
979	851
980	851
980	850
981	850
981	846
982	846
982	845
983	845
983	843
984	843
984	840
985	840
985	836
986	836
986	834
987	834
987	833
988	833
988	829
989	829
989	828
990	828
990	826
991	826
991	822
992	822
992	819
994	819
994	813
995	813
995	810
996	810
996	807
997	807
997	803
998	803
998	802
999	802
999	801
1000	801
1000	800
1001	800
1001	797
1002	797
1002	796
1003	796
1003	795
1004	795
1004	793
1006	793
1006	792
1007	792
1007	791
1006	791
1006	790
1007	790
1007	788
1008	788
1008	787
1009	787
1009	786
1010	786
1010	785
1011	785
1011	774
999	774
999	775
996	775
996	776
995	776
995	777
993	777
993	778
992	778
992	779
982	779
982	799
981	799
981	804
980	804
980	808
979	808
979	812
978	812
978	813
977	813
977	815
976	815
976	816
975	816
975	817
974	817
974	814
973	814
973	812
972	812
972	810
970	810
970	809
967	809
967	808
966	808
966	807
965	807
965	806
963	806
963	805
962	805
962	804
961	804
961	803
952	803
952	802
950	802
950	803
949	803
949	815
950	815
950	820
951	820
951	839
952	839
952	856
953	856
953	860
954	860
954	863
953	863
953	864
954	864
954	870
955	870
955	875
956	875
956	882
955	882
955	888
954	888
954	892
953	892
953	894
952	894
952	895
951	895
951	897
950	897
950	898
949	898
949	900
947	900
947	899
946	899
946	898
945	898
945	896
944	896
944	895
943	895
943	893
938	893
938	892
936	892
936	891
934	891
934	890
925	890
925	891
924	891
924	892
925	892
925	893
924	893
924	894
925	894
925	895
924	895
924	898
925	898
925	927
924	927
924	938
923	938
923	957
922	957
922	964
921	964
921	967
920	967
920	971
919	971
919	976
918	976
918	977
917	977
917	981
916	981
916	983
915	983
915	984
914	984
914	985
913	985
913	986
912	986
912	987
911	987
911	988
910	988
910	989
908	989
908	990
907	990
907	992
903	992
903	990
902	990
902	987
901	987
901	984
900	984
900	983
898	983
898	982
897	982
897	981
895	981
895	980
894	980
894	978
893	978
893	977
882	977
882	987
883	987
883	1016
882	1016
882	1048
881	1048
881	1054
880	1054
880	1058
879	1058
879	1059
878	1059
878	1060
877	1060
877	1064
876	1064
876	1066
875	1066
875	1068
874	1068
874	1069
873	1069
873	1070
872	1070
872	1071
871	1071
871	1072
868	1072
868	1071
867	1071
867	1069
866	1069
866	1066
863	1066
863	1065
861	1065
861	1064
860	1064
860	1063
858	1063
858	1062
854	1062
854	1057
853	1057
853	1058
852	1058
852	1057
851	1057
851	1056
842	1056
842	1057
841	1057
841	1068
842	1068
842	1073
841	1073
841	1085
839	1085
839	1092
838	1092
838	1096
837	1096
837	1099
836	1099
836	1108
835	1108
835	1113
834	1113
834	1117
833	1117
833	1121
832	1121
832	1125
831	1125
831	1127
830	1127
830	1131
829	1131
829	1132
828	1132
828	1136
827	1136
827	1137
826	1137
826	1142
825	1142
825	1143
824	1143
824	1144
823	1144
823	1145
822	1145
822	1146
821	1146
821	1147
820	1147
820	1148
819	1148
819	1149
818	1149
818	1150
817	1150
817	1152
815	1152
815	1153
814	1153
814	1154
812	1154
812	1153
811	1153
811	1150
810	1150
810	1148
809	1148
809	1143
808	1143
808	1142
803	1142
803	1141
802	1141
802	1139
800	1139
800	1138
799	1138
799	1136
787	1136
787	1155
786	1155
786	1160
785	1160
785	1165
784	1165
784	1171
783	1171
783	1174
782	1174
782	1177
781	1177
781	1181
780	1181
780	1184
779	1184
779	1188
778	1188
778	1198
777	1198
777	1199
776	1199
776	1200
775	1200
775	1207
774	1207
774	1209
773	1209
773	1212
772	1212
772	1213
771	1213
771	1214
770	1214
770	1215
769	1215
769	1218
768	1218
768	1220
767	1220
767	1221
766	1221
766	1222
765	1222
765	1223
763	1223
763	1224
762	1224
762	1225
759	1225
759	1222
758	1222
758	1220
757	1220
757	1219
752	1219
752	1218
751	1218
751	1217
750	1217
750	1216
749	1216
749	1215
747	1215
747	1213
745	1213
745	1212
734	1212
734	1227
733	1227
733	1229
732	1229
732	1232
731	1232
731	1233
730	1233
730	1240
729	1240
729	1242
728	1242
728	1246
727	1246
727	1247
726	1247
726	1250
725	1250
725	1251
724	1251
724	1257
723	1257
723	1259
722	1259
722	1262
721	1262
721	1268
720	1268
720	1270
718	1270
718	1275
717	1275
717	1277
716	1277
716	1279
715	1279
715	1281
713	1281
713	1282
714	1282
714	1283
712	1283
712	1284
711	1284
711	1286
710	1286
710	1287
709	1287
709	1289
705	1289
705	1287
704	1287
704	1285
703	1285
703	1284
701	1284
701	1283
699	1283
699	1282
698	1282
698	1281
694	1281
694	1280
692	1280
692	1281
691	1281
691	1280
689	1280
689	1281
687	1281
687	1283
686	1283
686	1301
685	1301
685	1302
684	1302
684	1307
683	1307
683	1308
682	1308
682	1309
681	1309
681	1314
680	1314
680	1315
679	1315
679	1320
678	1320
678	1321
677	1321
677	1323
676	1323
676	1326
675	1326
675	1327
674	1327
674	1328
673	1328
673	1330
672	1330
672	1331
671	1331
671	1333
668	1333
668	1334
667	1334
667	1335
666	1335
666	1336
667	1336
667	1337
666	1337
666	1338
665	1338
665	1339
664	1339
664	1340
661	1340
661	1341
660	1341
660	1343
658	1343
658	1339
657	1339
657	1336
656	1336
656	1334
653	1334
653	1333
651	1333
651	1332
641	1332
641	1336
640	1336
640	1339
639	1339
639	1344
638	1344
638	1346
636	1346
636	1347
635	1347
635	1353
634	1353
634	1356
633	1356
633	1358
632	1358
632	1360
631	1360
631	1362
630	1362
630	1365
629	1365
629	1367
628	1367
628	1368
627	1368
627	1372
626	1372
626	1374
625	1374
625	1378
623	1378
623	1379
622	1379
622	1388
621	1388
621	1391
620	1391
620	1394
618	1394
618	1395
619	1395
619	1397
618	1397
618	1398
616	1398
616	1402
615	1402
615	1404
611	1404
611	1402
609	1402
609	1401
606	1401
606	1400
605	1400
605	1401
597	1401
597	1404
595	1404
595	1405
594	1405
594	1409
593	1409
593	1411
592	1411
592	1410
591	1410
591	1411
590	1411
590	1417
588	1417
588	1422
587	1422
587	1423
585	1423
585	1424
584	1424
584	1429
583	1429
583	1430
581	1430
581	1435
580	1435
580	1436
578	1436
578	1441
577	1441
577	1442
576	1442
576	1443
575	1443
575	1446
574	1446
574	1450
573	1450
573	1452
572	1452
572	1455
570	1455
570	1456
569	1456
569	1460
568	1460
568	1468
565	1468
565	1470
564	1470
564	1471
563	1471
563	1473
562	1473
562	1477
561	1477
561	1479
560	1479
560	1480
559	1480
559	1481
558	1481
558	1483
557	1483
557	1486
556	1486
556	1487
555	1487
555	1489
554	1489
554	1493
552	1493
552	1498
551	1498
551	1499
550	1499
550	1502
549	1502
549	1505
548	1505
548	1506
546	1506
546	1512
545	1512
545	1513
544	1513
544	1514
543	1514
543	1518
542	1518
542	1519
540	1519
540	1521
539	1521
539	1534
537	1534
537	1535
533	1535
533	1538
532	1538
532	1542
531	1542
531	1544
530	1544
530	1546
529	1546
529	1547
528	1547
528	1550
526	1550
526	1553
525	1553
525	1556
524	1556
524	1561
523	1561
523	1563
522	1563
522	1564
521	1564
521	1565
522	1565
522	1566
521	1566
521	1571
520	1571
520	1576
519	1576
519	1579
518	1579
518	1584
517	1584
517	1589
516	1589
516	1594
515	1594
515	1596
514	1596
514	1599
513	1599
513	1603
512	1603
512	1609
511	1609
511	1611
510	1611
510	1615
509	1615
509	1620
508	1620
508	1621
507	1621
507	1626
506	1626
506	1630
505	1630
505	1633
504	1633
504	1634
503	1634
503	1653
502	1653
502	1660
501	1660
501	1663
498	1663
498	1662
497	1662
497	1660
496	1660
496	1659
495	1659
495	1658
494	1658
494	1657
493	1657
493	1652
492	1652
492	1649
491	1649
491	1645
490	1645
490	1634
489	1634
489	1633
487	1633
487	1624
486	1624
486	1621
485	1621
485	1617
484	1617
484	1610
483	1610
483	1605
482	1605
482	1597
481	1597
481	1568
480	1568
480	1567
481	1567
481	1544
482	1544
482	1542
483	1542
483	1532
484	1532
484	1528
485	1528
485	1520
486	1520
486	1517
487	1517
487	1511
488	1511
488	1502
489	1502
489	1501
490	1501
490	1482
491	1482
491	1479
492	1479
492	1476
493	1476
493	1467
494	1467
494	1464
495	1464
495	1463
496	1463
496	1462
497	1462
497	1456
498	1456
498	1449
499	1449
499	1448
500	1448
500	1447
501	1447
501	1439
502	1439
502	1438
503	1438
503	1431
504	1431
504	1426
505	1426
505	1425
506	1425
506	1417
507	1417
507	1408
508	1408
508	1406
509	1406
509	1400
510	1400
510	1398
511	1398
511	1391
512	1391
512	1390
513	1390
513	1382
514	1382
514	1381
515	1381
515	1380
516	1380
516	1376
517	1376
517	1374
519	1374
519	1370
520	1370
520	1359
503	1359
503	1342
504	1342
504	1339
505	1339
505	1332
506	1332
506	1330
507	1330
507	1326
508	1326
508	1323
509	1323
509	1321
510	1321
510	1320
511	1320
511	1316
512	1316
512	1314
513	1314
513	1311
514	1311
514	1310
515	1310
515	1306
516	1306
516	1303
517	1303
517	1301
518	1301
518	1300
519	1300
519	1299
518	1299
518	1298
519	1298
519	1297
520	1297
520	1294
521	1294
521	1292
522	1292
522	1291
523	1291
523	1290
524	1290
524	1288
525	1288
525	1275
508	1275
508	1276
505	1276
505	1275
503	1275
503	1264
504	1264
504	1258
505	1258
505	1257
506	1257
506	1254
507	1254
507	1253
508	1253
508	1252
509	1252
509	1246
510	1246
510	1244
511	1244
511	1243
512	1243
512	1240
513	1240
513	1238
514	1238
514	1236
515	1236
515	1234
516	1234
516	1233
517	1233
517	1231
519	1231
519	1229
518	1229
518	1228
519	1228
519	1226
520	1226
520	1222
522	1222
522	1220
523	1220
523	1219
524	1219
524	1218
525	1218
525	1214
528	1214
528	1211
529	1211
529	1208
530	1208
530	1206
531	1206
531	1205
532	1205
532	1204
533	1204
533	1202
535	1202
535	1201
536	1201
536	1199
537	1199
537	1197
538	1197
538	1188
537	1188
537	1187
532	1187
532	1186
523	1186
523	1185
522	1185
522	1186
520	1186
520	1187
515	1187
515	1184
514	1184
514	1180
513	1180
513	1176
514	1176
514	1174
513	1174
513	1172
514	1172
514	1171
516	1171
516	1170
515	1170
515	1169
516	1169
516	1164
517	1164
517	1162
518	1162
518	1160
519	1160
519	1157
521	1157
521	1156
522	1156
522	1151
523	1151
523	1150
524	1150
524	1146
525	1146
525	1144
528	1144
528	1140
529	1140
529	1138
530	1138
530	1136
531	1136
531	1134
532	1134
532	1132
533	1132
533	1131
534	1131
534	1130
535	1130
535	1125
537	1125
537	1124
538	1124
538	1123
539	1123
539	1121
540	1121
540	1119
542	1119
542	1118
543	1118
543	1117
545	1117
545	1115
546	1115
546	1114
547	1114
547	1112
548	1112
548	1111
551	1111
551	1110
552	1110
552	1109
553	1109
553	1107
554	1107
554	1098
553	1098
553	1097
552	1097
552	1098
549	1098
549	1097
548	1097
548	1096
531	1096
531	1087
532	1087
532	1083
533	1083
533	1082
532	1082
532	1081
533	1081
533	1080
534	1080
534	1078
535	1078
535	1074
536	1074
536	1072
538	1072
538	1069
539	1069
539	1068
540	1068
540	1067
541	1067
541	1064
543	1064
543	1060
544	1060
544	1059
546	1059
546	1058
547	1058
547	1055
549	1055
549	1053
550	1053
550	1052
551	1052
551	1049
552	1049
552	1048
554	1048
554	1044
555	1044
555	1043
556	1043
556	1042
558	1042
558	1039
559	1039
559	1038
560	1038
560	1037
561	1037
561	1036
563	1036
563	1034
564	1034
564	1032
566	1032
566	1030
567	1030
567	1029
568	1029
568	1027
570	1027
570	1026
571	1026
571	1025
573	1025
573	1014
570	1014
570	1013
560	1013
560	1014
557	1014
557	1015
555	1015
555	1013
554	1013
554	1007
555	1007
555	999
556	999
556	997
557	997
557	995
558	995
558	993
559	993
559	991
561	991
561	990
562	990
562	985
563	985
563	984
564	984
564	983
565	983
565	981
566	981
566	979
567	979
567	978
568	978
568	976
569	976
569	975
570	975
570	973
572	973
572	972
573	972
573	969
575	969
575	966
578	966
578	965
579	965
579	961
580	961
580	960
582	960
582	959
583	959
583	955
584	955
584	954
586	954
586	953
588	953
588	949
589	949
589	948
590	948
590	947
591	947
591	946
592	946
592	940
594	940
594	939
595	939
595	938
596	938
596	937
597	937
597	936
598	936
598	935
599	935
599	933
600	933
600	932
601	932
601	931
602	931
602	932
603	932
603	930
604	930
604	929
605	929
605	928
607	928
607	927
608	927
608	925
609	925
609	924
612	924
612	923
613	923
613	921
617	921
617	910
606	910
606	909
605	909
605	907
592	907
592	909
591	909
591	910
590	910
590	911
588	911
588	910
587	910
587	897
588	897
588	895
587	895
587	894
588	894
588	893
589	893
589	890
590	890
590	889
592	889
592	886
593	886
593	883
594	883
594	882
595	882
595	880
596	880
596	879
597	879
597	878
598	878
598	877
599	877
599	876
601	876
601	875
602	875
602	872
603	872
603	870
604	870
604	871
605	871
605	867
606	867
606	866
608	866
608	865
610	865
610	863
611	863
611	862
612	862
612	861
613	861
613	860
614	860
614	859
615	859
615	857
618	857
618	854
620	854
620	853
621	853
621	851
623	851
623	850
624	850
624	849
626	849
626	847
627	847
627	846
630	846
630	844
631	844
631	842
632	842
632	840
633	840
633	839
637	839
637	838
638	838
638	837
639	837
639	836
641	836
641	835
642	835
642	834
643	834
643	833
644	833
644	832
647	832
647	831
649	831
649	819
647	819
647	818
644	818
644	817
628	817
628	816
627	816
627	813
628	813
628	810
629	810
629	806
630	806
630	803
631	803
631	802
632	802
632	800
633	800
633	798
634	798
634	796
635	796
635	794
636	794
636	793
637	793
637	791
638	791
638	789
640	789
640	788
641	788
641	787
643	787
643	785
646	785
646	784
649	784
649	783
650	783
650	782
651	782
651	781
652	781
652	780
654	780
654	781
655	781
655	780
656	780
656	775
658	775
658	774
659	774
659	773
660	773
660	772
662	772
662	770
663	770
663	769
664	769
664	768
669	768
669	767
668	767
668	764
669	764
669	762
671	762
671	761
675	761
675	759
676	759
676	758
677	758
677	757
678	757
678	758
679	758
679	756
680	756
680	755
682	755
682	754
685	754
685	753
686	753
686	750
687	750
687	748
686	748
686	742
684	742
684	741
681	741
681	740
672	740
672	739
671	739
671	740
670	740
670	739
669	739
669	736
671	736
671	730
672	730
672	727
673	727
673	726
674	726
674	724
675	724
675	723
676	723
676	722
677	722
677	720
678	720
678	719
679	719
679	718
680	718
680	717
681	717
681	716
682	716
682	714
685	714
685	713
686	713
686	712
687	712
687	711
688	711
688	709
689	709
689	708
691	708
691	707
692	707
692	706
694	706
694	703
697	703
697	701
698	701
698	700
699	700
699	699
701	699
701	697
702	697
702	696
703	696
703	695
707	695
707	692
709	692
709	691
710	691
710	690
711	690
711	689
712	689
712	688
714	688
714	685
717	685
717	684
718	684
718	683
719	683
719	682
720	682
720	680
723	680
723	679
724	679
724	678
726	678
726	677
727	677
727	676
729	676
729	675
732	675
732	674
734	674
734	673
733	673
733	672
734	672
734	671
735	671
735	669
736	669
736	668
735	668
735	666
736	666
736	665
735	665
735	664
736	664
736	663
735	663
735	661
733	661
733	660
730	660
730	659
727	659
727	658
726	658
726	657
720	657
720	658
719	658
719	657
714	657
714	656
703	656
703	660
702	660
702	661
700	661
700	662
699	662
699	663
698	663
698	664
697	664
697	667
696	667
696	668
695	668
695	669
694	669
694	670
693	670
693	671
692	671
692	675
691	675
691	677
690	677
690	680
689	680
689	681
688	681
688	682
686	682
686	685
685	685
685	686
683	686
683	687
682	687
682	689
681	689
681	690
680	690
680	691
679	691
679	692
677	692
677	693
676	693
676	694
675	694
675	696
667	696
667	699
665	699
665	698
664	698
664	697
663	697
663	688
662	688
662	684
661	684
661	683
660	683
660	682
659	682
659	679
658	679
658	678
648	678
648	681
647	681
647	683
646	683
646	686
645	686
645	687
644	687
644	689
643	689
643	690
642	690
642	692
641	692
641	694
639	694
639	696
635	696
635	700
633	700
633	701
632	701
632	702
629	702
629	704
628	704
628	706
627	706
627	707
626	707
626	710
625	710
625	711
624	711
624	712
623	712
623	714
622	714
622	715
621	715
621	716
620	716
620	718
619	718
619	720
618	720
618	721
617	721
617	722
615	722
615	724
614	724
614	725
613	725
613	727
612	727
612	728
610	728
610	729
609	729
609	731
608	731
608	732
607	732
607	733
606	733
606	734
605	734
605	735
603	735
603	738
601	738
601	739
600	739
600	740
597	740
597	742
596	742
596	744
595	744
595	745
593	745
593	746
592	746
592	747
585	747
585	748
584	748
584	750
583	750
583	751
580	751
580	742
579	742
579	741
578	741
578	739
577	739
577	738
576	738
576	737
564	737
564	738
563	738
563	740
562	740
562	741
561	741
561	742
559	742
559	744
558	744
558	747
557	747
557	748
556	748
556	749
555	749
555	751
554	751
554	752
553	752
553	753
552	753
552	754
551	754
551	755
550	755
550	756
549	756
549	757
548	757
548	758
547	758
547	759
546	759
546	760
545	760
545	763
544	763
544	764
543	764
543	765
542	765
542	766
540	766
540	767
539	767
539	770
538	770
538	772
537	772
537	773
536	773
536	772
535	772
535	773
533	773
533	777
532	777
532	779
531	779
531	780
530	780
530	781
529	781
529	782
528	782
528	783
526	783
526	784
525	784
525	785
522	785
522	787
521	787
521	788
519	788
519	789
518	789
518	790
516	790
516	791
512	791
512	792
507	792
507	786
506	786
506	784
505	784
505	781
504	781
504	780
503	780
503	778
502	778
502	777
492	777
492	778
491	778
491	779
488	779
488	784
487	784
487	786
485	786
485	787
484	787
484	789
483	789
483	790
482	790
482	791
481	791
481	792
480	792
480	793
478	793
478	796
475	796
475	797
474	797
474	798
468	798
468	799
469	799
469	803
468	803
468	804
466	804
466	805
464	805
464	809
463	809
463	810
462	810
462	811
461	811
461	812
460	812
460	813
459	813
459	814
458	814
458	815
457	815
457	816
456	816
456	817
455	817
455	818
454	818
454	819
453	819
453	821
450	821
450	823
449	823
449	824
448	824
448	825
446	825
446	826
445	826
445	827
443	827
443	828
438	828
438	829
437	829
437	830
434	830
434	832
433	832
433	833
429	833
429	832
428	832
428	830
427	830
427	822
426	822
426	818
425	818
425	817
423	817
423	816
413	816
413	818
412	818
412	819
411	819
411	820
410	820
410	821
409	821
409	823
408	823
408	824
406	824
406	825
405	825
405	827
403	827
403	828
402	828
402	830
399	830
399	832
398	832
398	833
396	833
396	834
395	834
395	836
393	836
393	837
392	837
392	838
390	838
390	839
389	839
389	840
387	840
387	841
385	841
385	843
380	843
380	845
379	845
379	846
378	846
378	848
376	848
376	849
374	849
374	850
373	850
373	851
371	851
371	852
370	852
370	853
368	853
368	854
367	854
367	855
365	855
365	856
364	856
364	857
363	857
363	858
362	858
362	860
361	860
361	861
360	861
360	862
354	862
354	865
350	865
350	866
343	866
343	867
342	867
342	868
341	868
341	870
337	870
337	869
336	869
336	868
334	868
334	862
322	862
322	866
321	866
321	868
317	868
317	869
316	869
316	872
314	872
314	873
312	873
312	874
310	874
310	875
309	875
309	876
308	876
308	877
306	877
306	878
305	878
305	879
301	879
301	880
297	880
297	882
295	882
295	883
291	883
291	884
290	884
290	885
288	885
288	886
286	886
286	887
285	887
285	888
281	888
281	889
278	889
278	891
276	891
276	892
272	892
272	894
270	894
270	895
268	895
268	896
265	896
265	897
264	897
264	900
265	900
265	901
264	901
264	903
256	903
256	904
254	904
254	905
253	905
253	906
250	906
250	908
248	908
248	909
245	909
245	910
244	910
244	911
242	911
242	912
241	912
241	913
240	913
240	914
238	914
238	915
234	915
234	916
233	916
233	918
230	918
230	919
227	919
227	920
226	920
226	921
221	921
221	922
220	922
220	923
219	923
219	924
217	924
217	925
214	925
214	927
212	927
212	928
210	928
210	929
209	929
209	930
205	930
205	931
203	931
203	932
201	932
201	934
199	934
199	935
197	935
197	936
193	936
193	937
192	937
192	938
189	938
189	939
188	939
188	942
186	942
186	943
185	943
185	944
183	944
183	945
180	945
180	947
178	947
178	948
177	948
177	949
175	949
175	950
174	950
174	951
169	951
169	954
167	954
167	955
165	955
165	956
164	956
164	957
159	957
159	958
157	958
157	960
156	960
156	961
154	961
154	962
152	962
152	963
150	963
150	964
146	964
146	965
144	965
144	967
142	967
142	968
141	968
141	969
139	969
139	970
137	970
137	973
127	973
127	974
122	974
122	975
118	975
118	976
113	976
113	977
110	977
110	972
113	972
113	971
114	971
114	969
115	969
115	967
116	967
116	966
119	966
119	965
120	965
120	961
122	961
122	960
123	960
123	959
126	959
126	957
127	957
127	954
128	954
128	953
132	953
132	952
133	952
133	948
134	948
134	947
138	947
138	946
139	946
139	943
141	943
141	941
145	941
145	938
146	938
146	936
149	936
149	934
151	934
151	933
152	933
152	930
154	930
154	928
155	928
155	927
158	927
158	925
159	925
159	923
160	923
160	922
161	922
161	921
164	921
164	920
165	920
165	918
168	918
168	917
170	917
170	916
171	916
171	915
172	915
172	912
174	912
174	911
175	911
175	909
176	909
176	908
177	908
177	907
178	907
178	906
179	906
179	905
181	905
181	902
183	902
183	901
184	901
184	896
187	896
187	895
190	895
190	893
191	893
191	891
193	891
193	890
195	890
195	889
196	889
196	887
197	887
197	886
198	886
198	885
199	885
199	884
200	884
200	883
202	883
202	882
203	882
203	880
204	880
204	879
205	879
205	877
209	877
209	876
210	876
210	874
211	874
211	873
213	873
213	872
215	872
215	871
216	871
216	870
218	870
218	864
220	864
220	863
221	863
221	864
222	864
222	863
224	863
224	861
225	861
225	860
224	860
224	859
225	859
225	858
226	858
226	857
228	857
228	855
229	855
229	853
234	853
234	852
235	852
235	847
236	847
236	846
237	846
237	841
238	841
238	839
239	839
239	838
245	838
245	837
246	837
246	835
247	835
247	833
248	833
248	832
249	832
249	831
250	831
250	829
253	829
253	827
254	827
254	826
255	826
255	824
256	824
256	823
257	823
257	822
258	822
258	821
259	821
259	820
260	820
260	819
262	819
262	817
263	817
263	816
265	816
265	815
267	815
267	812
268	812
268	811
271	811
271	810
272	810
272	808
273	808
273	807
274	807
274	806
279	806
279	805
280	805
280	792
279	792
279	791
277	791
277	787
279	787
279	785
280	785
280	784
279	784
279	782
282	782
282	781
283	781
283	780
286	780
286	776
288	776
288	775
289	775
289	774
292	774
292	772
293	772
293	770
295	770
295	768
299	768
299	767
300	767
300	765
303	765
303	764
304	764
304	761
307	761
307	760
309	760
309	759
311	759
311	758
312	758
312	757
313	757
313	756
314	756
314	755
318	755
318	754
319	754
319	744
318	744
318	742
317	742
317	741
312	741
312	738
314	738
314	736
317	736
317	735
318	735
318	731
319	731
319	730
322	730
322	729
324	729
324	726
325	726
325	725
326	725
326	724
328	724
328	723
330	723
330	722
331	722
331	721
332	721
332	718
336	718
336	717
337	717
337	716
338	716
338	715
340	715
340	714
341	714
341	713
342	713
342	712
344	712
344	711
345	711
345	710
347	710
347	709
349	709
349	708
350	708
350	707
351	707
351	706
352	706
352	707
353	707
353	706
356	706
356	704
362	704
362	703
363	703
363	700
364	700
364	697
363	697
363	694
364	694
364	693
363	693
363	690
359	690
359	689
356	689
356	688
346	688
346	686
345	686
345	685
346	685
346	683
347	683
347	682
348	682
348	679
351	679
351	677
352	677
352	674
353	674
353	672
356	672
356	669
358	669
358	667
359	667
359	666
362	666
362	664
363	664
363	663
367	663
367	661
368	661
368	660
370	660
370	659
371	659
371	658
373	658
373	656
375	656
375	654
377	654
377	655
378	655
378	653
381	653
381	651
382	651
382	649
386	649
386	648
388	648
388	646
392	646
392	644
394	644
394	643
397	643
397	642
398	642
398	641
399	641
399	640
402	640
402	638
407	638
407	637
411	637
411	636
414	636
414	626
413	626
413	625
411	625
411	624
408	624
408	623
406	623
406	622
401	622
401	621
400	621
400	620
399	620
399	617
400	617
400	615
403	615
403	611
404	611
404	610
405	610
405	608
407	608
407	605
408	605
408	603
409	603
409	602
413	602
413	599
414	599
414	598
416	598
416	597
417	597
417	596
419	596
419	595
421	595
421	593
423	593
423	592
424	592
424	591
426	591
426	589
427	589
427	588
432	588
432	586
433	586
433	585
434	585
434	584
435	584
435	583
438	583
438	582
439	582
439	580
443	580
443	579
444	579
444	578
445	578
445	577
448	577
448	576
453	576
453	575
452	575
452	574
458	574
458	572
459	572
459	571
463	571
463	570
464	570
464	569
466	569
466	568
471	568
471	567
473	567
473	566
477	566
477	556
476	556
476	555
474	555
474	554
471	554
471	553
470	553
470	552
468	552
468	551
466	551
466	550
464	550
464	549
458	549
458	548
459	548
459	546
460	546
460	545
461	545
461	541
463	541
463	540
464	540
464	539
465	539
465	538
466	538
466	536
467	536
467	535
468	535
468	533
470	533
470	532
477	532
477	529
479	529
479	528
481	528
481	527
484	527
484	525
485	525
485	524
490	524
490	523
491	523
491	522
492	522
492	521
496	521
496	520
498	520
498	519
502	519
502	518
505	518
505	517
507	517
507	516
508	516
508	517
509	517
509	515
510	515
510	514
512	514
512	513
521	513
521	512
522	512
522	509
528	509
528	508
534	508
534	507
535	507
535	503
534	503
534	502
535	502
535	498
534	498
534	497
532	497
532	496
530	496
530	495
528	495
528	494
526	494
526	493
521	493
521	492
519	492
519	490
520	490
520	489
522	489
522	487
523	487
523	486
524	486
524	485
525	485
525	483
526	483
526	484
527	484
527	481
529	481
529	480
530	480
530	479
531	479
531	477
534	477
534	476
535	476
535	475
538	475
538	474
539	474
539	475
540	475
540	474
541	474
541	472
543	472
543	471
544	471
544	472
545	472
545	471
546	471
546	472
548	472
548	471
550	471
550	470
554	470
554	467
555	467
555	466
557	466
557	467
558	467
558	466
560	466
560	464
563	464
563	463
564	463
564	462
566	462
566	461
567	461
567	460
568	460
568	459
571	459
571	458
574	458
574	457
576	457
576	456
580	456
580	455
585	455
585	454
586	454
586	453
590	453
590	451
598	451
598	450
599	450
599	441
598	441
598	440
597	440
597	439
596	439
596	438
595	438
595	437
593	437
593	436
592	436
592	435
591	435
591	434
589	434
589	433
587	433
587	432
582	432
582	430
585	430
585	428
586	428
586	425
587	425
587	423
592	423
592	419
594	419
594	418
595	418
595	417
598	417
598	416
599	416
599	415
601	415
601	414
605	414
605	413
606	413
606	414
607	414
607	413
608	413
608	412
612	412
612	411
614	411
614	410
615	410
615	411
616	411
616	410
619	410
619	409
624	409
624	408
627	408
627	407
632	407
632	406
634	406
634	405
638	405
638	404
639	404
639	405
641	405
641	404
642	404
642	405
643	405
643	403
649	403
649	402
651	402
651	401
661	401
661	400
666	400
666	390
664	390
664	389
663	389
663	388
662	388
662	387
660	387
660	386
658	386
658	385
656	385
656	384
653	384
653	382
654	382
654	380
656	380
656	379
657	379
657	378
659	378
659	377
660	377
660	376
661	376
661	375
662	375
662	374
663	374
663	373
664	373
664	374
665	374
665	373
667	373
667	372
668	372
668	371
670	371
670	370
673	370
673	369
674	369
674	368
681	368
681	367
682	367
682	366
694	366
694	365
695	365
695	364
700	364
700	363
703	363
703	362
706	362
706	361
707	361
707	360
708	360
708	359
710	359
710	360
713	360
713	359
714	359
714	360
715	360
715	359
717	359
717	358
718	358
718	357
723	357
723	356
725	356
725	355
729	355
729	354
730	354
730	353
739	353
739	352
740	352
740	342
739	342
739	340
738	340
738	338
736	338
736	337
734	337
734	336
733	336
733	335
731	335
731	334
730	334
730	333
729	333
729	331
730	331
730	330
731	330
731	329
733	329
733	328
739	328
739	327
740	327
740	326
744	326
744	325
752	325
752	324
787	324
787	323
788	323
788	322
794	322
794	321
805	321
805	320
811	320
811	319
819	319
819	309
818	309
818	308
816	308
816	306
814	306
814	305
813	305
813	302
816	302
816	301
820	301
820	300
823	300
823	299
850	299
850	298
860	298
860	297
866	297
866	296
872	296
872	295
879	295
879	294
883	294
883	293
893	293
893	292
900	292
900	291
909	291
909	290
913	290
913	277
912	277
912	276
902	276
902	277
899	277
899	278
896	278
896	279
893	279
893	280
891	280
891	281
886	281
886	282
878	282
878	281
871	281
871	280
870	280
870	278
871	278
871	270
870	270
870	269
853	269
853	271
839	271
839	272
837	272
837	273
831	273
831	274
827	274
827	275
825	275
825	276
824	276
824	277
822	277
822	278
814	278
814	279
801	279
801	277
802	277
802	276
803	276
803	262
802	262
802	261
792	261
792	262
751	262
751	263
747	263
747	264
746	264
746	263
744	263
744	262
730	262
730	261
727	261
727	260
726	260
726	257
727	257
727	256
728	256
728	255
730	255
730	243
718	243
718	244
717	244
717	245
712	245
712	246
700	246
700	245
695	245
695	244
694	244
694	243
680	243
680	242
662	242
662	241
650	241
650	240
648	240
648	239
643	239
643	237
641	237
641	234
642	234
642	233
643	233
643	223
642	223
642	222
631	222
631	221
630	221
630	220
624	220
624	218
617	218
617	217
613	217
613	216
611	216
611	214
607	214
607	213
605	213
605	211
600	211
600	210
598	210
598	209
595	209
595	210
594	210
594	209
592	209
592	205
590	205
590	204
589	204
589	205
586	205
586	204
582	204
582	203
580	203
580	202
579	202
579	201
573	201
573	199
572	199
572	198
568	198
568	197
567	197
567	196
565	196
565	195
562	195
562	194
561	194
561	193
560	193
560	192
559	192
559	191
555	191
555	190
554	190
554	189
551	189
551	188
548	188
548	186
547	186
547	185
544	185
544	184
542	184
542	183
541	183
541	182
537	182
537	181
536	181
536	180
535	180
535	179
532	179
532	178
530	178
530	177
528	177
528	176
523	176
523	174
522	174
522	172
519	172
519	171
516	171
516	170
514	170
514	169
511	169
511	168
510	168
510	167
509	167
509	166
507	166
507	165
503	165
503	164
502	164
502	163
499	163
499	162
497	162
497	161
496	161
496	160
495	160
495	159
491	159
491	158
490	158
490	157
487	157
487	156
486	156
486	154
485	154
485	155
484	155
484	154
483	154
483	153
481	153
481	152
479	152
479	151
478	151
478	149
477	149
477	147
471	147
471	146
470	146
470	145
469	145
469	144
467	144
467	143
466	143
466	142
465	142
465	141
464	141
464	140
461	140
461	139
460	139
460	138
458	138
458	137
457	137
457	136
456	136
456	135
453	135
453	134
451	134
451	133
449	133
449	132
448	132
448	131
446	131
446	129
445	129
445	128
444	128
444	127
442	127
442	126
441	126
441	125
440	125
440	124
439	124
439	122
436	122
436	121
435	121
435	120
433	120
433	118
432	118
432	116
431	116
431	115
429	115
429	114
428	114
428	113
427	113
427	112
426	112
426	109
425	109
425	107
427	107
427	106
428	106
428	107
435	107
435	108
442	108
442	109
444	109
444	110
445	110
445	111
452	111
452	112
456	112
456	113
458	113
458	114
461	114
461	115
466	115
466	116
467	116
467	117
470	117
470	118
475	118
475	119
477	119
477	120
479	120
479	121
483	121
483	122
485	122
485	123
487	123
487	124
489	124
489	125
494	125
494	126
496	126
496	127
507	127
507	130
513	130
513	131
517	131
517	132
523	132
523	133
532	133
532	134
535	134
535	135
541	135
541	136
545	136
545	137
554	137
554	138
556	138
556	139
561	139
561	140
571	140
571	142
572	142
572	143
616	143
616	144
624	144
624	145
637	145
637	146
642	146
642	147
644	147
644	148
645	148
645	147
663	147
663	148
664	148
664	147
672	147
672	148
673	148
673	147
687	147
687	148
691	148
691	149
694	149
694	150
695	150
695	149
698	149
698	150
699	150
699	151
710	151
710	141
709	141
709	139
708	139
708	138
707	138
707	134
711	134
711	133
712	133
712	134
715	134
715	133
719	133
719	134
720	134
720	133
723	133
723	134
728	134
728	135
736	135
736	136
742	136
742	138
744	138
744	139
747	139
747	140
754	140
754	141
755	141
755	142
756	142
756	143
763	143
763	145
766	145
766	146
769	146
769	147
774	147
774	148
776	148
776	149
784	149
784	151
785	151
785	152
788	152
788	153
790	153
790	154
791	154
791	153
792	153
792	154
793	154
793	155
798	155
798	154
799	154
799	155
804	155
804	142
803	142
803	140
813	140
813	141
814	141
814	143
820	143
820	144
825	144
825	145
826	145
826	146
829	146
829	147
832	147
832	148
833	148
833	149
834	149
834	150
835	150
835	151
840	151
840	152
842	152
842	153
846	153
846	154
847	154
847	153
848	153
848	155
852	155
852	156
855	156
855	157
857	157
857	158
858	158
858	159
864	159
864	160
865	160
865	162
871	162
871	163
872	163
872	164
879	164
879	165
882	165
882	167
883	167
883	166
884	166
884	168
887	168
887	169
889	169
889	168
890	168
890	170
891	170
891	171
897	171
897	170
898	170
898	171
902	171
902	169
903	169
903	158
902	158
902	156
907	156
907	157
909	157
909	158
914	158
914	159
916	159
916	160
917	160
917	161
921	161
921	162
922	162
922	163
924	163
924	164
925	164
925	165
927	165
927	166
928	166
928	167
929	167
929	168
932	168
932	169
934	169
934	170
935	170
935	171
936	171
936	172
940	172
940	173
944	173
944	175
953	175
953	176
955	176
955	177
961	177
961	178
962	178
962	179
966	179
966	180
968	180
968	181
976	181
976	182
978	182
978	183
984	183
984	184
985	184
985	185
990	185
990	186
992	186
992	187
993	187
993	188
998	188
998	189
1002	189
1002	190
1005	190
1005	191
1010	191
1010	192
1011	192
1011	193
1012	193
1012	194
1018	194
1018	195
1024	195
1024	197
1034	197
1034	198
1035	198
1035	199
1037	199
1037	200
1042	200
1042	201
1044	201
1044	202
1046	202
1046	203
1052	203
1052	204
1055	204
1055	205
1056	205
1056	206
1057	206
1057	207
1062	207
1062	208
1065	208
1065	209
1068	209
1068	210
1071	210
1071	211
1073	211
1073	212
1075	212
1075	214
1078	214
1078	215
1082	215
1082	216
1083	216
1083	217
1085	217
1085	218
1088	218
1088	219
1089	219
1089	220
1091	220
1091	222
1092	222
1092	221
1093	221
1093	222
1094	222
1094	223
1096	223
1096	224
1107	224
1107	225
1108	225
1108	226
1114	226
1114	227
1117	227
1117	228
1118	228
1118	227
1119	227
1119	228
1120	228
1120	227
1121	227
1121	228
1139	228
1139	227
1142	227
1142	226
1145	226
1145	225
1147	225
1147	221
1149	221
1149	220
1150	220
1150	221
1151	221
1151	219
1153	219
1153	218
1154	218
1154	217
1155	217
1155	216
1157	216
1157	214
1159	214
1159	213
1161	213
1161	212
1163	212
1163	211
1164	211
1164	210
1167	210
1167	209
1168	209
1168	208
1169	208
1169	207
1171	207
1171	206
1172	206
1172	205
1174	205
1174	204
1176	204
1176	203
1177	203
1177	202
1179	202
1179	198
1185	198
1185	197
1187	197
1187	196
1188	196
1188	195
1191	195
1191	194
1197	194
1197	193
1198	193
1198	191
1199	191
1199	190
1202	190
1202	189
1204	189
1204	188
1207	188
1207	187
1211	187
1211	185
1214	185
1214	184
1215	184
1215	185
1216	185
1216	184
1217	184
1217	183
1219	183
1219	182
1221	182
1221	181
1223	181
1223	180
1224	180
1224	176
1234	176
1234	175
1235	175
1235	174
1236	174
1236	173
1239	173
1239	172
1240	172
1240	171
1242	171
1242	170
1243	170
1243	169
1245	169
1245	168
1249	168
1249	165
1250	165
1250	164
1251	164
1251	163
1252	163
1252	162
1255	162
1255	161
1256	161
1256	160
1257	160
1257	159
1262	159
1262	164
1263	164
1263	165
1274	165
1274	166
1275	166
1275	165
1279	165
1279	164
1280	164
1280	163
1283	163
1283	162
1287	162
1287	161
1290	161
1290	160
1292	160
1292	159
1297	159
1297	158
1299	158
1299	157
1300	157
1300	156
1303	156
1303	155
1304	155
1304	156
1305	156
1305	155
1307	155
1307	154
1308	154
1308	153
1312	153
1312	152
1314	152
1314	151
1316	151
1316	150
1317	150
1317	149
1321	149
1321	148
1322	148
1322	147
1323	147
1323	146
1326	146
1326	144
1328	144
1328	143
1330	143
1330	142
1332	142
1332	140
1333	140
1333	139
1335	139
1335	138
1336	138
1336	137
1338	137
1338	136
1340	136
1340	135
1341	135
1341	134
1343	134
1343	133
1346	133
1346	132
1350	132
1350	131
1351	131
1351	130
1352	130
1352	131
1353	131
1353	130
1357	130
1357	129
1358	129
1358	128
1362	128
1362	131
1361	131
1361	134
1360	134
1360	136
1359	136
1359	140
1358	140
1358	149
1359	149
1359	150
1370	150
1370	149
1376	149
1376	147
1377	147
1377	146
1380	146
1380	145
1383	145
1383	144
1384	144
1384	143
1388	143
1388	142
1390	142
1390	141
1392	141
1392	140
1394	140
1394	139
1397	139
1397	138
1398	138
1398	137
1402	137
1402	135
1405	135
1405	134
1406	134
1406	133
1409	133
1409	132
1411	132
1411	131
1414	131
1414	130
1415	130
1415	127
1418	127
1418	125
1425	125
1425	124
1428	124
1428	123
1434	123
1434	122
1439	122
1439	123
1440	123
1440	122
1443	122
1443	121
1444	121
1444	122
1445	122
1445	123
1444	123
1444	124
1443	124
1443	127
1442	127
1442	128
1441	128
1441	138
1442	138
1442	139
1451	139
1451	138
1453	138
1453	137
1456	137
1456	136
1459	136
1459	135
1461	135
1461	134
1466	134
1466	133
1467	133
1467	132
1472	132
1472	131
1473	131
1473	130
1478	130
1478	129
1479	129
1479	128
1481	128
1481	127
1485	127
1485	126
1487	126
1487	125
1492	125
1492	124
1497	124
1497	123
1498	123
1498	122
1506	122
1506	121
1513	121
1513	122
1514	122
1514	124
1513	124
1513	126
1512	126
1512	127
1513	127
1513	131
1512	131
1512	134
1513	134
1513	136
1523	136
1523	135
1524	135
1524	134
1526	134
1526	135
1527	135
1527	134
1540	134
1540	133
1541	133
1541	132
1566	132
1566	131
1581	131
1581	130
1594	130
1594	129
1596	129
1596	128
1605	128
1605	129
1616	129
1616	128
1641	128
1641	127
1647	127
1647	126
1651	126
1651	125
1653	125
1653	124
1663	124
1663	123
1664	123
1664	124
1678	124
1678	123
1680	123
1680	122
1687	122
1687	121
1696	121
1696	120
1703	120
1703	119
1708	119
1708	118
1718	118
1718	117
1721	117
1721	118
1724	118
1724	117
1727	117
1727	116
1728	116
1728	115
1735	115
1735	114
1739	114
1739	113
1740	113
1740	111
1747	111
1747	110
1751	110
1751	109
1753	109
1753	108
1757	108
1757	107
1759	107
1759	106
1765	106
1765	104
1771	104
1771	103
1772	103
1772	102
1774	102
1774	101
1779	101
1779	100
1781	100
1781	101
1782	101
1782	99
1785	99
1785	98
1791	98
1791	97
1795	97
1795	96
1803	96
1803	97
1808	97
1808	101
1807	101
1807	102
1806	102
1806	103
1805	103
1805	106
1803	106
1803	107
1801	107
1801	109
1800	109
1800	111
1798	111
1798	112
1797	112
1797	113
1795	113
1795	114
1794	114
1794	115
1791	115
1791	116
1789	116
1789	118
1787	118
1787	119
1785	119
1785	120
1783	120
1783	122
1777	122
1777	123
1776	123
1776	124
1774	124
1774	125
1773	125
1773	126
1771	126
1771	127
1770	127
1770	128
1765	128
1765	129
1764	129
1764	130
1763	130
1763	131
1761	131
1761	132
1760	132
1760	133
1758	133
1758	135
1756	135
1756	136
1755	136
1755	137
1754	137
1754	138
1751	138
1751	139
1750	139
1750	140
1749	140
1749	141
1745	141
1745	142
1744	142
1744	144
1743	144
1743	145
1741	145
1741	146
1739	146
1739	147
1738	147
1738	148
1736	148
1736	149
1734	149
1734	150
1733	150
1733	151
1730	151
1730	152
1729	152
1729	153
1726	153
1726	154
1720	154
1720	156
1719	156
1719	157
1718	157
1718	158
1713	158
1713	160
1707	160
1707	161
1705	161
1705	163
1701	163
1701	164
1700	164
1700	165
1694	165
1694	167
1693	167
1693	168
1690	168
1690	169
1687	169
1687	171
1685	171
1685	172
1683	172
1683	173
1681	173
1681	174
1678	174
1678	175
1676	175
1676	176
1673	176
1673	177
1668	177
1668	178
1667	178
1667	179
1662	179
1662	180
1661	180
1661	181
1656	181
1656	182
1655	182
1655	183
1654	183
1654	184
1652	184
1652	183
1651	183
1651	184
1649	184
1649	185
1648	185
1648	186
1643	186
1643	187
1642	187
1642	188
1641	188
1641	189
1636	189
1636	190
1633	190
1633	191
1629	191
1629	192
1624	192
1624	193
1623	193
1623	194
1620	194
1620	195
1617	195
1617	196
1605	196
1605	197
1604	197
1604	206
1605	206
1605	208
1610	208
1610	209
1611	209
1611	211
1610	211
1610	212
1609	212
1609	213
1608	213
1608	214
1605	214
1605	215
1600	215
1600	216
1598	216
1598	217
1593	217
1593	218
1591	218
1591	219
1586	219
1586	220
1581	220
1581	221
1564	221
1564	222
1554	222
1554	221
1542	221
1542	222
1528	222
1528	232
1529	232
1529	235
1527	235
1527	236
1522	236
1522	237
1521	237
1521	238
1520	238
1520	239
1516	239
1516	240
1515	240
1515	241
1502	241
1502	242
1501	242
1501	241
1499	241
1499	242
1498	242
1498	243
1484	243
1484	244
1483	244
1483	246
1478	246
1478	247
1477	247
1477	246
1472	246
1472	247
1458	247
1458	248
1457	248
1457	258
1456	258
1456	259
1454	259
1454	260
1452	260
1452	261
1450	261
1450	262
1445	262
1445	263
1444	263
1444	264
1434	264
1434	265
1429	265
1429	264
1421	264
1421	262
1401	262
1401	261
1400	261
1400	262
1399	262
1399	261
1381	261
1381	271
1379	271
1379	272
1378	272
1378	271
1377	271
1377	272
1374	272
1374	273
1366	273
1366	274
1365	274
1365	273
1363	273
1363	272
1350	272
1350	274
1349	274
1349	277
1350	277
1350	279
1349	279
1349	280
1350	280
1350	281
1349	281
1349	283
1348	283
1348	292
1349	292
1349	293
1352	293
1352	294
1362	294
1362	295
1363	295
1363	296
1376	296
1376	297
1381	297
1381	298
1392	298
1392	297
1396	297
1396	296
1408	296
1408	294
1415	294
1415	293
1426	293
1426	294
1432	294
1432	295
1433	295
1433	298
1432	298
1432	299
1431	299
1431	300
1429	300
1429	311
1443	311
1443	310
1453	310
1453	311
1471	311
1471	310
1472	310
1472	311
1473	311
1473	310
1481	310
1481	309
1487	309
1487	310
1493	310
1493	311
1495	311
1495	310
1496	310
1496	311
1501	311
1501	312
1503	312
1503	315
1509	315
1509	318
1508	318
1508	319
1505	319
1505	320
1503	320
1503	322
1502	322
1502	324
1501	324
1501	325
1500	325
1500	326
1499	326
1499	328
1498	328
1498	337
1499	337
1499	338
1509	338
1509	339
1514	339
1514	340
1523	340
1523	341
1532	341
1532	342
1534	342
1534	343
1540	343
1540	344
1550	344
1550	345
1555	345
1555	346
1566	346
1566	347
1572	347
1572	348
1573	348
1573	349
1577	349
1577	350
1578	350
1578	351
1581	351
1581	352
1584	352
1584	353
1585	353
1585	354
1588	354
1588	355
1590	355
1590	358
1585	358
1585	361
1583	361
1583	362
1581	362
1581	363
1578	363
1578	364
1576	364
1576	365
1575	365
1575	366
1574	366
1574	367
1573	367
1573	368
1572	368
1572	377
1573	377
1573	379
1593	379
1593	380
1597	380
1597	381
1603	381
1603	382
1611	382
1611	383
1614	383
1614	384
1617	384
1617	385
1626	385
1626	386
1629	386
1629	387
1638	387
1638	388
1642	388
1642	389
1645	389
1645	390
1649	390
1649	392
1654	392
1654	393
1655	393
1655	394
1656	394
1656	395
1658	395
1658	396
1660	396
1660	398
1662	398
1662	401
1658	401
1658	402
1656	402
1656	403
1655	403
1655	404
1654	404
1654	405
1653	405
1653	406
1652	406
1652	407
1651	407
1651	409
1650	409
1650	412
1649	412
1649	413
1650	413
1650	418
1651	418
1651	419
1654	419
1654	420
1663	420
1663	421
1664	421
1664	420
1665	420
1665	421
1668	421
1668	423
1675	423
1675	424
1681	424
1681	425
1688	425
1688	426
1690	426
1690	427
1700	427
1700	429
1701	429
1701	430
1709	430
1709	431
1710	431
1710	432
1712	432
1712	433
1714	433
1714	434
1716	434
1716	435
1718	435
1718	436
1720	436
1720	437
1721	437
1721	436
1722	436
1722	438
1724	438
1724	439
1725	439
1725	441
1724	441
1724	442
1723	442
1723	443
1721	443
1721	444
1719	444
1719	445
1717	445
1717	447
1714	447
1714	448
1713	448
1713	461
1714	461
1714	462
1720	462
1720	463
1724	463
1724	464
1731	464
1731	465
1740	465
1740	466
1743	466
1743	467
1744	467
1744	468
1747	468
1747	469
1748	469
1748	468
1752	468
1752	469
1753	469
1753	468
1754	468
1754	469
1755	469
1755	470
1757	470
1757	471
1758	471
1758	472
1761	472
1761	473
1762	473
1762	472
1764	472
1764	474
1767	474
1767	475
1768	475
1768	474
1770	474
1770	476
1773	476
1773	477
1775	477
1775	478
1776	478
1776	479
1777	479
1777	480
1778	480
1778	481
1780	481
1780	482
1781	482
1781	483
1783	483
1783	486
1784	486
1784	487
1787	487
1787	488
1788	488
1788	491
1786	491
1786	492
1783	492
1783	493
1780	493
1780	494
1779	494
1779	495
1777	495
1777	498
1776	498
1776	500
1777	500
1777	502
1776	502
1776	504
1777	504
1777	505
1776	505
1776	507
1777	507
1777	508
1781	508
1781	509
1787	509
1787	510
1792	510
1792	511
1793	511
1793	512
1795	512
1795	513
1802	513
1802	516
1803	516
1803	517
1809	517
1809	519
1810	519
1810	520
1814	520
1814	521
1815	521
1815	522
1818	522
1818	523
1820	523
1820	524
1821	524
1821	525
1822	525
1822	526
1828	526
1828	528
1832	528
1832	530
1834	530
1834	531
1835	531
1835	532
1838	532
1838	533
1840	533
1840	534
1841	534
1841	535
1843	535
1843	536
1844	536
1844	537
1846	537
1846	538
1847	538
1847	539
1849	539
1849	542
1850	542
1850	543
1848	543
1848	544
1846	544
1846	545
1844	545
1844	546
1843	546
1843	548
1840	548
1840	549
1838	549
1838	550
1836	550
1836	551
1835	551
1835	552
1833	552
1833	562
1834	562
1834	563
1835	563
1835	564
1840	564
1840	565
1841	565
1841	566
1846	566
1846	567
1847	567
1847	568
1850	568
1850	569
1851	569
1851	570
1853	570
1853	572
1856	572
1856	573
1857	573
1857	574
1860	574
1860	576
1862	576
1862	578
1866	578
1866	579
1867	579
1867	580
1868	580
1868	582
1870	582
1870	583
1873	583
1873	584
1875	584
1875	585
1878	585
1878	587
1879	587
1879	588
1884	588
1884	589
1885	589
1885	590
1887	590
1887	589
1888	589
1888	590
1890	590
1890	589
1891	589
1891	591
1893	591
1893	592
1894	592
1894	591
1895	591
1895	592
1897	592
1897	593
1898	593
1898	595
1899	595
1899	596
1904	596
1904	598
1905	598
1905	599
1907	599
1907	600
1908	600
1908	601
1909	601
1909	603
1910	603
1910	605
1907	605
1907	606
1905	606
1905	607
1904	607
1904	608
1902	608
1902	615
1901	615
1901	617
1902	617
1902	619
1904	619
1904	620
1905	620
1905	621
1910	621
1910	622
1911	622
1911	623
1916	623
1916	624
1917	624
1917	627
1918	627
1918	628
1921	628
1921	627
1922	627
1922	628
1924	628
1924	629
1925	629
1925	630
1926	630
1926	631
1928	631
1928	632
1930	632
1930	634
1933	634
1933	636
1939	636
1939	638
1940	638
1940	639
1943	639
1943	643
1948	643
1948	644
1951	644
1951	645
1955	645
1955	647
1961	647
1961	649
1966	649
1966	650
1970	650
1970	651
1974	651
1974	652
1975	652
1975	653
1981	653
1981	654
1982	654
1982	655
1984	655
1984	656
1985	656
1985	657
1987	657
1987	659
1991	659
1991	660
1994	660
1994	662
2002	662
2002	663
2004	663
2004	664
2006	664
2006	665
2007	665
2007	666
2013	666
2013	667
2018	667
2018	668
2023	668
2023	669
2024	669
2024	670
2030	670
2030	671
2031	671
2031	672
2037	672
2037	673
2038	673
2038	674
2043	674
2043	675
2044	675
2044	676
2047	676
2047	677
2050	677
2050	678
2054	678
2054	679
2057	679
2057	680
2058	680
2058	681
2075	681
2075	682
2081	682
2081	683
2083	683
2083	684
2087	684
2087	685
2100	685
2100	686
2105	686
2105	687
2109	687
2109	688
2114	688
2114	689
2116	689
2116	690
2121	690
2121	691
2126	691
2126	692
2132	692
2132	693
2133	693
2133	694
2135	694
2135	695
2137	695
2137	699
2135	699
2135	700
2131	700
2131	701
2128	701
2128	702
2120	702
2120	703
2117	703
2117	702
2116	702
2116	703
2115	703
2115	704
2114	704
2114	705
2109	705
2109	706
2108	706
2108	707
2105	707
2105	708
2100	708
2100	709
2099	709
2099	708
2094	708
2094	709
2092	709
2092	711
2083	711
2083	712
2077	712
2077	713
2065	713
2065	714
2049	714
2049	713
2039	713
2039	714
2031	714
2031	715
2025	715
2025	714
2016	714
2016	713
2014	713
2014	712
2002	712
2002	711
1993	711
1993	710
1989	710
1989	709
1982	709
1982	708
1975	708
1975	707
1962	707
1962	706
1951	706
1951	705
1938	705
1938	703
1937	703
1937	702
1922	702
1922	703
1921	703
1921	704
1922	704
1922	705
1921	705
1921	711
1922	711
1922	715
1912	715
1912	714
1906	714
1906	713
1901	713
1901	712
1898	712
1898	711
1894	711
1894	709
1891	709
1891	708
1887	708
1887	707
1884	707
1884	706
1882	706
1882	705
1880	705
1880	703
1876	703
1876	702
1874	702
1874	701
1871	701
1871	700
1870	700
1870	699
1865	699
1865	698
1864	698
1864	699
1862	699
1862	698
1859	698
1859	699
1858	699
1858	701
1857	701
1857	702
1853	702
1853	708
1852	708
1852	709
1850	709
1850	708
1839	708
1839	706
1838	706
1838	705
1836	705
1836	703
1834	703
1834	702
1831	702
1831	700
1830	700
1830	701
1829	701
1829	700
1828	700
1828	699
1826	699
1826	697
1825	697
1825	696
1820	696
1820	695
1818	695
1818	694
1817	694
1817	691
1816	691
1816	690
1810	690
1810	689
1808	689
1808	688
1807	688
1807	687
1806	687
1806	686
1805	686
1805	684
1803	684
1803	683
1801	683
1801	681
1789	681
1789	693
1786	693
1786	692
1785	692
1785	693
1783	693
1783	692
1782	692
1782	693
1781	693
1781	692
1778	692
1778	690
1772	690
1772	689
1770	689
1770	688
1769	688
1769	686
1766	686
1766	684
1765	684
1765	683
1762	683
1762	682
1761	682
1761	681
1760	681
1760	679
1759	679
1759	677
1756	677
1756	676
1755	676
1755	675
1752	675
1752	674
1751	674
1751	673
1750	673
1750	671
1749	671
1749	670
1747	670
1747	667
1746	667
1746	666
1743	666
1743	665
1742	665
1742	664
1733	664
1733	665
1732	665
1732	671
1731	671
1731	672
1729	672
1729	673
1728	673
1728	672
1727	672
1727	671
1722	671
1722	670
1721	670
1721	669
1720	669
1720	668
1715	668
1715	667
1714	667
1714	666
1708	666
1708	664
1706	664
1706	663
1705	663
1705	662
1704	662
1704	661
1702	661
1702	658
1699	658
1699	657
1696	657
1696	656
1695	656
1695	655
1693	655
1693	654
1692	654
1692	653
1691	653
1691	651
1689	651
1689	649
1688	649
1688	648
1686	648
1686	646
1685	646
1685	645
1683	645
1683	644
1682	644
1682	643
1680	643
1680	642
1679	642
1679	641
1678	641
1678	639
1676	639
1676	637
1674	637
1674	636
1673	636
1673	634
1672	634
1672	633
1671	633
1671	632
1662	632
1662	640
1661	640
1661	641
1657	641
1657	639
1650	639
1650	638
1645	638
1645	637
1644	637
1644	636
1641	636
1641	635
1639	635
1639	633
1638	633
1638	632
1636	632
1636	631
1634	631
1634	630
1633	630
1633	629
1632	629
1632	627
1630	627
1630	626
1624	626
1624	625
1623	625
1623	622
1622	622
1622	621
1621	621
1621	620
1620	620
1620	619
1619	619
1619	618
1616	618
1616	617
1615	617
1615	616
1614	616
1614	614
1613	614
1613	613
1611	613
1611	612
1610	612
1610	610
1609	610
1609	609
1607	609
1607	608
1606	608
1606	606
1604	606
1604	605
1603	605
1603	604
1602	604
1602	603
1601	603
1601	602
1600	602
1600	600
1599	600
1599	599
1589	599
1589	600
1588	600
1588	608
1587	608
1587	610
1588	610
1588	613
1581	613
1581	612
1580	612
1580	611
1576	611
1576	610
1575	610
1575	608
1574	608
1574	607
1570	607
1570	606
1568	606
1568	605
1567	605
1567	604
1565	604
1565	603
1564	603
1564	602
1563	602
1563	601
1562	601
1562	600
1561	600
1561	599
1560	599
1560	598
1559	598
1559	597
1557	597
1557	595
1556	595
1556	594
1554	594
1554	593
1553	593
1553	592
1552	592
1552	591
1551	591
1551	590
1550	590
1550	589
1549	589
1549	588
1547	588
1547	587
1546	587
1546	585
1545	585
1545	584
1543	584
1543	582
1542	582
1542	581
1540	581
1540	580
1539	580
1539	578
1537	578
1537	577
1536	577
1536	575
1535	575
1535	574
1534	574
1534	573
1533	573
1533	571
1531	571
1531	569
1530	569
1530	568
1519	568
1519	578
1520	578
1520	579
1518	579
1518	580
1517	580
1517	579
1514	579
1514	578
1512	578
1512	577
1511	577
1511	576
1510	576
1510	575
1503	575
1503	574
1502	574
1502	573
1501	573
1501	572
1502	572
1502	571
1501	571
1501	570
1500	570
1500	569
1499	569
1499	568
1498	568
1498	566
1483	566
1483	567
1482	567
1482	568
1480	568
1480	569
1479	569
1479	568
1478	568
1478	569
1477	569
1477	571
1476	571
1476	580
1477	580
1477	582
1478	582
1478	583
1482	583
1482	584
1484	584
1484	585
1486	585
1486	586
1489	586
1489	587
1490	587
1490	589
1493	589
1493	590
1495	590
1495	591
1496	591
1496	592
1499	592
1499	594
1500	594
1500	595
1502	595
1502	596
1503	596
1503	597
1504	597
1504	598
1507	598
1507	599
1509	599
1509	600
1512	600
1512	601
1514	601
1514	602
1515	602
1515	603
1516	603
1516	604
1520	604
1520	605
1521	605
1521	606
1522	606
1522	608
1525	608
1525	609
1528	609
1528	610
1531	610
1531	612
1534	612
1534	614
1535	614
1535	615
1537	615
1537	616
1539	616
1539	621
1542	621
1542	622
1543	622
1543	623
1545	623
1545	624
1546	624
1546	625
1547	625
1547	629
1537	629
1537	630
1534	630
1534	631
1532	631
1532	632
1530	632
1530	643
1532	643
1532	644
1534	644
1534	645
1535	645
1535	646
1538	646
1538	647
1540	647
1540	648
1541	648
1541	649
1544	649
1544	650
1547	650
1547	653
1552	653
1552	654
1553	654
1553	656
1556	656
1556	657
1560	657
1560	659
1561	659
1561	660
1564	660
1564	661
1567	661
1567	662
1568	662
1568	663
1572	663
1572	665
1573	665
1573	666
1575	666
1575	667
1579	667
1579	672
1584	672
1584	673
1585	673
1585	674
1587	674
