1347	760
1348	760
1348	761
1352	761
1352	762
1353	762
1353	763
1354	763
1354	765
1357	765
1357	766
1356	766
1356	767
1358	767
1358	769
1361	769
1361	770
1362	770
1362	771
1363	771
1363	772
1365	772
1365	773
1366	773
1366	774
1368	774
1368	776
1369	776
1369	778
1370	778
1370	779
1371	779
1371	778
1373	778
1373	779
1375	779
1375	781
1376	781
1376	782
1377	782
1377	783
1378	783
1378	784
1379	784
1379	785
1380	785
1380	787
1382	787
1382	788
1384	788
1384	790
1385	790
1385	791
1386	791
1386	792
1387	792
1387	794
1388	794
1388	796
1389	796
1389	798
1387	798
1387	799
1378	799
1378	800
1376	800
1376	801
1373	801
1373	802
1372	802
1372	804
1373	804
1373	807
1372	807
1372	808
1373	808
1373	809
1372	809
1372	812
1373	812
1373	813
1376	813
1376	814
1377	814
1377	815
1378	815
1378	816
1379	816
1379	817
1380	817
1380	818
1381	818
1381	819
1383	819
1383	820
1384	820
1384	821
1385	821
1385	822
1386	822
1386	823
1387	823
1387	824
1388	824
1388	825
1389	825
1389	827
1391	827
1391	828
1393	828
1393	829
1394	829
1394	830
1395	830
1395	831
1396	831
1396	832
1397	832
1397	833
1398	833
1398	835
1399	835
1399	836
1400	836
1400	837
1402	837
1402	839
1403	839
1403	840
1405	840
1405	842
1406	842
1406	843
1408	843
1408	844
1409	844
1409	845
1410	845
1410	846
1411	846
1411	848
1412	848
1412	849
1413	849
1413	850
1414	850
1414	851
1416	851
1416	852
1417	852
1417	853
1418	853
1418	854
1419	854
1419	855
1420	855
1420	856
1421	856
1421	857
1422	857
1422	858
1423	858
1423	859
1424	859
1424	861
1425	861
1425	862
1427	862
1427	863
1428	863
1428	865
1429	865
1429	866
1432	866
1432	868
1431	868
1431	869
1432	869
1432	871
1431	871
1431	872
1432	872
1432	875
1433	875
1433	878
1434	878
1434	880
1433	880
1433	881
1420	881
1420	886
1419	886
1419	889
1420	889
1420	893
1421	893
1421	895
1422	895
1422	896
1424	896
1424	898
1425	898
1425	899
1427	899
1427	900
1428	900
1428	902
1429	902
1429	903
1430	903
1430	904
1431	904
1431	905
1432	905
1432	906
1433	906
1433	908
1434	908
1434	911
1436	911
1436	912
1438	912
1438	913
1439	913
1439	916
1440	916
1440	917
1442	917
1442	918
1443	918
1443	923
1444	923
1444	924
1446	924
1446	925
1448	925
1448	926
1450	926
1450	930
1451	930
1451	931
1453	931
1453	932
1454	932
1454	933
1456	933
1456	935
1457	935
1457	936
1458	936
1458	938
1460	938
1460	939
1461	939
1461	941
1462	941
1462	942
1463	942
1463	944
1465	944
1465	946
1466	946
1466	947
1465	947
1465	948
1467	948
1467	949
1468	949
1468	950
1467	950
1467	951
1468	951
1468	952
1469	952
1469	954
1470	954
1470	956
1471	956
1471	962
1466	962
1466	961
1465	961
1465	962
1459	962
1459	961
1458	961
1458	962
1457	962
1457	963
1458	963
1458	964
1457	964
1457	974
1458	974
1458	975
1460	975
1460	976
1461	976
1461	979
1462	979
1462	980
1463	980
1463	981
1465	981
1465	982
1467	982
1467	983
1469	983
1469	986
1470	986
1470	987
1471	987
1471	988
1472	988
1472	989
1473	989
1473	990
1475	990
1475	991
1476	991
1476	994
1477	994
1477	996
1478	996
1478	997
1480	997
1480	998
1481	998
1481	1000
1482	1000
1482	1001
1483	1001
1483	1002
1484	1002
1484	1003
1485	1003
1485	1005
1487	1005
1487	1006
1488	1006
1488	1008
1489	1008
1489	1009
1490	1009
1490	1010
1491	1010
1491	1011
1492	1011
1492	1012
1494	1012
1494	1013
1495	1013
1495	1014
1496	1014
1496	1016
1497	1016
1497	1017
1498	1017
1498	1020
1501	1020
1501	1022
1502	1022
1502	1026
1503	1026
1503	1027
1505	1027
1505	1033
1506	1033
1506	1037
1507	1037
1507	1041
1508	1041
1508	1042
1509	1042
1509	1043
1508	1043
1508	1044
1506	1044
1506	1042
1505	1042
1505	1043
1503	1043
1503	1042
1486	1042
1486	1043
1483	1043
1483	1055
1484	1055
1484	1056
1485	1056
1485	1057
1486	1057
1486	1058
1487	1058
1487	1062
1488	1062
1488	1064
1492	1064
1492	1067
1493	1067
1493	1071
1496	1071
1496	1072
1497	1072
1497	1074
1498	1074
1498	1076
1499	1076
1499	1078
1500	1078
1500	1079
1502	1079
1502	1086
1506	1086
1506	1087
1507	1087
1507	1090
1508	1090
1508	1091
1509	1091
1509	1093
1510	1093
1510	1094
1512	1094
1512	1097
1513	1097
1513	1098
1514	1098
1514	1101
1515	1101
1515	1102
1516	1102
1516	1103
1517	1103
1517	1108
1519	1108
1519	1111
1520	1111
1520	1119
1521	1119
1521	1128
1519	1128
1519	1129
1518	1129
1518	1128
1516	1128
1516	1127
1513	1127
1513	1126
1503	1126
1503	1127
1502	1127
1502	1138
1503	1138
1503	1139
1504	1139
1504	1140
1505	1140
1505	1143
1506	1143
1506	1142
1507	1142
1507	1143
1508	1143
1508	1147
1509	1147
1509	1148
1510	1148
1510	1149
1511	1149
1511	1150
1512	1150
1512	1152
1513	1152
1513	1153
1514	1153
1514	1155
1515	1155
1515	1158
1516	1158
1516	1160
1517	1160
1517	1161
1518	1161
1518	1162
1519	1162
1519	1165
1520	1165
1520	1166
1521	1166
1521	1167
1522	1167
1522	1170
1523	1170
1523	1171
1524	1171
1524	1175
1525	1175
1525	1177
1526	1177
1526	1179
1528	1179
1528	1180
1529	1180
1529	1182
1530	1182
1530	1183
1531	1183
1531	1187
1532	1187
1532	1189
1533	1189
1533	1190
1534	1190
1534	1194
1535	1194
1535	1199
1536	1199
1536	1205
1537	1205
1537	1211
1536	1211
1536	1212
1534	1212
1534	1210
1532	1210
1532	1209
1530	1209
1530	1208
1527	1208
1527	1207
1516	1207
1516	1210
1515	1210
1515	1214
1516	1214
1516	1215
1515	1215
1515	1216
1516	1216
1516	1217
1515	1217
1515	1218
1516	1218
1516	1219
1517	1219
1517	1220
1518	1220
1518	1222
1519	1222
1519	1223
1520	1223
1520	1224
1521	1224
1521	1226
1522	1226
1522	1227
1523	1227
1523	1229
1524	1229
1524	1234
1526	1234
1526	1237
1527	1237
1527	1239
1528	1239
1528	1241
1529	1241
1529	1242
1530	1242
1530	1243
1531	1243
1531	1246
1532	1246
1532	1248
1533	1248
1533	1249
1534	1249
1534	1250
1535	1250
1535	1252
1536	1252
1536	1253
1537	1253
1537	1257
1539	1257
1539	1258
1540	1258
1540	1260
1541	1260
1541	1263
1542	1263
1542	1266
1543	1266
1543	1267
1545	1267
1545	1271
1546	1271
1546	1278
1547	1278
1547	1285
1548	1285
1548	1296
1546	1296
1546	1295
1545	1295
1545	1294
1543	1294
1543	1293
1542	1293
1542	1292
1540	1292
1540	1291
1537	1291
1537	1290
1532	1290
1532	1289
1520	1289
1520	1290
1519	1290
1519	1301
1520	1301
1520	1304
1521	1304
1521	1305
1522	1305
1522	1306
1523	1306
1523	1307
1524	1307
1524	1314
1525	1314
1525	1315
1527	1315
1527	1319
1528	1319
1528	1322
1529	1322
1529	1330
1530	1330
1530	1333
1531	1333
1531	1335
1532	1335
1532	1336
1533	1336
1533	1337
1534	1337
1534	1340
1535	1340
1535	1344
1536	1344
1536	1345
1537	1345
1537	1347
1538	1347
1538	1350
1539	1350
1539	1352
1541	1352
1541	1356
1542	1356
1542	1358
1543	1358
1543	1359
1544	1359
1544	1363
1545	1363
1545	1366
1546	1366
1546	1373
1547	1373
1547	1375
1548	1375
1548	1376
1547	1376
1547	1377
1548	1377
1548	1380
1547	1380
1547	1382
1544	1382
1544	1381
1543	1381
1543	1380
1541	1380
1541	1379
1531	1379
1531	1380
1530	1380
1530	1390
1531	1390
1531	1393
1532	1393
1532	1396
1534	1396
1534	1400
1535	1400
1535	1402
1536	1402
1536	1414
1537	1414
1537	1415
1538	1415
1538	1416
1539	1416
1539	1419
1540	1419
1540	1421
1541	1421
1541	1423
1542	1423
1542	1425
1543	1425
1543	1426
1544	1426
1544	1427
1545	1427
1545	1429
1546	1429
1546	1431
1547	1431
1547	1434
1548	1434
1548	1438
1549	1438
1549	1440
1550	1440
1550	1451
1549	1451
1549	1453
1548	1453
1548	1452
1547	1452
1547	1451
1546	1451
1546	1450
1547	1450
1547	1449
1543	1449
1543	1448
1541	1448
1541	1447
1539	1447
1539	1446
1524	1446
1524	1462
1526	1462
1526	1463
1527	1463
1527	1469
1528	1469
1528	1475
1529	1475
1529	1480
1530	1480
1530	1485
1531	1485
1531	1492
1532	1492
1532	1495
1533	1495
1533	1500
1534	1500
1534	1502
1535	1502
1535	1511
1536	1511
1536	1517
1537	1517
1537	1523
1538	1523
1538	1524
1539	1524
1539	1528
1540	1528
1540	1534
1541	1534
1541	1539
1542	1539
1542	1545
1543	1545
1543	1546
1544	1546
1544	1550
1545	1550
1545	1551
1546	1551
1546	1556
1547	1556
1547	1558
1548	1558
1548	1562
1546	1562
1546	1563
1541	1563
1541	1562
1539	1562
1539	1563
1537	1563
1537	1576
1538	1576
1538	1581
1539	1581
1539	1587
1540	1587
1540	1592
1541	1592
1541	1601
1542	1601
1542	1603
1543	1603
1543	1607
1544	1607
1544	1610
1545	1610
1545	1612
1546	1612
1546	1625
1547	1625
1547	1627
1548	1627
1548	1629
1549	1629
1549	1634
1550	1634
1550	1637
1551	1637
1551	1640
1552	1640
1552	1644
1553	1644
1553	1650
1554	1650
1554	1654
1555	1654
1555	1656
1556	1656
1556	1660
1557	1660
1557	1663
1558	1663
1558	1669
1559	1669
1559	1670
1560	1670
1560	1671
1561	1671
1561	1676
1562	1676
1562	1677
1563	1677
1563	1680
1564	1680
1564	1683
1565	1683
1565	1688
1567	1688
1567	1691
1568	1691
1568	1693
1569	1693
1569	1694
1570	1694
1570	1695
1571	1695
1571	1696
1570	1696
1570	1699
1572	1699
1572	1701
1573	1701
1573	1705
1574	1705
1574	1707
1576	1707
1576	1709
1575	1709
1575	1710
1576	1710
1576	1713
1577	1713
1577	1714
1578	1714
1578	1715
1579	1715
1579	1716
1580	1716
1580	1717
1581	1717
1581	1721
1583	1721
1583	1727
1584	1727
1584	1728
1587	1728
1587	1729
1588	1729
1588	1730
1589	1730
1589	1731
1590	1731
1590	1733
1591	1733
1591	1735
1592	1735
1592	1736
1593	1736
1593	1737
1594	1737
1594	1739
1595	1739
1595	1741
1596	1741
1596	1743
1597	1743
1597	1744
1598	1744
1598	1746
1600	1746
1600	1747
1601	1747
1601	1750
1602	1750
1602	1751
1603	1751
1603	1752
1604	1752
1604	1753
1605	1753
1605	1755
1606	1755
1606	1758
1608	1758
1608	1759
1609	1759
1609	1760
1610	1760
1610	1761
1611	1761
1611	1763
1612	1763
1612	1765
1613	1765
1613	1766
1614	1766
1614	1767
1615	1767
1615	1769
1616	1769
1616	1770
1617	1770
1617	1771
1618	1771
1618	1773
1619	1773
1619	1774
1620	1774
1620	1779
1621	1779
1621	1780
1623	1780
1623	1783
1624	1783
1624	1784
1626	1784
1626	1785
1629	1785
1629	1786
1650	1786
1650	1785
1655	1785
1655	1787
1653	1787
1653	1789
1651	1789
1651	1791
1648	1791
1648	1792
1646	1792
1646	1793
1634	1793
1634	1794
1630	1794
1630	1793
1626	1793
1626	1792
1624	1792
1624	1791
1622	1791
1622	1790
1616	1790
1616	1789
1613	1789
1613	1788
1611	1788
1611	1787
1608	1787
1608	1786
1606	1786
1606	1785
1604	1785
1604	1784
1602	1784
1602	1783
1599	1783
1599	1782
1598	1782
1598	1781
1596	1781
1596	1780
1595	1780
1595	1779
1593	1779
1593	1778
1592	1778
1592	1777
1590	1777
1590	1776
1587	1776
1587	1774
1585	1774
1585	1772
1584	1772
1584	1771
1582	1771
1582	1770
1581	1770
1581	1769
1579	1769
1579	1768
1578	1768
1578	1766
1577	1766
1577	1764
1574	1764
1574	1763
1572	1763
1572	1762
1571	1762
1571	1761
1570	1761
1570	1759
1568	1759
1568	1758
1567	1758
1567	1757
1566	1757
1566	1756
1564	1756
1564	1754
1563	1754
1563	1753
1562	1753
1562	1751
1559	1751
1559	1750
1558	1750
1558	1747
1556	1747
1556	1746
1555	1746
1555	1742
1553	1742
1553	1741
1552	1741
1552	1740
1551	1740
1551	1739
1550	1739
1550	1738
1549	1738
1549	1737
1548	1737
1548	1735
1547	1735
1547	1734
1546	1734
1546	1733
1544	1733
1544	1732
1543	1732
1543	1729
1542	1729
1542	1727
1541	1727
1541	1726
1540	1726
1540	1725
1539	1725
1539	1724
1538	1724
1538	1722
1537	1722
1537	1721
1536	1721
1536	1719
1535	1719
1535	1717
1534	1717
1534	1715
1533	1715
1533	1714
1534	1714
1534	1713
1533	1713
1533	1712
1531	1712
1531	1711
1529	1711
1529	1708
1528	1708
1528	1707
1527	1707
1527	1705
1526	1705
1526	1703
1525	1703
1525	1701
1524	1701
1524	1700
1523	1700
1523	1699
1522	1699
1522	1697
1521	1697
1521	1696
1520	1696
1520	1694
1519	1694
1519	1691
1518	1691
1518	1690
1516	1690
1516	1688
1515	1688
1515	1686
1514	1686
1514	1685
1513	1685
1513	1684
1512	1684
1512	1682
1511	1682
1511	1680
1510	1680
1510	1679
1509	1679
1509	1678
1508	1678
1508	1675
1507	1675
1507	1674
1506	1674
1506	1672
1505	1672
1505	1670
1504	1670
1504	1668
1503	1668
1503	1666
1502	1666
1502	1663
1501	1663
1501	1662
1500	1662
1500	1660
1499	1660
1499	1657
1498	1657
1498	1655
1497	1655
1497	1652
1496	1652
1496	1650
1495	1650
1495	1649
1494	1649
1494	1645
1493	1645
1493	1644
1492	1644
1492	1642
1491	1642
1491	1641
1490	1641
1490	1640
1489	1640
1489	1637
1488	1637
1488	1635
1487	1635
1487	1634
1486	1634
1486	1632
1485	1632
1485	1630
1484	1630
1484	1628
1483	1628
1483	1627
1482	1627
1482	1625
1481	1625
1481	1624
1480	1624
1480	1623
1479	1623
1479	1621
1477	1621
1477	1618
1475	1618
1475	1615
1474	1615
1474	1610
1473	1610
1473	1609
1471	1609
1471	1608
1470	1608
1470	1607
1469	1607
1469	1605
1468	1605
1468	1603
1467	1603
1467	1602
1466	1602
1466	1601
1465	1601
1465	1597
1464	1597
1464	1596
1463	1596
1463	1593
1462	1593
1462	1588
1461	1588
1461	1583
1460	1583
1460	1581
1448	1581
1448	1582
1447	1582
1447	1583
1446	1583
1446	1585
1445	1585
1445	1586
1444	1586
1444	1585
1443	1585
1443	1584
1441	1584
1441	1580
1439	1580
1439	1578
1438	1578
1438	1575
1437	1575
1437	1572
1436	1572
1436	1571
1435	1571
1435	1569
1434	1569
1434	1563
1433	1563
1433	1560
1432	1560
1432	1558
1431	1558
1431	1554
1430	1554
1430	1551
1431	1551
1431	1550
1429	1550
1429	1549
1428	1549
1428	1542
1427	1542
1427	1537
1426	1537
1426	1534
1427	1534
1427	1533
1426	1533
1426	1528
1425	1528
1425	1522
1424	1522
1424	1521
1423	1521
1423	1512
1413	1512
1413	1513
1411	1513
1411	1514
1410	1514
1410	1515
1409	1515
1409	1517
1408	1517
1408	1518
1407	1518
1407	1519
1406	1519
1406	1520
1405	1520
1405	1519
1404	1519
1404	1518
1403	1518
1403	1516
1402	1516
1402	1513
1401	1513
1401	1511
1400	1511
1400	1505
1399	1505
1399	1502
1398	1502
1398	1498
1397	1498
1397	1493
1396	1493
1396	1486
1395	1486
1395	1479
1394	1479
1394	1476
1393	1476
1393	1461
1392	1461
1392	1460
1391	1460
1391	1457
1392	1457
1392	1454
1393	1454
1393	1444
1392	1444
1392	1443
1380	1443
1380	1444
1378	1444
1378	1445
1377	1445
1377	1446
1376	1446
1376	1447
1375	1447
1375	1448
1374	1448
1374	1449
1373	1449
1373	1452
1371	1452
1371	1450
1370	1450
1370	1449
1369	1449
1369	1448
1368	1448
1368	1445
1367	1445
1367	1443
1366	1443
1366	1441
1365	1441
1365	1439
1364	1439
1364	1435
1363	1435
1363	1432
1362	1432
1362	1416
1361	1416
1361	1406
1360	1406
1360	1400
1359	1400
1359	1399
1360	1399
1360	1396
1359	1396
1359	1390
1358	1390
1358	1382
1357	1382
1357	1381
1358	1381
1358	1369
1346	1369
1346	1370
1344	1370
1344	1371
1342	1371
1342	1372
1340	1372
1340	1376
1339	1376
1339	1377
1338	1377
1338	1376
1337	1376
1337	1375
1336	1375
1336	1374
1335	1374
1335	1371
1334	1371
1334	1370
1333	1370
1333	1367
1332	1367
1332	1365
1331	1365
1331	1360
1330	1360
1330	1358
1329	1358
1329	1352
1328	1352
1328	1335
1327	1335
1327	1325
1326	1325
1326	1299
1317	1299
1317	1298
1316	1298
1316	1299
1313	1299
1313	1300
1314	1300
1314	1301
1313	1301
1313	1302
1312	1302
1312	1300
1311	1300
1311	1299
1310	1299
1310	1298
1308	1298
1308	1295
1306	1295
1306	1292
1305	1292
1305	1288
1304	1288
1304	1284
1302	1284
1302	1269
1301	1269
1301	1252
1300	1252
1300	1239
1301	1239
1301	1223
1289	1223
1289	1224
1287	1224
1287	1225
1286	1225
1286	1227
1285	1227
1285	1228
1284	1228
1284	1231
1282	1231
1282	1230
1281	1230
1281	1229
1280	1229
1280	1227
1277	1227
1277	1225
1276	1225
1276	1224
1277	1224
1277	1223
1276	1223
1276	1220
1277	1220
1277	1218
1276	1218
1276	1217
1275	1217
1275	1211
1274	1211
1274	1200
1273	1200
1273	1193
1274	1193
1274	1175
1268	1175
1268	1174
1267	1174
1267	1173
1264	1173
1264	1171
1263	1171
1263	1162
1264	1162
1264	1157
1265	1157
1265	1156
1266	1156
1266	1152
1267	1152
1267	1149
1268	1149
1268	1138
1266	1138
1266	1137
1258	1137
1258	1138
1256	1138
1256	1139
1254	1139
1254	1143
1251	1143
1251	1142
1250	1142
1250	1140
1249	1140
1249	1137
1248	1137
1248	1136
1247	1136
1247	1133
1246	1133
1246	1130
1245	1130
1245	1128
1244	1128
1244	1122
1243	1122
1243	1115
1242	1115
1242	1112
1243	1112
1243	1105
1244	1105
1244	1098
1245	1098
1245	1096
1246	1096
1246	1095
1245	1095
1245	1091
1246	1091
1246	1078
1245	1078
1245	1077
1242	1077
1242	1075
1241	1075
1241	1074
1240	1074
1240	1072
1239	1072
1239	1070
1240	1070
1240	1069
1239	1069
1239	1067
1240	1067
1240	1053
1234	1053
1234	1052
1233	1052
1233	1051
1232	1051
1232	1049
1231	1049
1231	1047
1230	1047
1230	1046
1229	1046
1229	1045
1228	1045
1228	1043
1227	1043
1227	1040
1226	1040
1226	1037
1225	1037
1225	1033
1224	1033
1224	1025
1223	1025
1223	988
1222	988
1222	987
1221	987
1221	976
1222	976
1222	974
1223	974
1223	970
1224	970
1224	969
1223	969
1223	958
1222	958
1222	957
1217	957
1217	958
1216	958
1216	957
1214	957
1214	958
1210	958
1210	959
1209	959
1209	961
1207	961
1207	962
1206	962
1206	960
1205	960
1205	954
1204	954
1204	951
1203	951
1203	949
1202	949
1202	944
1201	944
1201	931
1202	931
1202	911
1203	911
1203	908
1204	908
1204	906
1203	906
1203	904
1204	904
1204	902
1203	902
1203	900
1204	900
1204	899
1203	899
1203	897
1199	897
1199	896
1188	896
1188	897
1187	897
1187	906
1186	906
1186	907
1183	907
1183	905
1180	905
1180	904
1169	904
1169	905
1168	905
1168	906
1169	906
1169	907
1168	907
1168	908
1169	908
1169	910
1168	910
1168	915
1169	915
1169	917
1170	917
1170	919
1172	919
1172	920
1173	920
1173	923
1174	923
1174	925
1175	925
1175	926
1176	926
1176	929
1177	929
1177	946
1176	946
1176	947
1171	947
1171	959
1172	959
1172	961
1173	961
1173	967
1174	967
1174	974
1175	974
1175	975
1176	975
1176	981
1177	981
1177	987
1178	987
1178	988
1179	988
1179	990
1180	990
1180	996
1181	996
1181	1002
1182	1002
1182	1008
1181	1008
1181	1015
1180	1015
1180	1017
1181	1017
1181	1018
1180	1018
1180	1020
1179	1020
1179	1022
1177	1022
1177	1021
1176	1021
1176	1020
1175	1020
1175	1019
1174	1019
1174	1018
1172	1018
1172	1017
1170	1017
1170	1018
1169	1018
1169	1017
1168	1017
1168	1018
1167	1018
1167	1017
1166	1017
1166	1018
1165	1018
1165	1017
1162	1017
1162	1018
1161	1018
1161	1031
1162	1031
1162	1041
1164	1041
1164	1042
1165	1042
1165	1047
1166	1047
1166	1050
1167	1050
1167	1059
1168	1059
1168	1062
1169	1062
1169	1070
1170	1070
1170	1074
1171	1074
1171	1078
1172	1078
1172	1080
1173	1080
1173	1084
1174	1084
1174	1090
1175	1090
1175	1098
1174	1098
1174	1104
1173	1104
1173	1106
1172	1106
1172	1111
1171	1111
1171	1112
1170	1112
1170	1113
1169	1113
1169	1115
1166	1115
1166	1113
1165	1113
1165	1112
1164	1112
1164	1107
1160	1107
1160	1106
1157	1106
1157	1104
1145	1104
1145	1105
1144	1105
1144	1109
1145	1109
1145	1110
1144	1110
1144	1114
1145	1114
1145	1119
1146	1119
1146	1123
1147	1123
1147	1126
1148	1126
1148	1130
1149	1130
1149	1148
1150	1148
1150	1155
1151	1155
1151	1163
1152	1163
1152	1164
1153	1164
1153	1168
1154	1168
1154	1175
1155	1175
1155	1191
1154	1191
1154	1195
1153	1195
1153	1197
1152	1197
1152	1202
1151	1202
1151	1205
1150	1205
1150	1206
1148	1206
1148	1204
1147	1204
1147	1202
1146	1202
1146	1201
1145	1201
1145	1200
1144	1200
1144	1199
1143	1199
1143	1198
1141	1198
1141	1197
1138	1197
1138	1198
1137	1198
1137	1197
1136	1197
1136	1198
1135	1198
1135	1197
1132	1197
1132	1198
1130	1198
1130	1209
1131	1209
1131	1215
1132	1215
1132	1237
1133	1237
1133	1248
1134	1248
1134	1262
1133	1262
1133	1269
1132	1269
1132	1272
1131	1272
1131	1273
1132	1273
1132	1274
1131	1274
1131	1276
1130	1276
1130	1278
1129	1278
1129	1283
1127	1283
1127	1284
1124	1284
1124	1282
1123	1282
1123	1279
1122	1279
1122	1278
1121	1278
1121	1277
1120	1277
1120	1276
1118	1276
1118	1275
1117	1275
1117	1274
1115	1274
1115	1273
1113	1273
1113	1272
1103	1272
1103	1273
1102	1273
1102	1285
1103	1285
1103	1292
1104	1292
1104	1293
1105	1293
1105	1299
1106	1299
1106	1316
1107	1316
1107	1335
1108	1335
1108	1345
1107	1345
1107	1349
1106	1349
1106	1350
1107	1350
1107	1352
1106	1352
1106	1355
1105	1355
1105	1358
1104	1358
1104	1359
1103	1359
1103	1362
1102	1362
1102	1363
1101	1363
1101	1364
1099	1364
1099	1362
1098	1362
1098	1359
1097	1359
1097	1358
1096	1358
1096	1357
1095	1357
1095	1356
1094	1356
1094	1355
1092	1355
1092	1354
1090	1354
1090	1353
1088	1353
1088	1352
1086	1352
1086	1351
1084	1351
1084	1350
1072	1350
1072	1352
1071	1352
1071	1360
1072	1360
1072	1367
1073	1367
1073	1371
1074	1371
1074	1398
1073	1398
1073	1413
1072	1413
1072	1423
1071	1423
1071	1427
1070	1427
1070	1435
1068	1435
1068	1436
1067	1436
1067	1437
1066	1437
1066	1439
1065	1439
1065	1441
1064	1441
1064	1442
1063	1442
1063	1443
1062	1443
1062	1445
1060	1445
1060	1446
1059	1446
1059	1443
1058	1443
1058	1442
1059	1442
1059	1439
1058	1439
1058	1438
1057	1438
1057	1437
1055	1437
1055	1435
1053	1435
1053	1434
1051	1434
1051	1433
1050	1433
1050	1432
1036	1432
1036	1433
1037	1433
1037	1447
1038	1447
1038	1456
1039	1456
1039	1459
1038	1459
1038	1461
1037	1461
1037	1464
1036	1464
1036	1472
1035	1472
1035	1478
1034	1478
1034	1482
1033	1482
1033	1489
1032	1489
1032	1499
1031	1499
1031	1505
1030	1505
1030	1508
1029	1508
1029	1512
1028	1512
1028	1513
1027	1513
1027	1516
1025	1516
1025	1519
1024	1519
1024	1520
1023	1520
1023	1521
1022	1521
1022	1524
1021	1524
1021	1526
1020	1526
1020	1527
1018	1527
1018	1528
1017	1528
1017	1525
1016	1525
1016	1520
1014	1520
1014	1519
1013	1519
1013	1518
1012	1518
1012	1516
1011	1516
1011	1513
1007	1513
1007	1512
1006	1512
1006	1511
996	1511
996	1512
995	1512
995	1522
994	1522
994	1527
993	1527
993	1530
992	1530
992	1531
993	1531
993	1552
992	1552
992	1556
991	1556
991	1560
990	1560
990	1564
989	1564
989	1570
988	1570
988	1573
989	1573
989	1574
988	1574
988	1579
987	1579
987	1584
986	1584
986	1585
985	1585
985	1589
984	1589
984	1592
983	1592
983	1594
981	1594
981	1597
980	1597
980	1598
979	1598
979	1600
978	1600
978	1601
975	1601
975	1598
974	1598
974	1597
972	1597
972	1595
971	1595
971	1594
970	1594
970	1593
969	1593
969	1592
968	1592
968	1591
967	1591
967	1590
965	1590
965	1588
953	1588
953	1599
952	1599
952	1603
953	1603
953	1604
952	1604
952	1607
951	1607
951	1616
952	1616
952	1617
951	1617
951	1620
950	1620
950	1624
948	1624
948	1638
947	1638
947	1642
946	1642
946	1643
945	1643
945	1647
944	1647
944	1650
943	1650
943	1652
942	1652
942	1653
941	1653
941	1654
940	1654
940	1657
939	1657
939	1659
938	1659
938	1660
937	1660
937	1662
936	1662
936	1663
934	1663
934	1664
933	1664
933	1665
932	1665
932	1663
931	1663
931	1660
930	1660
930	1658
929	1658
929	1656
928	1656
928	1655
927	1655
927	1653
914	1653
914	1661
913	1661
913	1667
912	1667
912	1669
911	1669
911	1674
910	1674
910	1675
909	1675
909	1682
908	1682
908	1684
907	1684
907	1691
906	1691
906	1693
905	1693
905	1695
904	1695
904	1697
903	1697
903	1701
902	1701
902	1704
901	1704
901	1705
900	1705
900	1708
899	1708
899	1709
898	1709
898	1710
897	1710
897	1711
896	1711
896	1712
895	1712
895	1714
894	1714
894	1715
893	1715
893	1717
892	1717
892	1718
890	1718
890	1719
889	1719
889	1722
888	1722
888	1723
887	1723
887	1722
886	1722
886	1723
885	1723
885	1722
884	1722
884	1717
883	1717
883	1715
882	1715
882	1714
881	1714
881	1713
869	1713
869	1717
868	1717
868	1719
867	1719
867	1722
866	1722
866	1725
865	1725
865	1727
864	1727
864	1729
863	1729
863	1731
862	1731
862	1733
861	1733
861	1734
859	1734
859	1736
858	1736
858	1740
857	1740
857	1741
856	1741
856	1744
855	1744
855	1746
854	1746
854	1747
853	1747
853	1748
852	1748
852	1751
851	1751
851	1752
850	1752
850	1753
849	1753
849	1755
848	1755
848	1756
846	1756
846	1757
845	1757
845	1761
844	1761
844	1763
843	1763
843	1764
842	1764
842	1766
841	1766
841	1769
840	1769
840	1770
839	1770
839	1772
837	1772
837	1776
835	1776
835	1777
834	1777
834	1778
833	1778
833	1779
832	1779
832	1778
831	1778
831	1779
830	1779
830	1785
829	1785
829	1786
828	1786
828	1788
827	1788
827	1789
826	1789
826	1792
825	1792
825	1793
823	1793
823	1795
822	1795
822	1797
821	1797
821	1799
820	1799
820	1801
819	1801
819	1802
818	1802
818	1803
817	1803
817	1805
816	1805
816	1806
815	1806
815	1808
814	1808
814	1811
813	1811
813	1814
811	1814
811	1817
810	1817
810	1818
809	1818
809	1822
808	1822
808	1823
807	1823
807	1824
806	1824
806	1828
805	1828
805	1832
804	1832
804	1833
803	1833
803	1834
802	1834
802	1835
801	1835
801	1836
800	1836
800	1840
799	1840
799	1841
797	1841
797	1844
796	1844
796	1847
795	1847
795	1848
794	1848
794	1850
793	1850
793	1853
792	1853
792	1854
791	1854
791	1856
790	1856
790	1857
791	1857
791	1858
789	1858
789	1860
786	1860
786	1865
785	1865
785	1867
784	1867
784	1869
783	1869
783	1870
782	1870
782	1874
781	1874
781	1877
780	1877
780	1880
778	1880
778	1882
777	1882
777	1885
776	1885
776	1886
775	1886
775	1889
774	1889
774	1890
773	1890
773	1893
772	1893
772	1895
771	1895
771	1898
770	1898
770	1899
769	1899
769	1901
768	1901
768	1904
767	1904
767	1905
766	1905
766	1908
765	1908
765	1910
764	1910
764	1912
763	1912
763	1915
762	1915
762	1917
761	1917
761	1920
760	1920
760	1921
759	1921
759	1922
758	1922
758	1924
757	1924
757	1927
756	1927
756	1928
755	1928
755	1930
754	1930
754	1932
753	1932
753	1933
752	1933
752	1936
751	1936
751	1939
749	1939
749	1941
748	1941
748	1943
747	1943
747	1944
746	1944
746	1946
745	1946
745	1948
742	1948
742	1951
741	1951
741	1955
740	1955
740	1956
739	1956
739	1957
738	1957
738	1958
739	1958
739	1959
738	1959
738	1960
737	1960
737	1963
735	1963
735	1964
734	1964
734	1970
733	1970
733	1972
732	1972
732	1973
731	1973
731	1974
730	1974
730	1976
728	1976
728	1977
729	1977
729	1978
727	1978
727	1982
726	1982
726	1983
725	1983
725	1984
724	1984
724	1985
723	1985
723	1987
722	1987
722	1988
721	1988
721	1990
720	1990
720	1991
719	1991
719	1993
718	1993
718	1995
717	1995
717	1996
716	1996
716	1997
715	1997
715	1999
714	1999
714	2000
713	2000
713	2001
712	2001
712	2003
711	2003
711	2004
710	2004
710	2005
709	2005
709	2007
708	2007
708	2008
707	2008
707	2010
706	2010
706	2012
704	2012
704	2013
703	2013
703	2014
702	2014
702	2015
701	2015
701	2017
700	2017
700	2018
698	2018
698	2020
697	2020
697	2021
696	2021
696	2022
695	2022
695	2023
694	2023
694	2024
693	2024
693	2025
692	2025
692	2026
691	2026
691	2027
690	2027
690	2028
689	2028
689	2029
688	2029
688	2030
687	2030
687	2031
686	2031
686	2033
685	2033
685	2034
684	2034
684	2035
682	2035
682	2037
681	2037
681	2039
680	2039
680	2040
678	2040
678	2041
676	2041
676	2043
675	2043
675	2044
674	2044
674	2045
673	2045
673	2046
671	2046
671	2047
670	2047
670	2048
669	2048
669	2049
666	2049
666	2050
663	2050
663	2049
662	2049
662	2050
660	2050
660	2048
661	2048
661	2046
662	2046
662	2044
663	2044
663	2043
664	2043
664	2040
665	2040
665	2039
666	2039
666	2038
667	2038
667	2036
668	2036
668	2035
669	2035
669	2033
670	2033
670	2031
671	2031
671	2030
672	2030
672	2029
673	2029
673	2026
674	2026
674	2025
675	2025
675	2024
676	2024
676	2023
677	2023
677	2021
678	2021
678	2018
679	2018
679	2017
680	2017
680	2016
681	2016
681	2012
682	2012
682	2009
683	2009
683	2008
684	2008
684	2004
685	2004
685	2001
686	2001
686	1999
687	1999
687	1998
688	1998
688	1995
689	1995
689	1994
691	1994
691	1990
692	1990
692	1986
693	1986
693	1981
694	1981
694	1978
695	1978
695	1973
696	1973
696	1972
698	1972
698	1971
699	1971
699	1965
701	1965
701	1959
702	1959
702	1958
703	1958
703	1953
704	1953
704	1951
705	1951
705	1950
706	1950
706	1945
707	1945
707	1943
708	1943
708	1939
709	1939
709	1937
710	1937
710	1934
711	1934
711	1931
712	1931
712	1928
714	1928
714	1921
716	1921
716	1919
717	1919
717	1913
718	1913
718	1907
719	1907
719	1906
720	1906
720	1904
721	1904
721	1899
722	1899
722	1897
723	1897
723	1894
724	1894
724	1891
725	1891
725	1887
728	1887
728	1886
727	1886
727	1883
728	1883
728	1880
729	1880
729	1879
728	1879
728	1878
729	1878
729	1877
730	1877
730	1876
731	1876
731	1873
732	1873
732	1870
733	1870
733	1869
734	1869
734	1867
735	1867
735	1863
736	1863
736	1855
738	1855
738	1850
739	1850
739	1847
740	1847
740	1844
741	1844
741	1841
740	1841
740	1840
742	1840
742	1839
743	1839
743	1834
744	1834
744	1833
745	1833
745	1832
747	1832
747	1830
748	1830
748	1825
749	1825
749	1824
750	1824
750	1819
751	1819
751	1817
752	1817
752	1809
753	1809
753	1808
754	1808
754	1807
755	1807
755	1805
756	1805
756	1802
757	1802
757	1801
758	1801
758	1792
759	1792
759	1788
761	1788
761	1781
762	1781
762	1780
764	1780
764	1781
765	1781
765	1773
767	1773
767	1772
768	1772
768	1771
769	1771
769	1764
770	1764
770	1761
771	1761
771	1758
772	1758
772	1757
773	1757
773	1754
772	1754
772	1752
773	1752
773	1743
774	1743
774	1740
775	1740
775	1735
776	1735
776	1732
775	1732
775	1731
776	1731
776	1729
777	1729
777	1726
778	1726
778	1723
779	1723
779	1720
780	1720
780	1708
767	1708
767	1711
764	1711
764	1709
763	1709
763	1707
764	1707
764	1699
765	1699
765	1696
766	1696
766	1695
765	1695
765	1687
766	1687
766	1686
767	1686
767	1684
768	1684
768	1678
769	1678
769	1677
770	1677
770	1676
771	1676
771	1671
772	1671
772	1670
773	1670
773	1663
774	1663
774	1661
775	1661
775	1660
776	1660
776	1655
777	1655
777	1654
778	1654
778	1647
780	1647
780	1640
781	1640
781	1639
782	1639
782	1635
783	1635
783	1632
784	1632
784	1628
785	1628
785	1626
786	1626
786	1625
787	1625
787	1620
788	1620
788	1618
789	1618
789	1617
790	1617
790	1616
791	1616
791	1603
778	1603
778	1604
774	1604
774	1605
772	1605
772	1606
770	1606
770	1608
769	1608
769	1609
767	1609
767	1608
766	1608
766	1604
765	1604
765	1589
766	1589
766	1584
767	1584
767	1583
768	1583
768	1579
769	1579
769	1578
770	1578
770	1574
772	1574
772	1572
773	1572
773	1565
774	1565
774	1563
775	1563
775	1562
776	1562
776	1558
777	1558
777	1553
778	1553
778	1552
779	1552
779	1551
780	1551
780	1549
781	1549
781	1547
782	1547
782	1544
784	1544
784	1543
785	1543
785	1540
786	1540
786	1537
788	1537
788	1536
789	1536
789	1534
791	1534
791	1529
794	1529
794	1528
795	1528
795	1524
796	1524
796	1523
797	1523
797	1512
778	1512
778	1513
776	1513
776	1514
775	1514
775	1515
772	1515
772	1514
773	1514
773	1513
772	1513
772	1512
771	1512
771	1502
772	1502
772	1495
773	1495
773	1493
774	1493
774	1492
775	1492
775	1490
776	1490
776	1489
777	1489
777	1487
778	1487
778	1485
779	1485
779	1484
782	1484
782	1482
783	1482
783	1479
784	1479
784	1475
786	1475
786	1473
787	1473
787	1469
788	1469
788	1465
789	1465
789	1463
790	1463
790	1461
791	1461
791	1458
792	1458
792	1456
793	1456
793	1455
794	1455
794	1454
795	1454
795	1453
796	1453
796	1452
797	1452
797	1450
796	1450
796	1449
797	1449
797	1448
798	1448
798	1447
799	1447
799	1444
801	1444
801	1443
802	1443
802	1442
803	1442
803	1440
804	1440
804	1438
805	1438
805	1437
806	1437
806	1434
808	1434
808	1433
809	1433
809	1421
794	1421
794	1422
793	1422
793	1421
792	1421
792	1423
791	1423
791	1424
788	1424
788	1421
787	1421
787	1405
788	1405
788	1402
789	1402
789	1400
790	1400
790	1399
791	1399
791	1396
792	1396
792	1394
793	1394
793	1392
794	1392
794	1391
795	1391
795	1388
796	1388
796	1387
797	1387
797	1384
798	1384
798	1383
799	1383
799	1382
801	1382
801	1381
802	1381
802	1376
803	1376
803	1375
805	1375
805	1374
807	1374
807	1372
808	1372
808	1368
810	1368
810	1367
812	1367
812	1364
813	1364
813	1362
814	1362
814	1360
816	1360
816	1359
817	1359
817	1358
818	1358
818	1357
819	1357
819	1356
821	1356
821	1354
822	1354
822	1343
817	1343
817	1342
804	1342
804	1343
801	1343
801	1344
800	1344
800	1345
799	1345
799	1343
798	1343
798	1340
799	1340
799	1337
800	1337
800	1332
801	1332
801	1329
802	1329
802	1324
803	1324
803	1323
804	1323
804	1322
805	1322
805	1320
806	1320
806	1316
807	1316
807	1315
810	1315
810	1310
811	1310
811	1309
812	1309
812	1308
813	1308
813	1307
814	1307
814	1304
815	1304
815	1303
816	1303
816	1302
817	1302
817	1301
818	1301
818	1297
819	1297
819	1296
820	1296
820	1293
821	1293
821	1290
822	1290
822	1289
823	1289
823	1288
824	1288
824	1287
825	1287
825	1285
827	1285
827	1282
829	1282
829	1280
831	1280
831	1278
832	1278
832	1277
834	1277
834	1275
835	1275
835	1265
834	1265
834	1264
820	1264
820	1265
818	1265
818	1266
817	1266
817	1267
816	1267
816	1268
814	1268
814	1267
813	1267
813	1261
814	1261
814	1258
815	1258
815	1250
816	1250
816	1248
817	1248
817	1246
818	1246
818	1245
819	1245
819	1242
820	1242
820	1240
821	1240
821	1239
822	1239
822	1238
824	1238
824	1237
825	1237
825	1235
826	1235
826	1233
827	1233
827	1231
828	1231
828	1230
829	1230
829	1228
830	1228
830	1227
832	1227
832	1226
833	1226
833	1224
834	1224
834	1223
835	1223
835	1219
837	1219
837	1220
838	1220
838	1219
839	1219
839	1213
840	1213
840	1212
841	1212
841	1211
842	1211
842	1210
843	1210
843	1208
844	1208
844	1207
845	1207
845	1206
846	1206
846	1205
847	1205
847	1204
848	1204
848	1202
849	1202
849	1201
850	1201
850	1200
851	1200
851	1199
852	1199
852	1183
839	1183
839	1184
837	1184
837	1185
836	1185
836	1186
834	1186
834	1183
835	1183
835	1181
836	1181
836	1175
837	1175
837	1168
838	1168
838	1167
839	1167
839	1162
840	1162
840	1161
841	1161
841	1160
842	1160
842	1159
844	1159
844	1157
845	1157
845	1155
846	1155
846	1154
847	1154
847	1153
848	1153
848	1152
849	1152
849	1150
850	1150
850	1149
851	1149
851	1148
852	1148
852	1147
854	1147
854	1145
856	1145
856	1144
857	1144
857	1143
860	1143
860	1142
861	1142
861	1141
862	1141
862	1129
863	1129
863	1127
864	1127
864	1125
865	1125
865	1124
866	1124
866	1123
868	1123
868	1122
869	1122
869	1121
870	1121
870	1120
872	1120
872	1119
873	1119
873	1117
875	1117
875	1116
876	1116
876	1117
877	1117
877	1114
878	1114
878	1113
879	1113
879	1110
880	1110
880	1109
879	1109
879	1108
880	1108
880	1106
879	1106
879	1104
880	1104
880	1103
879	1103
879	1101
876	1101
876	1100
863	1100
863	1101
860	1101
860	1102
858	1102
858	1099
859	1099
859	1096
860	1096
860	1094
861	1094
861	1092
862	1092
862	1091
861	1091
861	1090
862	1090
862	1087
863	1087
863	1086
866	1086
866	1081
867	1081
867	1079
868	1079
868	1076
870	1076
870	1075
871	1075
871	1074
872	1074
872	1072
873	1072
873	1071
875	1071
875	1070
876	1070
876	1068
877	1068
877	1067
878	1067
878	1065
879	1065
879	1062
880	1062
880	1061
883	1061
883	1060
884	1060
884	1059
885	1059
885	1058
886	1058
886	1057
890	1057
890	1056
891	1056
891	1047
892	1047
892	1045
893	1045
893	1042
894	1042
894	1041
895	1041
895	1040
896	1040
896	1039
897	1039
897	1038
898	1038
898	1037
899	1037
899	1036
900	1036
900	1035
901	1035
901	1034
902	1034
902	1033
903	1033
903	1021
889	1021
889	1022
887	1022
887	1021
886	1021
886	1020
887	1020
887	1016
888	1016
888	1015
889	1015
889	1014
888	1014
888	1012
890	1012
890	1011
891	1011
891	1005
892	1005
892	1003
893	1003
893	1002
894	1002
894	1001
895	1001
895	998
896	998
896	997
898	997
898	994
900	994
900	992
901	992
901	991
902	991
902	989
903	989
903	988
906	988
906	983
908	983
908	981
909	981
909	979
910	979
910	978
911	978
911	977
912	977
912	976
913	976
913	975
915	975
915	972
916	972
916	970
917	970
917	969
918	969
918	968
920	968
920	967
921	967
921	966
922	966
922	964
923	964
923	963
924	963
924	962
925	962
925	960
927	960
927	958
928	958
928	956
929	956
929	955
932	955
932	954
931	954
931	953
932	953
932	952
933	952
933	951
935	951
935	949
936	949
936	948
938	948
938	937
937	937
937	936
920	936
920	933
921	933
921	928
922	928
922	927
923	927
923	926
927	926
927	924
928	924
928	923
927	923
927	921
928	921
928	920
927	920
927	919
928	919
928	918
931	918
931	914
933	914
933	913
934	913
934	912
935	912
935	911
936	911
936	910
937	910
937	909
942	909
942	907
943	907
943	904
944	904
944	903
945	903
945	902
946	902
946	901
948	901
948	899
949	899
949	897
950	897
950	894
951	894
951	888
950	888
950	887
951	887
951	884
952	884
952	882
953	882
953	881
954	881
954	879
956	879
956	878
957	878
957	876
959	876
959	874
960	874
960	873
961	873
961	872
963	872
963	871
964	871
964	870
965	870
965	869
966	869
966	868
967	868
967	867
968	867
968	866
969	866
969	865
971	865
971	864
972	864
972	852
971	852
971	851
960	851
960	852
959	852
959	853
956	853
956	850
957	850
957	849
958	849
958	847
957	847
957	846
958	846
958	844
959	844
959	843
960	843
960	841
961	841
961	840
962	840
962	838
963	838
963	837
964	837
964	835
965	835
965	834
966	834
966	832
967	832
967	831
968	831
968	830
969	830
969	828
972	828
972	827
973	827
973	826
974	826
974	824
975	824
975	823
976	823
976	822
977	822
977	821
978	821
978	820
979	820
979	818
980	818
980	817
981	817
981	816
982	816
982	814
983	814
983	813
984	813
984	812
985	812
985	810
986	810
986	809
987	809
987	806
988	806
988	804
990	804
990	803
991	803
991	801
992	801
992	800
994	800
994	798
995	798
995	797
996	797
996	796
997	796
997	793
998	793
998	792
999	792
999	791
1001	791
1001	790
1002	790
1002	788
1003	788
1003	787
1004	787
1004	786
1005	786
1005	785
1006	785
1006	783
1008	783
1008	782
1009	782
1009	780
1010	780
1010	779
1011	779
1011	768
1010	768
1010	767
997	767
997	766
996	766
996	765
993	765
993	766
992	766
992	765
991	765
991	766
990	766
990	765
986	765
986	766
985	766
985	770
984	770
984	771
983	771
983	778
982	778
982	779
981	779
981	782
980	782
980	786
979	786
979	788
978	788
978	790
977	790
977	791
976	791
976	793
975	793
975	796
971	796
971	797
970	797
970	799
969	799
969	801
968	801
968	802
965	802
965	801
964	801
964	796
953	796
953	798
952	798
952	800
951	800
951	802
950	802
950	804
949	804
949	805
948	805
948	807
947	807
947	810
946	810
946	813
945	813
945	814
944	814
944	817
943	817
943	820
942	820
942	822
941	822
941	823
940	823
940	824
941	824
941	825
940	825
940	827
939	827
939	829
938	829
938	832
937	832
937	834
936	834
936	840
935	840
935	841
934	841
934	842
933	842
933	848
932	848
932	849
931	849
931	851
930	851
930	852
929	852
929	853
928	853
928	854
926	854
926	857
924	857
924	858
922	858
922	859
921	859
921	860
919	860
919	862
915	862
915	855
914	855
914	853
913	853
913	851
912	851
912	850
903	850
903	851
901	851
901	853
900	853
900	855
899	855
899	858
898	858
898	859
897	859
897	861
896	861
896	863
894	863
894	866
893	866
893	868
894	868
894	869
893	869
893	870
892	870
892	871
891	871
891	874
890	874
890	876
889	876
889	888
885	888
885	889
884	889
884	891
883	891
883	893
882	893
882	896
881	896
881	898
880	898
880	900
879	900
879	902
878	902
878	904
877	904
877	905
876	905
876	906
875	906
875	907
874	907
874	910
873	910
873	909
872	909
872	912
871	912
871	913
870	913
870	914
869	914
869	915
867	915
867	917
866	917
866	918
865	918
865	919
864	919
864	920
863	920
863	921
861	921
861	922
858	922
858	914
857	914
857	912
856	912
856	910
845	910
845	911
844	911
844	916
843	916
843	919
842	919
842	921
841	921
841	924
840	924
840	926
839	926
839	928
837	928
837	932
835	932
835	934
834	934
834	937
833	937
833	940
832	940
832	942
831	942
831	944
830	944
830	946
829	946
829	948
828	948
828	950
827	950
827	953
826	953
826	955
825	955
825	957
824	957
824	958
823	958
823	959
822	959
822	961
821	961
821	963
820	963
820	964
819	964
819	966
816	966
816	967
815	967
815	971
813	971
813	972
812	972
812	973
809	973
809	974
808	974
808	975
807	975
807	976
806	976
806	977
804	977
804	978
802	978
802	970
801	970
801	968
800	968
800	966
788	966
788	969
787	969
787	972
786	972
786	973
785	973
785	975
784	975
784	977
783	977
783	978
782	978
782	979
781	979
781	981
779	981
779	982
778	982
778	985
777	985
777	987
776	987
776	988
775	988
775	989
774	989
774	991
773	991
773	993
772	993
772	994
771	994
771	997
770	997
770	998
769	998
769	999
768	999
768	1001
767	1001
767	1004
766	1004
766	1006
765	1006
765	1007
764	1007
764	1009
763	1009
763	1010
762	1010
762	1011
761	1011
761	1012
760	1012
760	1013
759	1013
759	1014
758	1014
758	1015
757	1015
757	1016
756	1016
756	1018
754	1018
754	1019
753	1019
753	1020
751	1020
751	1021
749	1021
749	1022
748	1022
748	1023
747	1023
747	1024
745	1024
745	1025
742	1025
742	1027
741	1027
741	1028
739	1028
739	1018
738	1018
738	1014
725	1014
725	1017
724	1017
724	1019
723	1019
723	1021
722	1021
722	1023
721	1023
721	1024
720	1024
720	1025
719	1025
719	1028
718	1028
718	1030
717	1030
717	1031
716	1031
716	1032
715	1032
715	1035
714	1035
714	1037
712	1037
712	1040
711	1040
711	1041
709	1041
709	1043
708	1043
708	1045
707	1045
707	1046
706	1046
706	1047
705	1047
705	1048
704	1048
704	1051
702	1051
702	1054
701	1054
701	1056
700	1056
700	1058
699	1058
699	1059
697	1059
697	1060
698	1060
698	1061
697	1061
697	1063
696	1063
696	1064
695	1064
695	1065
693	1065
693	1067
692	1067
692	1068
691	1068
691	1069
689	1069
689	1070
688	1070
688	1071
687	1071
687	1072
685	1072
685	1073
684	1073
684	1074
682	1074
682	1075
680	1075
680	1076
677	1076
677	1077
676	1077
676	1062
674	1062
674	1061
673	1061
673	1060
662	1060
662	1061
661	1061
661	1062
660	1062
660	1066
659	1066
659	1067
658	1067
658	1070
657	1070
657	1071
656	1071
656	1072
655	1072
655	1074
654	1074
654	1075
653	1075
653	1076
652	1076
652	1078
651	1078
651	1080
649	1080
649	1081
648	1081
648	1084
646	1084
646	1085
645	1085
645	1089
644	1089
644	1090
643	1090
643	1089
642	1089
642	1092
641	1092
641	1095
639	1095
639	1096
638	1096
638	1098
637	1098
637	1100
636	1100
636	1102
635	1102
635	1104
634	1104
634	1106
633	1106
633	1107
631	1107
631	1109
630	1109
630	1112
629	1112
629	1113
628	1113
628	1114
627	1114
627	1115
626	1115
626	1116
625	1116
625	1117
623	1117
623	1118
622	1118
622	1119
620	1119
620	1120
619	1120
619	1119
617	1119
617	1120
616	1120
616	1122
615	1122
615	1123
613	1123
613	1124
609	1124
609	1125
608	1125
608	1124
607	1124
607	1110
605	1110
605	1109
594	1109
594	1113
593	1113
593	1115
592	1115
592	1117
591	1117
591	1118
590	1118
590	1120
589	1120
589	1121
587	1121
587	1123
586	1123
586	1125
585	1125
585	1127
584	1127
584	1128
583	1128
583	1129
582	1129
582	1130
581	1130
581	1132
579	1132
579	1134
578	1134
578	1136
577	1136
577	1138
576	1138
576	1139
575	1139
575	1140
574	1140
574	1142
573	1142
573	1144
572	1144
572	1145
571	1145
571	1147
570	1147
570	1148
569	1148
569	1150
568	1150
568	1152
567	1152
567	1153
566	1153
566	1154
564	1154
564	1156
562	1156
562	1157
561	1157
561	1158
558	1158
558	1159
557	1159
557	1161
555	1161
555	1162
554	1162
554	1163
553	1163
553	1164
550	1164
550	1165
547	1165
547	1166
545	1166
545	1156
544	1156
544	1154
543	1154
543	1153
544	1153
544	1152
543	1152
543	1151
542	1151
542	1150
531	1150
531	1151
530	1151
530	1154
529	1154
529	1155
528	1155
528	1157
527	1157
527	1160
526	1160
526	1161
525	1161
525	1163
523	1163
523	1165
522	1165
522	1166
520	1166
520	1169
519	1169
519	1170
518	1170
518	1171
517	1171
517	1172
516	1172
516	1173
513	1173
513	1174
512	1174
512	1175
513	1175
513	1177
512	1177
512	1179
510	1179
510	1181
509	1181
509	1182
508	1182
508	1184
507	1184
507	1185
506	1185
506	1186
505	1186
505	1188
504	1188
504	1189
503	1189
503	1190
502	1190
502	1191
501	1191
501	1192
499	1192
499	1194
498	1194
498	1195
497	1195
497	1197
496	1197
496	1198
494	1198
494	1199
493	1199
493	1200
492	1200
492	1201
491	1201
491	1202
489	1202
489	1203
488	1203
488	1204
486	1204
486	1205
484	1205
484	1206
481	1206
481	1207
480	1207
480	1206
478	1206
478	1194
477	1194
477	1191
466	1191
466	1192
465	1192
465	1193
464	1193
464	1195
462	1195
462	1194
461	1194
461	1199
460	1199
460	1200
459	1200
459	1202
457	1202
457	1204
456	1204
456	1205
455	1205
455	1206
453	1206
453	1207
452	1207
452	1208
451	1208
451	1209
450	1209
450	1210
449	1210
449	1209
447	1209
447	1210
446	1210
446	1214
445	1214
445	1216
444	1216
444	1218
443	1218
443	1219
442	1219
442	1220
441	1220
441	1221
440	1221
440	1222
438	1222
438	1223
437	1223
437	1224
435	1224
435	1225
434	1225
434	1227
433	1227
433	1228
430	1228
430	1229
431	1229
431	1230
430	1230
430	1232
429	1232
429	1233
428	1233
428	1234
427	1234
427	1235
426	1235
426	1236
425	1236
425	1237
423	1237
423	1238
422	1238
422	1239
417	1239
417	1241
416	1241
416	1243
412	1243
412	1244
411	1244
411	1245
408	1245
408	1246
406	1246
406	1247
403	1247
403	1238
391	1238
391	1239
389	1239
389	1240
387	1240
387	1243
386	1243
386	1244
385	1244
385	1245
384	1245
384	1246
383	1246
383	1247
380	1247
380	1249
379	1249
379	1250
378	1250
378	1251
377	1251
377	1252
376	1252
376	1253
374	1253
374	1254
373	1254
373	1255
372	1255
372	1256
371	1256
371	1257
370	1257
370	1258
369	1258
369	1259
368	1259
368	1260
366	1260
366	1261
364	1261
364	1263
363	1263
363	1264
362	1264
362	1265
360	1265
360	1267
359	1267
359	1268
357	1268
357	1269
355	1269
355	1271
354	1271
354	1272
353	1272
353	1274
350	1274
350	1276
349	1276
349	1277
347	1277
347	1278
346	1278
346	1279
345	1279
345	1280
344	1280
344	1281
343	1281
343	1282
342	1282
342	1283
340	1283
340	1284
339	1284
339	1285
337	1285
337	1286
336	1286
336	1287
334	1287
334	1289
333	1289
333	1290
332	1290
332	1291
328	1291
328	1294
326	1294
326	1295
325	1295
325	1297
323	1297
323	1298
322	1298
322	1299
321	1299
321	1300
320	1300
320	1301
319	1301
319	1302
318	1302
318	1303
317	1303
317	1304
315	1304
315	1305
314	1305
314	1306
312	1306
312	1308
311	1308
311	1309
309	1309
309	1311
307	1311
307	1312
306	1312
306	1311
305	1311
305	1313
304	1313
304	1315
302	1315
302	1316
300	1316
300	1318
299	1318
299	1319
296	1319
296	1320
293	1320
293	1321
291	1321
291	1324
289	1324
289	1326
287	1326
287	1328
284	1328
284	1330
283	1330
283	1331
281	1331
281	1332
280	1332
280	1333
279	1333
279	1334
278	1334
278	1335
277	1335
277	1336
276	1336
276	1337
274	1337
274	1338
273	1338
273	1339
272	1339
272	1340
270	1340
270	1341
268	1341
268	1342
267	1342
267	1343
266	1343
266	1344
265	1344
265	1346
264	1346
264	1347
262	1347
262	1348
261	1348
261	1349
260	1349
260	1350
254	1350
254	1354
253	1354
253	1355
251	1355
251	1356
250	1356
250	1357
248	1357
248	1358
247	1358
247	1360
246	1360
246	1361
244	1361
244	1362
242	1362
242	1363
241	1363
241	1365
239	1365
239	1366
238	1366
238	1367
237	1367
237	1368
236	1368
236	1369
235	1369
235	1370
234	1370
234	1371
232	1371
232	1372
231	1372
231	1373
230	1373
230	1374
229	1374
229	1376
228	1376
228	1377
227	1377
227	1378
225	1378
225	1379
224	1379
224	1380
223	1380
223	1381
222	1381
222	1382
221	1382
221	1383
220	1383
220	1384
219	1384
219	1385
217	1385
217	1387
216	1387
216	1388
214	1388
214	1389
213	1389
213	1390
212	1390
212	1391
211	1391
211	1392
209	1392
209	1393
208	1393
208	1394
204	1394
204	1395
203	1395
203	1396
202	1396
202	1398
201	1398
201	1400
200	1400
200	1401
197	1401
197	1402
195	1402
195	1404
194	1404
194	1405
192	1405
192	1406
190	1406
190	1407
189	1407
189	1408
188	1408
188	1409
185	1409
185	1411
184	1411
184	1412
182	1412
182	1413
180	1413
180	1414
179	1414
179	1415
177	1415
177	1416
175	1416
175	1417
173	1417
173	1418
172	1418
172	1419
171	1419
171	1420
169	1420
169	1421
168	1421
168	1422
165	1422
165	1423
164	1423
164	1424
163	1424
163	1425
161	1425
161	1426
160	1426
160	1427
158	1427
158	1428
157	1428
157	1429
154	1429
154	1430
152	1430
152	1431
150	1431
150	1433
149	1433
149	1435
145	1435
145	1436
144	1436
144	1437
142	1437
142	1438
140	1438
140	1439
130	1439
130	1438
131	1438
131	1437
130	1437
130	1436
131	1436
131	1435
132	1435
132	1433
134	1433
134	1431
135	1431
135	1429
136	1429
136	1428
139	1428
139	1427
138	1427
138	1426
140	1426
140	1425
141	1425
141	1423
142	1423
142	1422
144	1422
144	1421
145	1421
145	1419
146	1419
146	1418
147	1418
147	1417
148	1417
148	1415
150	1415
150	1414
151	1414
151	1412
152	1412
152	1411
153	1411
153	1410
154	1410
154	1409
155	1409
155	1408
156	1408
156	1406
157	1406
157	1405
158	1405
158	1404
159	1404
159	1403
160	1403
160	1401
161	1401
161	1400
162	1400
162	1397
164	1397
164	1396
166	1396
166	1395
167	1395
167	1392
168	1392
168	1391
170	1391
170	1390
171	1390
171	1389
173	1389
173	1388
174	1388
174	1384
175	1384
175	1382
178	1382
178	1381
177	1381
177	1380
178	1380
178	1378
180	1378
180	1377
181	1377
181	1376
182	1376
182	1374
183	1374
183	1373
184	1373
184	1372
185	1372
185	1371
187	1371
187	1369
188	1369
188	1367
189	1367
189	1366
190	1366
190	1365
192	1365
192	1364
193	1364
193	1362
195	1362
195	1360
196	1360
196	1359
199	1359
199	1358
198	1358
198	1356
199	1356
199	1355
200	1355
200	1354
201	1354
201	1352
203	1352
203	1351
204	1351
204	1349
206	1349
206	1346
207	1346
207	1345
210	1345
210	1344
211	1344
211	1340
212	1340
212	1339
213	1339
213	1337
215	1337
215	1336
216	1336
216	1332
217	1332
217	1331
219	1331
219	1330
220	1330
220	1329
221	1329
221	1328
222	1328
222	1327
223	1327
223	1323
224	1323
224	1322
226	1322
226	1321
227	1321
227	1320
228	1320
228	1317
229	1317
229	1316
230	1316
230	1315
233	1315
233	1312
234	1312
234	1311
236	1311
236	1308
241	1308
241	1304
242	1304
242	1303
243	1303
243	1302
244	1302
244	1301
245	1301
245	1300
248	1300
248	1296
249	1296
249	1293
251	1293
251	1292
252	1292
252	1291
253	1291
253	1290
254	1290
254	1289
255	1289
255	1287
256	1287
256	1286
257	1286
257	1285
258	1285
258	1283
259	1283
259	1282
260	1282
260	1280
263	1280
263	1276
264	1276
264	1275
265	1275
265	1274
266	1274
266	1272
267	1272
267	1271
269	1271
269	1270
270	1270
270	1267
271	1267
271	1266
272	1266
272	1264
273	1264
273	1261
274	1261
274	1260
276	1260
276	1259
277	1259
277	1258
278	1258
278	1256
279	1256
279	1255
280	1255
280	1253
282	1253
282	1252
283	1252
283	1250
284	1250
284	1249
286	1249
286	1248
287	1248
287	1246
288	1246
288	1245
289	1245
289	1244
290	1244
290	1242
291	1242
291	1240
292	1240
292	1239
293	1239
293	1236
294	1236
294	1235
296	1235
296	1234
297	1234
297	1233
298	1233
298	1231
299	1231
299	1230
300	1230
300	1229
301	1229
301	1228
303	1228
303	1226
304	1226
304	1223
306	1223
306	1222
307	1222
307	1221
308	1221
308	1218
309	1218
309	1217
310	1217
310	1216
311	1216
311	1215
312	1215
312	1213
314	1213
314	1212
315	1212
315	1210
316	1210
316	1209
317	1209
317	1208
318	1208
318	1207
319	1207
319	1206
321	1206
321	1205
322	1205
322	1193
313	1193
313	1190
314	1190
314	1189
315	1189
315	1186
317	1186
317	1185
318	1185
318	1183
319	1183
319	1182
322	1182
322	1178
324	1178
324	1175
325	1175
325	1174
326	1174
326	1173
327	1173
327	1171
328	1171
328	1169
330	1169
330	1167
331	1167
331	1166
333	1166
333	1165
334	1165
334	1163
335	1163
335	1162
336	1162
336	1161
337	1161
337	1160
338	1160
338	1159
339	1159
339	1157
340	1157
340	1156
341	1156
341	1155
342	1155
342	1153
344	1153
344	1152
345	1152
345	1150
348	1150
348	1148
349	1148
349	1147
351	1147
351	1146
352	1146
352	1144
355	1144
355	1143
357	1143
357	1142
358	1142
358	1141
359	1141
359	1129
355	1129
355	1128
352	1128
352	1127
341	1127
341	1125
342	1125
342	1123
344	1123
344	1121
345	1121
345	1119
346	1119
346	1118
348	1118
348	1115
351	1115
351	1114
352	1114
352	1109
355	1109
355	1108
358	1108
358	1107
359	1107
359	1105
361	1105
361	1104
362	1104
362	1103
364	1103
364	1102
366	1102
366	1100
367	1100
367	1098
369	1098
369	1097
370	1097
370	1096
372	1096
372	1095
373	1095
373	1093
375	1093
375	1092
377	1092
377	1091
380	1091
380	1090
381	1090
381	1088
382	1088
382	1087
383	1087
383	1086
388	1086
388	1085
389	1085
389	1083
391	1083
391	1072
390	1072
390	1071
389	1071
389	1070
388	1070
388	1069
385	1069
385	1068
378	1068
378	1067
377	1067
377	1064
379	1064
379	1063
381	1063
381	1059
383	1059
383	1058
384	1058
384	1057
388	1057
388	1056
389	1056
389	1054
390	1054
390	1053
393	1053
393	1052
394	1052
394	1051
395	1051
395	1050
400	1050
400	1049
403	1049
403	1048
404	1048
404	1047
403	1047
403	1046
404	1046
404	1045
405	1045
405	1044
410	1044
410	1043
411	1043
411	1042
413	1042
413	1041
414	1041
414	1039
417	1039
417	1037
418	1037
418	1035
424	1035
424	1034
426	1034
426	1022
425	1022
425	1021
418	1021
418	1018
419	1018
419	1017
420	1017
420	1016
422	1016
422	1013
424	1013
424	1012
428	1012
428	1008
429	1008
429	1007
430	1007
430	1006
431	1006
431	1005
433	1005
433	1001
436	1001
436	1000
437	1000
437	999
440	999
440	998
442	998
442	997
443	997
443	996
444	996
444	995
445	995
445	991
449	991
449	990
452	990
452	987
454	987
454	986
456	986
456	985
457	985
457	984
459	984
459	983
461	983
461	982
462	982
462	981
464	981
464	980
466	980
466	979
469	979
469	978
470	978
470	975
473	975
473	974
476	974
476	973
478	973
478	972
481	972
481	971
482	971
482	970
485	970
485	959
484	959
484	958
483	958
483	956
482	956
482	957
480	957
480	956
479	956
479	955
478	955
478	954
477	954
477	952
475	952
475	951
470	951
470	950
463	950
463	949
462	949
462	947
463	947
463	946
464	946
464	944
465	944
465	943
466	943
466	942
468	942
468	941
470	941
470	939
474	939
474	936
475	936
475	935
476	935
476	933
477	933
477	932
479	932
479	931
484	931
484	928
486	928
486	927
490	927
490	926
491	926
491	924
498	924
498	923
500	923
500	921
505	921
505	920
506	920
506	919
507	919
507	918
512	918
512	917
515	917
515	915
522	915
522	913
523	913
523	903
522	903
522	902
521	902
521	900
516	900
516	899
515	899
515	898
514	898
514	899
513	899
513	898
507	898
507	895
508	895
508	894
510	894
510	893
511	893
511	892
513	892
513	891
514	891
514	888
515	888
515	887
521	887
521	885
524	885
524	884
526	884
526	883
527	883
527	881
528	881
528	880
531	880
531	879
533	879
533	877
534	877
534	875
536	875
536	874
539	874
539	875
540	875
540	874
544	874
544	872
545	872
545	871
546	871
546	869
553	869
553	867
557	867
557	866
559	866
559	864
560	864
560	862
569	862
569	861
571	861
571	860
573	860
573	859
575	859
575	858
577	858
577	857
581	857
581	845
579	845
579	844
578	844
578	843
577	843
577	842
576	842
576	841
575	841
575	840
574	840
574	839
572	839
572	838
567	838
567	837
566	837
566	835
567	835
567	833
568	833
568	832
571	832
571	831
573	831
573	830
576	830
576	829
579	829
579	828
580	828
580	826
581	826
581	825
584	825
584	823
590	823
590	822
592	822
592	821
602	821
602	822
603	822
603	820
604	820
604	819
605	819
605	816
610	816
610	815
612	815
612	814
614	814
614	813
623	813
623	811
624	811
624	810
628	810
628	809
634	809
634	808
639	808
639	806
640	806
640	804
639	804
639	801
640	801
640	800
639	800
639	796
638	796
638	795
637	795
637	794
635	794
635	793
633	793
633	792
629	792
629	791
625	791
625	789
626	789
626	788
627	788
627	787
628	787
628	788
629	788
629	786
632	786
632	783
633	783
633	781
637	781
637	780
638	780
638	778
640	778
640	777
643	777
643	776
645	776
645	775
647	775
647	773
648	773
648	772
653	772
653	771
655	771
655	770
656	770
656	769
661	769
661	768
662	768
662	767
663	767
663	766
664	766
664	765
671	765
671	764
672	764
672	763
675	763
675	762
677	762
677	761
684	761
684	760
685	760
685	759
687	759
687	758
691	758
691	757
692	757
692	756
699	756
699	754
708	754
708	753
710	753
710	743
709	743
709	741
708	741
708	740
707	740
707	739
706	739
706	738
705	738
705	737
703	737
703	736
702	736
702	735
700	735
700	734
699	734
699	733
698	733
698	732
700	732
700	731
702	731
702	729
704	729
704	728
706	728
706	727
708	727
708	725
712	725
712	724
714	724
714	722
718	722
718	721
723	721
723	720
727	720
727	719
729	719
729	717
741	717
741	716
743	716
743	715
744	715
744	714
750	714
750	713
751	713
751	712
754	712
754	711
756	711
756	712
757	712
757	711
758	711
758	710
759	710
759	709
760	709
760	710
767	710
767	709
768	709
768	699
767	699
767	697
766	697
766	696
764	696
764	695
760	695
760	693
761	693
761	692
762	692
762	691
763	691
763	690
764	690
764	689
766	689
766	688
767	688
767	687
772	687
772	686
773	686
773	685
775	685
775	686
776	686
776	683
778	683
778	682
781	682
781	681
788	681
788	680
791	680
791	679
793	679
793	678
801	678
801	677
804	677
804	676
805	676
805	675
806	675
806	674
816	674
816	673
818	673
818	672
820	672
820	671
826	671
826	670
828	670
828	669
832	669
832	668
840	668
840	667
841	667
841	666
842	666
842	665
848	665
848	664
849	664
849	655
848	655
848	653
847	653
847	652
845	652
845	651
843	651
843	650
842	650
842	638
829	638
829	639
824	639
824	640
823	640
823	639
819	639
819	632
818	632
818	631
807	631
807	632
806	632
806	633
804	633
804	634
801	634
801	636
800	636
800	637
797	637
797	638
796	638
796	639
795	639
795	640
793	640
793	641
792	641
792	642
790	642
790	643
789	643
789	644
787	644
787	645
785	645
785	646
784	646
784	647
782	647
782	648
780	648
780	649
778	649
778	651
777	651
777	652
774	652
774	653
773	653
773	654
772	654
772	655
769	655
769	656
764	656
764	658
763	658
763	659
757	659
757	660
752	660
752	661
749	661
749	658
750	658
750	648
749	648
749	647
737	647
737	648
736	648
736	649
734	649
734	650
733	650
733	651
732	651
732	652
730	652
730	653
727	653
727	654
725	654
725	655
722	655
722	656
720	656
720	657
719	657
719	658
718	658
718	659
717	659
717	658
716	658
716	659
715	659
715	660
712	660
712	661
710	661
710	662
708	662
708	663
705	663
705	664
704	664
704	665
701	665
701	666
700	666
700	667
697	667
697	669
694	669
694	670
690	670
690	671
689	671
689	672
686	672
686	673
685	673
685	674
681	674
681	675
678	675
678	676
671	676
671	677
659	677
659	676
657	676
657	664
656	664
656	663
650	663
650	664
649	664
649	663
648	663
648	664
646	664
646	665
645	665
645	667
644	667
644	668
641	668
641	670
638	670
638	671
637	671
637	672
635	672
635	673
632	673
632	674
629	674
629	675
628	675
628	676
625	676
625	677
623	677
623	678
622	678
622	679
619	679
619	680
616	680
616	681
613	681
613	682
611	682
611	683
609	683
609	684
608	684
608	685
603	685
603	686
601	686
601	687
592	687
592	688
581	688
581	685
582	685
582	684
583	684
583	674
582	674
582	673
571	673
571	674
570	674
570	675
569	675
569	676
567	676
567	677
565	677
565	678
562	678
562	679
560	679
560	680
558	680
558	681
554	681
554	682
552	682
552	683
550	683
550	684
545	684
545	685
542	685
542	686
540	686
540	687
539	687
539	688
536	688
536	689
534	689
534	690
532	690
532	691
528	691
528	692
526	692
526	693
520	693
520	695
513	695
513	696
512	696
512	695
499	695
499	684
487	684
487	685
485	685
485	686
483	686
483	687
482	687
482	688
481	688
481	689
478	689
478	690
476	690
476	691
472	691
472	692
469	692
469	693
461	693
461	695
459	695
459	696
456	696
456	697
454	697
454	698
449	698
449	699
448	699
448	700
441	700
441	701
440	701
440	700
432	700
432	701
426	701
426	690
425	690
425	689
415	689
415	690
413	690
413	689
412	689
412	691
409	691
409	692
405	692
405	693
402	693
402	694
397	694
397	695
390	695
390	696
383	696
383	697
380	697
380	698
377	698
377	697
364	697
364	696
363	696
363	692
348	692
348	693
345	693
345	692
344	692
344	693
328	693
328	694
326	694
326	695
317	695
317	696
265	696
265	697
264	697
264	696
233	696
233	695
221	695
221	696
174	696
174	695
162	695
162	694
160	694
160	693
150	693
150	692
141	692
141	691
137	691
137	690
131	690
131	689
128	689
128	688
123	688
123	687
118	687
118	686
116	686
116	685
114	685
114	684
112	684
112	683
110	683
110	681
111	681
111	680
114	680
114	679
115	679
115	678
116	678
116	677
119	677
119	676
124	676
124	675
133	675
133	674
135	674
135	673
143	673
143	672
148	672
148	671
167	671
167	670
168	670
168	669
179	669
179	668
182	668
182	667
183	667
183	668
185	668
185	667
189	667
189	666
198	666
198	665
203	665
203	664
207	664
207	663
222	663
222	662
224	662
224	661
225	661
225	662
228	662
228	661
231	661
231	660
236	660
236	659
237	659
237	657
248	657
248	656
251	656
251	653
259	653
259	652
260	652
260	653
261	653
261	652
262	652
262	651
263	651
263	650
264	650
264	651
268	651
268	650
269	650
269	651
270	651
270	650
271	650
271	649
276	649
276	648
278	648
278	647
285	647
285	646
286	646
286	643
294	643
294	642
298	642
298	641
300	641
300	640
301	640
301	639
303	639
303	640
304	640
304	639
305	639
305	640
306	640
306	639
310	639
310	640
311	640
311	638
312	638
312	636
322	636
322	634
327	634
327	633
331	633
331	632
332	632
332	631
336	631
336	630
338	630
338	629
340	629
340	628
344	628
344	617
346	617
346	616
347	616
347	615
349	615
349	616
351	616
351	615
361	615
361	613
363	613
363	612
367	612
367	610
373	610
373	609
376	609
376	608
378	608
378	606
382	606
382	604
384	604
384	603
386	603
386	602
389	602
389	601
390	601
390	602
393	602
393	601
398	601
398	598
404	598
404	597
406	597
406	598
407	598
407	597
408	597
408	596
410	596
410	595
412	595
412	594
413	594
413	583
412	583
412	582
411	582
411	581
408	581
408	580
405	580
405	579
404	579
404	578
405	578
405	577
406	577
406	576
410	576
410	575
411	575
411	574
413	574
413	573
414	573
414	572
416	572
416	571
418	571
418	570
424	570
424	569
425	569
425	568
427	568
427	567
428	567
428	566
431	566
431	564
432	564
432	563
437	563
437	562
447	562
447	561
448	561
448	562
449	562
449	561
451	561
451	559
455	559
455	558
469	558
469	557
477	557
477	556
478	556
478	545
477	545
477	544
476	544
476	543
475	543
475	541
473	541
473	540
472	540
472	539
471	539
471	538
469	538
469	537
468	537
468	535
470	535
470	534
472	534
472	533
479	533
479	532
492	532
492	530
493	530
493	529
494	529
494	526
509	526
509	525
511	525
511	524
512	524
512	525
513	525
513	524
517	524
517	523
533	523
533	522
534	522
534	512
533	512
533	510
532	510
532	509
531	509
531	508
529	508
529	505
530	505
530	504
532	504
532	503
540	503
540	501
541	501
541	500
555	500
555	499
557	499
557	500
559	500
559	501
577	501
577	500
578	500
578	501
582	501
582	500
590	500
590	501
606	501
606	489
605	489
605	487
604	487
604	485
603	485
603	484
602	484
602	483
601	483
601	482
600	482
600	481
599	481
599	480
598	480
598	479
602	479
602	478
608	478
608	477
614	477
614	476
617	476
617	475
626	475
626	474
632	474
632	475
639	475
639	476
642	476
642	477
651	477
651	478
660	478
660	479
661	479
661	480
673	480
673	468
671	468
671	467
670	467
670	466
669	466
669	462
675	462
675	461
676	461
676	460
678	460
678	461
679	461
679	459
697	459
697	460
712	460
712	461
714	461
714	462
719	462
719	463
725	463
725	464
726	464
726	465
727	465
727	466
740	466
740	465
741	465
741	454
740	454
740	453
739	453
739	451
738	451
738	450
736	450
736	448
737	448
737	447
740	447
740	446
742	446
742	447
755	447
755	446
758	446
758	447
760	447
760	446
761	446
761	447
763	447
763	448
764	448
764	449
774	449
774	451
782	451
782	452
784	452
784	453
789	453
789	455
795	455
795	456
801	456
801	457
812	457
812	456
814	456
814	445
813	445
813	444
811	444
811	443
810	443
810	442
811	442
811	441
816	441
816	440
835	440
835	441
838	441
838	442
840	442
840	443
845	443
845	445
847	445
847	446
851	446
851	447
853	447
853	448
855	448
855	447
857	447
857	448
859	448
859	447
861	447
861	448
864	448
864	449
865	449
865	451
866	451
866	450
867	450
867	451
874	451
874	452
875	452
875	453
887	453
887	450
888	450
888	449
887	449
887	444
888	444
888	443
890	443
890	442
895	442
895	441
908	441
908	442
910	442
910	443
915	443
915	444
918	444
918	445
919	445
919	446
925	446
925	447
927	447
927	448
928	448
928	447
929	447
929	448
931	448
931	449
933	449
933	450
934	450
934	451
937	451
937	452
941	452
941	453
943	453
943	454
945	454
945	455
948	455
948	456
959	456
959	455
960	455
960	454
961	454
961	453
963	453
963	452
964	452
964	453
968	453
968	452
969	452
969	453
974	453
974	454
976	454
976	455
980	455
980	456
981	456
981	457
984	457
984	459
985	459
985	460
986	460
986	459
987	459
987	460
988	460
988	461
992	461
992	463
1008	463
1008	464
1015	464
1015	465
1024	465
1024	466
1039	466
1039	464
1050	464
1050	465
1052	465
1052	466
1056	466
1056	467
1070	467
1070	470
1072	470
1072	469
1073	469
1073	470
1080	470
1080	471
1090	471
1090	470
1093	470
1093	459
1092	459
1092	458
1090	458
1090	457
1087	457
1087	456
1084	456
1084	455
1080	455
1080	454
1075	454
1075	453
1072	453
1072	452
1070	452
1070	451
1067	451
1067	450
1062	450
1062	449
1058	449
1058	448
1056	448
1056	449
1055	449
1055	448
1053	448
1053	447
1051	447
1051	446
1050	446
1050	445
1047	445
1047	444
1046	444
1046	442
1038	442
1038	441
1029	441
1029	440
1024	440
1024	439
1018	439
1018	438
1016	438
1016	437
1011	437
1011	436
1009	436
1009	435
1008	435
1008	434
1005	434
1005	433
1004	433
1004	432
1002	432
1002	431
1001	431
1001	430
1000	430
1000	429
999	429
999	428
998	428
998	423
992	423
992	422
990	422
990	421
987	421
987	420
982	420
982	419
978	419
978	418
974	418
974	417
972	417
972	416
970	416
970	415
964	415
964	414
963	414
963	413
961	413
961	412
957	412
957	411
955	411
955	410
952	410
952	409
949	409
949	408
948	408
948	407
947	407
947	406
946	406
946	405
945	405
945	404
944	404
944	403
943	403
943	393
942	393
942	392
940	392
940	391
936	391
936	390
935	390
935	389
934	389
934	388
929	388
929	387
927	387
927	386
925	386
925	385
923	385
923	384
921	384
921	383
919	383
919	382
917	382
917	381
914	381
914	380
912	380
912	379
910	379
910	378
909	378
909	377
907	377
907	376
906	376
906	375
903	375
903	374
902	374
902	373
901	373
901	372
900	372
900	371
898	371
898	369
897	369
897	368
895	368
895	367
894	367
894	366
892	366
892	364
891	364
891	357
890	357
890	356
887	356
887	355
883	355
883	354
882	354
882	353
877	353
877	352
876	352
876	351
874	351
874	350
872	350
872	349
870	349
870	348
869	348
869	347
868	347
868	346
865	346
865	345
864	345
864	344
862	344
862	343
859	343
859	342
858	342
858	341
857	341
857	340
855	340
855	339
854	339
854	338
852	338
852	337
850	337
850	336
849	336
849	335
848	335
848	334
846	334
846	331
843	331
843	330
841	330
841	329
840	329
840	328
839	328
839	327
838	327
838	325
836	325
836	324
835	324
835	323
834	323
834	322
833	322
833	321
832	321
832	317
831	317
831	316
832	316
832	313
831	313
831	310
832	310
832	308
831	308
831	306
829	306
829	305
827	305
827	304
825	304
825	302
824	302
824	301
821	301
821	300
820	300
820	299
818	299
818	298
816	298
816	297
815	297
815	296
813	296
813	295
812	295
812	294
811	294
811	293
809	293
809	292
807	292
807	291
806	291
806	290
804	290
804	289
803	289
803	288
802	288
802	287
799	287
799	285
798	285
798	284
797	284
797	282
796	282
796	283
795	283
795	281
794	281
794	280
793	280
793	279
789	279
789	278
788	278
788	276
787	276
787	275
785	275
785	273
784	273
784	272
783	272
783	271
782	271
782	270
781	270
781	267
780	267
780	257
779	257
779	256
777	256
777	254
776	254
776	253
773	253
773	252
774	252
774	251
772	251
772	250
770	250
770	249
768	249
768	248
767	248
767	246
766	246
766	245
765	245
765	243
763	243
763	242
762	242
762	241
761	241
761	240
760	240
760	238
759	238
759	237
758	237
758	235
757	235
757	234
756	234
756	233
755	233
755	231
754	231
754	230
752	230
752	229
751	229
751	227
750	227
750	226
749	226
749	225
748	225
748	224
747	224
747	223
746	223
746	222
745	222
745	221
744	221
744	220
743	220
743	218
742	218
742	217
741	217
741	216
739	216
739	215
738	215
738	214
737	214
737	213
736	213
736	212
735	212
735	211
734	211
734	210
733	210
733	209
732	209
732	207
731	207
731	206
730	206
730	205
728	205
728	203
727	203
727	202
726	202
726	201
725	201
725	200
724	200
724	199
723	199
723	198
722	198
722	197
721	197
721	196
720	196
720	195
719	195
719	194
718	194
718	192
717	192
717	191
716	191
716	190
715	190
715	188
714	188
714	187
712	187
712	186
711	186
711	184
710	184
710	182
708	182
708	181
707	181
707	180
706	180
706	176
704	176
704	175
702	175
702	174
701	174
701	173
699	173
699	171
698	171
698	169
696	169
696	168
694	168
694	167
693	167
693	166
692	166
692	165
691	165
691	162
690	162
690	161
685	161
685	160
684	160
684	159
683	159
683	158
682	158
682	157
680	157
680	156
679	156
679	154
678	154
678	153
677	153
677	152
675	152
675	151
674	151
674	150
673	150
673	149
672	149
672	148
671	148
671	147
670	147
670	146
669	146
669	145
667	145
667	144
666	144
666	142
665	142
665	141
664	141
664	140
663	140
663	139
662	139
662	138
661	138
661	137
660	137
660	136
659	136
659	135
658	135
658	134
657	134
657	133
656	133
656	131
654	131
654	129
652	129
652	128
651	128
651	127
650	127
650	126
649	126
649	125
648	125
648	124
647	124
647	123
644	123
644	121
643	121
643	120
640	120
640	118
639	118
639	117
636	117
636	116
633	116
633	113
632	113
632	109
631	109
631	108
628	108
628	107
627	107
627	106
628	106
628	105
637	105
637	106
643	106
643	107
644	107
644	108
646	108
646	109
649	109
649	110
651	110
651	111
656	111
656	112
657	112
657	113
658	113
658	115
660	115
660	118
662	118
662	119
667	119
667	120
668	120
668	123
674	123
674	124
675	124
675	125
676	125
676	126
678	126
678	127
681	127
681	128
682	128
682	129
683	129
683	130
685	130
685	131
690	131
690	133
691	133
691	134
693	134
693	135
696	135
696	136
699	136
699	139
700	139
700	140
701	140
701	141
704	141
704	142
705	142
705	144
706	144
706	145
708	145
708	146
711	146
711	147
712	147
712	148
719	148
719	151
721	151
721	152
725	152
725	153
726	153
726	155
727	155
727	156
731	156
731	157
733	157
733	158
734	158
734	159
737	159
737	160
738	160
738	161
739	161
739	163
741	163
741	164
745	164
745	166
746	166
746	167
748	167
748	168
749	168
749	170
751	170
751	171
752	171
752	173
753	173
753	172
754	172
754	173
755	173
755	174
758	174
758	175
759	175
759	176
760	176
760	177
761	177
761	178
762	178
762	179
763	179
763	180
764	180
764	181
768	181
768	182
769	182
769	183
771	183
771	185
776	185
776	186
777	186
777	188
778	188
778	189
780	189
780	190
781	190
781	191
783	191
783	192
784	192
784	193
787	193
787	194
788	194
788	196
793	196
793	199
794	199
794	200
800	200
800	202
801	202
801	204
807	204
807	205
808	205
808	207
812	207
812	208
815	208
815	211
817	211
817	212
820	212
820	213
822	213
822	215
823	215
823	216
824	216
824	217
826	217
826	218
828	218
828	219
829	219
829	220
830	220
830	221
841	221
841	220
844	220
844	221
845	221
845	223
847	223
847	224
850	224
850	226
855	226
855	228
857	228
857	229
858	229
858	230
860	230
860	233
864	233
864	234
867	234
867	238
868	238
868	237
871	237
871	238
872	238
872	239
873	239
873	241
874	241
874	242
875	242
875	243
878	243
878	245
881	245
881	246
884	246
884	247
885	247
885	249
889	249
889	251
892	251
892	252
893	252
893	254
896	254
896	256
897	256
897	259
903	259
903	260
904	260
904	261
905	261
905	263
908	263
908	264
909	264
909	265
910	265
910	267
912	267
912	268
913	268
913	269
914	269
914	270
915	270
915	271
926	271
926	270
927	270
927	268
928	268
928	259
932	259
932	260
933	260
933	262
934	262
934	263
937	263
937	264
939	264
939	265
940	265
940	266
941	266
941	268
944	268
944	269
945	269
945	270
947	270
947	271
948	271
948	274
949	274
949	276
950	276
950	275
951	275
951	277
952	277
952	278
953	278
953	279
954	279
954	281
956	281
956	283
958	283
958	284
959	284
959	286
961	286
961	287
962	287
962	288
963	288
963	290
965	290
965	291
966	291
966	293
967	293
967	295
969	295
969	296
970	296
970	297
971	297
971	298
972	298
972	299
974	299
974	300
975	300
975	301
976	301
976	303
977	303
977	304
978	304
978	305
979	305
979	307
981	307
981	308
982	308
982	309
983	309
983	310
984	310
984	311
985	311
985	313
986	313
986	314
987	314
987	315
988	315
988	317
989	317
989	318
991	318
991	319
992	319
992	322
993	322
993	325
1005	325
1005	323
1006	323
1006	320
1007	320
1007	316
1009	316
1009	318
1013	318
1013	319
1015	319
1015	320
1016	320
1016	322
1018	322
1018	325
1021	325
1021	326
1022	326
1022	329
1024	329
1024	330
1025	330
1025	331
1026	331
1026	333
1027	333
1027	336
1029	336
1029	339
1030	339
1030	340
1031	340
1031	341
1032	341
1032	342
1033	342
1033	344
1034	344
1034	345
1035	345
1035	347
1036	347
1036	349
1038	349
1038	350
1039	350
1039	352
1040	352
1040	355
1043	355
1043	357
1044	357
1044	359
1045	359
1045	360
1046	360
1046	361
1047	361
1047	362
1048	362
1048	363
1049	363
1049	364
1050	364
1050	366
1051	366
1051	367
1052	367
1052	369
1053	369
1053	370
1054	370
1054	371
1056	371
1056	373
1057	373
1057	374
1059	374
1059	375
1062	375
1062	374
1063	374
1063	375
1065	375
1065	374
1066	374
1066	375
1069	375
1069	374
1070	374
1070	375
1073	375
1073	377
1074	377
1074	378
1075	378
1075	379
1076	379
1076	381
1078	381
1078	384
1079	384
1079	402
1080	402
1080	404
1081	404
1081	405
1080	405
1080	406
1083	406
1083	407
1085	407
1085	408
1086	408
1086	409
1087	409
1087	410
1088	410
1088	411
1089	411
1089	415
1090	415
1090	414
1092	414
1092	415
1093	415
1093	416
1094	416
1094	417
1095	417
1095	418
1096	418
1096	419
1099	419
1099	421
1100	421
1100	422
1101	422
1101	423
1103	423
1103	425
1105	425
1105	426
1106	426
1106	427
1107	427
1107	429
1109	429
1109	430
1110	430
1110	433
1111	433
1111	434
1113	434
1113	435
1114	435
1114	436
1117	436
1117	437
1118	437
1118	439
1119	439
1119	440
1121	440
1121	441
1125	441
1125	444
1126	444
1126	445
1127	445
1127	446
1128	446
1128	447
1129	447
1129	448
1131	448
1131	449
1133	449
1133	450
1134	450
1134	451
1135	451
1135	452
1136	452
1136	453
1138	453
1138	455
1141	455
1141	456
1143	456
1143	457
1144	457
1144	458
1145	458
1145	460
1146	460
1146	461
1147	461
1147	463
1148	463
1148	465
1149	465
1149	466
1152	466
1152	467
1167	467
1167	466
1170	466
1170	465
1171	465
1171	463
1184	463
1184	462
1188	462
1188	461
1192	461
1192	460
1194	460
1194	459
1198	459
1198	458
1200	458
1200	457
1202	457
1202	456
1207	456
1207	455
1228	455
1228	454
1229	454
1229	453
1231	453
1231	451
1234	451
1234	450
1237	450
1237	448
1239	448
1239	447
1242	447
1242	442
1245	442
1245	440
1246	440
1246	439
1245	439
1245	438
1246	438
1246	437
1247	437
1247	436
1249	436
1249	435
1250	435
1250	434
1252	434
1252	433
1254	433
1254	432
1255	432
1255	431
1257	431
1257	430
1259	430
1259	429
1260	429
1260	428
1261	428
1261	427
1263	427
1263	426
1264	426
1264	425
1266	425
1266	424
1267	424
1267	423
1268	423
1268	422
1270	422
1270	421
1272	421
1272	420
1273	420
1273	419
1276	419
1276	417
1278	417
1278	416
1279	416
1279	415
1280	415
1280	414
1283	414
1283	413
1284	413
1284	412
1285	412
1285	411
1286	411
1286	410
1288	410
1288	409
1290	409
1290	407
1293	407
1293	406
1294	406
1294	405
1295	405
1295	404
1296	404
1296	403
1298	403
1298	402
1299	402
1299	401
1300	401
1300	400
1302	400
1302	399
1304	399
1304	397
1305	397
1305	396
1306	396
1306	395
1307	395
1307	394
1308	394
1308	393
1309	393
1309	392
1310	392
1310	391
1312	391
1312	390
1313	390
1313	389
1314	389
1314	387
1315	387
1315	386
1316	386
1316	385
1317	385
1317	384
1318	384
1318	383
1319	383
1319	381
1320	381
1320	379
1323	379
1323	378
1324	378
1324	377
1327	377
1327	374
1329	374
1329	375
1330	375
1330	376
1331	376
1331	379
1344	379
1344	377
1345	377
1345	376
1346	376
1346	375
1347	375
1347	374
1348	374
1348	373
1349	373
1349	372
1352	372
1352	370
1353	370
1353	369
1354	369
1354	368
1356	368
1356	367
1357	367
1357	365
1358	365
1358	364
1359	364
1359	363
1361	363
1361	362
1364	362
1364	361
1365	361
1365	359
1367	359
1367	357
1368	357
1368	356
1369	356
1369	355
1371	355
1371	354
1372	354
1372	353
1374	353
1374	352
1375	352
1375	351
1376	351
1376	350
1377	350
1377	349
1379	349
1379	348
1380	348
1380	347
1381	347
1381	345
1382	345
1382	344
1383	344
1383	343
1384	343
1384	342
1386	342
1386	341
1387	341
1387	339
1388	339
1388	338
1390	338
1390	336
1391	336
1391	335
1393	335
1393	334
1395	334
1395	333
1398	333
1398	332
1400	332
1400	331
1405	331
1405	330
1406	330
1406	329
1409	329
1409	328
1411	328
1411	334
1412	334
1412	337
1413	337
1413	338
1415	338
1415	337
1416	337
1416	338
1424	338
1424	337
1425	337
1425	336
1426	336
1426	335
1429	335
1429	333
1430	333
1430	332
1431	332
1431	331
1433	331
1433	330
1434	330
1434	329
1437	329
1437	328
1438	328
1438	325
1442	325
1442	324
1444	324
1444	323
1446	323
1446	322
1448	322
1448	320
1449	320
1449	319
1451	319
1451	318
1455	318
1455	317
1456	317
1456	316
1457	316
1457	315
1458	315
1458	314
1460	314
1460	313
1461	313
1461	312
1463	312
1463	311
1464	311
1464	310
1465	310
1465	309
1466	309
1466	308
1467	308
1467	307
1469	307
1469	306
1473	306
1473	305
1474	305
1474	304
1475	304
1475	302
1478	302
1478	301
1480	301
1480	300
1481	300
1481	299
1482	299
1482	298
1485	298
1485	297
1486	297
1486	296
1487	296
1487	295
1489	295
1489	292
1492	292
1492	291
1493	291
1493	289
1496	289
1496	288
1497	288
1497	285
1500	285
1500	284
1501	284
1501	282
1502	282
1502	280
1504	280
1504	279
1505	279
1505	278
1507	278
1507	277
1509	277
1509	276
1510	276
1510	275
1511	275
1511	272
1512	272
1512	271
1514	271
1514	270
1516	270
1516	269
1518	269
1518	268
1519	268
1519	265
1523	265
1523	264
1524	264
1524	262
1525	262
1525	261
1526	261
1526	260
1528	260
1528	259
1529	259
1529	257
1530	257
1530	255
1532	255
1532	256
1533	256
1533	254
1534	254
1534	253
1535	253
1535	251
1536	251
1536	250
1537	250
1537	249
1538	249
1538	248
1539	248
1539	247
1541	247
1541	246
1543	246
1543	245
1544	245
1544	244
1546	244
1546	242
1547	242
1547	239
1548	239
1548	238
1549	238
1549	237
1552	237
1552	235
1553	235
1553	233
1554	233
1554	232
1555	232
1555	231
1556	231
1556	230
1557	230
1557	229
1559	229
1559	227
1560	227
1560	226
1561	226
1561	224
1563	224
1563	222
1564	222
1564	219
1566	219
1566	218
1567	218
1567	217
1568	217
1568	214
1572	214
1572	211
1574	211
1574	208
1575	208
1575	207
1577	207
1577	205
1578	205
1578	202
1580	202
1580	200
1585	200
1585	196
1586	196
1586	195
1587	195
1587	193
1588	193
1588	191
1589	191
1589	190
1590	190
1590	189
1591	189
1591	186
1592	186
1592	185
1594	185
1594	184
1595	184
1595	183
1596	183
1596	181
1597	181
1597	180
1598	180
1598	179
1601	179
1601	178
1602	178
1602	177
1603	177
1603	176
1604	176
1604	174
1605	174
1605	173
1607	173
1607	172
1606	172
1606	171
1607	171
1607	170
1608	170
1608	168
1609	168
1609	167
1611	167
1611	166
1612	166
1612	165
1613	165
1613	164
1615	164
1615	162
1616	162
1616	160
1617	160
1617	159
1618	159
1618	156
1619	156
1619	155
1622	155
1622	150
1623	150
1623	149
1626	149
1626	148
1629	148
1629	145
1630	145
1630	144
1631	144
1631	143
1633	143
1633	141
1635	141
1635	140
1636	140
1636	139
1637	139
1637	138
1639	138
1639	137
1641	137
1641	136
1642	136
1642	135
1643	135
1643	134
1644	134
1644	133
1646	133
1646	132
1647	132
1647	131
1648	131
1648	130
1649	130
1649	133
1648	133
1648	134
1649	134
1649	135
1648	135
1648	136
1647	136
1647	137
1648	137
1648	138
1647	138
1647	139
1646	139
1646	143
1645	143
1645	146
1644	146
1644	147
1642	147
1642	148
1643	148
1643	149
1642	149
1642	153
1641	153
1641	154
1640	154
1640	157
1639	157
1639	158
1638	158
1638	159
1637	159
1637	161
1635	161
1635	166
1634	166
1634	167
1633	167
1633	169
1632	169
1632	171
1631	171
1631	172
1630	172
1630	174
1629	174
1629	176
1627	176
1627	178
1626	178
1626	181
1625	181
1625	182
1624	182
1624	185
1622	185
1622	186
1623	186
1623	187
1621	187
1621	189
1620	189
1620	192
1619	192
1619	193
1618	193
1618	197
1616	197
1616	199
1615	199
1615	201
1614	201
1614	204
1613	204
1613	206
1612	206
1612	208
1611	208
1611	210
1610	210
1610	212
1609	212
1609	215
1608	215
1608	217
1607	217
1607	219
1606	219
1606	220
1605	220
1605	221
1604	221
1604	224
1603	224
1603	227
1602	227
1602	228
1601	228
1601	230
1600	230
1600	232
1599	232
1599	233
1600	233
1600	234
1598	234
1598	240
1596	240
1596	242
1595	242
1595	243
1594	243
1594	246
1593	246
1593	248
1592	248
1592	250
1591	250
1591	252
1590	252
1590	253
1589	253
1589	254
1588	254
1588	257
1586	257
1586	260
1585	260
1585	261
1584	261
1584	262
1583	262
1583	265
1582	265
1582	267
1581	267
1581	268
1579	268
1579	270
1578	270
1578	272
1576	272
1576	274
1575	274
1575	276
1574	276
1574	277
1572	277
1572	278
1573	278
1573	279
1572	279
1572	280
1571	280
1571	283
1570	283
1570	284
1569	284
1569	287
1568	287
1568	288
1566	288
1566	290
1565	290
1565	291
1564	291
1564	294
1562	294
1562	295
1561	295
1561	297
1560	297
1560	298
1559	298
1559	300
1558	300
1558	306
1559	306
1559	307
1558	307
1558	308
1559	308
1559	309
1558	309
1558	310
1557	310
1557	312
1556	312
1556	313
1554	313
1554	314
1553	314
1553	317
1552	317
1552	318
1550	318
1550	319
1549	319
1549	321
1548	321
1548	323
1547	323
1547	324
1546	324
1546	325
1545	325
1545	326
1544	326
1544	327
1543	327
1543	328
1542	328
1542	329
1541	329
1541	330
1540	330
1540	332
1539	332
1539	334
1538	334
1538	335
1537	335
1537	337
1536	337
1536	338
1533	338
1533	339
1532	339
1532	342
1531	342
1531	345
1529	345
1529	346
1528	346
1528	347
1527	347
1527	349
1525	349
1525	351
1524	351
1524	352
1523	352
1523	353
1522	353
1522	354
1521	354
1521	355
1519	355
1519	357
1518	357
1518	358
1517	358
1517	359
1516	359
1516	360
1515	360
1515	361
1513	361
1513	362
1512	362
1512	363
1511	363
1511	365
1509	365
1509	366
1508	366
1508	367
1507	367
1507	368
1503	368
1503	369
1502	369
1502	384
1501	384
1501	385
1500	385
1500	387
1499	387
1499	388
1498	388
1498	389
1497	389
1497	390
1496	390
1496	391
1495	391
1495	392
1494	392
1494	393
1492	393
1492	394
1491	394
1491	395
1490	395
1490	396
1489	396
1489	397
1486	397
1486	398
1485	398
1485	399
1484	399
1484	400
1482	400
1482	401
1480	401
1480	402
1479	402
1479	403
1477	403
1477	404
1476	404
1476	405
1473	405
1473	406
1472	406
1472	407
1470	407
1470	408
1468	408
1468	410
1465	410
1465	411
1463	411
1463	412
1458	412
1458	415
1457	415
1457	416
1454	416
1454	417
1450	417
1450	419
1445	419
1445	420
1443	420
1443	421
1442	421
1442	422
1440	422
1440	423
1436	423
1436	424
1434	424
1434	425
1431	425
1431	426
1429	426
1429	427
1425	427
1425	428
1424	428
1424	439
1427	439
1427	440
1428	440
1428	444
1427	444
1427	445
1425	445
1425	446
1424	446
1424	447
1423	447
1423	448
1421	448
1421	449
1419	449
1419	450
1418	450
1418	449
1417	449
1417	450
1416	450
1416	451
1413	451
1413	452
1410	452
1410	453
1409	453
1409	452
1408	452
1408	453
1405	453
1405	454
1401	454
1401	455
1398	455
1398	456
1392	456
1392	457
1390	457
1390	458
1386	458
1386	459
1380	459
1380	464
1378	464
1378	463
1377	463
1377	464
1369	464
1369	467
1368	467
1368	468
1367	468
1367	469
1366	469
1366	470
1365	470
1365	471
1361	471
1361	472
1360	472
1360	473
1355	473
1355	474
1353	474
1353	475
1346	475
1346	476
1339	476
1339	477
1333	477
1333	478
1322	478
1322	479
1307	479
1307	480
1306	480
1306	482
1303	482
1303	483
1302	483
1302	484
1299	484
1299	485
1297	485
1297	484
1296	484
1296	485
1295	485
1295	486
1282	486
1282	485
1255	485
1255	484
1245	484
1245	485
1244	485
1244	486
1212	486
1212	497
1213	497
1213	498
1215	498
1215	499
1217	499
1217	500
1221	500
1221	501
1222	501
1222	502
1223	502
1223	503
1231	503
1231	504
1232	504
1232	505
1236	505
1236	506
1239	506
1239	507
1248	507
1248	508
1250	508
1250	510
1251	510
1251	513
1254	513
1254	514
1267	514
1267	515
1270	515
1270	516
1273	516
1273	517
1276	517
1276	518
1281	518
1281	519
1284	519
1284	520
1288	520
1288	521
1292	521
1292	522
1296	522
1296	523
1301	523
1301	524
1302	524
1302	525
1315	525
1315	526
1319	526
1319	527
1324	527
1324	528
1325	528
1325	529
1329	529
1329	530
1332	530
1332	531
1333	531
1333	532
1335	532
1335	534
1336	534
1336	535
1335	535
1335	536
1336	536
1336	541
1339	541
1339	542
1342	542
1342	541
1343	541
1343	542
1348	542
1348	543
1351	543
1351	542
1352	542
1352	543
1363	543
1363	544
1365	544
1365	545
1376	545
1376	546
1377	546
1377	547
1403	547
1403	548
1406	548
1406	549
1408	549
1408	550
1410	550
1410	549
1412	549
1412	550
1413	550
1413	551
1417	551
1417	552
1418	552
1418	554
1417	554
1417	555
1415	555
1415	556
1414	556
1414	557
1413	557
1413	568
1414	568
1414	569
1429	569
1429	570
1435	570
1435	571
1441	571
1441	572
1443	572
1443	573
1461	573
1461	574
1462	574
1462	573
1465	573
1465	574
1467	574
1467	575
1473	575
1473	576
1475	576
1475	577
1480	577
1480	578
1481	578
1481	579
1486	579
1486	580
1489	580
1489	581
1491	581
1491	584
1490	584
1490	585
1488	585
1488	586
1487	586
1487	588
1486	588
1486	589
1484	589
1484	590
1483	590
1483	600
1484	600
1484	601
1487	601
1487	602
1488	602
1488	603
1498	603
1498	604
1502	604
1502	605
1510	605
1510	606
1514	606
1514	607
1518	607
1518	608
1522	608
1522	607
1523	607
1523	608
1524	608
1524	610
1532	610
1532	611
1537	611
1537	612
1538	612
1538	611
1540	611
1540	612
1542	612
1542	614
1547	614
1547	615
1550	615
1550	616
1552	616
1552	617
1554	617
1554	618
1555	618
1555	619
1557	619
1557	620
1558	620
1558	622
1559	622
1559	623
1560	623
1560	624
1558	624
1558	625
1555	625
1555	626
1554	626
1554	627
1553	627
1553	630
1550	630
1550	632
1549	632
1549	633
1548	633
1548	643
1549	643
1549	644
1553	644
1553	645
1561	645
1561	646
1566	646
1566	647
1574	647
1574	648
1576	648
1576	650
1588	650
1588	651
1589	651
1589	652
1590	652
1590	653
1591	653
1591	654
1594	654
1594	655
1599	655
1599	656
1602	656
1602	657
1605	657
1605	658
1610	658
1610	660
1613	660
1613	662
1616	662
1616	663
1618	663
1618	664
1619	664
1619	663
1620	663
1620	664
1621	664
1621	665
1623	665
1623	666
1624	666
1624	667
1626	667
1626	669
1628	669
1628	673
1625	673
1625	674
1622	674
1622	675
1621	675
1621	676
1620	676
1620	677
1619	677
1619	678
1618	678
1618	684
1617	684
1617	687
1618	687
1618	689
1617	689
1617	690
1624	690
1624	691
1629	691
1629	692
1634	692
1634	693
1635	693
1635	694
1639	694
1639	695
1643	695
1643	696
1650	696
1650	699
1653	699
1653	700
1654	700
1654	699
1659	699
1659	700
1663	700
1663	701
1665	701
1665	702
1668	702
1668	704
1670	704
1670	705
1674	705
1674	706
1677	706
1677	707
1684	707
1684	708
1685	708
1685	710
1687	710
1687	711
1688	711
1688	712
1689	712
1689	713
1692	713
1692	714
1693	714
1693	716
1695	716
1695	717
1696	717
1696	719
1697	719
1697	720
1698	720
1698	721
1699	721
1699	722
1700	722
1700	723
1701	723
1701	726
1693	726
1693	727
1691	727
1691	728
1689	728
1689	729
1687	729
1687	731
1685	731
1685	732
1684	732
1684	733
1683	733
1683	734
1682	734
1682	746
1689	746
1689	747
1691	747
1691	746
1692	746
1692	747
1693	747
1693	748
1695	748
1695	749
1700	749
1700	750
1701	750
1701	753
1704	753
1704	754
1706	754
1706	755
1707	755
1707	762
1708	762
1708	763
1709	763
1709	764
1711	764
1711	765
1721	765
1721	766
1722	766
1722	768
1727	768
1727	770
1728	770
1728	773
1729	773
1729	774
1736	774
1736	775
1738	775
1738	776
1739	776
1739	777
1742	777
1742	779
1744	779
1744	780
1749	780
1749	781
1757	781
1757	782
1758	782
1758	784
1760	784
1760	786
1766	786
1766	787
1768	787
1768	793
1769	793
1769	794
1773	794
1773	795
1775	795
1775	800
1774	800
1774	801
1772	801
1772	800
1770	800
1770	801
1767	801
1767	802
1766	802
1766	803
1764	803
1764	804
1761	804
1761	805
1760	805
1760	817
1761	817
1761	818
1764	818
1764	819
1768	819
1768	820
1770	820
1770	822
1771	822
1771	823
1774	823
1774	825
1775	825
1775	826
1781	826
1781	828
1784	828
1784	830
1785	830
1785	831
1787	831
1787	832
1789	832
1789	833
1790	833
1790	834
1791	834
1791	835
1792	835
1792	836
1794	836
1794	837
1797	837
1797	838
1798	838
1798	839
1799	839
1799	840
1803	840
1803	841
1804	841
1804	842
1805	842
1805	843
1810	843
1810	842
1811	842
1811	843
1812	843
1812	845
1814	845
1814	846
1817	846
1817	847
1819	847
1819	850
1820	850
1820	851
1823	851
1823	853
1824	853
1824	854
1826	854
1826	855
1827	855
1827	856
1828	856
1828	857
1832	857
1832	858
1833	858
1833	859
1834	859
1834	861
1837	861
1837	862
1838	862
1838	863
1839	863
1839	864
1838	864
1838	865
1835	865
1835	866
1833	866
1833	865
1832	865
1832	866
1831	866
1831	867
1830	867
1830	877
1831	877
1831	878
1834	878
1834	879
1835	879
1835	880
1838	880
1838	881
1839	881
1839	883
1842	883
1842	884
1845	884
1845	885
1849	885
1849	886
1851	886
1851	887
1852	887
1852	888
1854	888
1854	889
1860	889
1860	894
1861	894
1861	893
1864	893
1864	894
1866	894
1866	895
1867	895
1867	896
1873	896
1873	897
1874	897
1874	898
1875	898
1875	899
1878	899
1878	900
1879	900
1879	901
1881	901
1881	902
1882	902
1882	904
1881	904
1881	905
1878	905
1878	906
1877	906
1877	907
1875	907
1875	919
1877	919
1877	920
1880	920
1880	921
1881	921
1881	922
1882	922
1882	923
1883	923
1883	924
1886	924
1886	926
1887	926
1887	927
1888	927
1888	926
1889	926
1889	927
1891	927
1891	928
1893	928
1893	929
1894	929
1894	931
1900	931
1900	934
1901	934
1901	935
1904	935
1904	936
1905	936
1905	937
1907	937
1907	938
1908	938
1908	940
1912	940
1912	942
1911	942
1911	943
1913	943
1913	944
1914	944
1914	945
1916	945
1916	946
1920	946
1920	945
1922	945
1922	946
1923	946
1923	947
1924	947
1924	948
1926	948
1926	949
1932	949
1932	950
1934	950
1934	952
1937	952
1937	954
1938	954
1938	955
1941	955
1941	956
1943	956
1943	958
1945	958
1945	960
1948	960
1948	961
1949	961
1949	963
1950	963
1950	964
1951	964
1951	965
1953	965
1953	967
1954	967
1954	968
1956	968
1956	969
1958	969
1958	970
1964	970
1964	971
1966	971
1966	973
1968	973
1968	974
1970	974
1970	975
1973	975
1973	976
1974	976
1974	977
1980	977
1980	980
1981	980
1981	981
1984	981
1984	982
1985	982
1985	983
1989	983
1989	984
1990	984
1990	985
1993	985
1993	987
1999	987
1999	988
2000	988
2000	989
2005	989
2005	990
2007	990
2007	991
2011	991
2011	994
2018	994
2018	995
2019	995
2019	997
2022	997
2022	998
2023	998
2023	999
2026	999
2026	1000
2035	1000
2035	1002
2036	1002
2036	1003
2039	1003
2039	1004
2043	1004
2043	1005
2046	1005
2046	1006
2047	1006
2047	1007
2048	1007
2048	1008
2050	1008
2050	1009
2053	1009
2053	1010
2056	1010
2056	1012
2061	1012
2061	1013
2062	1013
2062	1012
2064	1012
2064	1013
2071	1013
2071	1014
2072	1014
2072	1015
2083	1015
2083	1016
2086	1016
2086	1017
2087	1017
2087	1018
2090	1018
2090	1017
2092	1017
2092	1018
2093	1018
2093	1019
2095	1019
2095	1020
2100	1020
2100	1021
2101	1021
2101	1022
2107	1022
2107	1023
2110	1023
2110	1024
2112	1024
2112	1025
2122	1025
2122	1026
2130	1026
2130	1027
2134	1027
2134	1028
2136	1028
2136	1029
2137	1029
2137	1032
2135	1032
2135	1033
2133	1033
2133	1034
2132	1034
2132	1035
2130	1035
2130	1036
2128	1036
2128	1037
2120	1037
2120	1038
2104	1038
2104	1039
2097	1039
2097	1040
2091	1040
2091	1041
2072	1041
2072	1040
2054	1040
2054	1039
2043	1039
2043	1038
2037	1038
2037	1037
2032	1037
2032	1036
2012	1036
2012	1035
2009	1035
2009	1034
2006	1034
2006	1033
2002	1033
2002	1032
1998	1032
1998	1031
1994	1031
1994	1030
1993	1030
1993	1031
1992	1031
1992	1030
1979	1030
1979	1029
1970	1029
1970	1028
1968	1028
1968	1027
1962	1027
1962	1026
1961	1026
1961	1025
1954	1025
1954	1024
1950	1024
1950	1023
1946	1023
1946	1022
1935	1022
1935	1021
1930	1021
1930	1020
1924	1020
1924	1019
1922	1019
1922	1018
1921	1018
1921	1019
1920	1019
1920	1018
1918	1018
1918	1017
1917	1017
1917	1016
1916	1016
1916	1015
1903	1015
1903	1016
1902	1016
1902	1018
1901	1018
1901	1020
1896	1020
1896	1019
1895	1019
1895	1018
1891	1018
1891	1017
1889	1017
1889	1018
1886	1018
1886	1017
1884	1017
1884	1016
1880	1016
1880	1015
1878	1015
1878	1014
1876	1014
1876	1013
1873	1013
1873	1012
1871	1012
1871	1011
1866	1011
1866	1010
1864	1010
1864	1008
1862	1008
1862	1007
1861	1007
1861	1006
1858	1006
1858	1005
1855	1005
1855	1004
1854	1004
1854	1003
1847	1003
1847	1001
1846	1001
1846	1000
1836	1000
1836	1001
1835	1001
1835	1002
1834	1002
1834	1003
1835	1003
1835	1007
1834	1007
1834	1008
1835	1008
1835	1009
1834	1009
1834	1010
1833	1010
1833	1011
1829	1011
1829	1010
1824	1010
1824	1009
1820	1009
1820	1008
1818	1008
1818	1007
1816	1007
1816	1006
1813	1006
1813	1005
1811	1005
1811	1003
1807	1003
1807	1002
1806	1002
1806	1001
1803	1001
1803	1000
1801	1000
1801	999
1798	999
1798	998
1796	998
1796	997
1795	997
1795	996
1793	996
1793	995
1791	995
1791	994
1789	994
1789	993
1787	993
1787	992
1786	992
1786	991
1784	991
1784	989
1783	989
1783	988
1779	988
1779	987
1777	987
1777	986
1776	986
1776	985
1775	985
1775	984
1774	984
1774	983
1772	983
1772	982
1771	982
1771	981
1770	981
1770	980
1769	980
1769	979
1767	979
1767	978
1766	978
1766	977
1754	977
1754	980
1753	980
1753	990
1752	990
1752	991
1749	991
1749	990
1747	990
1747	989
1746	989
1746	988
1742	988
1742	987
1740	987
1740	986
1739	986
1739	985
1737	985
1737	984
1736	984
1736	983
1735	983
1735	982
1734	982
1734	981
1731	981
1731	980
1730	980
1730	978
1728	978
1728	977
1727	977
1727	976
1726	976
1726	975
1725	975
1725	974
1724	974
1724	973
1722	973
1722	972
1721	972
1721	971
1719	971
1719	970
1718	970
1718	969
1717	969
1717	968
1716	968
1716	966
1713	966
1713	965
1712	965
1712	964
1711	964
1711	963
1710	963
1710	962
1707	962
1707	960
1704	960
1704	959
1703	959
1703	958
1702	958
1702	957
1701	957
1701	956
1700	956
1700	955
1698	955
1698	954
1697	954
1697	952
1696	952
1696	951
1695	951
1695	950
1694	950
1694	949
1693	949
1693	948
1692	948
1692	947
1691	947
1691	945
1690	945
1690	944
1689	944
1689	943
1688	943
1688	942
1687	942
1687	940
1675	940
1675	942
1674	942
1674	946
1673	946
1673	952
1672	952
1672	956
1671	956
1671	955
1670	955
1670	954
1667	954
1667	953
1666	953
1666	952
1663	952
1663	951
1661	951
1661	950
1659	950
1659	949
1658	949
1658	948
1657	948
1657	947
1654	947
1654	946
1653	946
1653	945
1651	945
1651	944
1648	944
1648	942
1647	942
1647	941
1646	941
1646	940
1645	940
1645	939
1644	939
1644	937
1641	937
1641	936
1640	936
1640	935
1639	935
1639	934
1637	934
1637	931
1636	931
1636	930
1635	930
1635	929
1632	929
1632	928
1631	928
1631	927
1630	927
1630	926
1629	926
1629	925
1627	925
1627	923
1625	923
1625	922
1623	922
1623	920
1622	920
1622	919
1621	919
1621	918
1620	918
1620	917
1619	917
1619	915
1618	915
1618	914
1615	914
1615	913
1614	913
1614	911
1613	911
1613	910
1612	910
1612	909
1611	909
1611	908
1610	908
1610	907
1609	907
1609	905
1608	905
1608	904
1607	904
1607	902
1606	902
1606	901
1595	901
1595	902
1594	902
1594	906
1593	906
1593	914
1591	914
1591	917
1590	917
1590	916
1589	916
1589	915
1585	915
1585	914
1582	914
1582	913
1580	913
1580	912
1579	912
1579	911
1578	911
1578	909
1577	909
1577	907
1571	907
1571	905
1570	905
1570	903
1567	903
1567	900
1565	900
1565	899
1564	899
1564	898
1563	898
1563	894
1562	894
1562	892
1559	892
1559	891
1558	891
1558	890
1557	890
1557	889
1556	889
1556	888
1555	888
1555	885
1552	885
1552	883
1551	883
1551	882
1550	882
1550	881
1549	881
1549	880
1548	880
1548	878
1545	878
1545	877
1544	877
1544	876
1543	876
1543	874
1542	874
1542	873
1540	873
1540	870
1538	870
1538	869
1537	869
1537	868
1536	868
1536	867
1535	867
1535	866
1534	866
1534	865
1533	865
1533	863
1531	863
1531	862
1530	862
1530	861
1528	861
1528	858
1526	858
1526	856
1525	856
1525	855
1524	855
1524	853
1523	853
1523	852
1522	852
1522	850
1521	850
1521	848
1509	848
1509	852
1507	852
1507	857
1506	857
1506	859
1505	859
1505	860
1506	860
1506	861
1505	861
1505	862
1502	862
1502	861
1498	861
1498	859
1495	859
1495	858
1493	858
1493	857
1492	857
1492	856
1490	856
1490	855
1489	855
1489	853
1486	853
1486	851
1485	851
1485	850
1484	850
1484	849
1483	849
1483	848
1482	848
1482	844
1479	844
1479	843
1478	843
1478	841
1477	841
1477	840
1476	840
1476	838
1475	838
1475	836
1474	836
1474	834
1473	834
1473	833
1471	833
1471	832
1470	832
1470	831
1469	831
1469	829
1467	829
1467	826
1466	826
1466	825
1464	825
1464	823
1463	823
1463	822
1462	822
1462	821
1461	821
1461	820
1460	820
1460	818
1459	818
1459	817
1458	817
1458	816
1457	816
1457	814
1456	814
1456	813
1455	813
1455	812
1454	812
1454	811
1453	811
1453	810
1452	810
1452	804
1439	804
1439	805
1438	805
1438	808
1437	808
1437	811
1436	811
1436	813
1434	813
1434	812
1432	812
1432	811
1430	811
1430	810
1429	810
1429	809
1427	809
1427	807
1425	807
1425	806
1424	806
1424	805
1423	805
1423	804
1422	804
1422	803
1421	803
1421	802
1420	802
1420	801
1419	801
1419	799
1418	799
1418	798
1417	798
1417	796
1416	796
1416	795
1415	795
1415	789
1412	789
1412	787
1411	787
1411	786
1410	786
1410	784
1409	784
1409	783
1408	783
1408	780
1407	780
1407	779
1406	779
1406	778
1405	778
1405	777
1404	777
1404	774
1403	774
1403	773
1402	773
1402	772
1401	772
1401	770
1400	770
1400	767
1398	767
1398	766
1397	766
1397	763
1395	763
1395	761
1394	761
1394	760
1393	760
1393	758
1391	758
1391	756
1390	756
1390	754
1389	754
1389	752
1388	752
1388	751
1387	751
1387	749
1386	749
1386	746
1385	746
1385	745
1384	745
1384	743
1383	743
1383	742
1373	742
1373	743
1371	743
1371	745
1369	745
1369	746
1370	746
1370	747
1369	747
1369	750
1367	750
1367	748
1365	748
1365	746
1363	746
1363	745
1361	745
1361	743
1360	743
1360	742
1359	742
1359	740
1358	740
1358	738
1357	738
1357	737
1356	737
1356	736
1355	736
1355	732
1354	732
1354	730
1353	730
1353	728
1352	728
1352	726
1351	726
1351	722
1350	722
1350	721
1349	721
1349	718
1348	718
1348	715
1346	715
1346	714
1345	714
1345	711
1344	711
1344	709
1343	709
1343	708
1342	708
1342	706
1341	706
1341	705
1340	705
1340	701
1339	701
1339	700
1338	700
1338	697
1337	697
1337	696
1336	696
1336	695
1335	695
1335	693
1334	693
1334	691
1335	691
1335	690
1333	690
1333	689
1332	689
1332	686
1333	686
1333	685
1331	685
1331	684
1320	684
1320	685
1318	685
1318	687
1317	687
1317	688
1318	688
1318	689
1312	689
1312	692
1313	692
1313	694
1312	694
1312	699
1313	699
1313	701
1315	701
1315	702
1316	702
1316	703
1317	703
1317	705
1318	705
1318	706
1319	706
1319	707
1322	707
1322	709
1323	709
1323	710
1324	710
1324	712
1326	712
1326	714
1327	714
1327	716
1328	716
1328	718
1329	718
1329	719
1330	719
1330	724
1329	724
1329	725
1328	725
1328	737
1329	737
1329	738
1330	738
1330	739
1331	739
1331	740
1332	740
1332	742
1333	742
1333	743
1335	743
1335	744
1336	744
1336	746
1338	746
1338	747
1339	747
1339	748
1340	748
1340	749
1341	749
1341	751
1342	751
1342	752
1344	752
1344	753
1345	753
1345	755
1346	755
1346	756
1347	756
