1218	1093
1221	1093
1221	1095
1222	1095
1222	1098
1224	1098
1224	1102
1225	1102
1225	1103
1227	1103
1227	1107
1228	1107
1228	1108
1229	1108
1229	1110
1230	1110
1230	1111
1229	1111
1229	1115
1230	1115
1230	1118
1231	1118
1231	1119
1232	1119
1232	1120
1233	1120
1233	1123
1234	1123
1234	1128
1235	1128
1235	1140
1237	1140
1237	1145
1238	1145
1238	1146
1239	1146
1239	1149
1240	1149
1240	1155
1241	1155
1241	1156
1242	1156
1242	1162
1243	1162
1243	1163
1244	1163
1244	1165
1243	1165
1243	1166
1244	1166
1244	1176
1243	1176
1243	1178
1239	1178
1239	1177
1237	1177
1237	1176
1236	1176
1236	1175
1235	1175
1235	1174
1234	1174
1234	1175
1231	1175
1231	1174
1228	1174
1228	1173
1219	1173
1219	1176
1218	1176
1218	1178
1219	1178
1219	1180
1218	1180
1218	1181
1219	1181
1219	1182
1220	1182
1220	1183
1221	1183
1221	1186
1223	1186
1223	1187
1224	1187
1224	1188
1225	1188
1225	1189
1226	1189
1226	1190
1227	1190
1227	1191
1228	1191
1228	1194
1229	1194
1229	1195
1230	1195
1230	1197
1231	1197
1231	1198
1232	1198
1232	1201
1233	1201
1233	1207
1235	1207
1235	1209
1236	1209
1236	1211
1237	1211
1237	1215
1238	1215
1238	1216
1239	1216
1239	1223
1240	1223
1240	1228
1241	1228
1241	1229
1242	1229
1242	1230
1243	1230
1243	1238
1244	1238
1244	1246
1245	1246
1245	1253
1244	1253
1244	1254
1243	1254
1243	1256
1242	1256
1242	1257
1239	1257
1239	1255
1238	1255
1238	1254
1237	1254
1237	1253
1236	1253
1236	1252
1232	1252
1232	1251
1231	1251
1231	1250
1226	1250
1226	1249
1222	1249
1222	1248
1218	1248
1218	1247
1216	1247
1216	1246
1203	1246
1203	1255
1204	1255
1204	1256
1205	1256
1205	1257
1206	1257
1206	1258
1207	1258
1207	1259
1208	1259
1208	1260
1209	1260
1209	1262
1210	1262
1210	1263
1211	1263
1211	1265
1212	1265
1212	1269
1213	1269
1213	1270
1214	1270
1214	1271
1215	1271
1215	1274
1216	1274
1216	1276
1217	1276
1217	1286
1219	1286
1219	1301
1220	1301
1220	1304
1221	1304
1221	1311
1222	1311
1222	1313
1223	1313
1223	1317
1224	1317
1224	1321
1225	1321
1225	1322
1226	1322
1226	1325
1227	1325
1227	1353
1226	1353
1226	1357
1224	1357
1224	1359
1223	1359
1223	1360
1221	1360
1221	1358
1220	1358
1220	1357
1219	1357
1219	1356
1217	1356
1217	1355
1212	1355
1212	1354
1211	1354
1211	1353
1210	1353
1210	1352
1207	1352
1207	1351
1206	1351
1206	1350
1203	1350
1203	1349
1200	1349
1200	1347
1195	1347
1195	1346
1194	1346
1194	1347
1191	1347
1191	1356
1192	1356
1192	1357
1193	1357
1193	1359
1195	1359
1195	1362
1196	1362
1196	1364
1198	1364
1198	1369
1200	1369
1200	1370
1201	1370
1201	1372
1202	1372
1202	1375
1203	1375
1203	1380
1204	1380
1204	1381
1203	1381
1203	1383
1204	1383
1204	1385
1205	1385
1205	1388
1206	1388
1206	1392
1207	1392
1207	1398
1208	1398
1208	1410
1209	1410
1209	1411
1210	1411
1210	1415
1211	1415
1211	1419
1212	1419
1212	1427
1213	1427
1213	1432
1212	1432
1212	1446
1211	1446
1211	1448
1210	1448
1210	1450
1209	1450
1209	1453
1208	1453
1208	1455
1207	1455
1207	1458
1204	1458
1204	1459
1203	1459
1203	1458
1202	1458
1202	1457
1201	1457
1201	1455
1200	1455
1200	1454
1199	1454
1199	1452
1197	1452
1197	1451
1193	1451
1193	1450
1191	1450
1191	1449
1190	1449
1190	1447
1189	1447
1189	1446
1186	1446
1186	1445
1184	1445
1184	1444
1182	1444
1182	1443
1173	1443
1173	1444
1172	1444
1172	1452
1173	1452
1173	1454
1174	1454
1174	1457
1175	1457
1175	1458
1176	1458
1176	1459
1177	1459
1177	1460
1176	1460
1176	1461
1177	1461
1177	1464
1178	1464
1178	1465
1179	1465
1179	1468
1180	1468
1180	1473
1181	1473
1181	1477
1182	1477
1182	1484
1183	1484
1183	1488
1184	1488
1184	1494
1185	1494
1185	1496
1186	1496
1186	1510
1187	1510
1187	1516
1188	1516
1188	1528
1187	1528
1187	1533
1188	1533
1188	1534
1187	1534
1187	1536
1186	1536
1186	1540
1185	1540
1185	1543
1184	1543
1184	1544
1183	1544
1183	1545
1182	1545
1182	1546
1181	1546
1181	1548
1180	1548
1180	1549
1178	1549
1178	1550
1176	1550
1176	1549
1175	1549
1175	1546
1174	1546
1174	1544
1173	1544
1173	1543
1171	1543
1171	1542
1169	1542
1169	1539
1168	1539
1168	1538
1166	1538
1166	1537
1164	1537
1164	1536
1163	1536
1163	1535
1161	1535
1161	1533
1159	1533
1159	1532
1158	1532
1158	1530
1156	1530
1156	1529
1153	1529
1153	1527
1152	1527
1152	1526
1143	1526
1143	1527
1142	1527
1142	1528
1143	1528
1143	1529
1142	1529
1142	1530
1143	1530
1143	1536
1144	1536
1144	1538
1145	1538
1145	1540
1146	1540
1146	1544
1147	1544
1147	1547
1148	1547
1148	1550
1149	1550
1149	1553
1150	1553
1150	1568
1151	1568
1151	1576
1149	1576
1149	1577
1141	1577
1141	1582
1140	1582
1140	1583
1141	1583
1141	1586
1140	1586
1140	1587
1141	1587
1141	1589
1142	1589
1142	1592
1141	1592
1141	1602
1140	1602
1140	1603
1139	1603
1139	1616
1138	1616
1138	1619
1137	1619
1137	1623
1136	1623
1136	1624
1135	1624
1135	1628
1134	1628
1134	1630
1133	1630
1133	1632
1124	1632
1124	1634
1123	1634
1123	1636
1124	1636
1124	1639
1123	1639
1123	1640
1124	1640
1124	1641
1123	1641
1123	1646
1122	1646
1122	1652
1121	1652
1121	1655
1120	1655
1120	1662
1119	1662
1119	1664
1118	1664
1118	1666
1117	1666
1117	1669
1116	1669
1116	1670
1115	1670
1115	1672
1114	1672
1114	1674
1113	1674
1113	1676
1110	1676
1110	1677
1108	1677
1108	1678
1109	1678
1109	1679
1108	1679
1108	1678
1107	1678
1107	1677
1094	1677
1094	1679
1093	1679
1093	1681
1094	1681
1094	1683
1093	1683
1093	1686
1094	1686
1094	1689
1095	1689
1095	1697
1094	1697
1094	1702
1093	1702
1093	1704
1092	1704
1092	1709
1091	1709
1091	1722
1092	1722
1092	1741
1091	1741
1091	1743
1090	1743
1090	1744
1089	1744
1089	1745
1088	1745
1088	1748
1084	1748
1084	1745
1082	1745
1082	1743
1080	1743
1080	1742
1079	1742
1079	1741
1068	1741
1068	1743
1067	1743
1067	1750
1068	1750
1068	1751
1069	1751
1069	1754
1068	1754
1068	1760
1067	1760
1067	1769
1066	1769
1066	1773
1065	1773
1065	1782
1064	1782
1064	1784
1063	1784
1063	1785
1062	1785
1062	1790
1061	1790
1061	1796
1060	1796
1060	1797
1059	1797
1059	1800
1058	1800
1058	1801
1057	1801
1057	1806
1056	1806
1056	1807
1055	1807
1055	1816
1054	1816
1054	1817
1052	1817
1052	1825
1051	1825
1051	1829
1050	1829
1050	1831
1051	1831
1051	1832
1050	1832
1050	1840
1049	1840
1049	1841
1048	1841
1048	1843
1047	1843
1047	1847
1046	1847
1046	1849
1045	1849
1045	1858
1043	1858
1043	1863
1042	1863
1042	1866
1041	1866
1041	1869
1040	1869
1040	1874
1039	1874
1039	1879
1038	1879
1038	1881
1037	1881
1037	1886
1036	1886
1036	1890
1035	1890
1035	1893
1034	1893
1034	1896
1033	1896
1033	1900
1031	1900
1031	1905
1030	1905
1030	1909
1029	1909
1029	1912
1028	1912
1028	1915
1027	1915
1027	1916
1026	1916
1026	1921
1025	1921
1025	1923
1024	1923
1024	1928
1025	1928
1025	1929
1024	1929
1024	1930
1023	1930
1023	1936
1022	1936
1022	1937
1021	1937
1021	1939
1020	1939
1020	1941
1021	1941
1021	1942
1020	1942
1020	1943
1021	1943
1021	1946
1020	1946
1020	1947
1019	1947
1019	1952
1018	1952
1018	1954
1017	1954
1017	1957
1016	1957
1016	1958
1015	1958
1015	1967
1014	1967
1014	1972
1013	1972
1013	1976
1011	1976
1011	1979
1010	1979
1010	1982
1009	1982
1009	1984
1008	1984
1008	1988
1007	1988
1007	1989
1005	1989
1005	1993
1003	1993
1003	2000
1002	2000
1002	2004
1001	2004
1001	2005
1000	2005
1000	2014
999	2014
999	2015
998	2015
998	2010
997	2010
997	2008
996	2008
996	2007
997	2007
997	2005
996	2005
996	2002
994	2002
994	1995
993	1995
993	1994
992	1994
992	1991
991	1991
991	1982
990	1982
990	1979
989	1979
989	1978
988	1978
988	1977
989	1977
989	1965
991	1965
991	1938
992	1938
992	1928
993	1928
993	1917
994	1917
994	1906
995	1906
995	1902
996	1902
996	1896
997	1896
997	1880
996	1880
996	1879
997	1879
997	1878
996	1878
996	1876
998	1876
998	1869
999	1869
999	1866
998	1866
998	1863
999	1863
999	1828
998	1828
998	1818
997	1818
997	1813
996	1813
996	1811
997	1811
997	1798
998	1798
998	1793
999	1793
999	1792
998	1792
998	1790
999	1790
999	1787
998	1787
998	1782
999	1782
999	1770
998	1770
998	1768
997	1768
997	1764
996	1764
996	1761
997	1761
997	1756
996	1756
996	1749
994	1749
994	1745
993	1745
993	1744
994	1744
994	1739
993	1739
993	1736
992	1736
992	1716
993	1716
993	1712
994	1712
994	1707
995	1707
995	1700
993	1700
993	1699
992	1699
992	1700
984	1700
984	1703
983	1703
983	1704
981	1704
981	1705
979	1705
979	1706
980	1706
980	1707
979	1707
979	1708
978	1708
978	1710
977	1710
977	1711
976	1711
976	1712
973	1712
973	1709
972	1709
972	1707
971	1707
971	1706
970	1706
970	1702
969	1702
969	1701
968	1701
968	1700
969	1700
969	1698
968	1698
968	1696
967	1696
967	1686
968	1686
968	1662
970	1662
970	1648
971	1648
971	1646
972	1646
972	1641
973	1641
973	1639
974	1639
974	1629
964	1629
964	1630
963	1630
963	1631
962	1631
962	1632
958	1632
958	1633
957	1633
957	1634
953	1634
953	1635
952	1635
952	1637
951	1637
951	1638
950	1638
950	1639
946	1639
946	1629
945	1629
945	1628
944	1628
944	1611
945	1611
945	1602
946	1602
946	1599
947	1599
947	1597
948	1597
948	1594
949	1594
949	1588
950	1588
950	1586
951	1586
951	1583
952	1583
952	1576
953	1576
953	1575
952	1575
952	1574
953	1574
953	1573
954	1573
954	1568
955	1568
955	1567
956	1567
956	1557
955	1557
955	1556
948	1556
948	1557
945	1557
945	1558
943	1558
943	1559
942	1559
942	1561
937	1561
937	1564
936	1564
936	1566
935	1566
935	1567
934	1567
934	1568
933	1568
933	1570
931	1570
931	1569
930	1569
930	1568
929	1568
929	1566
927	1566
927	1564
926	1564
926	1562
925	1562
925	1559
924	1559
924	1552
923	1552
923	1549
924	1549
924	1546
923	1546
923	1545
922	1545
922	1536
923	1536
923	1519
924	1519
924	1517
925	1517
925	1510
926	1510
926	1505
927	1505
927	1500
928	1500
928	1489
929	1489
929	1484
930	1484
930	1480
931	1480
931	1474
933	1474
933	1472
934	1472
934	1469
935	1469
935	1466
936	1466
936	1457
935	1457
935	1456
927	1456
927	1457
926	1457
926	1458
922	1458
922	1459
921	1459
921	1460
918	1460
918	1461
915	1461
915	1462
911	1462
911	1465
906	1465
906	1466
905	1466
905	1467
904	1467
904	1468
903	1468
903	1469
901	1469
901	1470
900	1470
900	1469
899	1469
899	1468
898	1468
898	1465
897	1465
897	1458
896	1458
896	1456
895	1456
895	1445
896	1445
896	1443
897	1443
897	1437
898	1437
898	1432
899	1432
899	1428
900	1428
900	1426
901	1426
901	1422
902	1422
902	1418
903	1418
903	1416
904	1416
904	1412
905	1412
905	1411
906	1411
906	1406
907	1406
907	1405
908	1405
908	1401
909	1401
909	1400
910	1400
910	1396
911	1396
911	1395
912	1395
912	1394
913	1394
913	1392
914	1392
914	1389
915	1389
915	1388
916	1388
916	1386
917	1386
917	1384
918	1384
918	1381
919	1381
919	1380
920	1380
920	1379
921	1379
921	1378
922	1378
922	1375
925	1375
925	1372
926	1372
926	1365
927	1365
927	1364
926	1364
926	1363
925	1363
925	1362
924	1362
924	1363
916	1363
916	1364
915	1364
915	1365
908	1365
908	1366
905	1366
905	1367
902	1367
902	1368
896	1368
896	1369
895	1369
895	1370
891	1370
891	1371
890	1371
890	1373
889	1373
889	1374
888	1374
888	1376
886	1376
886	1375
884	1375
884	1372
883	1372
883	1368
882	1368
882	1367
881	1367
881	1348
882	1348
882	1346
883	1346
883	1343
884	1343
884	1341
885	1341
885	1338
886	1338
886	1336
887	1336
887	1333
888	1333
888	1326
889	1326
889	1323
891	1323
891	1322
892	1322
892	1317
893	1317
893	1313
894	1313
894	1312
895	1312
895	1310
896	1310
896	1308
897	1308
897	1304
898	1304
898	1302
899	1302
899	1300
900	1300
900	1296
902	1296
902	1293
903	1293
903	1291
904	1291
904	1288
905	1288
905	1286
907	1286
907	1284
908	1284
908	1282
909	1282
909	1281
911	1281
911	1280
913	1280
913	1276
915	1276
915	1275
918	1275
918	1270
919	1270
919	1269
920	1269
920	1268
921	1268
921	1267
922	1267
922	1258
906	1258
906	1260
904	1260
904	1261
899	1261
899	1262
886	1262
886	1263
880	1263
880	1266
879	1266
879	1267
878	1267
878	1265
877	1265
877	1260
876	1260
876	1255
877	1255
877	1250
878	1250
878	1245
879	1245
879	1240
880	1240
880	1239
881	1239
881	1236
882	1236
882	1234
883	1234
883	1230
884	1230
884	1229
885	1229
885	1228
886	1228
886	1226
887	1226
887	1225
888	1225
888	1222
890	1222
890	1220
891	1220
891	1218
894	1218
894	1216
895	1216
895	1215
896	1215
896	1213
897	1213
897	1207
899	1207
899	1202
902	1202
902	1198
903	1198
903	1197
904	1197
904	1196
905	1196
905	1192
907	1192
907	1191
908	1191
908	1189
909	1189
909	1187
912	1187
912	1186
913	1186
913	1183
914	1183
914	1182
915	1182
915	1180
916	1180
916	1179
918	1179
918	1178
919	1178
919	1177
920	1177
920	1176
923	1176
923	1167
912	1167
912	1168
901	1168
901	1169
890	1169
890	1172
888	1172
888	1171
887	1171
887	1153
888	1153
888	1150
890	1150
890	1147
889	1147
889	1145
892	1145
892	1141
893	1141
893	1140
894	1140
894	1138
895	1138
895	1136
896	1136
896	1134
897	1134
897	1131
898	1131
898	1130
901	1130
901	1129
902	1129
902	1125
903	1125
903	1124
904	1124
904	1123
905	1123
905	1119
907	1119
907	1117
908	1117
908	1116
907	1116
907	1115
908	1115
908	1113
909	1113
909	1112
910	1112
910	1110
911	1110
911	1109
912	1109
912	1108
914	1108
914	1104
915	1104
915	1103
917	1103
917	1102
918	1102
918	1099
919	1099
919	1098
923	1098
923	1094
924	1094
924	1093
925	1093
925	1092
926	1092
926	1093
927	1093
927	1092
928	1092
928	1090
929	1090
929	1089
930	1089
930	1088
931	1088
931	1087
932	1087
932	1079
928	1079
928	1078
916	1078
916	1079
908	1079
908	1080
902	1080
902	1081
901	1081
901	1080
900	1080
900	1079
899	1079
899	1071
900	1071
900	1068
901	1068
901	1066
902	1066
902	1062
903	1062
903	1060
904	1060
904	1058
905	1058
905	1057
907	1057
907	1056
908	1056
908	1055
907	1055
907	1052
908	1052
908	1050
909	1050
909	1049
910	1049
910	1047
911	1047
911	1046
912	1046
912	1045
913	1045
913	1042
914	1042
914	1041
915	1041
915	1040
916	1040
916	1037
917	1037
917	1035
918	1035
918	1034
919	1034
919	1031
920	1031
920	1030
923	1030
923	1027
924	1027
924	1025
928	1025
928	1021
929	1021
929	1019
932	1019
932	1018
931	1018
931	1017
932	1017
932	1016
933	1016
933	1015
934	1015
934	1014
935	1014
935	1013
936	1013
936	1012
939	1012
939	1010
940	1010
940	1009
944	1009
944	999
933	999
933	998
926	998
926	999
921	999
921	991
922	991
922	989
923	989
923	986
924	986
924	984
925	984
925	983
926	983
926	981
927	981
927	979
928	979
928	977
929	977
929	975
930	975
930	973
933	973
933	972
934	972
934	968
935	968
935	967
936	967
936	964
937	964
937	963
938	963
938	962
939	962
939	960
940	960
940	959
941	959
941	957
944	957
944	954
945	954
945	951
946	951
946	950
947	950
947	948
948	948
948	947
949	947
949	944
950	944
950	943
951	943
951	942
952	942
952	941
954	941
954	940
955	940
955	936
959	936
959	935
960	935
960	931
964	931
964	930
965	930
965	928
966	928
966	926
970	926
970	916
964	916
964	915
955	915
955	916
950	916
950	910
951	910
951	906
952	906
952	903
953	903
953	901
954	901
954	899
955	899
955	897
956	897
956	895
957	895
957	894
958	894
958	891
959	891
959	889
961	889
961	886
962	886
962	884
964	884
964	883
965	883
965	879
967	879
967	876
968	876
968	874
970	874
970	873
971	873
971	869
974	869
974	868
975	868
975	864
976	864
976	863
978	863
978	860
979	860
979	859
981	859
981	858
982	858
982	855
983	855
983	853
985	853
985	852
986	852
986	851
988	851
988	850
987	850
987	849
989	849
989	847
991	847
991	845
992	845
992	844
993	844
993	842
996	842
996	841
997	841
997	840
996	840
996	839
997	839
997	838
999	838
999	837
1001	837
1001	835
1002	835
1002	826
997	826
997	825
992	825
992	826
991	826
991	825
989	825
989	826
986	826
986	818
987	818
987	816
988	816
988	815
989	815
989	812
990	812
990	811
991	811
991	809
992	809
992	808
993	808
993	807
994	807
994	808
995	808
995	805
996	805
996	804
997	804
997	803
998	803
998	801
999	801
999	800
1001	800
1001	799
1002	799
1002	796
1003	796
1003	795
1006	795
1006	794
1007	794
1007	789
1008	789
1008	787
1009	787
1009	786
1010	786
1010	785
1011	785
1011	784
1012	784
1012	780
1017	780
1017	775
1018	775
1018	774
1019	774
1019	773
1020	773
1020	771
1021	771
1021	770
1022	770
1022	769
1024	769
1024	768
1025	768
1025	764
1027	764
1027	763
1028	763
1028	760
1029	760
1029	759
1033	759
1033	753
1038	753
1038	744
1032	744
1032	743
1031	743
1031	744
1029	744
1029	743
1028	743
1028	742
1027	742
1027	741
1026	741
1026	738
1027	738
1027	737
1028	737
1028	732
1029	732
1029	730
1030	730
1030	728
1031	728
1031	727
1033	727
1033	722
1036	722
1036	719
1038	719
1038	717
1040	717
1040	715
1041	715
1041	714
1043	714
1043	713
1044	713
1044	711
1043	711
1043	710
1044	710
1044	709
1045	709
1045	708
1046	708
1046	706
1048	706
1048	704
1049	704
1049	701
1051	701
1051	698
1052	698
1052	696
1054	696
1054	694
1055	694
1055	692
1056	692
1056	691
1058	691
1058	690
1059	690
1059	686
1060	686
1060	685
1061	685
1061	682
1062	682
1062	680
1064	680
1064	676
1065	676
1065	675
1066	675
1066	673
1067	673
1067	671
1068	671
1068	669
1069	669
1069	666
1070	666
1070	660
1069	660
1069	659
1070	659
1070	658
1069	658
1069	657
1066	657
1066	653
1067	653
1067	651
1068	651
1068	650
1069	650
1069	646
1070	646
1070	644
1072	644
1072	640
1073	640
1073	639
1074	639
1074	638
1075	638
1075	636
1074	636
1074	635
1075	635
1075	633
1076	633
1076	632
1077	632
1077	631
1078	631
1078	630
1079	630
1079	628
1080	628
1080	625
1081	625
1081	622
1082	622
1082	619
1083	619
1083	617
1084	617
1084	613
1085	613
1085	611
1086	611
1086	608
1087	608
1087	606
1088	606
1088	597
1090	597
1090	596
1091	596
1091	593
1092	593
1092	590
1093	590
1093	586
1095	586
1095	583
1096	583
1096	578
1097	578
1097	574
1098	574
1098	571
1099	571
1099	567
1100	567
1100	565
1101	565
1101	559
1102	559
1102	555
1103	555
1103	549
1104	549
1104	542
1105	542
1105	540
1106	540
1106	535
1107	535
1107	529
1108	529
1108	525
1109	525
1109	519
1111	519
1111	507
1112	507
1112	503
1113	503
1113	490
1105	490
1105	491
1104	491
1104	494
1103	494
1103	495
1102	495
1102	496
1100	496
1100	500
1099	500
1099	501
1097	501
1097	504
1096	504
1096	505
1095	505
1095	506
1093	506
1093	509
1092	509
1092	510
1091	510
1091	511
1089	511
1089	512
1088	512
1088	516
1087	516
1087	517
1086	517
1086	519
1085	519
1085	521
1083	521
1083	522
1082	522
1082	523
1081	523
1081	527
1078	527
1078	531
1077	531
1077	533
1076	533
1076	535
1075	535
1075	537
1073	537
1073	539
1072	539
1072	540
1071	540
1071	542
1070	542
1070	543
1068	543
1068	547
1067	547
1067	549
1066	549
1066	553
1063	553
1063	554
1062	554
1062	558
1061	558
1061	559
1060	559
1060	563
1059	563
1059	566
1058	566
1058	569
1056	569
1056	574
1055	574
1055	580
1054	580
1054	584
1052	584
1052	590
1050	590
1050	594
1049	594
1049	598
1048	598
1048	600
1047	600
1047	603
1046	603
1046	606
1045	606
1045	610
1044	610
1044	619
1043	619
1043	625
1042	625
1042	627
1041	627
1041	632
1040	632
1040	637
1039	637
1039	638
1038	638
1038	639
1037	639
1037	642
1035	642
1035	645
1034	645
1034	646
1033	646
1033	647
1032	647
1032	648
1031	648
1031	649
1027	649
1027	647
1019	647
1019	649
1018	649
1018	651
1019	651
1019	652
1018	652
1018	653
1017	653
1017	657
1015	657
1015	663
1013	663
1013	668
1012	668
1012	673
1011	673
1011	674
1010	674
1010	715
1009	715
1009	720
1008	720
1008	723
1007	723
1007	725
1005	725
1005	729
1004	729
1004	730
1002	730
1002	731
1001	731
1001	730
1000	730
1000	729
999	729
999	728
998	728
998	726
996	726
996	725
995	725
995	724
994	724
994	723
993	723
993	722
992	722
992	723
991	723
991	722
990	722
990	723
988	723
988	722
987	722
987	723
986	723
986	724
985	724
985	726
984	726
984	736
982	736
982	741
981	741
981	746
980	746
980	747
979	747
979	756
978	756
978	757
977	757
977	764
976	764
976	766
975	766
975	778
976	778
976	779
975	779
975	783
974	783
974	784
973	784
973	785
974	785
974	786
973	786
973	792
974	792
974	793
973	793
973	799
972	799
972	801
971	801
971	802
970	802
970	803
969	803
969	804
968	804
968	805
967	805
967	806
964	806
964	801
963	801
963	800
955	800
955	801
954	801
954	809
953	809
953	810
952	810
952	811
953	811
953	814
952	814
952	815
951	815
951	819
950	819
950	824
949	824
949	825
947	825
947	831
946	831
946	832
947	832
947	836
946	836
946	846
945	846
945	849
944	849
944	851
943	851
943	856
942	856
942	859
941	859
941	862
940	862
940	867
939	867
939	870
938	870
938	872
936	872
936	874
935	874
935	876
934	876
934	877
932	877
932	880
931	880
931	881
930	881
930	882
929	882
929	881
928	881
928	883
925	883
925	879
924	879
924	877
916	877
916	876
915	876
915	877
914	877
914	880
913	880
913	881
912	881
912	883
913	883
913	884
912	884
912	887
910	887
910	888
909	888
909	889
910	889
910	891
909	891
909	894
908	894
908	898
906	898
906	900
905	900
905	901
906	901
906	902
905	902
905	904
904	904
904	909
903	909
903	912
902	912
902	913
901	913
901	914
900	914
900	923
899	923
899	924
898	924
898	925
897	925
897	926
898	926
898	928
897	928
897	929
895	929
895	934
894	934
894	937
893	937
893	940
891	940
891	945
890	945
890	948
889	948
889	950
888	950
888	951
887	951
887	953
885	953
885	954
883	954
883	953
882	953
882	950
881	950
881	949
879	949
879	948
878	948
878	947
877	947
877	946
876	946
876	945
875	945
875	944
873	944
873	940
872	940
872	939
863	939
863	940
862	940
862	943
863	943
863	947
862	947
862	958
861	958
861	963
860	963
860	965
859	965
859	970
858	970
858	972
857	972
857	980
854	980
854	981
852	981
852	983
851	983
851	987
850	987
850	989
849	989
849	992
847	992
847	996
846	996
846	998
845	998
845	1000
844	1000
844	1001
843	1001
843	1002
842	1002
842	1004
841	1004
841	1005
842	1005
842	1007
841	1007
841	1009
840	1009
840	1010
839	1010
839	1011
838	1011
838	1013
837	1013
837	1014
836	1014
836	1016
834	1016
834	1017
833	1017
833	1018
831	1018
831	1019
830	1019
830	1020
829	1020
829	1021
827	1021
827	1019
826	1019
826	1017
825	1017
825	1015
824	1015
824	1013
823	1013
823	1012
821	1012
821	1010
820	1010
820	1009
819	1009
819	1007
818	1007
818	1006
809	1006
809	1016
808	1016
808	1018
807	1018
807	1019
806	1019
806	1024
805	1024
805	1028
804	1028
804	1029
803	1029
803	1032
802	1032
802	1033
801	1033
801	1036
800	1036
800	1038
798	1038
798	1039
796	1039
796	1044
795	1044
795	1047
794	1047
794	1048
793	1048
793	1049
791	1049
791	1053
790	1053
790	1056
789	1056
789	1057
788	1057
788	1059
787	1059
787	1060
786	1060
786	1061
785	1061
785	1062
784	1062
784	1063
783	1063
783	1064
782	1064
782	1065
780	1065
780	1069
779	1069
779	1070
776	1070
776	1071
775	1071
775	1072
773	1072
773	1073
771	1073
771	1074
768	1074
768	1071
767	1071
767	1063
765	1063
765	1061
763	1061
763	1059
762	1059
762	1055
761	1055
761	1054
759	1054
759	1053
758	1053
758	1050
757	1050
757	1049
748	1049
748	1050
747	1050
747	1059
746	1059
746	1060
747	1060
747	1061
746	1061
746	1064
745	1064
745	1065
744	1065
744	1068
743	1068
743	1070
742	1070
742	1073
741	1073
741	1074
740	1074
740	1075
739	1075
739	1079
738	1079
738	1080
737	1080
737	1081
736	1081
736	1083
735	1083
735	1085
734	1085
734	1086
732	1086
732	1091
731	1091
731	1092
730	1092
730	1094
729	1094
729	1096
728	1096
728	1097
727	1097
727	1100
726	1100
726	1101
725	1101
725	1102
724	1102
724	1105
723	1105
723	1107
722	1107
722	1108
721	1108
721	1109
720	1109
720	1111
719	1111
719	1112
718	1112
718	1114
717	1114
717	1117
713	1117
713	1121
712	1121
712	1122
708	1122
708	1123
707	1123
707	1127
706	1127
706	1128
702	1128
702	1130
701	1130
701	1131
699	1131
699	1130
698	1130
698	1128
697	1128
697	1126
696	1126
696	1123
695	1123
695	1122
694	1122
694	1120
693	1120
693	1117
692	1117
692	1116
691	1116
691	1114
690	1114
690	1112
688	1112
688	1107
687	1107
687	1106
680	1106
680	1107
679	1107
679	1111
678	1111
678	1112
677	1112
677	1113
676	1113
676	1117
675	1117
675	1119
674	1119
674	1120
675	1120
675	1121
674	1121
674	1122
672	1122
672	1126
671	1126
671	1128
670	1128
670	1130
669	1130
669	1131
668	1131
668	1133
667	1133
667	1136
666	1136
666	1137
665	1137
665	1138
664	1138
664	1140
663	1140
663	1141
662	1141
662	1143
660	1143
660	1148
655	1148
655	1153
654	1153
654	1155
653	1155
653	1156
652	1156
652	1158
651	1158
651	1159
650	1159
650	1160
649	1160
649	1162
647	1162
647	1164
644	1164
644	1165
643	1165
643	1169
640	1169
640	1170
639	1170
639	1173
638	1173
638	1174
635	1174
635	1175
634	1175
634	1178
633	1178
633	1177
632	1177
632	1179
630	1179
630	1180
629	1180
629	1179
628	1179
628	1176
627	1176
627	1174
626	1174
626	1173
625	1173
625	1172
626	1172
626	1170
625	1170
625	1169
624	1169
624	1168
623	1168
623	1164
621	1164
621	1160
620	1160
620	1159
619	1159
619	1158
618	1158
618	1157
617	1157
617	1156
613	1156
613	1155
612	1155
612	1156
608	1156
608	1159
607	1159
607	1162
606	1162
606	1167
605	1167
605	1168
604	1168
604	1169
603	1169
603	1171
602	1171
602	1174
598	1174
598	1175
597	1175
597	1177
598	1177
598	1179
597	1179
597	1180
595	1180
595	1182
594	1182
594	1181
593	1181
593	1184
592	1184
592	1186
591	1186
591	1187
590	1187
590	1188
589	1188
589	1189
588	1189
588	1190
587	1190
587	1191
586	1191
586	1192
585	1192
585	1193
583	1193
583	1194
582	1194
582	1196
581	1196
581	1197
580	1197
580	1198
578	1198
578	1199
577	1199
577	1200
576	1200
576	1201
575	1201
575	1203
574	1203
574	1205
573	1205
573	1206
571	1206
571	1208
570	1208
570	1209
569	1209
569	1210
567	1210
567	1211
566	1211
566	1213
565	1213
565	1214
563	1214
563	1215
562	1215
562	1216
561	1216
561	1217
560	1217
560	1218
556	1218
556	1219
550	1219
550	1220
549	1220
549	1219
548	1219
548	1214
547	1214
547	1211
546	1211
546	1207
545	1207
545	1206
544	1206
544	1201
543	1201
543	1196
542	1196
542	1195
534	1195
534	1196
533	1196
533	1200
532	1200
532	1201
530	1201
530	1206
528	1206
528	1210
527	1210
527	1211
525	1211
525	1212
524	1212
524	1215
523	1215
523	1216
520	1216
520	1217
519	1217
519	1221
515	1221
515	1222
514	1222
514	1224
513	1224
513	1225
512	1225
512	1226
509	1226
509	1227
508	1227
508	1232
504	1232
504	1234
503	1234
503	1235
498	1235
498	1237
496	1237
496	1240
495	1240
495	1241
494	1241
494	1242
493	1242
493	1244
492	1244
492	1245
490	1245
490	1246
488	1246
488	1247
486	1247
486	1248
484	1248
484	1251
483	1251
483	1252
481	1252
481	1251
480	1251
480	1252
479	1252
479	1253
477	1253
477	1254
476	1254
476	1255
469	1255
469	1242
468	1242
468	1240
467	1240
467	1238
466	1238
466	1237
457	1237
457	1238
456	1238
456	1240
455	1240
455	1241
454	1241
454	1242
452	1242
452	1243
451	1243
451	1247
447	1247
447	1248
446	1248
446	1251
442	1251
442	1252
441	1252
441	1255
436	1255
436	1259
435	1259
435	1260
431	1260
431	1261
430	1261
430	1262
425	1262
425	1266
424	1266
424	1267
423	1267
423	1268
421	1268
421	1269
420	1269
420	1270
419	1270
419	1271
417	1271
417	1270
416	1270
416	1271
415	1271
415	1273
413	1273
413	1274
410	1274
410	1275
409	1275
409	1277
405	1277
405	1278
404	1278
404	1279
400	1279
400	1280
399	1280
399	1281
398	1281
398	1282
394	1282
394	1283
391	1283
391	1284
384	1284
384	1285
381	1285
381	1273
380	1273
380	1269
371	1269
371	1270
368	1270
368	1273
366	1273
366	1274
363	1274
363	1275
362	1275
362	1276
358	1276
358	1277
357	1277
357	1279
352	1279
352	1281
347	1281
347	1282
346	1282
346	1283
339	1283
339	1282
338	1282
338	1283
337	1283
337	1284
336	1284
336	1283
335	1283
335	1284
331	1284
331	1287
326	1287
326	1288
321	1288
321	1289
316	1289
316	1292
311	1292
311	1293
310	1293
310	1294
306	1294
306	1295
305	1295
305	1297
301	1297
301	1298
300	1298
300	1299
299	1299
299	1300
297	1300
297	1299
296	1299
296	1300
294	1300
294	1301
285	1301
285	1302
284	1302
284	1304
283	1304
283	1303
282	1303
282	1304
279	1304
279	1305
274	1305
274	1308
273	1308
273	1309
270	1309
270	1310
268	1310
268	1312
264	1312
264	1314
263	1314
263	1315
258	1315
258	1317
254	1317
254	1318
253	1318
253	1320
252	1320
252	1322
248	1322
248	1323
241	1323
241	1324
240	1324
240	1325
239	1325
239	1326
232	1326
232	1328
227	1328
227	1331
222	1331
222	1333
220	1333
220	1334
216	1334
216	1335
211	1335
211	1339
206	1339
206	1340
203	1340
203	1344
202	1344
202	1345
191	1345
191	1347
185	1347
185	1351
181	1351
181	1352
175	1352
175	1354
174	1354
174	1355
173	1355
173	1356
170	1356
170	1357
165	1357
165	1358
164	1358
164	1359
162	1359
162	1360
159	1360
159	1361
157	1361
157	1362
153	1362
153	1363
151	1363
151	1362
150	1362
150	1363
148	1363
148	1365
144	1365
144	1366
143	1366
143	1367
142	1367
142	1368
140	1368
140	1367
139	1367
139	1368
133	1368
133	1370
122	1370
122	1371
118	1371
118	1370
112	1370
112	1369
111	1369
111	1367
114	1367
114	1366
115	1366
115	1365
116	1365
116	1364
119	1364
119	1362
120	1362
120	1361
121	1361
121	1360
122	1360
122	1359
125	1359
125	1357
127	1357
127	1356
128	1356
128	1355
129	1355
129	1354
130	1354
130	1351
134	1351
134	1349
137	1349
137	1348
138	1348
138	1346
139	1346
139	1345
140	1345
140	1344
142	1344
142	1343
145	1343
145	1341
147	1341
147	1339
149	1339
149	1338
151	1338
151	1336
152	1336
152	1335
155	1335
155	1333
156	1333
156	1332
158	1332
158	1331
159	1331
159	1330
160	1330
160	1329
162	1329
162	1328
166	1328
166	1325
167	1325
167	1323
171	1323
171	1322
172	1322
172	1320
174	1320
174	1319
175	1319
175	1317
179	1317
179	1318
180	1318
180	1317
182	1317
182	1314
183	1314
183	1313
184	1313
184	1312
187	1312
187	1311
188	1311
188	1309
192	1309
192	1307
197	1307
197	1306
198	1306
198	1304
200	1304
200	1303
201	1303
201	1302
202	1302
202	1301
203	1301
203	1300
205	1300
205	1299
207	1299
207	1298
208	1298
208	1297
211	1297
211	1296
213	1296
213	1292
216	1292
216	1291
221	1291
221	1288
222	1288
222	1287
223	1287
223	1286
228	1286
228	1285
231	1285
231	1283
233	1283
233	1282
235	1282
235	1281
237	1281
237	1280
239	1280
239	1279
240	1279
240	1278
241	1278
241	1276
244	1276
244	1275
245	1275
245	1271
247	1271
247	1270
255	1270
255	1265
260	1265
260	1263
261	1263
261	1262
262	1262
262	1260
265	1260
265	1258
266	1258
266	1257
269	1257
269	1256
271	1256
271	1255
272	1255
272	1254
274	1254
274	1255
275	1255
275	1254
276	1254
276	1251
278	1251
278	1250
280	1250
280	1249
281	1249
281	1248
282	1248
282	1247
284	1247
284	1244
286	1244
286	1243
287	1243
287	1242
288	1242
288	1241
290	1241
290	1239
291	1239
291	1238
292	1238
292	1237
294	1237
294	1235
295	1235
295	1234
299	1234
299	1233
300	1233
300	1234
301	1234
301	1233
302	1233
302	1231
306	1231
306	1230
308	1230
308	1223
307	1223
307	1220
302	1220
302	1215
303	1215
303	1213
307	1213
307	1208
312	1208
312	1206
313	1206
313	1205
314	1205
314	1204
315	1204
315	1203
321	1203
321	1202
323	1202
323	1200
325	1200
325	1199
326	1199
326	1198
327	1198
327	1197
328	1197
328	1193
330	1193
330	1192
333	1192
333	1188
334	1188
334	1187
338	1187
338	1186
339	1186
339	1184
340	1184
340	1183
341	1183
341	1182
342	1182
342	1181
344	1181
344	1180
347	1180
347	1179
348	1179
348	1177
349	1177
349	1175
348	1175
348	1169
339	1169
339	1168
338	1168
338	1165
339	1165
339	1162
340	1162
340	1160
341	1160
341	1158
343	1158
343	1156
344	1156
344	1155
349	1155
349	1152
352	1152
352	1151
355	1151
355	1150
354	1150
354	1149
355	1149
355	1148
357	1148
357	1145
359	1145
359	1144
360	1144
360	1142
362	1142
362	1141
363	1141
363	1140
364	1140
364	1139
365	1139
365	1136
366	1136
366	1135
370	1135
370	1134
371	1134
371	1132
372	1132
372	1130
373	1130
373	1129
375	1129
375	1128
376	1128
376	1127
377	1127
377	1125
378	1125
378	1124
381	1124
381	1121
382	1121
382	1119
385	1119
385	1117
386	1117
386	1116
387	1116
387	1114
391	1114
391	1113
393	1113
393	1110
394	1110
394	1109
396	1109
396	1108
397	1108
397	1106
400	1106
400	1105
404	1105
404	1104
405	1104
405	1101
404	1101
404	1099
405	1099
405	1096
404	1096
404	1095
402	1095
402	1094
399	1094
399	1093
396	1093
396	1091
382	1091
382	1089
383	1089
383	1084
384	1084
384	1083
385	1083
385	1080
387	1080
387	1078
388	1078
388	1077
390	1077
390	1076
391	1076
391	1072
394	1072
394	1071
396	1071
396	1068
399	1068
399	1067
401	1067
401	1063
404	1063
404	1061
406	1061
406	1060
407	1060
407	1058
410	1058
410	1057
411	1057
411	1056
416	1056
416	1055
417	1055
417	1052
420	1052
420	1051
422	1051
422	1049
425	1049
425	1048
426	1048
426	1046
431	1046
431	1045
432	1045
432	1041
433	1041
433	1040
434	1040
434	1039
437	1039
437	1038
438	1038
438	1036
439	1036
439	1035
443	1035
443	1033
444	1033
444	1032
446	1032
446	1031
447	1031
447	1030
448	1030
448	1029
450	1029
450	1028
453	1028
453	1025
458	1025
458	1023
462	1023
462	1022
464	1022
464	1021
467	1021
467	1020
469	1020
469	1011
467	1011
467	1010
464	1010
464	1008
463	1008
463	1007
459	1007
459	1006
454	1006
454	1003
453	1003
453	1002
443	1002
443	1000
445	1000
445	996
446	996
446	995
447	995
447	994
448	994
448	991
450	991
450	989
453	989
453	988
454	988
454	985
456	985
456	984
457	984
457	983
459	983
459	982
460	982
460	981
461	981
461	980
462	980
462	979
463	979
463	978
464	978
464	977
465	977
465	976
469	976
469	975
470	975
470	974
472	974
472	973
479	973
479	972
480	972
480	971
481	971
481	970
482	970
482	969
484	969
484	968
485	968
485	967
486	967
486	966
489	966
489	965
492	965
492	964
495	964
495	963
496	963
496	962
500	962
500	959
501	959
501	958
504	958
504	957
505	957
505	956
506	956
506	955
508	955
508	954
510	954
510	953
512	953
512	952
515	952
515	951
517	951
517	950
522	950
522	949
527	949
527	948
528	948
528	939
527	939
527	938
525	938
525	937
524	937
524	936
522	936
522	935
521	935
521	934
516	934
516	930
515	930
515	931
509	931
509	930
507	930
507	925
508	925
508	924
509	924
509	923
510	923
510	920
511	920
511	919
512	919
512	918
515	918
515	917
516	917
516	915
521	915
521	913
522	913
522	912
524	912
524	911
525	911
525	910
526	910
526	911
530	911
530	910
532	910
532	906
536	906
536	905
537	905
537	903
538	903
538	902
539	902
539	901
541	901
541	900
543	900
543	899
545	899
545	898
546	898
546	896
548	896
548	895
549	895
549	896
550	896
550	895
551	895
551	894
552	894
552	893
553	893
553	892
555	892
555	891
558	891
558	890
560	890
560	889
569	889
569	880
568	880
568	877
564	877
564	876
563	876
563	874
559	874
559	873
558	873
558	872
556	872
556	871
551	871
551	869
552	869
552	868
553	868
553	864
554	864
554	862
555	862
555	861
556	861
556	860
558	860
558	859
559	859
559	858
563	858
563	856
565	856
565	855
567	855
567	854
569	854
569	852
575	852
575	851
576	851
576	849
578	849
578	850
579	850
579	849
580	849
580	848
582	848
582	847
584	847
584	845
585	845
585	846
586	846
586	844
591	844
591	843
592	843
592	842
594	842
594	841
598	841
598	839
600	839
600	838
608	838
608	837
614	837
614	838
615	838
615	835
616	835
616	834
619	834
619	833
624	833
624	825
623	825
623	824
621	824
621	822
618	822
618	821
611	821
611	819
610	819
610	816
612	816
612	814
613	814
613	813
614	813
614	812
615	812
615	811
619	811
619	810
620	810
620	806
625	806
625	805
626	805
626	802
627	802
627	801
630	801
630	800
631	800
631	798
633	798
633	797
636	797
636	795
646	795
646	794
647	794
647	791
649	791
649	790
657	790
657	788
658	788
658	787
659	787
659	786
660	786
660	785
668	785
668	784
670	784
670	783
671	783
671	782
675	782
675	781
676	781
676	780
675	780
675	779
676	779
676	777
675	777
675	775
676	775
676	774
675	774
675	773
674	773
674	772
673	772
673	771
671	771
671	770
669	770
669	768
667	768
667	767
663	767
663	765
664	765
664	764
667	764
667	763
668	763
668	760
670	760
670	759
671	759
671	758
675	758
675	757
676	757
676	755
677	755
677	754
678	754
678	753
681	753
681	754
682	754
682	753
683	753
683	751
684	751
684	750
688	750
688	749
691	749
691	748
694	748
694	746
701	746
701	745
702	745
702	743
709	743
709	742
710	742
710	738
715	738
715	737
716	737
716	738
718	738
718	737
720	737
720	735
722	735
722	734
725	734
725	733
730	733
730	724
728	724
728	723
726	723
726	722
725	722
725	723
720	723
720	721
719	721
719	719
720	719
720	717
719	717
719	716
720	716
720	715
721	715
721	714
724	714
724	713
725	713
725	711
730	711
730	708
731	708
731	707
734	707
734	706
735	706
735	707
737	707
737	706
740	706
740	702
741	702
741	701
746	701
746	699
748	699
748	697
751	697
751	696
755	696
755	695
756	695
756	694
757	694
757	693
758	693
758	694
759	694
759	693
760	693
760	694
761	694
761	693
763	693
763	692
764	692
764	691
772	691
772	688
773	688
773	686
779	686
779	685
782	685
782	684
783	684
783	683
788	683
788	682
790	682
790	681
794	681
794	671
792	671
792	670
791	670
791	669
788	669
788	668
786	668
786	669
785	669
785	668
783	668
783	669
781	669
781	668
780	668
780	669
778	669
778	670
777	670
777	671
770	671
770	672
765	672
765	666
764	666
764	663
763	663
763	662
755	662
755	663
754	663
754	666
753	666
753	667
749	667
749	670
744	670
744	672
739	672
739	675
738	675
738	677
734	677
734	678
733	678
733	679
732	679
732	680
731	680
731	681
730	681
730	682
729	682
729	683
727	683
727	685
726	685
726	684
725	684
725	686
724	686
724	687
723	687
723	688
721	688
721	689
718	689
718	691
717	691
717	692
715	692
715	693
712	693
712	694
700	694
700	693
699	693
699	692
700	692
700	690
699	690
699	679
698	679
698	678
688	678
688	679
687	679
687	681
686	681
686	683
685	683
685	684
681	684
681	685
676	685
676	688
675	688
675	689
671	689
671	692
669	692
669	693
666	693
666	694
664	694
664	695
663	695
663	697
662	697
662	698
661	698
661	699
660	699
660	700
659	700
659	701
658	701
658	702
656	702
656	703
654	703
654	704
650	704
650	705
649	705
649	707
646	707
646	708
645	708
645	709
644	709
644	710
643	710
643	709
642	709
642	710
639	710
639	713
636	713
636	714
634	714
634	715
629	715
629	717
622	717
622	718
618	718
618	716
619	716
619	715
618	715
618	706
617	706
617	704
616	704
616	703
608	703
608	704
607	704
607	705
606	705
606	706
603	706
603	709
601	709
601	710
599	710
599	709
597	709
597	710
594	710
594	713
593	713
593	715
591	715
591	716
589	716
589	717
587	717
587	718
583	718
583	719
582	719
582	721
577	721
577	723
576	723
576	724
572	724
572	726
571	726
571	728
567	728
567	729
566	729
566	730
564	730
564	731
561	731
561	732
559	732
559	733
556	733
556	734
552	734
552	735
550	735
550	736
546	736
546	728
545	728
545	716
544	716
544	715
535	715
535	720
530	720
530	722
525	722
525	724
524	724
524	725
520	725
520	726
519	726
519	728
515	728
515	729
514	729
514	730
509	730
509	731
507	731
507	733
504	733
504	735
499	735
499	736
493	736
493	738
488	738
488	740
486	740
486	741
469	741
469	720
457	720
457	721
456	721
456	722
455	722
455	723
452	723
452	724
451	724
451	725
445	725
445	726
441	726
441	728
435	728
435	729
433	729
433	728
431	728
431	729
429	729
429	728
405	728
405	729
400	729
400	731
398	731
398	732
394	732
394	733
389	733
389	734
388	734
388	735
379	735
379	736
364	736
364	735
357	735
357	732
358	732
358	720
348	720
348	721
347	721
347	722
343	722
343	723
341	723
341	724
337	724
337	725
335	725
335	724
326	724
326	725
323	725
323	724
317	724
317	723
301	723
301	722
284	722
284	723
280	723
280	722
272	722
272	721
270	721
270	720
233	720
233	721
232	721
232	722
231	722
231	721
217	721
217	720
197	720
197	719
182	719
182	718
176	718
176	717
166	717
166	715
160	715
160	714
156	714
156	713
153	713
153	712
151	712
151	710
150	710
150	709
147	709
147	708
146	708
146	707
145	707
145	705
143	705
143	703
150	703
150	702
154	702
154	701
160	701
160	700
167	700
167	699
181	699
181	698
198	698
198	697
199	697
199	696
209	696
209	695
211	695
211	694
215	694
215	693
216	693
216	694
219	694
219	693
228	693
228	692
235	692
235	691
249	691
249	690
250	690
250	688
259	688
259	687
261	687
261	686
263	686
263	685
271	685
271	684
272	684
272	683
273	683
273	682
278	682
278	681
279	681
279	680
287	680
287	679
288	679
288	678
290	678
290	677
295	677
295	676
297	676
297	675
301	675
301	674
305	674
305	673
309	673
309	672
310	672
310	671
319	671
319	670
328	670
328	667
330	667
330	666
335	666
335	665
336	665
336	666
337	666
337	665
339	665
339	663
341	663
341	662
342	662
342	661
343	661
343	660
348	660
348	659
349	659
349	657
354	657
354	655
359	655
359	654
361	654
361	652
363	652
363	651
364	651
364	650
365	650
365	649
369	649
369	648
370	648
370	647
371	647
371	646
372	646
372	645
376	645
376	644
380	644
380	643
381	643
381	641
382	641
382	639
387	639
387	629
386	629
386	628
385	628
385	626
382	626
382	625
380	625
380	623
377	623
377	622
375	622
375	619
376	619
376	617
380	617
380	615
381	615
381	614
382	614
382	613
384	613
384	612
391	612
391	609
400	609
400	607
412	607
412	605
416	605
416	604
417	604
417	603
418	603
418	602
427	602
427	601
428	601
428	600
430	600
430	601
431	601
431	600
442	600
442	599
443	599
443	590
439	590
439	589
437	589
437	588
433	588
433	583
435	583
435	581
439	581
439	578
440	578
440	579
441	579
441	576
447	576
447	575
448	575
448	573
449	573
449	572
450	572
450	571
451	571
451	570
454	570
454	568
460	568
460	567
465	567
465	566
467	566
467	565
469	565
469	566
479	566
479	565
484	565
484	564
485	564
485	563
488	563
488	562
494	562
494	561
496	561
496	560
502	560
502	559
503	559
503	558
510	558
510	559
512	559
512	558
516	558
516	549
515	549
515	548
511	548
511	543
507	543
507	542
506	542
506	541
505	541
505	540
504	540
504	539
501	539
501	536
502	536
502	535
504	535
504	534
506	534
506	533
507	533
507	532
509	532
509	531
510	531
510	530
511	530
511	531
513	531
513	530
516	530
516	529
517	529
517	528
518	528
518	527
527	527
527	525
536	525
536	524
542	524
542	525
558	525
558	523
559	523
559	517
558	517
558	516
557	516
557	515
556	515
556	513
554	513
554	512
553	512
553	510
554	510
554	509
556	509
556	508
562	508
562	507
564	507
564	506
565	506
565	504
570	504
570	503
572	503
572	502
573	502
573	503
589	503
589	502
592	502
592	501
599	501
599	502
600	502
600	500
608	500
608	499
614	499
614	500
625	500
625	499
626	499
626	498
625	498
625	497
626	497
626	492
625	492
625	491
624	491
624	489
623	489
623	486
621	486
621	485
619	485
619	483
617	483
617	480
618	480
618	479
620	479
620	477
637	477
637	476
638	476
638	475
641	475
641	474
657	474
657	475
658	475
658	476
662	476
662	477
665	477
665	476
666	476
666	478
667	478
667	477
670	477
670	478
672	478
672	479
690	479
690	470
689	470
689	469
688	469
688	465
686	465
686	464
684	464
684	462
685	462
685	461
687	461
687	460
691	460
691	459
693	459
693	458
715	458
715	457
716	457
716	458
718	458
718	459
723	459
723	461
753	461
753	462
757	462
757	463
758	463
758	464
759	464
759	465
760	465
760	466
775	466
775	455
774	455
774	452
773	452
773	451
772	451
772	449
771	449
771	448
770	448
770	446
773	446
773	445
777	445
777	444
780	444
780	445
781	445
781	446
782	446
782	445
783	445
783	446
787	446
787	445
795	445
795	446
798	446
798	447
801	447
801	448
806	448
806	450
810	450
810	451
822	451
822	452
829	452
829	453
831	453
831	454
839	454
839	453
840	453
840	445
839	445
839	444
838	444
838	443
837	443
837	442
839	442
839	441
840	441
840	440
859	440
859	441
861	441
861	442
862	442
862	443
864	443
864	445
882	445
882	446
884	446
884	445
885	445
885	446
886	446
886	447
891	447
891	448
895	448
895	450
899	450
899	451
910	451
910	450
911	450
911	445
912	445
912	444
913	444
913	443
916	443
916	442
925	442
925	443
927	443
927	445
936	445
936	446
937	446
937	447
939	447
939	446
944	446
944	447
945	447
945	446
946	446
946	447
947	447
947	448
962	448
962	449
963	449
963	450
974	450
974	451
979	451
979	452
983	452
983	453
984	453
984	452
994	452
994	444
993	444
993	442
989	442
989	441
986	441
986	440
982	440
982	439
979	439
979	438
975	438
975	437
972	437
972	436
970	436
970	435
969	435
969	434
968	434
968	430
951	430
951	429
949	429
949	428
932	428
932	427
925	427
925	426
914	426
914	425
909	425
909	424
908	424
908	423
907	423
907	422
901	422
901	421
900	421
900	420
899	420
899	418
900	418
900	409
885	409
885	408
882	408
882	407
867	407
867	406
865	406
865	405
854	405
854	404
850	404
850	402
849	402
849	401
842	401
842	400
838	400
838	399
837	399
837	398
834	398
834	397
832	397
832	396
831	396
831	395
832	395
832	394
834	394
834	392
835	392
835	390
836	390
836	388
835	388
835	385
836	385
836	383
835	383
835	382
819	382
819	381
814	381
814	380
813	380
813	379
808	379
808	378
804	378
804	377
803	377
803	376
802	376
802	375
792	375
792	374
788	374
788	372
782	372
782	370
777	370
777	368
776	368
776	367
775	367
775	368
773	368
773	367
772	367
772	366
771	366
771	365
769	365
769	364
767	364
767	360
768	360
768	359
769	359
769	358
770	358
770	357
771	357
771	356
772	356
772	354
773	354
773	343
763	343
763	342
758	342
758	341
756	341
756	339
751	339
751	338
749	338
749	337
747	337
747	336
746	336
746	334
745	334
745	333
744	333
744	334
741	334
741	332
739	332
739	331
736	331
736	329
735	329
735	328
731	328
731	327
730	327
730	326
729	326
729	325
725	325
725	323
719	323
719	322
718	322
718	321
716	321
716	320
715	320
715	319
714	319
714	318
712	318
712	317
711	317
711	315
709	315
709	311
705	311
705	308
707	308
707	307
709	307
709	306
711	306
711	305
712	305
712	304
714	304
714	303
715	303
715	295
713	295
713	294
710	294
710	293
709	293
709	292
704	292
704	291
702	291
702	290
699	290
699	287
694	287
694	286
692	286
692	285
691	285
691	284
689	284
689	282
688	282
688	280
683	280
683	276
678	276
678	275
676	275
676	274
675	274
675	272
674	272
674	271
673	271
673	270
671	270
671	269
669	269
669	267
668	267
668	266
667	266
667	265
665	265
665	264
664	264
664	261
660	261
660	259
659	259
659	256
657	256
657	255
656	255
656	252
657	252
657	251
658	251
658	250
662	250
662	240
658	240
658	239
656	239
656	238
654	238
654	237
652	237
652	235
651	235
651	234
649	234
649	233
648	233
648	232
647	232
647	230
646	230
646	229
643	229
643	228
640	228
640	227
637	227
637	221
636	221
636	219
634	219
634	218
633	218
633	217
632	217
632	216
631	216
631	214
630	214
630	213
628	213
628	212
627	212
627	211
626	211
626	209
625	209
625	208
623	208
623	207
622	207
622	206
621	206
621	204
620	204
620	203
618	203
618	202
617	202
617	201
616	201
616	200
615	200
615	198
614	198
614	197
613	197
613	196
612	196
612	195
611	195
611	194
610	194
610	193
609	193
609	191
608	191
608	188
606	188
606	187
605	187
605	182
602	182
602	181
601	181
601	177
598	177
598	172
595	172
595	171
594	171
594	169
595	169
595	168
594	168
594	167
591	167
591	166
589	166
589	160
584	160
584	157
583	157
583	156
581	156
581	152
580	152
580	151
577	151
577	150
576	150
576	149
577	149
577	148
576	148
576	146
575	146
575	145
574	145
574	141
573	141
573	140
571	140
571	137
570	137
570	135
568	135
568	134
567	134
567	132
566	132
566	131
565	131
565	129
564	129
564	127
563	127
563	126
561	126
561	122
560	122
560	121
559	121
559	120
558	120
558	116
557	116
557	114
556	114
556	111
555	111
555	107
554	107
554	104
556	104
556	105
557	105
557	106
562	106
562	107
564	107
564	108
566	108
566	109
569	109
569	112
570	112
570	111
571	111
571	112
572	112
572	113
574	113
574	114
575	114
575	115
577	115
577	117
579	117
579	118
580	118
580	119
581	119
581	120
582	120
582	121
587	121
587	122
592	122
592	127
593	127
593	128
594	128
594	129
596	129
596	130
597	130
597	131
598	131
598	132
600	132
600	133
601	133
601	134
603	134
603	137
607	137
607	138
608	138
608	139
611	139
611	140
612	140
612	141
614	141
614	144
617	144
617	145
618	145
618	147
619	147
619	148
624	148
624	151
628	151
628	152
629	152
629	154
630	154
630	155
632	155
632	156
633	156
633	157
634	157
634	158
638	158
638	159
642	159
642	161
645	161
645	163
647	163
647	164
648	164
648	163
649	163
649	164
650	164
650	165
652	165
652	166
653	166
653	167
655	167
655	168
656	168
656	169
661	169
661	171
665	171
665	173
666	173
666	174
673	174
673	175
676	175
676	176
677	176
677	177
681	177
681	179
683	179
683	180
684	180
684	181
686	181
686	182
690	182
690	183
691	183
691	184
694	184
694	185
697	185
697	187
699	187
699	188
700	188
700	189
701	189
701	188
702	188
702	189
703	189
703	190
704	190
704	191
714	191
714	189
715	189
715	178
716	178
716	177
720	177
720	178
723	178
723	179
727	179
727	180
730	180
730	181
731	181
731	182
733	182
733	184
736	184
736	185
737	185
737	184
738	184
738	187
739	187
739	189
743	189
743	190
746	190
746	191
748	191
748	192
749	192
749	194
750	194
750	195
759	195
759	196
761	196
761	197
764	197
764	199
765	199
765	200
771	200
771	202
772	202
772	203
773	203
773	204
775	204
775	206
776	206
776	207
777	207
777	208
780	208
780	209
781	209
781	210
790	210
790	203
791	203
791	192
790	192
790	190
794	190
794	189
795	189
795	190
798	190
798	191
802	191
802	192
803	192
803	193
804	193
804	194
806	194
806	195
809	195
809	196
810	196
810	197
811	197
811	199
812	199
812	200
818	200
818	201
821	201
821	202
822	202
822	205
827	205
827	207
828	207
828	210
834	210
834	211
835	211
835	212
836	212
836	213
838	213
838	215
841	215
841	216
843	216
843	220
844	220
844	221
848	221
848	224
850	224
850	225
851	225
851	226
853	226
853	227
854	227
854	231
866	231
866	227
867	227
867	224
868	224
868	222
867	222
867	221
868	221
868	217
867	217
867	214
870	214
870	215
871	215
871	216
872	216
872	215
873	215
873	216
874	216
874	215
876	215
876	216
877	216
877	217
880	217
880	221
886	221
886	222
887	222
887	223
889	223
889	224
890	224
890	225
891	225
891	226
893	226
893	227
895	227
895	228
896	228
896	229
895	229
895	230
896	230
896	231
900	231
900	236
901	236
901	237
905	237
905	238
906	238
906	241
907	241
907	242
908	242
908	241
909	241
909	242
911	242
911	246
912	246
912	247
916	247
916	248
918	248
918	249
920	249
920	250
921	250
921	257
925	257
925	258
930	258
930	260
931	260
931	261
932	261
932	263
933	263
933	265
934	265
934	266
936	266
936	267
937	267
937	272
938	272
938	273
946	273
946	272
947	272
947	257
946	257
946	255
945	255
945	252
944	252
944	251
946	251
946	250
952	250
952	251
953	251
953	252
961	252
961	253
962	253
962	254
964	254
964	255
967	255
967	256
968	256
968	257
969	257
969	258
970	258
970	260
971	260
971	259
972	259
972	260
973	260
973	262
975	262
975	263
979	263
979	264
980	264
980	266
981	266
981	267
982	267
982	268
984	268
984	272
985	272
985	273
990	273
990	275
992	275
992	277
994	277
994	278
996	278
996	279
997	279
997	282
998	282
998	283
999	283
999	284
1001	284
1001	285
1002	285
1002	287
1003	287
1003	288
1004	288
1004	289
1005	289
1005	294
1008	294
1008	295
1017	295
1017	294
1018	294
1018	286
1019	286
1019	272
1018	272
1018	269
1017	269
1017	268
1016	268
1016	267
1018	267
1018	268
1020	268
1020	270
1021	270
1021	271
1029	271
1029	270
1030	270
1030	269
1034	269
1034	270
1035	270
1035	272
1036	272
1036	273
1041	273
1041	276
1042	276
1042	278
1045	278
1045	280
1046	280
1046	282
1047	282
1047	284
1048	284
1048	285
1049	285
1049	287
1050	287
1050	289
1051	289
1051	290
1052	290
1052	293
1053	293
1053	295
1054	295
1054	296
1055	296
1055	299
1057	299
1057	304
1059	304
1059	305
1061	305
1061	306
1062	306
1062	308
1063	308
1063	310
1064	310
1064	312
1065	312
1065	314
1075	314
1075	311
1081	311
1081	314
1082	314
1082	315
1085	315
1085	317
1086	317
1086	318
1087	318
1087	320
1088	320
1088	322
1090	322
1090	325
1092	325
1092	326
1093	326
1093	327
1094	327
1094	331
1096	331
1096	333
1097	333
1097	334
1098	334
1098	339
1099	339
1099	341
1101	341
1101	342
1102	342
1102	343
1103	343
1103	346
1106	346
1106	349
1107	349
1107	357
1108	357
1108	360
1107	360
1107	361
1108	361
1108	362
1109	362
1109	363
1110	363
1110	364
1109	364
1109	365
1110	365
1110	368
1109	368
1109	369
1110	369
1110	372
1111	372
1111	377
1112	377
1112	381
1113	381
1113	393
1115	393
1115	398
1116	398
1116	401
1117	401
1117	408
1118	408
1118	413
1119	413
1119	414
1120	414
1120	417
1129	417
1129	416
1130	416
1130	409
1131	409
1131	408
1132	408
1132	404
1133	404
1133	395
1134	395
1134	393
1137	393
1137	387
1138	387
1138	384
1141	384
1141	374
1142	374
1142	370
1143	370
1143	368
1142	368
1142	367
1143	367
1143	366
1144	366
1144	364
1145	364
1145	363
1146	363
1146	359
1147	359
1147	358
1148	358
1148	355
1149	355
1149	353
1151	353
1151	352
1154	352
1154	351
1156	351
1156	352
1164	352
1164	351
1166	351
1166	346
1167	346
1167	344
1168	344
1168	342
1169	342
1169	340
1170	340
1170	336
1171	336
1171	334
1172	334
1172	331
1173	331
1173	330
1174	330
1174	327
1176	327
1176	325
1177	325
1177	323
1178	323
1178	322
1180	322
1180	320
1184	320
1184	315
1185	315
1185	314
1186	314
1186	312
1187	312
1187	310
1190	310
1190	306
1191	306
1191	305
1194	305
1194	304
1195	304
1195	302
1199	302
1199	301
1201	301
1201	300
1203	300
1203	299
1214	299
1214	301
1213	301
1213	313
1222	313
1222	312
1223	312
1223	310
1226	310
1226	306
1227	306
1227	304
1229	304
1229	300
1231	300
1231	299
1232	299
1232	298
1234	298
1234	297
1235	297
1235	294
1237	294
1237	293
1238	293
1238	292
1239	292
1239	290
1240	290
1240	289
1242	289
1242	288
1243	288
1243	287
1244	287
1244	285
1245	285
1245	284
1248	284
1248	283
1249	283
1249	282
1250	282
1250	281
1251	281
1251	280
1253	280
1253	279
1254	279
1254	278
1255	278
1255	276
1257	276
1257	275
1260	275
1260	274
1261	274
1261	273
1263	273
1263	272
1264	272
1264	270
1265	270
1265	269
1269	269
1269	264
1270	264
1270	263
1272	263
1272	262
1273	262
1273	260
1276	260
1276	259
1277	259
1277	258
1278	258
1278	257
1281	257
1281	256
1282	256
1282	255
1286	255
1286	253
1287	253
1287	252
1293	252
1293	251
1295	251
1295	252
1296	252
1296	268
1297	268
1297	276
1298	276
1298	277
1308	277
1308	276
1309	276
1309	274
1310	274
1310	272
1311	272
1311	271
1312	271
1312	270
1313	270
1313	269
1315	269
1315	264
1318	264
1318	263
1319	263
1319	262
1320	262
1320	261
1322	261
1322	258
1326	258
1326	256
1329	256
1329	255
1330	255
1330	254
1335	254
1335	253
1334	253
1334	252
1336	252
1336	251
1338	251
1338	250
1339	250
1339	249
1340	249
1340	247
1341	247
1341	246
1342	246
1342	245
1343	245
1343	244
1344	244
1344	242
1346	242
1346	241
1347	241
1347	240
1348	240
1348	238
1350	238
1350	237
1351	237
1351	236
1353	236
1353	235
1354	235
1354	234
1355	234
1355	233
1356	233
1356	232
1358	232
1358	231
1359	231
1359	232
1360	232
1360	231
1362	231
1362	227
1364	227
1364	226
1366	226
1366	225
1367	225
1367	224
1369	224
1369	223
1370	223
1370	222
1372	222
1372	221
1377	221
1377	219
1378	219
1378	218
1382	218
1382	217
1389	217
1389	216
1391	216
1391	241
1392	241
1392	242
1400	242
1400	241
1401	241
1401	240
1405	240
1405	238
1407	238
1407	237
1408	237
1408	236
1409	236
1409	233
1413	233
1413	232
1414	232
1414	231
1415	231
1415	232
1416	232
1416	231
1420	231
1420	230
1421	230
1421	229
1422	229
1422	228
1424	228
1424	227
1427	227
1427	226
1431	226
1431	225
1432	225
1432	222
1433	222
1433	221
1434	221
1434	220
1437	220
1437	219
1438	219
1438	218
1441	218
1441	217
1442	217
1442	216
1448	216
1448	215
1451	215
1451	214
1452	214
1452	213
1456	213
1456	212
1457	212
1457	211
1463	211
1463	210
1469	210
1469	214
1468	214
1468	231
1482	231
1482	228
1483	228
1483	227
1487	227
1487	226
1492	226
1492	224
1493	224
1493	223
1495	223
1495	222
1499	222
1499	221
1508	221
1508	220
1509	220
1509	219
1511	219
1511	217
1512	217
1512	215
1513	215
1513	214
1515	214
1515	213
1517	213
1517	212
1519	212
1519	211
1522	211
1522	210
1525	210
1525	209
1527	209
1527	208
1528	208
1528	207
1533	207
1533	205
1539	205
1539	204
1540	204
1540	203
1543	203
1543	202
1549	202
1549	203
1552	203
1552	206
1551	206
1551	208
1550	208
1550	220
1551	220
1551	221
1559	221
1559	220
1560	220
1560	218
1562	218
1562	217
1564	217
1564	216
1565	216
1565	215
1570	215
1570	214
1571	214
1571	213
1572	213
1572	212
1574	212
1574	211
1575	211
1575	212
1577	212
1577	211
1579	211
1579	210
1582	210
1582	209
1584	209
1584	208
1586	208
1586	207
1591	207
1591	206
1592	206
1592	203
1598	203
1598	202
1599	202
1599	201
1604	201
1604	200
1612	200
1612	197
1624	197
1624	198
1625	198
1625	197
1626	197
1626	200
1625	200
1625	209
1634	209
1634	207
1636	207
1636	206
1643	206
1643	205
1644	205
1644	204
1645	204
1645	203
1647	203
1647	202
1654	202
1654	201
1655	201
1655	200
1665	200
1665	199
1667	199
1667	198
1668	198
1668	197
1669	197
1669	195
1676	195
1676	194
1681	194
1681	193
1682	193
1682	192
1687	192
1687	191
1690	191
1690	190
1689	190
1689	189
1691	189
1691	187
1692	187
1692	186
1697	186
1697	185
1699	185
1699	184
1706	184
1706	182
1707	182
1707	179
1711	179
1711	178
1712	178
1712	177
1716	177
1716	176
1718	176
1718	175
1719	175
1719	176
1720	176
1720	175
1723	175
1723	173
1724	173
1724	172
1725	172
1725	171
1727	171
1727	170
1732	170
1732	169
1733	169
1733	168
1736	168
1736	167
1737	167
1737	166
1738	166
1738	165
1740	165
1740	164
1741	164
1741	163
1743	163
1743	164
1747	164
1747	163
1748	163
1748	161
1751	161
1751	159
1757	159
1757	158
1760	158
1760	156
1763	156
1763	155
1765	155
1765	154
1766	154
1766	153
1772	153
1772	150
1774	150
1774	149
1775	149
1775	148
1779	148
1779	147
1780	147
1780	144
1784	144
1784	143
1785	143
1785	141
1788	141
1788	140
1790	140
1790	139
1792	139
1792	138
1794	138
1794	137
1797	137
1797	136
1798	136
1798	135
1800	135
1800	134
1802	134
1802	133
1804	133
1804	141
1803	141
1803	143
1802	143
1802	151
1800	151
1800	153
1799	153
1799	155
1798	155
1798	157
1797	157
1797	159
1796	159
1796	160
1795	160
1795	161
1794	161
1794	162
1793	162
1793	163
1792	163
1792	164
1791	164
1791	165
1789	165
1789	167
1787	167
1787	168
1786	168
1786	170
1785	170
1785	171
1783	171
1783	172
1778	172
1778	177
1773	177
1773	178
1772	178
1772	182
1769	182
1769	183
1768	183
1768	184
1767	184
1767	185
1766	185
1766	186
1763	186
1763	187
1762	187
1762	188
1761	188
1761	191
1760	191
1760	192
1759	192
1759	193
1757	193
1757	194
1756	194
1756	195
1752	195
1752	196
1751	196
1751	200
1750	200
1750	201
1749	201
1749	202
1748	202
1748	203
1746	203
1746	204
1745	204
1745	205
1744	205
1744	206
1742	206
1742	208
1741	208
1741	209
1740	209
1740	210
1737	210
1737	211
1736	211
1736	214
1731	214
1731	215
1730	215
1730	219
1726	219
1726	220
1725	220
1725	223
1724	223
1724	224
1723	224
1723	225
1721	225
1721	227
1720	227
1720	228
1715	228
1715	232
1714	232
1714	233
1713	233
1713	234
1709	234
1709	235
1710	235
1710	237
1709	237
1709	238
1707	238
1707	239
1706	239
1706	240
1703	240
1703	243
1702	243
1702	244
1701	244
1701	245
1700	245
1700	246
1699	246
1699	249
1695	249
1695	250
1694	250
1694	252
1693	252
1693	253
1691	253
1691	254
1690	254
1690	255
1688	255
1688	257
1684	257
1684	259
1683	259
1683	260
1680	260
1680	259
1679	259
1679	260
1678	260
1678	263
1674	263
1674	264
1673	264
1673	265
1672	265
1672	266
1670	266
1670	267
1667	267
1667	268
1663	268
1663	269
1662	269
1662	279
1663	279
1663	280
1664	280
1664	281
1665	281
1665	282
1667	282
1667	283
1668	283
1668	286
1667	286
1667	287
1664	287
1664	288
1663	288
1663	289
1661	289
1661	290
1658	290
1658	291
1655	291
1655	292
1653	292
1653	293
1647	293
1647	296
1642	296
1642	297
1640	297
1640	298
1639	298
1639	299
1636	299
1636	300
1632	300
1632	302
1631	302
1631	303
1630	303
1630	304
1627	304
1627	305
1626	305
1626	306
1625	306
1625	307
1621	307
1621	308
1620	308
1620	310
1616	310
1616	312
1614	312
1614	313
1611	313
1611	314
1607	314
1607	315
1598	315
1598	325
1600	325
1600	327
1601	327
1601	328
1602	328
1602	329
1603	329
1603	330
1604	330
1604	331
1605	331
1605	334
1603	334
1603	336
1602	336
1602	337
1600	337
1600	338
1599	338
1599	339
1595	339
1595	340
1593	340
1593	339
1590	339
1590	342
1589	342
1589	343
1585	343
1585	344
1579	344
1579	348
1569	348
1569	349
1564	349
1564	350
1563	350
1563	351
1562	351
1562	352
1558	352
1558	356
1544	356
1544	357
1543	357
1543	358
1538	358
1538	359
1523	359
1523	360
1522	360
1522	372
1523	372
1523	373
1524	373
1524	375
1526	375
1526	376
1527	376
1527	377
1526	377
1526	378
1525	378
1525	379
1522	379
1522	380
1516	380
1516	381
1517	381
1517	382
1516	382
1516	383
1512	383
1512	384
1510	384
1510	385
1505	385
1505	386
1470	386
1470	387
1469	387
1469	388
1465	388
1465	389
1451	389
1451	398
1453	398
1453	400
1454	400
1454	402
1457	402
1457	403
1458	403
1458	405
1457	405
1457	406
1456	406
1456	407
1454	407
1454	409
1449	409
1449	411
1447	411
1447	412
1428	412
1428	413
1427	413
1427	414
1417	414
1417	415
1402	415
1402	416
1401	416
1401	417
1387	417
1387	418
1386	418
1386	427
1384	427
1384	428
1381	428
1381	429
1380	429
1380	430
1378	430
1378	431
1376	431
1376	432
1373	432
1373	433
1334	433
1334	434
1333	434
1333	435
1331	435
1331	434
1321	434
1321	448
1332	448
1332	447
1335	447
1335	446
1336	446
1336	445
1342	445
1342	446
1343	446
1343	445
1347	445
1347	446
1352	446
1352	445
1354	445
1354	446
1355	446
1355	456
1365	456
1365	455
1367	455
1367	454
1369	454
1369	453
1371	453
1371	452
1372	452
1372	451
1377	451
1377	450
1383	450
1383	449
1385	449
1385	448
1391	448
1391	447
1393	447
1393	446
1394	446
1394	445
1403	445
1403	444
1407	444
1407	443
1409	443
1409	442
1414	442
1414	441
1417	441
1417	440
1419	440
1419	439
1420	439
1420	438
1424	438
1424	437
1440	437
1440	439
1438	439
1438	450
1439	450
1439	451
1451	451
1451	450
1452	450
1452	449
1453	449
1453	448
1459	448
1459	447
1470	447
1470	446
1471	446
1471	445
1479	445
1479	446
1480	446
1480	445
1482	445
1482	443
1484	443
1484	444
1485	444
1485	443
1486	443
1486	442
1492	442
1492	441
1494	441
1494	442
1499	442
1499	443
1501	443
1501	448
1500	448
1500	454
1499	454
1499	457
1500	457
1500	459
1503	459
1503	460
1504	460
1504	458
1505	458
1505	459
1508	459
1508	458
1510	458
1510	456
1511	456
1511	457
1512	457
1512	456
1518	456
1518	455
1519	455
1519	454
1527	454
1527	453
1536	453
1536	452
1538	452
1538	451
1562	451
1562	450
1563	450
1563	448
1565	448
1565	449
1566	449
1566	448
1568	448
1568	449
1569	449
1569	450
1571	450
1571	454
1570	454
1570	455
1569	455
1569	459
1568	459
1568	470
1578	470
1578	469
1581	469
1581	467
1588	467
1588	466
1600	466
1600	467
1606	467
1606	468
1615	468
1615	466
1619	466
1619	465
1620	465
1620	464
1629	464
1629	461
1637	461
1637	462
1642	462
1642	464
1646	464
1646	465
1647	465
1647	467
1645	467
1645	469
1644	469
1644	470
1642	470
1642	476
1641	476
1641	486
1653	486
1653	485
1655	485
1655	484
1665	484
1665	483
1666	483
1666	485
1668	485
1668	484
1669	484
1669	485
1670	485
1670	486
1672	486
1672	487
1696	487
1696	488
1702	488
1702	490
1708	490
1708	491
1709	491
1709	492
1710	492
1710	493
1712	493
1712	494
1715	494
1715	497
1716	497
1716	498
1717	498
1717	499
1718	499
1718	500
1720	500
1720	503
1718	503
1718	504
1715	504
1715	506
1710	506
1710	509
1709	509
1709	511
1707	511
1707	513
1706	513
1706	515
1705	515
1705	523
1706	523
1706	524
1726	524
1726	525
1731	525
1731	526
1735	526
1735	527
1736	527
1736	529
1741	529
1741	530
1743	530
1743	531
1747	531
1747	532
1751	532
1751	531
1752	531
1752	532
1753	532
1753	531
1756	531
1756	532
1757	532
1757	534
1770	534
1770	535
1771	535
1771	536
1774	536
1774	535
1775	535
1775	536
1778	536
1778	537
1777	537
1777	538
1778	538
1778	539
1780	539
1780	540
1787	540
1787	542
1791	542
1791	544
1794	544
1794	545
1795	545
1795	548
1796	548
1796	550
1798	550
1798	552
1799	552
1799	555
1798	555
1798	556
1795	556
1795	557
1794	557
1794	556
1793	556
1793	557
1790	557
1790	558
1788	558
1788	560
1787	560
1787	561
1785	561
1785	562
1784	562
1784	564
1783	564
1783	570
1784	570
1784	572
1801	572
1801	573
1804	573
1804	575
1805	575
1805	576
1814	576
1814	577
1819	577
1819	578
1820	578
1820	579
1822	579
1822	580
1825	580
1825	581
1828	581
1828	583
1834	583
1834	585
1835	585
1835	586
1844	586
1844	587
1845	587
1845	588
1855	588
1855	587
1856	587
1856	591
1857	591
1857	592
1859	592
1859	593
1860	593
1860	595
1861	595
1861	596
1862	596
1862	597
1869	597
1869	598
1873	598
1873	599
1875	599
1875	600
1877	600
1877	602
1878	602
1878	605
1877	605
1877	606
1875	606
1875	607
1872	607
1872	608
1871	608
1871	609
1870	609
1870	610
1867	610
1867	612
1866	612
1866	614
1865	614
1865	615
1864	615
1864	623
1865	623
1865	624
1873	624
1873	625
1876	625
1876	626
1881	626
1881	627
1882	627
1882	628
1885	628
1885	629
1888	629
1888	630
1892	630
1892	632
1893	632
1893	633
1897	633
1897	634
1898	634
1898	638
1903	638
1903	639
1908	639
1908	640
1910	640
1910	641
1913	641
1913	642
1914	642
1914	644
1919	644
1919	645
1920	645
1920	646
1924	646
1924	649
1929	649
1929	650
1930	650
1930	651
1931	651
1931	652
1932	652
1932	654
1931	654
1931	655
1928	655
1928	656
1927	656
1927	657
1925	657
1925	658
1924	658
1924	659
1922	659
1922	668
1924	668
1924	669
1925	669
1925	670
1932	670
1932	671
1933	671
1933	672
1941	672
1941	673
1945	673
1945	675
1950	675
1950	676
1951	676
1951	677
1954	677
1954	678
1962	678
1962	679
1964	679
1964	686
1972	686
1972	687
1974	687
1974	689
1975	689
1975	690
1978	690
1978	691
1991	691
1991	692
1992	692
1992	694
1993	694
1993	693
1995	693
1995	694
1996	694
1996	695
1997	695
1997	696
2001	696
2001	697
2003	697
2003	698
2006	698
2006	699
2008	699
2008	701
2017	701
2017	702
2019	702
2019	703
2023	703
2023	704
2027	704
2027	703
2028	703
2028	706
2034	706
2034	707
2039	707
2039	708
2042	708
2042	709
2049	709
2049	710
2050	710
2050	711
2058	711
2058	712
2059	712
2059	713
2065	713
2065	714
2070	714
2070	715
2074	715
2074	716
2076	716
2076	717
2085	717
2085	718
2086	718
2086	719
2091	719
2091	720
2093	720
2093	721
2096	721
2096	722
2101	722
2101	723
2102	723
2102	724
2107	724
2107	725
2113	725
2113	726
2116	726
2116	727
2118	727
2118	728
2121	728
2121	729
2123	729
2123	730
2124	730
2124	731
2126	731
2126	732
2128	732
2128	733
2129	733
2129	734
2130	734
2130	735
2131	735
2131	736
2132	736
2132	737
2133	737
2133	738
2134	738
2134	739
2135	739
2135	740
2137	740
2137	742
2134	742
2134	741
2096	741
2096	740
2095	740
2095	741
2091	741
2091	740
2089	740
2089	741
2063	741
2063	740
2062	740
2062	739
2061	739
2061	738
2060	738
2060	739
2040	739
2040	738
2039	738
2039	739
2036	739
2036	738
2031	738
2031	737
2025	737
2025	736
1999	736
1999	735
1973	735
1973	734
1957	734
1957	733
1951	733
1951	732
1946	732
1946	731
1939	731
1939	730
1921	730
1921	728
1920	728
1920	727
1911	727
1911	728
1910	728
1910	737
1911	737
1911	742
1912	742
1912	743
1913	743
1913	745
1912	745
1912	746
1893	746
1893	747
1892	747
1892	746
1884	746
1884	745
1879	745
1879	744
1874	744
1874	743
1873	743
1873	742
1864	742
1864	741
1863	741
1863	742
1861	742
1861	743
1857	743
1857	742
1847	742
1847	741
1842	741
1842	739
1838	739
1838	738
1837	738
1837	737
1832	737
1832	736
1829	736
1829	735
1822	735
1822	736
1821	736
1821	743
1820	743
1820	747
1819	747
1819	755
1812	755
1812	754
1807	754
1807	753
1806	753
1806	751
1805	751
1805	750
1801	750
1801	748
1800	748
1800	747
1795	747
1795	746
1778	746
1778	745
1777	745
1777	744
1776	744
1776	743
1775	743
1775	741
1769	741
1769	740
1767	740
1767	739
1765	739
1765	738
1764	738
1764	736
1763	736
1763	735
1762	735
1762	734
1761	734
1761	733
1760	733
1760	732
1751	732
1751	749
1745	749
1745	748
1743	748
1743	746
1738	746
1738	745
1733	745
1733	742
1728	742
1728	741
1727	741
1727	738
1723	738
1723	737
1722	737
1722	735
1721	735
1721	734
1716	734
1716	733
1712	733
1712	732
1711	732
1711	733
1707	733
1707	732
1706	732
1706	731
1704	731
1704	730
1703	730
1703	731
1702	731
1702	730
1698	730
1698	729
1696	729
1696	726
1695	726
1695	725
1689	725
1689	724
1688	724
1688	723
1687	723
1687	722
1686	722
1686	720
1683	720
1683	719
1682	719
1682	718
1681	718
1681	716
1680	716
1680	717
1673	717
1673	719
1672	719
1672	731
1671	731
1671	732
1669	732
1669	731
1663	731
1663	730
1661	730
1661	731
1660	731
1660	730
1655	730
1655	729
1653	729
1653	728
1652	728
1652	727
1650	727
1650	726
1649	726
1649	725
1645	725
1645	724
1644	724
1644	723
1642	723
1642	722
1640	722
1640	721
1639	721
1639	720
1638	720
1638	717
1637	717
1637	718
1635	718
1635	717
1634	717
1634	715
1633	715
1633	714
1632	714
1632	713
1628	713
1628	710
1624	710
1624	709
1623	709
1623	708
1622	708
1622	707
1620	707
1620	705
1618	705
1618	704
1605	704
1605	705
1603	705
1603	709
1602	709
1602	712
1601	712
1601	713
1596	713
1596	712
1594	712
1594	711
1592	711
1592	710
1591	710
1591	709
1589	709
1589	708
1588	708
1588	707
1587	707
1587	705
1581	705
1581	704
1579	704
1579	702
1578	702
1578	701
1576	701
1576	700
1575	700
1575	699
1573	699
1573	698
1572	698
1572	697
1571	697
1571	694
1567	694
1567	693
1566	693
1566	692
1565	692
1565	690
1560	690
1560	688
1558	688
1558	686
1556	686
1556	684
1547	684
1547	685
1546	685
1546	690
1545	690
1545	696
1544	696
1544	698
1541	698
1541	697
1539	697
1539	696
1535	696
1535	695
1534	695
1534	694
1531	694
1531	693
1529	693
1529	692
1526	692
1526	691
1524	691
1524	689
1522	689
1522	688
1520	688
1520	687
1519	687
1519	685
1518	685
1518	684
1515	684
1515	683
1514	683
1514	682
1513	682
1513	679
1511	679
1511	678
1508	678
1508	676
1507	676
1507	675
1505	675
1505	673
1502	673
1502	672
1501	672
1501	671
1500	671
1500	669
1499	669
1499	668
1497	668
1497	667
1496	667
1496	663
1484	663
1484	668
1485	668
1485	669
1484	669
1484	671
1482	671
1482	672
1477	672
1477	671
1476	671
1476	670
1474	670
1474	669
1472	669
1472	668
1470	668
1470	667
1467	667
1467	666
1466	666
1466	665
1463	665
1463	664
1462	664
1462	663
1460	663
1460	662
1459	662
1459	661
1458	661
1458	660
1457	660
1457	659
1456	659
1456	658
1450	658
1450	655
1449	655
1449	653
1448	653
1448	652
1446	652
1446	651
1445	651
1445	649
1442	649
1442	648
1440	648
1440	647
1439	647
1439	646
1438	646
1438	645
1437	645
1437	644
1436	644
1436	643
1435	643
1435	642
1434	642
1434	641
1433	641
1433	640
1432	640
1432	639
1431	639
1431	638
1428	638
1428	639
1427	639
1427	638
1424	638
1424	639
1420	639
1420	638
1419	638
1419	637
1414	637
1414	636
1413	636
1413	635
1409	635
1409	632
1408	632
1408	631
1404	631
1404	630
1403	630
1403	629
1401	629
1401	627
1400	627
1400	626
1396	626
1396	625
1395	625
1395	624
1394	624
1394	623
1393	623
1393	620
1392	620
1392	619
1391	619
1391	618
1390	618
1390	619
1389	619
1389	618
1388	618
1388	616
1386	616
1386	615
1383	615
1383	611
1370	611
1370	612
1369	612
1369	613
1370	613
1370	617
1369	617
1369	619
1368	619
1368	628
1369	628
1369	629
1371	629
1371	633
1382	633
1382	634
1387	634
1387	635
1388	635
1388	637
1391	637
1391	639
1392	639
1392	641
1395	641
1395	642
1396	642
1396	643
1397	643
1397	644
1404	644
1404	645
1407	645
1407	646
1408	646
1408	645
1409	645
1409	647
1410	647
1410	648
1412	648
1412	649
1415	649
1415	650
1417	650
1417	651
1418	651
1418	654
1423	654
1423	655
1424	655
1424	656
1425	656
1425	657
1426	657
1426	661
1425	661
1425	662
1420	662
1420	663
1418	663
1418	664
1417	664
1417	672
1418	672
1418	673
1422	673
1422	674
1423	674
1423	675
1429	675
1429	676
1432	676
1432	677
1433	677
1433	680
1435	680
1435	681
1436	681
1436	680
1437	680
1437	681
1438	681
1438	682
1439	682
1439	685
1446	685
1446	686
1449	686
1449	687
1455	687
1455	688
1459	688
1459	690
1460	690
1460	691
1466	691
1466	692
1467	692
1467	693
1474	693
1474	695
1475	695
1475	696
1479	696
1479	697
1481	697
1481	698
1483	698
1483	699
1484	699
1484	700
1485	700
1485	701
1486	701
1486	702
1487	702
1487	705
1485	705
1485	706
1482	706
1482	707
1481	707
1481	708
1480	708
1480	710
1478	710
1478	711
1477	711
1477	713
1476	713
1476	722
1478	722
1478	723
1485	723
1485	725
1486	725
1486	726
1485	726
1485	727
1496	727
1496	732
1497	732
1497	733
1506	733
1506	732
1507	732
1507	733
1510	733
1510	735
1511	735
1511	736
1512	736
1512	738
1515	738
1515	739
1516	739
1516	741
1517	741
1517	744
1521	744
1521	746
1522	746
1522	750
1523	750
1523	752
1524	752
1524	751
1535	751
1535	752
1537	752
1537	753
1538	753
1538	754
1539	754
1539	756
1541	756
1541	759
1540	759
1540	760
1533	760
1533	761
1532	761
1532	762
1528	762
1528	763
1527	763
1527	764
1526	764
1526	765
1523	765
1523	766
1522	766
1522	774
1532	774
1532	775
1533	775
1533	776
1539	776
1539	777
1542	777
1542	778
1543	778
1543	779
1544	779
1544	780
1548	780
1548	781
1550	781
1550	782
1551	782
1551	783
1553	783
1553	785
1554	785
1554	786
1559	786
1559	788
1560	788
1560	789
1562	789
1562	790
1565	790
1565	791
1574	791
1574	795
1581	795
1581	796
1583	796
1583	797
1584	797
1584	798
1585	798
1585	800
1588	800
1588	801
1590	801
1590	805
1594	805
1594	807
1595	807
1595	810
1596	810
1596	811
1597	811
1597	814
1588	814
1588	815
1587	815
1587	816
1585	816
1585	817
1584	817
1584	818
1580	818
1580	820
1579	820
1579	825
1580	825
1580	826
1579	826
1579	827
1581	827
1581	828
1584	828
1584	829
1587	829
1587	830
1590	830
1590	831
1593	831
1593	832
1594	832
1594	831
1596	831
1596	832
1597	832
1597	833
1600	833
1600	834
1601	834
1601	835
1604	835
1604	836
1605	836
1605	837
1609	837
1609	839
1611	839
1611	840
1614	840
1614	841
1615	841
1615	842
1616	842
1616	843
1617	843
1617	845
1619	845
1619	846
1621	846
1621	847
1622	847
1622	848
1626	848
1626	851
1629	851
1629	852
1632	852
1632	853
1633	853
1633	854
1635	854
1635	855
1636	855
1636	856
1637	856
1637	858
1638	858
1638	859
1640	859
1640	860
1642	860
1642	863
1644	863
1644	865
1646	865
1646	867
1647	867
1647	868
1650	868
1650	870
1651	870
1651	873
1652	873
1652	875
1646	875
1646	876
1642	876
1642	877
1641	877
1641	878
1640	878
1640	879
1636	879
1636	880
1634	880
1634	881
1631	881
1631	890
1632	890
1632	891
1634	891
1634	892
1639	892
1639	893
1642	893
1642	894
1644	894
1644	895
1647	895
1647	899
1653	899
1653	900
1655	900
1655	901
1657	901
1657	904
1658	904
1658	905
1660	905
1660	906
1663	906
1663	910
1664	910
1664	911
1665	911
1665	910
1666	910
1666	911
1668	911
1668	912
1669	912
1669	913
1673	913
1673	914
1674	914
1674	915
1677	915
1677	916
1680	916
1680	917
1681	917
1681	918
1683	918
1683	919
1684	919
1684	920
1685	920
1685	921
1686	921
1686	922
1687	922
1687	923
1688	923
1688	924
1687	924
1687	925
1688	925
1688	926
1691	926
1691	928
1692	928
1692	929
1693	929
1693	930
1694	930
1694	931
1696	931
1696	932
1697	932
1697	934
1699	934
1699	936
1701	936
1701	939
1702	939
1702	940
1703	940
1703	943
1704	943
1704	946
1696	946
1696	947
1691	947
1691	948
1689	948
1689	950
1683	950
1683	952
1682	952
1682	959
1681	959
1681	960
1682	960
1682	961
1683	961
1683	962
1689	962
1689	964
1693	964
1693	965
1694	965
1694	967
1699	967
1699	970
1703	970
1703	971
1705	971
1705	972
1706	972
1706	973
1708	973
1708	974
1709	974
1709	975
1710	975
1710	978
1714	978
1714	980
1715	980
1715	983
1719	983
1719	984
1720	984
1720	986
1721	986
1721	988
1725	988
1725	993
1726	993
1726	994
1730	994
1730	995
1731	995
1731	999
1734	999
1734	1000
1736	1000
1736	1003
1737	1003
1737	1004
1739	1004
1739	1005
1740	1005
1740	1008
1741	1008
1741	1014
1742	1014
1742	1018
1741	1018
1741	1019
1725	1019
1725	1020
1717	1020
1717	1021
1714	1021
1714	1022
1712	1022
1712	1021
1711	1021
1711	1022
1709	1022
1709	1023
1708	1023
1708	1024
1709	1024
1709	1031
1711	1031
1711	1032
1715	1032
1715	1033
1716	1033
1716	1034
1719	1034
1719	1035
1721	1035
1721	1036
1723	1036
1723	1037
1726	1037
1726	1040
1728	1040
1728	1041
1729	1041
1729	1040
1731	1040
1731	1041
1732	1041
1732	1042
1734	1042
1734	1043
1736	1043
1736	1045
1738	1045
1738	1046
1740	1046
1740	1051
1743	1051
1743	1052
1744	1052
1744	1056
1746	1056
1746	1061
1749	1061
1749	1062
1752	1062
1752	1067
1756	1067
1756	1068
1757	1068
1757	1071
1758	1071
1758	1072
1762	1072
1762	1074
1763	1074
1763	1075
1764	1075
1764	1076
1767	1076
1767	1077
1768	1077
1768	1078
1769	1078
1769	1081
1770	1081
1770	1082
1771	1082
1771	1083
1773	1083
1773	1087
1777	1087
1777	1088
1778	1088
1778	1092
1779	1092
1779	1093
1781	1093
1781	1096
1782	1096
1782	1097
1781	1097
1781	1098
1782	1098
1782	1102
1779	1102
1779	1101
1768	1101
1768	1102
1767	1102
1767	1103
1765	1103
1765	1104
1760	1104
1760	1105
1759	1105
1759	1114
1760	1114
1760	1115
1762	1115
1762	1118
1763	1118
1763	1119
1767	1119
1767	1120
1768	1120
1768	1121
1771	1121
1771	1122
1772	1122
1772	1123
1773	1123
1773	1124
1775	1124
1775	1125
1776	1125
1776	1127
1775	1127
1775	1128
1776	1128
1776	1129
1777	1129
1777	1130
1780	1130
1780	1134
1781	1134
1781	1135
1782	1135
1782	1136
1783	1136
1783	1144
1784	1144
1784	1145
1788	1145
1788	1149
1789	1149
1789	1150
1791	1150
1791	1152
1792	1152
1792	1153
1793	1153
1793	1154
1794	1154
1794	1156
1795	1156
1795	1157
1796	1157
1796	1159
1797	1159
1797	1160
1798	1160
1798	1162
1799	1162
1799	1166
1800	1166
1800	1167
1801	1167
1801	1175
1800	1175
1800	1177
1797	1177
1797	1176
1796	1176
1796	1175
1783	1175
1783	1176
1782	1176
1782	1184
1783	1184
1783	1187
1785	1187
1785	1188
1788	1188
1788	1191
1789	1191
1789	1192
1790	1192
1790	1193
1792	1193
1792	1197
1793	1197
1793	1198
1794	1198
1794	1199
1795	1199
1795	1200
1799	1200
1799	1203
1800	1203
1800	1204
1802	1204
1802	1205
1804	1205
1804	1207
1805	1207
1805	1208
1806	1208
1806	1210
1807	1210
1807	1211
1809	1211
1809	1214
1810	1214
1810	1215
1812	1215
1812	1217
1813	1217
1813	1218
1814	1218
1814	1223
1818	1223
1818	1227
1819	1227
1819	1226
1820	1226
1820	1229
1821	1229
1821	1231
1822	1231
1822	1236
1823	1236
1823	1241
1821	1241
1821	1240
1812	1240
1812	1239
1806	1239
1806	1240
1804	1240
1804	1241
1803	1241
1803	1248
1804	1248
1804	1251
1809	1251
1809	1254
1810	1254
1810	1255
1814	1255
1814	1259
1815	1259
1815	1263
1817	1263
1817	1264
1818	1264
1818	1265
1819	1265
1819	1267
1820	1267
1820	1270
1821	1270
1821	1271
1822	1271
1822	1274
1823	1274
1823	1280
1824	1280
1824	1281
1825	1281
1825	1282
1826	1282
1826	1283
1827	1283
1827	1287
1828	1287
1828	1291
1830	1291
1830	1296
1832	1296
1832	1297
1834	1297
1834	1298
1835	1298
1835	1302
1837	1302
1837	1303
1838	1303
1838	1306
1839	1306
1839	1307
1841	1307
1841	1309
1840	1309
1840	1310
1841	1310
1841	1312
1845	1312
1845	1314
1847	1314
1847	1315
1849	1315
1849	1316
1850	1316
1850	1317
1851	1317
1851	1319
1852	1319
1852	1320
1853	1320
1853	1321
1854	1321
1854	1322
1855	1322
1855	1323
1856	1323
1856	1327
1858	1327
1858	1328
1859	1328
1859	1330
1861	1330
1861	1333
1866	1333
1866	1337
1867	1337
1867	1338
1868	1338
1868	1340
1869	1340
1869	1341
1871	1341
1871	1342
1872	1342
1872	1344
1873	1344
1873	1345
1875	1345
1875	1346
1876	1346
1876	1349
1878	1349
1878	1350
1879	1350
1879	1351
1878	1351
1878	1352
1880	1352
1880	1353
1882	1353
1882	1358
1883	1358
1883	1359
1886	1359
1886	1360
1887	1360
1887	1364
1890	1364
1890	1365
1891	1365
1891	1366
1892	1366
1892	1369
1893	1369
1893	1370
1895	1370
1895	1372
1897	1372
1897	1373
1898	1373
1898	1374
1899	1374
1899	1375
1900	1375
1900	1376
1901	1376
1901	1377
1903	1377
1903	1380
1906	1380
1906	1384
1907	1384
1907	1385
1910	1385
1910	1387
1912	1387
1912	1388
1913	1388
1913	1390
1916	1390
1916	1391
1917	1391
1917	1392
1919	1392
1919	1393
1918	1393
1918	1395
1919	1395
1919	1396
1923	1396
1923	1397
1924	1397
1924	1401
1928	1401
1928	1405
1929	1405
1929	1406
1932	1406
1932	1407
1934	1407
1934	1411
1936	1411
1936	1412
1937	1412
1937	1413
1939	1413
1939	1416
1940	1416
1940	1417
1941	1417
1941	1418
1945	1418
1945	1421
1948	1421
1948	1422
1950	1422
1950	1424
1951	1424
1951	1426
1953	1426
1953	1427
1955	1427
1955	1428
1956	1428
1956	1429
1957	1429
1957	1430
1959	1430
1959	1432
1961	1432
1961	1434
1962	1434
1962	1435
1964	1435
1964	1437
1966	1437
1966	1438
1968	1438
1968	1440
1969	1440
1969	1442
1970	1442
1970	1443
1971	1443
1971	1444
1972	1444
1972	1446
1974	1446
1974	1448
1975	1448
1975	1449
1976	1449
1976	1453
1971	1453
1971	1452
1967	1452
1967	1451
1962	1451
1962	1450
1957	1450
1957	1449
1955	1449
1955	1448
1952	1448
1952	1447
1951	1447
1951	1446
1948	1446
1948	1445
1947	1445
1947	1444
1942	1444
1942	1443
1941	1443
1941	1441
1940	1441
1940	1440
1939	1440
1939	1441
1937	1441
1937	1440
1936	1440
1936	1439
1934	1439
1934	1438
1933	1438
1933	1437
1932	1437
1932	1436
1931	1436
1931	1435
1926	1435
1926	1433
1925	1433
1925	1432
1922	1432
1922	1431
1920	1431
1920	1430
1918	1430
1918	1429
1916	1429
1916	1428
1915	1428
1915	1427
1916	1427
1916	1426
1915	1426
1915	1425
1910	1425
1910	1423
1906	1423
1906	1422
1905	1422
1905	1419
1904	1419
1904	1418
1900	1418
1900	1417
1899	1417
1899	1415
1893	1415
1893	1414
1892	1414
1892	1413
1890	1413
1890	1412
1889	1412
1889	1410
1888	1410
1888	1409
1884	1409
1884	1407
1883	1407
1883	1406
1880	1406
1880	1405
1878	1405
1878	1403
1877	1403
1877	1402
1876	1402
1876	1401
1875	1401
1875	1400
1874	1400
1874	1399
1870	1399
1870	1398
1869	1398
1869	1397
1868	1397
1868	1393
1865	1393
1865	1394
1864	1394
1864	1393
1863	1393
1863	1392
1862	1392
1862	1391
1858	1391
1858	1389
1855	1389
1855	1388
1854	1388
1854	1387
1853	1387
1853	1386
1847	1386
1847	1380
1843	1380
1843	1379
1842	1379
1842	1377
1838	1377
1838	1376
1837	1376
1837	1373
1832	1373
1832	1371
1831	1371
1831	1370
1830	1370
1830	1369
1831	1369
1831	1368
1828	1368
1828	1367
1825	1367
1825	1366
1824	1366
1824	1365
1823	1365
1823	1364
1822	1364
1822	1363
1821	1363
1821	1362
1820	1362
1820	1361
1819	1361
1819	1362
1818	1362
1818	1361
1817	1361
1817	1360
1816	1360
1816	1357
1810	1357
1810	1352
1806	1352
1806	1351
1805	1351
1805	1350
1804	1350
1804	1349
1803	1349
1803	1348
1802	1348
1802	1347
1800	1347
1800	1346
1799	1346
1799	1345
1798	1345
1798	1342
1797	1342
1797	1341
1787	1341
1787	1343
1786	1343
1786	1348
1785	1348
1785	1349
1782	1349
1782	1347
1780	1347
1780	1345
1779	1345
1779	1344
1774	1344
1774	1340
1769	1340
1769	1339
1768	1339
1768	1337
1767	1337
1767	1336
1764	1336
1764	1334
1763	1334
1763	1333
1760	1333
1760	1332
1759	1332
1759	1329
1758	1329
1758	1328
1755	1328
1755	1327
1754	1327
1754	1324
1753	1324
1753	1322
1751	1322
1751	1321
1749	1321
1749	1320
1748	1320
1748	1318
1747	1318
1747	1317
1743	1317
1743	1315
1741	1315
1741	1310
1738	1310
1738	1309
1737	1309
1737	1307
1734	1307
1734	1305
1733	1305
1733	1302
1732	1302
1732	1301
1729	1301
1729	1300
1728	1300
1728	1298
1727	1298
1727	1294
1723	1294
1723	1290
1722	1290
1722	1289
1720	1289
1720	1285
1719	1285
1719	1284
1717	1284
1717	1283
1710	1283
1710	1284
1707	1284
1707	1287
1705	1287
1705	1291
1704	1291
1704	1295
1703	1295
1703	1296
1702	1296
1702	1297
1701	1297
1701	1296
1700	1296
1700	1295
1699	1295
1699	1294
1695	1294
1695	1292
1693	1292
1693	1291
1692	1291
1692	1290
1691	1290
1691	1289
1689	1289
1689	1288
1688	1288
1688	1287
1687	1287
1687	1286
1686	1286
1686	1284
1684	1284
1684	1283
1683	1283
1683	1282
1682	1282
1682	1281
1681	1281
1681	1280
1680	1280
1680	1279
1678	1279
1678	1276
1677	1276
1677	1275
1676	1275
1676	1274
1675	1274
1675	1271
1671	1271
1671	1270
1670	1270
1670	1267
1669	1267
1669	1266
1667	1266
1667	1265
1666	1265
1666	1263
1663	1263
1663	1262
1662	1262
1662	1259
1661	1259
1661	1258
1659	1258
1659	1257
1658	1257
1658	1256
1656	1256
1656	1255
1655	1255
1655	1254
1654	1254
1654	1252
1653	1252
1653	1250
1652	1250
1652	1248
1651	1248
1651	1247
1649	1247
1649	1242
1647	1242
1647	1241
1646	1241
1646	1239
1645	1239
1645	1236
1644	1236
1644	1232
1642	1232
1642	1229
1641	1229
1641	1226
1640	1226
1640	1222
1639	1222
1639	1221
1638	1221
1638	1219
1630	1219
1630	1220
1629	1220
1629	1221
1628	1221
1628	1222
1627	1222
1627	1223
1626	1223
1626	1226
1625	1226
1625	1227
1623	1227
1623	1230
1622	1230
1622	1232
1621	1232
1621	1237
1620	1237
1620	1241
1618	1241
1618	1240
1613	1240
1613	1238
1612	1238
1612	1237
1608	1237
1608	1236
1607	1236
1607	1234
1606	1234
1606	1233
1603	1233
1603	1232
1602	1232
1602	1230
1600	1230
1600	1227
1598	1227
1598	1226
1597	1226
1597	1223
1596	1223
1596	1221
1594	1221
1594	1220
1593	1220
1593	1219
1592	1219
1592	1217
1591	1217
1591	1216
1590	1216
1590	1215
1589	1215
1589	1214
1588	1214
1588	1213
1587	1213
1587	1211
1585	1211
1585	1208
1584	1208
1584	1202
1583	1202
1583	1201
1582	1201
1582	1200
1580	1200
1580	1196
1579	1196
1579	1195
1577	1195
1577	1191
1576	1191
1576	1185
1574	1185
1574	1183
1573	1183
1573	1180
1572	1180
1572	1178
1571	1178
1571	1173
1570	1173
1570	1172
1569	1172
1569	1171
1568	1171
1568	1170
1567	1170
1567	1169
1568	1169
1568	1167
1567	1167
1567	1166
1568	1166
1568	1165
1567	1165
1567	1161
1564	1161
1564	1160
1563	1160
1563	1161
1562	1161
1562	1160
1560	1160
1560	1161
1558	1161
1558	1163
1557	1163
1557	1165
1556	1165
1556	1167
1555	1167
1555	1168
1554	1168
1554	1169
1553	1169
1553	1172
1552	1172
1552	1174
1551	1174
1551	1176
1550	1176
1550	1178
1549	1178
1549	1179
1548	1179
1548	1178
1546	1178
1546	1177
1545	1177
1545	1175
1544	1175
1544	1174
1540	1174
1540	1172
1539	1172
1539	1171
1538	1171
1538	1170
1537	1170
1537	1171
1536	1171
1536	1170
1535	1170
1535	1169
1534	1169
1534	1168
1533	1168
1533	1167
1532	1167
1532	1165
1531	1165
1531	1164
1530	1164
1530	1159
1528	1159
1528	1158
1527	1158
1527	1157
1526	1157
1526	1155
1525	1155
1525	1153
1524	1153
1524	1149
1523	1149
1523	1147
1522	1147
1522	1146
1521	1146
1521	1144
1520	1144
1520	1143
1519	1143
1519	1138
1518	1138
1518	1137
1517	1137
1517	1133
1516	1133
1516	1132
1515	1132
1515	1128
1514	1128
1514	1125
1513	1125
1513	1112
1505	1112
1505	1113
1502	1113
1502	1114
1503	1114
1503	1115
1502	1115
1502	1116
1501	1116
1501	1117
1499	1117
1499	1118
1500	1118
1500	1119
1499	1119
1499	1120
1498	1120
1498	1121
1497	1121
1497	1122
1496	1122
1496	1127
1495	1127
1495	1130
1493	1130
1493	1129
1492	1129
1492	1130
1490	1130
1490	1128
1488	1128
1488	1127
1485	1127
1485	1126
1484	1126
1484	1125
1483	1125
1483	1123
1482	1123
1482	1122
1480	1122
1480	1121
1479	1121
1479	1120
1478	1120
1478	1117
1477	1117
1477	1112
1474	1112
1474	1110
1473	1110
1473	1108
1472	1108
1472	1106
1471	1106
1471	1102
1470	1102
1470	1101
1468	1101
1468	1097
1467	1097
1467	1095
1466	1095
1466	1094
1467	1094
1467	1092
1466	1092
1466	1091
1465	1091
1465	1090
1464	1090
1464	1087
1463	1087
1463	1081
1462	1081
1462	1080
1461	1080
1461	1074
1460	1074
1460	1070
1459	1070
1459	1061
1458	1061
1458	1059
1456	1059
1456	1060
1455	1060
1455	1059
1454	1059
1454	1060
1453	1060
1453	1059
1450	1059
1450	1060
1449	1060
1449	1061
1448	1061
1448	1062
1447	1062
1447	1063
1446	1063
1446	1065
1445	1065
1445	1067
1444	1067
1444	1069
1442	1069
1442	1074
1441	1074
1441	1075
1439	1075
1439	1074
1437	1074
1437	1072
1435	1072
1435	1070
1432	1070
1432	1068
1431	1068
1431	1067
1430	1067
1430	1065
1427	1065
1427	1063
1426	1063
1426	1062
1425	1062
1425	1061
1424	1061
1424	1059
1422	1059
1422	1055
1421	1055
1421	1054
1420	1054
1420	1053
1419	1053
1419	1049
1418	1049
1418	1048
1417	1048
1417	1046
1416	1046
1416	1044
1415	1044
1415	1039
1414	1039
1414	1035
1413	1035
1413	1034
1411	1034
1411	1025
1410	1025
1410	1023
1409	1023
1409	1019
1408	1019
1408	1017
1407	1017
1407	1012
1406	1012
1406	999
1405	999
1405	998
1397	998
1397	1000
1396	1000
1396	1003
1395	1003
1395	1004
1393	1004
1393	1007
1392	1007
1392	1008
1391	1008
1391	1012
1390	1012
1390	1013
1387	1013
1387	1012
1385	1012
1385	1011
1384	1011
1384	1010
1383	1010
1383	1008
1382	1008
1382	1007
1381	1007
1381	1006
1380	1006
1380	1005
1379	1005
1379	1003
1378	1003
1378	1002
1377	1002
1377	1000
1376	1000
1376	999
1375	999
1375	997
1374	997
1374	996
1373	996
1373	992
1372	992
1372	991
1370	991
1370	989
1369	989
1369	986
1368	986
1368	982
1367	982
1367	981
1366	981
1366	976
1365	976
1365	972
1364	972
1364	970
1363	970
1363	969
1364	969
1364	968
1363	968
1363	966
1362	966
1362	962
1361	962
1361	960
1360	960
1360	959
1359	959
1359	940
1358	940
1358	939
1351	939
1351	940
1349	940
1349	942
1348	942
1348	944
1347	944
1347	948
1344	948
1344	947
1343	947
1343	946
1341	946
1341	945
1340	945
1340	944
1339	944
1339	942
1337	942
1337	941
1336	941
1336	939
1335	939
1335	934
1333	934
1333	930
1332	930
1332	929
1331	929
1331	928
1330	928
1330	927
1329	927
1329	924
1328	924
1328	919
1327	919
1327	918
1326	918
1326	914
1325	914
1325	908
1323	908
1323	907
1324	907
1324	906
1323	906
1323	899
1322	899
1322	887
1309	887
1309	886
1308	886
1308	885
1307	885
1307	884
1306	884
1306	883
1305	883
1305	882
1304	882
1304	877
1302	877
1302	876
1301	876
1301	872
1300	872
1300	871
1299	871
1299	866
1297	866
1297	863
1296	863
1296	857
1295	857
1295	853
1294	853
1294	841
1295	841
1295	840
1292	840
1292	832
1291	832
1291	829
1290	829
1290	828
1289	828
1289	827
1288	827
1288	828
1285	828
1285	822
1286	822
1286	803
1284	803
1284	802
1282	802
1282	803
1276	803
1276	809
1273	809
1273	808
1272	808
1272	807
1271	807
1271	805
1270	805
1270	804
1269	804
1269	803
1268	803
1268	799
1267	799
1267	798
1266	798
1266	796
1265	796
1265	793
1264	793
1264	790
1263	790
1263	786
1262	786
1262	782
1261	782
1261	777
1260	777
1260	764
1259	764
1259	752
1258	752
1258	746
1256	746
1256	743
1255	743
1255	736
1254	736
1254	731
1253	731
1253	730
1250	730
1250	731
1249	731
1249	730
1246	730
1246	731
1245	731
1245	734
1243	734
1243	733
1242	733
1242	731
1241	731
1241	730
1239	730
1239	728
1238	728
1238	726
1237	726
1237	720
1236	720
1236	719
1235	719
1235	716
1234	716
1234	709
1233	709
1233	705
1232	705
1232	699
1231	699
1231	697
1232	697
1232	695
1231	695
1231	693
1232	693
1232	691
1231	691
1231	684
1230	684
1230	683
1229	683
1229	682
1228	682
1228	678
1227	678
1227	676
1226	676
1226	668
1223	668
1223	664
1222	664
1222	658
1221	658
1221	656
1220	656
1220	655
1212	655
1212	654
1210	654
1210	652
1209	652
1209	651
1210	651
1210	650
1208	650
1208	648
1207	648
1207	642
1205	642
1205	626
1204	626
1204	619
1203	619
1203	617
1202	617
1202	616
1201	616
1201	611
1200	611
1200	605
1197	605
1197	601
1196	601
1196	600
1195	600
1195	596
1194	596
1194	594
1193	594
1193	590
1192	590
1192	585
1191	585
1191	584
1189	584
1189	579
1184	579
1184	578
1185	578
1185	576
1184	576
1184	575
1182	575
1182	574
1180	574
1180	572
1179	572
1179	564
1177	564
1177	562
1176	562
1176	558
1175	558
1175	556
1174	556
1174	549
1173	549
1173	548
1171	548
1171	547
1170	547
1170	543
1169	543
1169	542
1168	542
1168	541
1167	541
1167	539
1166	539
1166	536
1165	536
1165	533
1164	533
1164	532
1163	532
1163	530
1161	530
1161	529
1160	529
1160	525
1159	525
1159	523
1158	523
1158	522
1157	522
1157	521
1156	521
1156	519
1155	519
1155	516
1153	516
1153	512
1152	512
1152	511
1150	511
1150	506
1147	506
1147	505
1146	505
1146	504
1145	504
1145	502
1144	502
1144	500
1143	500
1143	496
1142	496
1142	495
1140	495
1140	493
1139	493
1139	491
1138	491
1138	490
1137	490
1137	489
1136	489
1136	488
1137	488
1137	487
1136	487
1136	486
1135	486
1135	485
1129	485
1129	486
1128	486
1128	487
1127	487
1127	496
1128	496
1128	500
1127	500
1127	505
1128	505
1128	510
1129	510
1129	511
1128	511
1128	513
1129	513
1129	514
1130	514
1130	525
1131	525
1131	527
1130	527
1130	528
1131	528
1131	530
1132	530
1132	536
1133	536
1133	539
1134	539
1134	549
1135	549
1135	555
1136	555
1136	560
1137	560
1137	563
1138	563
1138	567
1137	567
1137	568
1138	568
1138	570
1139	570
1139	576
1140	576
1140	580
1141	580
1141	582
1142	582
1142	588
1143	588
1143	594
1144	594
1144	597
1145	597
1145	599
1144	599
1144	600
1145	600
1145	602
1146	602
1146	607
1147	607
1147	610
1148	610
1148	614
1149	614
1149	620
1150	620
1150	622
1151	622
1151	632
1152	632
1152	633
1154	633
1154	635
1155	635
1155	637
1156	637
1156	639
1157	639
1157	640
1156	640
1156	641
1157	641
1157	644
1159	644
1159	648
1160	648
1160	649
1162	649
1162	654
1164	654
1164	656
1165	656
1165	657
1164	657
1164	658
1163	658
1163	657
1162	657
1162	658
1161	658
1161	660
1160	660
1160	661
1159	661
1159	669
1160	669
1160	670
1161	670
1161	674
1162	674
1162	675
1164	675
1164	678
1165	678
1165	685
1166	685
1166	686
1167	686
1167	690
1168	690
1168	691
1169	691
1169	695
1171	695
1171	698
1172	698
1172	706
1173	706
1173	707
1176	707
1176	708
1177	708
1177	709
1178	709
1178	712
1179	712
1179	714
1180	714
1180	716
1181	716
1181	719
1183	719
1183	722
1185	722
1185	723
1186	723
1186	724
1185	724
1185	726
1186	726
1186	727
1188	727
1188	728
1187	728
1187	729
1188	729
1188	732
1189	732
1189	736
1188	736
1188	738
1186	738
1186	737
1185	737
1185	736
1177	736
1177	737
1176	737
1176	738
1177	738
1177	739
1176	739
1176	740
1177	740
1177	741
1176	741
1176	742
1177	742
1177	743
1176	743
1176	744
1177	744
1177	747
1178	747
1178	748
1179	748
1179	749
1180	749
1180	751
1181	751
1181	754
1182	754
1182	756
1183	756
1183	759
1185	759
1185	763
1186	763
1186	764
1187	764
1187	766
1188	766
1188	767
1187	767
1187	768
1188	768
1188	769
1190	769
1190	771
1191	771
1191	774
1192	774
1192	775
1193	775
1193	784
1194	784
1194	785
1197	785
1197	788
1198	788
1198	795
1200	795
1200	796
1201	796
1201	798
1202	798
1202	800
1203	800
1203	806
1204	806
1204	811
1208	811
1208	815
1209	815
1209	816
1212	816
1212	820
1213	820
1213	821
1216	821
1216	823
1217	823
1217	825
1218	825
1218	826
1219	826
1219	828
1220	828
1220	832
1221	832
1221	838
1218	838
1218	837
1217	837
1217	836
1215	836
1215	835
1202	835
1202	843
1203	843
1203	847
1205	847
1205	848
1207	848
1207	852
1208	852
1208	853
1209	853
1209	854
1210	854
1210	855
1211	855
1211	858
1212	858
1212	863
1214	863
1214	868
1216	868
1216	869
1217	869
1217	870
1219	870
1219	874
1220	874
1220	875
1221	875
1221	878
1222	878
1222	879
1223	879
1223	880
1224	880
1224	883
1225	883
1225	884
1226	884
1226	888
1227	888
1227	894
1229	894
1229	895
1231	895
1231	897
1232	897
1232	900
1234	900
1234	903
1235	903
1235	906
1236	906
1236	909
1237	909
1237	910
1238	910
1238	914
1239	914
1239	916
1240	916
1240	920
1241	920
1241	923
1242	923
1242	928
1241	928
1241	929
1240	929
1240	931
1238	931
1238	929
1233	929
1233	928
1225	928
1225	929
1224	929
1224	937
1225	937
1225	938
1226	938
1226	941
1227	941
1227	946
1228	946
1228	947
1229	947
1229	951
1230	951
1230	952
1234	952
1234	955
1235	955
1235	957
1237	957
1237	960
1238	960
1238	962
1239	962
1239	965
1240	965
1240	969
1241	969
1241	973
1242	973
1242	974
1243	974
1243	977
1244	977
1244	978
1245	978
1245	983
1246	983
1246	987
1247	987
1247	992
1248	992
1248	995
1249	995
1249	1005
1248	1005
1248	1006
1245	1006
1245	1005
1244	1005
1244	1004
1243	1004
1243	1003
1242	1003
1242	1002
1240	1002
1240	1001
1236	1001
1236	1000
1231	1000
1231	999
1220	999
1220	1008
1221	1008
1221	1010
1222	1010
1222	1011
1223	1011
1223	1013
1224	1013
1224	1014
1225	1014
1225	1016
1226	1016
1226	1018
1227	1018
1227	1020
1228	1020
1228	1021
1229	1021
1229	1024
1230	1024
1230	1025
1231	1025
1231	1026
1232	1026
1232	1027
1233	1027
1233	1030
1234	1030
1234	1033
1235	1033
1235	1035
1237	1035
1237	1039
1238	1039
1238	1042
1239	1042
1239	1046
1240	1046
1240	1051
1241	1051
1241	1052
1242	1052
1242	1057
1243	1057
1243	1058
1244	1058
1244	1059
1245	1059
1245	1066
1246	1066
1246	1067
1247	1067
1247	1070
1248	1070
1248	1071
1249	1071
1249	1083
1248	1083
1248	1086
1247	1086
1247	1088
1246	1088
1246	1089
1245	1089
1245	1088
1244	1088
1244	1086
1242	1086
1242	1085
1238	1085
1238	1084
1236	1084
1236	1083
1231	1083
1231	1081
1230	1081
1230	1080
1215	1080
1215	1088
1216	1088
1216	1089
1217	1089
1217	1091
1218	1091
