1717	586
1721	586
1721	587
1722	587
1722	590
1725	590
1725	594
1727	594
1727	595
1729	595
1729	597
1735	597
1735	600
1736	600
1736	601
1741	601
1741	606
1743	606
1743	607
1744	607
1744	606
1745	606
1745	607
1747	607
1747	608
1749	608
1749	612
1750	612
1750	613
1753	613
1753	619
1758	619
1758	620
1759	620
1759	625
1761	625
1761	626
1762	626
1762	628
1763	628
1763	630
1762	630
1762	632
1761	632
1761	629
1756	629
1756	628
1755	628
1755	627
1735	627
1735	637
1739	637
1739	638
1740	638
1740	640
1741	640
1741	639
1742	639
1742	640
1743	640
1743	639
1744	639
1744	640
1745	640
1745	641
1747	641
1747	643
1750	643
1750	646
1751	646
1751	647
1754	647
1754	648
1755	648
1755	649
1756	649
1756	655
1757	655
1757	656
1758	656
1758	657
1759	657
1759	661
1766	661
1766	662
1767	662
1767	664
1768	664
1768	667
1769	667
1769	668
1771	668
1771	674
1776	674
1776	675
1777	675
1777	679
1779	679
1779	680
1780	680
1780	679
1781	679
1781	680
1786	680
1786	681
1787	681
1787	685
1788	685
1788	686
1790	686
1790	687
1791	687
1791	688
1792	688
1792	689
1793	689
1793	690
1794	690
1794	691
1795	691
1795	692
1799	692
1799	697
1800	697
1800	698
1803	698
1803	700
1804	700
1804	703
1805	703
1805	704
1806	704
1806	705
1807	705
1807	707
1805	707
1805	706
1803	706
1803	707
1801	707
1801	706
1800	706
1800	707
1796	707
1796	722
1803	722
1803	723
1804	723
1804	726
1803	726
1803	727
1802	727
1802	740
1803	740
1803	741
1807	741
1807	740
1808	740
1808	741
1811	741
1811	740
1816	740
1816	743
1817	743
1817	744
1816	744
1816	745
1817	745
1817	749
1818	749
1818	751
1820	751
1820	753
1822	753
1822	754
1823	754
1823	753
1825	753
1825	754
1826	754
1826	759
1829	759
1829	760
1830	760
1830	762
1831	762
1831	763
1832	763
1832	765
1833	765
1833	767
1834	767
1834	768
1835	768
1835	769
1836	769
1836	770
1837	770
1837	771
1838	771
1838	774
1839	774
1839	775
1844	775
1844	787
1843	787
1843	786
1842	786
1842	785
1840	785
1840	783
1828	783
1828	793
1829	793
1829	794
1830	794
1830	795
1831	795
1831	796
1833	796
1833	797
1834	797
1834	798
1835	798
1835	799
1836	799
1836	800
1837	800
1837	801
1838	801
1838	802
1841	802
1841	804
1842	804
1842	805
1843	805
1843	806
1844	806
1844	807
1845	807
1845	808
1846	808
1846	809
1847	809
1847	813
1848	813
1848	814
1853	814
1853	819
1854	819
1854	820
1856	820
1856	821
1857	821
1857	822
1858	822
1858	823
1862	823
1862	824
1863	824
1863	825
1864	825
1864	826
1865	826
1865	831
1866	831
1866	832
1870	832
1870	833
1871	833
1871	837
1872	837
1872	838
1873	838
1873	839
1875	839
1875	848
1874	848
1874	849
1871	849
1871	848
1870	848
1870	846
1869	846
1869	845
1868	845
1868	844
1867	844
1867	843
1866	843
1866	842
1855	842
1855	843
1854	843
1854	853
1857	853
1857	854
1858	854
1858	856
1860	856
1860	862
1862	862
1862	863
1866	863
1866	868
1867	868
1867	869
1870	869
1870	870
1872	870
1872	871
1871	871
1871	873
1872	873
1872	875
1875	875
1875	881
1880	881
1880	883
1881	883
1881	887
1885	887
1885	893
1888	893
1888	894
1890	894
1890	896
1893	896
1893	900
1894	900
1894	901
1895	901
1895	902
1896	902
1896	903
1897	903
1897	904
1898	904
1898	905
1900	905
1900	907
1901	907
1901	908
1902	908
1902	910
1904	910
1904	911
1905	911
1905	913
1906	913
1906	915
1908	915
1908	922
1907	922
1907	921
1905	921
1905	920
1904	920
1904	919
1891	919
1891	929
1892	929
1892	930
1893	930
1893	931
1894	931
1894	932
1893	932
1893	935
1895	935
1895	936
1897	936
1897	935
1898	935
1898	936
1899	936
1899	941
1900	941
1900	942
1906	942
1906	946
1907	946
1907	949
1908	949
1908	953
1909	953
1909	954
1912	954
1912	958
1911	958
1911	959
1912	959
1912	960
1915	960
1915	965
1916	965
1916	966
1917	966
1917	967
1918	967
1918	972
1922	972
1922	973
1923	973
1923	975
1924	975
1924	979
1929	979
1929	984
1930	984
1930	985
1936	985
1936	991
1938	991
1938	993
1939	993
1939	994
1940	994
1940	996
1938	996
1938	997
1936	997
1936	1009
1938	1009
1938	1011
1940	1011
1940	1012
1941	1012
1941	1015
1942	1015
1942	1020
1943	1020
1943	1021
1946	1021
1946	1024
1947	1024
1947	1025
1946	1025
1946	1026
1947	1026
1947	1027
1948	1027
1948	1032
1949	1032
1949	1033
1954	1033
1954	1038
1955	1038
1955	1039
1958	1039
1958	1040
1959	1040
1959	1042
1960	1042
1960	1045
1962	1045
1962	1046
1965	1046
1965	1050
1966	1050
1966	1057
1967	1057
1967	1058
1970	1058
1970	1059
1971	1059
1971	1060
1972	1060
1972	1063
1973	1063
1973	1064
1976	1064
1976	1069
1977	1069
1977	1070
1979	1070
1979	1076
1985	1076
1985	1077
1986	1077
1986	1083
1987	1083
1987	1085
1988	1085
1988	1087
1989	1087
1989	1088
1993	1088
1993	1090
1995	1090
1995	1092
1996	1092
1996	1093
1997	1093
1997	1096
1998	1096
1998	1097
2003	1097
2003	1100
2004	1100
2004	1101
2005	1101
2005	1102
2006	1102
2006	1103
2007	1103
2007	1104
2008	1104
2008	1103
2009	1103
2009	1104
2010	1104
2010	1105
2011	1105
2011	1111
2012	1111
2012	1112
2014	1112
2014	1113
2015	1113
2015	1117
2016	1117
2016	1118
2021	1118
2021	1119
2023	1119
2023	1120
2024	1120
2024	1124
2026	1124
2026	1125
2027	1125
2027	1126
2028	1126
2028	1127
2030	1127
2030	1129
2031	1129
2031	1130
2032	1130
2032	1131
2033	1131
2033	1132
2035	1132
2035	1134
2036	1134
2036	1136
2037	1136
2037	1137
2038	1137
2038	1138
2039	1138
2039	1142
2040	1142
2040	1143
2046	1143
2046	1149
2051	1149
2051	1152
2052	1152
2052	1155
2057	1155
2057	1158
2058	1158
2058	1160
2059	1160
2059	1162
2060	1162
2060	1163
2062	1163
2062	1164
2063	1164
2063	1166
2064	1166
2064	1169
2069	1169
2069	1171
2070	1171
2070	1174
2073	1174
2073	1176
2075	1176
2075	1177
2076	1177
2076	1179
2079	1179
2079	1180
2082	1180
2082	1185
2085	1185
2085	1186
2094	1186
2094	1192
2095	1192
2095	1194
2094	1194
2094	1196
2095	1196
2095	1198
2099	1198
2099	1199
2100	1199
2100	1200
2101	1200
2101	1201
2102	1201
2102	1202
2104	1202
2104	1203
2105	1203
2105	1204
2107	1204
2107	1205
2108	1205
2108	1206
2109	1206
2109	1207
2110	1207
2110	1208
2112	1208
2112	1209
2113	1209
2113	1210
2115	1210
2115	1212
2117	1212
2117	1213
2119	1213
2119	1214
2118	1214
2118	1215
2119	1215
2119	1216
2123	1216
2123	1217
2124	1217
2124	1218
2125	1218
2125	1220
2126	1220
2126	1219
2127	1219
2127	1220
2128	1220
2128	1221
2129	1221
2129	1222
2130	1222
2130	1223
2131	1223
2131	1224
2132	1224
2132	1225
2134	1225
2134	1226
2135	1226
2135	1227
2136	1227
2136	1228
2137	1228
2137	1230
2133	1230
2133	1229
2127	1229
2127	1228
2126	1228
2126	1227
2124	1227
2124	1226
2123	1226
2123	1227
2121	1227
2121	1226
2120	1226
2120	1225
2115	1225
2115	1223
2114	1223
2114	1222
2113	1222
2113	1221
2112	1221
2112	1220
2111	1220
2111	1221
2110	1221
2110	1220
2106	1220
2106	1219
2105	1219
2105	1218
2104	1218
2104	1217
2103	1217
2103	1215
2102	1215
2102	1214
2095	1214
2095	1213
2094	1213
2094	1212
2093	1212
2093	1211
2092	1211
2092	1210
2091	1210
2091	1209
2090	1209
2090	1208
2083	1208
2083	1206
2082	1206
2082	1204
2081	1204
2081	1203
2080	1203
2080	1202
2076	1202
2076	1201
2075	1201
2075	1200
2074	1200
2074	1199
2073	1199
2073	1198
2072	1198
2072	1196
2066	1196
2066	1194
2065	1194
2065	1193
2060	1193
2060	1190
2059	1190
2059	1189
2058	1189
2058	1188
2057	1188
2057	1187
2056	1187
2056	1186
2055	1186
2055	1185
2054	1185
2054	1184
2052	1184
2052	1183
2047	1183
2047	1178
2045	1178
2045	1177
2041	1177
2041	1176
2040	1176
2040	1175
2039	1175
2039	1174
2038	1174
2038	1173
2037	1173
2037	1172
2035	1172
2035	1171
2034	1171
2034	1170
2033	1170
2033	1169
2032	1169
2032	1168
2031	1168
2031	1167
2030	1167
2030	1166
2029	1166
2029	1165
2026	1165
2026	1164
2027	1164
2027	1163
2024	1163
2024	1160
2023	1160
2023	1159
2021	1159
2021	1158
2020	1158
2020	1157
2019	1157
2019	1156
2018	1156
2018	1155
2017	1155
2017	1154
2016	1154
2016	1153
2012	1153
2012	1152
2011	1152
2011	1151
2010	1151
2010	1150
2009	1150
2009	1148
2007	1148
2007	1147
2004	1147
2004	1146
2002	1146
2002	1144
2000	1144
2000	1142
1999	1142
1999	1141
1997	1141
1997	1140
1995	1140
1995	1138
1993	1138
1993	1136
1992	1136
1992	1135
1991	1135
1991	1134
1989	1134
1989	1133
1988	1133
1988	1132
1987	1132
1987	1130
1986	1130
1986	1129
1981	1129
1981	1128
1980	1128
1980	1127
1979	1127
1979	1126
1978	1126
1978	1125
1977	1125
1977	1124
1976	1124
1976	1123
1974	1123
1974	1122
1972	1122
1972	1121
1971	1121
1971	1119
1970	1119
1970	1118
1969	1118
1969	1117
1967	1117
1967	1114
1966	1114
1966	1116
1965	1116
1965	1115
1964	1115
1964	1114
1963	1114
1963	1113
1962	1113
1962	1111
1957	1111
1957	1110
1956	1110
1956	1108
1953	1108
1953	1106
1952	1106
1952	1105
1951	1105
1951	1104
1948	1104
1948	1103
1947	1103
1947	1101
1945	1101
1945	1099
1944	1099
1944	1098
1941	1098
1941	1097
1940	1097
1940	1096
1939	1096
1939	1094
1938	1094
1938	1092
1931	1092
1931	1086
1926	1086
1926	1085
1925	1085
1925	1084
1924	1084
1924	1083
1923	1083
1923	1080
1920	1080
1920	1079
1919	1079
1919	1078
1918	1078
1918	1077
1917	1077
1917	1075
1916	1075
1916	1074
1914	1074
1914	1072
1913	1072
1913	1071
1912	1071
1912	1068
1907	1068
1907	1067
1905	1067
1905	1066
1904	1066
1904	1065
1903	1065
1903	1064
1902	1064
1902	1062
1901	1062
1901	1059
1895	1059
1895	1056
1892	1056
1892	1055
1890	1055
1890	1056
1888	1056
1888	1055
1884	1055
1884	1056
1883	1056
1883	1055
1882	1055
1882	1054
1881	1054
1881	1053
1880	1053
1880	1052
1879	1052
1879	1050
1877	1050
1877	1049
1872	1049
1872	1042
1871	1042
1871	1039
1870	1039
1870	1037
1869	1037
1869	1036
1868	1036
1868	1035
1867	1035
1867	1034
1866	1034
1866	1033
1865	1033
1865	1032
1864	1032
1864	1031
1862	1031
1862	1030
1861	1030
1861	1029
1860	1029
1860	1028
1859	1028
1859	1025
1855	1025
1855	1020
1853	1020
1853	1019
1850	1019
1850	1017
1848	1017
1848	1016
1847	1016
1847	1014
1846	1014
1846	1013
1836	1013
1836	1016
1835	1016
1835	1017
1832	1017
1832	1016
1831	1016
1831	1014
1830	1014
1830	1012
1829	1012
1829	1013
1828	1013
1828	1012
1827	1012
1827	1011
1822	1011
1822	1008
1821	1008
1821	1007
1817	1007
1817	1006
1816	1006
1816	1005
1815	1005
1815	1003
1814	1003
1814	1002
1813	1002
1813	1001
1810	1001
1810	995
1808	995
1808	994
1807	994
1807	992
1806	992
1806	991
1804	991
1804	988
1802	988
1802	983
1801	983
1801	982
1798	982
1798	977
1797	977
1797	976
1795	976
1795	975
1794	975
1794	974
1793	974
1793	973
1792	973
1792	971
1791	971
1791	970
1790	970
1790	969
1789	969
1789	968
1788	968
1788	967
1787	967
1787	966
1786	966
1786	964
1785	964
1785	962
1784	962
1784	961
1783	961
1783	960
1782	960
1782	959
1781	959
1781	958
1769	958
1769	968
1770	968
1770	969
1769	969
1769	970
1766	970
1766	969
1765	969
1765	968
1763	968
1763	967
1762	967
1762	966
1761	966
1761	964
1760	964
1760	963
1759	963
1759	962
1758	962
1758	961
1757	961
1757	960
1756	960
1756	959
1754	959
1754	958
1753	958
1753	957
1752	957
1752	953
1751	953
1751	952
1749	952
1749	950
1748	950
1748	949
1747	949
1747	948
1746	948
1746	947
1745	947
1745	941
1744	941
1744	940
1741	940
1741	934
1740	934
1740	932
1739	932
1739	931
1738	931
1738	930
1737	930
1737	928
1736	928
1736	927
1735	927
1735	926
1734	926
1734	925
1733	925
1733	924
1732	924
1732	922
1731	922
1731	916
1730	916
1730	915
1728	915
1728	910
1727	910
1727	909
1724	909
1724	908
1725	908
1725	905
1724	905
1724	903
1722	903
1722	902
1721	902
1721	898
1720	898
1720	897
1708	897
1708	903
1707	903
1707	910
1708	910
1708	912
1709	912
1709	913
1710	913
1710	915
1706	915
1706	913
1704	913
1704	912
1702	912
1702	911
1700	911
1700	909
1698	909
1698	908
1696	908
1696	906
1695	906
1695	905
1694	905
1694	903
1691	903
1691	898
1690	898
1690	897
1688	897
1688	895
1687	895
1687	894
1688	894
1688	892
1687	892
1687	891
1685	891
1685	887
1684	887
1684	885
1682	885
1682	884
1683	884
1683	883
1681	883
1681	882
1679	882
1679	880
1678	880
1678	874
1677	874
1677	873
1675	873
1675	871
1676	871
1676	870
1675	870
1675	867
1673	867
1673	866
1672	866
1672	864
1673	864
1673	862
1672	862
1672	861
1671	861
1671	860
1670	860
1670	855
1669	855
1669	854
1668	854
1668	853
1667	853
1667	849
1666	849
1666	843
1665	843
1665	842
1664	842
1664	841
1654	841
1654	842
1653	842
1653	843
1652	843
1652	845
1651	845
1651	856
1652	856
1652	860
1651	860
1651	861
1649	861
1649	860
1647	860
1647	859
1646	859
1646	858
1645	858
1645	855
1642	855
1642	854
1641	854
1641	852
1640	852
1640	851
1639	851
1639	848
1637	848
1637	846
1636	846
1636	845
1635	845
1635	844
1634	844
1634	843
1633	843
1633	840
1632	840
1632	839
1630	839
1630	837
1629	837
1629	831
1628	831
1628	830
1627	830
1627	825
1626	825
1626	824
1624	824
1624	819
1623	819
1623	812
1621	812
1621	809
1622	809
1622	808
1621	808
1621	806
1619	806
1619	805
1618	805
1618	802
1619	802
1619	801
1618	801
1618	795
1617	795
1617	794
1616	794
1616	793
1615	793
1615	788
1614	788
1614	787
1613	787
1613	784
1605	784
1605	783
1604	783
1604	784
1601	784
1601	787
1599	787
1599	788
1598	788
1598	800
1597	800
1597	799
1595	799
1595	797
1593	797
1593	795
1592	795
1592	794
1591	794
1591	793
1590	793
1590	792
1591	792
1591	791
1590	791
1590	789
1589	789
1589	788
1588	788
1588	787
1587	787
1587	784
1586	784
1586	783
1585	783
1585	782
1583	782
1583	781
1582	781
1582	776
1581	776
1581	775
1580	775
1580	774
1579	774
1579	773
1578	773
1578	770
1579	770
1579	769
1578	769
1578	763
1576	763
1576	752
1575	752
1575	742
1574	742
1574	741
1566	741
1566	739
1563	739
1563	734
1554	734
1554	732
1552	732
1552	733
1547	733
1547	732
1545	732
1545	731
1544	731
1544	729
1543	729
1543	728
1542	728
1542	726
1541	726
1541	725
1540	725
1540	724
1531	724
1531	723
1530	723
1530	725
1529	725
1529	734
1530	734
1530	735
1532	735
1532	736
1533	736
1533	737
1534	737
1534	738
1533	738
1533	740
1534	740
1534	741
1535	741
1535	742
1536	742
1536	743
1537	743
1537	744
1538	744
1538	745
1539	745
1539	746
1540	746
1540	748
1541	748
1541	750
1542	750
1542	751
1543	751
1543	753
1544	753
1544	759
1547	759
1547	760
1548	760
1548	764
1549	764
1549	765
1552	765
1552	771
1554	771
1554	772
1555	772
1555	771
1557	771
1557	773
1558	773
1558	775
1559	775
1559	776
1561	776
1561	777
1563	777
1563	783
1564	783
1564	784
1567	784
1567	789
1569	789
1569	790
1570	790
1570	795
1571	795
1571	797
1572	797
1572	798
1571	798
1571	799
1572	799
1572	802
1573	802
1573	813
1574	813
1574	814
1575	814
1575	816
1574	816
1574	818
1570	818
1570	816
1569	816
1569	815
1568	815
1568	813
1567	813
1567	812
1566	812
1566	811
1565	811
1565	810
1558	810
1558	809
1548	809
1548	819
1549	819
1549	820
1552	820
1552	826
1556	826
1556	827
1558	827
1558	829
1559	829
1559	831
1560	831
1560	834
1561	834
1561	835
1560	835
1560	836
1561	836
1561	838
1564	838
1564	844
1566	844
1566	845
1567	845
1567	850
1568	850
1568	851
1570	851
1570	856
1571	856
1571	857
1574	857
1574	858
1575	858
1575	859
1576	859
1576	862
1577	862
1577	863
1578	863
1578	864
1579	864
1579	868
1580	868
1580	869
1582	869
1582	874
1583	874
1583	875
1584	875
1584	877
1585	877
1585	880
1586	880
1586	882
1587	882
1587	887
1588	887
1588	893
1589	893
1589	894
1590	894
1590	899
1591	899
1591	900
1592	900
1592	913
1591	913
1591	914
1590	914
1590	912
1589	912
1589	911
1588	911
1588	910
1587	910
1587	909
1574	909
1574	923
1575	923
1575	924
1577	924
1577	925
1578	925
1578	929
1579	929
1579	931
1580	931
1580	933
1579	933
1579	934
1580	934
1580	936
1583	936
1583	942
1587	942
1587	948
1589	948
1589	949
1590	949
1590	950
1591	950
1591	951
1592	951
1592	952
1593	952
1593	953
1592	953
1592	956
1593	956
1593	957
1592	957
1592	959
1593	959
1593	960
1594	960
1594	961
1595	961
1595	962
1594	962
1594	965
1595	965
1595	966
1597	966
1597	972
1598	972
1598	973
1599	973
1599	978
1600	978
1600	979
1601	979
1601	983
1600	983
1600	985
1601	985
1601	991
1602	991
1602	995
1601	995
1601	996
1600	996
1600	999
1599	999
1599	998
1598	998
1598	997
1597	997
1597	993
1596	993
1596	992
1594	992
1594	990
1592	990
1592	989
1590	989
1590	988
1588	988
1588	989
1586	989
1586	988
1585	988
1585	989
1582	989
1582	1002
1583	1002
1583	1003
1585	1003
1585	1009
1587	1009
1587	1015
1588	1015
1588	1020
1589	1020
1589	1021
1591	1021
1591	1028
1592	1028
1592	1033
1594	1033
1594	1037
1595	1037
1595	1038
1594	1038
1594	1039
1597	1039
1597	1045
1598	1045
1598	1051
1600	1051
1600	1052
1601	1052
1601	1053
1600	1053
1600	1054
1601	1054
1601	1055
1600	1055
1600	1059
1601	1059
1601	1060
1600	1060
1600	1064
1601	1064
1601	1068
1600	1068
1600	1070
1601	1070
1601	1074
1600	1074
1600	1080
1597	1080
1597	1079
1596	1079
1596	1078
1595	1078
1595	1076
1593	1076
1593	1073
1592	1073
1592	1072
1591	1072
1591	1071
1590	1071
1590	1068
1584	1068
1584	1066
1574	1066
1574	1076
1577	1076
1577	1077
1578	1077
1578	1088
1580	1088
1580	1089
1581	1089
1581	1096
1583	1096
1583	1098
1582	1098
1582	1099
1583	1099
1583	1100
1584	1100
1584	1101
1585	1101
1585	1106
1586	1106
1586	1112
1588	1112
1588	1118
1589	1118
1589	1119
1591	1119
1591	1125
1592	1125
1592	1130
1593	1130
1593	1131
1594	1131
1594	1140
1595	1140
1595	1141
1594	1141
1594	1142
1595	1142
1595	1144
1596	1144
1596	1159
1595	1159
1595	1163
1593	1163
1593	1161
1592	1161
1592	1160
1591	1160
1591	1158
1590	1158
1590	1157
1589	1157
1589	1156
1588	1156
1588	1155
1587	1155
1587	1154
1586	1154
1586	1155
1585	1155
1585	1153
1574	1153
1574	1163
1575	1163
1575	1167
1576	1167
1576	1179
1577	1179
1577	1180
1579	1180
1579	1186
1580	1186
1580	1191
1581	1191
1581	1192
1582	1192
1582	1203
1583	1203
1583	1204
1585	1204
1585	1209
1586	1209
1586	1210
1587	1210
1587	1216
1588	1216
1588	1235
1589	1235
1589	1237
1588	1237
1588	1239
1587	1239
1587	1237
1586	1237
1586	1236
1585	1236
1585	1232
1582	1232
1582	1231
1581	1231
1581	1229
1579	1229
1579	1227
1577	1227
1577	1226
1568	1226
1568	1227
1567	1227
1567	1240
1568	1240
1568	1241
1570	1241
1570	1252
1571	1252
1571	1253
1572	1253
1572	1254
1573	1254
1573	1289
1576	1289
1576	1295
1577	1295
1577	1296
1578	1296
1578	1301
1579	1301
1579	1302
1580	1302
1580	1304
1579	1304
1579	1305
1580	1305
1580	1307
1581	1307
1581	1308
1582	1308
1582	1313
1583	1313
1583	1314
1584	1314
1584	1320
1585	1320
1585	1329
1584	1329
1584	1330
1583	1330
1583	1329
1582	1329
1582	1326
1572	1326
1572	1338
1573	1338
1573	1343
1574	1343
1574	1350
1575	1350
1575	1362
1576	1362
1576	1372
1577	1372
1577	1374
1579	1374
1579	1375
1580	1375
1580	1381
1582	1381
1582	1391
1578	1391
1578	1389
1577	1389
1577	1388
1576	1388
1576	1389
1575	1389
1575	1388
1570	1388
1570	1389
1568	1389
1568	1398
1569	1398
1569	1405
1570	1405
1570	1441
1571	1441
1571	1444
1572	1444
1572	1445
1571	1445
1571	1447
1572	1447
1572	1448
1573	1448
1573	1454
1576	1454
1576	1457
1571	1457
1571	1458
1570	1458
1570	1470
1569	1470
1569	1485
1570	1485
1570	1500
1569	1500
1569	1501
1568	1501
1568	1526
1567	1526
1567	1568
1566	1568
1566	1570
1565	1570
1565	1574
1564	1574
1564	1588
1563	1588
1563	1592
1562	1592
1562	1605
1561	1605
1561	1618
1560	1618
1560	1619
1561	1619
1561	1622
1560	1622
1560	1624
1559	1624
1559	1635
1560	1635
1560	1642
1559	1642
1559	1647
1558	1647
1558	1679
1559	1679
1559	1683
1560	1683
1560	1687
1561	1687
1561	1692
1562	1692
1562	1698
1563	1698
1563	1709
1564	1709
1564	1721
1565	1721
1565	1722
1566	1722
1566	1729
1567	1729
1567	1734
1566	1734
1566	1736
1564	1736
1564	1735
1563	1735
1563	1732
1562	1732
1562	1730
1560	1730
1560	1727
1559	1727
1559	1726
1558	1726
1558	1725
1557	1725
1557	1723
1556	1723
1556	1721
1555	1721
1555	1720
1554	1720
1554	1715
1553	1715
1553	1714
1551	1714
1551	1712
1550	1712
1550	1711
1551	1711
1551	1709
1550	1709
1550	1707
1549	1707
1549	1706
1548	1706
1548	1699
1547	1699
1547	1698
1545	1698
1545	1694
1544	1694
1544	1690
1543	1690
1543	1686
1542	1686
1542	1678
1541	1678
1541	1677
1539	1677
1539	1675
1540	1675
1540	1673
1539	1673
1539	1671
1538	1671
1538	1665
1537	1665
1537	1664
1536	1664
1536	1648
1535	1648
1535	1647
1534	1647
1534	1646
1533	1646
1533	1628
1532	1628
1532	1599
1531	1599
1531	1596
1532	1596
1532	1594
1531	1594
1531	1592
1530	1592
1530	1585
1529	1585
1529	1584
1530	1584
1530	1574
1529	1574
1529	1573
1528	1573
1528	1562
1527	1562
1527	1549
1526	1549
1526	1538
1525	1538
1525	1531
1524	1531
1524	1530
1523	1530
1523	1529
1524	1529
1524	1528
1523	1528
1523	1527
1524	1527
1524	1526
1523	1526
1523	1519
1522	1519
1522	1514
1521	1514
1521	1513
1520	1513
1520	1507
1519	1507
1519	1501
1518	1501
1518	1500
1517	1500
1517	1494
1516	1494
1516	1493
1515	1493
1515	1492
1516	1492
1516	1490
1515	1490
1515	1482
1514	1482
1514	1476
1513	1476
1513	1471
1512	1471
1512	1469
1511	1469
1511	1464
1510	1464
1510	1463
1509	1463
1509	1456
1508	1456
1508	1455
1509	1455
1509	1453
1508	1453
1508	1452
1507	1452
1507	1451
1506	1451
1506	1446
1505	1446
1505	1440
1503	1440
1503	1438
1502	1438
1502	1437
1503	1437
1503	1435
1502	1435
1502	1434
1501	1434
1501	1433
1499	1433
1499	1427
1498	1427
1498	1426
1497	1426
1497	1422
1496	1422
1496	1410
1495	1410
1495	1409
1493	1409
1493	1399
1492	1399
1492	1397
1490	1397
1490	1396
1491	1396
1491	1395
1490	1395
1490	1391
1487	1391
1487	1386
1486	1386
1486	1385
1485	1385
1485	1379
1484	1379
1484	1371
1483	1371
1483	1368
1484	1368
1484	1367
1483	1367
1483	1364
1474	1364
1474	1365
1473	1365
1473	1367
1472	1367
1472	1370
1471	1370
1471	1371
1470	1371
1470	1370
1469	1370
1469	1367
1468	1367
1468	1366
1467	1366
1467	1361
1466	1361
1466	1354
1465	1354
1465	1339
1464	1339
1464	1336
1461	1336
1461	1325
1460	1325
1460	1318
1459	1318
1459	1297
1449	1297
1449	1299
1446	1299
1446	1301
1445	1301
1445	1303
1446	1303
1446	1304
1445	1304
1445	1305
1444	1305
1444	1306
1443	1306
1443	1308
1442	1308
1442	1311
1441	1311
1441	1308
1439	1308
1439	1306
1438	1306
1438	1300
1436	1300
1436	1297
1435	1297
1435	1296
1436	1296
1436	1292
1435	1292
1435	1289
1436	1289
1436	1288
1435	1288
1435	1276
1434	1276
1434	1275
1433	1275
1433	1273
1432	1273
1432	1265
1433	1265
1433	1263
1432	1263
1432	1250
1431	1250
1431	1245
1430	1245
1430	1238
1429	1238
1429	1232
1430	1232
1430	1231
1429	1231
1429	1230
1427	1230
1427	1229
1426	1229
1426	1230
1418	1230
1418	1233
1417	1233
1417	1242
1414	1242
1414	1238
1410	1238
1410	1236
1411	1236
1411	1235
1410	1235
1410	1233
1409	1233
1409	1232
1407	1232
1407	1226
1405	1226
1405	1220
1404	1220
1404	1208
1403	1208
1403	1203
1404	1203
1404	1175
1405	1175
1405	1167
1406	1167
1406	1165
1405	1165
1405	1164
1406	1164
1406	1162
1405	1162
1405	1159
1394	1159
1394	1160
1392	1160
1392	1165
1388	1165
1388	1166
1387	1166
1387	1171
1386	1171
1386	1175
1385	1175
1385	1176
1384	1176
1384	1175
1383	1175
1383	1172
1382	1172
1382	1171
1381	1171
1381	1166
1380	1166
1380	1154
1379	1154
1379	1153
1378	1153
1378	1149
1377	1149
1377	1118
1378	1118
1378	1105
1377	1105
1377	1104
1367	1104
1367	1103
1366	1103
1366	1102
1365	1102
1365	1098
1362	1098
1362	1092
1359	1092
1359	1074
1356	1074
1356	1064
1355	1064
1355	1060
1356	1060
1356	1056
1357	1056
1357	1040
1358	1040
1358	1039
1359	1039
1359	1026
1360	1026
1360	1016
1356	1016
1356	1015
1355	1015
1355	1016
1349	1016
1349	1017
1348	1017
1348	1018
1347	1018
1347	1019
1342	1019
1342	1022
1341	1022
1341	1024
1340	1024
1340	1025
1339	1025
1339	1026
1338	1026
1338	1028
1337	1028
1337	1031
1335	1031
1335	1030
1334	1030
1334	1029
1335	1029
1335	1020
1334	1020
1334	1019
1333	1019
1333	1003
1334	1003
1334	1002
1335	1002
1335	960
1337	960
1337	948
1338	948
1338	946
1339	946
1339	942
1338	942
1338	940
1339	940
1339	939
1338	939
1338	935
1329	935
1329	936
1328	936
1328	937
1326	937
1326	939
1325	939
1325	940
1323	940
1323	946
1321	946
1321	947
1320	947
1320	946
1319	946
1319	940
1317	940
1317	922
1316	922
1316	900
1317	900
1317	899
1318	899
1318	893
1319	893
1319	886
1320	886
1320	879
1321	879
1321	877
1320	877
1320	876
1321	876
1321	875
1322	875
1322	860
1323	860
1323	859
1322	859
1322	856
1313	856
1313	857
1312	857
1312	858
1311	858
1311	859
1310	859
1310	860
1308	860
1308	862
1307	862
1307	864
1308	864
1308	866
1304	866
1304	867
1302	867
1302	873
1293	873
1293	886
1294	886
1294	887
1295	887
1295	888
1296	888
1296	899
1297	899
1297	904
1298	904
1298	916
1299	916
1299	928
1298	928
1298	935
1297	935
1297	940
1296	940
1296	946
1295	946
1295	947
1294	947
1294	952
1290	952
1290	946
1289	946
1289	943
1288	943
1288	940
1287	940
1287	939
1286	939
1286	938
1285	938
1285	937
1283	937
1283	936
1274	936
1274	937
1273	937
1273	947
1272	947
1272	948
1275	948
1275	960
1277	960
1277	963
1278	963
1278	966
1277	966
1277	977
1278	977
1278	978
1279	978
1279	979
1280	979
1280	1013
1279	1013
1279	1017
1278	1017
1278	1020
1277	1020
1277	1022
1278	1022
1278	1023
1277	1023
1277	1029
1278	1029
1278	1030
1277	1030
1277	1031
1275	1031
1275	1037
1272	1037
1272	1040
1271	1040
1271	1042
1270	1042
1270	1043
1269	1043
1269	1041
1268	1041
1268	1033
1267	1033
1267	1032
1268	1032
1268	1031
1267	1031
1267	1028
1266	1028
1266	1029
1265	1029
1265	1028
1264	1028
1264	1027
1263	1027
1263	1026
1262	1026
1262	1025
1261	1025
1261	1023
1260	1023
1260	1022
1251	1022
1251	1024
1250	1024
1250	1025
1251	1025
1251	1027
1250	1027
1250	1029
1251	1029
1251	1031
1250	1031
1250	1032
1251	1032
1251	1043
1252	1043
1252	1045
1253	1045
1253	1069
1254	1069
1254	1071
1255	1071
1255	1076
1256	1076
1256	1095
1257	1095
1257	1122
1256	1122
1256	1123
1255	1123
1255	1128
1254	1128
1254	1129
1253	1129
1253	1136
1252	1136
1252	1139
1251	1139
1251	1141
1250	1141
1250	1140
1249	1140
1249	1136
1250	1136
1250	1135
1247	1135
1247	1131
1246	1131
1246	1129
1243	1129
1243	1127
1242	1127
1242	1126
1241	1126
1241	1125
1240	1125
1240	1123
1239	1123
1239	1122
1237	1122
1237	1119
1226	1119
1226	1130
1227	1130
1227	1131
1229	1131
1229	1149
1232	1149
1232	1155
1231	1155
1231	1196
1229	1196
1229	1207
1228	1207
1228	1208
1227	1208
1227	1209
1226	1209
1226	1214
1223	1214
1223	1220
1221	1220
1221	1221
1220	1221
1220	1226
1217	1226
1217	1227
1216	1227
1216	1229
1215	1229
1215	1230
1213	1230
1213	1215
1212	1215
1212	1213
1210	1213
1210	1212
1209	1212
1209	1211
1208	1211
1208	1209
1207	1209
1207	1207
1206	1207
1206	1205
1204	1205
1204	1204
1203	1204
1203	1202
1192	1202
1192	1217
1193	1217
1193	1219
1192	1219
1192	1221
1193	1221
1193	1223
1194	1223
1194	1226
1193	1226
1193	1232
1192	1232
1192	1293
1190	1293
1190	1295
1189	1295
1189	1296
1190	1296
1190	1299
1189	1299
1189	1301
1188	1301
1188	1306
1185	1306
1185	1312
1184	1312
1184	1314
1183	1314
1183	1316
1182	1316
1182	1318
1181	1318
1181	1312
1180	1312
1180	1304
1179	1304
1179	1303
1178	1303
1178	1302
1177	1302
1177	1301
1176	1301
1176	1299
1174	1299
1174	1298
1173	1298
1173	1297
1172	1297
1172	1296
1171	1296
1171	1294
1170	1294
1170	1293
1158	1293
1158	1312
1157	1312
1157	1313
1156	1313
1156	1319
1155	1319
1155	1320
1156	1320
1156	1333
1155	1333
1155	1335
1154	1335
1154	1342
1153	1342
1153	1355
1152	1355
1152	1361
1151	1361
1151	1366
1150	1366
1150	1368
1149	1368
1149	1369
1150	1369
1150	1371
1149	1371
1149	1373
1148	1373
1148	1378
1147	1378
1147	1379
1146	1379
1146	1384
1145	1384
1145	1385
1143	1385
1143	1391
1142	1391
1142	1392
1141	1392
1141	1393
1139	1393
1139	1395
1138	1395
1138	1397
1137	1397
1137	1399
1136	1399
1136	1400
1134	1400
1134	1398
1133	1398
1133	1385
1132	1385
1132	1384
1131	1384
1131	1385
1130	1385
1130	1384
1129	1384
1129	1379
1125	1379
1125	1378
1122	1378
1122	1379
1121	1379
1121	1378
1119	1378
1119	1379
1117	1379
1117	1392
1116	1392
1116	1402
1115	1402
1115	1404
1114	1404
1114	1408
1115	1408
1115	1409
1114	1409
1114	1410
1113	1410
1113	1421
1110	1421
1110	1423
1109	1423
1109	1425
1110	1425
1110	1426
1109	1426
1109	1435
1108	1435
1108	1440
1107	1440
1107	1446
1105	1446
1105	1452
1104	1452
1104	1458
1102	1458
1102	1459
1101	1459
1101	1464
1099	1464
1099	1463
1098	1463
1098	1458
1097	1458
1097	1455
1096	1455
1096	1454
1094	1454
1094	1453
1092	1453
1092	1454
1090	1454
1090	1453
1089	1453
1089	1454
1088	1454
1088	1453
1086	1453
1086	1454
1085	1454
1085	1458
1084	1458
1084	1470
1083	1470
1083	1471
1082	1471
1082	1474
1083	1474
1083	1475
1082	1475
1082	1476
1081	1476
1081	1477
1080	1477
1080	1483
1079	1483
1079	1488
1077	1488
1077	1489
1076	1489
1076	1495
1074	1495
1074	1506
1073	1506
1073	1507
1072	1507
1072	1518
1071	1518
1071	1519
1070	1519
1070	1525
1069	1525
1069	1528
1067	1528
1067	1527
1066	1527
1066	1525
1056	1525
1056	1527
1055	1527
1055	1531
1054	1531
1054	1533
1053	1533
1053	1534
1054	1534
1054	1537
1053	1537
1053	1538
1052	1538
1052	1549
1050	1549
1050	1555
1049	1555
1049	1556
1048	1556
1048	1567
1047	1567
1047	1568
1046	1568
1046	1573
1045	1573
1045	1574
1044	1574
1044	1575
1043	1575
1043	1586
1042	1586
1042	1588
1041	1588
1041	1593
1040	1593
1040	1598
1039	1598
1039	1599
1038	1599
1038	1604
1037	1604
1037	1605
1036	1605
1036	1610
1035	1610
1035	1611
1034	1611
1034	1615
1033	1615
1033	1616
1032	1616
1032	1617
1031	1617
1031	1622
1029	1622
1029	1623
1028	1623
1028	1632
1027	1632
1027	1635
1025	1635
1025	1641
1024	1641
1024	1642
1023	1642
1023	1646
1022	1646
1022	1648
1021	1648
1021	1650
1022	1650
1022	1652
1021	1652
1021	1653
1020	1653
1020	1654
1019	1654
1019	1660
1018	1660
1018	1665
1017	1665
1017	1671
1016	1671
1016	1672
1015	1672
1015	1677
1013	1677
1013	1683
1012	1683
1012	1688
1011	1688
1011	1689
1010	1689
1010	1690
1009	1690
1009	1695
1008	1695
1008	1696
1007	1696
1007	1701
1006	1701
1006	1702
1005	1702
1005	1707
1004	1707
1004	1708
1003	1708
1003	1714
1001	1714
1001	1715
1000	1715
1000	1716
1001	1716
1001	1720
999	1720
999	1725
998	1725
998	1726
997	1726
997	1732
996	1732
996	1733
995	1733
995	1738
993	1738
993	1740
992	1740
992	1742
993	1742
993	1744
992	1744
992	1745
991	1745
991	1751
989	1751
989	1759
988	1759
988	1765
986	1765
986	1766
985	1766
985	1774
984	1774
984	1775
982	1775
982	1783
981	1783
981	1785
982	1785
982	1786
981	1786
981	1787
979	1787
979	1798
978	1798
978	1800
977	1800
977	1806
976	1806
976	1812
975	1812
975	1823
974	1823
974	1824
973	1824
973	1836
972	1836
972	1841
971	1841
971	1848
970	1848
970	1854
969	1854
969	1859
968	1859
968	1861
967	1861
967	1865
966	1865
966	1864
964	1864
964	1861
963	1861
963	1853
962	1853
962	1848
961	1848
961	1842
960	1842
960	1835
959	1835
959	1829
957	1829
957	1826
959	1826
959	1802
960	1802
960	1788
961	1788
961	1783
962	1783
962	1782
963	1782
963	1769
964	1769
964	1760
965	1760
965	1759
964	1759
964	1758
965	1758
965	1752
966	1752
966	1741
967	1741
967	1740
969	1740
969	1722
970	1722
970	1716
971	1716
971	1714
972	1714
972	1712
971	1712
971	1709
972	1709
972	1704
973	1704
973	1692
974	1692
974	1691
975	1691
975	1679
977	1679
977	1672
978	1672
978	1666
979	1666
979	1661
981	1661
981	1638
982	1638
982	1636
983	1636
983	1624
984	1624
984	1598
983	1598
983	1582
984	1582
984	1579
985	1579
985	1563
984	1563
984	1544
985	1544
985	1533
987	1533
987	1522
976	1522
976	1525
972	1525
972	1521
973	1521
973	1520
974	1520
974	1515
975	1515
975	1509
978	1509
978	1499
979	1499
979	1493
980	1493
980	1490
981	1490
981	1479
982	1479
982	1478
983	1478
983	1464
982	1464
982	1463
981	1463
981	1462
972	1462
972	1463
970	1463
970	1462
969	1462
969	1458
970	1458
970	1454
971	1454
971	1453
972	1453
972	1436
973	1436
973	1431
974	1431
974	1429
975	1429
975	1424
976	1424
976	1423
977	1423
977	1415
978	1415
978	1413
979	1413
979	1411
981	1411
981	1398
980	1398
980	1397
971	1397
971	1398
970	1398
970	1402
969	1402
969	1403
967	1403
967	1409
965	1409
965	1407
964	1407
964	1405
963	1405
963	1387
964	1387
964	1386
965	1386
965	1377
966	1377
966	1376
965	1376
965	1375
966	1375
966	1374
967	1374
967	1369
968	1369
968	1368
970	1368
970	1354
968	1354
968	1355
966	1355
966	1354
960	1354
960	1348
959	1348
959	1327
960	1327
960	1325
961	1325
961	1320
962	1320
962	1319
963	1319
963	1308
964	1308
964	1307
965	1307
965	1295
966	1295
966	1292
967	1292
967	1289
968	1289
968	1288
969	1288
969	1283
972	1283
972	1278
973	1278
973	1274
974	1274
974	1272
975	1272
975	1263
961	1263
961	1265
959	1265
959	1266
957	1266
957	1267
955	1267
955	1268
954	1268
954	1269
953	1269
953	1271
952	1271
952	1272
951	1272
951	1275
949	1275
949	1278
948	1278
948	1277
947	1277
947	1276
946	1276
946	1275
945	1275
945	1274
946	1274
946	1272
947	1272
947	1258
948	1258
948	1252
949	1252
949	1241
951	1241
951	1242
952	1242
952	1240
954	1240
954	1234
955	1234
955	1229
956	1229
956	1228
957	1228
957	1223
958	1223
958	1222
960	1222
960	1216
961	1216
961	1213
962	1213
962	1210
963	1210
963	1209
964	1209
964	1204
965	1204
965	1203
966	1203
966	1198
968	1198
968	1197
969	1197
969	1192
970	1192
970	1191
971	1191
971	1182
975	1182
975	1172
974	1172
974	1171
965	1171
965	1172
964	1172
964	1177
960	1177
960	1178
959	1178
959	1179
958	1179
958	1180
957	1180
957	1181
955	1181
955	1183
954	1183
954	1187
953	1187
953	1188
952	1188
952	1189
951	1189
951	1185
950	1185
950	1184
949	1184
949	1183
948	1183
948	1179
949	1179
949	1178
948	1178
948	1173
949	1173
949	1168
950	1168
950	1166
951	1166
951	1155
952	1155
952	1152
953	1152
953	1151
952	1151
952	1150
953	1150
953	1149
954	1149
954	1147
955	1147
955	1146
954	1146
954	1143
955	1143
955	1137
957	1137
957	1131
959	1131
959	1130
960	1130
960	1125
962	1125
962	1124
963	1124
963	1119
965	1119
965	1117
966	1117
966	1116
965	1116
965	1115
966	1115
966	1113
968	1113
968	1112
969	1112
969	1101
959	1101
959	1102
958	1102
958	1103
957	1103
957	1104
955	1104
955	1106
954	1106
954	1110
953	1110
953	1108
952	1108
952	1105
951	1105
951	1104
950	1104
950	1088
951	1088
951	1076
953	1076
953	1072
954	1072
954	1070
955	1070
955	1069
956	1069
956	1065
957	1065
957	1064
959	1064
959	1063
960	1063
960	1057
961	1057
961	1052
964	1052
964	1051
965	1051
965	1044
966	1044
966	1040
968	1040
968	1039
969	1039
969	1033
972	1033
972	1027
975	1027
975	1021
977	1021
977	1016
978	1016
978	1015
981	1015
981	1009
984	1009
984	1008
985	1008
985	1005
984	1005
984	1004
985	1004
985	999
984	999
984	997
974	997
974	998
973	998
973	1000
968	1000
968	1001
966	1001
966	1002
965	1002
965	1003
963	1003
963	1004
961	1004
961	1005
956	1005
956	1006
955	1006
955	1007
954	1007
954	1008
953	1008
953	1009
952	1009
952	1010
951	1010
951	1011
950	1011
950	1012
949	1012
949	1011
948	1011
948	1003
950	1003
950	996
951	996
951	991
952	991
952	990
953	990
953	986
954	986
954	985
956	985
956	984
957	984
957	978
959	978
959	974
960	974
960	973
961	973
961	972
962	972
962	971
963	971
963	966
966	966
966	965
967	965
967	960
969	960
969	954
971	954
971	952
973	952
973	951
974	951
974	950
975	950
975	947
976	947
976	945
977	945
977	944
978	944
978	942
980	942
980	941
981	941
981	937
982	937
982	936
983	936
983	935
984	935
984	933
985	933
985	932
984	932
984	931
985	931
985	930
987	930
987	925
988	925
988	924
993	924
993	919
994	919
994	918
995	918
995	917
997	917
997	906
996	906
996	905
995	905
995	906
994	906
994	905
993	905
993	906
992	906
992	905
986	905
986	906
985	906
985	907
979	907
979	908
973	908
973	911
972	911
972	912
971	912
971	913
970	913
970	914
969	914
969	915
967	915
967	911
968	911
968	910
969	910
969	900
970	900
970	898
971	898
971	896
973	896
973	895
972	895
972	894
973	894
973	893
975	893
975	888
976	888
976	887
978	887
978	886
979	886
979	881
981	881
981	878
982	878
982	877
983	877
983	874
984	874
984	873
985	873
985	871
987	871
987	869
988	869
988	868
989	868
989	867
990	867
990	865
991	865
991	863
992	863
992	862
993	862
993	860
994	860
994	859
995	859
995	858
999	858
999	851
1002	851
1002	845
1003	845
1003	844
1005	844
1005	842
1006	842
1006	841
1005	841
1005	840
1006	840
1006	839
1007	839
1007	838
1009	838
1009	832
1011	832
1011	830
1012	830
1012	829
1011	829
1011	828
1012	828
1012	827
1014	827
1014	825
1015	825
1015	821
1017	821
1017	820
1019	820
1019	819
1020	819
1020	818
1021	818
1021	817
1023	817
1023	815
1024	815
1024	814
1023	814
1023	807
1014	807
1014	808
1010	808
1010	809
1008	809
1008	810
1007	810
1007	809
1005	809
1005	810
1003	810
1003	812
997	812
997	815
992	815
992	816
991	816
991	818
989	818
989	820
988	820
988	822
986	822
986	823
985	823
985	822
984	822
984	821
985	821
985	819
984	819
984	818
985	818
985	817
984	817
984	816
985	816
985	814
986	814
986	813
987	813
987	805
988	805
988	803
989	803
989	802
991	802
991	796
993	796
993	795
994	795
994	794
995	794
995	791
996	791
996	789
997	789
997	787
998	787
998	786
999	786
999	783
1000	783
1000	782
1001	782
1001	781
1002	781
1002	780
1004	780
1004	779
1005	779
1005	774
1006	774
1006	773
1005	773
1005	771
1006	771
1006	770
1005	770
1005	769
1000	769
1000	768
999	768
999	760
1000	760
1000	759
999	759
999	757
996	757
996	752
995	752
995	751
993	751
993	745
982	745
982	746
981	746
981	749
982	749
982	750
981	750
981	752
980	752
980	758
979	758
979	776
978	776
978	781
977	781
977	782
976	782
976	794
975	794
975	800
974	800
974	801
973	801
973	812
970	812
970	818
968	818
968	819
967	819
967	824
964	824
964	825
963	825
963	830
961	830
961	831
960	831
960	832
959	832
959	833
958	833
958	835
957	835
957	822
956	822
956	821
954	821
954	820
953	820
953	812
941	812
941	818
940	818
940	823
939	823
939	824
940	824
940	836
937	836
937	837
936	837
936	848
935	848
935	849
934	849
934	853
933	853
933	855
931	855
931	856
930	856
930	859
931	859
931	860
930	860
930	861
929	861
929	863
928	863
928	864
929	864
929	866
928	866
928	868
927	868
927	874
926	874
926	876
924	876
924	884
923	884
923	885
922	885
922	884
921	884
921	885
920	885
920	884
919	884
919	885
918	885
918	889
917	889
917	890
916	890
916	891
912	891
912	894
911	894
911	895
910	895
910	897
908	897
908	885
907	885
907	884
906	884
906	883
905	883
905	881
904	881
904	878
903	878
903	879
893	879
893	885
892	885
892	891
891	891
891	893
890	893
890	895
889	895
889	896
888	896
888	899
887	899
887	908
886	908
886	910
885	910
885	912
886	912
886	914
885	914
885	921
884	921
884	928
882	928
882	933
881	933
881	934
879	934
879	942
876	942
876	945
875	945
875	954
870	954
870	955
869	955
869	958
867	958
867	961
866	961
866	962
864	962
864	964
862	964
862	953
861	953
861	952
859	952
859	946
856	946
856	944
847	944
847	945
846	945
846	946
845	946
845	955
844	955
844	958
843	958
843	959
842	959
842	964
839	964
839	970
838	970
838	971
837	971
837	976
836	976
836	977
835	977
835	982
833	982
833	986
832	986
832	987
833	987
833	988
831	988
831	989
830	989
830	995
829	995
829	1001
827	1001
827	1006
826	1006
826	1015
821	1015
821	1016
820	1016
820	1019
817	1019
817	1024
816	1024
816	1025
815	1025
815	1026
814	1026
814	1027
813	1027
813	1028
812	1028
812	1029
811	1029
811	1031
809	1031
809	1032
808	1032
808	1034
805	1034
805	1033
806	1033
806	1031
807	1031
807	1019
804	1019
804	1013
792	1013
792	1019
790	1019
790	1026
789	1026
789	1030
788	1030
788	1031
787	1031
787	1032
785	1032
785	1037
784	1037
784	1039
783	1039
783	1041
782	1041
782	1042
781	1042
781	1043
780	1043
780	1045
779	1045
779	1050
778	1050
778	1051
777	1051
777	1053
776	1053
776	1058
775	1058
775	1060
774	1060
774	1061
773	1061
773	1062
772	1062
772	1067
771	1067
771	1068
769	1068
769	1075
768	1075
768	1080
766	1080
766	1081
765	1081
765	1082
766	1082
766	1085
765	1085
765	1086
764	1086
764	1088
763	1088
763	1089
762	1089
762	1090
761	1090
761	1091
760	1091
760	1092
759	1092
759	1093
757	1093
757	1095
756	1095
756	1096
755	1096
755	1097
754	1097
754	1098
753	1098
753	1099
752	1099
752	1101
751	1101
751	1102
750	1102
750	1104
748	1104
748	1105
747	1105
747	1106
745	1106
745	1104
746	1104
746	1103
747	1103
747	1096
748	1096
748	1095
747	1095
747	1093
746	1093
746	1090
745	1090
745	1086
733	1086
733	1087
732	1087
732	1092
730	1092
730	1093
729	1093
729	1099
728	1099
728	1101
726	1101
726	1102
725	1102
725	1104
723	1104
723	1111
721	1111
721	1113
720	1113
720	1114
718	1114
718	1115
716	1115
716	1116
717	1116
717	1117
716	1117
716	1118
715	1118
715	1122
713	1122
713	1123
712	1123
712	1129
709	1129
709	1136
708	1136
708	1137
707	1137
707	1138
705	1138
705	1141
704	1141
704	1142
703	1142
703	1147
701	1147
701	1148
700	1148
700	1153
699	1153
699	1154
698	1154
698	1155
699	1155
699	1158
698	1158
698	1159
696	1159
696	1160
695	1160
695	1164
694	1164
694	1165
693	1165
693	1167
692	1167
692	1168
691	1168
691	1169
690	1169
690	1171
688	1171
688	1172
687	1172
687	1174
685	1174
685	1160
684	1160
684	1159
671	1159
671	1165
669	1165
669	1166
668	1166
668	1171
667	1171
667	1172
665	1172
665	1177
663	1177
663	1178
662	1178
662	1182
661	1182
661	1183
660	1183
660	1184
659	1184
659	1186
658	1186
658	1187
657	1187
657	1188
656	1188
656	1190
655	1190
655	1191
654	1191
654	1192
653	1192
653	1193
652	1193
652	1194
651	1194
651	1195
650	1195
650	1196
648	1196
648	1197
647	1197
647	1202
644	1202
644	1205
643	1205
643	1207
642	1207
642	1208
641	1208
641	1210
640	1210
640	1211
638	1211
638	1213
637	1213
637	1214
635	1214
635	1220
632	1220
632	1223
631	1223
631	1224
632	1224
632	1225
631	1225
631	1227
630	1227
630	1228
629	1228
629	1229
628	1229
628	1230
627	1230
627	1231
626	1231
626	1233
625	1233
625	1234
608	1234
608	1235
607	1235
607	1239
605	1239
605	1241
604	1241
604	1242
602	1242
602	1243
601	1243
601	1246
600	1246
600	1247
599	1247
599	1248
598	1248
598	1249
597	1249
597	1250
596	1250
596	1251
594	1251
594	1253
593	1253
593	1254
592	1254
592	1255
591	1255
591	1256
589	1256
589	1257
588	1257
588	1258
587	1258
587	1263
584	1263
584	1264
583	1264
583	1266
582	1266
582	1268
581	1268
581	1269
579	1269
579	1270
578	1270
578	1273
577	1273
577	1274
578	1274
578	1275
577	1275
577	1276
576	1276
576	1277
575	1277
575	1278
574	1278
574	1279
573	1279
573	1280
572	1280
572	1281
571	1281
571	1282
570	1282
570	1283
569	1283
569	1284
568	1284
568	1285
567	1285
567	1286
566	1286
566	1287
564	1287
564	1290
563	1290
563	1291
562	1291
562	1292
561	1292
561	1298
560	1298
560	1299
555	1299
555	1300
554	1300
554	1305
553	1305
553	1306
552	1306
552	1307
551	1307
551	1308
550	1308
550	1309
549	1309
549	1310
548	1310
548	1311
547	1311
547	1312
546	1312
546	1314
545	1314
545	1315
544	1315
544	1318
542	1318
542	1319
541	1319
541	1323
539	1323
539	1325
538	1325
538	1326
537	1326
537	1327
536	1327
536	1328
534	1328
534	1331
533	1331
533	1332
532	1332
532	1333
531	1333
531	1334
530	1334
530	1335
529	1335
529	1336
528	1336
528	1338
527	1338
527	1339
526	1339
526	1340
525	1340
525	1341
524	1341
524	1342
523	1342
523	1343
522	1343
522	1347
521	1347
521	1348
520	1348
520	1349
519	1349
519	1350
518	1350
518	1351
516	1351
516	1354
514	1354
514	1355
513	1355
513	1360
510	1360
510	1362
509	1362
509	1364
507	1364
507	1366
506	1366
506	1367
504	1367
504	1370
503	1370
503	1371
504	1371
504	1372
503	1372
503	1373
501	1373
501	1378
500	1378
500	1379
498	1379
498	1380
497	1380
497	1385
495	1385
495	1391
491	1391
491	1394
490	1394
490	1393
489	1393
489	1396
488	1396
488	1397
487	1397
487	1398
486	1398
486	1400
485	1400
485	1403
484	1403
484	1404
483	1404
483	1409
480	1409
480	1411
479	1411
479	1413
480	1413
480	1414
479	1414
479	1415
477	1415
477	1417
476	1417
476	1421
475	1421
475	1422
474	1422
474	1423
473	1423
473	1424
474	1424
474	1426
473	1426
473	1427
472	1427
472	1428
470	1428
470	1433
469	1433
469	1434
468	1434
468	1435
467	1435
467	1440
465	1440
465	1441
464	1441
464	1445
462	1445
462	1446
461	1446
461	1452
457	1452
457	1457
456	1457
456	1458
455	1458
455	1459
454	1459
454	1464
453	1464
453	1465
452	1465
452	1468
451	1468
451	1470
449	1470
449	1471
448	1471
448	1476
445	1476
445	1482
442	1482
442	1483
441	1483
441	1488
438	1488
438	1489
437	1489
437	1491
436	1491
436	1495
434	1495
434	1500
433	1500
433	1501
430	1501
430	1506
429	1506
429	1508
428	1508
428	1509
427	1509
427	1510
426	1510
426	1511
425	1511
425	1513
423	1513
423	1515
422	1515
422	1516
421	1516
421	1518
420	1518
420	1519
419	1519
419	1520
418	1520
418	1522
417	1522
417	1524
416	1524
416	1525
415	1525
415	1524
414	1524
414	1520
415	1520
415	1513
416	1513
416	1512
415	1512
415	1509
416	1509
416	1504
417	1504
417	1503
418	1503
418	1502
420	1502
420	1496
421	1496
421	1491
422	1491
422	1489
423	1489
423	1486
424	1486
424	1483
425	1483
425	1481
426	1481
426	1479
427	1479
427	1478
428	1478
428	1476
429	1476
429	1475
428	1475
428	1472
429	1472
429	1471
430	1471
430	1467
431	1467
431	1466
432	1466
432	1464
433	1464
433	1461
432	1461
432	1460
434	1460
434	1459
435	1459
435	1452
436	1452
436	1448
438	1448
438	1447
439	1447
439	1441
440	1441
440	1436
441	1436
441	1435
442	1435
442	1430
443	1430
443	1429
444	1429
444	1428
445	1428
445	1424
446	1424
446	1423
447	1423
447	1417
448	1417
448	1416
449	1416
449	1412
450	1412
450	1411
451	1411
451	1407
452	1407
452	1405
454	1405
454	1399
455	1399
455	1395
456	1395
456	1394
457	1394
457	1392
458	1392
458	1388
459	1388
459	1387
460	1387
460	1382
461	1382
461	1381
462	1381
462	1380
463	1380
463	1375
464	1375
464	1374
465	1374
465	1369
467	1369
467	1368
469	1368
469	1364
470	1364
470	1357
471	1357
471	1356
473	1356
473	1351
474	1351
474	1350
477	1350
477	1349
478	1349
478	1347
477	1347
477	1346
478	1346
478	1342
479	1342
479	1341
481	1341
481	1338
484	1338
484	1331
485	1331
485	1328
487	1328
487	1327
486	1327
486	1326
488	1326
488	1324
489	1324
489	1320
490	1320
490	1319
491	1319
491	1315
492	1315
492	1314
493	1314
493	1313
494	1313
494	1311
493	1311
493	1310
494	1310
494	1309
493	1309
493	1308
495	1308
495	1307
497	1307
497	1303
498	1303
498	1301
499	1301
499	1296
500	1296
500	1295
502	1295
502	1284
504	1284
504	1283
508	1283
508	1278
509	1278
509	1273
510	1273
510	1271
511	1271
511	1270
512	1270
512	1265
513	1265
513	1264
514	1264
514	1259
515	1259
515	1255
516	1255
516	1253
517	1253
517	1252
518	1252
518	1246
519	1246
519	1245
520	1245
520	1244
521	1244
521	1243
522	1243
522	1242
523	1242
523	1241
524	1241
524	1238
523	1238
523	1237
524	1237
524	1234
526	1234
526	1228
527	1228
527	1226
528	1226
528	1217
529	1217
529	1216
532	1216
532	1212
533	1212
533	1208
535	1208
535	1207
536	1207
536	1204
538	1204
538	1203
539	1203
539	1194
538	1194
538	1193
530	1193
530	1186
532	1186
532	1185
533	1185
533	1184
534	1184
534	1182
533	1182
533	1181
534	1181
534	1180
535	1180
535	1179
536	1179
536	1180
537	1180
537	1179
539	1179
539	1174
540	1174
540	1173
542	1173
542	1169
543	1169
543	1168
544	1168
544	1167
545	1167
545	1166
546	1166
546	1164
547	1164
547	1163
548	1163
548	1161
550	1161
550	1160
551	1160
551	1155
554	1155
554	1154
555	1154
555	1150
556	1150
556	1149
558	1149
558	1144
559	1144
559	1143
560	1143
560	1142
561	1142
561	1139
562	1139
562	1138
563	1138
563	1136
564	1136
564	1135
565	1135
565	1125
556	1125
556	1126
555	1126
555	1127
554	1127
554	1119
555	1119
555	1118
556	1118
556	1115
557	1115
557	1113
559	1113
559	1112
560	1112
560	1111
561	1111
561	1106
562	1106
562	1104
563	1104
563	1103
564	1103
564	1102
566	1102
566	1099
567	1099
567	1097
568	1097
568	1096
572	1096
572	1091
573	1091
573	1088
575	1088
575	1086
576	1086
576	1085
575	1085
575	1083
576	1083
576	1082
579	1082
579	1081
580	1081
580	1080
581	1080
581	1075
582	1075
582	1072
583	1072
583	1070
586	1070
586	1064
590	1064
590	1063
591	1063
591	1059
592	1059
592	1058
593	1058
593	1056
594	1056
594	1055
595	1055
595	1045
582	1045
582	1046
581	1046
581	1047
580	1047
580	1049
576	1049
576	1045
577	1045
577	1040
578	1040
578	1039
579	1039
579	1040
580	1040
580	1039
581	1039
581	1037
582	1037
582	1034
583	1034
583	1033
584	1033
584	1032
585	1032
585	1027
587	1027
587	1025
588	1025
588	1021
591	1021
591	1016
592	1016
592	1015
594	1015
594	1013
595	1013
595	1009
599	1009
599	1008
600	1008
600	1003
603	1003
603	997
605	997
605	996
609	996
609	991
611	991
611	989
612	989
612	988
613	988
613	987
614	987
614	986
615	986
615	983
616	983
616	981
617	981
617	978
619	978
619	977
620	977
620	974
621	974
621	972
622	972
622	971
623	971
623	970
624	970
624	968
625	968
625	966
629	966
629	965
628	965
628	964
629	964
629	962
631	962
631	961
633	961
633	960
635	960
635	959
636	959
636	950
635	950
635	949
634	949
634	950
633	950
633	949
632	949
632	950
620	950
620	951
618	951
618	952
608	952
608	953
607	953
607	955
604	955
604	956
601	956
601	957
600	957
600	955
599	955
599	954
601	954
601	949
602	949
602	948
603	948
603	941
604	941
604	940
609	940
609	936
610	936
610	935
611	935
611	934
612	934
612	933
613	933
613	931
615	931
615	930
617	930
617	929
619	929
619	927
620	927
620	926
621	926
621	925
622	925
622	924
623	924
623	923
624	923
624	922
626	922
626	920
627	920
627	919
628	919
628	918
629	918
629	917
630	917
630	916
631	916
631	915
633	915
633	914
634	914
634	912
635	912
635	911
637	911
637	909
638	909
638	907
639	907
639	906
641	906
641	905
645	905
645	902
646	902
646	900
647	900
647	899
648	899
648	897
650	897
650	896
652	896
652	893
653	893
653	892
654	892
654	891
657	891
657	890
658	890
658	886
659	886
659	884
661	884
661	883
664	883
664	881
669	881
669	880
670	880
670	869
667	869
667	868
666	868
666	869
661	869
661	868
656	868
656	869
654	869
654	868
652	868
652	869
650	869
650	870
643	870
643	871
642	871
642	872
641	872
641	873
639	873
639	872
638	872
638	869
639	869
639	868
640	868
640	867
641	867
641	866
642	866
642	865
643	865
643	864
644	864
644	857
648	857
648	856
649	856
649	851
651	851
651	849
652	849
652	845
654	845
654	844
656	844
656	845
657	845
657	844
658	844
658	841
659	841
659	840
661	840
661	839
663	839
663	838
664	838
664	835
669	835
669	834
670	834
670	832
671	832
671	831
672	831
672	830
674	830
674	829
675	829
675	828
676	828
676	824
680	824
680	823
682	823
682	820
688	820
688	818
689	818
689	816
690	816
690	815
691	815
691	814
693	814
693	813
694	813
694	812
695	812
695	811
698	811
698	810
700	810
700	800
696	800
696	799
694	799
694	800
690	800
690	799
688	799
688	800
681	800
681	801
680	801
680	802
679	802
679	803
676	803
676	804
674	804
674	802
676	802
676	800
677	800
677	798
676	798
676	796
677	796
677	794
678	794
678	793
679	793
679	792
680	792
680	791
681	791
681	790
682	790
682	787
683	787
683	786
684	786
684	785
685	785
685	784
687	784
687	783
688	783
688	782
689	782
689	777
694	777
694	776
695	776
695	775
694	775
694	774
695	774
695	772
696	772
696	771
701	771
701	765
707	765
707	762
709	762
709	761
710	761
710	759
713	759
713	756
718	756
718	755
719	755
719	751
720	751
720	750
721	750
721	749
722	749
722	748
723	748
723	747
725	747
725	744
726	744
726	743
725	743
725	742
726	742
726	741
731	741
731	737
732	737
732	736
733	736
733	735
736	735
736	734
737	734
737	733
738	733
738	732
743	732
743	728
744	728
744	727
743	727
743	724
744	724
744	723
743	723
743	721
729	721
729	722
717	722
717	724
711	724
711	725
707	725
707	719
710	719
710	718
711	718
711	717
712	717
712	716
714	716
714	715
715	715
715	714
716	714
716	712
718	712
718	711
719	711
719	707
720	707
720	706
721	706
721	705
722	705
722	704
725	704
725	700
726	700
726	699
728	699
728	698
731	698
731	695
732	695
732	694
733	694
733	693
734	693
734	692
737	692
737	691
738	691
738	690
739	690
739	689
740	689
740	688
743	688
743	686
744	686
744	685
745	685
745	684
746	684
746	683
747	683
747	682
748	682
748	681
750	681
750	680
753	680
753	679
754	679
754	673
763	673
763	672
764	672
764	670
765	670
765	671
766	671
766	669
767	669
767	668
768	668
768	667
769	667
769	666
770	666
770	665
773	665
773	663
774	663
774	662
775	662
775	663
776	663
776	661
777	661
777	662
778	662
778	661
779	661
779	660
780	660
780	658
781	658
781	656
782	656
782	644
781	644
781	643
763	643
763	644
762	644
762	646
761	646
761	643
762	643
762	639
765	639
765	638
766	638
766	635
767	635
767	633
768	633
768	631
770	631
770	630
771	630
771	628
772	628
772	627
774	627
774	626
775	626
775	625
780	625
780	621
781	621
781	619
786	619
786	616
787	616
787	615
789	615
789	614
793	614
793	613
798	613
798	607
805	607
805	606
808	606
808	607
809	607
809	606
810	606
810	603
816	603
816	600
817	600
817	599
818	599
818	598
822	598
822	596
823	596
823	587
822	587
822	586
819	586
819	584
805	584
805	583
804	583
804	581
805	581
805	580
806	580
806	579
807	579
807	556
796	556
796	562
795	562
795	563
794	563
794	564
793	564
793	565
792	565
792	566
791	566
791	567
790	567
790	569
789	569
789	571
788	571
788	573
787	573
787	574
785	574
785	575
784	575
784	580
783	580
783	581
781	581
781	585
780	585
780	586
778	586
778	592
777	592
777	593
776	593
776	594
775	594
775	596
774	596
774	597
773	597
773	598
772	598
772	601
771	601
771	602
770	602
770	603
769	603
769	604
768	604
768	605
766	605
766	609
765	609
765	610
764	610
764	611
760	611
760	614
759	614
759	616
756	616
756	617
753	617
753	620
748	620
748	621
747	621
747	623
745	623
745	625
744	625
744	626
743	626
743	627
742	627
742	626
741	626
741	625
740	625
740	624
741	624
741	619
743	619
743	617
744	617
744	616
743	616
743	598
730	598
730	599
729	599
729	605
726	605
726	608
725	608
725	610
724	610
724	611
723	611
723	613
722	613
722	614
721	614
721	615
720	615
720	616
719	616
719	617
717	617
717	621
716	621
716	622
715	622
715	623
714	623
714	625
713	625
713	626
712	626
712	627
711	627
711	629
709	629
709	631
708	631
708	632
707	632
707	633
705	633
705	636
704	636
704	637
703	637
703	638
702	638
702	639
701	639
701	640
700	640
700	641
699	641
699	643
698	643
698	644
697	644
697	645
696	645
696	647
693	647
693	648
692	648
692	651
687	651
687	652
686	652
686	655
685	655
685	656
684	656
684	655
683	655
683	656
681	656
681	657
680	657
680	658
675	658
675	660
672	660
672	659
673	659
673	658
674	658
674	657
676	657
676	651
677	651
677	649
678	649
678	637
677	637
677	636
678	636
678	635
677	635
677	632
667	632
667	633
666	633
666	635
665	635
665	637
662	637
662	641
661	641
661	642
660	642
660	644
657	644
657	647
656	647
656	648
654	648
654	649
653	649
653	650
652	650
652	651
651	651
651	652
650	652
650	653
647	653
647	656
644	656
644	659
642	659
642	660
641	660
641	662
640	662
640	663
638	663
638	665
637	665
637	666
635	666
635	667
634	667
634	668
632	668
632	671
631	671
631	672
629	672
629	674
628	674
628	675
626	675
626	676
624	676
624	677
622	677
622	678
619	678
619	680
617	680
617	681
616	681
616	683
615	683
615	684
608	684
608	685
607	685
607	686
606	686
606	687
605	687
605	688
604	688
604	689
603	689
603	690
601	690
601	680
600	680
600	678
590	678
590	680
589	680
589	684
588	684
588	685
587	685
587	686
586	686
586	687
585	687
585	688
584	688
584	689
582	689
582	690
578	690
578	691
577	691
577	694
572	694
572	695
571	695
571	696
570	696
570	697
571	697
571	698
570	698
570	699
569	699
569	700
568	700
568	701
567	701
567	702
565	702
565	703
564	703
564	705
562	705
562	706
558	706
558	708
555	708
555	709
554	709
554	708
553	708
553	709
552	709
552	712
546	712
546	713
540	713
540	710
542	710
542	709
543	709
543	697
533	697
533	698
532	698
532	699
531	699
531	700
530	700
530	701
529	701
529	703
527	703
527	705
525	705
525	706
524	706
524	707
523	707
523	708
519	708
519	709
518	709
518	712
516	712
516	714
513	714
513	715
511	715
511	720
505	720
505	721
504	721
504	725
498	725
498	727
497	727
497	730
492	730
492	731
491	731
491	733
487	733
487	738
480	738
480	739
474	739
474	740
473	740
473	742
470	742
470	741
469	741
469	733
458	733
458	735
457	735
457	736
456	736
456	737
455	737
455	739
449	739
449	741
448	741
448	742
443	742
443	745
440	745
440	746
439	746
439	748
438	748
438	749
437	749
437	750
436	750
436	751
430	751
430	753
425	753
425	754
424	754
424	757
423	757
423	758
422	758
422	759
421	759
421	760
420	760
420	761
419	761
419	762
418	762
418	763
414	763
414	765
413	765
413	766
408	766
408	764
407	764
407	763
395	763
395	764
394	764
394	766
389	766
389	767
387	767
387	768
385	768
385	767
384	767
384	768
382	768
382	769
381	769
381	770
380	770
380	771
379	771
379	772
378	772
378	773
376	773
376	774
374	774
374	773
373	773
373	774
370	774
370	776
369	776
369	778
363	778
363	779
361	779
361	781
358	781
358	782
357	782
357	783
356	783
356	784
353	784
353	783
352	783
352	784
350	784
350	785
349	785
349	786
348	786
348	787
346	787
346	788
343	788
343	790
342	790
342	792
334	792
334	793
333	793
333	795
331	795
331	796
330	796
330	797
325	797
325	798
324	798
324	799
322	799
322	800
321	800
321	803
315	803
315	804
314	804
314	805
309	805
309	807
308	807
308	808
303	808
303	809
302	809
302	810
299	810
299	811
297	811
297	812
296	812
296	815
291	815
291	816
290	816
290	821
279	821
279	822
278	822
278	824
275	824
275	825
274	825
274	830
260	830
260	833
258	833
258	834
257	834
257	833
256	833
256	834
255	834
255	833
254	833
254	835
253	835
253	836
247	836
247	837
246	837
246	838
245	838
245	839
244	839
244	840
243	840
243	841
242	841
242	842
238	842
238	843
236	843
236	845
234	845
234	846
230	846
230	847
229	847
229	848
224	848
224	849
223	849
223	852
217	852
217	855
212	855
212	856
211	856
211	858
205	858
205	859
200	859
200	860
199	860
199	862
198	862
198	863
193	863
193	864
187	864
187	867
186	867
186	869
184	869
184	868
183	868
183	869
175	869
175	870
174	870
174	871
169	871
169	873
168	873
168	875
162	875
162	876
157	876
157	877
151	877
151	878
150	878
150	879
145	879
145	880
144	880
144	881
138	881
138	882
132	882
132	883
126	883
126	884
125	884
125	885
123	885
123	884
114	884
114	883
110	883
110	879
115	879
115	878
116	878
116	876
119	876
119	877
121	877
121	875
127	875
127	874
128	874
128	872
132	872
132	871
135	871
135	869
140	869
140	867
145	867
145	865
151	865
151	864
152	864
152	861
156	861
156	860
158	860
158	859
164	859
164	857
165	857
165	856
170	856
170	852
174	852
174	851
175	851
175	850
177	850
177	849
178	849
178	848
182	848
182	847
183	847
183	845
185	845
185	844
186	844
186	843
188	843
188	842
190	842
190	841
193	841
193	840
195	840
195	838
200	838
200	837
201	837
201	834
202	834
202	833
203	833
203	832
207	832
207	829
212	829
212	828
213	828
213	827
214	827
214	826
219	826
219	823
221	823
221	822
225	822
225	819
226	819
226	818
227	818
227	817
231	817
231	814
232	814
232	812
235	812
235	811
237	811
237	810
238	810
238	809
239	809
239	808
242	808
242	807
243	807
243	805
244	805
244	803
247	803
247	802
250	802
250	800
251	800
251	799
254	799
254	798
255	798
255	796
256	796
256	795
258	795
258	794
259	794
259	793
260	793
260	792
262	792
262	791
264	791
264	790
265	790
265	789
268	789
268	787
269	787
269	786
271	786
271	784
273	784
273	783
274	783
274	781
275	781
275	780
278	780
278	779
280	779
280	777
281	777
281	776
282	776
282	774
286	774
286	771
288	771
288	769
289	769
289	765
294	765
294	763
295	763
295	761
296	761
296	760
298	760
298	757
299	757
299	755
304	755
304	754
306	754
306	753
309	753
309	752
310	752
310	750
312	750
312	749
313	749
313	748
314	748
314	747
316	747
316	746
317	746
317	741
322	741
322	738
323	738
323	737
322	737
322	736
324	736
324	734
328	734
328	733
329	733
329	728
330	728
330	727
331	727
331	726
332	726
332	725
333	725
333	724
334	724
334	723
337	723
337	722
338	722
338	717
339	717
339	716
342	716
342	717
343	717
343	715
344	715
344	713
345	713
345	712
346	712
346	710
349	710
349	708
352	708
352	707
353	707
353	706
354	706
354	705
353	705
353	704
361	704
361	699
362	699
362	698
365	698
365	694
367	694
367	693
372	693
372	687
374	687
374	686
377	686
377	685
378	685
378	684
379	684
379	682
380	682
380	680
383	680
383	679
385	679
385	678
386	678
386	677
388	677
388	675
389	675
389	674
392	674
392	673
394	673
394	671
395	671
395	670
397	670
397	669
398	669
398	668
400	668
400	658
396	658
396	657
384	657
384	654
385	654
385	653
387	653
387	652
390	652
390	647
395	647
395	646
396	646
396	645
397	645
397	644
398	644
398	643
402	643
402	642
404	642
404	641
407	641
407	640
408	640
408	639
409	639
409	638
410	638
410	637
414	637
414	635
415	635
415	634
416	634
416	633
417	633
417	634
418	634
418	633
419	633
419	632
420	632
420	631
425	631
425	630
426	630
426	627
428	627
428	626
429	626
429	627
430	627
430	626
431	626
431	625
437	625
437	624
438	624
438	614
427	614
427	611
428	611
428	610
430	610
430	609
432	609
432	608
433	608
433	606
435	606
435	605
436	605
436	604
437	604
437	603
439	603
439	601
444	601
444	600
445	600
445	597
450	597
450	596
451	596
451	595
453	595
453	594
454	594
454	592
455	592
455	591
462	591
462	590
463	590
463	587
465	587
465	586
468	586
468	585
469	585
469	583
473	583
473	582
475	582
475	580
476	580
476	579
479	579
479	578
483	578
483	577
484	577
484	576
487	576
487	575
488	575
488	574
490	574
490	573
492	573
492	572
499	572
499	570
500	570
500	569
499	569
499	568
500	568
500	567
499	567
499	566
500	566
500	562
499	562
499	560
492	560
492	559
490	559
490	560
486	560
486	559
485	559
485	560
481	560
481	561
479	561
479	558
481	558
481	550
488	550
488	549
493	549
493	547
494	547
494	544
496	544
496	543
499	543
499	541
501	541
501	540
503	540
503	539
505	539
505	537
511	537
511	536
512	536
512	535
514	535
514	534
517	534
517	533
519	533
519	532
520	532
520	531
526	531
526	530
529	530
529	529
530	529
530	528
532	528
532	527
533	527
533	528
535	528
535	527
536	527
536	522
548	522
548	521
550	521
550	522
552	522
552	521
554	521
554	520
555	520
555	519
554	519
554	518
555	518
555	515
554	515
554	514
555	514
555	512
554	512
554	511
551	511
551	510
539	510
539	511
537	511
537	510
536	510
536	508
537	508
537	507
538	507
538	506
539	506
539	505
540	505
540	504
541	504
541	503
548	503
548	497
554	497
554	495
555	495
555	493
554	493
554	492
555	492
555	491
561	491
561	490
562	490
562	491
566	491
566	489
567	489
567	485
572	485
572	484
573	484
573	479
590	479
590	478
591	478
591	476
597	476
597	473
608	473
608	472
609	472
609	459
598	459
598	460
596	460
596	461
594	461
594	459
595	459
595	457
597	457
597	454
598	454
598	453
599	453
599	451
601	451
601	450
602	450
602	449
603	449
603	447
604	447
604	446
608	446
608	445
609	445
609	442
615	442
615	439
617	439
617	438
619	438
619	437
620	437
620	436
627	436
627	432
635	432
635	431
636	431
636	432
637	432
637	431
638	431
638	430
645	430
645	429
646	429
646	427
648	427
648	426
652	426
652	425
655	425
655	424
660	424
660	423
659	423
659	414
658	414
658	413
654	413
654	412
652	412
652	411
640	411
640	408
642	408
642	407
643	407
643	406
645	406
645	405
646	405
646	403
652	403
652	400
657	400
657	399
658	399
658	395
659	395
659	394
662	394
662	393
676	393
676	390
680	390
680	389
682	389
682	388
683	388
683	387
694	387
694	386
695	386
695	384
696	384
696	383
699	383
699	382
700	382
700	381
706	381
706	380
709	380
709	379
712	379
712	376
713	376
713	372
712	372
712	370
713	370
713	368
712	368
712	367
700	367
700	368
699	368
699	369
698	369
698	368
697	368
697	358
695	358
695	357
696	357
696	356
697	356
697	345
687	345
687	347
681	347
681	348
679	348
679	349
678	349
678	350
677	350
677	352
676	352
676	353
675	353
675	354
673	354
673	355
668	355
668	357
663	357
663	358
662	358
662	361
656	361
656	364
651	364
651	365
650	365
650	366
645	366
645	367
642	367
642	365
643	365
643	364
642	364
642	363
643	363
643	362
642	362
642	358
643	358
643	357
642	357
642	355
633	355
633	356
632	356
632	360
631	360
631	361
625	361
625	362
624	362
624	363
623	363
623	365
622	365
622	366
620	366
620	367
614	367
614	368
613	368
613	369
610	369
610	370
608	370
608	371
602	371
602	372
601	372
601	373
593	373
593	365
584	365
584	366
579	366
579	367
576	367
576	368
571	368
571	369
565	369
565	370
559	370
559	371
554	371
554	372
553	372
553	373
547	373
547	374
546	374
546	375
541	375
541	376
535	376
535	377
528	377
528	378
522	378
522	379
516	379
516	381
509	381
509	382
510	382
510	383
509	383
509	384
504	384
504	385
492	385
492	386
491	386
491	390
486	390
486	391
484	391
484	392
481	392
481	394
480	394
480	395
467	395
467	397
462	397
462	398
461	398
461	399
456	399
456	400
455	400
455	401
449	401
449	402
448	402
448	404
437	404
437	406
436	406
436	407
431	407
431	408
430	408
430	409
429	409
429	410
427	410
427	409
426	409
426	410
423	410
423	411
422	411
422	412
421	412
421	413
418	413
418	414
413	414
413	415
412	415
412	416
408	416
408	418
406	418
406	419
401	419
401	420
400	420
400	422
394	422
394	425
388	425
388	428
382	428
382	430
381	430
381	431
376	431
376	432
370	432
370	434
366	434
366	436
365	436
365	437
358	437
358	439
357	439
357	440
352	440
352	441
351	441
351	442
346	442
346	443
345	443
345	444
343	444
343	445
342	445
342	446
339	446
339	448
334	448
334	449
332	449
332	450
330	450
330	449
328	449
328	450
327	450
327	451
322	451
322	452
320	452
320	453
318	453
318	454
317	454
317	455
315	455
315	456
308	456
308	457
306	457
306	458
303	458
303	459
297	459
297	460
292	460
292	459
293	459
293	457
294	457
294	456
296	456
296	455
297	455
297	454
298	454
298	453
299	453
299	452
301	452
301	451
304	451
304	450
305	450
305	448
307	448
307	447
309	447
309	446
310	446
310	445
311	445
311	446
312	446
312	444
313	444
313	445
315	445
315	444
316	444
316	443
317	443
317	440
321	440
321	439
323	439
323	438
324	438
324	437
325	437
325	436
330	436
330	435
331	435
331	433
332	433
332	434
333	434
333	432
334	432
334	431
335	431
335	430
340	430
340	429
341	429
341	427
343	427
343	426
345	426
345	425
347	425
347	422
350	422
350	421
353	421
353	418
359	418
359	415
361	415
361	414
365	414
365	411
366	411
366	410
365	410
365	409
366	409
366	408
371	408
371	407
372	407
372	406
377	406
377	405
378	405
378	403
380	403
380	402
383	402
383	401
384	401
384	400
386	400
386	399
388	399
388	400
389	400
389	399
390	399
390	398
391	398
391	397
392	397
392	396
395	396
395	395
396	395
396	393
397	393
397	387
414	387
414	381
420	381
420	379
421	379
421	377
427	377
427	376
429	376
429	375
432	375
432	374
433	374
433	370
432	370
432	369
445	369
445	365
450	365
450	364
451	364
451	363
456	363
456	361
457	361
457	360
458	360
458	359
463	359
463	357
468	357
468	356
469	356
469	354
471	354
471	352
472	352
472	351
475	351
475	350
476	350
476	348
481	348
481	346
482	346
482	345
493	345
493	344
494	344
494	342
499	342
499	339
501	339
501	338
503	338
503	336
506	336
506	335
511	335
511	334
512	334
512	332
518	332
518	327
527	327
527	326
530	326
530	321
541	321
541	320
547	320
547	319
548	319
548	317
549	317
549	316
550	316
550	315
551	315
551	314
554	314
554	313
555	313
555	312
558	312
558	311
560	311
560	309
561	309
561	308
566	308
566	307
567	307
567	302
577	302
577	301
579	301
579	300
580	300
580	298
581	298
581	297
584	297
584	296
585	296
585	293
591	293
591	292
597	292
597	282
596	282
596	281
594	281
594	278
596	278
596	277
597	277
597	274
598	274
598	273
599	273
599	272
601	272
601	271
603	271
603	269
609	269
609	268
614	268
614	267
615	267
615	268
616	268
616	266
621	266
621	265
627	265
627	263
630	263
630	262
635	262
635	261
639	261
639	260
640	260
640	259
639	259
639	251
632	251
632	250
631	250
631	249
632	249
632	247
639	247
639	245
640	245
640	243
646	243
646	242
647	242
647	241
658	241
658	238
659	238
659	237
670	237
670	235
676	235
676	234
677	234
677	221
674	221
674	218
675	218
675	217
676	217
676	216
677	216
677	215
682	215
682	214
683	214
683	213
684	213
684	211
691	211
691	212
711	212
711	211
722	211
722	210
725	210
725	200
718	200
718	199
715	199
715	197
716	197
716	196
718	196
718	195
719	195
719	194
725	194
725	192
731	192
731	191
732	191
732	190
734	190
734	191
736	191
736	192
749	192
749	191
752	191
752	190
774	190
774	178
768	178
768	177
767	177
767	176
766	176
766	177
765	177
765	176
762	176
762	175
763	175
763	174
773	174
773	173
774	173
774	172
779	172
779	171
781	171
781	170
786	170
786	168
790	168
790	170
797	170
797	171
808	171
808	168
812	168
812	163
813	163
813	162
830	162
830	163
831	163
831	164
837	164
837	165
851	165
851	159
852	159
852	158
853	158
853	156
859	156
859	155
860	155
860	154
861	154
861	153
866	153
866	152
873	152
873	153
890	153
890	152
898	152
898	151
901	151
901	150
902	150
902	149
921	149
921	139
920	139
920	134
914	134
914	130
915	130
915	129
916	129
916	130
918	130
918	129
925	129
925	128
927	128
927	129
929	129
929	130
930	130
930	131
962	131
962	132
965	132
965	133
978	133
978	132
979	132
979	123
978	123
978	122
977	122
977	121
976	121
976	120
975	120
975	117
973	117
973	116
970	116
970	114
975	114
975	115
989	115
989	116
992	116
992	117
997	117
997	118
998	118
998	119
1015	119
1015	120
1016	120
1016	121
1028	121
1028	122
1038	122
1038	121
1039	121
1039	117
1040	117
1040	118
1041	118
1041	119
1074	119
1074	116
1075	116
1075	115
1074	115
1074	113
1078	113
1078	112
1079	112
1079	107
1082	107
1082	112
1083	112
1083	113
1092	113
1092	114
1109	114
1109	108
1110	108
1110	109
1139	109
1139	108
1141	108
1141	109
1144	109
1144	110
1149	110
1149	111
1162	111
1162	113
1177	113
1177	112
1178	112
1178	111
1181	111
1181	110
1182	110
1182	109
1183	109
1183	110
1202	110
1202	111
1216	111
1216	110
1224	110
1224	109
1227	109
1227	108
1229	108
1229	107
1231	107
1231	106
1233	106
1233	105
1234	105
1234	104
1236	104
1236	103
1238	103
1238	102
1240	102
1240	101
1242	101
1242	100
1243	100
1243	99
1244	99
1244	98
1245	98
1245	97
1251	97
1251	98
1253	98
1253	99
1254	99
1254	100
1255	100
1255	101
1266	101
1266	102
1293	102
1293	103
1295	103
1295	104
1296	104
1296	106
1297	106
1297	107
1298	107
1298	108
1299	108
1299	110
1300	110
1300	113
1302	113
1302	114
1303	114
1303	115
1305	115
1305	116
1307	116
1307	117
1308	117
1308	118
1309	118
1309	119
1313	119
1313	120
1314	120
1314	121
1318	121
1318	122
1319	122
1319	123
1323	123
1323	124
1326	124
1326	127
1327	127
1327	128
1332	128
1332	131
1337	131
1337	132
1338	132
1338	133
1339	133
1339	134
1343	134
1343	135
1346	135
1346	136
1351	136
1351	137
1352	137
1352	139
1353	139
1353	138
1357	138
1357	140
1364	140
1364	141
1366	141
1366	142
1367	142
1367	144
1368	144
1368	145
1369	145
1369	147
1372	147
1372	148
1375	148
1375	149
1376	149
1376	150
1380	150
1380	151
1381	151
1381	152
1385	152
1385	153
1387	153
1387	155
1388	155
1388	156
1393	156
1393	157
1394	157
1394	158
1395	158
1395	159
1397	159
1397	158
1399	158
1399	159
1404	159
1404	160
1405	160
1405	161
1406	161
1406	162
1412	162
1412	165
1430	165
1430	175
1431	175
1431	176
1437	176
1437	177
1442	177
1442	178
1448	178
1448	179
1449	179
1449	180
1452	180
1452	181
1456	181
1456	182
1457	182
1457	183
1468	183
1468	184
1471	184
1471	183
1472	183
1472	184
1473	184
1473	186
1482	186
1482	187
1485	187
1485	188
1486	188
1486	189
1487	189
1487	188
1490	188
1490	189
1492	189
1492	190
1497	190
1497	191
1496	191
1496	192
1495	192
1495	193
1493	193
1493	194
1492	194
1492	195
1491	195
1491	204
1494	204
1494	205
1502	205
1502	206
1504	206
1504	207
1507	207
1507	208
1509	208
1509	210
1510	210
1510	211
1515	211
1515	213
1521	213
1521	214
1522	214
1522	216
1529	216
1529	217
1538	217
1538	218
1539	218
1539	217
1544	217
1544	219
1546	219
1546	220
1547	220
1547	221
1552	221
1552	223
1558	223
1558	224
1560	224
1560	225
1561	225
1561	226
1560	226
1560	227
1552	227
1552	228
1551	228
1551	238
1557	238
1557	239
1558	239
1558	241
1563	241
1563	242
1564	242
1564	243
1567	243
1567	244
1570	244
1570	245
1571	245
1571	247
1577	247
1577	248
1578	248
1578	249
1582	249
1582	250
1583	250
1583	251
1587	251
1587	252
1589	252
1589	253
1593	253
1593	254
1594	254
1594	255
1593	255
1593	256
1595	256
1595	257
1599	257
1599	258
1607	258
1607	266
1606	266
1606	267
1601	267
1601	270
1600	270
1600	271
1601	271
1601	274
1600	274
1600	275
1601	275
1601	278
1614	278
1614	281
1616	281
1616	282
1617	282
1617	283
1619	283
1619	284
1622	284
1622	286
1629	286
1629	287
1631	287
1631	288
1632	288
1632	289
1635	289
1635	290
1636	290
1636	291
1637	291
1637	292
1638	292
1638	293
1637	293
1637	295
1638	295
1638	296
1643	296
1643	298
1649	298
1649	302
1648	302
1648	301
1647	301
1647	302
1637	302
1637	313
1638	313
1638	314
1646	314
1646	315
1648	315
1648	316
1651	316
1651	317
1653	317
1653	318
1655	318
1655	319
1656	319
1656	320
1660	320
1660	321
1662	321
1662	322
1666	322
1666	324
1667	324
1667	326
1672	326
1672	327
1673	327
1673	328
1675	328
1675	329
1677	329
1677	332
1679	332
1679	333
1687	333
1687	341
1686	341
1686	340
1685	340
1685	341
1680	341
1680	340
1679	340
1679	341
1678	341
1678	342
1677	342
1677	345
1678	345
1678	346
1677	346
1677	350
1678	350
1678	351
1680	351
1680	353
1685	353
1685	354
1686	354
1686	355
1689	355
1689	356
1690	356
1690	357
1692	357
1692	360
1697	360
1697	361
1698	361
1698	363
1704	363
1704	365
1710	365
1710	369
1716	369
1716	372
1717	372
1717	373
1721	373
1721	374
1723	374
1723	375
1728	375
1728	379
1725	379
1725	378
1723	378
1723	377
1720	377
1720	378
1711	378
1711	377
1710	377
1710	378
1709	378
1709	377
1706	377
1706	378
1704	378
1704	388
1707	388
1707	389
1710	389
1710	393
1723	393
1723	394
1724	394
1724	395
1725	395
1725	396
1728	396
1728	398
1729	398
1729	399
1732	399
1732	400
1734	400
1734	401
1735	401
1735	402
1738	402
1738	403
1741	403
1741	405
1744	405
1744	406
1747	406
1747	408
1752	408
1752	409
1753	409
1753	411
1757	411
1757	412
1758	412
1758	413
1760	413
1760	414
1761	414
1761	415
1762	415
1762	416
1764	416
1764	417
1765	417
1765	422
1771	422
1771	428
1757	428
1757	439
1759	439
1759	442
1764	442
1764	443
1765	443
1765	445
1767	445
1767	446
1770	446
1770	447
1771	447
1771	448
1773	448
1773	449
1774	449
1774	450
1777	450
1777	451
1778	451
1778	452
1779	452
1779	453
1781	453
1781	454
1783	454
1783	455
1784	455
1784	456
1789	456
1789	459
1790	459
1790	461
1792	461
1792	462
1793	462
1793	463
1796	463
1796	464
1795	464
1795	465
1790	465
1790	475
1796	475
1796	478
1798	478
1798	479
1800	479
1800	478
1801	478
1801	479
1802	479
1802	480
1803	480
1803	481
1804	481
1804	482
1805	482
1805	484
1806	484
1806	485
1811	485
1811	487
1813	487
1813	489
1814	489
1814	490
1815	490
1815	493
1817	493
1817	495
1816	495
1816	496
1815	496
1815	504
1816	504
1816	506
1817	506
1817	509
1825	509
1825	510
1826	510
1826	512
1825	512
1825	513
1826	513
1826	519
1827	519
1827	521
1836	521
1836	522
1837	522
1837	523
1838	523
1838	524
1841	524
1841	525
1843	525
1843	527
1846	527
1846	528
1847	528
1847	530
1850	530
1850	532
1851	532
1851	533
1855	533
1855	534
1856	534
1856	535
1857	535
1857	540
1859	540
1859	541
1860	541
1860	542
1861	542
1861	543
1862	543
1862	545
1857	545
1857	548
1856	548
1856	554
1857	554
1857	555
1856	555
1856	556
1857	556
1857	558
1863	558
1863	563
1864	563
1864	564
1871	564
1871	569
1872	569
1872	570
1874	570
1874	571
1875	571
1875	576
1880	576
1880	577
1881	577
1881	582
1887	582
1887	583
1889	583
1889	586
1890	586
1890	588
1891	588
1891	590
1893	590
1893	594
1895	594
1895	595
1897	595
1897	596
1899	596
1899	599
1900	599
1900	600
1904	600
1904	601
1905	601
1905	602
1907	602
1907	604
1908	604
1908	605
1909	605
1909	606
1911	606
1911	607
1912	607
1912	612
1914	612
1914	613
1917	613
1917	618
1918	618
1918	619
1923	619
1923	621
1924	621
1924	622
1927	622
1927	623
1928	623
1928	624
1929	624
1929	625
1931	625
1931	626
1932	626
1932	627
1933	627
1933	629
1934	629
1934	630
1935	630
1935	631
1938	631
1938	632
1939	632
1939	634
1940	634
1940	635
1941	635
1941	636
1942	636
1942	637
1943	637
1943	638
1945	638
1945	639
1947	639
1947	640
1948	640
1948	643
1952	643
1952	644
1953	644
1953	646
1954	646
1954	649
1958	649
1958	650
1962	650
1962	651
1963	651
1963	652
1964	652
1964	653
1966	653
1966	654
1968	654
1968	655
1969	655
1969	657
1971	657
1971	658
1975	658
1975	659
1976	659
1976	660
1977	660
1977	661
1978	661
1978	663
1979	663
1979	664
1984	664
1984	665
1985	665
1985	667
1986	667
1986	668
1990	668
1990	669
1992	669
1992	670
1995	670
1995	671
1996	671
1996	672
1997	672
1997	673
1998	673
1998	674
2003	674
2003	679
2004	679
2004	680
2005	680
2005	679
2007	679
2007	680
2009	680
2009	682
2013	682
2013	683
2015	683
2015	685
2017	685
2017	686
2022	686
2022	685
2023	685
2023	686
2025	686
2025	687
2027	687
2027	688
2030	688
2030	689
2032	689
2032	690
2034	690
2034	692
2043	692
2043	693
2047	693
2047	694
2049	694
2049	695
2050	695
2050	696
2057	696
2057	697
2058	697
2058	698
2065	698
2065	699
2068	699
2068	698
2069	698
2069	699
2070	699
2070	700
2078	700
2078	701
2083	701
2083	702
2089	702
2089	703
2088	703
2088	706
2083	706
2083	707
2082	707
2082	708
2071	708
2071	709
2070	709
2070	711
2064	711
2064	710
2054	710
2054	709
2053	709
2053	708
2035	708
2035	707
2023	707
2023	706
2020	706
2020	705
2012	705
2012	704
2011	704
2011	702
2005	702
2005	700
1998	700
1998	699
1996	699
1996	696
1987	696
1987	693
1986	693
1986	692
1981	692
1981	691
1980	691
1980	690
1973	690
1973	689
1972	689
1972	688
1971	688
1971	687
1966	687
1966	686
1965	686
1965	684
1964	684
1964	683
1963	683
1963	682
1962	682
1962	681
1956	681
1956	678
1950	678
1950	677
1951	677
1951	676
1950	676
1950	675
1943	675
1943	674
1941	674
1941	673
1940	673
1940	672
1939	672
1939	671
1938	671
1938	670
1937	670
1937	669
1932	669
1932	668
1929	668
1929	666
1926	666
1926	665
1923	665
1923	664
1922	664
1922	663
1921	663
1921	662
1920	662
1920	661
1919	661
1919	658
1918	658
1918	659
1914	659
1914	658
1913	658
1913	656
1912	656
1912	655
1911	655
1911	656
1908	656
1908	654
1907	654
1907	653
1901	653
1901	650
1899	650
1899	649
1897	649
1897	650
1896	650
1896	649
1895	649
1895	648
1894	648
1894	647
1892	647
1892	645
1889	645
1889	644
1887	644
1887	643
1886	643
1886	642
1885	642
1885	641
1883	641
1883	638
1879	638
1879	637
1877	637
1877	634
1875	634
1875	633
1873	633
1873	634
1872	634
1872	633
1871	633
1871	632
1866	632
1866	631
1865	631
1865	630
1864	630
1864	629
1859	629
1859	628
1858	628
1858	627
1857	627
1857	626
1856	626
1856	625
1855	625
1855	624
1854	624
1854	623
1853	623
1853	622
1852	622
1852	621
1845	621
1845	620
1844	620
1844	621
1836	621
1836	620
1834	620
1834	617
1828	617
1828	611
1824	611
1824	610
1822	610
1822	606
1821	606
1821	605
1816	605
1816	602
1810	602
1810	601
1809	601
1809	600
1808	600
1808	599
1805	599
1805	598
1804	598
1804	597
1803	597
1803	595
1801	595
1801	593
1799	593
1799	592
1791	592
1791	593
1790	593
1790	600
1788	600
1788	599
1786	599
1786	598
1784	598
1784	597
1783	597
1783	596
1782	596
1782	595
1781	595
1781	594
1780	594
1780	593
1779	593
1779	592
1778	592
1778	591
1777	591
1777	590
1776	590
1776	589
1775	589
1775	588
1774	588
1774	587
1773	587
1773	586
1772	586
1772	585
1771	585
1771	584
1770	584
1770	583
1769	583
1769	582
1768	582
1768	581
1767	581
1767	580
1766	580
1766	579
1765	579
1765	578
1764	578
1764	577
1763	577
1763	576
1762	576
1762	575
1761	575
1761	574
1760	574
1760	573
1759	573
1759	572
1758	572
1758	571
1757	571
1757	570
1756	570
1756	569
1755	569
1755	568
1754	568
1754	567
1753	567
1753	566
1752	566
1752	565
1751	565
1751	564
1741	564
1741	574
1735	574
1735	573
1734	573
1734	572
1733	572
1733	570
1731	570
1731	568
1728	568
1728	567
1719	567
1719	565
1718	565
1718	564
1715	564
1715	563
1713	563
1713	562
1698	562
1698	573
1699	573
1699	574
1700	574
1700	573
1701	573
1701	574
1704	574
1704	575
1705	575
1705	576
1708	576
1708	577
1710	577
1710	579
1711	579
1711	580
1713	580
1713	582
1715	582
1715	583
1716	583
1716	584
1717	584
