1195	1560
1196	1560
1196	1561
1197	1561
1197	1564
1198	1564
1198	1569
1201	1569
1201	1579
1202	1579
1202	1580
1204	1580
1204	1581
1203	1581
1203	1582
1204	1582
1204	1584
1205	1584
1205	1588
1206	1588
1206	1590
1207	1590
1207	1602
1208	1602
1208	1611
1209	1611
1209	1612
1210	1612
1210	1614
1211	1614
1211	1626
1212	1626
1212	1636
1211	1636
1211	1648
1208	1648
1208	1649
1207	1649
1207	1654
1206	1654
1206	1655
1205	1655
1205	1656
1203	1656
1203	1654
1201	1654
1201	1653
1199	1653
1199	1652
1198	1652
1198	1651
1197	1651
1197	1648
1190	1648
1190	1646
1184	1646
1184	1645
1175	1645
1175	1646
1174	1646
1174	1656
1176	1656
1176	1662
1180	1662
1180	1666
1181	1666
1181	1667
1182	1667
1182	1677
1183	1677
1183	1681
1184	1681
1184	1690
1185	1690
1185	1703
1186	1703
1186	1713
1185	1713
1185	1717
1184	1717
1184	1718
1183	1718
1183	1719
1182	1719
1182	1720
1183	1720
1183	1729
1182	1729
1182	1730
1181	1730
1181	1732
1180	1732
1180	1733
1181	1733
1181	1735
1179	1735
1179	1737
1177	1737
1177	1738
1176	1738
1176	1741
1173	1741
1173	1740
1172	1740
1172	1739
1171	1739
1171	1736
1167	1736
1167	1735
1165	1735
1165	1731
1164	1731
1164	1730
1157	1730
1157	1729
1156	1729
1156	1728
1155	1728
1155	1727
1154	1727
1154	1726
1153	1726
1153	1724
1150	1724
1150	1723
1148	1723
1148	1724
1147	1724
1147	1723
1144	1723
1144	1724
1143	1724
1143	1723
1140	1723
1140	1724
1138	1724
1138	1737
1139	1737
1139	1738
1140	1738
1140	1739
1141	1739
1141	1743
1142	1743
1142	1749
1143	1749
1143	1753
1144	1753
1144	1762
1143	1762
1143	1767
1142	1767
1142	1773
1141	1773
1141	1779
1140	1779
1140	1781
1139	1781
1139	1788
1138	1788
1138	1805
1137	1805
1137	1806
1136	1806
1136	1814
1135	1814
1135	1816
1134	1816
1134	1818
1133	1818
1133	1819
1132	1819
1132	1821
1131	1821
1131	1822
1132	1822
1132	1823
1131	1823
1131	1825
1132	1825
1132	1826
1130	1826
1130	1827
1131	1827
1131	1828
1129	1828
1129	1830
1128	1830
1128	1831
1126	1831
1126	1830
1125	1830
1125	1829
1123	1829
1123	1828
1122	1828
1122	1827
1121	1827
1121	1825
1116	1825
1116	1824
1115	1824
1115	1822
1111	1822
1111	1821
1109	1821
1109	1820
1108	1820
1108	1817
1094	1817
1094	1830
1093	1830
1093	1838
1092	1838
1092	1840
1091	1840
1091	1841
1092	1841
1092	1844
1091	1844
1091	1846
1090	1846
1090	1852
1089	1852
1089	1854
1088	1854
1088	1855
1089	1855
1089	1856
1088	1856
1088	1858
1087	1858
1087	1861
1086	1861
1086	1865
1085	1865
1085	1867
1084	1867
1084	1868
1083	1868
1083	1869
1081	1869
1081	1876
1080	1876
1080	1880
1079	1880
1079	1884
1078	1884
1078	1887
1077	1887
1077	1888
1076	1888
1076	1889
1075	1889
1075	1900
1074	1900
1074	1906
1073	1906
1073	1908
1072	1908
1072	1910
1071	1910
1071	1912
1070	1912
1070	1913
1069	1913
1069	1914
1068	1914
1068	1920
1067	1920
1067	1924
1066	1924
1066	1929
1065	1929
1065	1931
1064	1931
1064	1932
1063	1932
1063	1933
1062	1933
1062	1936
1063	1936
1063	1937
1062	1937
1062	1945
1061	1945
1061	1947
1060	1947
1060	1954
1059	1954
1059	1955
1058	1955
1058	1956
1057	1956
1057	1958
1056	1958
1056	1961
1055	1961
1055	1963
1054	1963
1054	1968
1053	1968
1053	1971
1052	1971
1052	1975
1051	1975
1051	1977
1050	1977
1050	1979
1049	1979
1049	1982
1048	1982
1048	1984
1047	1984
1047	1987
1046	1987
1046	1989
1043	1989
1043	1993
1042	1993
1042	1996
1041	1996
1041	1997
1040	1997
1040	2000
1039	2000
1039	2002
1037	2002
1037	2006
1036	2006
1036	2008
1035	2008
1035	2011
1034	2011
1034	2013
1033	2013
1033	2014
1032	2014
1032	2015
1031	2015
1031	2017
1030	2017
1030	2018
1029	2018
1029	2019
1028	2019
1028	2021
1027	2021
1027	2023
1026	2023
1026	2024
1025	2024
1025	2025
1023	2025
1023	2024
1022	2024
1022	2022
1021	2022
1021	2021
1020	2021
1020	2017
1019	2017
1019	2016
1020	2016
1020	2015
1019	2015
1019	2014
1018	2014
1018	2010
1017	2010
1017	2009
1015	2009
1015	2001
1014	2001
1014	1997
1013	1997
1013	1995
1012	1995
1012	1991
1011	1991
1011	1981
1010	1981
1010	1964
1009	1964
1009	1958
1008	1958
1008	1952
1007	1952
1007	1913
1005	1913
1005	1912
1004	1912
1004	1881
1005	1881
1005	1878
1006	1878
1006	1877
1007	1877
1007	1862
1008	1862
1008	1861
1007	1861
1007	1860
1008	1860
1008	1859
1007	1859
1007	1858
997	1858
997	1859
993	1859
993	1861
989	1861
989	1862
987	1862
987	1863
983	1863
983	1861
982	1861
982	1846
983	1846
983	1841
984	1841
984	1839
985	1839
985	1836
986	1836
986	1834
987	1834
987	1832
988	1832
988	1821
989	1821
989	1820
991	1820
991	1806
981	1806
981	1807
980	1807
980	1808
978	1808
978	1809
977	1809
977	1810
976	1810
976	1811
972	1811
972	1810
971	1810
971	1808
970	1808
970	1806
969	1806
969	1794
968	1794
968	1793
967	1793
967	1792
969	1792
969	1776
970	1776
970	1775
969	1775
969	1774
970	1774
970	1773
969	1773
969	1771
970	1771
970	1770
971	1770
971	1765
972	1765
972	1757
975	1757
975	1755
976	1755
976	1754
975	1754
975	1751
976	1751
976	1748
977	1748
977	1746
978	1746
978	1736
968	1736
968	1737
967	1737
967	1738
965	1738
965	1739
964	1739
964	1738
963	1738
963	1740
962	1740
962	1741
959	1741
959	1742
955	1742
955	1743
954	1743
954	1744
952	1744
952	1745
950	1745
950	1743
947	1743
947	1740
946	1740
946	1739
947	1739
947	1731
946	1731
946	1724
947	1724
947	1716
948	1716
948	1713
950	1713
950	1700
952	1700
952	1694
953	1694
953	1690
954	1690
954	1688
956	1688
956	1685
957	1685
957	1683
958	1683
958	1682
962	1682
962	1681
963	1681
963	1679
965	1679
965	1677
966	1677
966	1676
969	1676
969	1675
970	1675
970	1670
969	1670
969	1667
970	1667
970	1666
969	1666
969	1665
955	1665
955	1666
948	1666
948	1667
936	1667
936	1669
933	1669
933	1668
932	1668
932	1656
933	1656
933	1652
934	1652
934	1650
937	1650
937	1649
938	1649
938	1648
937	1648
937	1646
938	1646
938	1645
937	1645
937	1644
938	1644
938	1643
939	1643
939	1635
940	1635
940	1632
941	1632
941	1628
942	1628
942	1627
943	1627
943	1624
944	1624
944	1621
945	1621
945	1618
946	1618
946	1614
947	1614
947	1612
949	1612
949	1611
950	1611
950	1605
951	1605
951	1601
950	1601
950	1600
951	1600
951	1599
953	1599
953	1595
954	1595
954	1594
955	1594
955	1592
956	1592
956	1590
957	1590
957	1589
958	1589
958	1587
959	1587
959	1586
963	1586
963	1582
966	1582
966	1580
969	1580
969	1579
970	1579
970	1577
969	1577
969	1574
970	1574
970	1572
969	1572
969	1571
970	1571
970	1569
950	1569
950	1570
943	1570
943	1571
941	1571
941	1572
936	1572
936	1573
935	1573
935	1574
934	1574
934	1575
931	1575
931	1572
928	1572
928	1570
929	1570
929	1569
928	1569
928	1567
929	1567
929	1557
930	1557
930	1555
931	1555
931	1547
932	1547
932	1543
933	1543
933	1541
937	1541
937	1540
938	1540
938	1538
937	1538
937	1537
938	1537
938	1536
937	1536
937	1533
938	1533
938	1530
939	1530
939	1527
940	1527
940	1522
941	1522
941	1517
943	1517
943	1516
944	1516
944	1506
945	1506
945	1505
946	1505
946	1502
947	1502
947	1501
948	1501
948	1499
949	1499
949	1498
950	1498
950	1495
951	1495
951	1494
952	1494
952	1493
955	1493
955	1492
956	1492
956	1491
957	1491
957	1490
956	1490
956	1489
957	1489
957	1488
958	1488
958	1487
959	1487
959	1485
963	1485
963	1483
966	1483
966	1482
970	1482
970	1480
971	1480
971	1470
970	1470
970	1469
969	1469
969	1468
961	1468
961	1467
960	1467
960	1468
949	1468
949	1467
929	1467
929	1463
928	1463
928	1456
929	1456
929	1450
930	1450
930	1447
931	1447
931	1445
932	1445
932	1441
934	1441
934	1439
935	1439
935	1437
936	1437
936	1436
937	1436
937	1434
938	1434
938	1433
940	1433
940	1432
941	1432
941	1430
945	1430
945	1422
947	1422
947	1416
950	1416
950	1410
951	1410
951	1409
952	1409
952	1408
953	1408
953	1407
954	1407
954	1406
955	1406
955	1405
957	1405
957	1404
956	1404
956	1403
957	1403
957	1401
956	1401
956	1400
958	1400
958	1398
960	1398
960	1397
962	1397
962	1396
963	1396
963	1392
965	1392
965	1391
966	1391
966	1392
967	1392
967	1391
969	1391
969	1385
970	1385
970	1384
975	1384
975	1383
976	1383
976	1382
978	1382
978	1380
979	1380
979	1378
978	1378
978	1376
979	1376
979	1375
978	1375
978	1374
979	1374
979	1371
978	1371
978	1369
975	1369
975	1367
968	1367
968	1366
963	1366
963	1365
961	1365
961	1364
960	1364
960	1365
951	1365
951	1359
953	1359
953	1356
954	1356
954	1354
955	1354
955	1353
964	1353
964	1341
963	1341
963	1334
964	1334
964	1332
965	1332
965	1328
968	1328
968	1327
969	1327
969	1320
970	1320
970	1319
969	1319
969	1318
970	1318
970	1317
969	1317
969	1316
970	1316
970	1315
975	1315
975	1313
976	1313
976	1309
978	1309
978	1308
979	1308
979	1304
980	1304
980	1302
982	1302
982	1296
983	1296
983	1295
984	1295
984	1288
985	1288
985	1286
986	1286
986	1285
987	1285
987	1284
988	1284
988	1283
990	1283
990	1281
991	1281
991	1280
992	1280
992	1278
993	1278
993	1277
1000	1277
1000	1276
1001	1276
1001	1262
1000	1262
1000	1261
968	1261
968	1262
967	1262
967	1263
966	1263
966	1262
965	1262
965	1260
964	1260
964	1256
963	1256
963	1253
964	1253
964	1249
965	1249
965	1246
968	1246
968	1245
969	1245
969	1239
970	1239
970	1238
971	1238
971	1236
974	1236
974	1234
975	1234
975	1232
976	1232
976	1227
977	1227
977	1220
978	1220
978	1219
979	1219
979	1214
980	1214
980	1213
982	1213
982	1210
983	1210
983	1209
984	1209
984	1208
988	1208
988	1201
989	1201
989	1200
990	1200
990	1197
991	1197
991	1195
993	1195
993	1194
994	1194
994	1190
995	1190
995	1189
1000	1189
1000	1188
1001	1188
1001	1184
1004	1184
1004	1182
1006	1182
1006	1181
1007	1181
1007	1170
1001	1170
1001	1168
1000	1168
1000	1167
977	1167
977	1163
978	1163
978	1161
979	1161
979	1160
981	1160
981	1159
982	1159
982	1158
984	1158
984	1159
986	1159
986	1158
988	1158
988	1144
991	1144
991	1142
992	1142
992	1140
993	1140
993	1139
995	1139
995	1135
997	1135
997	1134
998	1134
998	1133
999	1133
999	1132
1000	1132
1000	1131
1001	1131
1001	1121
1002	1121
1002	1119
1003	1119
1003	1117
1004	1117
1004	1114
1006	1114
1006	1113
1007	1113
1007	1103
1008	1103
1008	1101
1009	1101
1009	1099
1010	1099
1010	1098
1011	1098
1011	1094
1012	1094
1012	1093
1013	1093
1013	1092
1014	1092
1014	1084
1015	1084
1015	1083
1020	1083
1020	1082
1019	1082
1019	1081
1022	1081
1022	1078
1023	1078
1023	1076
1024	1076
1024	1075
1025	1075
1025	1074
1026	1074
1026	1072
1027	1072
1027	1071
1028	1071
1028	1070
1029	1070
1029	1069
1030	1069
1030	1068
1033	1068
1033	1058
1032	1058
1032	1057
1018	1057
1018	1058
1017	1058
1017	1057
1016	1057
1016	1058
1007	1058
1007	1057
1006	1057
1006	1058
1004	1058
1004	1057
1002	1057
1002	1058
999	1058
999	1060
998	1060
998	1056
997	1056
997	1054
998	1054
998	1048
999	1048
999	1046
1000	1046
1000	1044
1001	1044
1001	1041
1005	1041
1005	1040
1006	1040
1006	1039
1005	1039
1005	1035
1006	1035
1006	1033
1008	1033
1008	1032
1010	1032
1010	1028
1011	1028
1011	1025
1012	1025
1012	1024
1014	1024
1014	1019
1015	1019
1015	1018
1016	1018
1016	1016
1017	1016
1017	1015
1018	1015
1018	1014
1019	1014
1019	1011
1020	1011
1020	1008
1021	1008
1021	1006
1022	1006
1022	1005
1026	1005
1026	999
1027	999
1027	998
1028	998
1028	996
1029	996
1029	995
1030	995
1030	993
1031	993
1031	992
1032	992
1032	991
1033	991
1033	990
1034	990
1034	989
1035	989
1035	988
1036	988
1036	986
1038	986
1038	984
1039	984
1039	977
1042	977
1042	975
1043	975
1043	974
1044	974
1044	973
1045	973
1045	968
1046	968
1046	967
1051	967
1051	961
1056	961
1056	960
1057	960
1057	959
1058	959
1058	955
1059	955
1059	952
1062	952
1062	938
1057	938
1057	937
1054	937
1054	938
1052	938
1052	937
1049	937
1049	936
1033	936
1033	930
1035	930
1035	929
1036	929
1036	928
1037	928
1037	923
1041	923
1041	918
1042	918
1042	917
1043	917
1043	918
1044	918
1044	916
1045	916
1045	912
1052	912
1052	911
1053	911
1053	904
1054	904
1054	902
1055	902
1055	901
1056	901
1056	898
1057	898
1057	897
1058	897
1058	893
1059	893
1059	892
1060	892
1060	890
1061	890
1061	888
1062	888
1062	885
1065	885
1065	883
1066	883
1066	878
1067	878
1067	876
1068	876
1068	873
1069	873
1069	872
1070	872
1070	869
1071	869
1071	867
1072	867
1072	866
1073	866
1073	864
1074	864
1074	860
1075	860
1075	859
1077	859
1077	857
1078	857
1078	855
1079	855
1079	853
1083	853
1083	847
1085	847
1085	846
1086	846
1086	841
1089	841
1089	840
1091	840
1091	833
1092	833
1092	832
1093	832
1093	831
1094	831
1094	821
1088	821
1088	820
1087	820
1087	821
1081	821
1081	822
1078	822
1078	821
1077	821
1077	815
1078	815
1078	811
1079	811
1079	810
1080	810
1080	809
1083	809
1083	806
1085	806
1085	800
1086	800
1086	798
1089	798
1089	794
1090	794
1090	792
1091	792
1091	791
1092	791
1092	790
1094	790
1094	784
1095	784
1095	783
1096	783
1096	778
1097	778
1097	777
1098	777
1098	772
1100	772
1100	771
1101	771
1101	770
1102	770
1102	765
1103	765
1103	759
1105	759
1105	754
1106	754
1106	752
1108	752
1108	741
1109	741
1109	739
1110	739
1110	738
1111	738
1111	734
1112	734
1112	729
1113	729
1113	728
1114	728
1114	726
1115	726
1115	723
1116	723
1116	718
1117	718
1117	717
1118	717
1118	715
1119	715
1119	710
1120	710
1120	708
1121	708
1121	704
1122	704
1122	703
1123	703
1123	701
1124	701
1124	695
1125	695
1125	693
1126	693
1126	689
1127	689
1127	687
1128	687
1128	685
1127	685
1127	684
1128	684
1128	682
1129	682
1129	681
1130	681
1130	679
1131	679
1131	671
1132	671
1132	670
1133	670
1133	668
1134	668
1134	663
1135	663
1135	656
1136	656
1136	654
1137	654
1137	651
1138	651
1138	647
1139	647
1139	644
1140	644
1140	639
1141	639
1141	636
1142	636
1142	631
1143	631
1143	629
1144	629
1144	624
1145	624
1145	621
1146	621
1146	616
1147	616
1147	607
1148	607
1148	602
1149	602
1149	600
1150	600
1150	594
1152	594
1152	580
1153	580
1153	575
1155	575
1155	565
1156	565
1156	563
1157	563
1157	552
1153	552
1153	551
1152	551
1152	552
1146	552
1146	554
1145	554
1145	555
1142	555
1142	559
1141	559
1141	560
1140	560
1140	561
1138	561
1138	563
1137	563
1137	564
1135	564
1135	565
1132	565
1132	567
1131	567
1131	568
1130	568
1130	573
1126	573
1126	574
1125	574
1125	578
1123	578
1123	580
1119	580
1119	586
1113	586
1113	592
1112	592
1112	593
1111	593
1111	594
1106	594
1106	599
1105	599
1105	601
1104	601
1104	602
1101	602
1101	604
1100	604
1100	605
1098	605
1098	608
1096	608
1096	609
1095	609
1095	611
1094	611
1094	612
1092	612
1092	613
1093	613
1093	614
1091	614
1091	616
1090	616
1090	617
1089	617
1089	618
1088	618
1088	619
1087	619
1087	621
1085	621
1085	623
1084	623
1084	624
1081	624
1081	629
1080	629
1080	630
1077	630
1077	631
1075	631
1075	637
1073	637
1073	638
1072	638
1072	642
1071	642
1071	643
1069	643
1069	644
1068	644
1068	648
1067	648
1067	649
1065	649
1065	650
1064	650
1064	649
1063	649
1063	650
1062	650
1062	653
1063	653
1063	654
1062	654
1062	656
1060	656
1060	660
1059	660
1059	662
1056	662
1056	665
1055	665
1055	668
1054	668
1054	669
1053	669
1053	672
1050	672
1050	674
1049	674
1049	675
1048	675
1048	679
1047	679
1047	680
1046	680
1046	681
1043	681
1043	687
1041	687
1041	688
1040	688
1040	693
1037	693
1037	699
1036	699
1036	700
1034	700
1034	706
1032	706
1032	707
1031	707
1031	709
1030	709
1030	710
1029	710
1029	711
1024	711
1024	710
1023	710
1023	706
1013	706
1013	707
1012	707
1012	712
1011	712
1011	714
1012	714
1012	715
1011	715
1011	719
1009	719
1009	724
1008	724
1008	725
1005	725
1005	732
1003	732
1003	737
1002	737
1002	738
1000	738
1000	739
999	739
999	744
998	744
998	745
997	745
997	746
995	746
995	747
994	747
994	749
993	749
993	752
992	752
992	753
993	753
993	754
992	754
992	755
993	755
993	756
991	756
991	757
989	757
989	763
987	763
987	764
986	764
986	769
985	769
985	770
984	770
984	774
983	774
983	775
982	775
982	776
980	776
980	783
979	783
979	787
978	787
978	790
977	790
977	794
976	794
976	795
974	795
974	798
973	798
973	799
974	799
974	800
973	800
973	801
971	801
971	806
970	806
970	807
969	807
969	808
968	808
968	809
967	809
967	810
965	810
965	811
963	811
963	808
962	808
962	806
961	806
961	805
960	805
960	801
958	801
958	800
957	800
957	795
954	795
954	794
953	794
953	795
952	795
952	794
947	794
947	795
943	795
943	796
942	796
942	807
941	807
941	809
940	809
940	814
939	814
939	817
938	817
938	820
936	820
936	825
935	825
935	826
934	826
934	828
933	828
933	829
932	829
932	830
931	830
931	831
930	831
930	833
929	833
929	839
926	839
926	845
924	845
924	846
923	846
923	850
922	850
922	853
921	853
921	854
920	854
920	857
919	857
919	864
918	864
918	865
917	865
917	871
915	871
915	877
911	877
911	878
910	878
910	883
908	883
908	894
906	894
906	895
904	895
904	898
903	898
903	900
902	900
902	902
899	902
899	903
898	903
898	907
897	907
897	908
891	908
891	907
890	907
890	905
889	905
889	904
888	904
888	902
887	902
887	901
886	901
886	900
885	900
885	899
884	899
884	898
883	898
883	896
882	896
882	895
871	895
871	902
870	902
870	905
869	905
869	913
868	913
868	914
867	914
867	915
866	915
866	921
864	921
864	926
863	926
863	927
861	927
861	928
860	928
860	933
859	933
859	934
857	934
857	940
854	940
854	946
853	946
853	947
852	947
852	951
851	951
851	952
850	952
850	953
849	953
849	952
848	952
848	953
847	953
847	959
845	959
845	960
844	960
844	970
843	970
843	971
842	971
842	973
841	973
841	975
840	975
840	978
838	978
838	979
839	979
839	980
838	980
838	982
837	982
837	984
835	984
835	986
834	986
834	987
833	987
833	988
832	988
832	989
831	989
831	990
829	990
829	991
828	991
828	993
827	993
827	994
826	994
826	995
825	995
825	997
822	997
822	996
820	996
820	995
819	995
819	993
818	993
818	991
817	991
817	990
816	990
816	988
815	988
815	987
814	987
814	986
813	986
813	985
812	985
812	983
811	983
811	981
809	981
809	980
808	980
808	979
806	979
806	978
797	978
797	993
796	993
796	995
795	995
795	997
793	997
793	1002
792	1002
792	1003
791	1003
791	1004
790	1004
790	1007
789	1007
789	1009
790	1009
790	1010
789	1010
789	1012
788	1012
788	1013
787	1013
787	1014
786	1014
786	1016
785	1016
785	1017
784	1017
784	1021
783	1021
783	1022
779	1022
779	1023
778	1023
778	1028
777	1028
777	1027
776	1027
776	1030
775	1030
775	1035
772	1035
772	1041
771	1041
771	1042
770	1042
770	1045
769	1045
769	1047
768	1047
768	1048
765	1048
765	1049
766	1049
766	1050
765	1050
765	1051
764	1051
764	1052
763	1052
763	1053
762	1053
762	1054
760	1054
760	1055
759	1055
759	1060
758	1060
758	1061
757	1061
757	1063
756	1063
756	1064
753	1064
753	1067
752	1067
752	1068
751	1068
751	1069
750	1069
750	1070
749	1070
749	1071
748	1071
748	1072
747	1072
747	1074
743	1074
743	1073
742	1073
742	1067
741	1067
741	1066
738	1066
738	1061
737	1061
737	1060
734	1060
734	1058
733	1058
733	1057
732	1057
732	1056
721	1056
721	1066
719	1066
719	1067
718	1067
718	1073
714	1073
714	1079
713	1079
713	1080
712	1080
712	1085
709	1085
709	1086
708	1086
708	1092
706	1092
706	1093
705	1093
705	1098
702	1098
702	1103
700	1103
700	1107
699	1107
699	1108
698	1108
698	1111
694	1111
694	1117
690	1117
690	1120
689	1120
689	1121
690	1121
690	1123
689	1123
689	1125
688	1125
688	1126
687	1126
687	1128
686	1128
686	1129
684	1129
684	1130
683	1130
683	1135
682	1135
682	1136
681	1136
681	1137
679	1137
679	1138
677	1138
677	1139
676	1139
676	1140
674	1140
674	1139
672	1139
672	1138
673	1138
673	1137
672	1137
672	1130
668	1130
668	1129
666	1129
666	1122
663	1122
663	1121
661	1121
661	1120
652	1120
652	1121
651	1121
651	1136
649	1136
649	1137
648	1137
648	1141
649	1141
649	1142
648	1142
648	1144
647	1144
647	1148
644	1148
644	1149
643	1149
643	1154
642	1154
642	1155
639	1155
639	1161
636	1161
636	1167
635	1167
635	1168
631	1168
631	1172
630	1172
630	1173
629	1173
629	1174
626	1174
626	1180
625	1180
625	1179
624	1179
624	1180
623	1180
623	1181
622	1181
622	1180
621	1180
621	1181
620	1181
620	1189
618	1189
618	1190
617	1190
617	1191
616	1191
616	1193
613	1193
613	1195
612	1195
612	1196
611	1196
611	1197
610	1197
610	1198
609	1198
609	1199
607	1199
607	1198
606	1198
606	1197
605	1197
605	1193
604	1193
604	1192
603	1192
603	1188
602	1188
602	1187
601	1187
601	1186
600	1186
600	1185
598	1185
598	1183
597	1183
597	1182
596	1182
596	1180
595	1180
595	1179
594	1179
594	1177
593	1177
593	1176
592	1176
592	1174
591	1174
591	1172
581	1172
581	1179
580	1179
580	1185
579	1185
579	1186
578	1186
578	1192
577	1192
577	1193
574	1193
574	1199
572	1199
572	1201
571	1201
571	1204
570	1204
570	1206
568	1206
568	1207
567	1207
567	1208
566	1208
566	1209
565	1209
565	1210
563	1210
563	1213
562	1213
562	1214
559	1214
559	1217
558	1217
558	1218
557	1218
557	1220
556	1220
556	1223
555	1223
555	1224
554	1224
554	1225
553	1225
553	1227
552	1227
552	1228
551	1228
551	1229
550	1229
550	1230
549	1230
549	1231
546	1231
546	1232
545	1232
545	1237
543	1237
543	1238
542	1238
542	1240
541	1240
541	1241
538	1241
538	1243
537	1243
537	1244
531	1244
531	1248
530	1248
530	1249
529	1249
529	1250
527	1250
527	1249
524	1249
524	1250
523	1250
523	1251
522	1251
522	1254
521	1254
521	1255
517	1255
517	1256
512	1256
512	1232
511	1232
511	1231
508	1231
508	1225
497	1225
497	1230
496	1230
496	1231
493	1231
493	1243
492	1243
492	1248
491	1248
491	1250
488	1250
488	1251
487	1251
487	1256
485	1256
485	1257
484	1257
484	1262
481	1262
481	1266
480	1266
480	1268
478	1268
478	1269
474	1269
474	1275
469	1275
469	1277
468	1277
468	1281
462	1281
462	1285
461	1285
461	1286
460	1286
460	1287
458	1287
458	1288
457	1288
457	1287
456	1287
456	1288
455	1288
455	1291
453	1291
453	1293
451	1293
451	1294
449	1294
449	1297
444	1297
444	1298
443	1298
443	1300
438	1300
438	1301
435	1301
435	1298
436	1298
436	1297
435	1297
435	1294
434	1294
434	1287
433	1287
433	1286
432	1286
432	1279
427	1279
427	1278
426	1278
426	1276
425	1276
425	1275
415	1275
415	1278
414	1278
414	1281
412	1281
412	1282
411	1282
411	1287
409	1287
409	1289
408	1289
408	1293
406	1293
406	1294
405	1294
405	1300
399	1300
399	1306
398	1306
398	1307
396	1307
396	1308
395	1308
395	1309
394	1309
394	1310
393	1310
393	1311
392	1311
392	1314
391	1314
391	1316
387	1316
387	1317
386	1317
386	1319
385	1319
385	1321
382	1321
382	1322
380	1322
380	1324
379	1324
379	1325
374	1325
374	1326
373	1326
373	1329
367	1329
367	1332
361	1332
361	1334
360	1334
360	1336
357	1336
357	1337
354	1337
354	1338
348	1338
348	1333
347	1333
347	1326
346	1326
346	1323
345	1323
345	1322
344	1322
344	1319
343	1319
343	1318
342	1318
342	1317
332	1317
332	1319
330	1319
330	1320
329	1320
329	1325
327	1325
327	1326
326	1326
326	1327
325	1327
325	1329
324	1329
324	1331
322	1331
322	1332
321	1332
321	1334
320	1334
320	1335
319	1335
319	1336
318	1336
318	1337
316	1337
316	1341
312	1341
312	1342
310	1342
310	1344
305	1344
305	1345
304	1345
304	1348
303	1348
303	1349
298	1349
298	1350
297	1350
297	1351
291	1351
291	1352
292	1352
292	1353
291	1353
291	1355
289	1355
289	1356
288	1356
288	1355
286	1355
286	1356
285	1356
285	1358
284	1358
284	1359
282	1359
282	1360
278	1360
278	1361
272	1361
272	1362
267	1362
267	1361
266	1361
266	1355
265	1355
265	1351
264	1351
264	1350
263	1350
263	1349
253	1349
253	1352
252	1352
252	1353
251	1353
251	1354
250	1354
250	1355
249	1355
249	1356
248	1356
248	1357
247	1357
247	1358
246	1358
246	1359
245	1359
245	1360
244	1360
244	1361
243	1361
243	1362
242	1362
242	1363
241	1363
241	1364
240	1364
240	1365
239	1365
239	1366
238	1366
238	1367
237	1367
237	1368
236	1368
236	1369
234	1369
234	1370
228	1370
228	1374
223	1374
223	1375
222	1375
222	1376
216	1376
216	1377
215	1377
215	1379
209	1379
209	1382
203	1382
203	1383
202	1383
202	1385
199	1385
199	1384
198	1384
198	1385
196	1385
196	1387
191	1387
191	1388
190	1388
190	1391
189	1391
189	1392
184	1392
184	1393
179	1393
179	1394
178	1394
178	1395
177	1395
177	1397
174	1397
174	1398
166	1398
166	1399
165	1399
165	1400
162	1400
162	1401
161	1401
161	1400
160	1400
160	1401
153	1401
153	1402
152	1402
152	1403
151	1403
151	1404
149	1404
149	1406
136	1406
136	1407
129	1407
129	1408
122	1408
122	1407
110	1407
110	1402
111	1402
111	1399
112	1399
112	1397
113	1397
113	1395
114	1395
114	1394
116	1394
116	1392
117	1392
117	1391
118	1391
118	1390
120	1390
120	1391
121	1391
121	1390
122	1390
122	1389
123	1389
123	1386
124	1386
124	1385
125	1385
125	1382
127	1382
127	1380
128	1380
128	1379
129	1379
129	1378
134	1378
134	1377
135	1377
135	1373
136	1373
136	1372
137	1372
137	1371
138	1371
138	1372
139	1372
139	1371
141	1371
141	1367
142	1367
142	1368
143	1368
143	1366
144	1366
144	1365
148	1365
148	1362
149	1362
149	1361
150	1361
150	1360
153	1360
153	1359
154	1359
154	1356
155	1356
155	1355
156	1355
156	1354
157	1354
157	1353
161	1353
161	1352
162	1352
162	1348
167	1348
167	1346
168	1346
168	1343
170	1343
170	1341
171	1341
171	1340
172	1340
172	1339
173	1339
173	1338
174	1338
174	1337
173	1337
173	1335
174	1335
174	1334
178	1334
178	1333
179	1333
179	1326
180	1326
180	1322
181	1322
181	1323
182	1323
182	1322
184	1322
184	1321
189	1321
189	1317
190	1317
190	1316
191	1316
191	1315
198	1315
198	1311
199	1311
199	1310
200	1310
200	1309
204	1309
204	1298
202	1298
202	1297
199	1297
199	1296
194	1296
194	1291
195	1291
195	1289
198	1289
198	1288
199	1288
199	1287
198	1287
198	1286
199	1286
199	1285
200	1285
200	1284
201	1284
201	1283
204	1283
204	1282
205	1282
205	1281
206	1281
206	1279
207	1279
207	1278
210	1278
210	1277
211	1277
211	1274
213	1274
213	1272
214	1272
214	1271
215	1271
215	1270
217	1270
217	1268
219	1268
219	1267
220	1267
220	1264
223	1264
223	1261
225	1261
225	1260
226	1260
226	1259
227	1259
227	1258
230	1258
230	1257
234	1257
234	1253
235	1253
235	1252
243	1252
243	1251
245	1251
245	1250
247	1250
247	1249
248	1249
248	1248
249	1248
249	1247
252	1247
252	1246
253	1246
253	1245
255	1245
255	1235
247	1235
247	1234
243	1234
243	1233
242	1233
242	1231
224	1231
224	1230
222	1230
222	1229
221	1229
221	1228
220	1228
220	1227
221	1227
221	1226
224	1226
224	1220
229	1220
229	1219
230	1219
230	1215
231	1215
231	1214
232	1214
232	1213
233	1213
233	1212
234	1212
234	1208
235	1208
235	1207
242	1207
242	1205
243	1205
243	1203
244	1203
244	1202
245	1202
245	1201
248	1201
248	1200
250	1200
250	1195
255	1195
255	1193
256	1193
256	1191
257	1191
257	1189
260	1189
260	1188
263	1188
263	1184
268	1184
268	1182
274	1182
274	1179
277	1179
277	1178
278	1178
278	1177
288	1177
288	1176
291	1176
291	1175
293	1175
293	1172
297	1172
297	1171
299	1171
299	1160
298	1160
298	1159
297	1159
297	1158
296	1158
296	1157
295	1157
295	1156
294	1156
294	1155
293	1155
293	1153
291	1153
291	1152
287	1152
287	1151
282	1151
282	1150
280	1150
280	1149
273	1149
273	1148
271	1148
271	1145
272	1145
272	1144
273	1144
273	1143
274	1143
274	1139
275	1139
275	1138
279	1138
279	1137
280	1137
280	1135
281	1135
281	1130
283	1130
283	1128
285	1128
285	1126
286	1126
286	1125
288	1125
288	1124
289	1124
289	1123
293	1123
293	1119
299	1119
299	1118
300	1118
300	1117
301	1117
301	1116
302	1116
302	1115
303	1115
303	1114
308	1114
308	1112
318	1112
318	1107
319	1107
319	1106
325	1106
325	1102
333	1102
333	1100
343	1100
343	1099
344	1099
344	1097
347	1097
347	1095
351	1095
351	1096
363	1096
363	1094
364	1094
364	1090
363	1090
363	1089
364	1089
364	1087
363	1087
363	1084
362	1084
362	1083
361	1083
361	1082
360	1082
360	1081
359	1081
359	1080
358	1080
358	1079
357	1079
357	1078
356	1078
356	1076
357	1076
357	1075
356	1075
356	1073
355	1073
355	1072
353	1072
353	1073
352	1073
352	1072
350	1072
350	1070
349	1070
349	1069
347	1069
347	1068
345	1068
345	1067
344	1067
344	1064
340	1064
340	1063
338	1063
338	1061
337	1061
337	1060
338	1060
338	1059
340	1059
340	1058
341	1058
341	1057
343	1057
343	1056
344	1056
344	1055
345	1055
345	1054
346	1054
346	1053
348	1053
348	1052
349	1052
349	1051
353	1051
353	1049
357	1049
357	1048
359	1048
359	1047
360	1047
360	1046
365	1046
365	1045
366	1045
366	1044
368	1044
368	1043
375	1043
375	1040
376	1040
376	1039
383	1039
383	1037
394	1037
394	1034
395	1034
395	1033
396	1033
396	1030
419	1030
419	1029
420	1029
420	1028
426	1028
426	1027
427	1027
427	1019
426	1019
426	1016
424	1016
424	1015
423	1015
423	1013
422	1013
422	1012
420	1012
420	1011
419	1011
419	1010
417	1010
417	1009
416	1009
416	1008
415	1008
415	1007
413	1007
413	1004
412	1004
412	1002
411	1002
411	1003
410	1003
410	1002
411	1002
411	1001
412	1001
412	1000
413	1000
413	999
415	999
415	998
416	998
416	999
419	999
419	998
420	998
420	999
422	999
422	998
423	998
423	994
432	994
432	991
434	991
434	989
438	989
438	988
439	988
439	985
440	985
440	983
441	983
441	982
445	982
445	981
447	981
447	980
450	980
450	979
451	979
451	977
457	977
457	975
458	975
458	973
464	973
464	971
466	971
466	970
468	970
468	969
476	969
476	967
495	967
495	953
488	953
488	952
487	952
487	951
486	951
486	950
485	950
485	949
483	949
483	947
482	947
482	946
479	946
479	945
478	945
478	942
482	942
482	940
483	940
483	938
484	938
484	937
486	937
486	936
489	936
489	933
494	933
494	932
495	932
495	930
500	930
500	929
502	929
502	926
507	926
507	923
514	923
514	921
515	921
515	919
520	919
520	918
521	918
521	917
523	917
523	916
525	916
525	917
527	917
527	916
528	916
528	914
533	914
533	913
534	913
534	911
544	911
544	910
563	910
563	899
562	899
562	898
561	898
561	896
559	896
559	895
558	895
558	894
557	894
557	892
556	892
556	893
555	893
555	892
554	892
554	891
555	891
555	890
554	890
554	889
552	889
552	887
549	887
549	886
548	886
548	885
547	885
547	884
546	884
546	880
547	880
547	879
549	879
549	878
551	878
551	879
554	879
554	878
555	878
555	879
557	879
557	878
558	878
558	877
559	877
559	874
565	874
565	873
571	873
571	867
577	867
577	866
583	866
583	865
584	865
584	861
591	861
591	860
592	860
592	859
596	859
596	860
602	860
602	859
604	859
604	855
605	855
605	856
616	856
616	854
620	854
620	855
621	855
621	854
625	854
625	842
624	842
624	839
622	839
622	838
620	838
620	837
618	837
618	836
617	836
617	835
616	835
616	834
615	834
615	833
614	833
614	832
613	832
613	831
612	831
612	828
615	828
615	826
616	826
616	825
620	825
620	824
622	824
622	823
623	823
623	822
627	822
627	821
631	821
631	820
632	820
632	818
646	818
646	817
647	817
647	815
648	815
648	814
649	814
649	811
659	811
659	808
660	808
660	807
663	807
663	806
666	806
666	804
674	804
674	803
678	803
678	800
679	800
679	799
686	799
686	798
694	798
694	797
707	797
707	796
717	796
717	786
716	786
716	783
715	783
715	782
713	782
713	781
712	781
712	780
711	780
711	779
710	779
710	776
708	776
708	774
705	774
705	773
704	773
704	770
700	770
700	769
699	769
699	767
700	767
700	765
703	765
703	766
704	766
704	762
712	762
712	761
715	761
715	760
721	760
721	759
724	759
724	758
729	758
729	756
731	756
731	755
735	755
735	754
736	754
736	755
738	755
738	754
740	754
740	753
744	753
744	750
745	750
745	749
746	749
746	748
747	748
747	749
749	749
749	748
752	748
752	747
761	747
761	746
767	746
767	745
768	745
768	740
775	740
775	739
784	739
784	740
785	740
785	739
786	739
786	738
787	738
787	737
788	737
788	734
791	734
791	733
792	733
792	734
797	734
797	733
815	733
815	731
816	731
816	729
815	729
815	725
816	725
816	724
815	724
815	721
814	721
814	720
813	720
813	719
812	719
812	718
811	718
811	713
806	713
806	712
805	712
805	711
803	711
803	710
801	710
801	708
805	708
805	704
807	704
807	703
808	703
808	704
809	704
809	703
810	703
810	704
812	704
812	703
814	703
814	702
831	702
831	701
832	701
832	702
833	702
833	701
834	701
834	702
835	702
835	701
837	701
837	698
851	698
851	695
855	695
855	694
858	694
858	692
862	692
862	690
863	690
863	689
869	689
869	688
870	688
870	683
884	683
884	682
885	682
885	681
886	681
886	680
887	680
887	681
889	681
889	680
890	680
890	679
891	679
891	677
899	677
899	676
900	676
900	673
901	673
901	672
908	672
908	671
915	671
915	670
919	670
919	668
921	668
921	667
923	667
923	665
925	665
925	664
930	664
930	663
931	663
931	662
932	662
932	660
933	660
933	659
935	659
935	658
939	658
939	654
940	654
940	653
942	653
942	652
947	652
947	651
950	651
950	650
951	650
951	645
955	645
955	644
957	644
957	643
960	643
960	642
961	642
961	639
968	639
968	638
969	638
969	635
974	635
974	634
975	634
975	635
976	635
976	630
979	630
979	629
980	629
980	630
981	630
981	629
982	629
982	628
983	628
983	626
987	626
987	625
989	625
989	622
991	622
991	620
994	620
994	619
997	619
997	618
996	618
996	617
998	617
998	618
999	618
999	617
1000	617
1000	615
1001	615
1001	614
1005	614
1005	613
1007	613
1007	610
1008	610
1008	609
1011	609
1011	610
1012	610
1012	609
1013	609
1013	607
1014	607
1014	606
1015	606
1015	604
1020	604
1020	603
1023	603
1023	602
1024	602
1024	597
1031	597
1031	596
1032	596
1032	595
1033	595
1033	592
1035	592
1035	591
1037	591
1037	590
1039	590
1039	589
1042	589
1042	588
1045	588
1045	587
1046	587
1046	584
1047	584
1047	583
1048	583
1048	582
1051	582
1051	580
1052	580
1052	579
1055	579
1055	578
1056	578
1056	577
1057	577
1057	576
1058	576
1058	575
1059	575
1059	573
1064	573
1064	572
1065	572
1065	571
1066	571
1066	570
1070	570
1070	568
1071	568
1071	566
1072	566
1072	565
1078	565
1078	564
1080	564
1080	563
1081	563
1081	562
1083	562
1083	560
1087	560
1087	559
1089	559
1089	557
1090	557
1090	556
1095	556
1095	554
1096	554
1096	552
1098	552
1098	550
1101	550
1101	549
1102	549
1102	548
1103	548
1103	547
1104	547
1104	546
1106	546
1106	545
1108	545
1108	544
1109	544
1109	543
1110	543
1110	544
1111	544
1111	543
1112	543
1112	544
1114	544
1114	543
1115	543
1115	542
1114	542
1114	541
1115	541
1115	540
1114	540
1114	536
1115	536
1115	535
1114	535
1114	534
1115	534
1115	533
1114	533
1114	532
1101	532
1101	533
1094	533
1094	534
1093	534
1093	535
1090	535
1090	536
1081	536
1081	538
1077	538
1077	539
1070	539
1070	540
1068	540
1068	541
1061	541
1061	542
1044	542
1044	543
1043	543
1043	544
1035	544
1035	545
1034	545
1034	544
1032	544
1032	545
1031	545
1031	546
1029	546
1029	547
1024	547
1024	548
1018	548
1018	549
1017	549
1017	550
1014	550
1014	551
1009	551
1009	552
1008	552
1008	553
1000	553
1000	554
997	554
997	555
996	555
996	554
994	554
994	555
993	555
993	557
992	557
992	558
986	558
986	559
981	559
981	560
980	560
980	561
974	561
974	563
973	563
973	564
969	564
969	565
962	565
962	566
961	566
961	567
960	567
960	568
959	568
959	569
955	569
955	570
954	570
954	572
949	572
949	573
948	573
948	574
942	574
942	577
936	577
936	579
935	579
935	580
929	580
929	582
927	582
927	581
925	581
925	580
924	580
924	574
925	574
925	570
924	570
924	565
911	565
911	568
910	568
910	569
909	569
909	571
906	571
906	570
905	570
905	571
904	571
904	572
898	572
898	573
897	573
897	574
895	574
895	575
894	575
894	577
892	577
892	578
886	578
886	579
885	579
885	580
883	580
883	579
882	579
882	580
879	580
879	581
878	581
878	583
873	583
873	585
872	585
872	586
864	586
864	585
863	585
863	586
861	586
861	587
860	587
860	589
858	589
858	590
856	590
856	597
841	597
841	599
834	599
834	602
831	602
831	601
830	601
830	599
826	599
826	594
827	594
827	580
824	580
824	579
823	579
823	580
816	580
816	582
810	582
810	583
809	583
809	586
803	586
803	589
799	589
799	590
797	590
797	591
796	591
796	592
791	592
791	593
790	593
790	594
785	594
785	595
784	595
784	596
778	596
778	597
777	597
777	599
774	599
774	598
773	598
773	599
771	599
771	601
766	601
766	602
765	602
765	603
764	603
764	604
763	604
763	605
759	605
759	606
758	606
758	607
755	607
755	608
753	608
753	609
752	609
752	610
747	610
747	611
745	611
745	612
743	612
743	611
728	611
728	613
727	613
727	612
725	612
725	611
723	611
723	609
724	609
724	607
726	607
726	601
727	601
727	600
729	600
729	590
728	590
728	588
715	588
715	589
714	589
714	592
709	592
709	593
708	593
708	595
703	595
703	596
702	596
702	597
701	597
701	598
700	598
700	599
698	599
698	598
697	598
697	599
696	599
696	600
694	600
694	601
692	601
692	600
691	600
691	601
684	601
684	602
683	602
683	605
677	605
677	606
676	606
676	607
674	607
674	608
670	608
670	609
664	609
664	610
662	610
662	611
652	611
652	612
651	612
651	613
650	613
650	614
647	614
647	612
638	612
638	608
639	608
639	607
640	607
640	605
641	605
641	604
640	604
640	602
641	602
641	595
642	595
642	585
641	585
641	584
632	584
632	585
631	585
631	586
626	586
626	588
625	588
625	589
620	589
620	590
614	590
614	591
613	591
613	592
608	592
608	593
607	593
607	594
606	594
606	595
589	595
589	596
583	596
583	597
582	597
582	599
576	599
576	600
568	600
568	601
552	601
552	602
549	602
549	601
546	601
546	599
545	599
545	598
544	598
544	599
543	599
543	598
542	598
542	595
544	595
544	592
545	592
545	590
546	590
546	573
531	573
531	576
524	576
524	577
525	577
525	579
518	579
518	580
512	580
512	582
501	582
501	583
499	583
499	584
487	584
487	585
474	585
474	586
465	586
465	585
464	585
464	586
461	586
461	585
456	585
456	584
451	584
451	583
448	583
448	582
447	582
447	581
445	581
445	576
446	576
446	575
447	575
447	574
448	574
448	573
449	573
449	572
450	572
450	570
451	570
451	566
452	566
452	563
453	563
453	562
454	562
454	552
443	552
443	554
437	554
437	556
436	556
436	558
430	558
430	559
424	559
424	560
417	560
417	561
406	561
406	560
401	560
401	559
400	559
400	558
385	558
385	557
378	557
378	558
376	558
376	556
375	556
375	554
369	554
369	555
368	555
368	554
363	554
363	553
359	553
359	552
358	552
358	550
357	550
357	548
358	548
358	547
359	547
359	546
360	546
360	544
361	544
361	541
362	541
362	540
363	540
363	537
364	537
364	534
365	534
365	524
360	524
360	523
347	523
347	525
341	525
341	526
339	526
339	525
337	525
337	524
338	524
338	523
331	523
331	522
330	522
330	521
325	521
325	520
324	520
324	519
312	519
312	517
311	517
311	516
306	516
306	514
305	514
305	513
304	513
304	514
300	514
300	513
299	513
299	512
294	512
294	511
293	511
293	510
290	510
290	509
288	509
288	508
287	508
287	507
284	507
284	506
283	506
283	505
280	505
280	504
277	504
277	503
274	503
274	502
273	502
273	501
272	501
272	500
271	500
271	499
270	499
270	489
261	489
261	487
247	487
247	488
246	488
246	482
243	482
243	479
241	479
241	478
240	478
240	479
238	479
238	478
236	478
236	475
234	475
234	474
233	474
233	475
231	475
231	474
230	474
230	472
226	472
226	471
223	471
223	470
222	470
222	469
220	469
220	468
219	468
219	467
218	467
218	466
217	466
217	465
216	465
216	464
211	464
211	461
210	461
210	460
204	460
204	458
200	458
200	457
199	457
199	454
198	454
198	453
192	453
192	452
191	452
191	451
190	451
190	450
188	450
188	448
187	448
187	447
186	447
186	446
185	446
185	445
184	445
184	444
183	444
183	443
181	443
181	441
180	441
180	440
179	440
179	439
178	439
178	437
177	437
177	436
176	436
176	435
175	435
175	431
176	431
176	430
198	430
198	429
204	429
204	430
214	430
214	431
217	431
217	432
221	432
221	434
222	434
222	435
233	435
233	434
234	434
234	433
252	433
252	434
259	434
259	435
260	435
260	436
268	436
268	437
270	437
270	438
282	438
282	437
284	437
284	436
287	436
287	437
288	437
288	436
306	436
306	435
307	435
307	434
308	434
308	433
323	433
323	434
335	434
335	433
341	433
341	434
342	434
342	436
347	436
347	437
357	437
357	424
356	424
356	422
355	422
355	421
354	421
354	418
355	418
355	417
360	417
360	419
371	419
371	418
380	418
380	419
390	419
390	418
402	418
402	419
408	419
408	420
410	420
410	419
411	419
411	420
413	420
413	421
420	421
420	422
421	422
421	423
423	423
423	424
424	424
424	426
425	426
425	425
434	425
434	424
435	424
435	416
434	416
434	412
433	412
433	411
432	411
432	400
435	400
435	399
446	399
446	398
453	398
453	399
454	399
454	400
463	400
463	399
469	399
469	400
477	400
477	401
492	401
492	404
502	404
502	403
506	403
506	404
507	404
507	405
515	405
515	407
516	407
516	408
518	408
518	411
522	411
522	412
523	412
523	413
525	413
525	412
536	412
536	395
535	395
535	393
534	393
534	389
533	389
533	383
536	383
536	382
544	382
544	383
556	383
556	385
557	385
557	386
568	386
568	387
569	387
569	388
576	388
576	389
586	389
586	390
587	390
587	391
588	391
588	392
591	392
591	393
592	393
592	394
607	394
607	397
608	397
608	398
618	398
618	401
625	401
625	404
629	404
629	405
630	405
630	409
631	409
631	410
632	410
632	411
636	411
636	412
638	412
638	413
640	413
640	412
642	412
642	413
643	413
643	412
644	412
644	413
645	413
645	412
646	412
646	411
647	411
647	397
645	397
645	394
644	394
644	392
645	392
645	391
644	391
644	386
643	386
643	382
642	382
642	380
641	380
641	376
646	376
646	375
655	375
655	378
656	378
656	379
665	379
665	380
672	380
672	381
675	381
675	382
676	382
676	381
677	381
677	383
683	383
683	385
684	385
684	386
691	386
691	387
694	387
694	389
695	389
695	390
698	390
698	391
701	391
701	392
704	392
704	393
705	393
705	394
707	394
707	395
714	395
714	399
715	399
715	400
721	400
721	404
722	404
722	405
725	405
725	406
728	406
728	407
729	407
729	406
730	406
730	407
731	407
731	406
732	406
732	407
734	407
734	406
736	406
736	405
735	405
735	404
736	404
736	391
737	391
737	389
736	389
736	387
737	387
737	380
738	380
738	379
741	379
741	380
744	380
744	381
750	381
750	382
755	382
755	383
758	383
758	385
761	385
761	386
762	386
762	387
763	387
763	388
764	388
764	389
769	389
769	391
770	391
770	392
777	392
777	396
778	396
778	398
781	398
781	399
783	399
783	400
785	400
785	401
794	401
794	402
793	402
793	403
794	403
794	404
795	404
795	405
796	405
796	406
797	406
797	407
801	407
801	409
803	409
803	410
804	410
804	411
808	411
808	412
809	412
809	414
815	414
815	415
816	415
816	418
819	418
819	419
820	419
820	420
819	420
819	421
821	421
821	425
822	425
822	426
823	426
823	427
825	427
825	428
828	428
828	429
829	429
829	430
831	430
831	431
843	431
843	408
844	408
844	407
853	407
853	410
854	410
854	411
860	411
860	412
861	412
861	413
863	413
863	414
866	414
866	415
867	415
867	417
872	417
872	419
873	419
873	420
875	420
875	421
876	421
876	422
877	422
877	425
878	425
878	426
879	426
879	427
880	427
880	426
884	426
884	431
887	431
887	432
889	432
889	433
891	433
891	435
892	435
892	436
901	436
901	438
904	438
904	439
906	439
906	440
907	440
907	441
909	441
909	442
911	442
911	443
912	443
912	444
916	444
916	445
917	445
917	448
918	448
918	449
920	449
920	450
922	450
922	451
923	451
923	454
924	454
924	455
940	455
940	441
939	441
939	439
940	439
940	437
942	437
942	438
949	438
949	440
950	440
950	441
955	441
955	442
960	442
960	444
961	444
961	448
962	448
962	449
970	449
970	450
971	450
971	451
972	451
972	454
973	454
973	455
984	455
984	459
986	459
986	461
987	461
987	462
991	462
991	463
994	463
994	464
995	464
995	463
997	463
997	464
998	464
998	465
999	465
999	468
1008	468
1008	470
1010	470
1010	471
1012	471
1012	470
1016	470
1016	471
1017	471
1017	473
1018	473
1018	474
1025	474
1025	475
1026	475
1026	476
1030	476
1030	475
1031	475
1031	476
1034	476
1034	479
1037	479
1037	480
1038	480
1038	481
1050	481
1050	482
1055	482
1055	483
1056	483
1056	485
1058	485
1058	486
1063	486
1063	487
1069	487
1069	488
1073	488
1073	491
1074	491
1074	490
1077	490
1077	491
1078	491
1078	492
1082	492
1082	493
1083	493
1083	494
1087	494
1087	495
1091	495
1091	494
1092	494
1092	495
1094	495
1094	496
1095	496
1095	497
1105	497
1105	500
1115	500
1115	499
1116	499
1116	489
1111	489
1111	488
1110	488
1110	485
1108	485
1108	484
1106	484
1106	482
1105	482
1105	481
1103	481
1103	479
1101	479
1101	478
1100	478
1100	477
1099	477
1099	476
1098	476
1098	475
1096	475
1096	474
1095	474
1095	473
1093	473
1093	472
1091	472
1091	470
1090	470
1090	469
1088	469
1088	468
1087	468
1087	467
1084	467
1084	466
1083	466
1083	460
1079	460
1079	459
1077	459
1077	457
1076	457
1076	454
1074	454
1074	453
1072	453
1072	452
1071	452
1071	449
1070	449
1070	447
1068	447
1068	446
1067	446
1067	445
1066	445
1066	444
1065	444
1065	443
1064	443
1064	442
1063	442
1063	441
1061	441
1061	440
1059	440
1059	435
1058	435
1058	434
1053	434
1053	433
1052	433
1052	431
1050	431
1050	430
1049	430
1049	429
1048	429
1048	428
1047	428
1047	427
1046	427
1046	426
1045	426
1045	424
1042	424
1042	423
1041	423
1041	416
1038	416
1038	415
1034	415
1034	414
1033	414
1033	410
1032	410
1032	409
1028	409
1028	408
1027	408
1027	407
1026	407
1026	405
1022	405
1022	404
1021	404
1021	403
1020	403
1020	402
1019	402
1019	401
1018	401
1018	400
1017	400
1017	399
1016	399
1016	398
1015	398
1015	397
1014	397
1014	396
1013	396
1013	394
1012	394
1012	393
1011	393
1011	392
1010	392
1010	389
1009	389
1009	384
1008	384
1008	383
1009	383
1009	381
1010	381
1010	380
1016	380
1016	379
1015	379
1015	378
1016	378
1016	371
1015	371
1015	369
1014	369
1014	365
1011	365
1011	364
1009	364
1009	362
1008	362
1008	361
1007	361
1007	358
1006	358
1006	357
1005	357
1005	355
1004	355
1004	352
1002	352
1002	350
1001	350
1001	346
999	346
999	344
998	344
998	340
996	340
996	338
995	338
995	334
994	334
994	333
992	333
992	329
991	329
991	328
990	328
990	327
989	327
989	323
988	323
988	307
990	307
990	306
994	306
994	304
995	304
995	303
994	303
994	300
995	300
995	299
994	299
994	296
993	296
993	293
992	293
992	289
991	289
991	283
990	283
990	282
989	282
989	281
988	281
988	271
987	271
987	270
986	270
986	265
985	265
985	264
984	264
984	263
983	263
983	256
982	256
982	241
993	241
993	240
995	240
995	229
994	229
994	226
993	226
993	225
992	225
992	202
994	202
994	195
995	195
995	189
996	189
996	186
997	186
997	179
998	179
998	178
999	178
999	177
1000	177
1000	176
1001	176
1001	166
1002	166
1002	160
1003	160
1003	156
1004	156
1004	151
1005	151
1005	150
1006	150
1006	145
1007	145
1007	143
1008	143
1008	142
1009	142
1009	139
1010	139
1010	138
1011	138
1011	133
1013	133
1013	127
1014	127
1014	125
1015	125
1015	123
1016	123
1016	122
1017	122
1017	120
1020	120
1020	114
1026	114
1026	108
1032	108
1032	107
1033	107
1033	105
1036	105
1036	104
1037	104
1037	119
1038	119
1038	120
1039	120
1039	122
1040	122
1040	131
1041	131
1041	138
1042	138
1042	140
1043	140
1043	150
1044	150
1044	152
1045	152
1045	156
1046	156
1046	161
1047	161
1047	165
1048	165
1048	168
1049	168
1049	173
1050	173
1050	176
1051	176
1051	181
1052	181
1052	186
1053	186
1053	189
1054	189
1054	193
1055	193
1055	197
1056	197
1056	202
1057	202
1057	203
1058	203
1058	205
1059	205
1059	207
1060	207
1060	215
1061	215
1061	219
1062	219
1062	227
1063	227
1063	228
1064	228
1064	231
1065	231
1065	233
1066	233
1066	234
1067	234
1067	241
1068	241
1068	243
1069	243
1069	246
1070	246
1070	248
1071	248
1071	250
1072	250
1072	252
1073	252
1073	254
1074	254
1074	256
1075	256
1075	260
1076	260
1076	262
1077	262
1077	263
1078	263
1078	268
1079	268
1079	271
1080	271
1080	272
1081	272
1081	278
1084	278
1084	282
1085	282
1085	286
1086	286
1086	287
1087	287
1087	301
1088	301
1088	302
1097	302
1097	301
1098	301
1098	300
1100	300
1100	299
1101	299
1101	298
1102	298
1102	297
1103	297
1103	295
1104	295
1104	294
1105	294
1105	292
1106	292
1106	291
1110	291
1110	292
1112	292
1112	294
1113	294
1113	296
1114	296
1114	297
1115	297
1115	298
1116	298
1116	299
1117	299
1117	300
1116	300
1116	301
1117	301
1117	303
1118	303
1118	304
1119	304
1119	323
1121	323
1121	325
1122	325
1122	332
1123	332
1123	333
1122	333
1122	343
1123	343
1123	360
1124	360
1124	361
1125	361
1125	365
1126	365
1126	369
1125	369
1125	370
1126	370
1126	373
1128	373
1128	379
1129	379
1129	381
1130	381
1130	385
1131	385
1131	387
1132	387
1132	388
1131	388
1131	389
1132	389
1132	391
1131	391
1131	393
1132	393
1132	395
1131	395
1131	397
1132	397
1132	399
1135	399
1135	402
1137	402
1137	404
1138	404
1138	405
1139	405
1139	406
1140	406
1140	411
1141	411
1141	415
1142	415
1142	416
1143	416
1143	420
1144	420
1144	423
1145	423
1145	425
1146	425
1146	427
1147	427
1147	434
1148	434
1148	435
1149	435
1149	436
1150	436
1150	437
1151	437
1151	443
1154	443
1154	446
1155	446
1155	449
1157	449
1157	454
1158	454
1158	455
1160	455
1160	458
1161	458
1161	461
1162	461
1162	462
1163	462
1163	473
1164	473
1164	474
1165	474
1165	476
1166	476
1166	480
1165	480
1165	494
1166	494
1166	498
1167	498
1167	499
1168	499
1168	500
1170	500
1170	502
1176	502
1176	501
1177	501
1177	502
1180	502
1180	501
1182	501
1182	500
1183	500
1183	499
1184	499
1184	495
1185	495
1185	493
1186	493
1186	487
1187	487
1187	481
1189	481
1189	480
1190	480
1190	474
1191	474
1191	468
1194	468
1194	462
1196	462
1196	460
1197	460
1197	458
1196	458
1196	457
1197	457
1197	450
1198	450
1198	449
1199	449
1199	450
1202	450
1202	449
1206	449
1206	446
1207	446
1207	445
1210	445
1210	442
1211	442
1211	440
1213	440
1213	439
1214	439
1214	438
1215	438
1215	436
1216	436
1216	435
1218	435
1218	434
1219	434
1219	433
1220	433
1220	431
1221	431
1221	430
1222	430
1222	427
1227	427
1227	426
1230	426
1230	424
1231	424
1231	423
1235	423
1235	418
1236	418
1236	417
1240	417
1240	416
1241	416
1241	412
1242	412
1242	411
1244	411
1244	407
1245	407
1245	405
1249	405
1249	404
1250	404
1250	398
1251	398
1251	396
1254	396
1254	392
1259	392
1259	391
1260	391
1260	390
1261	390
1261	386
1263	386
1263	385
1264	385
1264	386
1265	386
1265	385
1266	385
1266	378
1269	378
1269	377
1270	377
1270	373
1272	373
1272	371
1273	371
1273	364
1274	364
1274	363
1275	363
1275	360
1276	360
1276	359
1277	359
1277	355
1279	355
1279	353
1280	353
1280	351
1281	351
1281	349
1283	349
1283	348
1284	348
1284	347
1285	347
1285	341
1286	341
1286	338
1287	338
1287	335
1292	335
1292	329
1293	329
1293	328
1294	328
1294	326
1295	326
1295	324
1297	324
1297	323
1298	323
1298	320
1302	320
1302	319
1303	319
1303	320
1305	320
1305	319
1307	319
1307	322
1308	322
1308	325
1309	325
1309	326
1308	326
1308	327
1309	327
1309	329
1323	329
1323	323
1324	323
1324	322
1325	322
1325	316
1328	316
1328	312
1329	312
1329	309
1330	309
1330	306
1331	306
1331	305
1330	305
1330	304
1335	304
1335	302
1336	302
1336	300
1337	300
1337	299
1340	299
1340	297
1342	297
1342	290
1343	290
1343	289
1344	289
1344	286
1345	286
1345	285
1346	285
1346	284
1348	284
1348	279
1349	279
1349	278
1351	278
1351	276
1352	276
1352	275
1351	275
1351	274
1352	274
1352	272
1354	272
1354	271
1355	271
1355	267
1358	267
1358	266
1360	266
1360	265
1361	265
1361	261
1362	261
1362	260
1364	260
1364	254
1367	254
1367	250
1369	250
1369	246
1370	246
1370	245
1371	245
1371	240
1373	240
1373	239
1374	239
1374	229
1375	229
1375	227
1376	227
1376	222
1377	222
1377	216
1378	216
1378	215
1380	215
1380	204
1381	204
1381	203
1382	203
1382	201
1383	201
1383	176
1384	176
1384	175
1383	175
1383	172
1382	172
1382	171
1383	171
1383	145
1384	145
1384	144
1383	144
1383	143
1384	143
1384	142
1387	142
1387	143
1388	143
1388	144
1389	144
1389	145
1391	145
1391	146
1392	146
1392	145
1393	145
1393	147
1395	147
1395	148
1396	148
1396	149
1397	149
1397	151
1399	151
1399	152
1400	152
1400	153
1403	153
1403	158
1404	158
1404	164
1408	164
1408	167
1410	167
1410	171
1411	171
1411	172
1410	172
1410	173
1411	173
1411	175
1412	175
1412	176
1413	176
1413	178
1414	178
1414	179
1415	179
1415	180
1416	180
1416	189
1417	189
1417	190
1418	190
1418	194
1420	194
1420	195
1419	195
1419	196
1420	196
1420	197
1421	197
1421	199
1422	199
1422	203
1423	203
1423	208
1424	208
1424	209
1425	209
1425	212
1426	212
1426	213
1427	213
1427	216
1428	216
1428	221
1429	221
1429	238
1428	238
1428	240
1429	240
1429	241
1428	241
1428	243
1427	243
1427	251
1428	251
1428	252
1430	252
1430	253
1432	253
1432	255
1433	255
1433	259
1432	259
1432	260
1433	260
1433	264
1432	264
1432	265
1433	265
1433	267
1432	267
1432	268
1433	268
1433	272
1432	272
1432	274
1431	274
1431	275
1430	275
1430	276
1429	276
1429	289
1427	289
1427	295
1426	295
1426	296
1425	296
1425	299
1426	299
1426	300
1425	300
1425	301
1424	301
1424	302
1423	302
1423	304
1422	304
1422	306
1421	306
1421	308
1417	308
1417	309
1416	309
1416	314
1415	314
1415	315
1414	315
1414	317
1413	317
1413	318
1412	318
1412	328
1413	328
1413	329
1421	329
1421	332
1420	332
1420	344
1419	344
1419	345
1417	345
1417	346
1416	346
1416	352
1414	352
1414	353
1413	353
1413	357
1412	357
1412	358
1410	358
1410	361
1409	361
1409	364
1408	364
1408	365
1403	365
1403	371
1398	371
1398	372
1397	372
1397	377
1395	377
1395	379
1393	379
1393	380
1391	380
1391	382
1390	382
1390	383
1389	383
1389	384
1384	384
1384	387
1379	387
1379	388
1378	388
1378	409
1373	409
1373	410
1372	410
1372	415
1371	415
1371	416
1370	416
1370	418
1368	418
1368	419
1367	419
1367	420
1366	420
1366	421
1365	421
1365	422
1364	422
1364	423
1362	423
1362	425
1361	425
1361	426
1360	426
1360	427
1359	427
1359	428
1357	428
1357	429
1356	429
1356	431
1354	431
1354	432
1353	432
1353	433
1352	433
1352	434
1348	434
1348	435
1347	435
1347	436
1346	436
1346	439
1341	439
1341	440
1340	440
1340	442
1339	442
1339	443
1338	443
1338	444
1337	444
1337	445
1336	445
1336	446
1335	446
1335	447
1328	447
1328	449
1327	449
1327	450
1326	450
1326	451
1325	451
1325	452
1324	452
1324	453
1316	453
1316	454
1315	454
1315	455
1313	455
1313	456
1309	456
1309	457
1308	457
1308	459
1309	459
1309	462
1308	462
1308	463
1309	463
1309	464
1308	464
1308	465
1307	465
1307	466
1303	466
1303	467
1302	467
1302	468
1303	468
1303	469
1302	469
1302	470
1299	470
1299	471
1296	471
1296	473
1295	473
1295	474
1293	474
1293	475
1291	475
1291	476
1290	476
1290	477
1289	477
1289	478
1288	478
1288	479
1287	479
1287	478
1285	478
1285	479
1283	479
1283	482
1282	482
1282	483
1278	483
1278	484
1277	484
1277	485
1271	485
1271	490
1270	490
1270	491
1265	491
1265	493
1262	493
1262	494
1260	494
1260	495
1259	495
1259	496
1257	496
1257	497
1256	497
1256	498
1253	498
1253	497
1252	497
1252	499
1250	499
1250	500
1249	500
1249	501
1246	501
1246	502
1244	502
1244	503
1240	503
1240	504
1233	504
1233	514
1258	514
1258	513
1263	513
1263	512
1291	512
1291	511
1292	511
1292	508
1299	508
1299	507
1306	507
1306	508
1310	508
1310	509
1312	509
1312	511
1313	511
1313	512
1318	512
1318	511
1319	511
1319	512
1322	512
1322	511
1323	511
1323	508
1324	508
1324	507
1326	507
1326	508
1330	508
1330	507
1331	507
1331	508
1334	508
1334	507
1336	507
1336	506
1354	506
1354	505
1355	505
1355	504
1360	504
1360	503
1364	503
1364	509
1375	509
1375	507
1377	507
1377	506
1386	506
1386	496
1392	496
1392	495
1393	495
1393	492
1397	492
1397	491
1398	491
1398	489
1399	489
1399	488
1404	488
1404	487
1411	487
1411	486
1412	486
1412	485
1420	485
1420	484
1422	484
1422	485
1423	485
1423	489
1422	489
1422	491
1421	491
1421	492
1420	492
1420	505
1421	505
1421	506
1430	506
1430	505
1431	505
1431	503
1432	503
1432	502
1443	502
1443	500
1445	500
1445	499
1446	499
1446	500
1458	500
1458	499
1463	499
1463	496
1464	496
1464	497
1475	497
1475	496
1476	496
1476	495
1479	495
1479	494
1480	494
1480	493
1481	493
1481	488
1487	488
1487	485
1490	485
1490	484
1495	484
1495	483
1496	483
1496	481
1498	481
1498	480
1502	480
1502	479
1503	479
1503	477
1510	477
1510	478
1511	478
1511	475
1512	475
1512	474
1529	474
1529	475
1530	475
1530	477
1528	477
1528	478
1529	478
1529	479
1528	479
1528	480
1527	480
1527	488
1526	488
1526	492
1527	492
1527	493
1538	493
1538	492
1543	492
1543	491
1544	491
1544	490
1545	490
1545	488
1550	488
1550	486
1557	486
1557	482
1564	482
1564	481
1576	481
1576	480
1578	480
1578	479
1577	479
1577	477
1582	477
1582	475
1583	475
1583	474
1585	474
1585	475
1587	475
1587	474
1595	474
1595	472
1596	472
1596	471
1602	471
1602	470
1605	470
1605	471
1606	471
1606	470
1620	470
1620	471
1625	471
1625	477
1624	477
1624	478
1623	478
1623	479
1622	479
1622	482
1621	482
1621	484
1620	484
1620	485
1619	485
1619	487
1618	487
1618	489
1617	489
1617	493
1618	493
1618	494
1617	494
1617	498
1618	498
1618	499
1628	499
1628	498
1629	498
1629	497
1630	497
1630	495
1638	495
1638	494
1639	494
1639	493
1652	493
1652	492
1653	492
1653	491
1658	491
1658	489
1663	489
1663	490
1664	490
1664	489
1672	489
1672	488
1673	488
1673	487
1682	487
1682	486
1683	486
1683	485
1684	485
1684	484
1690	484
1690	485
1704	485
1704	486
1705	486
1705	485
1706	485
1706	486
1708	486
1708	487
1712	487
1712	489
1711	489
1711	491
1707	491
1707	493
1706	493
1706	494
1707	494
1707	502
1705	502
1705	503
1704	503
1704	513
1717	513
1717	512
1722	512
1722	510
1723	510
1723	509
1724	509
1724	508
1730	508
1730	507
1731	507
1731	508
1735	508
1735	507
1739	507
1739	506
1766	506
1766	507
1770	507
1770	506
1775	506
1775	507
1776	507
1776	506
1784	506
1784	507
1785	507
1785	506
1793	506
1793	507
1794	507
1794	508
1797	508
1797	511
1796	511
1796	512
1795	512
1795	515
1794	515
1794	518
1792	518
1792	520
1791	520
1791	522
1790	522
1790	533
1800	533
1800	531
1804	531
1804	530
1805	530
1805	529
1808	529
1808	528
1810	528
1810	527
1814	527
1814	528
1816	528
1816	529
1825	529
1825	528
1828	528
1828	529
1836	529
1836	528
1838	528
1838	526
1866	526
1866	527
1874	527
1874	528
1876	528
1876	529
1877	529
1877	532
1876	532
1876	534
1872	534
1872	535
1871	535
1871	551
1882	551
1882	550
1915	550
1915	552
1916	552
1916	553
1936	553
1936	554
1941	554
1941	556
1942	556
1942	557
1947	557
1947	561
1946	561
1946	567
1947	567
1947	569
1956	569
1956	570
1987	570
1987	571
1989	571
1989	570
1991	570
1991	571
1992	571
1992	570
2000	570
2000	571
2001	571
2001	570
2002	570
2002	569
2029	569
2029	570
2037	570
2037	569
2056	569
2056	567
2058	567
2058	566
2060	566
2060	567
2062	567
2062	566
2070	566
2070	565
2083	565
2083	566
2089	566
2089	567
2097	567
2097	570
2096	570
2096	569
2095	569
2095	571
2094	571
2094	572
2092	572
2092	575
2091	575
2091	576
2090	576
2090	577
2089	577
2089	579
2087	579
2087	580
2086	580
2086	581
2084	581
2084	582
2081	582
2081	583
2080	583
2080	586
2078	586
2078	587
2077	587
2077	588
2076	588
2076	587
2075	587
2075	588
2074	588
2074	589
2073	589
2073	590
2072	590
2072	591
2067	591
2067	592
2061	592
2061	594
2060	594
2060	595
2061	595
2061	596
2060	596
2060	597
2055	597
2055	598
2054	598
2054	599
2053	599
2053	600
2052	600
2052	601
2051	601
2051	602
2050	602
2050	603
2048	603
2048	604
2047	604
2047	605
2042	605
2042	606
2041	606
2041	607
2038	607
2038	608
2036	608
2036	609
2029	609
2029	612
2027	612
2027	613
2026	613
2026	614
2025	614
2025	615
2024	615
2024	616
2017	616
2017	617
2014	617
2014	618
2010	618
2010	622
2008	622
2008	621
2007	621
2007	622
2006	622
2006	621
2005	621
2005	622
2004	622
2004	623
2001	623
2001	624
1998	624
1998	625
1997	625
1997	626
1995	626
1995	627
1991	627
1991	628
1985	628
1985	630
1967	630
1967	631
1966	631
1966	644
1967	644
1967	645
1969	645
1969	647
1970	647
1970	650
1969	650
1969	651
1968	651
1968	652
1966	652
1966	653
1965	653
1965	654
1960	654
1960	655
1954	655
1954	656
1947	656
1947	657
1945	657
1945	658
1944	658
1944	657
1942	657
1942	658
1935	658
1935	659
1928	659
1928	658
1926	658
1926	659
1910	659
1910	658
1899	658
1899	657
1898	657
1898	656
1897	656
1897	655
1887	655
1887	656
1886	656
1886	659
1885	659
1885	660
1886	660
1886	670
1887	670
1887	676
1888	676
1888	677
1889	677
1889	678
1890	678
1890	680
1889	680
1889	681
1848	681
1848	680
1847	680
1847	679
1840	679
1840	678
1835	678
1835	677
1829	677
1829	675
1823	675
1823	674
1822	674
1822	673
1817	673
1817	672
1816	672
1816	669
1802	669
1802	671
1801	671
1801	678
1802	678
1802	690
1803	690
1803	691
1805	691
1805	699
1802	699
1802	703
1795	703
1795	702
1786	702
1786	701
1784	701
1784	700
1779	700
1779	699
1778	699
1778	697
1772	697
1772	696
1771	696
1771	695
1766	695
1766	694
1765	694
1765	693
1761	693
1761	692
1759	692
1759	690
1753	690
1753	688
1752	688
1752	687
1748	687
1748	688
1747	688
1747	685
1741	685
1741	683
1740	683
1740	681
1736	681
1736	680
1734	680
1734	677
1733	677
1733	676
1720	676
1720	677
1719	677
1719	694
1720	694
1720	695
1722	695
1722	697
1723	697
1723	698
1722	698
1722	700
1702	700
1702	698
1696	698
1696	697
1695	697
1695	696
1684	696
1684	694
1683	694
1683	693
1680	693
1680	694
1678	694
1678	693
1677	693
1677	691
1671	691
1671	688
1670	688
1670	687
1664	687
1664	685
1662	685
1662	684
1661	684
1661	683
1660	683
1660	682
1659	682
1659	681
1657	681
1657	680
1656	680
1656	679
1655	679
1655	678
1654	678
1654	677
1653	677
1653	676
1643	676
1643	681
1642	681
1642	696
1635	696
1635	695
1633	695
1633	693
1632	693
1632	692
1626	692
1626	691
1624	691
1624	690
1623	690
1623	689
1622	689
1622	688
1621	688
1621	687
1615	687
1615	686
1614	686
1614	685
1615	685
1615	684
1612	684
1612	683
1610	683
1610	684
1608	684
1608	681
1601	681
1601	680
1600	680
1600	679
1595	679
1595	677
1589	677
1589	675
1587	675
1587	674
1585	674
1585	675
1584	675
1584	674
1582	674
1582	672
1576	672
1576	668
1570	668
1570	665
1564	665
1564	663
1563	663
1563	662
1559	662
1559	656
1549	656
1549	680
1545	680
1545	679
1544	679
1544	678
1538	678
1538	675
1532	675
1532	672
1526	672
1526	670
1525	670
1525	669
1523	669
1523	668
1522	668
1522	669
1521	669
1521	668
1519	668
1519	665
1515	665
1515	664
1513	664
1513	662
1510	662
1510	661
1509	661
1509	657
1508	657
1508	656
1499	656
1499	654
1498	654
1498	653
1496	653
1496	651
1495	651
1495	650
1494	650
1494	649
1486	649
1486	648
1485	648
1485	647
1484	647
1484	646
1483	646
1483	644
1482	644
1482	643
1478	643
1478	642
1475	642
1475	640
1474	640
1474	639
1472	639
1472	638
1469	638
1469	634
1468	634
1468	633
1462	633
1462	630
1460	630
1460	629
1459	629
1459	628
1458	628
1458	627
1448	627
1448	632
1447	632
1447	634
1448	634
1448	637
1447	637
1447	641
1443	641
1443	640
1437	640
1437	637
1434	637
1434	636
1433	636
1433	637
1432	637
1432	636
1429	636
1429	635
1428	635
1428	634
1427	634
1427	633
1426	633
1426	632
1425	632
1425	631
1424	631
1424	630
1421	630
1421	629
1420	629
1420	628
1418	628
1418	626
1415	626
1415	625
1414	625
1414	624
1413	624
1413	625
1412	625
1412	622
1411	622
1411	621
1406	621
1406	619
1405	619
1405	617
1404	617
1404	618
1403	618
1403	617
1400	617
1400	616
1399	616
1399	612
1396	612
1396	611
1395	611
1395	612
1393	612
1393	611
1392	611
1392	610
1388	610
1388	609
1387	609
1387	606
1386	606
1386	605
1383	605
1383	604
1380	604
1380	602
1379	602
1379	601
1374	601
1374	598
1373	598
1373	597
1363	597
1363	603
1358	603
1358	602
1356	602
1356	601
1355	601
1355	599
1349	599
1349	598
1348	598
1348	597
1347	597
1347	596
1345	596
1345	595
1344	595
1344	593
1342	593
1342	591
1338	591
1338	590
1334	590
1334	589
1332	589
1332	588
1331	588
1331	587
1330	587
1330	586
1329	586
1329	585
1328	585
1328	584
1327	584
1327	585
1326	585
1326	584
1324	584
1324	583
1323	583
1323	580
1317	580
1317	578
1310	578
1310	577
1307	577
1307	576
1305	576
1305	575
1304	575
1304	573
1302	573
1302	572
1301	572
1301	573
1298	573
1298	570
1294	570
1294	569
1292	569
1292	568
1291	568
1291	566
1285	566
1285	565
1283	565
1283	564
1280	564
1280	563
1279	563
1279	561
1272	561
1272	559
1269	559
1269	558
1266	558
1266	555
1267	555
1267	554
1256	554
1256	553
1254	553
1254	552
1251	552
1251	551
1248	551
1248	550
1247	550
1247	548
1241	548
1241	546
1235	546
1235	545
1234	545
1234	544
1235	544
1235	542
1222	542
1222	552
1223	552
1223	553
1224	553
1224	554
1225	554
1225	555
1226	555
1226	557
1227	557
1227	558
1228	558
1228	559
1229	559
1229	560
1230	560
1230	561
1231	561
1231	562
1233	562
1233	563
1234	563
1234	564
1235	564
1235	565
1236	565
1236	567
1237	567
1237	568
1238	568
1238	569
1239	569
1239	570
1240	570
1240	571
1242	571
1242	573
1243	573
1243	575
1244	575
1244	576
1245	576
1245	577
1246	577
1246	578
1247	578
1247	580
1248	580
1248	579
1249	579
1249	580
1251	580
1251	581
1252	581
1252	585
1254	585
1254	587
1257	587
1257	588
1258	588
1258	594
1264	594
1264	595
1265	595
1265	598
1264	598
1264	599
1265	599
1265	600
1268	600
1268	601
1269	601
1269	602
1271	602
1271	607
1277	607
1277	612
1278	612
1278	613
1281	613
1281	614
1282	614
1282	615
1284	615
1284	616
1286	616
1286	618
1288	618
1288	621
1289	621
1289	622
1290	622
1290	625
1291	625
1291	626
1295	626
1295	627
1296	627
1296	628
1297	628
1297	629
1298	629
1298	630
1299	630
1299	632
1302	632
1302	633
1303	633
1303	634
1304	634
1304	635
1305	635
1305	637
1306	637
1306	639
1308	639
1308	640
1310	640
1310	641
1311	641
1311	642
1312	642
1312	645
1316	645
1316	649
1320	649
1320	650
1321	650
1321	651
1322	651
1322	652
1321	652
1321	653
1322	653
1322	654
1323	654
1323	655
1324	655
1324	656
1326	656
1326	657
1328	657
1328	664
1334	664
1334	666
1335	666
1335	667
1338	667
1338	669
1339	669
1339	670
1344	670
1344	671
1345	671
1345	676
1346	676
1346	677
1352	677
1352	678
1353	678
1353	680
1358	680
1358	681
1359	681
1359	683
1363	683
1363	684
1364	684
1364	686
1365	686
1365	688
1364	688
1364	689
1363	689
1363	690
1361	690
1361	691
1360	691
1360	692
1358	692
1358	703
1359	703
1359	704
1363	704
1363	705
1365	705
1365	706
1366	706
1366	708
1369	708
1369	710
1370	710
1370	711
1374	711
1374	712
1375	712
1375	714
1376	714
1376	715
1378	715
1378	716
1380	716
1380	717
1381	717
1381	718
1382	718
1382	719
1385	719
1385	721
1387	721
1387	720
1388	720
1388	722
1389	722
1389	723
1390	723
1390	725
1391	725
1391	726
1392	726
1392	727
1397	727
1397	731
1400	731
1400	734
1402	734
1402	733
1403	733
1403	734
1407	734
1407	735
1408	735
1408	736
1409	736
1409	740
1413	740
1413	741
1416	741
1416	746
1425	746
1425	748
1426	748
1426	751
1429	751
1429	759
1433	759
1433	760
1436	760
1436	761
1441	761
1441	764
1442	764
1442	765
1444	765
1444	766
1445	766
1445	765
1460	765
1460	767
1461	767
1461	771
1460	771
1460	772
1458	772
1458	773
1454	773
1454	774
1453	774
1453	775
1451	775
1451	776
1442	776
1442	779
1441	779
1441	780
1440	780
1440	781
1439	781
1439	792
1440	792
1440	793
1441	793
1441	792
1442	792
1442	793
1446	793
1446	794
1448	794
1448	796
1449	796
1449	797
1450	797
1450	796
1452	796
1452	798
1453	798
1453	797
1455	797
1455	799
1456	799
1456	800
1460	800
1460	802
1461	802
1461	803
1464	803
1464	804
1467	804
1467	806
1473	806
1473	808
1474	808
1474	809
1478	809
1478	812
1479	812
1479	813
1480	813
1480	815
1485	815
1485	817
1486	817
1486	818
1492	818
1492	824
1493	824
1493	823
1498	823
1498	826
1504	826
1504	829
1506	829
1506	830
1511	830
1511	836
1512	836
1512	837
1513	837
1513	838
1514	838
1514	839
1517	839
1517	847
1518	847
1518	848
1530	848
1530	847
1533	847
1533	844
1534	844
1534	846
1536	846
1536	847
1542	847
1542	848
1544	848
1544	849
1545	849
1545	851
1544	851
1544	852
1543	852
1543	853
1542	853
1542	854
1541	854
1541	855
1539	855
1539	856
1538	856
1538	857
1537	857
1537	858
1536	858
1536	859
1535	859
1535	860
1533	860
1533	861
1532	861
1532	862
1530	862
1530	864
1529	864
1529	865
1528	865
1528	864
1525	864
1525	865
1524	865
1524	878
1525	878
1525	879
1528	879
1528	878
1530	878
1530	879
1534	879
1534	880
1536	880
1536	881
1539	881
1539	884
1541	884
1541	885
1552	885
1552	886
1551	886
1551	887
1552	887
1552	888
1558	888
1558	889
1561	889
1561	893
1568	893
1568	894
1567	894
1567	895
1568	895
1568	900
1570	900
1570	901
1575	901
1575	902
1574	902
1574	903
1575	903
1575	904
1583	904
1583	907
1584	907
1584	909
1587	909
1587	910
1588	910
1588	911
1593	911
1593	914
1596	914
1596	915
1597	915
1597	914
1598	914
1598	915
1600	915
1600	916
1601	916
1601	917
1606	917
1606	920
1608	920
1608	921
1610	921
1610	922
1611	922
1611	923
1613	923
1613	926
1617	926
1617	927
1618	927
1618	929
1624	929
1624	930
1625	930
1625	936
1622	936
1622	937
1618	937
1618	938
1617	938
1617	937
1616	937
1616	938
1613	938
1613	939
1612	939
1612	942
1609	942
1609	943
1608	943
1608	944
1605	944
1605	954
1607	954
1607	955
1608	955
1608	954
1611	954
1611	955
1615	955
1615	956
1622	956
1622	957
1623	957
1623	958
1624	958
1624	960
1625	960
1625	961
1629	961
1629	962
1634	962
1634	963
1636	963
1636	964
1639	964
1639	965
1644	965
1644	968
1647	968
1647	969
1648	969
1648	970
1650	970
1650	973
1652	973
1652	974
1657	974
1657	975
1658	975
1658	978
1663	978
1663	982
1664	982
1664	983
1669	983
1669	986
1673	986
1673	987
1675	987
1675	988
1676	988
1676	987
1677	987
1677	989
1678	989
1678	991
1679	991
1679	992
1680	992
1680	993
1681	993
1681	994
1685	994
1685	995
1686	995
1686	996
1687	996
1687	998
1688	998
1688	1000
1687	1000
1687	1001
1683	1001
1683	1002
1682	1002
1682	1004
1679	1004
1679	1005
1678	1005
1678	1006
1676	1006
1676	1007
1675	1007
1675	1009
1673	1009
1673	1010
1672	1010
1672	1020
1678	1020
1678	1021
1682	1021
1682	1023
1681	1023
1681	1024
1688	1024
1688	1025
1691	1025
1691	1026
1698	1026
1698	1027
1700	1027
1700	1030
1708	1030
1708	1031
1712	1031
1712	1035
1713	1035
1713	1036
1714	1036
1714	1037
1718	1037
1718	1038
1720	1038
1720	1043
1731	1043
1731	1044
1732	1044
1732	1046
1737	1046
1737	1048
1738	1048
1738	1049
1742	1049
1742	1050
1743	1050
1743	1051
1744	1051
1744	1055
1745	1055
1745	1057
1744	1057
1744	1058
1740	1058
1740	1059
1738	1059
1738	1060
1732	1060
1732	1065
1731	1065
1731	1064
1729	1064
1729	1065
1730	1065
1730	1066
1729	1066
1729	1076
1736	1076
1736	1077
1740	1077
1740	1078
1741	1078
1741	1079
1742	1079
1742	1080
1748	1080
1748	1079
1749	1079
1749	1080
1752	1080
1752	1082
1753	1082
1753	1084
1759	1084
1759	1086
1761	1086
1761	1087
1770	1087
1770	1088
1772	1088
1772	1091
1774	1091
1774	1092
1776	1092
1776	1094
1777	1094
1777	1095
1783	1095
1783	1096
1788	1096
1788	1098
1789	1098
1789	1100
1795	1100
1795	1101
1797	1101
1797	1102
1800	1102
1800	1105
1802	1105
1802	1106
1806	1106
1806	1107
1807	1107
1807	1108
1810	1108
1810	1109
1812	1109
1812	1110
1814	1110
1814	1112
1815	1112
1815	1113
1814	1113
1814	1114
1813	1114
1813	1115
1809	1115
1809	1116
1808	1116
1808	1117
1802	1117
1802	1121
1801	1121
1801	1122
1799	1122
1799	1123
1798	1123
1798	1122
1797	1122
1797	1123
1796	1123
1796	1124
1795	1124
1795	1127
1790	1127
1790	1128
1789	1128
1789	1138
1795	1138
1795	1140
1807	1140
1807	1139
1809	1139
1809	1140
1810	1140
1810	1142
1814	1142
1814	1143
1815	1143
1815	1144
1817	1144
1817	1145
1819	1145
1819	1146
1820	1146
1820	1147
1825	1147
1825	1146
1826	1146
1826	1147
1827	1147
1827	1150
1834	1150
1834	1151
1840	1151
1840	1152
1843	1152
1843	1155
1845	1155
1845	1156
1847	1156
1847	1157
1851	1157
1851	1161
1852	1161
1852	1162
1853	1162
1853	1163
1860	1163
1860	1165
1862	1165
1862	1166
1863	1166
1863	1167
1865	1167
1865	1169
1866	1169
1866	1170
1871	1170
1871	1171
1873	1171
1873	1172
1874	1172
1874	1173
1877	1173
1877	1174
1878	1174
1878	1176
1881	1176
1881	1180
1878	1180
1878	1181
1877	1181
1877	1183
1875	1183
1875	1184
1874	1184
1874	1185
1872	1185
1872	1186
1866	1186
1866	1187
1865	1187
1865	1190
1864	1190
1864	1191
1859	1191
1859	1192
1858	1192
1858	1193
1856	1193
1856	1196
1855	1196
1855	1208
1856	1208
1856	1209
1859	1209
1859	1210
1867	1210
1867	1209
1869	1209
1869	1208
1875	1208
1875	1209
1877	1209
1877	1211
1878	1211
1878	1213
1879	1213
1879	1212
1880	1212
1880	1213
1886	1213
1886	1214
1887	1214
1887	1215
1894	1215
1894	1216
1895	1216
1895	1215
1896	1215
1896	1216
1897	1216
1897	1217
1901	1217
1901	1218
1902	1218
1902	1219
1903	1219
1903	1221
1904	1221
1904	1222
1906	1222
1906	1224
1909	1224
1909	1227
1910	1227
1910	1228
1914	1228
1914	1229
1915	1229
1915	1230
1917	1230
1917	1231
1921	1231
1921	1232
1924	1232
1924	1231
1925	1231
1925	1232
1930	1232
1930	1231
1931	1231
1931	1232
1933	1232
1933	1233
1937	1233
1937	1234
1938	1234
1938	1236
1939	1236
1939	1237
1941	1237
1941	1238
1940	1238
1940	1239
1941	1239
1941	1240
1945	1240
1945	1241
1946	1241
1946	1243
1947	1243
1947	1244
1948	1244
1948	1245
1949	1245
1949	1246
1951	1246
1951	1247
1952	1247
1952	1248
1953	1248
1953	1250
1954	1250
1954	1252
1955	1252
1955	1253
1956	1253
1956	1256
1954	1256
1954	1257
1953	1257
1953	1258
1950	1258
1950	1259
1947	1259
1947	1260
1946	1260
1946	1259
1945	1259
1945	1260
1943	1260
1943	1261
1941	1261
1941	1263
1940	1263
1940	1265
1934	1265
1934	1266
1933	1266
1933	1267
1928	1267
1928	1269
1926	1269
1926	1268
1923	1268
1923	1269
1922	1269
1922	1283
1940	1283
1940	1284
1944	1284
1944	1285
1945	1285
1945	1287
1947	1287
1947	1289
1956	1289
1956	1290
1957	1290
1957	1291
1959	1291
1959	1293
1960	1293
1960	1296
1963	1296
1963	1298
1964	1298
1964	1299
1966	1299
1966	1302
1968	1302
1968	1303
1969	1303
1969	1304
1968	1304
1968	1305
1969	1305
1969	1308
1971	1308
1971	1309
1975	1309
1975	1312
1976	1312
1976	1313
1978	1313
1978	1314
1979	1314
1979	1315
1985	1315
1985	1319
1995	1319
1995	1320
1996	1320
1996	1321
1997	1321
1997	1322
1998	1322
1998	1323
1999	1323
1999	1324
2000	1324
2000	1325
2001	1325
2001	1327
2000	1327
2000	1329
1996	1329
1996	1330
1992	1330
1992	1331
1990	1331
1990	1332
1985	1332
1985	1335
1984	1335
1984	1336
1979	1336
1979	1338
1972	1338
1972	1341
1971	1341
1971	1342
1966	1342
1966	1353
1970	1353
1970	1354
1971	1354
1971	1355
1976	1355
1976	1358
1978	1358
1978	1359
1981	1359
1981	1360
1985	1360
1985	1362
1989	1362
1989	1366
1990	1366
1990	1367
1991	1367
1991	1368
1992	1368
1992	1367
1993	1367
1993	1368
1995	1368
1995	1369
1997	1369
1997	1370
1998	1370
1998	1372
2000	1372
2000	1374
2001	1374
2001	1377
2002	1377
2002	1379
2005	1379
2005	1380
2008	1380
2008	1381
2010	1381
2010	1384
2012	1384
2012	1385
2013	1385
2013	1386
2015	1386
2015	1390
2017	1390
2017	1391
2020	1391
2020	1392
2021	1392
2021	1393
2022	1393
2022	1395
2023	1395
2023	1398
2026	1398
2026	1399
2028	1399
2028	1400
2029	1400
2029	1403
2031	1403
2031	1404
2033	1404
2033	1409
2036	1409
2036	1410
2038	1410
2038	1412
2040	1412
2040	1413
2042	1413
2042	1415
2043	1415
2043	1416
2051	1416
2051	1417
2053	1417
2053	1418
2056	1418
2056	1419
2057	1419
2057	1421
2059	1421
2059	1422
2060	1422
2060	1425
2062	1425
2062	1426
2063	1426
2063	1425
2064	1425
2064	1426
2065	1426
2065	1428
2064	1428
2064	1429
2065	1429
2065	1431
2067	1431
2067	1434
2068	1434
2068	1435
2077	1435
2077	1436
2079	1436
2079	1437
2080	1437
2080	1438
2086	1438
2086	1440
2087	1440
2087	1441
2094	1441
2094	1442
2096	1442
2096	1443
2097	1443
2097	1447
2102	1447
2102	1448
2105	1448
2105	1453
2106	1453
2106	1454
2107	1454
2107	1456
2110	1456
2110	1457
2111	1457
2111	1458
2118	1458
2118	1459
2122	1459
2122	1460
2124	1460
2124	1461
2128	1461
2128	1463
2129	1463
2129	1464
2130	1464
2130	1465
2131	1465
2131	1466
2133	1466
2133	1467
2134	1467
2134	1468
2135	1468
2135	1469
2136	1469
2136	1470
2137	1470
2137	1473
2135	1473
2135	1474
2131	1474
2131	1475
2129	1475
2129	1476
2128	1476
2128	1475
2125	1475
2125	1476
2124	1476
2124	1477
2116	1477
2116	1478
2115	1478
2115	1479
2113	1479
2113	1480
2110	1480
2110	1481
2108	1481
2108	1482
2107	1482
2107	1481
2103	1481
2103	1482
2098	1482
2098	1483
2088	1483
2088	1482
2087	1482
2087	1481
2086	1481
2086	1480
2082	1480
2082	1478
2081	1478
2081	1477
2069	1477
2069	1475
2067	1475
2067	1474
2062	1474
2062	1472
2056	1472
2056	1471
2044	1471
2044	1470
2037	1470
2037	1469
2027	1469
2027	1468
2025	1468
2025	1465
2023	1465
2023	1464
2006	1464
2006	1461
2005	1461
2005	1460
2002	1460
2002	1461
2000	1461
2000	1459
1999	1459
1999	1458
1994	1458
1994	1457
1993	1457
1993	1455
1983	1455
1983	1454
1982	1454
1982	1455
1980	1455
1980	1459
1979	1459
1979	1461
1978	1461
1978	1462
1977	1462
1977	1461
1976	1461
1976	1462
1974	1462
1974	1461
1968	1461
1968	1459
1966	1459
1966	1458
1961	1458
1961	1457
1960	1457
1960	1456
1959	1456
1959	1457
1958	1457
1958	1456
1957	1456
1957	1455
1955	1455
1955	1453
1949	1453
1949	1451
1948	1451
1948	1450
1943	1450
1943	1449
1942	1449
1942	1446
1936	1446
1936	1444
1935	1444
1935	1443
1933	1443
1933	1441
1930	1441
1930	1440
1929	1440
1929	1439
1928	1439
1928	1438
1927	1438
1927	1433
1915	1433
1915	1445
1914	1445
1914	1447
1913	1447
1913	1458
1912	1458
1912	1459
1911	1459
1911	1458
1908	1458
1908	1459
1907	1459
1907	1458
1906	1458
1906	1459
1904	1459
1904	1458
1899	1458
1899	1457
1898	1457
1898	1455
1896	1455
1896	1454
1895	1454
1895	1453
1894	1453
1894	1454
1893	1454
1893	1453
1892	1453
1892	1452
1888	1452
1888	1451
1886	1451
1886	1446
1881	1446
1881	1444
1879	1444
1879	1442
1877	1442
1877	1440
1876	1440
1876	1439
1873	1439
1873	1436
1872	1436
1872	1435
1867	1435
1867	1433
1866	1433
1866	1432
1864	1432
1864	1430
1863	1430
1863	1429
1862	1429
1862	1428
1861	1428
1861	1427
1860	1427
1860	1425
1855	1425
1855	1424
1854	1424
1854	1420
1850	1420
1850	1415
1849	1415
1849	1414
1845	1414
1845	1409
1844	1409
1844	1402
1842	1402
1842	1401
1841	1401
1841	1400
1840	1400
1840	1399
1831	1399
1831	1400
1830	1400
1830	1401
1828	1401
1828	1402
1827	1402
1827	1406
1826	1406
1826	1408
1825	1408
1825	1409
1824	1409
1824	1414
1821	1414
1821	1415
1820	1415
1820	1424
1819	1424
1819	1428
1818	1428
1818	1430
1816	1430
1816	1431
1815	1431
1815	1430
1812	1430
1812	1429
1810	1429
1810	1426
1806	1426
1806	1425
1804	1425
1804	1422
1803	1422
1803	1420
1799	1420
1799	1419
1797	1419
1797	1418
1795	1418
1795	1417
1794	1417
1794	1416
1792	1416
1792	1414
1791	1414
1791	1411
1790	1411
1790	1410
1787	1410
1787	1409
1786	1409
1786	1408
1785	1408
1785	1406
1784	1406
1784	1404
1780	1404
1780	1403
1778	1403
1778	1401
1776	1401
1776	1399
1775	1399
1775	1398
1773	1398
1773	1396
1772	1396
1772	1395
1769	1395
1769	1393
1767	1393
1767	1391
1766	1391
1766	1390
1765	1390
1765	1389
1763	1389
1763	1386
1762	1386
1762	1385
1760	1385
1760	1384
1759	1384
1759	1377
1758	1377
1758	1376
1755	1376
1755	1370
1753	1370
1753	1367
1751	1367
1751	1366
1750	1366
1750	1357
1747	1357
1747	1356
1746	1356
1746	1357
1738	1357
1738	1362
1736	1362
1736	1363
1733	1363
1733	1364
1732	1364
1732	1369
1731	1369
1731	1370
1728	1370
1728	1376
1726	1376
1726	1377
1725	1377
1725	1382
1724	1382
1724	1384
1723	1384
1723	1385
1721	1385
1721	1383
1720	1383
1720	1382
1714	1382
1714	1381
1713	1381
1713	1379
1711	1379
1711	1378
1710	1378
1710	1377
1709	1377
1709	1376
1708	1376
1708	1375
1707	1375
1707	1374
1706	1374
1706	1373
1705	1373
1705	1371
1704	1371
1704	1369
1703	1369
1703	1364
1702	1364
1702	1363
1700	1363
1700	1362
1699	1362
1699	1361
1698	1361
1698	1360
1697	1360
1697	1359
1696	1359
1696	1357
1694	1357
1694	1355
1693	1355
1693	1353
1692	1353
1692	1352
1690	1352
1690	1349
1689	1349
1689	1348
1687	1348
1687	1346
1685	1346
1685	1344
1684	1344
1684	1339
1683	1339
1683	1338
1681	1338
1681	1337
1680	1337
1680	1336
1679	1336
1679	1335
1678	1335
1678	1334
1677	1334
1677	1332
1675	1332
1675	1326
1673	1326
1673	1325
1671	1325
1671	1321
1670	1321
1670	1320
1669	1320
1669	1318
1668	1318
1668	1317
1667	1317
1667	1316
1666	1316
1666	1312
1665	1312
1665	1301
1664	1301
1664	1300
1663	1300
1663	1298
1662	1298
1662	1291
1658	1291
1658	1292
1657	1292
1657	1291
1651	1291
1651	1292
1650	1292
1650	1294
1649	1294
1649	1295
1648	1295
1648	1299
1645	1299
1645	1300
1644	1300
1644	1303
1643	1303
1643	1305
1642	1305
1642	1306
1638	1306
1638	1307
1637	1307
1637	1314
1636	1314
1636	1319
1628	1319
1628	1313
1622	1313
1622	1312
1621	1312
1621	1310
1620	1310
1620	1308
1621	1308
1621	1307
1619	1307
1619	1306
1615	1306
1615	1305
1614	1305
1614	1301
1613	1301
1613	1300
1610	1300
1610	1295
1609	1295
1609	1294
1606	1294
1606	1293
1605	1293
1605	1292
1604	1292
1604	1290
1602	1290
1602	1289
1601	1289
1601	1288
1600	1288
1600	1287
1599	1287
1599	1282
1597	1282
1597	1281
1594	1281
1594	1275
1591	1275
1591	1274
1592	1274
1592	1273
1591	1273
1591	1269
1588	1269
1588	1268
1587	1268
1587	1267
1586	1267
1586	1264
1585	1264
1585	1262
1584	1262
1584	1259
1583	1259
1583	1258
1582	1258
1582	1256
1583	1256
1583	1255
1582	1255
1582	1253
1583	1253
1583	1251
1582	1251
1582	1250
1581	1250
1581	1249
1580	1249
1580	1247
1579	1247
1579	1239
1578	1239
1578	1224
1569	1224
1569	1225
1568	1225
1568	1227
1567	1227
1567	1229
1562	1229
1562	1230
1561	1230
1561	1233
1559	1233
1559	1234
1558	1234
1558	1236
1556	1236
1556	1237
1553	1237
1553	1238
1552	1238
1552	1242
1550	1242
1550	1243
1549	1243
1549	1246
1548	1246
1548	1247
1547	1247
1547	1246
1545	1246
1545	1245
1544	1245
1544	1243
1541	1243
1541	1238
1540	1238
1540	1237
1537	1237
1537	1236
1536	1236
1536	1235
1535	1235
1535	1233
1534	1233
1534	1232
1533	1232
1533	1229
1532	1229
1532	1225
1531	1225
1531	1224
1528	1224
1528	1218
1526	1218
1526	1217
1525	1217
1525	1212
1522	1212
1522	1211
1521	1211
1521	1206
1519	1206
1519	1200
1518	1200
1518	1199
1516	1199
1516	1193
1515	1193
1515	1192
1513	1192
1513	1187
1512	1187
1512	1186
1511	1186
1511	1183
1510	1183
1510	1181
1509	1181
1509	1180
1508	1180
1508	1162
1498	1162
1498	1163
1497	1163
1497	1164
1494	1164
1494	1165
1493	1165
1493	1167
1491	1167
1491	1168
1489	1168
1489	1170
1487	1170
1487	1171
1486	1171
1486	1175
1485	1175
1485	1177
1483	1177
1483	1178
1481	1178
1481	1174
1476	1174
1476	1172
1475	1172
1475	1168
1474	1168
1474	1166
1473	1166
1473	1162
1472	1162
1472	1158
1471	1158
1471	1157
1472	1157
1472	1156
1471	1156
1471	1155
1469	1155
1469	1149
1466	1149
1466	1148
1465	1148
1465	1147
1464	1147
1464	1146
1463	1146
1463	1142
1462	1142
1462	1137
1461	1137
1461	1136
1459	1136
1459	1134
1458	1134
1458	1130
1456	1130
1456	1118
1455	1118
1455	1117
1454	1117
1454	1115
1453	1115
1453	1114
1452	1114
1452	1092
1442	1092
1442	1091
1441	1091
1441	1096
1435	1096
1435	1098
1434	1098
1434	1099
1433	1099
1433	1103
1432	1103
1432	1104
1427	1104
1427	1103
1425	1103
1425	1100
1424	1100
1424	1098
1423	1098
1423	1097
1422	1097
1422	1095
1421	1095
1421	1092
1419	1092
1419	1088
1418	1088
1418	1079
1416	1079
1416	1075
1415	1075
1415	1071
1414	1071
1414	1067
1413	1067
1413	1064
1412	1064
1412	1061
1411	1061
1411	1059
1410	1059
1410	1058
1409	1058
1409	1056
1408	1056
1408	1054
1407	1054
1407	1053
1408	1053
1408	1052
1407	1052
1407	1051
1408	1051
1408	1049
1407	1049
1407	1048
1406	1048
1406	1043
1405	1043
1405	1041
1402	1041
1402	1033
1399	1033
1399	1028
1397	1028
1397	1024
1396	1024
1396	1021
1395	1021
1395	1017
1394	1017
1394	1013
1393	1013
1393	996
1392	996
1392	995
1379	995
1379	996
1378	996
1378	998
1376	998
1376	1000
1374	1000
1374	1001
1373	1001
1373	1002
1372	1002
1372	1003
1366	1003
1366	1001
1365	1001
1365	996
1364	996
1364	991
1362	991
1362	989
1361	989
1361	983
1360	983
1360	981
1359	981
1359	975
1358	975
1358	968
1357	968
1357	958
1356	958
1356	954
1355	954
1355	946
1354	946
1354	945
1352	945
1352	940
1351	940
1351	935
1350	935
1350	934
1349	934
1349	931
1348	931
1348	921
1346	921
1346	920
1345	920
1345	915
1344	915
1344	909
1343	909
1343	907
1342	907
1342	895
1341	895
1341	894
1333	894
1333	895
1331	895
1331	896
1328	896
1328	898
1327	898
1327	899
1326	899
1326	900
1325	900
1325	901
1324	901
1324	902
1322	902
1322	903
1321	903
1321	905
1318	905
1318	904
1317	904
1317	902
1316	902
1316	901
1315	901
1315	899
1314	899
1314	896
1313	896
1313	884
1312	884
1312	883
1311	883
1311	872
1310	872
1310	852
1309	852
1309	851
1308	851
1308	849
1307	849
1307	848
1308	848
1308	847
1307	847
1307	839
1306	839
1306	835
1307	835
1307	834
1306	834
1306	833
1305	833
1305	826
1303	826
1303	825
1302	825
1302	824
1301	824
1301	815
1300	815
1300	814
1299	814
1299	810
1298	810
1298	789
1297	789
1297	788
1295	788
1295	776
1284	776
1284	781
1282	781
1282	782
1281	782
1281	784
1280	784
1280	785
1278	785
1278	786
1277	786
1277	788
1274	788
1274	787
1273	787
1273	782
1271	782
1271	780
1270	780
1270	773
1271	773
1271	770
1270	770
1270	767
1271	767
1271	765
1272	765
1272	764
1273	764
1273	747
1272	747
1272	745
1271	745
1271	744
1270	744
1270	743
1269	743
1269	739
1268	739
1268	737
1267	737
1267	733
1266	733
1266	725
1263	725
1263	720
1262	720
1262	719
1261	719
1261	716
1260	716
1260	706
1256	706
1256	701
1255	701
1255	700
1254	700
1254	694
1252	694
1252	693
1251	693
1251	691
1250	691
1250	687
1249	687
1249	686
1248	686
1248	676
1247	676
1247	674
1244	674
1244	672
1243	672
1243	671
1244	671
1244	669
1243	669
1243	668
1242	668
1242	666
1241	666
1241	663
1240	663
1240	662
1238	662
1238	657
1237	657
1237	650
1236	650
1236	649
1233	649
1233	644
1232	644
1232	643
1231	643
1231	637
1230	637
1230	636
1229	636
1229	634
1228	634
1228	633
1229	633
1229	632
1228	632
1228	630
1226	630
1226	627
1225	627
1225	626
1224	626
1224	622
1223	622
1223	618
1222	618
1222	617
1221	617
1221	616
1220	616
1220	614
1219	614
1219	613
1218	613
1218	606
1217	606
1217	605
1215	605
1215	603
1216	603
1216	600
1215	600
1215	599
1214	599
1214	598
1213	598
1213	597
1212	597
1212	594
1211	594
1211	593
1210	593
1210	591
1208	591
1208	590
1207	590
1207	587
1206	587
1206	585
1205	585
1205	584
1204	584
1204	579
1203	579
1203	574
1201	574
1201	573
1200	573
1200	570
1199	570
1199	568
1198	568
1198	567
1197	567
1197	561
1195	561
1195	558
1194	558
1194	557
1193	557
1193	555
1192	555
1192	554
1190	554
1190	553
1188	553
1188	554
1187	554
1187	553
1185	553
1185	554
1184	554
1184	553
1183	553
1183	554
1182	554
1182	565
1183	565
1183	568
1182	568
1182	574
1183	574
1183	575
1185	575
1185	580
1186	580
1186	600
1187	600
1187	608
1188	608
1188	617
1189	617
1189	626
1190	626
1190	633
1191	633
1191	647
1192	647
1192	653
1193	653
1193	667
1194	667
1194	670
1195	670
1195	689
1196	689
1196	690
1197	690
1197	692
1198	692
1198	702
1199	702
1199	712
1200	712
1200	713
1201	713
1201	732
1202	732
1202	733
1203	733
1203	734
1204	734
1204	735
1203	735
1203	738
1204	738
1204	742
1205	742
1205	752
1206	752
1206	755
1207	755
1207	759
1208	759
1208	766
1209	766
1209	765
1210	765
1210	769
1211	769
1211	770
1212	770
1212	775
1213	775
1213	776
1214	776
1214	783
1215	783
1215	784
1217	784
1217	787
1218	787
1218	788
1217	788
1217	789
1219	789
1219	790
1220	790
1220	804
1218	804
1218	803
1217	803
1217	804
1212	804
1212	805
1211	805
1211	817
1212	817
1212	821
1213	821
1213	822
1214	822
1214	828
1217	828
1217	829
1218	829
1218	830
1219	830
1219	834
1220	834
1220	837
1221	837
1221	838
1220	838
1220	839
1221	839
1221	840
1222	840
1222	841
1223	841
1223	847
1225	847
1225	850
1226	850
1226	853
1227	853
1227	859
1228	859
1228	860
1229	860
1229	862
1230	862
1230	865
1231	865
1231	866
1232	866
1232	872
1233	872
1233	878
1234	878
1234	879
1236	879
1236	880
1237	880
1237	886
1239	886
1239	890
1240	890
1240	893
1242	893
1242	894
1243	894
1243	895
1244	895
1244	897
1245	897
1245	902
1246	902
1246	904
1248	904
1248	910
1249	910
1249	918
1248	918
1248	921
1242	921
1242	920
1241	920
1241	919
1237	919
1237	918
1225	918
1225	919
1224	919
1224	923
1225	923
1225	924
1224	924
1224	927
1225	927
1225	930
1226	930
1226	933
1227	933
1227	935
1228	935
1228	937
1229	937
1229	939
1230	939
1230	940
1231	940
1231	941
1232	941
1232	943
1233	943
1233	948
1234	948
1234	949
1235	949
1235	950
1236	950
1236	951
1237	951
1237	955
1238	955
1238	959
1239	959
1239	966
1240	966
1240	967
1241	967
1241	968
1242	968
1242	970
1243	970
1243	972
1244	972
1244	979
1245	979
1245	983
1246	983
1246	986
1247	986
1247	989
1248	989
1248	992
1250	992
1250	999
1251	999
1251	1000
1250	1000
1250	1001
1251	1001
1251	1005
1252	1005
1252	1018
1253	1018
1253	1019
1255	1019
1255	1020
1256	1020
1256	1021
1255	1021
1255	1022
1256	1022
1256	1030
1257	1030
1257	1033
1258	1033
1258	1034
1263	1034
1263	1035
1264	1035
1264	1047
1237	1047
1237	1048
1233	1048
1233	1049
1234	1049
1234	1058
1235	1058
1235	1061
1236	1061
1236	1062
1239	1062
1239	1067
1240	1067
1240	1068
1243	1068
1243	1072
1244	1072
1244	1074
1245	1074
1245	1075
1246	1075
1246	1081
1247	1081
1247	1082
1248	1082
1248	1084
1249	1084
1249	1085
1250	1085
1250	1086
1251	1086
1251	1087
1252	1087
1252	1100
1255	1100
1255	1104
1256	1104
1256	1109
1257	1109
1257	1110
1258	1110
1258	1118
1259	1118
1259	1119
1261	1119
1261	1124
1262	1124
1262	1125
1263	1125
1263	1127
1264	1127
1264	1128
1265	1128
1265	1139
1264	1139
1264	1152
1265	1152
1265	1153
1269	1153
1269	1155
1271	1155
1271	1157
1272	1157
1272	1158
1273	1158
1273	1167
1261	1167
1261	1166
1241	1166
1241	1178
1242	1178
1242	1180
1243	1180
1243	1183
1244	1183
1244	1184
1246	1184
1246	1188
1248	1188
1248	1189
1249	1189
1249	1192
1250	1192
1250	1194
1251	1194
1251	1195
1252	1195
1252	1200
1253	1200
1253	1201
1254	1201
1254	1202
1255	1202
1255	1205
1256	1205
1256	1207
1255	1207
1255	1208
1256	1208
1256	1214
1257	1214
1257	1220
1258	1220
1258	1225
1259	1225
1259	1227
1260	1227
1260	1229
1261	1229
1261	1232
1262	1232
1262	1236
1263	1236
1263	1239
1264	1239
1264	1246
1265	1246
1265	1247
1268	1247
1268	1253
1269	1253
1269	1255
1270	1255
1270	1264
1269	1264
1269	1267
1270	1267
1270	1268
1269	1268
1269	1270
1268	1270
1268	1271
1266	1271
1266	1269
1265	1269
1265	1268
1259	1268
1259	1267
1233	1267
1233	1277
1234	1277
1234	1278
1236	1278
1236	1280
1237	1280
1237	1282
1238	1282
1238	1283
1239	1283
1239	1285
1240	1285
1240	1286
1241	1286
1241	1289
1242	1289
1242	1290
1243	1290
1243	1291
1244	1291
1244	1292
1245	1292
1245	1293
1246	1293
1246	1295
1247	1295
1247	1300
1248	1300
1248	1302
1249	1302
1249	1303
1250	1303
1250	1305
1251	1305
1251	1310
1252	1310
1252	1311
1251	1311
1251	1312
1252	1312
1252	1321
1253	1321
1253	1322
1254	1322
1254	1323
1255	1323
1255	1326
1256	1326
1256	1329
1258	1329
1258	1336
1257	1336
1257	1337
1258	1337
1258	1340
1259	1340
1259	1341
1260	1341
1260	1344
1259	1344
1259	1345
1260	1345
1260	1350
1259	1350
1259	1351
1258	1351
1258	1361
1257	1361
1257	1363
1254	1363
1254	1361
1253	1361
1253	1360
1248	1360
1248	1357
1241	1357
1241	1355
1240	1355
1240	1354
1226	1354
1226	1355
1220	1355
1220	1362
1221	1362
1221	1363
1220	1363
1220	1364
1221	1364
1221	1365
1225	1365
1225	1366
1226	1366
1226	1371
1227	1371
1227	1372
1231	1372
1231	1375
1232	1375
1232	1376
1233	1376
1233	1378
1235	1378
1235	1379
1236	1379
1236	1381
1237	1381
1237	1386
1238	1386
1238	1387
1239	1387
1239	1396
1240	1396
1240	1397
1241	1397
1241	1399
1242	1399
1242	1405
1243	1405
1243	1409
1244	1409
1244	1412
1245	1412
1245	1414
1246	1414
1246	1422
1247	1422
1247	1425
1248	1425
1248	1426
1249	1426
1249	1427
1250	1427
1250	1436
1251	1436
1251	1442
1252	1442
1252	1451
1251	1451
1251	1454
1249	1454
1249	1456
1248	1456
1248	1457
1247	1457
1247	1456
1245	1456
1245	1455
1243	1455
1243	1454
1242	1454
1242	1453
1240	1453
1240	1452
1236	1452
1236	1451
1234	1451
1234	1450
1228	1450
1228	1449
1213	1449
1213	1454
1212	1454
1212	1456
1213	1456
1213	1458
1212	1458
1212	1459
1213	1459
1213	1460
1214	1460
1214	1466
1218	1466
1218	1467
1219	1467
1219	1468
1220	1468
1220	1472
1222	1472
1222	1473
1223	1473
1223	1476
1224	1476
1224	1477
1225	1477
1225	1484
1226	1484
1226	1488
1227	1488
1227	1501
1229	1501
1229	1502
1230	1502
1230	1504
1229	1504
1229	1505
1230	1505
1230	1513
1231	1513
1231	1516
1232	1516
1232	1517
1233	1517
1233	1530
1234	1530
1234	1531
1235	1531
1235	1536
1236	1536
1236	1546
1235	1546
1235	1553
1234	1553
1234	1554
1233	1554
1233	1559
1228	1559
1228	1557
1225	1557
1225	1556
1223	1556
1223	1555
1222	1555
1222	1553
1215	1553
1215	1551
1198	1551
1198	1550
1197	1550
1197	1551
1195	1551
