1447	1213
1450	1213
1450	1220
1453	1220
1453	1221
1455	1221
1455	1241
1454	1241
1454	1248
1452	1248
1452	1249
1451	1249
1451	1254
1442	1254
1442	1255
1438	1255
1438	1256
1436	1256
1436	1257
1435	1257
1435	1259
1434	1259
1434	1260
1431	1260
1431	1261
1428	1261
1428	1262
1426	1262
1426	1263
1421	1263
1421	1264
1417	1264
1417	1265
1416	1265
1416	1266
1399	1266
1399	1267
1398	1267
1398	1279
1405	1279
1405	1281
1406	1281
1406	1282
1407	1282
1407	1283
1408	1283
1408	1282
1412	1282
1412	1284
1413	1284
1413	1287
1416	1287
1416	1288
1417	1288
1417	1295
1418	1295
1418	1296
1420	1296
1420	1301
1425	1301
1425	1302
1426	1302
1426	1304
1427	1304
1427	1305
1426	1305
1426	1308
1427	1308
1427	1309
1429	1309
1429	1310
1430	1310
1430	1312
1431	1312
1431	1314
1430	1314
1430	1316
1431	1316
1431	1317
1432	1317
1432	1318
1433	1318
1433	1319
1434	1319
1434	1320
1435	1320
1435	1324
1436	1324
1436	1325
1437	1325
1437	1331
1439	1331
1439	1338
1440	1338
1440	1339
1441	1339
1441	1342
1442	1342
1442	1347
1443	1347
1443	1354
1447	1354
1447	1381
1446	1381
1446	1388
1445	1388
1445	1389
1442	1389
1442	1391
1441	1391
1441	1392
1438	1392
1438	1391
1421	1391
1421	1392
1415	1392
1415	1393
1414	1393
1414	1394
1413	1394
1413	1395
1414	1395
1414	1399
1413	1399
1413	1400
1414	1400
1414	1401
1413	1401
1413	1402
1414	1402
1414	1405
1416	1405
1416	1406
1417	1406
1417	1408
1418	1408
1418	1412
1419	1412
1419	1414
1420	1414
1420	1418
1421	1418
1421	1420
1427	1420
1427	1426
1428	1426
1428	1427
1429	1427
1429	1428
1431	1428
1431	1431
1433	1431
1433	1434
1434	1434
1434	1435
1435	1435
1435	1441
1436	1441
1436	1442
1438	1442
1438	1443
1439	1443
1439	1445
1440	1445
1440	1449
1441	1449
1441	1451
1442	1451
1442	1456
1443	1456
1443	1457
1444	1457
1444	1459
1445	1459
1445	1463
1446	1463
1446	1464
1447	1464
1447	1471
1448	1471
1448	1472
1449	1472
1449	1479
1450	1479
1450	1480
1449	1480
1449	1482
1448	1482
1448	1485
1447	1485
1447	1488
1441	1488
1441	1489
1432	1489
1432	1490
1431	1490
1431	1491
1430	1491
1430	1492
1428	1492
1428	1493
1427	1493
1427	1495
1425	1495
1425	1497
1424	1497
1424	1498
1423	1498
1423	1499
1421	1499
1421	1500
1420	1500
1420	1501
1419	1501
1419	1504
1418	1504
1418	1505
1409	1505
1409	1522
1411	1522
1411	1524
1412	1524
1412	1525
1413	1525
1413	1528
1412	1528
1412	1529
1413	1529
1413	1531
1414	1531
1414	1530
1415	1530
1415	1531
1420	1531
1420	1537
1421	1537
1421	1538
1423	1538
1423	1539
1424	1539
1424	1541
1425	1541
1425	1545
1427	1545
1427	1550
1428	1550
1428	1553
1432	1553
1432	1556
1433	1556
1433	1558
1434	1558
1434	1566
1435	1566
1435	1568
1436	1568
1436	1570
1437	1570
1437	1575
1439	1575
1439	1581
1440	1581
1440	1582
1441	1582
1441	1583
1442	1583
1442	1584
1443	1584
1443	1588
1442	1588
1442	1589
1443	1589
1443	1590
1445	1590
1445	1595
1443	1595
1443	1602
1442	1602
1442	1603
1443	1603
1443	1606
1442	1606
1442	1612
1441	1612
1441	1618
1435	1618
1435	1620
1433	1620
1433	1621
1426	1621
1426	1622
1424	1622
1424	1623
1420	1623
1420	1625
1413	1625
1413	1626
1409	1626
1409	1627
1408	1627
1408	1632
1398	1632
1398	1648
1399	1648
1399	1649
1402	1649
1402	1652
1403	1652
1403	1653
1404	1653
1404	1654
1405	1654
1405	1656
1406	1656
1406	1659
1407	1659
1407	1660
1408	1660
1408	1662
1409	1662
1409	1664
1412	1664
1412	1666
1413	1666
1413	1671
1416	1671
1416	1678
1417	1678
1417	1679
1420	1679
1420	1693
1422	1693
1422	1694
1423	1694
1423	1695
1424	1695
1424	1700
1425	1700
1425	1703
1424	1703
1424	1704
1425	1704
1425	1705
1424	1705
1424	1706
1425	1706
1425	1709
1426	1709
1426	1710
1427	1710
1427	1734
1426	1734
1426	1735
1425	1735
1425	1739
1424	1739
1424	1743
1421	1743
1421	1744
1420	1744
1420	1748
1419	1748
1419	1749
1417	1749
1417	1750
1416	1750
1416	1749
1399	1749
1399	1750
1396	1750
1396	1751
1389	1751
1389	1752
1383	1752
1383	1753
1378	1753
1378	1754
1376	1754
1376	1767
1378	1767
1378	1770
1379	1770
1379	1772
1380	1772
1380	1773
1381	1773
1381	1775
1383	1775
1383	1781
1384	1781
1384	1783
1385	1783
1385	1789
1387	1789
1387	1790
1388	1790
1388	1794
1389	1794
1389	1797
1390	1797
1390	1799
1391	1799
1391	1800
1390	1800
1390	1816
1391	1816
1391	1847
1390	1847
1390	1848
1389	1848
1389	1852
1390	1852
1390	1854
1389	1854
1389	1857
1388	1857
1388	1858
1387	1858
1387	1859
1386	1859
1386	1860
1385	1860
1385	1862
1384	1862
1384	1863
1383	1863
1383	1865
1380	1865
1380	1866
1376	1866
1376	1867
1375	1867
1375	1866
1371	1866
1371	1863
1370	1863
1370	1862
1369	1862
1369	1861
1350	1861
1350	1860
1337	1860
1337	1861
1336	1861
1336	1878
1337	1878
1337	1880
1338	1880
1338	1881
1339	1881
1339	1885
1340	1885
1340	1886
1341	1886
1341	1895
1342	1895
1342	1896
1343	1896
1343	1908
1344	1908
1344	1913
1343	1913
1343	1914
1342	1914
1342	1918
1341	1918
1341	1927
1340	1927
1340	1928
1341	1928
1341	1930
1340	1930
1340	1936
1339	1936
1339	1949
1338	1949
1338	1951
1337	1951
1337	1958
1336	1958
1336	1965
1335	1965
1335	1966
1334	1966
1334	1967
1333	1967
1333	1968
1334	1968
1334	1969
1333	1969
1333	1970
1334	1970
1334	1972
1332	1972
1332	1979
1331	1979
1331	1980
1330	1980
1330	1982
1329	1982
1329	1987
1328	1987
1328	1989
1327	1989
1327	1992
1326	1992
1326	1994
1325	1994
1325	1995
1324	1995
1324	2001
1323	2001
1323	2002
1322	2002
1322	2003
1321	2003
1321	2007
1319	2007
1319	2008
1318	2008
1318	2009
1315	2009
1315	2010
1312	2010
1312	2009
1311	2009
1311	2010
1309	2010
1309	2013
1300	2013
1300	2014
1299	2014
1299	2015
1298	2015
1298	2017
1295	2017
1295	2023
1294	2023
1294	2025
1293	2025
1293	2026
1292	2026
1292	2029
1291	2029
1291	2031
1288	2031
1288	2032
1287	2032
1287	2039
1284	2039
1284	2038
1283	2038
1283	2039
1282	2039
1282	2040
1283	2040
1283	2041
1282	2041
1282	2040
1281	2040
1281	2041
1280	2041
1280	2039
1277	2039
1277	2038
1276	2038
1276	2037
1275	2037
1275	2036
1274	2036
1274	2032
1270	2032
1270	2025
1269	2025
1269	2024
1266	2024
1266	2022
1265	2022
1265	2019
1263	2019
1263	2011
1262	2011
1262	2010
1261	2010
1261	2009
1251	2009
1251	2007
1250	2007
1250	2006
1249	2006
1249	2005
1248	2005
1248	2004
1247	2004
1247	2003
1246	2003
1246	2002
1245	2002
1245	1996
1244	1996
1244	1994
1241	1994
1241	1989
1240	1989
1240	1988
1239	1988
1239	1987
1238	1987
1238	1985
1237	1985
1237	1980
1235	1980
1235	1978
1234	1978
1234	1975
1233	1975
1233	1974
1232	1974
1232	1970
1231	1970
1231	1968
1230	1968
1230	1965
1229	1965
1229	1964
1228	1964
1228	1963
1227	1963
1227	1962
1226	1962
1226	1961
1227	1961
1227	1960
1226	1960
1226	1957
1224	1957
1224	1955
1223	1955
1223	1952
1222	1952
1222	1950
1220	1950
1220	1947
1219	1947
1219	1946
1220	1946
1220	1944
1219	1944
1219	1939
1218	1939
1218	1935
1217	1935
1217	1933
1216	1933
1216	1926
1202	1926
1202	1928
1199	1928
1199	1929
1196	1929
1196	1930
1194	1930
1194	1931
1193	1931
1193	1932
1190	1932
1190	1933
1189	1933
1189	1934
1188	1934
1188	1935
1186	1935
1186	1936
1184	1936
1184	1935
1183	1935
1183	1936
1182	1936
1182	1935
1179	1935
1179	1934
1178	1934
1178	1933
1176	1933
1176	1931
1175	1931
1175	1930
1174	1930
1174	1929
1173	1929
1173	1928
1171	1928
1171	1924
1170	1924
1170	1923
1171	1923
1171	1922
1170	1922
1170	1920
1169	1920
1169	1916
1168	1916
1168	1914
1167	1914
1167	1910
1166	1910
1166	1909
1165	1909
1165	1907
1163	1907
1163	1899
1162	1899
1162	1898
1161	1898
1161	1896
1160	1896
1160	1891
1159	1891
1159	1890
1158	1890
1158	1889
1157	1889
1157	1887
1156	1887
1156	1877
1155	1877
1155	1876
1154	1876
1154	1872
1153	1872
1153	1869
1152	1869
1152	1867
1151	1867
1151	1861
1150	1861
1150	1860
1149	1860
1149	1850
1148	1850
1148	1838
1149	1838
1149	1837
1148	1837
1148	1832
1146	1832
1146	1815
1136	1815
1136	1814
1122	1814
1122	1815
1113	1815
1113	1816
1109	1816
1109	1817
1103	1817
1103	1819
1101	1819
1101	1820
1098	1820
1098	1821
1094	1821
1094	1820
1093	1820
1093	1819
1092	1819
1092	1818
1091	1818
1091	1817
1090	1817
1090	1816
1089	1816
1089	1815
1088	1815
1088	1814
1087	1814
1087	1812
1086	1812
1086	1811
1085	1811
1085	1810
1086	1810
1086	1809
1084	1809
1084	1808
1083	1808
1083	1806
1082	1806
1082	1803
1081	1803
1081	1802
1080	1802
1080	1801
1079	1801
1079	1799
1078	1799
1078	1792
1077	1792
1077	1786
1076	1786
1076	1785
1075	1785
1075	1750
1074	1750
1074	1749
1075	1749
1075	1729
1076	1729
1076	1723
1077	1723
1077	1722
1078	1722
1078	1710
1079	1710
1079	1708
1082	1708
1082	1688
1080	1688
1080	1687
1078	1687
1078	1688
1067	1688
1067	1689
1065	1689
1065	1690
1051	1690
1051	1691
1046	1691
1046	1692
1034	1692
1034	1693
1031	1693
1031	1692
1030	1692
1030	1691
1023	1691
1023	1688
1021	1688
1021	1686
1020	1686
1020	1684
1019	1684
1019	1682
1018	1682
1018	1680
1017	1680
1017	1677
1016	1677
1016	1675
1015	1675
1015	1672
1016	1672
1016	1671
1015	1671
1015	1669
1013	1669
1013	1666
1012	1666
1012	1665
1013	1665
1013	1656
1015	1656
1015	1634
1016	1634
1016	1620
1018	1620
1018	1617
1019	1617
1019	1612
1020	1612
1020	1605
1022	1605
1022	1604
1023	1604
1023	1581
1003	1581
1003	1582
1002	1582
1002	1583
1000	1583
1000	1582
986	1582
986	1583
983	1583
983	1584
980	1584
980	1583
979	1583
979	1582
978	1582
978	1581
977	1581
977	1579
976	1579
976	1578
975	1578
975	1575
974	1575
974	1572
973	1572
973	1569
972	1569
972	1568
973	1568
973	1567
972	1567
972	1566
971	1566
971	1559
969	1559
969	1548
968	1548
968	1531
970	1531
970	1530
971	1530
971	1514
972	1514
972	1504
971	1504
971	1495
972	1495
972	1487
973	1487
973	1486
974	1486
974	1479
975	1479
975	1478
976	1478
976	1471
978	1471
978	1464
979	1464
979	1459
980	1459
980	1456
981	1456
981	1455
982	1455
982	1449
986	1449
986	1433
926	1433
926	1432
925	1432
925	1431
924	1431
924	1430
923	1430
923	1427
922	1427
922	1425
921	1425
921	1423
920	1423
920	1419
919	1419
919	1416
918	1416
918	1414
917	1414
917	1412
918	1412
918	1411
917	1411
917	1410
916	1410
916	1396
915	1396
915	1385
916	1385
916	1377
917	1377
917	1375
918	1375
918	1366
919	1366
919	1365
920	1365
920	1363
921	1363
921	1360
922	1360
922	1358
923	1358
923	1357
922	1357
922	1356
923	1356
923	1353
924	1353
924	1348
925	1348
925	1347
926	1347
926	1345
927	1345
927	1339
929	1339
929	1338
930	1338
930	1331
934	1331
934	1324
937	1324
937	1318
938	1318
938	1316
941	1316
941	1314
942	1314
942	1313
941	1313
941	1311
942	1311
942	1309
948	1309
948	1308
949	1308
949	1297
931	1297
931	1296
923	1296
923	1295
922	1295
922	1294
921	1294
921	1295
920	1295
920	1294
919	1294
919	1295
917	1295
917	1294
916	1294
916	1293
895	1293
895	1291
894	1291
894	1292
893	1292
893	1291
892	1291
892	1289
891	1289
891	1288
890	1288
890	1284
889	1284
889	1283
888	1283
888	1280
887	1280
887	1277
885	1277
885	1270
886	1270
886	1264
887	1264
887	1257
888	1257
888	1258
889	1258
889	1257
890	1257
890	1250
892	1250
892	1247
893	1247
893	1245
892	1245
892	1244
893	1244
893	1242
894	1242
894	1238
895	1238
895	1237
894	1237
894	1236
895	1236
895	1237
896	1237
896	1236
897	1236
897	1235
898	1235
898	1228
900	1228
900	1223
901	1223
901	1220
904	1220
904	1217
905	1217
905	1212
906	1212
906	1210
907	1210
907	1208
908	1208
908	1207
909	1207
909	1206
912	1206
912	1200
913	1200
913	1199
914	1199
914	1198
915	1198
915	1197
916	1197
916	1193
915	1193
915	1192
916	1192
916	1191
919	1191
919	1190
921	1190
921	1186
922	1186
922	1184
923	1184
923	1183
926	1183
926	1182
927	1182
927	1165
893	1165
893	1164
892	1164
892	1165
891	1165
891	1164
890	1164
890	1160
888	1160
888	1158
887	1158
887	1152
886	1152
886	1146
885	1146
885	1136
886	1136
886	1134
885	1134
885	1133
886	1133
886	1132
889	1132
889	1131
890	1131
890	1119
891	1119
891	1118
892	1118
892	1116
893	1116
893	1113
894	1113
894	1110
896	1110
896	1109
897	1109
897	1102
900	1102
900	1100
901	1100
901	1099
900	1099
900	1095
903	1095
903	1094
904	1094
904	1093
905	1093
905	1087
907	1087
907	1086
908	1086
908	1080
912	1080
912	1073
914	1073
914	1072
915	1072
915	1066
916	1066
916	1065
919	1065
919	1064
920	1064
920	1058
922	1058
922	1057
923	1057
923	1051
926	1051
926	1050
927	1050
927	1045
928	1045
928	1044
929	1044
929	1043
934	1043
934	1029
924	1029
924	1028
919	1028
919	1027
918	1027
918	1026
917	1026
917	1027
893	1027
893	1028
890	1028
890	1026
884	1026
884	1023
883	1023
883	1020
882	1020
882	1013
883	1013
883	1006
884	1006
884	999
886	999
886	995
887	995
887	991
888	991
888	992
889	992
889	991
890	991
890	984
893	984
893	979
894	979
894	978
895	978
895	977
896	977
896	976
898	976
898	972
899	972
899	970
900	970
900	969
901	969
901	968
902	968
902	966
903	966
903	963
904	963
904	962
906	962
906	961
908	961
908	960
909	960
909	958
911	958
911	957
912	957
912	954
914	954
914	955
915	955
915	949
916	949
916	947
919	947
919	946
920	946
920	940
923	940
923	939
924	939
924	933
926	933
926	932
929	932
929	927
930	927
930	925
934	925
934	924
935	924
935	917
939	917
939	904
938	904
938	905
936	905
936	904
931	904
931	903
930	903
930	902
926	902
926	901
922	901
922	900
921	900
921	901
920	901
920	900
918	900
918	901
917	901
917	900
915	900
915	897
912	897
912	894
906	894
906	893
898	893
898	888
897	888
897	884
898	884
898	880
900	880
900	877
901	877
901	873
904	873
904	872
905	872
905	869
906	869
906	867
907	867
907	866
911	866
911	865
912	865
912	859
913	859
913	858
919	858
919	850
921	850
921	849
923	849
923	848
924	848
924	847
925	847
925	846
927	846
927	844
928	844
928	843
931	843
931	842
932	842
932	841
933	841
933	840
934	840
934	837
935	837
935	836
942	836
942	829
943	829
943	828
944	828
944	829
945	829
945	828
949	828
949	823
950	823
950	822
951	822
951	821
956	821
956	815
957	815
957	814
960	814
960	813
961	813
961	807
964	807
964	806
966	806
966	800
968	800
968	799
971	799
971	794
972	794
972	793
971	793
971	792
972	792
972	791
971	791
971	790
972	790
972	788
971	788
971	786
956	786
956	787
955	787
955	788
950	788
950	787
949	787
949	773
950	773
950	770
951	770
951	768
952	768
952	763
955	763
955	762
957	762
957	755
961	755
961	749
962	749
962	748
966	748
966	747
968	747
968	744
970	744
970	743
971	743
971	740
973	740
973	739
974	739
974	735
975	735
975	727
979	727
979	726
980	726
980	725
985	725
985	724
986	724
986	718
988	718
988	716
989	716
989	714
988	714
988	713
989	713
989	710
993	710
993	702
994	702
994	698
995	698
995	696
997	696
997	695
998	695
998	689
1000	689
1000	688
1001	688
1001	682
1002	682
1002	680
1003	680
1003	672
1004	672
1004	670
1005	670
1005	666
1007	666
1007	665
1008	665
1008	657
1009	657
1009	654
1010	654
1010	651
1012	651
1012	650
1013	650
1013	644
1015	644
1015	637
1016	637
1016	636
1018	636
1018	629
1019	629
1019	625
1020	625
1020	622
1022	622
1022	621
1023	621
1023	606
1022	606
1022	605
1018	605
1018	606
1017	606
1017	605
1011	605
1011	609
1010	609
1010	611
1008	611
1008	613
1006	613
1006	619
1004	619
1004	620
1003	620
1003	623
1002	623
1002	624
1001	624
1001	627
999	627
999	632
998	632
998	634
997	634
997	635
996	635
996	636
995	636
995	641
994	641
994	642
992	642
992	648
991	648
991	649
990	649
990	650
989	650
989	654
988	654
988	657
985	657
985	658
984	658
984	663
983	663
983	665
982	665
982	669
981	669
981	670
980	670
980	671
979	671
979	672
977	672
977	673
976	673
976	674
977	674
977	675
976	675
976	676
977	676
977	678
973	678
973	679
970	679
970	680
969	680
969	681
966	681
966	682
965	682
965	681
964	681
964	673
963	673
963	672
960	672
960	671
958	671
958	670
957	670
957	669
956	669
956	668
954	668
954	665
953	665
953	664
951	664
951	663
950	663
950	662
949	662
949	661
938	661
938	665
937	665
937	680
936	680
936	682
935	682
935	686
933	686
933	693
932	693
932	694
931	694
931	701
930	701
930	702
929	702
929	704
928	704
928	708
927	708
927	709
926	709
926	710
925	710
925	715
924	715
924	723
922	723
922	730
921	730
921	731
920	731
920	732
919	732
919	738
918	738
918	740
917	740
917	743
916	743
916	746
915	746
915	750
914	750
914	752
913	752
913	753
911	753
911	754
910	754
910	756
911	756
911	757
910	757
910	761
908	761
908	767
904	767
904	768
903	768
903	772
902	772
902	774
901	774
901	776
900	776
900	777
899	777
899	779
898	779
898	781
897	781
897	782
894	782
894	784
893	784
893	785
891	785
891	786
890	786
890	789
886	789
886	790
885	790
885	789
884	789
884	788
883	788
883	786
882	786
882	783
880	783
880	782
879	782
879	780
878	780
878	779
876	779
876	778
875	778
875	776
874	776
874	775
871	775
871	774
870	774
870	773
869	773
869	771
868	771
868	769
867	769
867	768
864	768
864	767
863	767
863	766
855	766
855	765
854	765
854	766
851	766
851	780
850	780
850	783
849	783
849	789
848	789
848	790
847	790
847	799
846	799
846	804
845	804
845	805
844	805
844	814
843	814
843	816
844	816
844	817
842	817
842	820
841	820
841	825
840	825
840	831
839	831
839	833
838	833
838	834
837	834
837	835
836	835
836	842
835	842
835	849
833	849
833	854
832	854
832	856
831	856
831	857
829	857
829	862
828	862
828	864
827	864
827	865
826	865
826	867
825	867
825	869
824	869
824	870
823	870
823	871
822	871
822	872
821	872
821	874
820	874
820	875
819	875
819	876
818	876
818	877
817	877
817	878
813	878
813	879
812	879
812	881
810	881
810	883
809	883
809	885
797	885
797	883
796	883
796	879
794	879
794	878
793	878
793	877
791	877
791	876
792	876
792	874
791	874
791	875
787	875
787	872
786	872
786	871
783	871
783	870
781	870
781	868
780	868
780	867
779	867
779	864
776	864
776	862
763	862
763	863
762	863
762	876
761	876
761	879
760	879
760	880
759	880
759	888
758	888
758	889
757	889
757	892
756	892
756	893
755	893
755	898
754	898
754	899
753	899
753	901
752	901
752	904
751	904
751	907
750	907
750	908
748	908
748	909
747	909
747	916
746	916
746	918
745	918
745	919
744	919
744	921
743	921
743	923
741	923
741	924
740	924
740	925
741	925
741	926
740	926
740	928
739	928
739	931
738	931
738	935
737	935
737	936
736	936
736	937
735	937
735	938
734	938
734	939
733	939
733	944
732	944
732	945
731	945
731	946
730	946
730	948
729	948
729	951
728	951
728	952
727	952
727	953
725	953
725	954
724	954
724	956
723	956
723	958
722	958
722	960
719	960
719	962
718	962
718	965
715	965
715	966
714	966
714	967
712	967
712	968
711	968
711	970
710	970
710	971
705	971
705	972
704	972
704	973
703	973
703	974
700	974
700	975
699	975
699	974
698	974
698	973
697	973
697	971
696	971
696	969
695	969
695	968
694	968
694	967
693	967
693	966
692	966
692	965
691	965
691	964
690	964
690	963
691	963
691	962
690	962
690	961
687	961
687	960
685	960
685	958
683	958
683	953
680	953
680	952
679	952
679	950
677	950
677	949
676	949
676	945
664	945
664	954
663	954
663	957
662	957
662	960
660	960
660	961
659	961
659	970
658	970
658	972
657	972
657	974
656	974
656	976
655	976
655	979
654	979
654	981
653	981
653	982
650	982
650	983
649	983
649	989
648	989
648	990
644	990
644	993
645	993
645	995
644	995
644	997
643	997
643	1000
642	1000
642	1003
640	1003
640	1004
637	1004
637	1011
636	1011
636	1012
634	1012
634	1016
633	1016
633	1018
632	1018
632	1019
630	1019
630	1020
629	1020
629	1026
626	1026
626	1027
625	1027
625	1030
624	1030
624	1031
623	1031
623	1032
622	1032
622	1033
621	1033
621	1034
620	1034
620	1035
619	1035
619	1036
618	1036
618	1038
617	1038
617	1039
616	1039
616	1040
615	1040
615	1042
613	1042
613	1043
612	1043
612	1044
609	1044
609	1045
607	1045
607	1046
606	1046
606	1047
604	1047
604	1048
603	1048
603	1049
601	1049
601	1050
595	1050
595	1047
594	1047
594	1046
593	1046
593	1044
591	1044
591	1042
590	1042
590	1041
588	1041
588	1040
587	1040
587	1038
586	1038
586	1037
584	1037
584	1035
583	1035
583	1034
582	1034
582	1033
580	1033
580	1030
579	1030
579	1027
576	1027
576	1026
573	1026
573	1025
572	1025
572	1024
560	1024
560	1029
559	1029
559	1034
556	1034
556	1040
555	1040
555	1041
554	1041
554	1043
553	1043
553	1047
551	1047
551	1048
550	1048
550	1049
548	1049
548	1054
547	1054
547	1056
546	1056
546	1057
545	1057
545	1058
544	1058
544	1061
543	1061
543	1062
542	1062
542	1063
540	1063
540	1065
539	1065
539	1067
537	1067
537	1070
536	1070
536	1071
534	1071
534	1074
531	1074
531	1077
530	1077
530	1078
527	1078
527	1079
526	1079
526	1083
525	1083
525	1084
524	1084
524	1085
523	1085
523	1086
519	1086
519	1091
518	1091
518	1092
517	1092
517	1093
516	1093
516	1096
514	1096
514	1097
513	1097
513	1099
512	1099
512	1100
511	1100
511	1101
510	1101
510	1102
508	1102
508	1103
507	1103
507	1106
505	1106
505	1107
504	1107
504	1108
503	1108
503	1109
501	1109
501	1111
497	1111
497	1112
496	1112
496	1114
495	1114
495	1115
489	1115
489	1117
485	1117
485	1118
483	1118
483	1119
481	1119
481	1118
480	1118
480	1117
479	1117
479	1116
478	1116
478	1115
477	1115
477	1114
476	1114
476	1112
474	1112
474	1110
473	1110
473	1108
472	1108
472	1106
471	1106
471	1107
469	1107
469	1103
468	1103
468	1101
465	1101
465	1100
461	1100
461	1094
460	1094
460	1093
459	1093
459	1092
458	1092
458	1091
456	1091
456	1090
445	1090
445	1091
444	1091
444	1092
445	1092
445	1093
444	1093
444	1096
443	1096
443	1100
442	1100
442	1101
441	1101
441	1102
439	1102
439	1104
438	1104
438	1108
437	1108
437	1107
436	1107
436	1108
435	1108
435	1109
434	1109
434	1112
433	1112
433	1113
432	1113
432	1114
431	1114
431	1115
428	1115
428	1120
427	1120
427	1122
425	1122
425	1123
423	1123
423	1125
422	1125
422	1126
421	1126
421	1128
419	1128
419	1130
416	1130
416	1131
415	1131
415	1134
414	1134
414	1136
413	1136
413	1137
408	1137
408	1141
406	1141
406	1143
404	1143
404	1144
403	1144
403	1145
399	1145
399	1146
398	1146
398	1149
397	1149
397	1150
395	1150
395	1152
393	1152
393	1153
392	1153
392	1154
390	1154
390	1155
389	1155
389	1156
388	1156
388	1157
387	1157
387	1158
386	1158
386	1159
384	1159
384	1163
380	1163
380	1164
379	1164
379	1165
377	1165
377	1166
376	1166
376	1167
371	1167
371	1170
369	1170
369	1171
368	1171
368	1172
367	1172
367	1173
366	1173
366	1174
357	1174
357	1175
356	1175
356	1176
353	1176
353	1177
351	1177
351	1175
350	1175
350	1174
347	1174
347	1173
346	1173
346	1170
345	1170
345	1168
344	1168
344	1165
343	1165
343	1160
340	1160
340	1159
339	1159
339	1158
338	1158
338	1155
337	1155
337	1153
336	1153
336	1152
320	1152
320	1153
319	1153
319	1154
318	1154
318	1155
319	1155
319	1156
318	1156
318	1158
316	1158
316	1159
313	1159
313	1160
312	1160
312	1163
309	1163
309	1164
308	1164
308	1165
305	1165
305	1167
304	1167
304	1168
302	1168
302	1169
301	1169
301	1170
299	1170
299	1171
298	1171
298	1170
297	1170
297	1173
296	1173
296	1174
291	1174
291	1175
290	1175
290	1176
289	1176
289	1177
288	1177
288	1178
285	1178
285	1179
284	1179
284	1180
282	1180
282	1181
277	1181
277	1182
275	1182
275	1184
272	1184
272	1185
269	1185
269	1186
267	1186
267	1187
265	1187
265	1188
262	1188
262	1189
253	1189
253	1190
252	1190
252	1191
247	1191
247	1188
246	1188
246	1187
245	1187
245	1186
243	1186
243	1181
241	1181
241	1180
228	1180
228	1181
227	1181
227	1182
223	1182
223	1187
221	1187
221	1188
216	1188
216	1189
209	1189
209	1190
208	1190
208	1191
205	1191
205	1192
201	1192
201	1194
200	1194
200	1195
197	1195
197	1196
192	1196
192	1197
186	1197
186	1198
185	1198
185	1199
181	1199
181	1200
175	1200
175	1201
166	1201
166	1202
162	1202
162	1203
154	1203
154	1204
145	1204
145	1203
136	1203
136	1204
117	1204
117	1203
116	1203
116	1201
114	1201
114	1197
113	1197
113	1196
110	1196
110	1192
111	1192
111	1191
113	1191
113	1190
114	1190
114	1183
115	1183
115	1176
118	1176
118	1169
120	1169
120	1168
121	1168
121	1163
122	1163
122	1161
124	1161
124	1160
125	1160
125	1159
124	1159
124	1154
128	1154
128	1153
129	1153
129	1144
131	1144
131	1143
132	1143
132	1142
133	1142
133	1141
134	1141
134	1140
135	1140
135	1139
136	1139
136	1138
137	1138
137	1136
138	1136
138	1133
140	1133
140	1132
143	1132
143	1130
144	1130
144	1127
145	1127
145	1126
146	1126
146	1125
147	1125
147	1124
151	1124
151	1118
152	1118
152	1117
158	1117
158	1116
159	1116
159	1111
160	1111
160	1112
164	1112
164	1111
165	1111
165	1108
166	1108
166	1107
167	1107
167	1104
173	1104
173	1086
169	1086
169	1084
168	1084
168	1083
167	1083
167	1081
166	1081
166	1079
165	1079
165	1078
157	1078
157	1077
155	1077
155	1075
154	1075
154	1072
155	1072
155	1071
156	1071
156	1067
158	1067
158	1065
159	1065
159	1064
160	1064
160	1062
161	1062
161	1061
162	1061
162	1060
163	1060
163	1059
164	1059
164	1058
167	1058
167	1057
168	1057
168	1054
169	1054
169	1051
171	1051
171	1050
173	1050
173	1045
174	1045
174	1044
175	1044
175	1043
177	1043
177	1042
178	1042
178	1036
182	1036
182	1035
183	1035
183	1034
184	1034
184	1031
183	1031
183	1030
184	1030
184	1028
187	1028
187	1027
188	1027
188	1021
190	1021
190	1020
191	1020
191	1021
194	1021
194	1020
195	1020
195	1014
196	1014
196	1013
198	1013
198	1014
199	1014
199	1011
200	1011
200	1010
202	1010
202	1007
203	1007
203	1005
204	1005
204	1003
206	1003
206	1001
207	1001
207	999
210	999
210	998
212	998
212	997
213	997
213	996
214	996
214	995
217	995
217	994
218	994
218	991
224	991
224	990
225	990
225	984
232	984
232	980
235	980
235	979
236	979
236	980
239	980
239	979
240	979
240	976
246	976
246	975
247	975
247	972
251	972
251	960
249	960
249	959
248	959
248	958
247	958
247	956
246	956
246	955
243	955
243	954
242	954
242	953
241	953
241	952
239	952
239	951
236	951
236	950
235	950
235	949
234	949
234	948
232	948
232	946
231	946
231	945
229	945
229	944
226	944
226	942
224	942
224	941
222	941
222	940
217	940
217	938
214	938
214	934
215	934
215	932
217	932
217	923
218	923
218	918
220	918
220	917
222	917
222	914
223	914
223	911
224	911
224	910
226	910
226	909
227	909
227	908
228	908
228	907
229	907
229	906
230	906
230	905
231	905
231	904
232	904
232	902
235	902
235	900
236	900
236	899
237	899
237	898
238	898
238	897
239	897
239	896
241	896
241	895
247	895
247	891
254	891
254	889
255	889
255	886
261	886
261	885
262	885
262	882
268	882
268	881
269	881
269	878
270	878
270	877
276	877
276	876
277	876
277	873
284	873
284	870
285	870
285	869
290	869
290	868
291	868
291	866
298	866
298	865
299	865
299	863
306	863
306	861
307	861
307	860
313	860
313	859
314	859
314	858
315	858
315	859
317	859
317	858
319	858
319	859
320	859
320	858
328	858
328	856
329	856
329	851
328	851
328	846
327	846
327	845
326	845
326	844
323	844
323	843
321	843
321	841
319	841
319	840
318	840
318	839
317	839
317	838
316	838
316	835
314	835
314	834
311	834
311	833
310	833
310	831
309	831
309	830
308	830
308	829
307	829
307	828
306	828
306	826
305	826
305	825
304	825
304	823
303	823
303	822
302	822
302	821
301	821
301	820
300	820
300	819
299	819
299	818
297	818
297	817
296	817
296	815
295	815
295	813
296	813
296	809
297	809
297	807
300	807
300	806
302	806
302	799
306	799
306	795
312	795
312	794
314	794
314	789
320	789
320	788
321	788
321	785
327	785
327	784
329	784
329	783
328	783
328	782
329	782
329	781
330	781
330	780
331	780
331	779
335	779
335	778
338	778
338	777
343	777
343	775
348	775
348	774
350	774
350	773
351	773
351	772
353	772
353	773
356	773
356	772
364	772
364	771
365	771
365	770
379	770
379	769
380	769
380	766
381	766
381	765
384	765
384	764
394	764
394	763
396	763
396	762
402	762
402	763
403	763
403	762
406	762
406	750
405	750
405	746
403	746
403	745
402	745
402	739
401	739
401	738
399	738
399	737
398	737
398	736
397	736
397	731
394	731
394	727
392	727
392	724
391	724
391	723
386	723
386	718
387	718
387	717
388	717
388	712
390	712
390	711
394	711
394	710
395	710
395	708
396	708
396	707
398	707
398	708
399	708
399	707
400	707
400	708
401	708
401	707
402	707
402	704
403	704
403	703
410	703
410	701
416	701
416	700
417	700
417	699
423	699
423	698
424	698
424	696
439	696
439	693
446	693
446	692
453	692
453	691
461	691
461	690
469	690
469	689
477	689
477	688
478	688
478	689
482	689
482	688
483	688
483	687
484	687
484	685
491	685
491	684
504	684
504	685
515	685
515	684
516	684
516	672
515	672
515	671
514	671
514	670
513	670
513	665
512	665
512	664
510	664
510	663
509	663
509	658
508	658
508	657
505	657
505	656
504	656
504	654
503	654
503	653
502	653
502	652
501	652
501	650
498	650
498	649
496	649
496	648
495	648
495	644
498	644
498	642
499	642
499	639
498	639
498	638
499	638
499	637
506	637
506	634
507	634
507	633
509	633
509	632
512	632
512	631
513	631
513	629
520	629
520	628
521	628
521	626
527	626
527	625
528	625
528	624
535	624
535	622
551	622
551	621
552	621
552	622
555	622
555	621
557	621
557	619
573	619
573	618
579	618
579	619
600	619
600	618
606	618
606	605
605	605
605	603
604	603
604	599
605	599
605	598
603	598
603	597
602	597
602	594
601	594
601	593
602	593
602	591
600	591
600	590
599	590
599	591
598	591
598	590
597	590
597	587
598	587
598	586
599	586
599	585
602	585
602	582
609	582
609	578
616	578
616	577
617	577
617	574
629	574
629	575
630	575
630	574
631	574
631	573
639	573
639	572
653	572
653	570
675	570
675	569
676	569
676	567
690	567
690	566
691	566
691	564
697	564
697	565
712	565
712	566
726	566
726	565
727	565
727	554
724	554
724	553
723	553
723	550
722	550
722	549
720	549
720	546
719	546
719	545
718	545
718	544
716	544
716	539
714	539
714	538
712	538
712	537
710	537
710	536
709	536
709	533
712	533
712	527
713	527
713	526
720	526
720	522
726	522
726	521
728	521
728	520
737	520
737	519
785	519
785	518
793	518
793	517
794	517
794	516
800	516
800	515
816	515
816	513
836	513
836	512
837	512
837	501
836	501
836	499
835	499
835	497
834	497
834	495
833	495
833	494
828	494
828	493
827	493
827	492
826	492
826	490
827	490
827	489
830	489
830	486
831	486
831	478
830	478
830	476
826	476
826	477
825	477
825	476
816	476
816	477
814	477
814	478
805	478
805	477
801	477
801	476
798	476
798	475
794	475
794	469
795	469
795	467
796	467
796	466
797	466
797	463
798	463
798	451
797	451
797	450
785	450
785	451
784	451
784	455
776	455
776	456
774	456
774	457
765	457
765	458
762	458
762	459
761	459
761	458
760	458
760	459
755	459
755	460
753	460
753	461
749	461
749	462
741	462
741	463
739	463
739	464
737	464
737	463
736	463
736	464
733	464
733	465
731	465
731	464
727	464
727	465
718	465
718	467
709	467
709	468
702	468
702	467
699	467
699	466
698	466
698	465
694	465
694	464
692	464
692	463
690	463
690	462
686	462
686	461
684	461
684	459
685	459
685	458
687	458
687	457
686	457
686	455
687	455
687	453
688	453
688	451
689	451
689	447
690	447
690	434
672	434
672	435
645	435
645	434
638	434
638	433
637	433
637	434
635	434
635	433
618	433
618	432
613	432
613	431
612	431
612	430
610	430
610	429
608	429
608	428
607	428
607	427
605	427
605	428
603	428
603	427
601	427
601	426
596	426
596	425
595	425
595	424
594	424
594	422
595	422
595	418
596	418
596	415
597	415
597	398
595	398
595	397
594	397
594	395
562	395
562	394
559	394
559	393
557	393
557	391
544	391
544	389
541	389
541	388
535	388
535	386
530	386
530	385
528	385
528	384
524	384
524	383
520	383
520	382
512	382
512	381
510	381
510	380
507	380
507	379
506	379
506	374
505	374
505	373
500	373
500	372
499	372
499	371
498	371
498	370
499	370
499	369
498	369
498	367
499	367
499	366
501	366
501	364
502	364
502	355
501	355
501	354
488	354
488	353
487	353
487	352
479	352
479	351
474	351
474	350
469	350
469	349
468	349
468	347
462	347
462	346
458	346
458	345
456	345
456	344
453	344
453	343
451	343
451	342
447	342
447	341
446	341
446	340
445	340
445	339
441	339
441	338
440	338
440	337
438	337
438	336
436	336
436	335
435	335
435	334
432	334
432	332
428	332
428	331
425	331
425	330
424	330
424	329
421	329
421	328
417	328
417	325
413	325
413	324
411	324
411	323
409	323
409	322
408	322
408	321
406	321
406	320
404	320
404	319
402	319
402	318
401	318
401	317
399	317
399	315
397	315
397	314
395	314
395	310
394	310
394	309
389	309
389	307
388	307
388	305
387	305
387	304
388	304
388	303
387	303
387	302
382	302
382	300
381	300
381	299
380	299
380	278
381	278
381	276
382	276
382	274
383	274
383	273
384	273
384	271
387	271
387	269
388	269
388	268
390	268
390	267
395	267
395	266
396	266
396	265
397	265
397	264
399	264
399	263
402	263
402	262
409	262
409	260
416	260
416	259
417	259
417	258
418	258
418	257
421	257
421	256
424	256
424	255
425	255
425	254
439	254
439	252
440	252
440	253
451	253
451	252
461	252
461	249
469	249
469	248
475	248
475	249
489	249
489	252
492	252
492	253
493	253
493	252
496	252
496	253
497	253
497	252
498	252
498	253
501	253
501	252
502	252
502	251
503	251
503	237
502	237
502	236
501	236
501	235
499	235
499	232
500	232
500	231
501	231
501	230
523	230
523	231
526	231
526	233
539	233
539	234
540	234
540	236
541	236
541	237
542	237
542	238
556	238
556	239
557	239
557	240
571	240
571	241
578	241
578	242
585	242
585	245
598	245
598	246
601	246
601	247
607	247
607	250
608	250
608	252
615	252
615	254
627	254
627	222
626	222
626	221
624	221
624	218
625	218
625	216
631	216
631	215
638	215
638	214
639	214
639	213
646	213
646	212
652	212
652	213
658	213
658	215
659	215
659	216
662	216
662	215
663	215
663	216
664	216
664	215
665	215
665	216
666	216
666	217
667	217
667	218
673	218
673	219
675	219
675	220
681	220
681	222
682	222
682	223
689	223
689	224
692	224
692	225
696	225
696	227
697	227
697	228
699	228
699	227
700	227
700	228
703	228
703	229
704	229
704	231
710	231
710	233
711	233
711	234
713	234
713	235
714	235
714	234
716	234
716	235
718	235
718	237
719	237
719	238
725	238
725	244
726	244
726	245
733	245
733	251
734	251
734	252
745	252
745	245
746	245
746	224
747	224
747	217
746	217
746	216
748	216
748	215
750	215
750	212
753	212
753	213
754	213
754	212
757	212
757	210
762	210
762	212
763	212
763	215
771	215
771	216
774	216
774	215
776	215
776	216
777	216
777	217
784	217
784	219
785	219
785	223
792	223
792	226
797	226
797	227
799	227
799	229
800	229
800	230
806	230
806	231
807	231
807	235
809	235
809	236
810	236
810	235
813	235
813	236
814	236
814	240
817	240
817	239
818	239
818	240
821	240
821	241
822	241
822	244
823	244
823	245
829	245
829	247
830	247
830	248
836	248
836	252
840	252
840	253
841	253
841	252
843	252
843	255
844	255
844	256
845	256
845	257
850	257
850	258
851	258
851	259
852	259
852	260
853	260
853	261
854	261
854	262
856	262
856	263
857	263
857	264
859	264
859	263
860	263
860	264
867	264
867	263
868	263
868	254
869	254
869	249
868	249
868	246
869	246
869	245
870	245
870	231
871	231
871	230
875	230
875	228
877	228
877	227
879	227
879	228
880	228
880	229
881	229
881	230
888	230
888	231
889	231
889	232
895	232
895	235
896	235
896	237
903	237
903	240
904	240
904	241
905	241
905	240
906	240
906	241
907	241
907	240
909	240
909	241
910	241
910	242
911	242
911	245
917	245
917	248
918	248
918	249
919	249
919	250
923	250
923	252
924	252
924	253
925	253
925	254
924	254
924	255
930	255
930	256
932	256
932	260
933	260
933	261
938	261
938	263
939	263
939	264
940	264
940	268
947	268
947	274
948	274
948	275
955	275
955	276
954	276
954	281
955	281
955	282
961	282
961	283
962	283
962	288
963	288
963	289
967	289
967	290
969	290
969	296
970	296
970	297
977	297
977	299
976	299
976	300
977	300
977	301
980	301
980	302
981	302
981	303
983	303
983	305
984	305
984	311
985	311
985	312
988	312
988	311
989	311
989	312
996	312
996	311
997	311
997	305
998	305
998	288
997	288
997	285
996	285
996	282
1013	282
1013	284
1014	284
1014	286
1015	286
1015	287
1021	287
1021	289
1024	289
1024	290
1025	290
1025	291
1026	291
1026	292
1027	292
1027	293
1028	293
1028	296
1029	296
1029	297
1033	297
1033	299
1034	299
1034	304
1037	304
1037	306
1038	306
1038	310
1039	310
1039	311
1040	311
1040	312
1043	312
1043	318
1044	318
1044	319
1047	319
1047	323
1048	323
1048	326
1053	326
1053	327
1054	327
1054	333
1055	333
1055	337
1056	337
1056	340
1057	340
1057	341
1058	341
1058	342
1059	342
1059	343
1060	343
1060	344
1061	344
1061	348
1062	348
1062	350
1063	350
1063	354
1064	354
1064	357
1065	357
1065	360
1066	360
1066	361
1077	361
1077	356
1078	356
1078	353
1079	353
1079	352
1080	352
1080	349
1081	349
1081	348
1082	348
1082	346
1083	346
1083	344
1084	344
1084	341
1085	341
1085	339
1086	339
1086	338
1087	338
1087	337
1088	337
1088	335
1089	335
1089	333
1090	333
1090	329
1091	329
1091	326
1093	326
1093	320
1094	320
1094	319
1095	319
1095	318
1096	318
1096	317
1097	317
1097	312
1098	312
1098	311
1099	311
1099	306
1101	306
1101	304
1104	304
1104	302
1105	302
1105	292
1106	292
1106	290
1107	290
1107	289
1108	289
1108	288
1109	288
1109	282
1113	282
1113	281
1114	281
1114	277
1115	277
1115	276
1116	276
1116	275
1118	275
1118	274
1119	274
1119	273
1120	273
1120	272
1121	272
1121	271
1124	271
1124	268
1126	268
1126	267
1137	267
1137	268
1139	268
1139	282
1140	282
1140	283
1142	283
1142	284
1153	284
1153	283
1154	283
1154	282
1159	282
1159	280
1160	280
1160	279
1159	279
1159	278
1160	278
1160	277
1159	277
1159	275
1163	275
1163	274
1164	274
1164	267
1170	267
1170	266
1171	266
1171	260
1174	260
1174	259
1175	259
1175	253
1176	253
1176	252
1179	252
1179	248
1180	248
1180	247
1181	247
1181	245
1184	245
1184	244
1185	244
1185	238
1186	238
1186	237
1188	237
1188	236
1189	236
1189	234
1188	234
1188	233
1189	233
1189	231
1190	231
1190	230
1193	230
1193	224
1194	224
1194	223
1200	223
1200	221
1201	221
1201	216
1203	216
1203	215
1204	215
1204	216
1207	216
1207	215
1208	215
1208	208
1215	208
1215	203
1221	203
1221	202
1222	202
1222	201
1235	201
1235	203
1236	203
1236	216
1238	216
1238	229
1239	229
1239	230
1240	230
1240	237
1241	237
1241	238
1259	238
1259	237
1260	237
1260	231
1261	231
1261	230
1267	230
1267	223
1274	223
1274	218
1275	218
1275	217
1281	217
1281	215
1283	215
1283	214
1284	214
1284	213
1285	213
1285	212
1286	212
1286	211
1287	211
1287	210
1288	210
1288	209
1289	209
1289	207
1291	207
1291	206
1293	206
1293	201
1303	201
1303	200
1304	200
1304	197
1306	197
1306	196
1307	196
1307	195
1311	195
1311	193
1313	193
1313	192
1314	192
1314	191
1315	191
1315	190
1316	190
1316	189
1317	189
1317	188
1318	188
1318	187
1319	187
1319	186
1321	186
1321	185
1323	185
1323	186
1325	186
1325	185
1326	185
1326	180
1327	180
1327	179
1333	179
1333	178
1334	178
1334	173
1340	173
1340	172
1341	172
1341	169
1343	169
1343	168
1348	168
1348	166
1361	166
1361	170
1362	170
1362	171
1364	171
1364	173
1363	173
1363	174
1364	174
1364	186
1365	186
1365	187
1366	187
1366	189
1365	189
1365	191
1366	191
1366	193
1368	193
1368	197
1369	197
1369	198
1373	198
1373	197
1376	197
1376	198
1377	198
1377	197
1378	197
1378	198
1379	198
1379	197
1381	197
1381	198
1382	198
1382	197
1383	197
1383	198
1384	198
1384	197
1385	197
1385	191
1388	191
1388	190
1391	190
1391	189
1392	189
1392	188
1393	188
1393	186
1400	186
1400	181
1401	181
1401	180
1402	180
1402	181
1403	181
1403	180
1407	180
1407	178
1408	178
1408	177
1409	177
1409	176
1414	176
1414	175
1415	175
1415	171
1421	171
1421	170
1422	170
1422	167
1426	167
1426	166
1427	166
1427	167
1428	167
1428	166
1429	166
1429	165
1430	165
1430	162
1431	162
1431	161
1434	161
1434	162
1435	162
1435	161
1437	161
1437	157
1438	157
1438	156
1444	156
1444	155
1445	155
1445	151
1446	151
1446	152
1447	152
1447	151
1451	151
1451	149
1454	149
1454	148
1455	148
1455	149
1458	149
1458	148
1459	148
1459	144
1460	144
1460	143
1462	143
1462	144
1463	144
1463	143
1466	143
1466	142
1472	142
1472	141
1481	141
1481	142
1483	142
1483	149
1484	149
1484	156
1485	156
1485	163
1487	163
1487	168
1503	168
1503	166
1504	166
1504	162
1506	162
1506	161
1507	161
1507	162
1509	162
1509	161
1510	161
1510	160
1511	160
1511	156
1518	156
1518	155
1519	155
1519	154
1518	154
1518	151
1525	151
1525	149
1527	149
1527	148
1528	148
1528	147
1529	147
1529	146
1530	146
1530	145
1531	145
1531	144
1532	144
1532	143
1533	143
1533	142
1539	142
1539	141
1540	141
1540	140
1541	140
1541	137
1547	137
1547	136
1548	136
1548	134
1555	134
1555	132
1556	132
1556	131
1562	131
1562	130
1563	130
1563	129
1568	129
1568	128
1570	128
1570	127
1577	127
1577	126
1578	126
1578	124
1583	124
1583	123
1585	123
1585	122
1592	122
1592	120
1593	120
1593	122
1594	122
1594	123
1595	123
1595	126
1596	126
1596	127
1608	127
1608	126
1614	126
1614	122
1615	122
1615	120
1622	120
1622	119
1629	119
1629	116
1630	116
1630	115
1635	115
1635	114
1636	114
1636	113
1637	113
1637	112
1650	112
1650	111
1651	111
1651	108
1652	108
1652	107
1661	107
1661	106
1664	106
1664	107
1672	107
1672	106
1673	106
1673	105
1691	105
1691	106
1692	106
1692	107
1693	107
1693	109
1694	109
1694	110
1693	110
1693	111
1694	111
1694	112
1696	112
1696	119
1698	119
1698	136
1697	136
1697	139
1696	139
1696	140
1694	140
1694	146
1693	146
1693	147
1691	147
1691	150
1690	150
1690	152
1689	152
1689	153
1688	153
1688	154
1686	154
1686	155
1684	155
1684	163
1683	163
1683	165
1681	165
1681	166
1680	166
1680	169
1676	169
1676	177
1672	177
1672	181
1671	181
1671	184
1670	184
1670	185
1668	185
1668	188
1667	188
1667	189
1664	189
1664	191
1662	191
1662	192
1661	192
1661	194
1659	194
1659	196
1657	196
1657	198
1656	198
1656	200
1655	200
1655	201
1652	201
1652	202
1651	202
1651	203
1650	203
1650	204
1649	204
1649	207
1648	207
1648	208
1645	208
1645	211
1644	211
1644	212
1642	212
1642	213
1641	213
1641	214
1640	214
1640	216
1639	216
1639	217
1638	217
1638	219
1637	219
1637	220
1636	220
1636	221
1634	221
1634	222
1633	222
1633	224
1631	224
1631	225
1628	225
1628	226
1627	226
1627	229
1626	229
1626	230
1623	230
1623	231
1621	231
1621	232
1620	232
1620	233
1619	233
1619	234
1617	234
1617	235
1614	235
1614	236
1612	236
1612	237
1611	237
1611	238
1610	238
1610	239
1608	239
1608	240
1607	240
1607	250
1608	250
1608	253
1609	253
1609	254
1611	254
1611	255
1613	255
1613	259
1614	259
1614	260
1615	260
1615	259
1616	259
1616	260
1617	260
1617	261
1616	261
1616	263
1615	263
1615	265
1612	265
1612	266
1611	266
1611	267
1610	267
1610	269
1607	269
1607	270
1606	270
1606	271
1604	271
1604	272
1603	272
1603	275
1600	275
1600	276
1598	276
1598	277
1597	277
1597	279
1596	279
1596	281
1593	281
1593	282
1591	282
1591	284
1589	284
1589	285
1588	285
1588	286
1585	286
1585	287
1583	287
1583	288
1582	288
1582	289
1579	289
1579	290
1578	290
1578	291
1574	291
1574	292
1572	292
1572	293
1568	293
1568	295
1561	295
1561	296
1560	296
1560	297
1559	297
1559	299
1557	299
1557	300
1551	300
1551	301
1547	301
1547	302
1539	302
1539	303
1538	303
1538	305
1530	305
1530	317
1531	317
1531	320
1532	320
1532	322
1533	322
1533	324
1534	324
1534	326
1535	326
1535	327
1538	327
1538	337
1537	337
1537	338
1536	338
1536	339
1532	339
1532	340
1531	340
1531	343
1529	343
1529	344
1528	344
1528	346
1523	346
1523	347
1521	347
1521	348
1520	348
1520	349
1518	349
1518	350
1516	350
1516	352
1514	352
1514	353
1513	353
1513	354
1508	354
1508	355
1505	355
1505	356
1499	356
1499	357
1494	357
1494	358
1492	358
1492	359
1486	359
1486	360
1483	360
1483	361
1474	361
1474	362
1472	362
1472	363
1471	363
1471	364
1458	364
1458	365
1446	365
1446	378
1447	378
1447	379
1448	379
1448	387
1449	387
1449	389
1450	389
1450	393
1449	393
1449	394
1446	394
1446	395
1444	395
1444	396
1442	396
1442	397
1440	397
1440	398
1432	398
1432	399
1431	399
1431	398
1429	398
1429	399
1428	399
1428	402
1424	402
1424	403
1413	403
1413	404
1412	404
1412	405
1411	405
1411	404
1410	404
1410	405
1406	405
1406	406
1394	406
1394	405
1385	405
1385	406
1383	406
1383	407
1382	407
1382	408
1377	408
1377	407
1365	407
1365	406
1348	406
1348	407
1349	407
1349	418
1350	418
1350	422
1351	422
1351	429
1352	429
1352	431
1351	431
1351	432
1350	432
1350	433
1347	433
1347	434
1345	434
1345	435
1306	435
1306	434
1301	434
1301	433
1290	433
1290	432
1288	432
1288	431
1270	431
1270	430
1268	430
1268	429
1267	429
1267	428
1253	428
1253	427
1252	427
1252	426
1240	426
1240	427
1239	427
1239	428
1237	428
1237	443
1236	443
1236	444
1237	444
1237	446
1238	446
1238	447
1248	447
1248	448
1250	448
1250	451
1251	451
1251	452
1269	452
1269	453
1272	453
1272	454
1273	454
1273	455
1278	455
1278	456
1281	456
1281	457
1286	457
1286	458
1287	458
1287	459
1291	459
1291	460
1293	460
1293	459
1298	459
1298	460
1302	460
1302	461
1308	461
1308	462
1309	462
1309	463
1310	463
1310	464
1315	464
1315	465
1317	465
1317	466
1324	466
1324	467
1339	467
1339	468
1340	468
1340	469
1346	469
1346	470
1347	470
1347	471
1390	471
1390	473
1391	473
1391	474
1405	474
1405	475
1406	475
1406	476
1412	476
1412	477
1413	477
1413	481
1420	481
1420	490
1413	490
1413	494
1409	494
1409	497
1408	497
1408	501
1407	501
1407	509
1408	509
1408	511
1430	511
1430	509
1436	509
1436	508
1438	508
1438	507
1455	507
1455	506
1456	506
1456	507
1458	507
1458	506
1465	506
1465	505
1466	505
1466	504
1516	504
1516	505
1517	505
1517	506
1529	506
1529	507
1531	507
1531	511
1536	511
1536	517
1535	517
1535	523
1534	523
1534	524
1532	524
1532	529
1531	529
1531	531
1530	531
1530	532
1529	532
1529	536
1528	536
1528	537
1527	537
1527	549
1528	549
1528	550
1555	550
1555	548
1570	548
1570	545
1577	545
1577	544
1583	544
1583	545
1619	545
1619	547
1620	547
1620	548
1642	548
1642	550
1643	550
1643	551
1649	551
1649	555
1651	555
1651	556
1653	556
1653	555
1656	555
1656	556
1657	556
1657	562
1659	562
1659	563
1661	563
1661	566
1660	566
1660	568
1657	568
1657	571
1656	571
1656	574
1655	574
1655	575
1654	575
1654	579
1653	579
1653	582
1652	582
1652	583
1650	583
1650	584
1649	584
1649	585
1650	585
1650	586
1649	586
1649	590
1647	590
1647	591
1646	591
1646	605
1658	605
1658	603
1662	603
1662	602
1663	602
1663	603
1668	603
1668	602
1710	602
1710	603
1738	603
1738	604
1739	604
1739	605
1741	605
1741	604
1744	604
1744	605
1745	605
1745	607
1753	607
1753	608
1752	608
1752	609
1753	609
1753	611
1757	611
1757	612
1759	612
1759	611
1760	611
1760	614
1761	614
1761	615
1768	615
1768	620
1766	620
1766	621
1765	621
1765	626
1764	626
1764	627
1765	627
1765	628
1764	628
1764	634
1761	634
1761	635
1760	635
1760	642
1759	642
1759	643
1758	643
1758	659
1760	659
1760	660
1771	660
1771	661
1776	661
1776	662
1788	662
1788	663
1791	663
1791	664
1796	664
1796	665
1797	665
1797	666
1802	666
1802	667
1806	667
1806	668
1812	668
1812	669
1819	669
1819	670
1820	670
1820	671
1834	671
1834	674
1841	674
1841	676
1842	676
1842	677
1848	677
1848	678
1849	678
1849	681
1852	681
1852	682
1853	682
1853	683
1854	683
1854	684
1855	684
1855	685
1856	685
1856	688
1859	688
1859	689
1860	689
1860	692
1861	692
1861	697
1862	697
1862	700
1861	700
1861	702
1862	702
1862	703
1863	703
1863	704
1857	704
1857	705
1856	705
1856	706
1855	706
1855	708
1854	708
1854	709
1853	709
1853	710
1852	710
1852	711
1851	711
1851	713
1849	713
1849	714
1848	714
1848	716
1840	716
1840	717
1839	717
1839	733
1840	733
1840	734
1842	734
1842	735
1858	735
1858	736
1861	736
1861	735
1862	735
1862	736
1871	736
1871	737
1875	737
1875	738
1876	738
1876	737
1878	737
1878	740
1886	740
1886	742
1892	742
1892	743
1893	743
1893	744
1900	744
1900	745
1901	745
1901	747
1910	747
1910	748
1915	748
1915	749
1918	749
1918	750
1919	750
1919	749
1920	749
1920	750
1921	750
1921	751
1923	751
1923	754
1924	754
1924	755
1927	755
1927	754
1929	754
1929	755
1932	755
1932	756
1934	756
1934	757
1937	757
1937	758
1936	758
1936	759
1937	759
1937	761
1938	761
1938	762
1939	762
1939	763
1941	763
1941	762
1943	762
1943	763
1945	763
1945	769
1951	769
1951	770
1952	770
1952	775
1951	775
1951	776
1950	776
1950	780
1949	780
1949	781
1948	781
1948	783
1945	783
1945	788
1944	788
1944	789
1943	789
1943	790
1942	790
1942	797
1938	797
1938	798
1937	798
1937	810
1940	810
1940	811
1942	811
1942	810
1944	810
1944	811
1950	811
1950	812
1952	812
1952	813
1954	813
1954	814
1960	814
1960	815
1967	815
1967	816
1966	816
1966	817
1967	817
1967	818
1973	818
1973	819
1974	819
1974	821
1976	821
1976	822
1978	822
1978	821
1981	821
1981	822
1986	822
1986	823
1988	823
1988	824
1989	824
1989	825
1990	825
1990	826
1996	826
1996	828
1997	828
1997	830
1998	830
1998	831
2004	831
2004	836
2011	836
2011	840
2012	840
2012	843
2019	843
2019	850
2020	850
2020	851
2022	851
2022	852
2023	852
2023	853
2024	853
2024	854
2025	854
2025	859
2024	859
2024	860
2023	860
2023	861
2021	861
2021	863
2019	863
2019	864
2018	864
2018	865
2015	865
2015	866
2014	866
2014	867
2012	867
2012	869
2011	869
2011	871
2009	871
2009	872
2008	872
2008	891
2009	891
2009	892
2010	892
2010	893
2011	893
2011	895
2018	895
2018	896
2019	896
2019	897
2024	897
2024	898
2026	898
2026	900
2029	900
2029	901
2032	901
2032	902
2033	902
2033	903
2034	903
2034	905
2035	905
2035	906
2041	906
2041	910
2051	910
2051	916
2052	916
2052	917
2054	917
2054	918
2056	918
2056	924
2058	924
2058	925
2061	925
2061	926
2062	926
2062	927
2063	927
2063	932
2070	932
2070	933
2071	933
2071	939
2075	939
2075	940
2076	940
2076	942
2077	942
2077	943
2078	943
2078	946
2079	946
2079	947
2083	947
2083	949
2084	949
2084	951
2085	951
2085	954
2086	954
2086	955
2088	955
2088	957
2089	957
2089	959
2090	959
2090	961
2091	961
2091	962
2095	962
2095	963
2096	963
2096	969
2097	969
2097	970
2098	970
2098	971
2099	971
2099	972
2100	972
2100	976
2101	976
2101	977
2102	977
2102	978
2103	978
2103	979
2104	979
2104	980
2105	980
2105	981
2106	981
2106	984
2107	984
2107	983
2108	983
2108	984
2111	984
2111	985
2110	985
2110	990
2111	990
2111	991
2112	991
2112	992
2113	992
2113	993
2115	993
2115	998
2117	998
2117	999
2118	999
2118	1000
2119	1000
2119	1001
2120	1001
2120	1003
2121	1003
2121	1005
2122	1005
2122	1013
2123	1013
2123	1014
2126	1014
2126	1015
2127	1015
2127	1017
2128	1017
2128	1019
2129	1019
2129	1020
2130	1020
2130	1021
2132	1021
2132	1023
2133	1023
2133	1024
2134	1024
2134	1025
2135	1025
2135	1026
2136	1026
2136	1027
2137	1027
2137	1041
2136	1041
2136	1042
2135	1042
2135	1048
2134	1048
2134	1050
2132	1050
2132	1051
2133	1051
2133	1052
2131	1052
2131	1053
2130	1053
2130	1055
2129	1055
2129	1056
2122	1056
2122	1058
2117	1058
2117	1057
2116	1057
2116	1056
2110	1056
2110	1055
2109	1055
2109	1054
2088	1054
2088	1053
2076	1053
2076	1052
2067	1052
2067	1051
2063	1051
2063	1050
2058	1050
2058	1049
2055	1049
2055	1048
2050	1048
2050	1047
2047	1047
2047	1046
2044	1046
2044	1045
2033	1045
2033	1047
2032	1047
2032	1050
2031	1050
2031	1052
2029	1052
2029	1053
2019	1053
2019	1052
2016	1052
2016	1053
2014	1053
2014	1052
2010	1052
2010	1053
2006	1053
2006	1049
1998	1049
1998	1048
1994	1048
1994	1047
1991	1047
1991	1046
1989	1046
1989	1045
1986	1045
1986	1044
1984	1044
1984	1043
1983	1043
1983	1041
1977	1041
1977	1040
1975	1040
1975	1039
1973	1039
1973	1037
1971	1037
1971	1036
1960	1036
1960	1037
1959	1037
1959	1038
1958	1038
1958	1039
1957	1039
1957	1040
1958	1040
1958	1041
1957	1041
1957	1043
1956	1043
1956	1045
1955	1045
1955	1048
1954	1048
1954	1049
1953	1049
1953	1052
1952	1052
1952	1053
1953	1053
1953	1054
1952	1054
1952	1056
1928	1056
1928	1055
1924	1055
1924	1054
1920	1054
1920	1053
1918	1053
1918	1052
1914	1052
1914	1051
1911	1051
1911	1050
1909	1050
1909	1049
1908	1049
1908	1048
1902	1048
1902	1046
1899	1046
1899	1045
1895	1045
1895	1042
1893	1042
1893	1041
1888	1041
1888	1039
1884	1039
1884	1038
1883	1038
1883	1037
1881	1037
1881	1036
1880	1036
1880	1034
1875	1034
1875	1033
1872	1033
1872	1032
1870	1032
1870	1031
1869	1031
1869	1030
1867	1030
1867	1028
1866	1028
1866	1029
1865	1029
1865	1027
1863	1027
1863	1026
1860	1026
1860	1025
1859	1025
1859	1024
1858	1024
1858	1023
1857	1023
1857	1022
1855	1022
1855	1021
1854	1021
1854	1019
1852	1019
1852	1017
1850	1017
1850	1016
1849	1016
1849	1015
1848	1015
1848	1014
1847	1014
1847	1012
1846	1012
1846	1011
1843	1011
1843	1010
1840	1010
1840	1009
1832	1009
1832	1010
1830	1010
1830	1012
1827	1012
1827	1020
1826	1020
1826	1025
1825	1025
1825	1027
1824	1027
1824	1028
1825	1028
1825	1029
1824	1029
1824	1030
1823	1030
1823	1034
1820	1034
1820	1036
1819	1036
1819	1037
1809	1037
1809	1038
1807	1038
1807	1036
1806	1036
1806	1035
1801	1035
1801	1034
1800	1034
1800	1033
1797	1033
1797	1032
1796	1032
1796	1031
1795	1031
1795	1030
1791	1030
1791	1027
1788	1027
1788	1026
1786	1026
1786	1025
1785	1025
1785	1024
1784	1024
1784	1023
1782	1023
1782	1022
1778	1022
1778	1021
1777	1021
1777	1020
1776	1020
1776	1018
1775	1018
1775	1017
1774	1017
1774	1016
1773	1016
1773	1015
1772	1015
1772	1014
1771	1014
1771	1013
1770	1013
1770	1012
1768	1012
1768	1011
1767	1011
1767	1010
1766	1010
1766	1008
1765	1008
1765	1007
1764	1007
1764	1006
1763	1006
1763	1005
1762	1005
1762	1004
1761	1004
1761	1003
1759	1003
1759	1001
1758	1001
1758	1000
1757	1000
1757	999
1756	999
1756	997
1752	997
1752	996
1751	996
1751	993
1749	993
1749	990
1747	990
1747	989
1745	989
1745	987
1733	987
1733	989
1731	989
1731	991
1730	991
1730	993
1729	993
1729	994
1728	994
1728	995
1726	995
1726	996
1724	996
1724	997
1723	997
1723	1002
1721	1002
1721	1003
1720	1003
1720	1004
1717	1004
1717	1003
1715	1003
1715	1004
1714	1004
1714	1003
1711	1003
1711	1002
1709	1002
1709	1001
1707	1001
1707	1000
1704	1000
1704	999
1703	999
1703	997
1699	997
1699	995
1698	995
1698	994
1697	994
1697	993
1696	993
1696	991
1695	991
1695	990
1693	990
1693	989
1692	989
1692	988
1691	988
1691	987
1690	987
1690	986
1688	986
1688	982
1682	982
1682	981
1681	981
1681	980
1680	980
1680	978
1681	978
1681	977
1680	977
1680	975
1675	975
1675	974
1674	974
1674	973
1673	973
1673	972
1672	972
1672	971
1670	971
1670	970
1669	970
1669	969
1667	969
1667	967
1666	967
1666	966
1665	966
1665	965
1664	965
1664	966
1654	966
1654	967
1651	967
1651	968
1649	968
1649	969
1648	969
1648	972
1647	972
1647	973
1646	973
1646	974
1645	974
1645	975
1643	975
1643	976
1642	976
1642	980
1640	980
1640	981
1637	981
1637	980
1636	980
1636	979
1634	979
1634	978
1631	978
1631	977
1630	977
1630	976
1629	976
1629	975
1627	975
1627	974
1626	974
1626	973
1624	973
1624	972
1623	972
1623	971
1622	971
1622	970
1621	970
1621	966
1618	966
1618	965
1616	965
1616	964
1615	964
1615	963
1614	963
1614	961
1613	961
1613	960
1611	960
1611	957
1610	957
1610	956
1608	956
1608	954
1609	954
1609	953
1606	953
1606	952
1605	952
1605	951
1604	951
1604	950
1603	950
1603	948
1602	948
1602	947
1600	947
1600	945
1599	945
1599	944
1598	944
1598	942
1597	942
1597	941
1596	941
1596	940
1595	940
1595	939
1594	939
1594	938
1593	938
1593	937
1592	937
1592	936
1591	936
1591	934
1590	934
1590	933
1588	933
1588	932
1587	932
1587	930
1586	930
1586	929
1585	929
1585	924
1584	924
1584	923
1581	923
1581	922
1580	922
1580	916
1576	916
1576	914
1575	914
1575	913
1574	913
1574	909
1573	909
1573	908
1572	908
1572	907
1561	907
1561	906
1560	906
1560	908
1558	908
1558	910
1557	910
1557	911
1556	911
1556	912
1555	912
1555	911
1554	911
1554	912
1553	912
1553	915
1550	915
1550	916
1549	916
1549	917
1546	917
1546	918
1545	918
1545	919
1546	919
1546	920
1545	920
1545	921
1544	921
1544	922
1543	922
1543	923
1539	923
1539	925
1538	925
1538	926
1539	926
1539	927
1538	927
1538	928
1537	928
1537	929
1536	929
1536	930
1535	930
1535	929
1534	929
1534	930
1531	930
1531	929
1530	929
1530	927
1528	927
1528	926
1527	926
1527	925
1523	925
1523	924
1518	924
1518	923
1517	923
1517	922
1516	922
1516	921
1515	921
1515	920
1514	920
1514	919
1512	919
1512	917
1511	917
1511	916
1510	916
1510	915
1508	915
1508	914
1507	914
1507	913
1506	913
1506	912
1505	912
1505	908
1502	908
1502	907
1501	907
1501	906
1500	906
1500	905
1499	905
1499	903
1498	903
1498	902
1497	902
1497	901
1496	901
1496	900
1494	900
1494	898
1493	898
1493	896
1492	896
1492	895
1491	895
1491	892
1490	892
1490	891
1489	891
1489	890
1488	890
1488	886
1485	886
1485	884
1483	884
1483	881
1482	881
1482	879
1481	879
1481	878
1480	878
1480	877
1478	877
1478	874
1477	874
1477	871
1475	871
1475	869
1474	869
1474	865
1473	865
1473	864
1472	864
1472	863
1471	863
1471	862
1470	862
1470	859
1469	859
1469	857
1468	857
1468	856
1467	856
1467	852
1466	852
1466	850
1465	850
1465	848
1464	848
1464	845
1463	845
1463	841
1462	841
1462	835
1461	835
1461	834
1449	834
1449	835
1447	835
1447	836
1446	836
1446	837
1445	837
1445	838
1444	838
1444	839
1443	839
1443	840
1442	840
1442	841
1441	841
1441	842
1440	842
1440	844
1438	844
1438	845
1437	845
1437	846
1436	846
1436	848
1435	848
1435	849
1434	849
1434	850
1433	850
1433	851
1432	851
1432	853
1431	853
1431	855
1429	855
1429	854
1427	854
1427	853
1422	853
1422	849
1417	849
1417	848
1416	848
1416	847
1415	847
1415	844
1414	844
1414	842
1409	842
1409	841
1407	841
1407	835
1406	835
1406	834
1405	834
1405	835
1404	835
1404	834
1402	834
1402	832
1401	832
1401	831
1400	831
1400	828
1399	828
1399	827
1397	827
1397	826
1396	826
1396	821
1395	821
1395	820
1394	820
1394	819
1393	819
1393	813
1392	813
1392	812
1391	812
1391	810
1390	810
1390	811
1389	811
1389	809
1388	809
1388	807
1387	807
1387	805
1386	805
1386	804
1384	804
1384	803
1383	803
1383	801
1382	801
1382	797
1380	797
1380	796
1379	796
1379	795
1378	795
1378	791
1377	791
1377	790
1375	790
1375	788
1374	788
1374	785
1373	785
1373	783
1372	783
1372	782
1371	782
1371	781
1370	781
1370	776
1369	776
1369	775
1367	775
1367	774
1366	774
1366	773
1365	773
1365	772
1364	772
1364	771
1363	771
1363	768
1361	768
1361	764
1360	764
1360	760
1359	760
1359	759
1358	759
1358	757
1357	757
1357	754
1348	754
1348	753
1347	753
1347	754
1345	754
1345	755
1344	755
1344	756
1342	756
1342	757
1341	757
1341	758
1340	758
1340	759
1339	759
1339	760
1338	760
1338	761
1336	761
1336	762
1335	762
1335	764
1334	764
1334	765
1333	765
1333	767
1332	767
1332	768
1326	768
1326	766
1325	766
1325	765
1324	765
1324	764
1319	764
1319	761
1318	761
1318	760
1317	760
1317	758
1316	758
1316	756
1314	756
1314	754
1313	754
1313	753
1312	753
1312	752
1311	752
1311	746
1308	746
1308	745
1307	745
1307	743
1306	743
1306	742
1305	742
1305	741
1304	741
1304	739
1303	739
1303	738
1302	738
1302	737
1303	737
1303	736
1302	736
1302	735
1301	735
1301	734
1300	734
1300	730
1299	730
1299	729
1298	729
1298	728
1297	728
1297	724
1296	724
1296	723
1285	723
1285	724
1284	724
1284	728
1283	728
1283	730
1282	730
1282	731
1281	731
1281	730
1280	730
1280	731
1277	731
1277	730
1275	730
1275	731
1273	731
1273	732
1272	732
1272	737
1263	737
1263	736
1262	736
1262	737
1258	737
1258	739
1257	739
1257	751
1258	751
1258	752
1262	752
1262	753
1265	753
1265	755
1268	755
1268	757
1269	757
1269	759
1271	759
1271	760
1272	760
1272	762
1273	762
1273	763
1274	763
1274	762
1276	762
1276	764
1277	764
1277	765
1278	765
1278	769
1280	769
1280	770
1287	770
1287	776
1288	776
1288	777
1294	777
1294	783
1295	783
1295	784
1296	784
1296	785
1300	785
1300	786
1301	786
1301	787
1302	787
1302	791
1306	791
1306	792
1307	792
1307	800
1308	800
1308	799
1312	799
1312	800
1313	800
1313	801
1314	801
1314	806
1316	806
1316	807
1320	807
1320	808
1321	808
1321	813
1322	813
1322	814
1324	814
1324	816
1325	816
1325	817
1330	817
1330	819
1331	819
1331	820
1332	820
1332	821
1333	821
1333	822
1334	822
1334	828
1335	828
1335	829
1339	829
1339	836
1342	836
1342	837
1344	837
1344	842
1345	842
1345	844
1347	844
1347	845
1346	845
1346	846
1347	846
1347	849
1346	849
1346	856
1343	856
1343	857
1338	857
1338	858
1337	858
1337	859
1336	859
1336	860
1334	860
1334	861
1332	861
1332	863
1330	863
1330	864
1329	864
1329	863
1327	863
1327	864
1324	864
1324	879
1325	879
1325	880
1326	880
1326	881
1331	881
1331	887
1332	887
1332	888
1338	888
1338	890
1339	890
1339	894
1340	894
1340	895
1348	895
1348	896
1351	896
1351	902
1353	902
1353	903
1356	903
1356	904
1357	904
1357	906
1358	906
1358	907
1359	907
1359	909
1360	909
1360	910
1361	910
1361	911
1362	911
1362	912
1363	912
1363	913
1364	913
1364	914
1365	914
1365	915
1366	915
1366	916
1367	916
1367	917
1369	917
1369	918
1371	918
1371	919
1372	919
1372	920
1373	920
1373	921
1374	921
1374	922
1375	922
1375	924
1376	924
1376	927
1378	927
1378	931
1379	931
1379	932
1381	932
1381	933
1383	933
1383	939
1384	939
1384	940
1387	940
1387	942
1388	942
1388	946
1389	946
1389	947
1391	947
1391	954
1393	954
1393	961
1394	961
1394	966
1395	966
1395	968
1394	968
1394	967
1393	967
1393	968
1391	968
1391	974
1384	974
1384	975
1382	975
1382	976
1380	976
1380	977
1378	977
1378	978
1376	978
1376	979
1374	979
1374	980
1369	980
1369	982
1355	982
1355	983
1354	983
1354	985
1351	985
1351	986
1348	986
1348	988
1347	988
1347	996
1348	996
1348	997
1347	997
1347	998
1357	998
1357	999
1358	999
1358	1000
1360	1000
1360	1001
1361	1001
1361	1006
1368	1006
1368	1007
1369	1007
1369	1013
1375	1013
1375	1014
1376	1014
1376	1020
1377	1020
1377	1021
1384	1021
1384	1022
1383	1022
1383	1025
1384	1025
1384	1028
1390	1028
1390	1030
1391	1030
1391	1036
1394	1036
1394	1037
1395	1037
1395	1039
1396	1039
1396	1042
1397	1042
1397	1043
1398	1043
1398	1044
1399	1044
1399	1045
1401	1045
1401	1050
1402	1050
1402	1051
1403	1051
1403	1052
1404	1052
1404	1053
1405	1053
1405	1057
1406	1057
1406	1058
1411	1058
1411	1065
1413	1065
1413	1072
1416	1072
1416	1073
1417	1073
1417	1075
1418	1075
1418	1079
1419	1079
1419	1080
1422	1080
1422	1082
1423	1082
1423	1087
1424	1087
1424	1088
1425	1088
1425	1092
1424	1092
1424	1093
1425	1093
1425	1095
1428	1095
1428	1102
1429	1102
1429	1103
1431	1103
1431	1109
1432	1109
1432	1113
1431	1113
1431	1114
1424	1114
1424	1115
1414	1115
1414	1116
1413	1116
1413	1118
1412	1118
1412	1119
1411	1119
1411	1120
1410	1120
1410	1121
1406	1121
1406	1122
1401	1122
1401	1123
1398	1123
1398	1124
1395	1124
1395	1125
1394	1125
1394	1126
1387	1126
1387	1127
1384	1127
1384	1128
1383	1128
1383	1134
1384	1134
1384	1135
1383	1135
1383	1137
1384	1137
1384	1139
1390	1139
1390	1140
1391	1140
1391	1141
1393	1141
1393	1142
1394	1142
1394	1143
1395	1143
1395	1144
1397	1144
1397	1146
1398	1146
1398	1147
1399	1147
1399	1148
1401	1148
1401	1149
1402	1149
1402	1150
1403	1150
1403	1151
1404	1151
1404	1153
1405	1153
1405	1154
1408	1154
1408	1155
1409	1155
1409	1157
1410	1157
1410	1159
1411	1159
1411	1160
1412	1160
1412	1161
1413	1161
1413	1162
1414	1162
1414	1163
1415	1163
1415	1164
1416	1164
1416	1166
1417	1166
1417	1168
1418	1168
1418	1169
1420	1169
1420	1175
1421	1175
1421	1176
1426	1176
1426	1183
1428	1183
1428	1184
1431	1184
1431	1186
1432	1186
1432	1187
1433	1187
1433	1189
1434	1189
1434	1191
1435	1191
1435	1197
1436	1197
1436	1198
1442	1198
1442	1206
1447	1206
