1303	718
1304	718
1304	719
1305	719
1305	726
1306	726
1306	731
1307	731
1307	732
1308	732
1308	733
1307	733
1307	735
1308	735
1308	737
1309	737
1309	738
1310	738
1310	739
1311	739
1311	743
1312	743
1312	746
1313	746
1313	749
1315	749
1315	751
1316	751
1316	755
1317	755
1317	756
1318	756
1318	759
1319	759
1319	760
1321	760
1321	762
1323	762
1323	763
1324	763
1324	764
1323	764
1323	766
1324	766
1324	770
1326	770
1326	773
1328	773
1328	776
1329	776
1329	778
1330	778
1330	779
1331	779
1331	782
1332	782
1332	783
1333	783
1333	787
1334	787
1334	791
1335	791
1335	794
1334	794
1334	798
1316	798
1316	804
1314	804
1314	818
1315	818
1315	820
1316	820
1316	821
1317	821
1317	822
1318	822
1318	823
1319	823
1319	824
1318	824
1318	825
1319	825
1319	827
1320	827
1320	828
1321	828
1321	830
1322	830
1322	831
1321	831
1321	832
1322	832
1322	833
1323	833
1323	835
1324	835
1324	837
1325	837
1325	839
1327	839
1327	840
1328	840
1328	844
1329	844
1329	846
1330	846
1330	848
1331	848
1331	849
1332	849
1332	852
1333	852
1333	855
1334	855
1334	862
1335	862
1335	863
1336	863
1336	865
1337	865
1337	866
1338	866
1338	868
1339	868
1339	869
1340	869
1340	874
1341	874
1341	878
1342	878
1342	881
1344	881
1344	884
1345	884
1345	887
1346	887
1346	889
1347	889
1347	894
1350	894
1350	899
1351	899
1351	902
1352	902
1352	903
1353	903
1353	905
1354	905
1354	909
1355	909
1355	912
1356	912
1356	913
1357	913
1357	917
1358	917
1358	919
1359	919
1359	920
1358	920
1358	922
1359	922
1359	926
1358	926
1358	928
1357	928
1357	929
1324	929
1324	930
1323	930
1323	939
1324	939
1324	941
1325	941
1325	942
1326	942
1326	944
1327	944
1327	946
1328	946
1328	950
1330	950
1330	951
1331	951
1331	954
1332	954
1332	956
1334	956
1334	962
1335	962
1335	963
1336	963
1336	965
1337	965
1337	967
1338	967
1338	971
1339	971
1339	973
1340	973
1340	978
1341	978
1341	981
1342	981
1342	982
1343	982
1343	987
1344	987
1344	988
1345	988
1345	991
1346	991
1346	996
1347	996
1347	998
1346	998
1346	999
1347	999
1347	1000
1349	1000
1349	1004
1350	1004
1350	1008
1351	1008
1351	1013
1352	1013
1352	1018
1353	1018
1353	1024
1354	1024
1354	1025
1356	1025
1356	1030
1357	1030
1357	1031
1358	1031
1358	1038
1359	1038
1359	1044
1362	1044
1362	1055
1363	1055
1363	1061
1364	1061
1364	1067
1363	1067
1363	1072
1362	1072
1362	1073
1361	1073
1361	1074
1353	1074
1353	1075
1352	1075
1352	1076
1339	1076
1339	1077
1331	1077
1331	1078
1330	1078
1330	1087
1331	1087
1331	1090
1332	1090
1332	1092
1333	1092
1333	1093
1334	1093
1334	1094
1335	1094
1335	1093
1336	1093
1336	1105
1337	1105
1337	1106
1336	1106
1336	1107
1337	1107
1337	1110
1338	1110
1338	1112
1339	1112
1339	1113
1340	1113
1340	1119
1341	1119
1341	1124
1342	1124
1342	1125
1344	1125
1344	1137
1345	1137
1345	1139
1346	1139
1346	1142
1347	1142
1347	1150
1348	1150
1348	1151
1349	1151
1349	1157
1350	1157
1350	1163
1351	1163
1351	1169
1352	1169
1352	1171
1353	1171
1353	1194
1354	1194
1354	1195
1355	1195
1355	1205
1354	1205
1354	1210
1353	1210
1353	1211
1352	1211
1352	1212
1351	1212
1351	1214
1350	1214
1350	1217
1349	1217
1349	1218
1347	1218
1347	1220
1336	1220
1336	1218
1330	1218
1330	1217
1316	1217
1316	1218
1315	1218
1315	1232
1317	1232
1317	1234
1318	1234
1318	1238
1319	1238
1319	1242
1320	1242
1320	1244
1321	1244
1321	1247
1322	1247
1322	1251
1323	1251
1323	1253
1324	1253
1324	1263
1325	1263
1325	1264
1326	1264
1326	1276
1325	1276
1325	1285
1326	1285
1326	1296
1327	1296
1327	1328
1328	1328
1328	1330
1327	1330
1327	1340
1326	1340
1326	1349
1323	1349
1323	1350
1322	1350
1322	1351
1321	1351
1321	1352
1299	1352
1299	1350
1293	1350
1293	1349
1280	1349
1280	1350
1279	1350
1279	1359
1280	1359
1280	1362
1281	1362
1281	1364
1282	1364
1282	1375
1283	1375
1283	1376
1284	1376
1284	1401
1285	1401
1285	1402
1286	1402
1286	1403
1285	1403
1285	1405
1286	1405
1286	1419
1284	1419
1284	1437
1283	1437
1283	1449
1282	1449
1282	1450
1281	1450
1281	1452
1280	1452
1280	1456
1279	1456
1279	1463
1277	1463
1277	1466
1276	1466
1276	1469
1275	1469
1275	1472
1274	1472
1274	1475
1272	1475
1272	1482
1271	1482
1271	1487
1270	1487
1270	1490
1269	1490
1269	1491
1268	1491
1268	1493
1266	1493
1266	1495
1265	1495
1265	1497
1259	1497
1259	1496
1255	1496
1255	1494
1253	1494
1253	1493
1250	1493
1250	1494
1249	1494
1249	1493
1246	1493
1246	1491
1245	1491
1245	1490
1234	1490
1234	1502
1236	1502
1236	1507
1237	1507
1237	1528
1238	1528
1238	1536
1237	1536
1237	1549
1236	1549
1236	1551
1235	1551
1235	1556
1234	1556
1234	1569
1233	1569
1233	1572
1232	1572
1232	1573
1233	1573
1233	1575
1232	1575
1232	1576
1231	1576
1231	1580
1230	1580
1230	1582
1227	1582
1227	1586
1226	1586
1226	1588
1225	1588
1225	1589
1224	1589
1224	1591
1219	1591
1219	1590
1218	1590
1218	1589
1217	1589
1217	1587
1216	1587
1216	1588
1215	1588
1215	1587
1211	1587
1211	1585
1209	1585
1209	1584
1205	1584
1205	1583
1204	1583
1204	1582
1203	1582
1203	1581
1201	1581
1201	1580
1199	1580
1199	1579
1198	1579
1198	1576
1186	1576
1186	1583
1185	1583
1185	1584
1186	1584
1186	1585
1185	1585
1185	1586
1186	1586
1186	1592
1187	1592
1187	1596
1186	1596
1186	1597
1184	1597
1184	1600
1183	1600
1183	1601
1184	1601
1184	1605
1183	1605
1183	1607
1182	1607
1182	1613
1178	1613
1178	1620
1177	1620
1177	1625
1176	1625
1176	1629
1175	1629
1175	1630
1174	1630
1174	1635
1173	1635
1173	1638
1172	1638
1172	1639
1171	1639
1171	1644
1170	1644
1170	1645
1169	1645
1169	1650
1168	1650
1168	1655
1166	1655
1166	1657
1165	1657
1165	1661
1164	1661
1164	1662
1163	1662
1163	1663
1162	1663
1162	1665
1161	1665
1161	1666
1160	1666
1160	1667
1161	1667
1161	1668
1159	1668
1159	1670
1158	1670
1158	1672
1157	1672
1157	1673
1156	1673
1156	1674
1154	1674
1154	1675
1153	1675
1153	1679
1152	1679
1152	1680
1150	1680
1150	1681
1147	1681
1147	1680
1146	1680
1146	1679
1144	1679
1144	1678
1143	1678
1143	1677
1142	1677
1142	1676
1141	1676
1141	1675
1134	1675
1134	1674
1132	1674
1132	1673
1131	1673
1131	1672
1130	1672
1130	1671
1129	1671
1129	1669
1119	1669
1119	1681
1118	1681
1118	1684
1117	1684
1117	1688
1116	1688
1116	1689
1115	1689
1115	1696
1114	1696
1114	1700
1113	1700
1113	1703
1112	1703
1112	1704
1111	1704
1111	1706
1110	1706
1110	1707
1108	1707
1108	1713
1107	1713
1107	1714
1106	1714
1106	1716
1105	1716
1105	1720
1103	1720
1103	1721
1102	1721
1102	1726
1100	1726
1100	1727
1099	1727
1099	1731
1097	1731
1097	1732
1095	1732
1095	1743
1091	1743
1091	1744
1090	1744
1090	1745
1089	1745
1089	1747
1088	1747
1088	1749
1087	1749
1087	1751
1084	1751
1084	1756
1083	1756
1083	1758
1082	1758
1082	1759
1081	1759
1081	1760
1080	1760
1080	1762
1078	1762
1078	1764
1077	1764
1077	1767
1076	1767
1076	1768
1075	1768
1075	1770
1071	1770
1071	1774
1070	1774
1070	1776
1069	1776
1069	1777
1068	1777
1068	1784
1059	1784
1059	1785
1058	1785
1058	1786
1057	1786
1057	1787
1056	1787
1056	1788
1055	1788
1055	1789
1054	1789
1054	1790
1053	1790
1053	1792
1052	1792
1052	1793
1051	1793
1051	1794
1049	1794
1049	1795
1047	1795
1047	1794
1049	1794
1049	1793
1048	1793
1048	1789
1047	1789
1047	1788
1044	1788
1044	1786
1043	1786
1043	1785
1042	1785
1042	1782
1041	1782
1041	1781
1040	1781
1040	1779
1039	1779
1039	1777
1038	1777
1038	1775
1037	1775
1037	1770
1035	1770
1035	1764
1034	1764
1034	1763
1032	1763
1032	1759
1031	1759
1031	1758
1030	1758
1030	1756
1029	1756
1029	1745
1028	1745
1028	1744
1025	1744
1025	1733
1024	1733
1024	1732
1023	1732
1023	1720
1022	1720
1022	1719
1021	1719
1021	1716
1020	1716
1020	1707
1019	1707
1019	1698
1018	1698
1018	1689
1017	1689
1017	1688
1018	1688
1018	1678
1019	1678
1019	1674
1020	1674
1020	1670
1021	1670
1021	1668
1022	1668
1022	1657
1021	1657
1021	1656
1018	1656
1018	1657
1017	1657
1017	1656
1016	1656
1016	1657
1014	1657
1014	1656
1010	1656
1010	1657
1008	1657
1008	1660
1002	1660
1002	1661
999	1661
999	1662
998	1662
998	1663
992	1663
992	1662
991	1662
991	1660
992	1660
992	1659
991	1659
991	1657
988	1657
988	1656
987	1656
987	1644
986	1644
986	1643
985	1643
985	1632
984	1632
984	1623
983	1623
983	1618
982	1618
982	1615
983	1615
983	1608
984	1608
984	1597
985	1597
985	1590
986	1590
986	1589
987	1589
987	1584
988	1584
988	1583
989	1583
989	1573
956	1573
956	1572
954	1572
954	1563
953	1563
953	1562
952	1562
952	1560
951	1560
951	1556
952	1556
952	1554
953	1554
953	1551
954	1551
954	1533
955	1533
955	1526
956	1526
956	1525
957	1525
957	1517
958	1517
958	1514
959	1514
959	1511
960	1511
960	1508
961	1508
961	1506
962	1506
962	1503
963	1503
963	1501
964	1501
964	1496
965	1496
965	1494
964	1494
964	1491
965	1491
965	1490
964	1490
964	1489
954	1489
954	1488
942	1488
942	1487
931	1487
931	1486
930	1486
930	1484
929	1484
929	1463
930	1463
930	1458
931	1458
931	1451
932	1451
932	1445
933	1445
933	1441
934	1441
934	1439
935	1439
935	1433
936	1433
936	1432
937	1432
937	1421
941	1421
941	1420
942	1420
942	1419
943	1419
943	1408
930	1408
930	1407
928	1407
928	1406
922	1406
922	1405
921	1405
921	1404
920	1404
920	1402
919	1402
919	1395
920	1395
920	1380
919	1380
919	1375
920	1375
920	1374
921	1374
921	1365
922	1365
922	1361
923	1361
923	1351
924	1351
924	1346
925	1346
925	1342
926	1342
926	1338
927	1338
927	1332
928	1332
928	1331
929	1331
929	1326
930	1326
930	1325
931	1325
931	1324
932	1324
932	1320
934	1320
934	1319
935	1319
935	1314
936	1314
936	1311
938	1311
938	1309
939	1309
939	1308
940	1308
940	1307
941	1307
941	1304
942	1304
942	1303
944	1303
944	1294
943	1294
943	1293
941	1293
941	1291
937	1291
937	1290
936	1290
936	1291
935	1291
935	1290
930	1290
930	1289
929	1289
929	1288
928	1288
928	1287
923	1287
923	1286
921	1286
921	1285
916	1285
916	1284
915	1284
915	1282
913	1282
913	1281
912	1281
912	1279
913	1279
913	1275
914	1275
914	1266
915	1266
915	1264
916	1264
916	1259
917	1259
917	1258
918	1258
918	1252
919	1252
919	1245
920	1245
920	1244
921	1244
921	1239
922	1239
922	1238
923	1238
923	1235
924	1235
924	1234
925	1234
925	1231
926	1231
926	1222
927	1222
927	1220
928	1220
928	1218
929	1218
929	1212
930	1212
930	1207
931	1207
931	1202
932	1202
932	1196
933	1196
933	1195
935	1195
935	1193
936	1193
936	1191
937	1191
937	1188
938	1188
938	1186
939	1186
939	1183
940	1183
940	1181
941	1181
941	1178
942	1178
942	1175
943	1175
943	1174
944	1174
944	1173
946	1173
946	1172
947	1172
947	1170
948	1170
948	1168
949	1168
949	1167
950	1167
950	1166
951	1166
951	1165
952	1165
952	1164
953	1164
953	1163
954	1163
954	1161
957	1161
957	1159
958	1159
958	1150
957	1150
957	1149
945	1149
945	1148
942	1148
942	1147
941	1147
941	1146
936	1146
936	1145
935	1145
935	1143
928	1143
928	1142
926	1142
926	1141
925	1141
925	1133
926	1133
926	1130
927	1130
927	1126
928	1126
928	1125
929	1125
929	1120
930	1120
930	1119
931	1119
931	1116
932	1116
932	1113
934	1113
934	1112
935	1112
935	1107
937	1107
937	1106
938	1106
938	1103
939	1103
939	1098
940	1098
940	1097
941	1097
941	1093
942	1093
942	1091
943	1091
943	1089
944	1089
944	1088
945	1088
945	1085
946	1085
946	1082
947	1082
947	1078
948	1078
948	1077
949	1077
949	1076
950	1076
950	1072
951	1072
951	1070
953	1070
953	1069
954	1069
954	1067
955	1067
955	1065
956	1065
956	1063
957	1063
957	1060
958	1060
958	1059
959	1059
959	1058
960	1058
960	1053
961	1053
961	1052
962	1052
962	1051
963	1051
963	1050
966	1050
966	1047
967	1047
967	1046
968	1046
968	1045
969	1045
969	1044
972	1044
972	1041
973	1041
973	1040
975	1040
975	1038
978	1038
978	1036
979	1036
979	1024
978	1024
978	1023
968	1023
968	1022
965	1022
965	1021
961	1021
961	1020
955	1020
955	1019
954	1019
954	1018
953	1018
953	1017
951	1017
951	1009
952	1009
952	1006
953	1006
953	1004
954	1004
954	998
955	998
955	997
956	997
956	995
958	995
958	994
959	994
959	993
960	993
960	990
961	990
961	989
962	989
962	981
967	981
967	980
968	980
968	979
969	979
969	976
970	976
970	975
972	975
972	971
973	971
973	970
974	970
974	969
975	969
975	968
976	968
976	967
977	967
977	965
978	965
978	964
979	964
979	963
980	963
980	960
981	960
981	959
982	959
982	957
984	957
984	956
985	956
985	951
987	951
987	949
988	949
988	947
989	947
989	944
991	944
991	943
992	943
992	942
991	942
991	941
992	941
992	940
991	940
991	938
992	938
992	935
994	935
994	934
995	934
995	932
996	932
996	930
997	930
997	927
998	927
998	925
1000	925
1000	922
1001	922
1001	921
1002	921
1002	918
1004	918
1004	916
1006	916
1006	913
1007	913
1007	912
1008	912
1008	911
1009	911
1009	908
1011	908
1011	907
1012	907
1012	906
1013	906
1013	905
1014	905
1014	904
1015	904
1015	903
1016	903
1016	902
1017	902
1017	901
1018	901
1018	900
1019	900
1019	899
1020	899
1020	890
1019	890
1019	889
1012	889
1012	888
1001	888
1001	887
1000	887
1000	886
999	886
999	885
992	885
992	880
991	880
991	877
992	877
992	872
993	872
993	868
994	868
994	866
995	866
995	865
996	865
996	862
997	862
997	860
998	860
998	858
999	858
999	857
1000	857
1000	856
1003	856
1003	855
1002	855
1002	854
1003	854
1003	853
1004	853
1004	851
1005	851
1005	848
1006	848
1006	847
1008	847
1008	844
1010	844
1010	843
1011	843
1011	841
1012	841
1012	840
1013	840
1013	838
1014	838
1014	837
1016	837
1016	834
1017	834
1017	833
1018	833
1018	831
1019	831
1019	830
1020	830
1020	829
1021	829
1021	828
1022	828
1022	827
1023	827
1023	825
1024	825
1024	823
1025	823
1025	822
1026	822
1026	818
1028	818
1028	817
1029	817
1029	814
1030	814
1030	812
1031	812
1031	811
1032	811
1032	809
1033	809
1033	806
1034	806
1034	805
1035	805
1035	803
1036	803
1036	801
1037	801
1037	799
1038	799
1038	796
1039	796
1039	794
1040	794
1040	787
1045	787
1045	786
1046	786
1046	784
1047	784
1047	783
1049	783
1049	781
1051	781
1051	779
1052	779
1052	778
1053	778
1053	777
1054	777
1054	775
1055	775
1055	774
1056	774
1056	772
1057	772
1057	771
1058	771
1058	769
1060	769
1060	768
1063	768
1063	763
1064	763
1064	762
1068	762
1068	759
1070	759
1070	756
1071	756
1071	755
1072	755
1072	754
1073	754
1073	746
1072	746
1072	745
1069	745
1069	744
1054	744
1054	742
1053	742
1053	741
1052	741
1052	738
1053	738
1053	737
1054	737
1054	730
1055	730
1055	728
1056	728
1056	727
1058	727
1058	726
1059	726
1059	725
1060	725
1060	721
1061	721
1061	720
1063	720
1063	719
1064	719
1064	718
1065	718
1065	715
1067	715
1067	713
1068	713
1068	712
1070	712
1070	709
1071	709
1071	708
1072	708
1072	707
1074	707
1074	706
1075	706
1075	704
1076	704
1076	703
1077	703
1077	702
1078	702
1078	700
1079	700
1079	699
1081	699
1081	696
1082	696
1082	695
1083	695
1083	693
1085	693
1085	692
1086	692
1086	690
1087	690
1087	689
1088	689
1088	688
1089	688
1089	687
1090	687
1090	688
1091	688
1091	681
1093	681
1093	680
1094	680
1094	677
1095	677
1095	676
1096	676
1096	675
1097	675
1097	674
1098	674
1098	670
1099	670
1099	669
1100	669
1100	666
1101	666
1101	662
1103	662
1103	661
1104	661
1104	660
1105	660
1105	659
1106	659
1106	656
1107	656
1107	655
1108	655
1108	654
1109	654
1109	650
1110	650
1110	649
1112	649
1112	648
1113	648
1113	644
1114	644
1114	641
1115	641
1115	640
1116	640
1116	637
1118	637
1118	636
1119	636
1119	632
1120	632
1120	630
1121	630
1121	628
1122	628
1122	624
1124	624
1124	623
1125	623
1125	621
1128	621
1128	620
1126	620
1126	619
1127	619
1127	618
1129	618
1129	614
1130	614
1130	612
1131	612
1131	610
1132	610
1132	609
1133	609
1133	607
1132	607
1132	606
1133	606
1133	605
1135	605
1135	603
1136	603
1136	599
1138	599
1138	597
1139	597
1139	594
1140	594
1140	593
1141	593
1141	592
1142	592
1142	588
1143	588
1143	585
1144	585
1144	581
1147	581
1147	580
1148	580
1148	577
1149	577
1149	574
1150	574
1150	572
1151	572
1151	568
1154	568
1154	563
1155	563
1155	561
1157	561
1157	558
1158	558
1158	554
1159	554
1159	552
1160	552
1160	549
1161	549
1161	548
1162	548
1162	546
1163	546
1163	543
1164	543
1164	541
1165	541
1165	537
1167	537
1167	535
1168	535
1168	532
1169	532
1169	530
1170	530
1170	526
1171	526
1171	524
1172	524
1172	523
1173	523
1173	518
1174	518
1174	517
1175	517
1175	516
1176	516
1176	510
1177	510
1177	508
1178	508
1178	507
1179	507
1179	506
1180	506
1180	502
1181	502
1181	500
1182	500
1182	498
1183	498
1183	494
1184	494
1184	493
1185	493
1185	492
1186	492
1186	490
1187	490
1187	488
1188	488
1188	483
1189	483
1189	482
1191	482
1191	481
1192	481
1192	478
1193	478
1193	472
1194	472
1194	471
1195	471
1195	470
1196	470
1196	467
1198	467
1198	461
1199	461
1199	460
1200	460
1200	457
1201	457
1201	455
1202	455
1202	454
1203	454
1203	452
1204	452
1204	449
1205	449
1205	448
1206	448
1206	446
1207	446
1207	445
1208	445
1208	443
1209	443
1209	442
1211	442
1211	435
1212	435
1212	434
1213	434
1213	433
1214	433
1214	430
1215	430
1215	427
1216	427
1216	425
1217	425
1217	424
1218	424
1218	410
1216	410
1216	411
1212	411
1212	410
1210	410
1210	411
1207	411
1207	412
1206	412
1206	413
1205	413
1205	415
1204	415
1204	416
1203	416
1203	417
1202	417
1202	418
1201	418
1201	420
1200	420
1200	421
1198	421
1198	422
1197	422
1197	423
1196	423
1196	426
1194	426
1194	428
1190	428
1190	432
1189	432
1189	433
1188	433
1188	434
1185	434
1185	435
1184	435
1184	438
1183	438
1183	439
1182	439
1182	440
1179	440
1179	441
1178	441
1178	443
1177	443
1177	445
1176	445
1176	446
1174	446
1174	447
1171	447
1171	450
1169	450
1169	452
1167	452
1167	453
1165	453
1165	456
1164	456
1164	457
1162	457
1162	459
1159	459
1159	461
1158	461
1158	462
1157	462
1157	464
1156	464
1156	465
1154	465
1154	466
1152	466
1152	469
1150	469
1150	470
1149	470
1149	472
1146	472
1146	474
1145	474
1145	475
1144	475
1144	477
1143	477
1143	478
1140	478
1140	481
1139	481
1139	482
1137	482
1137	484
1134	484
1134	485
1133	485
1133	488
1132	488
1132	489
1130	489
1130	490
1128	490
1128	491
1127	491
1127	496
1126	496
1126	497
1123	497
1123	499
1122	499
1122	500
1123	500
1123	501
1122	501
1122	502
1121	502
1121	503
1120	503
1120	504
1119	504
1119	505
1118	505
1118	507
1117	507
1117	509
1115	509
1115	510
1114	510
1114	512
1113	512
1113	513
1111	513
1111	515
1109	515
1109	516
1108	516
1108	518
1107	518
1107	519
1106	519
1106	522
1103	522
1103	523
1102	523
1102	525
1101	525
1101	527
1100	527
1100	528
1099	528
1099	529
1098	529
1098	533
1097	533
1097	534
1096	534
1096	535
1095	535
1095	538
1094	538
1094	541
1093	541
1093	542
1092	542
1092	555
1091	555
1091	556
1090	556
1090	557
1086	557
1086	558
1085	558
1085	559
1084	559
1084	560
1081	560
1081	561
1080	561
1080	562
1079	562
1079	563
1078	563
1078	564
1077	564
1077	563
1075	563
1075	562
1074	562
1074	560
1063	560
1063	565
1062	565
1062	566
1061	566
1061	568
1059	568
1059	569
1058	569
1058	572
1057	572
1057	573
1056	573
1056	574
1055	574
1055	575
1054	575
1054	576
1053	576
1053	578
1052	578
1052	580
1051	580
1051	581
1050	581
1050	582
1049	582
1049	583
1048	583
1048	584
1047	584
1047	585
1046	585
1046	587
1045	587
1045	589
1044	589
1044	590
1043	590
1043	591
1040	591
1040	592
1039	592
1039	594
1038	594
1038	595
1037	595
1037	597
1034	597
1034	598
1033	598
1033	601
1031	601
1031	603
1028	603
1028	604
1027	604
1027	607
1026	607
1026	608
1025	608
1025	610
1024	610
1024	611
1023	611
1023	612
1022	612
1022	613
1021	613
1021	616
1018	616
1018	617
1017	617
1017	620
1016	620
1016	621
1015	621
1015	622
1014	622
1014	623
1013	623
1013	624
1012	624
1012	625
1011	625
1011	627
1010	627
1010	628
1009	628
1009	629
1008	629
1008	632
1007	632
1007	633
1005	633
1005	634
1004	634
1004	635
1002	635
1002	641
1001	641
1001	644
1000	644
1000	645
998	645
998	646
997	646
997	647
996	647
996	649
995	649
995	651
993	651
993	653
991	653
991	654
989	654
989	659
988	659
988	660
983	660
983	663
979	663
979	661
978	661
978	660
977	660
977	659
976	659
976	653
975	653
975	652
974	652
974	651
964	651
964	652
963	652
963	653
962	653
962	654
961	654
961	656
960	656
960	658
959	658
959	660
958	660
958	661
957	661
957	662
956	662
956	664
955	664
955	665
953	665
953	666
952	666
952	667
951	667
951	672
949	672
949	673
947	673
947	678
946	678
946	679
943	679
943	680
942	680
942	682
941	682
941	683
940	683
940	684
938	684
938	685
937	685
937	686
936	686
936	688
935	688
935	689
932	689
932	690
931	690
931	693
930	693
930	694
928	694
928	695
927	695
927	699
925	699
925	700
923	700
923	701
921	701
921	703
920	703
920	704
919	704
919	705
918	705
918	706
917	706
917	707
916	707
916	708
915	708
915	709
914	709
914	710
913	710
913	711
912	711
912	712
911	712
911	714
909	714
909	715
908	715
908	716
907	716
907	717
906	717
906	719
905	719
905	720
903	720
903	721
902	721
902	722
901	722
901	723
902	723
902	724
901	724
901	726
900	726
900	728
899	728
899	729
895	729
895	733
894	733
894	734
893	734
893	735
890	735
890	736
889	736
889	739
885	739
885	740
883	740
883	741
880	741
880	740
879	740
879	736
878	736
878	735
877	735
877	734
876	734
876	733
875	733
875	732
873	732
873	731
872	731
872	725
870	725
870	726
868	726
868	725
867	725
867	726
864	726
864	725
862	725
862	726
861	726
861	730
860	730
860	732
859	732
859	734
858	734
858	736
857	736
857	737
856	737
856	739
855	739
855	741
852	741
852	742
851	742
851	746
850	746
850	748
849	748
849	749
848	749
848	751
847	751
847	753
846	753
846	754
845	754
845	755
844	755
844	756
843	756
843	757
842	757
842	758
841	758
841	760
840	760
840	761
839	761
839	762
838	762
838	763
836	763
836	764
835	764
835	765
834	765
834	767
833	767
833	768
831	768
831	769
830	769
830	770
829	770
829	772
828	772
828	773
825	773
825	775
824	775
824	777
823	777
823	779
820	779
820	784
818	784
818	786
817	786
817	787
816	787
816	789
814	789
814	791
811	791
811	792
810	792
810	793
809	793
809	794
808	794
808	795
807	795
807	797
806	797
806	798
805	798
805	799
804	799
804	800
803	800
803	801
801	801
801	802
800	802
800	803
799	803
799	804
796	804
796	805
795	805
795	807
789	807
789	808
787	808
787	807
785	807
785	799
784	799
784	798
782	798
782	797
780	797
780	796
779	796
779	792
777	792
777	790
776	790
776	784
775	784
775	781
774	781
774	779
763	779
763	782
762	782
762	783
761	783
761	784
760	784
760	785
758	785
758	786
757	786
757	791
755	791
755	793
754	793
754	794
753	794
753	795
752	795
752	796
751	796
751	797
750	797
750	798
749	798
749	800
748	800
748	801
746	801
746	802
745	802
745	804
743	804
743	806
742	806
742	807
741	807
741	808
740	808
740	809
739	809
739	810
738	810
738	811
737	811
737	812
736	812
736	813
733	813
733	814
732	814
732	815
731	815
731	816
730	816
730	817
726	817
726	819
725	819
725	820
724	820
724	821
723	821
723	823
719	823
719	824
718	824
718	827
714	827
714	828
713	828
713	829
712	829
712	830
711	830
711	832
710	832
710	833
708	833
708	834
707	834
707	835
706	835
706	837
705	837
705	838
703	838
703	839
702	839
702	840
701	840
701	841
699	841
699	842
697	842
697	841
696	841
696	842
694	842
694	843
693	843
693	844
691	844
691	845
689	845
689	847
683	847
683	848
677	848
677	847
676	847
676	846
675	846
675	843
674	843
674	840
673	840
673	838
672	838
672	836
671	836
671	835
669	835
669	832
668	832
668	828
666	828
666	827
665	827
665	826
666	826
666	825
665	825
665	824
663	824
663	823
658	823
658	824
655	824
655	825
654	825
654	826
653	826
653	827
652	827
652	828
651	828
651	829
649	829
649	830
648	830
648	834
647	834
647	835
645	835
645	836
643	836
643	837
642	837
642	838
641	838
641	839
640	839
640	840
639	840
639	841
635	841
635	842
633	842
633	843
632	843
632	845
630	845
630	847
629	847
629	848
626	848
626	850
625	850
625	851
623	851
623	852
621	852
621	853
620	853
620	855
618	855
618	856
617	856
617	857
616	857
616	858
614	858
614	859
613	859
613	860
612	860
612	861
611	861
611	860
609	860
609	861
607	861
607	865
606	865
606	864
605	864
605	865
603	865
603	866
602	866
602	867
601	867
601	868
600	868
600	869
599	869
599	870
594	870
594	872
593	872
593	873
588	873
588	876
583	876
583	877
582	877
582	880
580	880
580	879
577	879
577	880
576	880
576	882
573	882
573	883
570	883
570	885
565	885
565	886
563	886
563	888
562	888
562	887
561	887
561	888
555	888
555	887
554	887
554	883
553	883
553	880
552	880
552	874
551	874
551	873
549	873
549	872
548	872
548	870
547	870
547	867
546	867
546	864
547	864
547	863
546	863
546	861
536	861
536	862
535	862
535	863
534	863
534	864
532	864
532	866
531	866
531	867
529	867
529	869
527	869
527	870
526	870
526	871
524	871
524	873
519	873
519	877
518	877
518	878
517	878
517	879
513	879
513	881
512	881
512	882
511	882
511	883
509	883
509	884
508	884
508	885
505	885
505	886
503	886
503	887
502	887
502	889
500	889
500	890
498	890
498	891
496	891
496	892
494	892
494	893
491	893
491	894
488	894
488	895
486	895
486	896
483	896
483	897
482	897
482	898
475	898
475	900
474	900
474	901
472	901
472	902
469	902
469	904
464	904
464	905
463	905
463	907
460	907
460	908
455	908
455	905
453	905
453	904
452	904
452	902
453	902
453	899
452	899
452	898
448	898
448	897
447	897
447	896
446	896
446	895
436	895
436	896
434	896
434	898
432	898
432	899
431	899
431	900
430	900
430	901
429	901
429	902
427	902
427	903
426	903
426	904
425	904
425	905
424	905
424	906
423	906
423	907
422	907
422	908
421	908
421	909
420	909
420	910
419	910
419	911
418	911
418	910
414	910
414	911
413	911
413	913
411	913
411	914
409	914
409	915
406	915
406	917
401	917
401	918
400	918
400	920
397	920
397	921
393	921
393	922
392	922
392	923
388	923
388	925
387	925
387	926
381	926
381	929
376	929
376	930
375	930
375	931
373	931
373	932
369	932
369	933
364	933
364	929
363	929
363	927
362	927
362	926
361	926
361	925
360	925
360	923
359	923
359	921
358	921
358	914
356	914
356	911
355	911
355	905
354	905
354	904
344	904
344	908
342	908
342	909
340	909
340	910
338	910
338	911
337	911
337	913
331	913
331	914
325	914
325	916
324	916
324	917
313	917
313	918
312	918
312	919
306	919
306	920
301	920
301	921
298	921
298	922
297	922
297	921
295	921
295	922
288	922
288	923
283	923
283	924
281	924
281	925
278	925
278	924
277	924
277	923
276	923
276	922
277	922
277	919
276	919
276	918
267	918
267	919
262	919
262	920
257	920
257	921
256	921
256	922
250	922
250	923
219	923
219	924
218	924
218	925
212	925
212	926
200	926
200	927
192	927
192	926
191	926
191	927
189	927
189	926
188	926
188	927
187	927
187	928
180	928
180	929
176	929
176	928
170	928
170	929
155	929
155	928
154	928
154	929
149	929
149	928
146	928
146	929
139	929
139	928
138	928
138	927
125	927
125	926
120	926
120	923
111	923
111	922
110	922
110	917
111	917
111	915
112	915
112	914
113	914
113	913
114	913
114	912
115	912
115	911
116	911
116	910
117	910
117	909
119	909
119	908
120	908
120	907
121	907
121	906
122	906
122	905
126	905
126	904
127	904
127	902
128	902
128	901
132	901
132	900
133	900
133	899
134	899
134	897
135	897
135	896
139	896
139	895
141	895
141	894
145	894
145	892
146	892
146	891
147	891
147	890
148	890
148	889
151	889
151	888
153	888
153	887
157	887
157	885
158	885
158	884
160	884
160	883
161	883
161	882
162	882
162	881
163	881
163	875
175	875
175	874
176	874
176	873
178	873
178	872
179	872
179	871
180	871
180	870
182	870
182	869
183	869
183	868
184	868
184	867
185	867
185	866
186	866
186	865
187	865
187	864
188	864
188	863
189	863
189	862
190	862
190	861
192	861
192	860
193	860
193	859
195	859
195	857
196	857
196	856
201	856
201	855
202	855
202	853
203	853
203	852
204	852
204	851
205	851
205	850
207	850
207	849
208	849
208	848
209	848
209	846
210	846
210	845
214	845
214	844
216	844
216	843
218	843
218	842
220	842
220	840
226	840
226	838
228	838
228	837
229	837
229	838
231	838
231	837
232	837
232	838
233	838
233	836
235	836
235	835
237	835
237	834
238	834
238	833
242	833
242	832
245	832
245	831
246	831
246	827
245	827
245	825
246	825
246	824
245	824
245	823
246	823
246	822
245	822
245	821
246	821
246	819
245	819
245	817
244	817
244	816
240	816
240	812
239	812
239	810
240	810
240	808
242	808
242	807
243	807
243	806
245	806
245	805
248	805
248	804
249	804
249	802
252	802
252	800
255	800
255	798
256	798
256	797
257	797
257	795
260	795
260	794
263	794
263	793
264	793
264	791
265	791
265	790
266	790
266	789
268	789
268	788
270	788
270	786
271	786
271	784
272	784
272	781
276	781
276	780
277	780
277	776
279	776
279	775
282	775
282	774
283	774
283	772
284	772
284	770
286	770
286	769
288	769
288	768
289	768
289	766
292	766
292	765
294	765
294	764
295	764
295	762
296	762
296	763
297	763
297	762
298	762
298	761
299	761
299	760
300	760
300	759
301	759
301	758
302	758
302	756
307	756
307	755
308	755
308	752
311	752
311	751
314	751
314	750
315	750
315	748
314	748
314	747
320	747
320	746
322	746
322	745
324	745
324	744
326	744
326	743
327	743
327	742
328	742
328	741
329	741
329	740
333	740
333	739
338	739
338	738
342	738
342	737
349	737
349	726
348	726
348	725
347	725
347	723
346	723
346	722
343	722
343	720
342	720
342	719
341	719
341	718
340	718
340	716
339	716
339	715
336	715
336	713
335	713
335	712
334	712
334	711
333	711
333	706
334	706
334	703
336	703
336	702
339	702
339	700
340	700
340	699
341	699
341	697
342	697
342	696
343	696
343	695
344	695
344	694
345	694
345	693
346	693
346	692
347	692
347	691
351	691
351	690
352	690
352	689
353	689
353	687
357	687
357	686
358	686
358	684
359	684
359	683
360	683
360	684
361	684
361	683
362	683
362	684
363	684
363	683
365	683
365	678
370	678
370	677
371	677
371	676
373	676
373	675
376	675
376	674
377	674
377	673
378	673
378	672
381	672
381	671
383	671
383	670
387	670
387	669
388	669
388	668
389	668
389	665
390	665
390	664
402	664
402	663
404	663
404	662
407	662
407	661
408	661
408	660
410	660
410	658
411	658
411	657
410	657
410	656
412	656
412	657
413	657
413	658
424	658
424	657
426	657
426	656
439	656
439	655
442	655
442	645
441	645
441	644
440	644
440	641
439	641
439	640
438	640
438	639
437	639
437	637
436	637
436	636
435	636
435	634
434	634
434	633
433	633
433	629
430	629
430	625
429	625
429	623
428	623
428	622
427	622
427	615
430	615
430	614
431	614
431	613
433	613
433	612
434	612
434	611
435	611
435	610
436	610
436	609
437	609
437	606
445	606
445	605
446	605
446	602
447	602
447	601
454	601
454	600
455	600
455	599
459	599
459	598
461	598
461	597
465	597
465	596
470	596
470	595
474	595
474	593
477	593
477	592
479	592
479	591
480	591
480	592
481	592
481	591
485	591
485	590
486	590
486	589
490	589
490	587
500	587
500	586
505	586
505	585
511	585
511	584
522	584
522	585
535	585
535	574
534	574
534	572
532	572
532	571
531	571
531	568
530	568
530	565
529	565
529	564
528	564
528	560
526	560
526	559
523	559
523	557
522	557
522	556
524	556
524	555
523	555
523	554
524	554
524	553
525	553
525	552
527	552
527	551
528	551
528	545
538	545
538	544
539	544
539	543
542	543
542	542
543	542
543	541
544	541
544	540
548	540
548	539
554	539
554	538
555	538
555	537
563	537
563	536
565	536
565	535
567	535
567	534
568	534
568	533
569	533
569	534
571	534
571	533
572	533
572	534
574	534
574	533
576	533
576	532
582	532
582	531
584	531
584	530
594	530
594	529
598	529
598	528
607	528
607	527
610	527
610	528
624	528
624	527
627	527
627	526
628	526
628	516
625	516
625	513
624	513
624	511
623	511
623	509
621	509
621	508
622	508
622	504
621	504
621	503
620	503
620	502
619	502
619	501
618	501
618	500
617	500
617	496
618	496
618	495
619	495
619	493
622	493
622	492
624	492
624	491
626	491
626	489
630	489
630	488
634	488
634	487
635	487
635	486
637	486
637	487
639	487
639	486
641	486
641	485
663	485
663	484
679	484
679	483
680	483
680	482
681	482
681	483
684	483
684	482
685	482
685	481
696	481
696	480
703	480
703	481
713	481
713	482
717	482
717	483
720	483
720	482
721	482
721	483
726	483
726	485
724	485
724	486
737	486
737	474
736	474
736	472
734	472
734	466
730	466
730	460
729	460
729	458
730	458
730	455
734	455
734	454
735	454
735	452
740	452
740	451
747	451
747	450
760	450
760	449
782	449
782	448
785	448
785	449
816	449
816	450
826	450
826	451
832	451
832	453
833	453
833	452
834	452
834	453
840	453
840	454
855	454
855	443
854	443
854	442
853	442
853	440
852	440
852	437
851	437
851	438
850	438
850	437
848	437
848	435
849	435
849	434
850	434
850	433
853	433
853	432
854	432
854	431
855	431
855	430
857	430
857	429
863	429
863	428
864	428
864	427
871	427
871	428
880	428
880	429
888	429
888	430
909	430
909	431
911	431
911	430
914	430
914	431
915	431
915	432
923	432
923	431
925	431
925	432
936	432
936	431
938	431
938	432
946	432
946	433
971	433
971	432
977	432
977	433
979	433
979	434
987	434
987	435
997	435
997	428
998	428
998	421
1001	421
1001	420
1003	420
1003	419
1038	419
1038	418
1048	418
1048	419
1061	419
1061	418
1062	418
1062	417
1065	417
1065	418
1067	418
1067	417
1069	417
1069	415
1074	415
1074	414
1083	414
1083	413
1091	413
1091	412
1104	412
1104	411
1116	411
1116	409
1121	409
1121	408
1124	408
1124	407
1132	407
1132	406
1134	406
1134	405
1140	405
1140	404
1142	404
1142	403
1143	403
1143	402
1151	402
1151	401
1157	401
1157	400
1158	400
1158	399
1165	399
1165	398
1167	398
1167	396
1174	396
1174	395
1179	395
1179	394
1184	394
1184	393
1187	393
1187	392
1191	392
1191	391
1192	391
1192	381
1183	381
1183	380
1182	380
1182	378
1174	378
1174	377
1171	377
1171	376
1169	376
1169	377
1168	377
1168	376
1166	376
1166	375
1162	375
1162	374
1160	374
1160	372
1157	372
1157	371
1153	371
1153	370
1150	370
1150	369
1147	369
1147	368
1142	368
1142	366
1140	366
1140	365
1137	365
1137	366
1136	366
1136	365
1123	365
1123	364
1117	364
1117	363
1115	363
1115	362
1111	362
1111	360
1110	360
1110	359
1104	359
1104	358
1103	358
1103	357
1101	357
1101	356
1100	356
1100	355
1098	355
1098	353
1097	353
1097	352
1096	352
1096	353
1092	353
1092	350
1091	350
1091	349
1082	349
1082	348
1080	348
1080	347
1079	347
1079	346
1073	346
1073	344
1072	344
1072	343
1071	343
1071	344
1069	344
1069	343
1068	343
1068	344
1067	344
1067	341
1066	341
1066	340
1060	340
1060	339
1059	339
1059	338
1058	338
1058	339
1057	339
1057	338
1056	338
1056	339
1055	339
1055	338
1054	338
1054	337
1052	337
1052	336
1049	336
1049	337
1048	337
1048	334
1042	334
1042	332
1041	332
1041	330
1035	330
1035	328
1033	328
1033	327
1031	327
1031	328
1030	328
1030	327
1027	327
1027	326
1026	326
1026	325
1025	325
1025	324
1023	324
1023	322
1021	322
1021	321
1017	321
1017	320
1016	320
1016	319
1015	319
1015	318
1013	318
1013	319
1012	319
1012	318
1006	318
1006	316
1004	316
1004	315
1000	315
1000	314
999	314
999	313
998	313
998	312
991	312
991	311
992	311
992	310
991	310
991	309
987	309
987	307
985	307
985	306
984	306
984	305
981	305
981	304
980	304
980	303
979	303
979	301
978	301
978	300
976	300
976	299
973	299
973	296
968	296
968	294
967	294
967	293
966	293
966	292
967	292
967	291
966	291
966	290
962	290
962	289
960	289
960	288
959	288
959	287
957	287
957	286
955	286
955	285
954	285
954	283
952	283
952	282
950	282
950	281
949	281
949	280
948	280
948	279
949	279
949	278
947	278
947	277
943	277
943	276
942	276
942	275
941	275
941	274
940	274
940	273
936	273
936	271
934	271
934	270
933	270
933	269
931	269
931	268
930	268
930	267
929	267
929	265
928	265
928	264
925	264
925	263
924	263
924	262
923	262
923	260
922	260
922	259
918	259
918	258
917	258
917	257
916	257
916	256
914	256
914	255
912	255
912	254
911	254
911	253
910	253
910	252
909	252
909	248
910	248
910	237
909	237
909	236
906	236
906	235
904	235
904	234
903	234
903	233
902	233
902	232
901	232
901	230
899	230
899	228
897	228
897	227
895	227
895	226
894	226
894	225
893	225
893	224
892	224
892	222
891	222
891	221
888	221
888	220
887	220
887	219
886	219
886	218
885	218
885	215
882	215
882	214
880	214
880	212
879	212
879	209
878	209
878	208
875	208
875	206
873	206
873	203
872	203
872	202
869	202
869	200
868	200
868	199
867	199
867	197
866	197
866	196
864	196
864	195
863	195
863	193
861	193
861	192
860	192
860	190
859	190
859	189
858	189
858	188
857	188
857	187
855	187
855	186
854	186
854	184
853	184
853	183
852	183
852	182
851	182
851	181
850	181
850	180
849	180
849	179
848	179
848	178
847	178
847	177
846	177
846	176
844	176
844	174
843	174
843	171
840	171
840	170
839	170
839	168
838	168
838	165
836	165
836	164
834	164
834	161
835	161
835	160
834	160
834	159
833	159
833	158
830	158
830	155
829	155
829	153
828	153
828	152
827	152
827	151
826	151
826	150
825	150
825	149
824	149
824	147
823	147
823	145
820	145
820	141
819	141
819	139
817	139
817	138
816	138
816	134
815	134
815	133
813	133
813	132
808	132
808	131
807	131
807	130
806	130
806	128
805	128
805	127
802	127
802	121
800	121
800	120
799	120
799	117
798	117
798	116
797	116
797	109
796	109
796	108
795	108
795	106
796	106
796	105
800	105
800	104
803	104
803	103
806	103
806	102
807	102
807	101
813	101
813	100
818	100
818	99
820	99
820	98
824	98
824	97
827	97
827	96
833	96
833	94
834	94
834	95
835	95
835	96
839	96
839	97
841	97
841	98
845	98
845	99
846	99
846	100
848	100
848	101
851	101
851	102
852	102
852	104
857	104
857	105
858	105
858	106
861	106
861	107
862	107
862	108
866	108
866	109
869	109
869	110
873	110
873	111
875	111
875	112
878	112
878	113
881	113
881	114
885	114
885	116
887	116
887	117
889	117
889	118
890	118
890	119
894	119
894	120
895	120
895	121
896	121
896	122
897	122
897	123
898	123
898	122
899	122
899	123
902	123
902	125
905	125
905	126
906	126
906	127
907	127
907	128
908	128
908	129
911	129
911	131
913	131
913	132
915	132
915	133
916	133
916	134
917	134
917	135
930	135
930	131
931	131
931	126
932	126
932	123
940	123
940	125
943	125
943	126
947	126
947	127
948	127
948	128
950	128
950	129
952	129
952	130
953	130
953	131
954	131
954	132
956	132
956	133
957	133
957	134
958	134
958	135
960	135
960	136
961	136
961	137
963	137
963	138
964	138
964	139
965	139
965	141
968	141
968	143
969	143
969	142
971	142
971	143
973	143
973	144
974	144
974	145
975	145
975	146
977	146
977	147
978	147
978	148
982	148
982	151
985	151
985	152
987	152
987	154
989	154
989	155
992	155
992	154
993	154
993	155
994	155
994	154
995	154
995	157
996	157
996	159
998	159
998	160
1001	160
1001	161
1002	161
1002	162
1006	162
1006	163
1008	163
1008	165
1009	165
1009	166
1010	166
1010	167
1014	167
1014	168
1016	168
1016	169
1018	169
1018	170
1021	170
1021	173
1022	173
1022	174
1023	174
1023	173
1024	173
1024	174
1025	174
1025	175
1026	175
1026	176
1027	176
1027	177
1029	177
1029	178
1031	178
1031	179
1032	179
1032	180
1034	180
1034	182
1037	182
1037	183
1038	183
1038	185
1039	185
1039	186
1040	186
1040	187
1041	187
1041	188
1045	188
1045	189
1046	189
1046	191
1047	191
1047	192
1048	192
1048	193
1049	193
1049	194
1050	194
1050	195
1051	195
1051	197
1053	197
1053	199
1063	199
1063	198
1064	198
1064	195
1065	195
1065	192
1066	192
1066	191
1067	191
1067	181
1068	181
1068	180
1071	180
1071	181
1072	181
1072	182
1075	182
1075	183
1077	183
1077	184
1078	184
1078	185
1079	185
1079	186
1083	186
1083	187
1084	187
1084	189
1087	189
1087	191
1088	191
1088	192
1090	192
1090	193
1091	193
1091	194
1093	194
1093	197
1094	197
1094	198
1095	198
1095	199
1097	199
1097	201
1098	201
1098	202
1099	202
1099	203
1100	203
1100	204
1102	204
1102	205
1103	205
1103	206
1104	206
1104	207
1107	207
1107	210
1109	210
1109	211
1110	211
1110	212
1111	212
1111	214
1113	214
1113	216
1115	216
1115	217
1116	217
1116	220
1117	220
1117	221
1119	221
1119	222
1120	222
1120	223
1121	223
1121	224
1122	224
1122	226
1123	226
1123	227
1125	227
1125	229
1128	229
1128	230
1129	230
1129	231
1130	231
1130	232
1131	232
1131	233
1132	233
1132	234
1133	234
1133	235
1134	235
1134	236
1135	236
1135	237
1137	237
1137	238
1138	238
1138	239
1139	239
1139	240
1140	240
1140	242
1143	242
1143	244
1145	244
1145	245
1146	245
1146	247
1147	247
1147	248
1149	248
1149	249
1153	249
1153	251
1154	251
1154	252
1155	252
1155	253
1156	253
1156	255
1158	255
1158	257
1159	257
1159	258
1160	258
1160	259
1162	259
1162	260
1161	260
1161	261
1163	261
1163	262
1164	262
1164	263
1165	263
1165	267
1169	267
1169	268
1170	268
1170	269
1171	269
1171	270
1172	270
1172	271
1171	271
1171	272
1172	272
1172	273
1175	273
1175	274
1176	274
1176	275
1177	275
1177	277
1178	277
1178	279
1180	279
1180	280
1181	280
1181	281
1182	281
1182	282
1183	282
1183	283
1184	283
1184	285
1185	285
1185	286
1186	286
1186	287
1188	287
1188	288
1189	288
1189	291
1190	291
1190	292
1192	292
1192	293
1193	293
1193	294
1194	294
1194	295
1196	295
1196	298
1197	298
1197	299
1199	299
1199	301
1201	301
1201	302
1202	302
1202	303
1203	303
1203	304
1204	304
1204	305
1206	305
1206	307
1205	307
1205	308
1206	308
1206	310
1207	310
1207	311
1209	311
1209	317
1211	317
1211	319
1212	319
1212	321
1214	321
1214	322
1215	322
1215	326
1216	326
1216	328
1217	328
1217	330
1219	330
1219	333
1220	333
1220	335
1221	335
1221	337
1222	337
1222	338
1224	338
1224	339
1225	339
1225	343
1226	343
1226	345
1227	345
1227	347
1228	347
1228	354
1230	354
1230	356
1231	356
1231	359
1232	359
1232	360
1241	360
1241	359
1242	359
1242	356
1243	356
1243	352
1244	352
1244	351
1245	351
1245	348
1250	348
1250	343
1251	343
1251	341
1252	341
1252	340
1253	340
1253	339
1254	339
1254	338
1255	338
1255	337
1256	337
1256	336
1260	336
1260	335
1261	335
1261	332
1262	332
1262	330
1263	330
1263	329
1267	329
1267	327
1268	327
1268	325
1270	325
1270	324
1273	324
1273	322
1274	322
1274	320
1276	320
1276	319
1277	319
1277	318
1279	318
1279	317
1280	317
1280	314
1285	314
1285	313
1286	313
1286	311
1288	311
1288	309
1289	309
1289	308
1290	308
1290	307
1291	307
1291	306
1294	306
1294	305
1295	305
1295	304
1298	304
1298	303
1299	303
1299	301
1301	301
1301	300
1303	300
1303	298
1304	298
1304	297
1308	297
1308	296
1310	296
1310	295
1311	295
1311	294
1312	294
1312	293
1313	293
1313	292
1316	292
1316	291
1317	291
1317	290
1318	290
1318	288
1323	288
1323	287
1324	287
1324	286
1329	286
1329	285
1330	285
1330	282
1333	282
1333	280
1334	280
1334	279
1335	279
1335	278
1339	278
1339	277
1341	277
1341	276
1343	276
1343	275
1346	275
1346	274
1347	274
1347	273
1348	273
1348	271
1349	271
1349	270
1355	270
1355	269
1358	269
1358	267
1362	267
1362	266
1363	266
1363	267
1367	267
1367	266
1368	266
1368	264
1369	264
1369	263
1371	263
1371	262
1374	262
1374	261
1375	261
1375	260
1376	260
1376	259
1380	259
1380	258
1382	258
1382	257
1384	257
1384	256
1386	256
1386	255
1387	255
1387	254
1392	254
1392	251
1393	251
1393	250
1394	250
1394	249
1396	249
1396	248
1399	248
1399	247
1400	247
1400	245
1403	245
1403	244
1405	244
1405	242
1407	242
1407	241
1408	241
1408	240
1410	240
1410	239
1411	239
1411	238
1412	238
1412	237
1413	237
1413	236
1414	236
1414	237
1415	237
1415	236
1416	236
1416	235
1417	235
1417	234
1418	234
1418	233
1419	233
1419	232
1423	232
1423	231
1424	231
1424	229
1425	229
1425	230
1426	230
1426	229
1430	229
1430	227
1434	227
1434	226
1437	226
1437	225
1447	225
1447	234
1448	234
1448	235
1458	235
1458	234
1459	234
1459	233
1461	233
1461	232
1462	232
1462	231
1463	231
1463	230
1464	230
1464	229
1468	229
1468	227
1469	227
1469	226
1472	226
1472	225
1476	225
1476	223
1480	223
1480	222
1482	222
1482	221
1484	221
1484	220
1488	220
1488	219
1490	219
1490	218
1493	218
1493	217
1496	217
1496	216
1499	216
1499	215
1500	215
1500	214
1501	214
1501	213
1504	213
1504	212
1507	212
1507	211
1508	211
1508	210
1511	210
1511	209
1512	209
1512	208
1517	208
1517	207
1518	207
1518	206
1519	206
1519	205
1521	205
1521	204
1542	204
1542	203
1547	203
1547	208
1546	208
1546	219
1545	219
1545	232
1546	232
1546	233
1555	233
1555	232
1556	232
1556	231
1558	231
1558	230
1559	230
1559	229
1561	229
1561	228
1562	228
1562	227
1564	227
1564	226
1567	226
1567	225
1568	225
1568	224
1571	224
1571	223
1573	223
1573	222
1575	222
1575	220
1582	220
1582	219
1586	219
1586	218
1588	218
1588	217
1594	217
1594	216
1596	216
1596	215
1598	215
1598	214
1599	214
1599	215
1601	215
1601	214
1606	214
1606	213
1611	213
1611	212
1612	212
1612	211
1622	211
1622	210
1631	210
1631	209
1637	209
1637	208
1643	208
1643	207
1645	207
1645	208
1646	208
1646	207
1649	207
1649	206
1651	206
1651	205
1657	205
1657	204
1664	204
1664	205
1666	205
1666	210
1667	210
1667	212
1668	212
1668	214
1669	214
1669	215
1670	215
1670	214
1671	214
1671	215
1678	215
1678	214
1679	214
1679	213
1680	213
1680	212
1682	212
1682	211
1683	211
1683	210
1684	210
1684	211
1685	211
1685	210
1686	210
1686	211
1687	211
1687	208
1688	208
1688	207
1689	207
1689	208
1690	208
1690	207
1693	207
1693	206
1695	206
1695	205
1696	205
1696	206
1697	206
1697	205
1700	205
1700	204
1705	204
1705	203
1706	203
1706	202
1711	202
1711	201
1714	201
1714	200
1719	200
1719	199
1720	199
1720	198
1724	198
1724	197
1729	197
1729	196
1734	196
1734	195
1739	195
1739	194
1740	194
1740	195
1741	195
1741	194
1743	194
1743	193
1746	193
1746	192
1747	192
1747	191
1749	191
1749	190
1753	190
1753	189
1756	189
1756	188
1757	188
1757	187
1759	187
1759	188
1760	188
1760	187
1761	187
1761	186
1766	186
1766	185
1768	185
1768	183
1774	183
1774	182
1775	182
1775	181
1780	181
1780	180
1785	180
1785	179
1789	179
1789	180
1790	180
1790	186
1791	186
1791	189
1790	189
1790	193
1789	193
1789	195
1788	195
1788	196
1787	196
1787	199
1786	199
1786	200
1787	200
1787	201
1786	201
1786	202
1785	202
1785	205
1784	205
1784	207
1783	207
1783	211
1782	211
1782	212
1781	212
1781	213
1780	213
1780	214
1779	214
1779	216
1778	216
1778	218
1776	218
1776	220
1774	220
1774	221
1773	221
1773	224
1772	224
1772	225
1770	225
1770	227
1767	227
1767	229
1766	229
1766	230
1765	230
1765	232
1763	232
1763	233
1761	233
1761	234
1760	234
1760	236
1759	236
1759	237
1758	237
1758	238
1757	238
1757	239
1756	239
1756	240
1754	240
1754	242
1753	242
1753	243
1752	243
1752	245
1750	245
1750	246
1748	246
1748	249
1747	249
1747	250
1746	250
1746	251
1745	251
1745	252
1742	252
1742	253
1741	253
1741	256
1740	256
1740	257
1739	257
1739	258
1738	258
1738	259
1736	259
1736	260
1735	260
1735	262
1734	262
1734	263
1733	263
1733	264
1731	264
1731	265
1729	265
1729	268
1727	268
1727	269
1726	269
1726	270
1725	270
1725	271
1723	271
1723	272
1722	272
1722	274
1720	274
1720	275
1719	275
1719	276
1718	276
1718	277
1716	277
1716	278
1714	278
1714	279
1713	279
1713	280
1712	280
1712	281
1710	281
1710	282
1708	282
1708	283
1707	283
1707	284
1705	284
1705	293
1706	293
1706	294
1707	294
1707	295
1708	295
1708	299
1707	299
1707	300
1705	300
1705	301
1704	301
1704	303
1698	303
1698	305
1697	305
1697	306
1696	306
1696	307
1693	307
1693	308
1694	308
1694	309
1692	309
1692	310
1691	310
1691	311
1690	311
1690	312
1689	312
1689	313
1686	313
1686	314
1685	314
1685	315
1680	315
1680	316
1679	316
1679	318
1678	318
1678	319
1676	319
1676	320
1673	320
1673	321
1672	321
1672	322
1670	322
1670	321
1669	321
1669	322
1667	322
1667	325
1660	325
1660	327
1659	327
1659	328
1657	328
1657	327
1656	327
1656	328
1654	328
1654	330
1652	330
1652	331
1648	331
1648	332
1646	332
1646	333
1642	333
1642	334
1635	334
1635	336
1632	336
1632	347
1633	347
1633	349
1628	349
1628	350
1626	350
1626	351
1625	351
1625	352
1624	352
1624	353
1617	353
1617	354
1616	354
1616	356
1610	356
1610	357
1609	357
1609	358
1604	358
1604	359
1598	359
1598	360
1597	360
1597	362
1591	362
1591	363
1588	363
1588	364
1585	364
1585	365
1579	365
1579	366
1578	366
1578	368
1575	368
1575	369
1567	369
1567	370
1561	370
1561	371
1544	371
1544	370
1543	370
1543	371
1542	371
1542	370
1541	370
1541	371
1536	371
1536	381
1537	381
1537	384
1535	384
1535	385
1534	385
1534	386
1528	386
1528	387
1525	387
1525	388
1516	388
1516	389
1504	389
1504	390
1484	390
1484	391
1478	391
1478	392
1472	392
1472	393
1456	393
1456	394
1450	394
1450	395
1435	395
1435	396
1424	396
1424	397
1422	397
1422	396
1418	396
1418	397
1416	397
1416	399
1403	399
1403	400
1379	400
1379	401
1377	401
1377	402
1368	402
1368	401
1367	401
1367	402
1366	402
1366	403
1362	403
1362	402
1350	402
1350	401
1330	401
1330	400
1309	400
1309	399
1299	399
1299	397
1298	397
1298	396
1276	396
1276	397
1275	397
1275	406
1276	406
1276	407
1277	407
1277	408
1278	408
1278	409
1280	409
1280	410
1281	410
1281	411
1283	411
1283	413
1284	413
1284	412
1285	412
1285	414
1289	414
1289	415
1290	415
1290	417
1291	417
1291	418
1294	418
1294	419
1295	419
1295	420
1297	420
1297	421
1298	421
1298	422
1299	422
1299	423
1300	423
1300	422
1301	422
1301	423
1302	423
1302	424
1303	424
1303	425
1305	425
1305	427
1307	427
1307	428
1309	428
1309	429
1311	429
1311	430
1312	430
1312	431
1313	431
1313	433
1314	433
1314	434
1315	434
1315	435
1316	435
1316	436
1320	436
1320	437
1321	437
1321	439
1322	439
1322	440
1324	440
1324	441
1326	441
1326	442
1328	442
1328	443
1329	443
1329	445
1330	445
1330	446
1331	446
1331	447
1334	447
1334	449
1335	449
1335	450
1337	450
1337	452
1341	452
1341	454
1342	454
1342	455
1345	455
1345	456
1346	456
1346	457
1350	457
1350	458
1351	458
1351	459
1353	459
1353	461
1356	461
1356	462
1358	462
1358	463
1359	463
1359	464
1360	464
1360	465
1363	465
1363	466
1365	466
1365	468
1366	468
1366	469
1369	469
1369	470
1371	470
1371	471
1376	471
1376	473
1377	473
1377	474
1378	474
1378	475
1379	475
1379	476
1382	476
1382	477
1384	477
1384	478
1385	478
1385	480
1389	480
1389	481
1390	481
1390	482
1392	482
1392	483
1394	483
1394	484
1395	484
1395	485
1397	485
1397	486
1398	486
1398	487
1399	487
1399	488
1400	488
1400	489
1402	489
1402	490
1407	490
1407	491
1409	491
1409	494
1410	494
1410	495
1413	495
1413	496
1414	496
1414	497
1415	497
1415	498
1416	498
1416	499
1419	499
1419	500
1422	500
1422	502
1425	502
1425	503
1428	503
1428	505
1429	505
1429	506
1433	506
1433	507
1435	507
1435	508
1436	508
1436	509
1437	509
1437	510
1440	510
1440	511
1441	511
1441	512
1443	512
1443	513
1444	513
1444	514
1446	514
1446	515
1450	515
1450	516
1451	516
1451	517
1454	517
1454	519
1455	519
1455	520
1457	520
1457	521
1458	521
1458	522
1460	522
1460	523
1461	523
1461	524
1464	524
1464	525
1465	525
1465	526
1468	526
1468	527
1470	527
1470	528
1472	528
1472	529
1473	529
1473	530
1475	530
1475	531
1477	531
1477	532
1480	532
1480	533
1482	533
1482	534
1484	534
1484	535
1485	535
1485	536
1488	536
1488	537
1491	537
1491	538
1493	538
1493	539
1495	539
1495	540
1497	540
1497	542
1498	542
1498	543
1502	543
1502	545
1504	545
1504	546
1509	546
1509	547
1510	547
1510	549
1514	549
1514	550
1515	550
1515	551
1516	551
1516	552
1520	552
1520	553
1521	553
1521	554
1523	554
1523	555
1524	555
1524	556
1526	556
1526	557
1528	557
1528	558
1529	558
1529	559
1530	559
1530	558
1531	558
1531	559
1536	559
1536	560
1537	560
1537	561
1541	561
1541	562
1544	562
1544	563
1545	563
1545	564
1548	564
1548	565
1550	565
1550	566
1553	566
1553	567
1555	567
1555	568
1556	568
1556	569
1558	569
1558	570
1559	570
1559	571
1565	571
1565	572
1566	572
1566	573
1567	573
1567	574
1568	574
1568	575
1569	575
1569	574
1570	574
1570	575
1572	575
1572	576
1574	576
1574	577
1575	577
1575	578
1578	578
1578	579
1579	579
1579	580
1580	580
1580	581
1581	581
1581	582
1583	582
1583	583
1585	583
1585	586
1587	586
1587	587
1588	587
1588	588
1589	588
1589	589
1590	589
1590	592
1589	592
1589	593
1586	593
1586	594
1584	594
1584	596
1583	596
1583	597
1582	597
1582	606
1583	606
1583	608
1585	608
1585	609
1592	609
1592	610
1595	610
1595	611
1598	611
1598	612
1603	612
1603	613
1605	613
1605	614
1607	614
1607	615
1612	615
1612	616
1617	616
1617	618
1619	618
1619	619
1623	619
1623	620
1627	620
1627	621
1629	621
1629	622
1631	622
1631	623
1635	623
1635	624
1641	624
1641	625
1643	625
1643	626
1649	626
1649	627
1651	627
1651	628
1656	628
1656	629
1660	629
1660	630
1663	630
1663	631
1673	631
1673	632
1679	632
1679	634
1683	634
1683	635
1685	635
1685	636
1686	636
1686	637
1687	637
1687	638
1688	638
1688	639
1690	639
1690	641
1691	641
1691	642
1692	642
1692	645
1691	645
1691	646
1690	646
1690	647
1689	647
1689	648
1688	648
1688	650
1687	650
1687	652
1686	652
1686	653
1684	653
1684	655
1683	655
1683	656
1682	656
1682	667
1686	667
1686	668
1702	668
1702	669
1703	669
1703	670
1709	670
1709	671
1712	671
1712	672
1722	672
1722	673
1724	673
1724	674
1731	674
1731	675
1737	675
1737	676
1739	676
1739	677
1741	677
1741	678
1748	678
1748	679
1751	679
1751	680
1752	680
1752	681
1757	681
1757	682
1758	682
1758	683
1763	683
1763	684
1765	684
1765	685
1766	685
1766	686
1768	686
1768	687
1769	687
1769	688
1771	688
1771	689
1774	689
1774	690
1776	690
1776	691
1777	691
1777	693
1780	693
1780	694
1781	694
1781	696
1782	696
1782	697
1783	697
1783	698
1784	698
1784	699
1783	699
1783	700
1782	700
1782	701
1780	701
1780	703
1779	703
1779	704
1778	704
1778	705
1777	705
1777	706
1776	706
1776	707
1774	707
1774	709
1773	709
1773	712
1772	712
1772	713
1770	713
1770	714
1769	714
1769	715
1768	715
1768	716
1767	716
1767	717
1766	717
1766	718
1765	718
1765	719
1764	719
1764	720
1763	720
1763	721
1762	721
1762	722
1761	722
1761	723
1760	723
1760	733
1765	733
1765	734
1766	734
1766	735
1768	735
1768	736
1772	736
1772	737
1778	737
1778	738
1779	738
1779	739
1787	739
1787	740
1789	740
1789	741
1792	741
1792	743
1798	743
1798	745
1802	745
1802	746
1804	746
1804	748
1805	748
1805	749
1806	749
1806	750
1807	750
1807	749
1809	749
1809	750
1811	750
1811	751
1812	751
1812	752
1814	752
1814	753
1816	753
1816	754
1817	754
1817	755
1818	755
1818	756
1823	756
1823	757
1824	757
1824	758
1828	758
1828	759
1829	759
1829	760
1830	760
1830	761
1833	761
1833	762
1837	762
1837	764
1840	764
1840	765
1842	765
1842	767
1843	767
1843	768
1846	768
1846	769
1848	769
1848	770
1850	770
1850	771
1852	771
1852	772
1854	772
1854	773
1855	773
1855	774
1856	774
1856	775
1857	775
1857	776
1858	776
1858	777
1860	777
1860	778
1861	778
1861	780
1862	780
1862	781
1864	781
1864	783
1866	783
1866	784
1867	784
1867	786
1868	786
1868	787
1869	787
1869	789
1870	789
1870	793
1872	793
1872	799
1870	799
1870	800
1868	800
1868	801
1867	801
1867	802
1865	802
1865	803
1864	803
1864	804
1862	804
1862	805
1861	805
1861	806
1860	806
1860	808
1858	808
1858	809
1857	809
1857	810
1855	810
1855	811
1854	811
1854	812
1853	812
1853	813
1852	813
1852	814
1851	814
1851	826
1852	826
1852	827
1855	827
1855	828
1857	828
1857	829
1858	829
1858	830
1861	830
1861	831
1864	831
1864	832
1865	832
1865	833
1869	833
1869	835
1872	835
1872	836
1873	836
1873	837
1874	837
1874	838
1876	838
1876	839
1877	839
1877	840
1878	840
1878	841
1880	841
1880	843
1881	843
1881	844
1882	844
1882	843
1883	843
1883	844
1885	844
1885	846
1886	846
1886	847
1888	847
1888	849
1889	849
1889	850
1891	850
1891	851
1892	851
1892	853
1893	853
1893	854
1894	854
1894	855
1895	855
1895	856
1896	856
1896	857
1898	857
1898	860
1899	860
1899	862
1903	862
1903	864
1904	864
1904	865
1905	865
1905	868
1906	868
1906	869
1909	869
1909	870
1910	870
1910	871
1911	871
1911	872
1913	872
1913	873
1914	873
1914	874
1915	874
1915	875
1917	875
1917	877
1918	877
1918	876
1919	876
1919	878
1920	878
1920	879
1921	879
1921	880
1923	880
1923	881
1925	881
1925	883
1927	883
1927	884
1928	884
1928	885
1929	885
1929	886
1930	886
1930	887
1932	887
1932	888
1934	888
1934	889
1935	889
1935	890
1936	890
1936	893
1938	893
1938	894
1939	894
1939	895
1941	895
1941	896
1942	896
1942	898
1943	898
1943	900
1944	900
1944	901
1945	901
1945	903
1946	903
1946	904
1947	904
1947	906
1948	906
1948	909
1947	909
1947	910
1946	910
1946	911
1945	911
1945	912
1944	912
1944	913
1943	913
1943	914
1942	914
1942	915
1941	915
1941	916
1940	916
1940	917
1936	917
1936	920
1935	920
1935	921
1934	921
1934	922
1933	922
1933	923
1931	923
1931	924
1930	924
1930	925
1929	925
1929	926
1928	926
1928	935
1929	935
1929	936
1930	936
1930	938
1936	938
1936	939
1937	939
1937	940
1939	940
1939	941
1941	941
1941	942
1942	942
1942	943
1943	943
1943	944
1946	944
1946	945
1947	945
1947	946
1948	946
1948	947
1950	947
1950	948
1952	948
1952	949
1954	949
1954	950
1955	950
1955	951
1956	951
1956	952
1959	952
1959	953
1961	953
1961	956
1963	956
1963	957
1964	957
1964	958
1967	958
1967	959
1968	959
1968	962
1970	962
1970	963
1975	963
1975	964
1976	964
1976	966
1977	966
1977	968
1979	968
1979	969
1980	969
1980	971
1982	971
1982	972
1984	972
1984	974
1985	974
1985	975
1989	975
1989	978
1990	978
1990	979
1991	979
1991	980
1992	980
1992	982
1993	982
1993	983
1995	983
1995	984
1996	984
1996	985
1997	985
1997	986
1998	986
1998	988
1999	988
1999	989
2000	989
2000	990
2001	990
2001	992
2002	992
2002	994
2003	994
2003	995
2005	995
2005	1000
2007	1000
2007	1001
2008	1001
2008	1002
2009	1002
2009	1006
2011	1006
2011	1014
2012	1014
2012	1017
2008	1017
2008	1018
2007	1018
2007	1019
2006	1019
2006	1020
2004	1020
2004	1021
2003	1021
2003	1022
2002	1022
2002	1023
2001	1023
2001	1024
1999	1024
1999	1025
1997	1025
1997	1026
1996	1026
1996	1027
1995	1027
1995	1028
1993	1028
1993	1029
1992	1029
1992	1036
1988	1036
1988	1037
1987	1037
1987	1047
1988	1047
1988	1048
1990	1048
1990	1049
1992	1049
1992	1050
1993	1050
1993	1051
1994	1051
1994	1052
1995	1052
1995	1053
1996	1053
1996	1054
1998	1054
1998	1057
2001	1057
2001	1058
2002	1058
2002	1061
2004	1061
2004	1062
2005	1062
2005	1064
2007	1064
2007	1065
2008	1065
2008	1066
2009	1066
2009	1069
2011	1069
2011	1071
2012	1071
2012	1072
2011	1072
2011	1073
2012	1073
2012	1075
2014	1075
2014	1077
2016	1077
2016	1079
2017	1079
2017	1081
2018	1081
2018	1082
2019	1082
2019	1084
2020	1084
2020	1086
2022	1086
2022	1089
2023	1089
2023	1091
2024	1091
2024	1094
2026	1094
2026	1097
2027	1097
2027	1098
2026	1098
2026	1099
2028	1099
2028	1100
2029	1100
2029	1101
2030	1101
2030	1103
2031	1103
2031	1104
2033	1104
2033	1107
2034	1107
2034	1108
2035	1108
2035	1110
2036	1110
2036	1111
2037	1111
2037	1113
2038	1113
2038	1115
2039	1115
2039	1119
2040	1119
2040	1120
2042	1120
2042	1125
2043	1125
2043	1126
2044	1126
2044	1128
2045	1128
2045	1131
2046	1131
2046	1132
2047	1132
2047	1133
2048	1133
2048	1138
2047	1138
2047	1139
2046	1139
2046	1138
2045	1138
2045	1140
2043	1140
2043	1141
2042	1141
2042	1142
2041	1142
2041	1143
2039	1143
2039	1142
2037	1142
2037	1143
2036	1143
2036	1145
2035	1145
2035	1147
2033	1147
2033	1146
2032	1146
2032	1148
2030	1148
2030	1149
2027	1149
2027	1160
2029	1160
2029	1162
2030	1162
2030	1163
2031	1163
2031	1164
2032	1164
2032	1165
2033	1165
2033	1167
2034	1167
2034	1169
2035	1169
2035	1170
2036	1170
2036	1173
2037	1173
2037	1174
2036	1174
2036	1175
2038	1175
2038	1176
2040	1176
2040	1177
2041	1177
2041	1179
2042	1179
2042	1181
2043	1181
2043	1182
2044	1182
2044	1183
2045	1183
2045	1185
2046	1185
2046	1186
2047	1186
2047	1188
2048	1188
2048	1190
2049	1190
2049	1194
2050	1194
2050	1195
2052	1195
2052	1196
2053	1196
2053	1199
2054	1199
2054	1201
2056	1201
2056	1203
2057	1203
2057	1204
2058	1204
2058	1207
2059	1207
2059	1209
2060	1209
2060	1211
2061	1211
2061	1212
2062	1212
2062	1213
2063	1213
2063	1218
2064	1218
2064	1220
2065	1220
2065	1221
2066	1221
2066	1222
2067	1222
2067	1226
2068	1226
2068	1227
2070	1227
2070	1229
2071	1229
2071	1234
2072	1234
2072	1236
2073	1236
2073	1239
2074	1239
2074	1244
2075	1244
2075	1245
2076	1245
2076	1247
2077	1247
2077	1250
2078	1250
2078	1254
2079	1254
2079	1256
2080	1256
2080	1258
2081	1258
2081	1262
2082	1262
2082	1263
2083	1263
2083	1265
2084	1265
2084	1266
2085	1266
2085	1267
2086	1267
2086	1271
2088	1271
2088	1272
2089	1272
2089	1274
2090	1274
2090	1275
2089	1275
2089	1276
2091	1276
2091	1277
2092	1277
2092	1280
2093	1280
2093	1282
2095	1282
2095	1284
2096	1284
2096	1286
2097	1286
2097	1287
2098	1287
2098	1288
2099	1288
2099	1290
2100	1290
2100	1292
2101	1292
2101	1293
2102	1293
2102	1295
2104	1295
2104	1297
2105	1297
2105	1300
2106	1300
2106	1301
2107	1301
2107	1303
2108	1303
2108	1304
2109	1304
2109	1306
2110	1306
2110	1308
2111	1308
2111	1311
2112	1311
2112	1313
2113	1313
2113	1314
2114	1314
2114	1315
2115	1315
2115	1317
2116	1317
2116	1318
2117	1318
2117	1319
2118	1319
2118	1320
2119	1320
2119	1323
2120	1323
2120	1324
2121	1324
2121	1326
2122	1326
2122	1327
2123	1327
2123	1329
2124	1329
2124	1330
2123	1330
2123	1331
2124	1331
2124	1332
2125	1332
2125	1333
2126	1333
2126	1334
2127	1334
2127	1335
2128	1335
2128	1336
2129	1336
2129	1338
2130	1338
2130	1340
2131	1340
2131	1341
2132	1341
2132	1343
2133	1343
2133	1344
2134	1344
2134	1346
2136	1346
2136	1351
2137	1351
2137	1358
2129	1358
2129	1357
2120	1357
2120	1355
2119	1355
2119	1354
2112	1354
2112	1353
2108	1353
2108	1352
2107	1352
2107	1351
2104	1351
2104	1350
2102	1350
2102	1349
2099	1349
2099	1348
2097	1348
2097	1347
2095	1347
2095	1346
2092	1346
2092	1345
2091	1345
2091	1344
2090	1344
2090	1343
2085	1343
2085	1342
2084	1342
2084	1340
2080	1340
2080	1339
2079	1339
2079	1337
2076	1337
2076	1336
2075	1336
2075	1335
2072	1335
2072	1333
2070	1333
2070	1332
2069	1332
2069	1331
2067	1331
2067	1330
2065	1330
2065	1331
2064	1331
2064	1329
2063	1329
2063	1327
2061	1327
2061	1326
2059	1326
2059	1325
2058	1325
2058	1324
2054	1324
2054	1322
2053	1322
2053	1321
2051	1321
2051	1318
2047	1318
2047	1317
2046	1317
2046	1316
2044	1316
2044	1315
2039	1315
2039	1313
2038	1313
2038	1312
2037	1312
2037	1311
2034	1311
2034	1310
2033	1310
2033	1309
2032	1309
2032	1306
2028	1306
2028	1305
2026	1305
2026	1304
2024	1304
2024	1303
2023	1303
2023	1302
2022	1302
2022	1301
2021	1301
2021	1300
2020	1300
2020	1299
2017	1299
2017	1297
2015	1297
2015	1296
2014	1296
2014	1295
2013	1295
2013	1293
2010	1293
2010	1292
2009	1292
2009	1290
2007	1290
2007	1287
2004	1287
2004	1286
2003	1286
2003	1285
2001	1285
2001	1284
2000	1284
2000	1281
1997	1281
1997	1280
1996	1280
1996	1278
1995	1278
1995	1275
1994	1275
1994	1274
1991	1274
1991	1272
1989	1272
1989	1271
1979	1271
1979	1272
1978	1272
1978	1273
1977	1273
1977	1274
1974	1274
1974	1275
1973	1275
1973	1278
1971	1278
1971	1280
1967	1280
1967	1279
1964	1279
1964	1278
1963	1278
1963	1275
1962	1275
1962	1274
1957	1274
1957	1273
1956	1273
1956	1272
1954	1272
1954	1271
1953	1271
1953	1268
1950	1268
1950	1267
1949	1267
1949	1266
1947	1266
1947	1265
1946	1265
1946	1264
1945	1264
1945	1263
1944	1263
1944	1262
1943	1262
1943	1261
1942	1261
1942	1260
1940	1260
1940	1259
1939	1259
1939	1258
1938	1258
1938	1256
1937	1256
1937	1255
1933	1255
1933	1253
1932	1253
1932	1251
1931	1251
1931	1250
1930	1250
1930	1249
1927	1249
1927	1248
1926	1248
1926	1247
1925	1247
1925	1246
1922	1246
1922	1245
1920	1245
1920	1244
1919	1244
1919	1241
1917	1241
1917	1240
1916	1240
1916	1239
1915	1239
1915	1237
1913	1237
1913	1236
1910	1236
1910	1235
1909	1235
1909	1234
1908	1234
1908	1233
1907	1233
1907	1230
1904	1230
1904	1229
1903	1229
1903	1228
1901	1228
1901	1226
1900	1226
1900	1224
1898	1224
1898	1223
1897	1223
1897	1222
1896	1222
1896	1221
1895	1221
1895	1220
1894	1220
1894	1218
1892	1218
1892	1217
1891	1217
1891	1215
1890	1215
1890	1213
1888	1213
1888	1212
1887	1212
1887	1209
1886	1209
1886	1208
1885	1208
1885	1205
1884	1205
1884	1203
1883	1203
1883	1201
1882	1201
1882	1200
1881	1200
1881	1198
1880	1198
1880	1197
1870	1197
1870	1199
1867	1199
1867	1203
1865	1203
1865	1205
1861	1205
1861	1208
1860	1208
1860	1209
1859	1209
1859	1210
1858	1210
1858	1209
1857	1209
1857	1210
1855	1210
1855	1212
1854	1212
1854	1213
1853	1213
1853	1214
1850	1214
1850	1215
1848	1215
1848	1214
1847	1214
1847	1213
1846	1213
1846	1212
1845	1212
1845	1211
1843	1211
1843	1210
1841	1210
1841	1209
1840	1209
1840	1208
1839	1208
1839	1207
1838	1207
1838	1206
1837	1206
1837	1205
1835	1205
1835	1204
1834	1204
1834	1203
1833	1203
1833	1202
1832	1202
1832	1201
1831	1201
1831	1199
1829	1199
1829	1198
1828	1198
1828	1197
1827	1197
1827	1196
1826	1196
1826	1194
1825	1194
1825	1193
1824	1193
1824	1192
1823	1192
1823	1191
1822	1191
1822	1190
1821	1190
1821	1188
1819	1188
1819	1185
1816	1185
1816	1183
1815	1183
1815	1181
1814	1181
1814	1180
1813	1180
1813	1179
1812	1179
1812	1177
1810	1177
1810	1175
1808	1175
1808	1170
1807	1170
1807	1169
1806	1169
1806	1167
1805	1167
1805	1166
1804	1166
1804	1164
1803	1164
1803	1162
1802	1162
1802	1161
1801	1161
1801	1160
1800	1160
1800	1156
1799	1156
1799	1155
1798	1155
1798	1154
1797	1154
1797	1152
1796	1152
1796	1151
1795	1151
1795	1148
1794	1148
1794	1143
1793	1143
1793	1142
1792	1142
1792	1140
1782	1140
1782	1141
1780	1141
1780	1142
1779	1142
1779	1143
1778	1143
1778	1144
1777	1144
1777	1145
1776	1145
1776	1146
1775	1146
1775	1147
1774	1147
1774	1148
1773	1148
1773	1149
1772	1149
1772	1150
1771	1150
1771	1151
1770	1151
1770	1152
1768	1152
1768	1154
1767	1154
1767	1156
1766	1156
1766	1157
1763	1157
1763	1156
1762	1156
1762	1155
1759	1155
1759	1154
1757	1154
1757	1153
1756	1153
1756	1152
1755	1152
1755	1151
1752	1151
1752	1149
1751	1149
1751	1148
1750	1148
1750	1147
1748	1147
1748	1145
1747	1145
1747	1143
1746	1143
1746	1142
1745	1142
1745	1141
1744	1141
1744	1137
1743	1137
1743	1136
1740	1136
1740	1134
1739	1134
1739	1132
1738	1132
1738	1130
1736	1130
1736	1129
1735	1129
1735	1127
1733	1127
1733	1126
1732	1126
1732	1124
1731	1124
1731	1123
1730	1123
1730	1122
1728	1122
1728	1119
1727	1119
1727	1117
1725	1117
1725	1116
1724	1116
1724	1115
1723	1115
1723	1114
1721	1114
1721	1112
1720	1112
1720	1110
1719	1110
1719	1109
1718	1109
1718	1105
1715	1105
1715	1104
1714	1104
1714	1102
1713	1102
1713	1100
1712	1100
1712	1099
1711	1099
1711	1098
1710	1098
1710	1097
1709	1097
1709	1094
1708	1094
1708	1093
1707	1093
1707	1092
1706	1092
1706	1087
1705	1087
1705	1086
1704	1086
1704	1081
1703	1081
1703	1080
1702	1080
1702	1078
1701	1078
1701	1076
1702	1076
1702	1075
1701	1075
1701	1073
1700	1073
1700	1071
1699	1071
1699	1070
1700	1070
1700	1069
1689	1069
1689	1070
1688	1070
1688	1071
1686	1071
1686	1073
1685	1073
1685	1074
1684	1074
1684	1075
1683	1075
1683	1076
1682	1076
1682	1077
1680	1077
1680	1079
1678	1079
1678	1080
1677	1080
1677	1081
1676	1081
1676	1082
1675	1082
1675	1083
1673	1083
1673	1084
1671	1084
1671	1085
1670	1085
1670	1087
1669	1087
1669	1088
1668	1088
1668	1089
1667	1089
1667	1091
1666	1091
1666	1090
1665	1090
1665	1091
1661	1091
1661	1090
1660	1090
1660	1089
1659	1089
1659	1088
1658	1088
1658	1087
1657	1087
1657	1086
1655	1086
1655	1085
1654	1085
1654	1084
1653	1084
1653	1083
1652	1083
1652	1082
1650	1082
1650	1080
1648	1080
1648	1078
1647	1078
1647	1077
1645	1077
1645	1076
1644	1076
1644	1075
1643	1075
1643	1072
1642	1072
1642	1071
1641	1071
1641	1070
1639	1070
1639	1068
1638	1068
1638	1067
1637	1067
1637	1064
1635	1064
1635	1062
1634	1062
1634	1060
1633	1060
1633	1058
1631	1058
1631	1056
1630	1056
1630	1055
1629	1055
1629	1054
1628	1054
1628	1052
1627	1052
1627	1051
1626	1051
1626	1050
1625	1050
1625	1048
1624	1048
1624	1043
1623	1043
1623	1042
1620	1042
1620	1038
1619	1038
1619	1036
1618	1036
1618	1035
1616	1035
1616	1031
1615	1031
1615	1027
1614	1027
1614	1026
1613	1026
1613	1025
1612	1025
1612	1019
1610	1019
1610	1018
1609	1018
1609	1005
1608	1005
1608	998
1597	998
1597	999
1595	999
1595	1002
1591	1002
1591	1003
1590	1003
1590	1004
1589	1004
1589	1005
1588	1005
1588	1008
1585	1008
1585	1009
1582	1009
1582	1010
1579	1010
1579	1011
1578	1011
1578	1010
1576	1010
1576	1009
1575	1009
1575	1008
1574	1008
1574	1007
1575	1007
1575	1006
1574	1006
1574	1004
1573	1004
1573	1003
1572	1003
1572	1002
1571	1002
1571	1001
1570	1001
1570	999
1568	999
1568	998
1567	998
1567	997
1566	997
1566	995
1565	995
1565	993
1563	993
1563	992
1562	992
1562	987
1561	987
1561	986
1559	986
1559	985
1558	985
1558	980
1557	980
1557	979
1556	979
1556	978
1557	978
1557	977
1556	977
1556	976
1555	976
1555	974
1554	974
1554	972
1553	972
1553	970
1552	970
1552	968
1551	968
1551	967
1550	967
1550	964
1549	964
1549	961
1547	961
1547	959
1546	959
1546	957
1545	957
1545	955
1543	955
1543	954
1542	954
1542	949
1541	949
1541	948
1540	948
1540	945
1539	945
1539	944
1538	944
1538	942
1537	942
1537	938
1536	938
1536	936
1534	936
1534	935
1533	935
1533	934
1532	934
1532	930
1531	930
1531	928
1530	928
1530	923
1528	923
1528	919
1527	919
1527	917
1526	917
1526	911
1525	911
1525	909
1524	909
1524	905
1523	905
1523	904
1513	904
1513	905
1512	905
1512	907
1510	907
1510	909
1509	909
1509	910
1508	910
1508	911
1507	911
1507	912
1504	912
1504	913
1503	913
1503	914
1502	914
1502	915
1501	915
1501	916
1500	916
1500	917
1499	917
1499	916
1497	916
1497	915
1495	915
1495	914
1493	914
1493	911
1492	911
1492	910
1490	910
1490	907
1488	907
1488	905
1487	905
1487	901
1486	901
1486	899
1485	899
1485	898
1484	898
1484	897
1483	897
1483	896
1482	896
1482	893
1481	893
1481	892
1480	892
1480	886
1479	886
1479	884
1478	884
1478	880
1477	880
1477	879
1476	879
1476	878
1475	878
1475	877
1474	877
1474	873
1472	873
1472	872
1471	872
1471	867
1470	867
1470	866
1469	866
1469	864
1468	864
1468	861
1467	861
1467	860
1466	860
1466	858
1465	858
1465	856
1462	856
1462	849
1461	849
1461	848
1459	848
1459	842
1458	842
1458	841
1456	841
1456	834
1455	834
1455	823
1453	823
1453	821
1452	821
1452	814
1451	814
1451	810
1450	810
1450	809
1451	809
1451	808
1450	808
1450	802
1439	802
1439	803
1438	803
1438	804
1435	804
1435	805
1434	805
1434	806
1433	806
1433	807
1432	807
1432	808
1431	808
1431	809
1430	809
1430	810
1429	810
1429	812
1428	812
1428	813
1425	813
1425	812
1424	812
1424	811
1423	811
1423	809
1421	809
1421	808
1420	808
1420	805
1419	805
1419	804
1418	804
1418	798
1416	798
1416	797
1415	797
1415	796
1414	796
1414	793
1413	793
1413	791
1412	791
1412	786
1411	786
1411	785
1410	785
1410	784
1409	784
1409	782
1408	782
1408	780
1407	780
1407	777
1406	777
1406	773
1405	773
1405	767
1403	767
1403	765
1402	765
1402	761
1401	761
1401	759
1400	759
1400	757
1399	757
1399	748
1397	748
1397	747
1396	747
1396	743
1395	743
1395	741
1393	741
1393	736
1392	736
1392	734
1391	734
1391	733
1390	733
1390	729
1389	729
1389	726
1388	726
1388	721
1387	721
1387	717
1386	717
1386	713
1384	713
1384	697
1373	697
1373	698
1372	698
1372	699
1371	699
1371	700
1370	700
1370	702
1369	702
1369	703
1366	703
1366	702
1365	702
1365	700
1364	700
1364	699
1363	699
1363	698
1362	698
1362	695
1361	695
1361	692
1360	692
1360	689
1359	689
1359	685
1358	685
1358	677
1357	677
1357	648
1355	648
1355	641
1354	641
1354	640
1353	640
1353	635
1352	635
1352	634
1351	634
1351	633
1350	633
1350	629
1349	629
1349	623
1348	623
1348	622
1347	622
1347	621
1346	621
1346	617
1345	617
1345	612
1344	612
1344	610
1343	610
1343	607
1342	607
1342	605
1343	605
1343	604
1342	604
1342	603
1341	603
1341	601
1340	601
1340	600
1339	600
1339	597
1338	597
1338	592
1337	592
1337	588
1336	588
1336	585
1335	585
1335	584
1334	584
1334	578
1333	578
1333	575
1324	575
1324	573
1323	573
1323	572
1319	572
1319	571
1318	571
1318	567
1317	567
1317	566
1316	566
1316	563
1315	563
1315	560
1314	560
1314	559
1312	559
1312	554
1311	554
1311	547
1308	547
1308	541
1306	541
1306	538
1305	538
1305	535
1304	535
1304	534
1302	534
1302	528
1301	528
1301	527
1300	527
1300	522
1297	522
1297	521
1298	521
1298	520
1297	520
1297	518
1296	518
1296	516
1295	516
1295	514
1294	514
1294	510
1293	510
1293	508
1292	508
1292	503
1289	503
1289	497
1287	497
1287	496
1286	496
1286	491
1285	491
1285	490
1284	490
1284	489
1283	489
1283	487
1282	487
1282	485
1280	485
1280	484
1279	484
1279	481
1280	481
1280	479
1279	479
1279	478
1278	478
1278	475
1277	475
1277	474
1276	474
1276	472
1275	472
1275	466
1273	466
1273	464
1272	464
1272	463
1271	463
1271	459
1270	459
1270	458
1269	458
1269	453
1267	453
1267	447
1265	447
1265	446
1264	446
1264	443
1263	443
1263	441
1262	441
1262	440
1261	440
1261	434
1257	434
1257	432
1256	432
1256	430
1255	430
1255	425
1243	425
1243	426
1242	426
1242	444
1243	444
1243	455
1244	455
1244	460
1245	460
1245	463
1246	463
1246	464
1245	464
1245	467
1246	467
1246	480
1248	480
1248	481
1249	481
1249	483
1250	483
1250	485
1249	485
1249	486
1250	486
1250	491
1251	491
1251	499
1252	499
1252	502
1253	502
1253	508
1252	508
1252	509
1253	509
1253	511
1255	511
1255	514
1256	514
1256	518
1257	518
1257	523
1258	523
1258	529
1259	529
1259	536
1261	536
1261	539
1262	539
1262	543
1264	543
1264	545
1263	545
1263	547
1264	547
1264	549
1265	549
1265	555
1266	555
1266	556
1267	556
1267	558
1269	558
1269	559
1270	559
1270	575
1271	575
1271	585
1272	585
1272	587
1274	587
1274	591
1275	591
1275	595
1276	595
1276	596
1275	596
1275	597
1276	597
1276	600
1277	600
1277	605
1278	605
1278	611
1280	611
1280	613
1281	613
1281	617
1282	617
1282	619
1283	619
1283	620
1284	620
1284	630
1287	630
1287	632
1288	632
1288	637
1289	637
1289	643
1290	643
1290	648
1291	648
1291	649
1292	649
1292	650
1293	650
1293	651
1294	651
1294	658
1295	658
1295	662
1296	662
1296	663
1297	663
1297	664
1296	664
1296	665
1297	665
1297	666
1293	666
1293	667
1292	667
1292	668
1293	668
1293	669
1292	669
1292	670
1293	670
1293	673
1292	673
1292	675
1293	675
1293	679
1294	679
1294	681
1295	681
1295	683
1296	683
1296	687
1297	687
1297	690
1298	690
1298	696
1299	696
1299	699
1300	699
1300	701
1301	701
1301	706
1302	706
1302	712
1303	712
