1270	1120
1272	1120
1272	1121
1276	1121
1276	1123
1277	1123
1277	1124
1276	1124
1276	1126
1277	1126
1277	1127
1283	1127
1283	1132
1284	1132
1284	1133
1289	1133
1289	1139
1290	1139
1290	1145
1293	1145
1293	1151
1294	1151
1294	1152
1295	1152
1295	1157
1296	1157
1296	1164
1301	1164
1301	1175
1302	1175
1302	1177
1308	1177
1308	1179
1307	1179
1307	1180
1308	1180
1308	1183
1310	1183
1310	1185
1309	1185
1309	1186
1310	1186
1310	1189
1314	1189
1314	1202
1315	1202
1315	1205
1314	1205
1314	1212
1310	1212
1310	1211
1296	1211
1296	1213
1295	1213
1295	1217
1296	1217
1296	1218
1295	1218
1295	1220
1296	1220
1296	1221
1295	1221
1295	1224
1296	1224
1296	1226
1302	1226
1302	1232
1303	1232
1303	1233
1307	1233
1307	1234
1308	1234
1308	1239
1314	1239
1314	1251
1316	1251
1316	1252
1319	1252
1319	1251
1320	1251
1320	1257
1321	1257
1321	1263
1327	1263
1327	1270
1330	1270
1330	1282
1332	1282
1332	1283
1333	1283
1333	1284
1332	1284
1332	1287
1333	1287
1333	1288
1335	1288
1335	1289
1336	1289
1336	1295
1337	1295
1337	1296
1336	1296
1336	1305
1333	1305
1333	1310
1328	1310
1328	1309
1326	1309
1326	1308
1323	1308
1323	1306
1322	1306
1322	1305
1302	1305
1302	1306
1301	1306
1301	1319
1302	1319
1302	1320
1308	1320
1308	1322
1307	1322
1307	1323
1308	1323
1308	1326
1314	1326
1314	1332
1315	1332
1315	1338
1321	1338
1321	1345
1326	1345
1326	1350
1327	1350
1327	1357
1328	1357
1328	1358
1329	1358
1329	1357
1330	1357
1330	1358
1333	1358
1333	1369
1335	1369
1335	1370
1336	1370
1336	1377
1337	1377
1337	1378
1336	1378
1336	1380
1337	1380
1337	1382
1339	1382
1339	1394
1341	1394
1341	1395
1342	1395
1342	1396
1341	1396
1341	1399
1339	1399
1339	1410
1329	1410
1329	1409
1328	1409
1328	1408
1308	1408
1308	1409
1307	1409
1307	1412
1308	1412
1308	1419
1309	1419
1309	1420
1314	1420
1314	1425
1315	1425
1315	1426
1320	1426
1320	1431
1321	1431
1321	1438
1322	1438
1322	1439
1324	1439
1324	1438
1326	1438
1326	1443
1327	1443
1327	1456
1331	1456
1331	1461
1332	1461
1332	1463
1335	1463
1335	1464
1334	1464
1334	1468
1335	1468
1335	1469
1336	1469
1336	1481
1337	1481
1337	1482
1339	1482
1339	1494
1343	1494
1343	1505
1342	1505
1342	1508
1341	1508
1341	1509
1339	1509
1339	1510
1332	1510
1332	1511
1328	1511
1328	1510
1327	1510
1327	1511
1326	1511
1326	1510
1324	1510
1324	1511
1323	1511
1323	1510
1322	1510
1322	1509
1317	1509
1317	1508
1302	1508
1302	1509
1301	1509
1301	1518
1302	1518
1302	1519
1306	1519
1306	1520
1308	1520
1308	1522
1307	1522
1307	1523
1308	1523
1308	1527
1309	1527
1309	1528
1314	1528
1314	1531
1316	1531
1316	1532
1317	1532
1317	1533
1316	1533
1316	1534
1317	1534
1317	1537
1318	1537
1318	1538
1320	1538
1320	1546
1321	1546
1321	1547
1320	1547
1320	1548
1321	1548
1321	1550
1324	1550
1324	1562
1325	1562
1325	1563
1327	1563
1327	1575
1329	1575
1329	1581
1330	1581
1330	1586
1329	1586
1329	1598
1327	1598
1327	1604
1326	1604
1326	1605
1325	1605
1325	1606
1324	1606
1324	1609
1323	1609
1323	1610
1318	1610
1318	1609
1316	1609
1316	1608
1310	1608
1310	1607
1309	1607
1309	1606
1304	1606
1304	1605
1303	1605
1303	1604
1297	1604
1297	1603
1283	1603
1283	1618
1284	1618
1284	1619
1287	1619
1287	1624
1288	1624
1288	1625
1290	1625
1290	1637
1293	1637
1293	1641
1292	1641
1292	1656
1293	1656
1293	1685
1292	1685
1292	1691
1290	1691
1290	1692
1289	1692
1289	1693
1288	1693
1288	1695
1289	1695
1289	1697
1288	1697
1288	1699
1287	1699
1287	1701
1286	1701
1286	1703
1285	1703
1285	1704
1282	1704
1282	1703
1279	1703
1279	1702
1277	1702
1277	1701
1275	1701
1275	1700
1273	1700
1273	1699
1272	1699
1272	1697
1268	1697
1268	1698
1267	1698
1267	1697
1266	1697
1266	1696
1260	1696
1260	1695
1246	1695
1246	1704
1245	1704
1245	1705
1246	1705
1246	1706
1252	1706
1252	1717
1253	1717
1253	1718
1255	1718
1255	1720
1256	1720
1256	1721
1255	1721
1255	1723
1256	1723
1256	1724
1257	1724
1257	1725
1258	1725
1258	1728
1257	1728
1257	1729
1256	1729
1256	1736
1255	1736
1255	1754
1254	1754
1254	1755
1253	1755
1253	1757
1254	1757
1254	1758
1253	1758
1253	1760
1252	1760
1252	1772
1251	1772
1251	1774
1250	1774
1250	1779
1249	1779
1249	1802
1248	1802
1248	1803
1246	1803
1246	1816
1243	1816
1243	1841
1242	1841
1242	1846
1241	1846
1241	1847
1240	1847
1240	1848
1239	1848
1239	1872
1238	1872
1238	1884
1237	1884
1237	1890
1236	1890
1236	1891
1233	1891
1233	1903
1231	1903
1231	1904
1230	1904
1230	1905
1231	1905
1231	1909
1228	1909
1228	1910
1227	1910
1227	1913
1225	1913
1225	1914
1224	1914
1224	1918
1222	1918
1222	1919
1221	1919
1221	1922
1220	1922
1220	1923
1217	1923
1217	1924
1216	1924
1216	1923
1217	1923
1217	1921
1216	1921
1216	1920
1215	1920
1215	1919
1213	1919
1213	1918
1212	1918
1212	1917
1211	1917
1211	1911
1210	1911
1210	1904
1209	1904
1209	1903
1204	1903
1204	1897
1200	1897
1200	1891
1197	1891
1197	1890
1195	1890
1195	1885
1194	1885
1194	1884
1192	1884
1192	1873
1191	1873
1191	1872
1188	1872
1188	1866
1187	1866
1187	1860
1186	1860
1186	1854
1185	1854
1185	1853
1182	1853
1182	1847
1181	1847
1181	1843
1180	1843
1180	1841
1178	1841
1178	1839
1177	1839
1177	1837
1178	1837
1178	1836
1177	1836
1177	1835
1176	1835
1176	1834
1175	1834
1175	1829
1174	1829
1174	1828
1173	1828
1173	1822
1170	1822
1170	1811
1169	1811
1169	1810
1168	1810
1168	1809
1167	1809
1167	1798
1166	1798
1166	1797
1164	1797
1164	1792
1165	1792
1165	1787
1167	1787
1167	1768
1157	1768
1157	1769
1156	1769
1156	1770
1155	1770
1155	1771
1154	1771
1154	1772
1146	1772
1146	1776
1142	1776
1142	1773
1140	1773
1140	1772
1138	1772
1138	1767
1137	1767
1137	1766
1133	1766
1133	1760
1132	1760
1132	1753
1131	1753
1131	1748
1130	1748
1130	1736
1129	1736
1129	1735
1127	1735
1127	1729
1126	1729
1126	1724
1127	1724
1127	1706
1129	1706
1129	1705
1130	1705
1130	1699
1131	1699
1131	1686
1130	1686
1130	1685
1120	1685
1120	1688
1119	1688
1119	1689
1120	1689
1120	1690
1119	1690
1119	1691
1116	1691
1116	1692
1115	1692
1115	1694
1113	1694
1113	1697
1112	1697
1112	1698
1109	1698
1109	1701
1103	1701
1103	1703
1102	1703
1102	1704
1100	1704
1100	1705
1099	1705
1099	1708
1097	1708
1097	1709
1096	1709
1096	1710
1093	1710
1093	1709
1092	1709
1092	1704
1089	1704
1089	1699
1088	1699
1088	1698
1087	1698
1087	1697
1086	1697
1086	1692
1085	1692
1085	1691
1083	1691
1083	1669
1082	1669
1082	1662
1085	1662
1085	1661
1086	1661
1086	1658
1085	1658
1085	1657
1086	1657
1086	1650
1087	1650
1087	1649
1088	1649
1088	1648
1089	1648
1089	1644
1091	1644
1091	1643
1092	1643
1092	1627
1078	1627
1078	1629
1077	1629
1077	1631
1076	1631
1076	1632
1072	1632
1072	1633
1071	1633
1071	1634
1068	1634
1068	1633
1067	1633
1067	1634
1065	1634
1065	1635
1062	1635
1062	1636
1061	1636
1061	1637
1060	1637
1060	1639
1056	1639
1056	1640
1053	1640
1053	1639
1051	1639
1051	1638
1050	1638
1050	1637
1049	1637
1049	1635
1048	1635
1048	1633
1049	1633
1049	1624
1048	1624
1048	1623
1047	1623
1047	1622
1046	1622
1046	1613
1047	1613
1047	1612
1048	1612
1048	1610
1049	1610
1049	1592
1050	1592
1050	1581
1051	1581
1051	1569
1054	1569
1054	1563
1056	1563
1056	1562
1057	1562
1057	1561
1058	1561
1058	1560
1057	1560
1057	1559
1058	1559
1058	1550
1060	1550
1060	1548
1061	1548
1061	1544
1062	1544
1062	1543
1064	1543
1064	1538
1067	1538
1067	1537
1068	1537
1068	1527
1066	1527
1066	1526
1065	1526
1065	1527
1064	1527
1064	1526
1056	1526
1056	1527
1055	1527
1055	1526
1054	1526
1054	1527
1053	1527
1053	1528
1050	1528
1050	1529
1049	1529
1049	1528
1048	1528
1048	1529
1047	1529
1047	1530
1046	1530
1046	1531
1045	1531
1045	1532
1042	1532
1042	1531
1041	1531
1041	1533
1035	1533
1035	1534
1034	1534
1034	1537
1028	1537
1028	1539
1027	1539
1027	1540
1025	1540
1025	1541
1024	1541
1024	1542
1022	1542
1022	1541
1021	1541
1021	1540
1020	1540
1020	1538
1019	1538
1019	1537
1018	1537
1018	1534
1017	1534
1017	1529
1014	1529
1014	1506
1015	1506
1015	1492
1014	1492
1014	1486
1012	1486
1012	1482
1014	1482
1014	1481
1015	1481
1015	1475
1017	1475
1017	1469
1020	1469
1020	1462
1021	1462
1021	1457
1023	1457
1023	1456
1024	1456
1024	1450
1026	1450
1026	1451
1028	1451
1028	1450
1030	1450
1030	1444
1036	1444
1036	1442
1037	1442
1037	1438
1036	1438
1036	1437
1037	1437
1037	1436
1036	1436
1036	1435
1037	1435
1037	1434
1036	1434
1036	1433
1022	1433
1022	1434
1016	1434
1016	1435
1015	1435
1015	1436
1009	1436
1009	1438
1008	1438
1008	1439
1006	1439
1006	1438
1004	1438
1004	1439
1003	1439
1003	1440
1002	1440
1002	1441
1000	1441
1000	1440
999	1440
999	1441
998	1441
998	1440
997	1440
997	1441
996	1441
996	1442
993	1442
993	1440
992	1440
992	1436
991	1436
991	1433
990	1433
990	1432
991	1432
991	1420
992	1420
992	1417
993	1417
993	1412
994	1412
994	1407
996	1407
996	1400
999	1400
999	1389
1002	1389
1002	1388
1003	1388
1003	1389
1004	1389
1004	1388
1005	1388
1005	1376
1007	1376
1007	1375
1008	1375
1008	1369
1011	1369
1011	1363
1016	1363
1016	1362
1017	1362
1017	1349
999	1349
999	1348
998	1348
998	1349
997	1349
997	1351
996	1351
996	1352
994	1352
994	1353
989	1353
989	1352
988	1352
988	1349
986	1349
986	1343
985	1343
985	1341
984	1341
984	1339
985	1339
985	1338
986	1338
986	1337
987	1337
987	1336
986	1336
986	1325
987	1325
987	1314
992	1314
992	1312
993	1312
993	1309
992	1309
992	1308
993	1308
993	1307
994	1307
994	1301
995	1301
995	1300
996	1300
996	1282
998	1282
998	1281
999	1281
999	1276
1002	1276
1002	1275
1003	1275
1003	1270
1005	1270
1005	1261
1011	1261
1011	1249
997	1249
997	1250
992	1250
992	1251
991	1251
991	1252
987	1252
987	1253
984	1253
984	1255
981	1255
981	1256
980	1256
980	1255
978	1255
978	1254
977	1254
977	1252
976	1252
976	1250
975	1250
975	1249
974	1249
974	1226
976	1226
976	1224
977	1224
977	1220
980	1220
980	1214
981	1214
981	1213
982	1213
982	1208
983	1208
983	1207
984	1207
984	1197
983	1197
983	1196
984	1196
984	1195
986	1195
986	1183
988	1183
988	1182
990	1182
990	1176
992	1176
992	1170
996	1170
996	1165
997	1165
997	1164
998	1164
998	1163
999	1163
999	1151
984	1151
984	1153
978	1153
978	1154
977	1154
977	1153
976	1153
976	1154
972	1154
972	1156
971	1156
971	1157
966	1157
966	1159
963	1159
963	1157
962	1157
962	1155
961	1155
961	1153
962	1153
962	1152
961	1152
961	1139
962	1139
962	1138
963	1138
963	1133
964	1133
964	1132
965	1132
965	1127
967	1127
967	1126
968	1126
968	1120
971	1120
971	1114
974	1114
974	1108
977	1108
977	1103
978	1103
978	1102
979	1102
979	1101
980	1101
980	1095
981	1095
981	1089
983	1089
983	1088
984	1088
984	1085
983	1085
983	1084
984	1084
984	1083
985	1083
985	1082
986	1082
986	1070
992	1070
992	1064
993	1064
993	1058
997	1058
997	1052
1001	1052
1001	1051
1002	1051
1002	1041
1001	1041
1001	1040
1000	1040
1000	1041
972	1041
972	1043
971	1043
971	1044
972	1044
972	1045
971	1045
971	1046
964	1046
964	1048
963	1048
963	1049
962	1049
962	1050
958	1050
958	1032
959	1032
959	1027
961	1027
961	1020
962	1020
962	1015
967	1015
967	1014
968	1014
968	1009
972	1009
972	1008
974	1008
974	1003
975	1003
975	1002
980	1002
980	997
981	997
981	996
986	996
986	977
989	977
989	971
990	971
990	965
991	965
991	964
992	964
992	962
993	962
993	952
995	952
995	951
996	951
996	946
998	946
998	945
999	945
999	940
1001	940
1001	939
1002	939
1002	925
984	925
984	927
978	927
978	928
977	928
977	929
976	929
976	928
975	928
975	929
969	929
969	930
967	930
967	929
965	929
965	928
964	928
964	927
965	927
965	921
967	921
967	919
968	919
968	915
970	915
970	914
971	914
971	909
972	909
972	908
974	908
974	903
979	903
979	902
980	902
980	898
981	898
981	896
983	896
983	897
984	897
984	896
986	896
986	893
987	893
987	892
986	892
986	890
989	890
989	889
992	889
992	882
993	882
993	871
999	871
999	847
1000	847
1000	846
1005	846
1005	827
1007	827
1007	821
1008	821
1008	819
1009	819
1009	813
1008	813
1008	810
988	810
988	809
987	809
987	808
988	808
988	802
990	802
990	796
993	796
993	791
995	791
995	790
998	790
998	784
1001	784
1001	783
1002	783
1002	778
1004	778
1004	777
1005	777
1005	772
1006	772
1006	771
1008	771
1008	769
1009	769
1009	759
1011	759
1011	752
1012	752
1012	747
1014	747
1014	746
1015	746
1015	728
1017	728
1017	704
1018	704
1018	702
1019	702
1019	693
1018	693
1018	692
1019	692
1019	690
1020	690
1020	678
1021	678
1021	664
1022	664
1022	659
1024	659
1024	624
1023	624
1023	623
1024	623
1024	622
1025	622
1025	621
1026	621
1026	591
1027	591
1027	578
1028	578
1028	572
1029	572
1029	571
1030	571
1030	568
1029	568
1029	567
1030	567
1030	554
1031	554
1031	553
1032	553
1032	541
1033	541
1033	539
1034	539
1034	538
1033	538
1033	528
1034	528
1034	527
1033	527
1033	526
1024	526
1024	527
1021	527
1021	532
1019	532
1019	533
1016	533
1016	534
1015	534
1015	539
1013	539
1013	542
1012	542
1012	543
1013	543
1013	544
1012	544
1012	545
1009	545
1009	546
1008	546
1008	551
1006	551
1006	552
1003	552
1003	557
1002	557
1002	558
1000	558
1000	564
996	564
996	565
997	565
997	566
996	566
996	570
991	570
991	571
990	571
990	577
988	577
988	580
987	580
987	581
986	581
986	582
985	582
985	583
984	583
984	589
980	589
980	592
979	592
979	595
976	595
976	596
975	596
975	601
972	601
972	607
970	607
970	608
968	608
968	613
966	613
966	614
964	614
964	620
962	620
962	626
960	626
960	627
959	627
959	638
958	638
958	639
956	639
956	640
955	640
955	641
956	641
956	642
955	642
955	643
956	643
956	644
955	644
955	645
953	645
953	651
948	651
948	652
947	652
947	654
934	654
934	657
932	657
932	660
931	660
931	661
932	661
932	663
928	663
928	664
927	664
927	665
926	665
926	666
927	666
927	667
926	667
926	670
925	670
925	676
922	676
922	682
921	682
921	681
920	681
920	682
919	682
919	688
917	688
917	689
915	689
915	690
916	690
916	694
914	694
914	695
913	695
913	701
910	701
910	702
909	702
909	707
907	707
907	713
906	713
906	719
905	719
905	720
903	720
903	726
902	726
902	727
901	727
901	728
902	728
902	731
901	731
901	733
900	733
900	736
901	736
901	738
897	738
897	757
894	757
894	758
893	758
893	763
891	763
891	766
887	766
887	765
886	765
886	762
884	762
884	761
883	761
883	759
882	759
882	757
873	757
873	758
872	758
872	763
869	763
869	764
870	764
870	769
869	769
869	776
866	776
866	782
863	782
863	788
862	788
862	789
861	789
861	794
860	794
860	795
859	795
859	800
858	800
858	801
856	801
856	806
855	806
855	807
853	807
853	813
851	813
851	819
850	819
850	825
849	825
849	830
848	830
848	832
847	832
847	837
846	837
846	838
844	838
844	844
842	844
842	845
841	845
841	849
837	849
837	850
835	850
835	853
831	853
831	852
830	852
830	851
831	851
831	846
830	846
830	838
819	838
819	843
818	843
818	844
817	844
817	845
816	845
816	859
815	859
815	862
811	862
811	863
810	863
810	875
804	875
804	876
803	876
803	884
798	884
798	885
797	885
797	889
796	889
796	890
795	890
795	891
794	891
794	892
793	892
793	893
792	893
792	894
791	894
791	902
786	902
786	903
785	903
785	910
779	910
779	911
778	911
778	913
776	913
776	919
774	919
774	925
773	925
773	926
771	926
771	928
770	928
770	929
769	929
769	930
768	930
768	931
766	931
766	930
765	930
765	929
764	929
764	928
763	928
763	926
762	926
762	923
761	923
761	922
759	922
759	921
749	921
749	925
748	925
748	926
747	926
747	931
746	931
746	937
745	937
745	938
742	938
742	941
741	941
741	942
742	942
742	944
741	944
741	950
739	950
739	951
738	951
738	952
739	952
739	953
738	953
738	954
739	954
739	956
736	956
736	957
735	957
735	962
732	962
732	963
730	963
730	969
729	969
729	970
728	970
728	971
727	971
727	972
726	972
726	973
725	973
725	974
724	974
724	975
722	975
722	981
716	981
716	986
715	986
715	987
714	987
714	986
713	986
713	987
710	987
710	991
707	991
707	992
705	992
705	993
704	993
704	994
701	994
701	993
699	993
699	988
696	988
696	982
695	982
695	981
685	981
685	987
680	987
680	988
679	988
679	992
673	992
673	995
672	995
672	996
673	996
673	1000
672	1000
672	1006
670	1006
670	1005
669	1005
669	1006
667	1006
667	1007
666	1007
666	1012
665	1012
665	1013
664	1013
664	1018
661	1018
661	1019
660	1019
660	1025
658	1025
658	1026
657	1026
657	1031
654	1031
654	1032
653	1032
653	1033
652	1033
652	1034
651	1034
651	1035
650	1035
650	1036
649	1036
649	1037
648	1037
648	1039
647	1039
647	1040
645	1040
645	1041
644	1041
644	1043
643	1043
643	1044
641	1044
641	1045
642	1045
642	1046
637	1046
637	1044
634	1044
634	1032
633	1032
633	1031
623	1031
623	1040
622	1040
622	1043
620	1043
620	1044
618	1044
618	1049
617	1049
617	1050
615	1050
615	1056
611	1056
611	1057
610	1057
610	1059
609	1059
609	1060
608	1060
608	1061
606	1061
606	1062
605	1062
605	1063
604	1063
604	1074
598	1074
598	1081
596	1081
596	1082
595	1082
595	1083
594	1083
594	1086
592	1086
592	1087
589	1087
589	1089
588	1089
588	1090
586	1090
586	1092
584	1092
584	1093
581	1093
581	1094
579	1094
579	1097
573	1097
573	1099
567	1099
567	1081
566	1081
566	1080
565	1080
565	1077
566	1077
566	1076
565	1076
565	1075
564	1075
564	1074
560	1074
560	1075
559	1075
559	1074
555	1074
555	1075
554	1075
554	1093
552	1093
552	1094
551	1094
551	1099
549	1099
549	1100
548	1100
548	1106
544	1106
544	1107
543	1107
543	1112
540	1112
540	1113
539	1113
539	1118
538	1118
538	1119
536	1119
536	1124
530	1124
530	1125
529	1125
529	1131
527	1131
527	1136
526	1136
526	1137
523	1137
523	1138
522	1138
522	1139
521	1139
521	1140
520	1140
520	1141
519	1141
519	1142
518	1142
518	1143
517	1143
517	1144
516	1144
516	1145
515	1145
515	1146
514	1146
514	1147
513	1147
513	1148
512	1148
512	1149
511	1149
511	1150
510	1150
510	1151
509	1151
509	1152
508	1152
508	1153
507	1153
507	1154
506	1154
506	1155
500	1155
500	1156
496	1156
496	1155
495	1155
495	1149
494	1149
494	1143
492	1143
492	1137
489	1137
489	1136
488	1136
488	1131
485	1131
485	1130
484	1130
484	1131
480	1131
480	1130
479	1130
479	1131
477	1131
477	1137
474	1137
474	1144
473	1144
473	1149
470	1149
470	1155
468	1155
468	1156
466	1156
466	1162
463	1162
463	1163
462	1163
462	1168
461	1168
461	1169
460	1169
460	1170
459	1170
459	1171
458	1171
458	1172
457	1172
457	1173
456	1173
456	1174
455	1174
455	1175
454	1175
454	1176
453	1176
453	1177
451	1177
451	1178
449	1178
449	1179
448	1179
448	1181
442	1181
442	1189
437	1189
437	1190
436	1190
436	1195
430	1195
430	1199
428	1199
428	1198
427	1198
427	1199
425	1199
425	1200
424	1200
424	1202
423	1202
423	1203
417	1203
417	1205
410	1205
410	1204
409	1204
409	1202
408	1202
408	1186
407	1186
407	1184
408	1184
408	1183
407	1183
407	1175
406	1175
406	1174
404	1174
404	1173
403	1173
403	1171
404	1171
404	1169
403	1169
403	1168
393	1168
393	1169
392	1169
392	1176
391	1176
391	1177
390	1177
390	1178
389	1178
389	1179
388	1179
388	1180
387	1180
387	1181
386	1181
386	1187
383	1187
383	1193
377	1193
377	1199
374	1199
374	1202
373	1202
373	1203
370	1203
370	1202
369	1202
369	1203
368	1203
368	1204
367	1204
367	1205
362	1205
362	1206
361	1206
361	1212
359	1212
359	1211
357	1211
357	1212
355	1212
355	1216
350	1216
350	1217
349	1217
349	1219
348	1219
348	1220
343	1220
343	1221
342	1221
342	1224
336	1224
336	1226
335	1226
335	1227
334	1227
334	1228
333	1228
333	1229
332	1229
332	1230
325	1230
325	1231
324	1231
324	1234
318	1234
318	1235
316	1235
316	1234
314	1234
314	1225
313	1225
313	1224
312	1224
312	1219
311	1219
311	1218
310	1218
310	1206
309	1206
309	1205
300	1205
300	1206
299	1206
299	1212
298	1212
298	1211
297	1211
297	1212
295	1212
295	1211
293	1211
293	1212
291	1212
291	1218
286	1218
286	1219
284	1219
284	1220
285	1220
285	1221
284	1221
284	1222
283	1222
283	1223
282	1223
282	1224
278	1224
278	1226
277	1226
277	1228
275	1228
275	1229
268	1229
268	1230
267	1230
267	1231
266	1231
266	1233
265	1233
265	1234
262	1234
262	1236
256	1236
256	1237
255	1237
255	1240
250	1240
250	1241
249	1241
249	1243
243	1243
243	1246
237	1246
237	1248
236	1248
236	1249
224	1249
224	1255
218	1255
218	1256
217	1256
217	1257
218	1257
218	1258
217	1258
217	1259
218	1259
218	1261
199	1261
199	1264
194	1264
194	1265
193	1265
193	1268
189	1268
189	1267
187	1267
187	1268
185	1268
185	1269
184	1269
184	1271
182	1271
182	1272
181	1272
181	1274
175	1274
175	1275
174	1275
174	1277
172	1277
172	1278
171	1278
171	1277
166	1277
166	1280
156	1280
156	1283
150	1283
150	1284
149	1284
149	1286
137	1286
137	1289
131	1289
131	1290
120	1290
120	1289
115	1289
115	1288
114	1288
114	1287
111	1287
111	1286
110	1286
110	1282
112	1282
112	1276
114	1276
114	1273
115	1273
115	1272
116	1272
116	1271
117	1271
117	1270
120	1270
120	1268
121	1268
121	1267
120	1267
120	1266
121	1266
121	1264
122	1264
122	1263
124	1263
124	1259
125	1259
125	1257
128	1257
128	1258
129	1258
129	1257
130	1257
130	1251
135	1251
135	1250
136	1250
136	1245
139	1245
139	1243
140	1243
140	1242
139	1242
139	1240
140	1240
140	1239
151	1239
151	1238
152	1238
152	1227
157	1227
157	1226
159	1226
159	1220
163	1220
163	1219
164	1219
164	1218
165	1218
165	1217
166	1217
166	1216
167	1216
167	1215
170	1215
170	1207
172	1207
172	1205
173	1205
173	1203
174	1203
174	1202
175	1202
175	1201
176	1201
176	1200
177	1200
177	1195
180	1195
180	1189
185	1189
185	1188
186	1188
186	1187
187	1187
187	1183
188	1183
188	1182
190	1182
190	1176
194	1176
194	1175
195	1175
195	1170
196	1170
196	1169
197	1169
197	1168
198	1168
198	1166
199	1166
199	1167
200	1167
200	1166
201	1166
201	1163
202	1163
202	1161
203	1161
203	1160
204	1160
204	1159
205	1159
205	1158
207	1158
207	1157
208	1157
208	1153
210	1153
210	1152
212	1152
212	1151
214	1151
214	1146
215	1146
215	1145
219	1145
219	1144
220	1144
220	1139
226	1139
226	1136
227	1136
227	1135
230	1135
230	1136
231	1136
231	1135
232	1135
232	1133
238	1133
238	1132
239	1132
239	1127
245	1127
245	1117
243	1117
243	1116
242	1116
242	1117
234	1117
234	1116
232	1116
232	1115
231	1115
231	1114
230	1114
230	1115
227	1115
227	1114
226	1114
226	1112
220	1112
220	1109
219	1109
219	1108
208	1108
208	1102
210	1102
210	1101
211	1101
211	1099
213	1099
213	1097
214	1097
214	1095
215	1095
215	1093
216	1093
216	1094
218	1094
218	1093
221	1093
221	1090
225	1090
225	1089
226	1089
226	1083
228	1083
228	1082
229	1082
229	1080
230	1080
230	1079
231	1079
231	1078
232	1078
232	1077
234	1077
234	1076
236	1076
236	1071
237	1071
237	1070
239	1070
239	1067
241	1067
241	1066
242	1066
242	1065
243	1065
243	1064
244	1064
244	1065
245	1065
245	1063
246	1063
246	1062
247	1062
247	1061
248	1061
248	1060
249	1060
249	1059
250	1059
250	1058
252	1058
252	1057
253	1057
253	1056
254	1056
254	1055
255	1055
255	1054
256	1054
256	1053
257	1053
257	1051
258	1051
258	1049
263	1049
263	1048
276	1048
276	1046
278	1046
278	1045
279	1045
279	1046
281	1046
281	1045
288	1045
288	1044
289	1044
289	1032
288	1032
288	1031
282	1031
282	1027
276	1027
276	1025
270	1025
270	1023
269	1023
269	1022
264	1022
264	1021
263	1021
263	1020
258	1020
258	1018
259	1018
259	1014
260	1014
260	1013
261	1013
261	1011
262	1011
262	1010
263	1010
263	1009
264	1009
264	1008
266	1008
266	1007
267	1007
267	1005
269	1005
269	1004
270	1004
270	1001
271	1001
271	999
276	999
276	996
282	996
282	995
283	995
283	994
282	994
282	992
283	992
283	991
287	991
287	990
288	990
288	989
289	989
289	987
294	987
294	986
295	986
295	983
301	983
301	980
307	980
307	977
319	977
319	976
320	976
320	974
321	974
321	973
322	973
322	974
324	974
324	973
326	973
326	970
327	970
327	971
328	971
328	970
336	970
336	971
339	971
339	970
340	970
340	971
342	971
342	970
344	970
344	969
345	969
345	968
351	968
351	967
353	967
353	968
354	968
354	967
357	967
357	951
356	951
356	950
351	950
351	948
350	948
350	947
343	947
343	946
342	946
342	947
339	947
339	945
338	945
338	944
332	944
332	943
322	943
322	942
321	942
321	940
320	940
320	939
321	939
321	938
322	938
322	935
323	935
323	934
324	934
324	933
326	933
326	927
334	927
334	924
335	924
335	921
338	921
338	919
339	919
339	918
344	918
344	917
345	917
345	915
351	915
351	913
352	913
352	912
357	912
357	909
358	909
358	908
369	908
369	907
370	907
370	905
375	905
375	904
376	904
376	903
378	903
378	902
394	902
394	901
395	901
395	900
406	900
406	899
407	899
407	887
406	887
406	886
404	886
404	885
401	885
401	883
400	883
400	882
399	882
399	881
395	881
395	876
394	876
394	875
392	875
392	876
391	876
391	875
390	875
390	874
389	874
389	873
390	873
390	871
394	871
394	869
395	869
395	868
397	868
397	869
398	869
398	868
401	868
401	863
412	863
412	862
413	862
413	858
419	858
419	855
420	855
420	854
422	854
422	853
427	853
427	852
429	852
429	846
450	846
450	840
482	840
482	829
481	829
481	828
476	828
476	826
474	826
474	825
469	825
469	822
463	822
463	815
466	815
466	814
467	814
467	809
480	809
480	808
481	808
481	803
487	803
487	802
488	802
488	798
490	798
490	797
495	797
495	796
496	796
496	797
499	797
499	796
508	796
508	795
509	795
509	790
531	790
531	789
532	789
532	788
556	788
556	786
557	786
557	777
556	777
556	776
553	776
553	771
552	771
552	770
551	770
551	769
548	769
548	765
547	765
547	763
543	763
543	761
541	761
541	762
539	762
539	761
538	761
538	757
535	757
535	753
543	753
543	752
544	752
544	750
550	750
550	747
561	747
561	746
569	746
569	744
573	744
573	746
606	746
606	740
622	740
622	728
623	728
623	727
622	727
622	726
621	726
621	725
620	725
620	720
618	720
618	719
616	719
616	718
615	718
615	716
614	716
614	714
613	714
613	712
618	712
618	711
619	711
619	710
622	710
622	711
623	711
623	715
626	715
626	716
629	716
629	717
630	717
630	718
635	718
635	719
641	719
641	720
642	720
642	721
643	721
643	722
656	722
656	721
669	721
669	710
674	710
674	709
675	709
675	704
678	704
678	703
692	703
692	702
693	702
693	701
694	701
694	700
699	700
699	699
700	699
700	697
712	697
712	696
718	696
718	683
717	683
717	682
712	682
712	681
711	681
711	680
710	680
710	681
709	681
709	680
708	680
708	681
706	681
706	676
701	676
701	672
700	672
700	669
705	669
705	668
706	668
706	666
723	666
723	665
736	665
736	666
755	666
755	665
756	665
756	661
758	661
758	660
763	660
763	659
774	659
774	653
786	653
786	652
787	652
787	647
793	647
793	644
794	644
794	643
795	643
795	641
796	641
796	642
797	642
797	641
805	641
805	640
812	640
812	637
817	637
817	636
818	636
818	627
817	627
817	626
816	626
816	627
815	627
815	626
812	626
812	623
811	623
811	620
809	620
809	616
811	616
811	615
812	615
812	613
818	613
818	612
824	612
824	610
835	610
835	609
842	609
842	608
843	608
843	605
849	605
849	603
855	603
855	600
856	600
856	599
859	599
859	600
860	600
860	599
861	599
861	598
862	598
862	593
863	593
863	591
874	591
874	585
879	585
879	584
880	584
880	581
886	581
886	580
887	580
887	578
892	578
892	575
893	575
893	573
896	573
896	574
897	574
897	573
899	573
899	570
900	570
900	567
904	567
904	566
911	566
911	565
912	565
912	564
911	564
911	563
912	563
912	562
918	562
918	560
919	560
919	559
924	559
924	555
925	555
925	553
930	553
930	550
936	550
936	548
937	548
937	547
942	547
942	546
943	546
943	541
948	541
948	540
949	540
949	535
954	535
954	534
955	534
955	533
956	533
956	532
961	532
961	530
962	530
962	529
966	529
966	528
967	528
967	527
968	527
968	525
973	525
973	522
974	522
974	521
973	521
973	520
974	520
974	519
973	519
973	517
974	517
974	515
973	515
973	513
970	513
970	514
968	514
968	513
967	513
967	512
955	512
955	513
953	513
953	514
947	514
947	517
930	517
930	518
928	518
928	519
917	519
917	520
910	520
910	521
909	521
909	522
904	522
904	523
902	523
902	524
884	524
884	525
879	525
879	526
867	526
867	527
866	527
866	530
854	530
854	531
853	531
853	533
852	533
852	532
851	532
851	533
847	533
847	536
841	536
841	537
836	537
836	538
835	538
835	539
829	539
829	538
822	538
822	536
823	536
823	535
824	535
824	529
825	529
825	528
827	528
827	518
816	518
816	520
810	520
810	521
809	521
809	522
797	522
797	523
790	523
790	524
773	524
773	525
772	525
772	526
768	526
768	527
761	527
761	528
760	528
760	529
754	529
754	530
747	530
747	531
742	531
742	532
741	532
741	533
736	533
736	532
734	532
734	531
733	531
733	529
732	529
732	528
735	528
735	516
724	516
724	517
717	517
717	518
716	518
716	520
704	520
704	522
700	522
700	521
699	521
699	522
698	522
698	523
691	523
691	524
686	524
686	525
685	525
685	526
684	526
684	527
683	527
683	526
659	526
659	525
658	525
658	524
656	524
656	518
661	518
661	517
662	517
662	512
663	512
663	510
668	510
668	509
669	509
669	499
647	499
647	501
644	501
644	500
631	500
631	499
617	499
617	500
606	500
606	499
594	499
594	497
593	497
593	496
588	496
588	495
587	495
587	494
580	494
580	493
579	493
579	492
577	492
577	490
576	490
576	489
575	489
575	485
581	485
581	483
587	483
587	481
588	481
588	464
563	464
563	463
561	463
561	462
559	462
559	463
558	463
558	462
556	462
556	461
541	461
541	459
540	459
540	458
532	458
532	457
531	457
531	456
526	456
526	455
525	455
525	454
520	454
520	453
519	453
519	451
518	451
518	450
513	450
513	449
507	449
507	447
506	447
506	446
507	446
507	445
503	445
503	440
502	440
502	439
506	439
506	438
512	438
512	437
513	437
513	432
518	432
518	431
519	431
519	421
517	421
517	420
503	420
503	421
502	421
502	420
500	420
500	418
488	418
488	417
487	417
487	416
482	416
482	413
481	413
481	412
475	412
475	411
473	411
473	410
472	410
472	409
471	409
471	408
469	408
469	406
468	406
468	405
463	405
463	402
457	402
457	398
454	398
454	397
451	397
451	394
450	394
450	393
445	393
445	392
444	392
444	389
438	389
438	384
437	384
437	383
434	383
434	379
438	379
438	376
439	376
439	368
438	368
438	365
437	365
437	364
426	364
426	363
425	363
425	361
420	361
420	360
419	360
419	358
413	358
413	352
407	352
407	347
406	347
406	346
401	346
401	344
400	344
400	342
395	342
395	340
394	340
394	337
388	337
388	333
384	333
384	331
383	331
383	327
380	327
380	325
379	325
379	321
372	321
372	315
370	315
370	309
369	309
369	306
366	306
366	305
365	305
365	302
362	302
362	301
361	301
361	297
360	297
360	296
357	296
357	287
363	287
363	286
366	286
366	287
374	287
374	288
380	288
380	291
382	291
382	292
384	292
384	291
386	291
386	292
392	292
392	293
393	293
393	298
406	298
406	299
417	299
417	301
419	301
419	302
420	302
420	301
421	301
421	302
432	302
432	301
433	301
433	302
442	302
442	303
443	303
443	304
456	304
456	305
458	305
458	306
461	306
461	308
467	308
467	310
468	310
468	311
471	311
471	314
470	314
470	316
485	316
485	312
484	312
484	306
485	306
485	304
487	304
487	303
488	303
488	301
494	301
494	300
498	300
498	301
505	301
505	302
511	302
511	304
515	304
515	305
520	305
520	306
523	306
523	307
529	307
529	309
530	309
530	310
536	310
536	311
544	311
544	316
546	316
546	317
548	317
548	318
549	318
549	319
550	319
550	320
551	320
551	319
553	319
553	320
554	320
554	324
555	324
555	326
568	326
568	324
569	324
569	311
568	311
568	309
565	309
565	302
566	302
566	303
567	303
567	302
571	302
571	301
574	301
574	302
579	302
579	304
585	304
585	305
587	305
587	306
592	306
592	308
597	308
597	309
598	309
598	310
599	310
599	311
604	311
604	316
605	316
605	317
610	317
610	318
611	318
611	319
612	319
612	320
613	320
613	319
615	319
615	320
617	320
617	323
620	323
620	324
621	324
621	323
622	323
622	328
623	328
623	329
629	329
629	333
630	333
630	335
636	335
636	339
635	339
635	340
636	340
636	341
649	341
649	340
650	340
650	323
654	323
654	325
660	325
660	326
661	326
661	327
666	327
666	329
673	329
673	332
679	332
679	335
685	335
685	341
686	341
686	342
692	342
692	344
697	344
697	345
698	345
698	348
705	348
705	349
706	349
706	351
708	351
708	352
709	352
709	353
710	353
710	354
711	354
711	355
715	355
715	354
716	354
716	360
718	360
718	361
720	361
720	366
722	366
722	367
726	367
726	372
728	372
728	373
729	373
729	372
730	372
730	373
734	373
734	372
737	372
737	360
736	360
736	359
733	359
733	353
732	353
732	352
731	352
731	347
730	347
730	346
727	346
727	340
726	340
726	339
727	339
727	338
728	338
728	337
729	337
729	338
735	338
735	341
741	341
741	342
742	342
742	343
747	343
747	344
750	344
750	345
753	345
753	346
754	346
754	348
760	348
760	353
761	353
761	354
766	354
766	355
767	355
767	356
766	356
766	357
767	357
767	358
766	358
766	359
767	359
767	360
778	360
778	362
779	362
779	363
778	363
778	364
779	364
779	366
785	366
785	372
786	372
786	373
787	373
787	372
796	372
796	373
798	373
798	376
797	376
797	377
798	377
798	379
807	379
807	380
808	380
808	379
809	379
809	384
810	384
810	385
820	385
820	382
821	382
821	378
820	378
820	377
821	377
821	376
820	376
820	359
819	359
819	352
818	352
818	351
821	351
821	352
822	352
822	354
828	354
828	355
829	355
829	358
834	358
834	359
835	359
835	360
841	360
841	366
847	366
847	371
848	371
848	372
849	372
849	373
850	373
850	372
852	372
852	373
853	373
853	374
854	374
854	379
861	379
861	380
865	380
865	384
866	384
866	385
867	385
867	386
870	386
870	387
871	387
871	389
872	389
872	391
873	391
873	392
874	392
874	391
876	391
876	392
877	392
877	393
878	393
878	394
879	394
879	397
881	397
881	398
882	398
882	397
884	397
884	398
886	398
886	399
890	399
890	400
891	400
891	404
897	404
897	409
898	409
898	410
911	410
911	411
912	411
912	410
914	410
914	411
915	411
915	415
916	415
916	416
930	416
930	393
934	393
934	394
935	394
935	397
946	397
946	398
947	398
947	401
948	401
948	402
953	402
953	403
954	403
954	404
959	404
959	410
965	410
965	416
966	416
966	422
972	422
972	428
974	428
974	429
976	429
976	428
977	428
977	429
979	429
979	430
981	430
981	431
983	431
983	432
984	432
984	435
985	435
985	436
990	436
990	441
994	441
994	447
1002	447
1002	449
1003	449
1003	453
1006	453
1006	454
1007	454
1007	453
1008	453
1008	455
1009	455
1009	459
1010	459
1010	460
1013	460
1013	461
1014	461
1014	462
1015	462
1015	466
1018	466
1018	467
1019	467
1019	472
1022	472
1022	473
1023	473
1023	474
1024	474
1024	475
1025	475
1025	476
1026	476
1026	477
1027	477
1027	478
1028	478
1028	479
1029	479
1029	480
1032	480
1032	481
1048	481
1048	480
1049	480
1049	479
1051	479
1051	478
1052	478
1052	477
1053	477
1053	476
1055	476
1055	474
1056	474
1056	472
1057	472
1057	464
1058	464
1058	454
1060	454
1060	453
1061	453
1061	447
1067	447
1067	441
1068	441
1068	437
1069	437
1069	436
1068	436
1068	435
1073	435
1073	434
1074	434
1074	432
1073	432
1073	431
1074	431
1074	430
1075	430
1075	429
1079	429
1079	428
1080	428
1080	422
1085	422
1085	421
1086	421
1086	419
1085	419
1085	418
1086	418
1086	416
1091	416
1091	415
1092	415
1092	410
1098	410
1098	405
1101	405
1101	404
1109	404
1109	403
1110	403
1110	401
1111	401
1111	400
1110	400
1110	399
1111	399
1111	397
1117	397
1117	391
1123	391
1123	384
1124	384
1124	381
1125	381
1125	380
1126	380
1126	379
1129	379
1129	378
1130	378
1130	367
1136	367
1136	366
1138	366
1138	361
1140	361
1140	360
1141	360
1141	361
1142	361
1142	360
1143	360
1143	354
1147	354
1147	353
1148	353
1148	345
1154	345
1154	343
1155	343
1155	339
1160	339
1160	338
1161	338
1161	336
1166	336
1166	335
1173	335
1173	336
1174	336
1174	340
1173	340
1173	353
1174	353
1174	354
1185	354
1185	347
1186	347
1186	343
1187	343
1187	342
1191	342
1191	341
1192	341
1192	335
1194	335
1194	336
1195	336
1195	335
1196	335
1196	336
1197	336
1197	335
1199	335
1199	329
1204	329
1204	326
1205	326
1205	325
1204	325
1204	323
1210	323
1210	317
1212	317
1212	316
1213	316
1213	311
1218	311
1218	310
1220	310
1220	304
1221	304
1221	305
1222	305
1222	304
1223	304
1223	298
1228	298
1228	297
1229	297
1229	292
1230	292
1230	291
1232	291
1232	292
1234	292
1234	291
1235	291
1235	286
1240	286
1240	285
1242	285
1242	282
1246	282
1246	285
1248	285
1248	286
1249	286
1249	287
1248	287
1248	290
1249	290
1249	292
1250	292
1250	297
1251	297
1251	298
1252	298
1252	310
1253	310
1253	311
1254	311
1254	316
1256	316
1256	317
1259	317
1259	316
1264	316
1264	317
1265	317
1265	316
1266	316
1266	310
1267	310
1267	304
1272	304
1272	302
1273	302
1273	300
1272	300
1272	298
1273	298
1273	292
1277	292
1277	291
1279	291
1279	288
1280	288
1280	285
1285	285
1285	279
1291	279
1291	272
1292	272
1292	270
1291	270
1291	269
1292	269
1292	267
1297	267
1297	263
1298	263
1298	261
1303	261
1303	260
1304	260
1304	255
1305	255
1305	254
1306	254
1306	253
1307	253
1307	248
1310	248
1310	242
1319	242
1319	236
1323	236
1323	235
1325	235
1325	236
1326	236
1326	235
1328	235
1328	234
1329	234
1329	233
1328	233
1328	232
1329	232
1329	231
1333	231
1333	236
1335	236
1335	247
1336	247
1336	248
1337	248
1337	254
1338	254
1338	255
1342	255
1342	254
1344	254
1344	255
1350	255
1350	254
1353	254
1353	253
1354	253
1354	252
1353	252
1353	248
1354	248
1354	243
1355	243
1355	242
1356	242
1356	243
1359	243
1359	242
1360	242
1360	236
1366	236
1366	235
1367	235
1367	230
1368	230
1368	229
1372	229
1372	224
1373	224
1373	223
1378	223
1378	217
1379	217
1379	211
1389	211
1389	210
1391	210
1391	204
1397	204
1397	198
1403	198
1403	194
1404	194
1404	193
1407	193
1407	194
1408	194
1408	193
1410	193
1410	189
1416	189
1416	187
1417	187
1417	186
1420	186
1420	191
1421	191
1421	192
1422	192
1422	197
1423	197
1423	199
1424	199
1424	216
1425	216
1425	217
1434	217
1434	211
1435	211
1435	210
1436	210
1436	206
1435	206
1435	205
1438	205
1438	204
1440	204
1440	203
1441	203
1441	199
1444	199
1444	198
1447	198
1447	192
1453	192
1453	186
1459	186
1459	185
1460	185
1460	180
1465	180
1465	179
1466	179
1466	174
1472	174
1472	173
1478	173
1478	167
1490	167
1490	164
1491	164
1491	163
1490	163
1490	162
1491	162
1491	161
1502	161
1502	160
1503	160
1503	158
1504	158
1504	157
1509	157
1509	156
1510	156
1510	158
1511	158
1511	167
1512	167
1512	173
1513	173
1513	174
1514	174
1514	176
1513	176
1513	177
1528	177
1528	174
1529	174
1529	173
1532	173
1532	168
1533	168
1533	167
1540	167
1540	163
1541	163
1541	162
1546	162
1546	161
1552	161
1552	160
1553	160
1553	156
1558	156
1558	155
1568	155
1568	154
1576	154
1576	155
1578	155
1578	150
1581	150
1581	149
1584	149
1584	148
1596	148
1596	142
1609	142
1609	137
1610	137
1610	136
1621	136
1621	130
1624	130
1624	129
1625	129
1625	130
1626	130
1626	129
1628	129
1628	128
1627	128
1627	126
1628	126
1628	124
1633	124
1633	123
1634	123
1634	118
1636	118
1636	117
1637	117
1637	118
1638	118
1638	117
1646	117
1646	116
1647	116
1647	112
1652	112
1652	111
1653	111
1653	105
1664	105
1664	104
1665	104
1665	101
1673	101
1673	100
1676	100
1676	99
1678	99
1678	100
1679	100
1679	101
1680	101
1680	104
1679	104
1679	115
1678	115
1678	116
1676	116
1676	122
1675	122
1675	128
1673	128
1673	134
1669	134
1669	140
1667	140
1667	143
1666	143
1666	146
1663	146
1663	147
1662	147
1662	149
1661	149
1661	153
1657	153
1657	159
1654	159
1654	160
1653	160
1653	165
1650	165
1650	166
1649	166
1649	171
1645	171
1645	172
1644	172
1644	178
1643	178
1643	184
1638	184
1638	190
1632	190
1632	196
1626	196
1626	197
1625	197
1625	199
1622	199
1622	202
1620	202
1620	204
1619	204
1619	206
1620	206
1620	207
1619	207
1619	209
1618	209
1618	215
1614	215
1614	216
1613	216
1613	221
1611	221
1611	222
1610	222
1610	227
1608	227
1608	228
1607	228
1607	229
1605	229
1605	231
1604	231
1604	232
1603	232
1603	233
1602	233
1602	232
1601	232
1601	234
1598	234
1598	240
1595	240
1595	241
1593	241
1593	242
1592	242
1592	241
1589	241
1589	244
1588	244
1588	246
1582	246
1582	252
1570	252
1570	253
1569	253
1569	266
1570	266
1570	267
1575	267
1575	272
1576	272
1576	273
1585	273
1585	277
1583	277
1583	278
1582	278
1582	281
1581	281
1581	282
1579	282
1579	283
1577	283
1577	284
1576	284
1576	285
1575	285
1575	286
1574	286
1574	287
1573	287
1573	289
1571	289
1571	290
1570	290
1570	293
1564	293
1564	295
1563	295
1563	296
1557	296
1557	300
1551	300
1551	304
1545	304
1545	308
1539	308
1539	309
1538	309
1538	310
1539	310
1539	311
1533	311
1533	312
1526	312
1526	314
1521	314
1521	315
1516	315
1516	314
1515	314
1515	315
1514	315
1514	316
1513	316
1513	317
1514	317
1514	318
1513	318
1513	319
1514	319
1514	323
1513	323
1513	325
1514	325
1514	327
1519	327
1519	328
1520	328
1520	330
1521	330
1521	331
1523	331
1523	332
1524	332
1524	334
1523	334
1523	339
1522	339
1522	340
1517	340
1517	342
1516	342
1516	343
1514	343
1514	345
1508	345
1508	346
1502	346
1502	347
1501	347
1501	349
1496	349
1496	350
1495	350
1495	352
1494	352
1494	353
1495	353
1495	355
1489	355
1489	358
1483	358
1483	359
1482	359
1482	363
1477	363
1477	364
1475	364
1475	365
1476	365
1476	366
1471	366
1471	367
1470	367
1470	368
1459	368
1459	367
1445	367
1445	381
1446	381
1446	382
1451	382
1451	384
1452	384
1452	385
1456	385
1456	386
1457	386
1457	389
1456	389
1456	390
1455	390
1455	391
1454	391
1454	392
1453	392
1453	393
1452	393
1452	394
1447	394
1447	395
1445	395
1445	396
1443	396
1443	395
1441	395
1441	396
1439	396
1439	399
1433	399
1433	400
1427	400
1427	401
1426	401
1426	402
1411	402
1411	405
1409	405
1409	407
1408	407
1408	408
1396	408
1396	409
1395	409
1395	410
1389	410
1389	411
1379	411
1379	410
1364	410
1364	422
1365	422
1365	423
1370	423
1370	428
1372	428
1372	429
1376	429
1376	433
1372	433
1372	434
1371	434
1371	435
1370	435
1370	436
1366	436
1366	437
1364	437
1364	438
1360	438
1360	439
1352	439
1352	441
1346	441
1346	442
1345	442
1345	443
1333	443
1333	445
1309	445
1309	446
1308	446
1308	447
1304	447
1304	446
1303	446
1303	445
1292	445
1292	446
1291	446
1291	461
1292	461
1292	460
1293	460
1293	464
1290	464
1290	465
1289	465
1289	467
1282	467
1282	468
1281	468
1281	467
1273	467
1273	465
1272	465
1272	464
1259	464
1259	465
1258	465
1258	466
1246	466
1246	467
1232	467
1232	468
1227	468
1227	470
1223	470
1223	468
1220	468
1220	467
1219	467
1219	468
1213	468
1213	467
1208	467
1208	468
1205	468
1205	470
1204	470
1204	471
1205	471
1205	472
1204	472
1204	476
1202	476
1202	477
1184	477
1184	476
1180	476
1180	477
1179	477
1179	476
1178	476
1178	477
1177	477
1177	479
1172	479
1172	480
1164	480
1164	481
1163	481
1163	480
1160	480
1160	481
1159	481
1159	482
1158	482
1158	483
1146	483
1146	485
1141	485
1141	486
1116	486
1116	487
1109	487
1109	489
1090	489
1090	500
1096	500
1096	503
1098	503
1098	504
1103	504
1103	505
1109	505
1109	506
1114	506
1114	507
1115	507
1115	510
1122	510
1122	511
1127	511
1127	512
1128	512
1128	513
1135	513
1135	514
1139	514
1139	515
1140	515
1140	516
1146	516
1146	519
1147	519
1147	520
1152	520
1152	521
1153	521
1153	522
1165	522
1165	523
1166	523
1166	524
1171	524
1171	525
1172	525
1172	526
1178	526
1178	528
1184	528
1184	529
1189	529
1189	530
1190	530
1190	531
1196	531
1196	532
1202	532
1202	534
1205	534
1205	535
1206	535
1206	534
1208	534
1208	535
1245	535
1245	536
1246	536
1246	553
1261	553
1261	554
1264	554
1264	553
1265	553
1265	554
1266	554
1266	555
1272	555
1272	556
1277	556
1277	557
1283	557
1283	559
1289	559
1289	560
1290	560
1290	562
1302	562
1302	565
1303	565
1303	566
1333	566
1333	565
1335	565
1335	563
1358	563
1358	565
1359	565
1359	566
1360	566
1360	565
1361	565
1361	566
1364	566
1364	570
1361	570
1361	571
1360	571
1360	576
1359	576
1359	577
1357	577
1357	579
1355	579
1355	580
1354	580
1354	581
1353	581
1353	583
1352	583
1352	594
1357	594
1357	595
1358	595
1358	596
1359	596
1359	597
1384	597
1384	596
1385	596
1385	594
1389	594
1389	596
1390	596
1390	597
1408	597
1408	603
1428	603
1428	600
1429	600
1429	598
1430	598
1430	597
1440	597
1440	596
1441	596
1441	595
1442	595
1442	594
1444	594
1444	595
1445	595
1445	594
1447	594
1447	595
1449	595
1449	594
1451	594
1451	595
1452	595
1452	597
1461	597
1461	601
1458	601
1458	603
1457	603
1457	607
1456	607
1456	608
1455	608
1455	622
1463	622
1463	623
1464	623
1464	622
1472	622
1472	621
1473	621
1473	622
1477	622
1477	621
1478	621
1478	619
1479	619
1479	617
1480	617
1480	616
1488	616
1488	621
1489	621
1489	622
1503	622
1503	616
1532	616
1532	621
1533	621
1533	622
1541	622
1541	623
1542	623
1542	624
1543	624
1543	625
1544	625
1544	626
1545	626
1545	628
1544	628
1544	629
1542	629
1542	630
1539	630
1539	632
1538	632
1538	633
1533	633
1533	647
1548	647
1548	646
1550	646
1550	647
1585	647
1585	646
1586	646
1586	647
1589	647
1589	646
1590	646
1590	644
1596	644
1596	645
1613	645
1613	646
1614	646
1614	647
1628	647
1628	651
1626	651
1626	657
1623	657
1623	658
1622	658
1622	657
1621	657
1621	658
1620	658
1620	664
1618	664
1618	678
1662	678
1662	679
1663	679
1663	684
1677	684
1677	683
1678	683
1678	682
1680	682
1680	681
1681	681
1681	682
1683	682
1683	681
1684	681
1684	680
1685	680
1685	679
1684	679
1684	678
1699	678
1699	679
1701	679
1701	680
1702	680
1702	681
1707	681
1707	684
1713	684
1713	686
1714	686
1714	687
1719	687
1719	690
1720	690
1720	691
1719	691
1719	694
1718	694
1718	695
1714	695
1714	696
1713	696
1713	701
1707	701
1707	715
1721	715
1721	713
1727	713
1727	711
1728	711
1728	709
1738	709
1738	710
1744	710
1744	712
1745	712
1745	713
1757	713
1757	715
1788	715
1788	717
1800	717
1800	720
1801	720
1801	721
1805	721
1805	722
1806	722
1806	726
1801	726
1801	727
1800	727
1800	732
1798	732
1798	735
1797	735
1797	737
1796	737
1796	738
1794	738
1794	739
1792	739
1792	752
1793	752
1793	753
1816	753
1816	752
1822	752
1822	753
1823	753
1823	752
1824	752
1824	753
1832	753
1832	754
1833	754
1833	753
1837	753
1837	756
1844	756
1844	758
1845	758
1845	759
1874	759
1874	760
1875	760
1875	762
1876	762
1876	763
1881	763
1881	765
1887	765
1887	771
1888	771
1888	772
1894	772
1894	779
1893	779
1893	780
1890	780
1890	781
1889	781
1889	782
1887	782
1887	788
1885	788
1885	787
1884	787
1884	788
1879	788
1879	789
1878	789
1878	802
1879	802
1879	803
1899	803
1899	807
1900	807
1900	808
1901	808
1901	809
1919	809
1919	814
1920	814
1920	815
1928	815
1928	816
1930	816
1930	817
1931	817
1931	822
1949	822
1949	827
1950	827
1950	828
1958	828
1958	829
1959	829
1959	830
1958	830
1958	833
1959	833
1959	834
1960	834
1960	835
1962	835
1962	838
1961	838
1961	839
1960	839
1960	841
1959	841
1959	842
1956	842
1956	844
1954	844
1954	845
1953	845
1953	847
1951	847
1951	848
1950	848
1950	850
1949	850
1949	851
1947	851
1947	850
1946	850
1946	851
1944	851
1944	856
1942	856
1942	857
1939	857
1939	868
1943	868
1943	869
1946	869
1946	868
1949	868
1949	869
1950	869
1950	871
1975	871
1975	877
1987	877
1987	883
1993	883
1993	886
1994	886
1994	888
1993	888
1993	889
1995	889
1995	890
2000	890
2000	889
2001	889
2001	890
2003	890
2003	889
2005	889
2005	890
2011	890
2011	893
2012	893
2012	894
2011	894
2011	895
2012	895
2012	896
2024	896
2024	902
2026	902
2026	903
2027	903
2027	904
2028	904
2028	907
2029	907
2029	909
2028	909
2028	910
2027	910
2027	911
2026	911
2026	912
2025	912
2025	913
2022	913
2022	912
2021	912
2021	913
2018	913
2018	927
2019	927
2019	928
2024	928
2024	933
2038	933
2038	934
2043	934
2043	939
2049	939
2049	940
2048	940
2048	941
2049	941
2049	942
2050	942
2050	945
2051	945
2051	946
2053	946
2053	945
2054	945
2054	946
2058	946
2058	947
2062	947
2062	952
2074	952
2074	956
2075	956
2075	958
2086	958
2086	960
2087	960
2087	962
2091	962
2091	963
2093	963
2093	970
2095	970
2095	971
2096	971
2096	970
2104	970
2104	971
2108	971
2108	970
2110	970
2110	971
2111	971
2111	972
2112	972
2112	974
2113	974
2113	975
2114	975
2114	974
2117	974
2117	975
2118	975
2118	977
2123	977
2123	978
2124	978
2124	983
2128	983
2128	989
2130	989
2130	990
2133	990
2133	991
2134	991
2134	993
2136	993
2136	995
2137	995
2137	996
2136	996
2136	999
2137	999
2137	1001
2136	1001
2136	1002
2137	1002
2137	1003
2125	1003
2125	1004
2118	1004
2118	1006
2112	1006
2112	1008
2111	1008
2111	1009
2102	1009
2102	1008
2101	1008
2101	1007
2100	1007
2100	1006
2088	1006
2088	1007
2087	1007
2087	1008
2081	1008
2081	1009
2076	1009
2076	1008
2050	1008
2050	1009
2043	1009
2043	1010
2042	1010
2042	1011
2039	1011
2039	1010
2038	1010
2038	1009
2034	1009
2034	1010
2033	1010
2033	1009
2032	1009
2032	1010
2031	1010
2031	1009
2010	1009
2010	1010
2008	1010
2008	1009
2002	1009
2002	1007
2001	1007
2001	1006
1995	1006
1995	1003
1989	1003
1989	1000
1983	1000
1983	997
1971	997
1971	1015
1972	1015
1972	1021
1973	1021
1973	1023
1974	1023
1974	1024
1973	1024
1973	1025
1969	1025
1969	1026
1968	1026
1968	1027
1945	1027
1945	1026
1946	1026
1946	1025
1940	1025
1940	1024
1939	1024
1939	1022
1933	1022
1933	1021
1926	1021
1926	1020
1920	1020
1920	1019
1914	1019
1914	1018
1913	1018
1913	1017
1912	1017
1912	1018
1902	1018
1902	1016
1896	1016
1896	1013
1895	1013
1895	1012
1888	1012
1888	1011
1887	1011
1887	1010
1886	1010
1886	1009
1885	1009
1885	1008
1884	1008
1884	1007
1883	1007
1883	1005
1882	1005
1882	1004
1877	1004
1877	1000
1873	1000
1873	995
1872	995
1872	994
1863	994
1863	995
1862	995
1862	1000
1860	1000
1860	1025
1859	1025
1859	1026
1858	1026
1858	1029
1859	1029
1859	1030
1858	1030
1858	1031
1852	1031
1852	1030
1846	1030
1846	1029
1845	1029
1845	1028
1840	1028
1840	1026
1839	1026
1839	1025
1834	1025
1834	1024
1833	1024
1833	1022
1827	1022
1827	1019
1825	1019
1825	1018
1821	1018
1821	1016
1815	1016
1815	1014
1814	1014
1814	1012
1812	1012
1812	1011
1811	1011
1811	1010
1810	1010
1810	1009
1809	1009
1809	1008
1808	1008
1808	1006
1802	1006
1802	1002
1796	1002
1796	1000
1795	1000
1795	999
1794	999
1794	998
1793	998
1793	997
1792	997
1792	995
1790	995
1790	994
1789	994
1789	993
1788	993
1788	994
1787	994
1787	993
1786	993
1786	990
1787	990
1787	989
1786	989
1786	988
1785	988
1785	987
1784	987
1784	982
1783	982
1783	981
1768	981
1768	983
1767	983
1767	988
1766	988
1766	994
1763	994
1763	1008
1757	1008
1757	1009
1753	1009
1753	1008
1752	1008
1752	1005
1751	1005
1751	1004
1746	1004
1746	1000
1740	1000
1740	997
1734	997
1734	992
1733	992
1733	991
1728	991
1728	990
1727	990
1727	989
1728	989
1728	988
1727	988
1727	986
1721	986
1721	984
1720	984
1720	983
1719	983
1719	982
1718	982
1718	981
1715	981
1715	975
1709	975
1709	972
1708	972
1708	971
1703	971
1703	969
1701	969
1701	963
1700	963
1700	962
1697	962
1697	957
1696	957
1696	956
1695	956
1695	950
1692	950
1692	949
1690	949
1690	950
1688	950
1688	949
1687	949
1687	950
1681	950
1681	951
1680	951
1680	956
1679	956
1679	963
1676	963
1676	970
1675	970
1675	972
1676	972
1676	973
1675	973
1675	976
1674	976
1674	979
1673	979
1673	980
1672	980
1672	979
1669	979
1669	978
1666	978
1666	977
1665	977
1665	975
1662	975
1662	974
1659	974
1659	969
1653	969
1653	966
1652	966
1652	965
1647	965
1647	962
1646	962
1646	961
1640	961
1640	957
1639	957
1639	956
1634	956
1634	948
1628	948
1628	945
1627	945
1627	944
1622	944
1622	938
1621	938
1621	937
1616	937
1616	931
1615	931
1615	919
1612	919
1612	913
1601	913
1601	925
1598	925
1598	926
1597	926
1597	931
1595	931
1595	934
1594	934
1594	935
1595	935
1595	938
1594	938
1594	939
1593	939
1593	940
1592	940
1592	941
1591	941
1591	942
1590	942
1590	943
1586	943
1586	942
1584	942
1584	938
1578	938
1578	931
1572	931
1572	926
1571	926
1571	925
1566	925
1566	920
1565	920
1565	919
1559	919
1559	915
1553	915
1553	912
1552	912
1552	911
1547	911
1547	907
1546	907
1546	906
1543	906
1543	901
1542	901
1542	900
1538	900
1538	895
1537	895
1537	894
1535	894
1535	893
1534	893
1534	892
1535	892
1535	889
1534	889
1534	888
1524	888
1524	889
1523	889
1523	894
1520	894
1520	906
1519	906
1519	907
1518	907
1518	911
1517	911
1517	910
1515	910
1515	909
1510	909
1510	906
1509	906
1509	904
1504	904
1504	903
1503	903
1503	900
1498	900
1498	899
1497	899
1497	896
1498	896
1498	895
1497	895
1497	894
1496	894
1496	893
1495	893
1495	894
1494	894
1494	893
1493	893
1493	894
1491	894
1491	888
1487	888
1487	887
1486	887
1486	888
1485	888
1485	882
1484	882
1484	881
1479	881
1479	880
1478	880
1478	878
1472	878
1472	872
1471	872
1471	871
1466	871
1466	863
1463	863
1463	862
1462	862
1462	861
1463	861
1463	858
1462	858
1462	857
1461	857
1461	856
1460	856
1460	854
1459	854
1459	853
1454	853
1454	845
1453	845
1453	844
1442	844
1442	845
1441	845
1441	850
1439	850
1439	852
1438	852
1438	856
1437	856
1437	857
1436	857
1436	863
1433	863
1433	870
1432	870
1432	871
1430	871
1430	870
1428	870
1428	869
1425	869
1425	868
1424	868
1424	867
1423	867
1423	866
1422	866
1422	863
1421	863
1421	862
1420	862
1420	861
1419	861
1419	860
1418	860
1418	859
1417	859
1417	858
1416	858
1416	857
1415	857
1415	856
1414	856
1414	851
1413	851
1413	850
1410	850
1410	844
1409	844
1409	839
1408	839
1408	838
1404	838
1404	835
1403	835
1403	834
1404	834
1404	833
1403	833
1403	832
1404	832
1404	828
1403	828
1403	827
1404	827
1404	826
1402	826
1402	825
1398	825
1398	824
1397	824
1397	819
1392	819
1392	818
1391	818
1391	817
1392	817
1392	816
1391	816
1391	815
1392	815
1392	814
1391	814
1391	813
1390	813
1390	812
1385	812
1385	807
1382	807
1382	801
1380	801
1380	800
1379	800
1379	795
1378	795
1378	794
1376	794
1376	789
1375	789
1375	787
1374	787
1374	785
1364	785
1364	788
1363	788
1363	787
1362	787
1362	789
1361	789
1361	794
1358	794
1358	796
1357	796
1357	800
1355	800
1355	801
1354	801
1354	807
1345	807
1345	801
1344	801
1344	800
1343	800
1343	795
1342	795
1342	794
1341	794
1341	788
1339	788
1339	782
1338	782
1338	781
1335	781
1335	780
1336	780
1336	779
1335	779
1335	778
1336	778
1336	777
1335	777
1335	770
1329	770
1329	764
1328	764
1328	763
1323	763
1323	758
1322	758
1322	757
1316	757
1316	751
1310	751
1310	745
1303	745
1303	744
1302	744
1302	739
1301	739
1301	738
1298	738
1298	733
1297	733
1297	732
1287	732
1287	734
1286	734
1286	735
1287	735
1287	736
1286	736
1286	738
1283	738
1283	750
1282	750
1282	751
1279	751
1279	750
1278	750
1278	749
1277	749
1277	747
1276	747
1276	748
1275	748
1275	747
1273	747
1273	745
1271	745
1271	744
1270	744
1270	738
1267	738
1267	733
1266	733
1266	732
1264	732
1264	726
1263	726
1263	725
1262	725
1262	722
1263	722
1263	721
1262	721
1262	720
1257	720
1257	714
1256	714
1256	713
1252	713
1252	707
1248	707
1248	701
1246	701
1246	700
1242	700
1242	695
1241	695
1241	694
1239	694
1239	689
1237	689
1237	688
1235	688
1235	687
1236	687
1236	684
1235	684
1235	682
1232	682
1232	677
1231	677
1231	676
1229	676
1229	670
1227	670
1227	664
1224	664
1224	663
1216	663
1216	664
1215	664
1215	669
1214	669
1214	670
1211	670
1211	676
1203	676
1203	675
1202	675
1202	670
1200	670
1200	669
1198	669
1198	657
1195	657
1195	656
1194	656
1194	655
1195	655
1195	652
1194	652
1194	651
1192	651
1192	645
1186	645
1186	639
1185	639
1185	638
1184	638
1184	633
1183	633
1183	632
1179	632
1179	630
1180	630
1180	629
1179	629
1179	626
1175	626
1175	625
1174	625
1174	620
1171	620
1171	619
1170	619
1170	617
1171	617
1171	615
1170	615
1170	614
1167	614
1167	608
1166	608
1166	607
1152	607
1152	606
1154	606
1154	605
1155	605
1155	604
1154	604
1154	603
1155	603
1155	602
1154	602
1154	599
1155	599
1155	595
1154	595
1154	593
1151	593
1151	591
1150	591
1150	589
1148	589
1148	587
1147	587
1147	586
1146	586
1146	585
1145	585
1145	586
1144	586
1144	585
1142	585
1142	583
1141	583
1141	582
1135	582
1135	580
1134	580
1134	579
1133	579
1133	578
1132	578
1132	577
1130	577
1130	575
1129	575
1129	574
1128	574
1128	573
1126	573
1126	574
1125	574
1125	573
1124	573
1124	572
1123	572
1123	570
1120	570
1120	568
1119	568
1119	567
1117	567
1117	564
1116	564
1116	563
1115	563
1115	562
1114	562
1114	561
1113	561
1113	560
1112	560
1112	559
1111	559
1111	556
1110	556
1110	555
1105	555
1105	552
1104	552
1104	550
1099	550
1099	549
1098	549
1098	545
1095	545
1095	544
1094	544
1094	543
1093	543
1093	542
1092	542
1092	539
1087	539
1087	533
1083	533
1083	532
1082	532
1082	531
1081	531
1081	530
1080	530
1080	527
1078	527
1078	526
1066	526
1066	527
1065	527
1065	540
1066	540
1066	541
1068	541
1068	542
1069	542
1069	545
1068	545
1068	546
1069	546
1069	547
1071	547
1071	552
1072	552
1072	553
1073	553
1073	559
1074	559
1074	560
1075	560
1075	565
1076	565
1076	566
1077	566
1077	577
1078	577
1078	578
1081	578
1081	584
1082	584
1082	585
1084	585
1084	597
1086	597
1086	602
1087	602
1087	603
1088	603
1088	608
1089	608
1089	609
1090	609
1090	615
1091	615
1091	616
1093	616
1093	627
1094	627
1094	628
1096	628
1096	633
1097	633
1097	634
1099	634
1099	640
1100	640
1100	641
1101	641
1101	646
1102	646
1102	649
1103	649
1103	650
1102	650
1102	652
1103	652
1103	653
1106	653
1106	665
1107	665
1107	666
1109	666
1109	678
1112	678
1112	683
1113	683
1113	684
1115	684
1115	690
1116	690
1116	691
1117	691
1117	696
1118	696
1118	697
1120	697
1120	698
1121	698
1121	703
1124	703
1124	709
1128	709
1128	715
1133	715
1133	717
1134	717
1134	720
1133	720
1133	721
1134	721
1134	722
1137	722
1137	727
1139	727
1139	728
1140	728
1140	734
1141	734
1141	735
1142	735
1142	734
1143	734
1143	735
1146	735
1146	740
1147	740
1147	741
1148	741
1148	746
1150	746
1150	747
1153	747
1153	752
1154	752
1154	753
1158	753
1158	757
1159	757
1159	765
1164	765
1164	767
1165	767
1165	772
1170	772
1170	774
1171	774
1171	784
1177	784
1177	790
1184	790
1184	796
1190	796
1190	808
1185	808
1185	809
1184	809
1184	810
1177	810
1177	823
1178	823
1178	824
1183	824
1183	827
1184	827
1184	828
1189	828
1189	833
1190	833
1190	834
1195	834
1195	838
1196	838
1196	846
1199	846
1199	847
1200	847
1200	846
1202	846
1202	852
1204	852
1204	853
1205	853
1205	858
1206	858
1206	859
1208	859
1208	877
1209	877
1209	878
1220	878
1220	883
1228	883
1228	884
1230	884
1230	889
1231	889
1231	890
1233	890
1233	895
1234	895
1234	896
1236	896
1236	898
1237	898
1237	900
1235	900
1235	901
1233	901
1233	904
1221	904
1221	907
1220	907
1220	918
1221	918
1221	919
1220	919
1220	920
1221	920
1221	921
1226	921
1226	922
1227	922
1227	927
1234	927
1234	929
1233	929
1233	931
1234	931
1234	933
1240	933
1240	940
1245	940
1245	945
1246	945
1246	952
1248	952
1248	953
1252	953
1252	955
1251	955
1251	956
1252	956
1252	961
1251	961
1251	962
1252	962
1252	971
1258	971
1258	977
1260	977
1260	978
1261	978
1261	977
1264	977
1264	981
1269	981
1269	982
1270	982
1270	983
1271	983
1271	989
1273	989
1273	990
1274	990
1274	995
1275	995
1275	996
1277	996
1277	1008
1276	1008
1276	1009
1272	1009
1272	1008
1270	1008
1270	1007
1269	1007
1269	1008
1268	1008
1268	1007
1267	1007
1267	1006
1252	1006
1252	1008
1247	1008
1247	1009
1246	1009
1246	1021
1258	1021
1258	1027
1264	1027
1264	1032
1265	1032
1265	1034
1266	1034
1266	1033
1267	1033
1267	1034
1270	1034
1270	1039
1271	1039
1271	1045
1277	1045
1277	1052
1283	1052
1283	1058
1285	1058
1285	1063
1286	1063
1286	1064
1287	1064
1287	1065
1289	1065
1289	1070
1290	1070
1290	1071
1295	1071
1295	1080
1296	1080
1296	1083
1299	1083
1299	1089
1300	1089
1300	1095
1302	1095
1302	1102
1304	1102
1304	1106
1302	1106
1302	1114
1297	1114
1297	1112
1291	1112
1291	1109
1271	1109
1271	1110
1270	1110
