1284	1119
1285	1119
1285	1120
1286	1120
1286	1121
1288	1121
1288	1122
1289	1122
1289	1124
1290	1124
1290	1127
1291	1127
1291	1128
1293	1128
1293	1130
1294	1130
1294	1131
1295	1131
1295	1133
1296	1133
1296	1134
1297	1134
1297	1135
1296	1135
1296	1136
1297	1136
1297	1137
1298	1137
1298	1139
1299	1139
1299	1140
1302	1140
1302	1146
1304	1146
1304	1147
1305	1147
1305	1150
1306	1150
1306	1151
1307	1151
1307	1153
1308	1153
1308	1155
1309	1155
1309	1160
1310	1160
1310	1161
1311	1161
1311	1162
1310	1162
1310	1163
1311	1163
1311	1165
1314	1165
1314	1166
1315	1166
1315	1169
1316	1169
1316	1173
1317	1173
1317	1177
1318	1177
1318	1178
1319	1178
1319	1182
1320	1182
1320	1185
1321	1185
1321	1189
1322	1189
1322	1190
1323	1190
1323	1198
1326	1198
1326	1199
1327	1199
1327	1202
1328	1202
1328	1204
1329	1204
1329	1209
1328	1209
1328	1212
1324	1212
1324	1211
1310	1211
1310	1212
1298	1212
1298	1227
1303	1227
1303	1229
1304	1229
1304	1232
1305	1232
1305	1233
1306	1233
1306	1234
1307	1234
1307	1235
1308	1235
1308	1236
1309	1236
1309	1237
1310	1237
1310	1240
1312	1240
1312	1242
1313	1242
1313	1243
1314	1243
1314	1245
1315	1245
1315	1251
1316	1251
1316	1257
1317	1257
1317	1258
1318	1258
1318	1259
1320	1259
1320	1260
1319	1260
1319	1263
1320	1263
1320	1264
1321	1264
1321	1265
1322	1265
1322	1270
1323	1270
1323	1282
1324	1282
1324	1283
1326	1283
1326	1285
1327	1285
1327	1290
1328	1290
1328	1294
1329	1294
1329	1308
1328	1308
1328	1309
1326	1309
1326	1308
1325	1308
1325	1307
1324	1307
1324	1306
1298	1306
1298	1320
1304	1320
1304	1326
1306	1326
1306	1327
1308	1327
1308	1328
1309	1328
1309	1330
1310	1330
1310	1331
1311	1331
1311	1332
1313	1332
1313	1336
1314	1336
1314	1338
1315	1338
1315	1339
1314	1339
1314	1341
1315	1341
1315	1342
1316	1342
1316	1348
1317	1348
1317	1360
1316	1360
1316	1369
1317	1369
1317	1371
1319	1371
1319	1372
1321	1372
1321	1373
1322	1373
1322	1379
1323	1379
1323	1388
1324	1388
1324	1389
1325	1389
1325	1397
1324	1397
1324	1400
1323	1400
1323	1401
1319	1401
1319	1400
1317	1400
1317	1399
1312	1399
1312	1398
1311	1398
1311	1397
1294	1397
1294	1399
1293	1399
1293	1410
1294	1410
1294	1411
1296	1411
1296	1412
1297	1412
1297	1413
1298	1413
1298	1415
1299	1415
1299	1416
1300	1416
1300	1419
1301	1419
1301	1420
1303	1420
1303	1421
1304	1421
1304	1425
1305	1425
1305	1426
1308	1426
1308	1429
1309	1429
1309	1430
1310	1430
1310	1435
1311	1435
1311	1440
1310	1440
1310	1441
1311	1441
1311	1442
1310	1442
1310	1444
1312	1444
1312	1448
1313	1448
1313	1452
1314	1452
1314	1457
1315	1457
1315	1458
1316	1458
1316	1459
1317	1459
1317	1463
1318	1463
1318	1469
1319	1469
1319	1480
1317	1480
1317	1486
1312	1486
1312	1485
1311	1485
1311	1484
1306	1484
1306	1483
1303	1483
1303	1482
1301	1482
1301	1481
1300	1481
1300	1480
1283	1480
1283	1491
1284	1491
1284	1494
1287	1494
1287	1495
1288	1495
1288	1497
1289	1497
1289	1500
1291	1500
1291	1502
1292	1502
1292	1506
1293	1506
1293	1508
1294	1508
1294	1507
1295	1507
1295	1508
1296	1508
1296	1512
1297	1512
1297	1515
1298	1515
1298	1525
1300	1525
1300	1534
1301	1534
1301	1535
1302	1535
1302	1552
1303	1552
1303	1555
1304	1555
1304	1567
1302	1567
1302	1571
1298	1571
1298	1570
1296	1570
1296	1569
1294	1569
1294	1568
1293	1568
1293	1567
1287	1567
1287	1565
1281	1565
1281	1564
1269	1564
1269	1563
1268	1563
1268	1564
1267	1564
1267	1572
1266	1572
1266	1573
1267	1573
1267	1575
1269	1575
1269	1576
1270	1576
1270	1577
1271	1577
1271	1581
1273	1581
1273	1582
1274	1582
1274	1583
1275	1583
1275	1586
1276	1586
1276	1588
1277	1588
1277	1592
1278	1592
1278	1594
1279	1594
1279	1599
1280	1599
1280	1601
1281	1601
1281	1610
1282	1610
1282	1630
1283	1630
1283	1643
1284	1643
1284	1655
1283	1655
1283	1664
1282	1664
1282	1668
1281	1668
1281	1670
1280	1670
1280	1671
1277	1671
1277	1670
1275	1670
1275	1667
1274	1667
1274	1666
1272	1666
1272	1665
1271	1665
1271	1666
1270	1666
1270	1665
1269	1665
1269	1664
1267	1664
1267	1663
1264	1663
1264	1662
1262	1662
1262	1660
1249	1660
1249	1661
1248	1661
1248	1673
1249	1673
1249	1674
1251	1674
1251	1675
1252	1675
1252	1680
1253	1680
1253	1684
1254	1684
1254	1693
1255	1693
1255	1712
1254	1712
1254	1732
1253	1732
1253	1735
1252	1735
1252	1744
1251	1744
1251	1746
1250	1746
1250	1747
1249	1747
1249	1748
1248	1748
1248	1750
1245	1750
1245	1749
1244	1749
1244	1747
1243	1747
1243	1746
1239	1746
1239	1745
1237	1745
1237	1744
1236	1744
1236	1743
1234	1743
1234	1742
1232	1742
1232	1741
1231	1741
1231	1739
1220	1739
1220	1740
1219	1740
1219	1741
1220	1741
1220	1757
1221	1757
1221	1761
1220	1761
1220	1765
1219	1765
1219	1766
1217	1766
1217	1773
1216	1773
1216	1782
1215	1782
1215	1793
1216	1793
1216	1794
1215	1794
1215	1805
1214	1805
1214	1809
1212	1809
1212	1810
1211	1810
1211	1815
1210	1815
1210	1816
1209	1816
1209	1817
1208	1817
1208	1819
1207	1819
1207	1821
1205	1821
1205	1823
1203	1823
1203	1824
1201	1824
1201	1825
1200	1825
1200	1824
1197	1824
1197	1823
1191	1823
1191	1824
1189	1824
1189	1837
1190	1837
1190	1849
1189	1849
1189	1853
1188	1853
1188	1858
1187	1858
1187	1860
1186	1860
1186	1878
1185	1878
1185	1885
1184	1885
1184	1897
1183	1897
1183	1907
1182	1907
1182	1909
1180	1909
1180	1919
1179	1919
1179	1934
1178	1934
1178	1938
1177	1938
1177	1946
1176	1946
1176	1949
1175	1949
1175	1952
1174	1952
1174	1953
1173	1953
1173	1976
1174	1976
1174	1977
1173	1977
1173	1982
1172	1982
1172	1983
1171	1983
1171	1995
1170	1995
1170	1998
1169	1998
1169	2001
1166	2001
1166	1999
1164	1999
1164	1998
1163	1998
1163	1996
1162	1996
1162	1995
1160	1995
1160	1994
1159	1994
1159	1993
1158	1993
1158	1992
1157	1992
1157	1990
1156	1990
1156	1989
1155	1989
1155	1988
1154	1988
1154	1986
1153	1986
1153	1985
1154	1985
1154	1984
1152	1984
1152	1982
1151	1982
1151	1977
1149	1977
1149	1976
1148	1976
1148	1972
1147	1972
1147	1970
1146	1970
1146	1968
1145	1968
1145	1966
1144	1966
1144	1964
1143	1964
1143	1959
1142	1959
1142	1957
1141	1957
1141	1953
1140	1953
1140	1945
1139	1945
1139	1942
1138	1942
1138	1940
1137	1940
1137	1939
1136	1939
1136	1936
1135	1936
1135	1930
1134	1930
1134	1928
1133	1928
1133	1927
1132	1927
1132	1922
1131	1922
1131	1920
1130	1920
1130	1917
1129	1917
1129	1912
1128	1912
1128	1910
1127	1910
1127	1909
1126	1909
1126	1904
1125	1904
1125	1900
1124	1900
1124	1896
1123	1896
1123	1895
1124	1895
1124	1892
1123	1892
1123	1883
1122	1883
1122	1873
1121	1873
1121	1864
1120	1864
1120	1860
1119	1860
1119	1853
1118	1853
1118	1852
1117	1852
1117	1851
1116	1851
1116	1847
1115	1847
1115	1846
1113	1846
1113	1828
1111	1828
1111	1825
1110	1825
1110	1810
1111	1810
1111	1797
1099	1797
1099	1800
1097	1800
1097	1801
1094	1801
1094	1802
1093	1802
1093	1803
1092	1803
1092	1804
1091	1804
1091	1805
1088	1805
1088	1804
1087	1804
1087	1803
1086	1803
1086	1800
1085	1800
1085	1796
1084	1796
1084	1791
1083	1791
1083	1785
1082	1785
1082	1745
1083	1745
1083	1744
1084	1744
1084	1739
1085	1739
1085	1734
1087	1734
1087	1732
1088	1732
1088	1729
1089	1729
1089	1721
1088	1721
1088	1720
1076	1720
1076	1721
1068	1721
1068	1723
1067	1723
1067	1724
1064	1724
1064	1725
1062	1725
1062	1726
1060	1726
1060	1728
1057	1728
1057	1729
1054	1729
1054	1728
1053	1728
1053	1727
1052	1727
1052	1723
1051	1723
1051	1712
1053	1712
1053	1711
1052	1711
1052	1705
1053	1705
1053	1698
1054	1698
1054	1691
1055	1691
1055	1689
1056	1689
1056	1686
1057	1686
1057	1680
1058	1680
1058	1677
1059	1677
1059	1676
1060	1676
1060	1675
1061	1675
1061	1674
1062	1674
1062	1675
1063	1675
1063	1669
1064	1669
1064	1668
1065	1668
1065	1667
1066	1667
1066	1665
1067	1665
1067	1663
1068	1663
1068	1662
1069	1662
1069	1660
1070	1660
1070	1659
1071	1659
1071	1658
1072	1658
1072	1646
1061	1646
1061	1647
1057	1647
1057	1648
1055	1648
1055	1649
1053	1649
1053	1650
1052	1650
1052	1649
1051	1649
1051	1650
1049	1650
1049	1651
1048	1651
1048	1652
1047	1652
1047	1653
1046	1653
1046	1654
1042	1654
1042	1651
1041	1651
1041	1642
1040	1642
1040	1637
1041	1637
1041	1627
1042	1627
1042	1623
1043	1623
1043	1621
1044	1621
1044	1619
1045	1619
1045	1608
1046	1608
1046	1605
1047	1605
1047	1602
1048	1602
1048	1593
1049	1593
1049	1592
1050	1592
1050	1587
1051	1587
1051	1582
1052	1582
1052	1572
1057	1572
1057	1570
1058	1570
1058	1569
1059	1569
1059	1568
1060	1568
1060	1567
1061	1567
1061	1564
1062	1564
1062	1563
1064	1563
1064	1562
1065	1562
1065	1561
1066	1561
1066	1559
1067	1559
1067	1548
1056	1548
1056	1549
1055	1549
1055	1550
1049	1550
1049	1551
1048	1551
1048	1552
1043	1552
1043	1553
1037	1553
1037	1554
1032	1554
1032	1555
1031	1555
1031	1558
1027	1558
1027	1557
1026	1557
1026	1541
1027	1541
1027	1535
1028	1535
1028	1534
1029	1534
1029	1530
1030	1530
1030	1526
1031	1526
1031	1525
1032	1525
1032	1520
1033	1520
1033	1519
1034	1519
1034	1517
1035	1517
1035	1514
1036	1514
1036	1510
1038	1510
1038	1509
1039	1509
1039	1507
1040	1507
1040	1504
1041	1504
1041	1502
1042	1502
1042	1501
1043	1501
1043	1500
1045	1500
1045	1493
1046	1493
1046	1492
1047	1492
1047	1491
1048	1491
1048	1490
1049	1490
1049	1488
1050	1488
1050	1487
1051	1487
1051	1485
1052	1485
1052	1483
1053	1483
1053	1482
1056	1482
1056	1481
1057	1481
1057	1479
1058	1479
1058	1478
1059	1478
1059	1476
1060	1476
1060	1475
1064	1475
1064	1472
1065	1472
1065	1471
1066	1471
1066	1470
1069	1470
1069	1469
1070	1469
1070	1468
1069	1468
1069	1467
1070	1467
1070	1466
1069	1466
1069	1465
1070	1465
1070	1460
1069	1460
1069	1459
1044	1459
1044	1460
1043	1460
1043	1461
1037	1461
1037	1462
1036	1462
1036	1464
1034	1464
1034	1465
1030	1465
1030	1464
1029	1464
1029	1461
1028	1461
1028	1452
1029	1452
1029	1440
1030	1440
1030	1438
1032	1438
1032	1431
1033	1431
1033	1428
1034	1428
1034	1427
1035	1427
1035	1426
1036	1426
1036	1425
1038	1425
1038	1424
1039	1424
1039	1421
1038	1421
1038	1419
1039	1419
1039	1418
1040	1418
1040	1414
1041	1414
1041	1410
1042	1410
1042	1404
1043	1404
1043	1403
1044	1403
1044	1401
1045	1401
1045	1397
1046	1397
1046	1395
1047	1395
1047	1390
1048	1390
1048	1389
1049	1389
1049	1388
1051	1388
1051	1384
1052	1384
1052	1381
1053	1381
1053	1380
1054	1380
1054	1378
1055	1378
1055	1376
1057	1376
1057	1374
1058	1374
1058	1371
1059	1371
1059	1370
1062	1370
1062	1369
1063	1369
1063	1367
1064	1367
1064	1366
1065	1366
1065	1365
1066	1365
1066	1364
1068	1364
1068	1363
1069	1363
1069	1362
1070	1362
1070	1352
1066	1352
1066	1351
1051	1351
1051	1352
1049	1352
1049	1353
1047	1353
1047	1354
1043	1354
1043	1355
1041	1355
1041	1356
1040	1356
1040	1355
1038	1355
1038	1356
1037	1356
1037	1358
1035	1358
1035	1356
1034	1356
1034	1355
1033	1355
1033	1352
1034	1352
1034	1342
1035	1342
1035	1334
1036	1334
1036	1333
1038	1333
1038	1332
1039	1332
1039	1322
1040	1322
1040	1320
1041	1320
1041	1317
1042	1317
1042	1314
1043	1314
1043	1303
1042	1303
1042	1298
1043	1298
1043	1295
1045	1295
1045	1289
1046	1289
1046	1288
1045	1288
1045	1283
1046	1283
1046	1282
1047	1282
1047	1280
1048	1280
1048	1277
1051	1277
1051	1271
1053	1271
1053	1270
1055	1270
1055	1268
1056	1268
1056	1266
1058	1266
1058	1265
1059	1265
1059	1262
1063	1262
1063	1259
1064	1259
1064	1247
1060	1247
1060	1246
1058	1246
1058	1245
1057	1245
1057	1243
1048	1243
1048	1244
1044	1244
1044	1243
1039	1243
1039	1244
1037	1244
1037	1243
1036	1243
1036	1244
1035	1244
1035	1243
1034	1243
1034	1237
1035	1237
1035	1236
1036	1236
1036	1235
1037	1235
1037	1233
1038	1233
1038	1232
1039	1232
1039	1231
1042	1231
1042	1227
1044	1227
1044	1226
1045	1226
1045	1210
1046	1210
1046	1206
1047	1206
1047	1205
1048	1205
1048	1202
1051	1202
1051	1197
1052	1197
1052	1196
1053	1196
1053	1193
1054	1193
1054	1192
1055	1192
1055	1191
1056	1191
1056	1189
1057	1189
1057	1184
1058	1184
1058	1183
1059	1183
1059	1181
1060	1181
1060	1179
1061	1179
1061	1178
1062	1178
1062	1177
1063	1177
1063	1176
1064	1176
1064	1174
1066	1174
1066	1172
1067	1172
1067	1168
1068	1168
1068	1167
1069	1167
1069	1165
1070	1165
1070	1164
1071	1164
1071	1163
1072	1163
1072	1162
1073	1162
1073	1161
1074	1161
1074	1138
1073	1138
1073	1135
1072	1135
1072	1132
1071	1132
1071	1129
1070	1129
1070	1115
1069	1115
1069	1110
1068	1110
1068	1102
1067	1102
1067	1091
1069	1091
1069	1090
1070	1090
1070	1084
1071	1084
1071	1076
1072	1076
1072	1075
1073	1075
1073	1072
1074	1072
1074	1071
1076	1071
1076	1066
1077	1066
1077	1065
1078	1065
1078	1064
1079	1064
1079	1061
1080	1061
1080	1060
1082	1060
1082	1059
1083	1059
1083	1058
1084	1058
1084	1055
1085	1055
1085	1047
1084	1047
1084	1045
1081	1045
1081	1044
1080	1044
1080	1045
1056	1045
1056	1046
1055	1046
1055	1045
1053	1045
1053	1043
1052	1043
1052	1042
1053	1042
1053	1041
1052	1041
1052	1038
1053	1038
1053	1034
1054	1034
1054	1033
1055	1033
1055	1032
1057	1032
1057	1024
1058	1024
1058	1019
1059	1019
1059	1016
1060	1016
1060	1015
1061	1015
1061	1013
1062	1013
1062	1011
1063	1011
1063	1009
1064	1009
1064	1004
1066	1004
1066	1003
1067	1003
1067	998
1068	998
1068	997
1069	997
1069	992
1070	992
1070	991
1071	991
1071	989
1072	989
1072	987
1071	987
1071	986
1072	986
1072	984
1073	984
1073	979
1074	979
1074	978
1076	978
1076	974
1077	974
1077	973
1078	973
1078	970
1079	970
1079	966
1084	966
1084	959
1085	959
1085	957
1086	957
1086	956
1087	956
1087	954
1088	954
1088	953
1089	953
1089	952
1090	952
1090	950
1091	950
1091	939
1074	939
1074	940
1064	940
1064	938
1063	938
1063	935
1064	935
1064	928
1065	928
1065	927
1067	927
1067	924
1068	924
1068	923
1069	923
1069	921
1070	921
1070	920
1071	920
1071	919
1073	919
1073	917
1075	917
1075	916
1076	916
1076	912
1077	912
1077	908
1078	908
1078	905
1079	905
1079	904
1081	904
1081	903
1082	903
1082	898
1083	898
1083	896
1084	896
1084	895
1085	895
1085	893
1086	893
1086	892
1087	892
1087	891
1088	891
1088	888
1089	888
1089	887
1090	887
1090	886
1091	886
1091	882
1092	882
1092	879
1094	879
1094	877
1095	877
1095	876
1094	876
1094	873
1095	873
1095	872
1096	872
1096	871
1097	871
1097	869
1098	869
1098	867
1099	867
1099	866
1100	866
1100	865
1101	865
1101	860
1102	860
1102	859
1103	859
1103	856
1104	856
1104	855
1105	855
1105	854
1106	854
1106	853
1107	853
1107	849
1108	849
1108	848
1109	848
1109	847
1110	847
1110	845
1111	845
1111	833
1093	833
1093	831
1092	831
1092	829
1093	829
1093	827
1094	827
1094	824
1097	824
1097	823
1098	823
1098	819
1100	819
1100	818
1101	818
1101	814
1102	814
1102	812
1104	812
1104	811
1106	811
1106	810
1107	810
1107	800
1108	800
1108	799
1109	799
1109	798
1110	798
1110	792
1112	792
1112	791
1113	791
1113	781
1116	781
1116	780
1115	780
1115	779
1116	779
1116	771
1117	771
1117	767
1119	767
1119	761
1120	761
1120	760
1121	760
1121	755
1122	755
1122	747
1123	747
1123	742
1125	742
1125	740
1126	740
1126	739
1125	739
1125	737
1126	737
1126	736
1125	736
1125	735
1126	735
1126	734
1125	734
1125	731
1126	731
1126	729
1127	729
1127	722
1128	722
1128	712
1129	712
1129	704
1130	704
1130	703
1129	703
1129	700
1130	700
1130	699
1131	699
1131	698
1132	698
1132	689
1133	689
1133	679
1134	679
1134	674
1135	674
1135	666
1136	666
1136	663
1137	663
1137	654
1138	654
1138	640
1139	640
1139	633
1140	633
1140	623
1141	623
1141	614
1142	614
1142	613
1141	613
1141	610
1142	610
1142	609
1143	609
1143	605
1144	605
1144	585
1145	585
1145	573
1146	573
1146	558
1147	558
1147	552
1148	552
1148	543
1150	543
1150	532
1151	532
1151	526
1152	526
1152	520
1151	520
1151	519
1152	519
1152	518
1151	518
1151	516
1141	516
1141	520
1140	520
1140	521
1139	521
1139	522
1138	522
1138	523
1137	523
1137	524
1136	524
1136	526
1135	526
1135	529
1131	529
1131	530
1130	530
1130	535
1129	535
1129	536
1128	536
1128	537
1127	537
1127	539
1126	539
1126	540
1125	540
1125	541
1124	541
1124	542
1123	542
1123	544
1122	544
1122	545
1121	545
1121	546
1120	546
1120	547
1119	547
1119	548
1116	548
1116	549
1115	549
1115	553
1114	553
1114	554
1112	554
1112	556
1111	556
1111	557
1110	557
1110	558
1109	558
1109	560
1105	560
1105	565
1104	565
1104	566
1102	566
1102	569
1101	569
1101	572
1097	572
1097	574
1096	574
1096	577
1095	577
1095	579
1092	579
1092	582
1091	582
1091	584
1090	584
1090	585
1087	585
1087	589
1086	589
1086	591
1085	591
1085	592
1084	592
1084	593
1083	593
1083	595
1081	595
1081	596
1080	596
1080	597
1079	597
1079	600
1078	600
1078	601
1077	601
1077	603
1076	603
1076	602
1075	602
1075	604
1074	604
1074	606
1073	606
1073	609
1072	609
1072	611
1071	611
1071	613
1070	613
1070	615
1069	615
1069	616
1067	616
1067	617
1066	617
1066	622
1062	622
1062	623
1061	623
1061	628
1060	628
1060	629
1059	629
1059	632
1058	632
1058	634
1057	634
1057	635
1055	635
1055	641
1053	641
1053	644
1052	644
1052	645
1050	645
1050	646
1049	646
1049	652
1048	652
1048	654
1047	654
1047	659
1046	659
1046	660
1045	660
1045	664
1044	664
1044	665
1043	665
1043	666
1042	666
1042	667
1041	667
1041	672
1038	672
1038	677
1037	677
1037	678
1030	678
1030	674
1029	674
1029	673
1028	673
1028	671
1017	671
1017	673
1016	673
1016	674
1017	674
1017	675
1016	675
1016	676
1015	676
1015	679
1014	679
1014	681
1013	681
1013	684
1012	684
1012	686
1011	686
1011	690
1010	690
1010	691
1008	691
1008	694
1007	694
1007	695
1006	695
1006	699
1005	699
1005	701
1004	701
1004	702
1003	702
1003	705
1002	705
1002	707
1001	707
1001	709
1000	709
1000	712
999	712
999	714
998	714
998	715
997	715
997	717
996	717
996	719
995	719
995	721
994	721
994	724
993	724
993	725
992	725
992	726
991	726
991	727
990	727
990	729
989	729
989	732
988	732
988	734
986	734
986	735
985	735
985	742
984	742
984	744
983	744
983	746
982	746
982	747
981	747
981	753
979	753
979	758
978	758
978	763
977	763
977	765
975	765
975	766
974	766
974	775
972	775
972	776
971	776
971	778
969	778
969	780
968	780
968	783
967	783
967	784
963	784
963	785
962	785
962	787
960	787
960	786
959	786
959	784
958	784
958	782
957	782
957	781
956	781
956	780
947	780
947	782
946	782
946	784
947	784
947	785
946	785
946	789
945	789
945	790
944	790
944	791
943	791
943	802
942	802
942	805
941	805
941	808
940	808
940	809
937	809
937	813
938	813
938	814
937	814
937	815
936	815
936	821
935	821
935	822
934	822
934	826
932	826
932	827
931	827
931	833
930	833
930	834
929	834
929	835
928	835
928	837
927	837
927	838
926	838
926	840
923	840
923	847
922	847
922	850
921	850
921	852
919	852
919	853
918	853
918	856
919	856
919	857
918	857
918	864
917	864
917	865
916	865
916	866
915	866
915	868
916	868
916	869
915	869
915	871
913	871
913	872
912	872
912	877
910	877
910	882
909	882
909	883
907	883
907	884
906	884
906	885
905	885
905	886
904	886
904	887
902	887
902	888
901	888
901	889
900	889
900	890
899	890
899	889
898	889
898	884
897	884
897	883
894	883
894	881
893	881
893	880
891	880
891	878
890	878
890	876
888	876
888	875
887	875
887	874
882	874
882	873
878	873
878	874
877	874
877	875
876	875
876	877
875	877
875	883
874	883
874	886
873	886
873	887
874	887
874	888
873	888
873	890
872	890
872	895
870	895
870	896
869	896
869	902
868	902
868	903
867	903
867	909
866	909
866	910
865	910
865	913
864	913
864	914
862	914
862	915
861	915
861	921
860	921
860	923
859	923
859	926
858	926
858	927
857	927
857	929
856	929
856	930
854	930
854	931
853	931
853	933
851	933
851	935
850	935
850	937
851	937
851	939
849	939
849	944
848	944
848	945
846	945
846	946
844	946
844	947
845	947
845	948
844	948
844	953
843	953
843	955
842	955
842	956
841	956
841	958
838	958
838	961
837	961
837	962
836	962
836	963
835	963
835	964
832	964
832	963
831	963
831	962
830	962
830	958
828	958
828	957
827	957
827	956
826	956
826	955
825	955
825	954
823	954
823	952
822	952
822	950
821	950
821	949
820	949
820	948
812	948
812	949
811	949
811	952
810	952
810	959
809	959
809	964
807	964
807	969
806	969
806	970
805	970
805	971
804	971
804	982
799	982
799	983
798	983
798	986
797	986
797	989
793	989
793	995
788	995
788	1001
786	1001
786	1002
785	1002
785	1006
784	1006
784	1007
782	1007
782	1011
781	1011
781	1014
780	1014
780	1015
779	1015
779	1016
778	1016
778	1017
777	1017
777	1020
774	1020
774	1025
773	1025
773	1026
770	1026
770	1027
769	1027
769	1029
768	1029
768	1030
767	1030
767	1031
766	1031
766	1033
763	1033
763	1032
762	1032
762	1030
761	1030
761	1026
757	1026
757	1025
756	1025
756	1021
755	1021
755	1020
753	1020
753	1018
752	1018
752	1017
743	1017
743	1018
742	1018
742	1023
741	1023
741	1032
739	1032
739	1033
738	1033
738	1039
737	1039
737	1043
736	1043
736	1044
735	1044
735	1045
733	1045
733	1046
732	1046
732	1051
731	1051
731	1052
730	1052
730	1053
729	1053
729	1054
728	1054
728	1055
727	1055
727	1056
726	1056
726	1057
724	1057
724	1059
723	1059
723	1061
724	1061
724	1062
723	1062
723	1063
720	1063
720	1065
719	1065
719	1066
720	1066
720	1068
719	1068
719	1069
717	1069
717	1070
716	1070
716	1072
715	1072
715	1073
713	1073
713	1075
712	1075
712	1076
706	1076
706	1080
705	1080
705	1082
701	1082
701	1085
699	1085
699	1086
698	1086
698	1088
692	1088
692	1086
691	1086
691	1082
690	1082
690	1080
688	1080
688	1079
687	1079
687	1077
686	1077
686	1076
675	1076
675	1079
674	1079
674	1080
675	1080
675	1081
674	1081
674	1085
675	1085
675	1086
674	1086
674	1091
673	1091
673	1093
672	1093
672	1094
670	1094
670	1095
668	1095
668	1099
667	1099
667	1102
666	1102
666	1106
665	1106
665	1107
664	1107
664	1111
663	1111
663	1112
662	1112
662	1115
661	1115
661	1116
658	1116
658	1121
657	1121
657	1122
656	1122
656	1123
655	1123
655	1124
654	1124
654	1125
652	1125
652	1126
650	1126
650	1130
649	1130
649	1132
646	1132
646	1133
645	1133
645	1138
644	1138
644	1139
642	1139
642	1140
643	1140
643	1141
641	1141
641	1142
640	1142
640	1143
639	1143
639	1144
630	1144
630	1141
629	1141
629	1140
628	1140
628	1137
627	1137
627	1135
626	1135
626	1134
625	1134
625	1133
624	1133
624	1132
623	1132
623	1126
622	1126
622	1125
619	1125
619	1126
618	1126
618	1125
612	1125
612	1129
611	1129
611	1132
608	1132
608	1143
607	1143
607	1144
606	1144
606	1145
605	1145
605	1150
604	1150
604	1151
603	1151
603	1156
602	1156
602	1158
601	1158
601	1159
598	1159
598	1160
597	1160
597	1162
596	1162
596	1163
595	1163
595	1165
594	1165
594	1164
593	1164
593	1165
592	1165
592	1171
591	1171
591	1172
590	1172
590	1173
589	1173
589	1175
585	1175
585	1176
584	1176
584	1180
583	1180
583	1181
577	1181
577	1186
576	1186
576	1188
574	1188
574	1187
571	1187
571	1189
570	1189
570	1193
565	1193
565	1196
562	1196
562	1197
560	1197
560	1194
558	1194
558	1193
557	1193
557	1192
556	1192
556	1188
555	1188
555	1187
554	1187
554	1183
553	1183
553	1181
552	1181
552	1179
551	1179
551	1177
550	1177
550	1174
539	1174
539	1176
538	1176
538	1181
537	1181
537	1183
536	1183
536	1187
535	1187
535	1188
533	1188
533	1193
532	1193
532	1194
531	1194
531	1196
530	1196
530	1199
529	1199
529	1200
527	1200
527	1203
521	1203
521	1204
518	1204
518	1212
515	1212
515	1214
514	1214
514	1215
515	1215
515	1217
514	1217
514	1218
513	1218
513	1219
509	1219
509	1225
507	1225
507	1226
506	1226
506	1227
505	1227
505	1228
504	1228
504	1229
503	1229
503	1230
502	1230
502	1231
500	1231
500	1232
499	1232
499	1234
497	1234
497	1235
496	1235
496	1236
490	1236
490	1237
483	1237
483	1236
482	1236
482	1225
480	1225
480	1224
479	1224
479	1219
475	1219
475	1216
465	1216
465	1218
464	1218
464	1219
462	1219
462	1230
458	1230
458	1233
456	1233
456	1234
455	1234
455	1236
454	1236
454	1237
452	1237
452	1238
451	1238
451	1240
450	1240
450	1241
449	1241
449	1242
448	1242
448	1243
447	1243
447	1244
446	1244
446	1245
445	1245
445	1246
444	1246
444	1247
442	1247
442	1248
440	1248
440	1249
439	1249
439	1250
438	1250
438	1251
437	1251
437	1252
436	1252
436	1253
435	1253
435	1254
433	1254
433	1256
428	1256
428	1257
427	1257
427	1259
422	1259
422	1260
421	1260
421	1262
418	1262
418	1265
417	1265
417	1267
414	1267
414	1268
411	1268
411	1269
408	1269
408	1270
409	1270
409	1271
408	1271
408	1272
403	1272
403	1273
402	1273
402	1274
401	1274
401	1273
400	1273
400	1275
399	1275
399	1274
398	1274
398	1262
397	1262
397	1260
396	1260
396	1257
395	1257
395	1256
394	1256
394	1253
392	1253
392	1250
391	1250
391	1249
390	1249
390	1248
380	1248
380	1249
379	1249
379	1250
377	1250
377	1256
375	1256
375	1257
374	1257
374	1261
372	1261
372	1262
371	1262
371	1264
370	1264
370	1265
369	1265
369	1266
368	1266
368	1267
367	1267
367	1268
366	1268
366	1269
365	1269
365	1271
363	1271
363	1272
360	1272
360	1273
359	1273
359	1278
353	1278
353	1280
352	1280
352	1281
346	1281
346	1284
341	1284
341	1286
340	1286
340	1289
335	1289
335	1291
334	1291
334	1293
329	1293
329	1294
328	1294
328	1296
326	1296
326	1297
322	1297
322	1298
321	1298
321	1299
317	1299
317	1300
312	1300
312	1288
311	1288
311	1287
310	1287
310	1282
309	1282
309	1281
307	1281
307	1280
298	1280
298	1281
297	1281
297	1282
296	1282
296	1283
295	1283
295	1284
294	1284
294	1285
293	1285
293	1286
292	1286
292	1287
291	1287
291	1288
290	1288
290	1289
285	1289
285	1291
284	1291
284	1293
278	1293
278	1296
276	1296
276	1297
275	1297
275	1298
273	1298
273	1299
266	1299
266	1300
261	1300
261	1301
260	1301
260	1303
254	1303
254	1305
252	1305
252	1306
247	1306
247	1308
242	1308
242	1309
241	1309
241	1310
236	1310
236	1311
235	1311
235	1312
228	1312
228	1313
223	1313
223	1314
222	1314
222	1316
220	1316
220	1317
219	1317
219	1316
218	1316
218	1317
216	1317
216	1320
211	1320
211	1321
210	1321
210	1322
209	1322
209	1323
204	1323
204	1324
198	1324
198	1326
197	1326
197	1328
191	1328
191	1330
186	1330
186	1331
185	1331
185	1333
178	1333
178	1334
173	1334
173	1335
168	1335
168	1336
166	1336
166	1337
159	1337
159	1338
158	1338
158	1337
156	1337
156	1338
154	1338
154	1340
153	1340
153	1341
149	1341
149	1342
136	1342
136	1343
118	1343
118	1344
117	1344
117	1345
115	1345
115	1344
112	1344
112	1343
110	1343
110	1339
114	1339
114	1338
115	1338
115	1332
116	1332
116	1331
117	1331
117	1329
118	1329
118	1327
119	1327
119	1325
120	1325
120	1324
121	1324
121	1323
122	1323
122	1322
123	1322
123	1321
125	1321
125	1319
126	1319
126	1318
128	1318
128	1317
132	1317
132	1315
135	1315
135	1314
138	1314
138	1313
139	1313
139	1312
138	1312
138	1311
139	1311
139	1309
140	1309
140	1308
143	1308
143	1307
144	1307
144	1305
147	1305
147	1304
149	1304
149	1303
150	1303
150	1301
151	1301
151	1300
152	1300
152	1299
155	1299
155	1298
156	1298
156	1297
158	1297
158	1296
162	1296
162	1295
163	1295
163	1294
164	1294
164	1293
165	1293
165	1292
168	1292
168	1290
169	1290
169	1289
170	1289
170	1288
171	1288
171	1287
172	1287
172	1285
173	1285
173	1284
174	1284
174	1283
176	1283
176	1282
177	1282
177	1278
178	1278
178	1277
181	1277
181	1276
182	1276
182	1275
183	1275
183	1272
185	1272
185	1271
187	1271
187	1270
188	1270
188	1269
189	1269
189	1268
190	1268
190	1267
193	1267
193	1266
194	1266
194	1264
196	1264
196	1263
197	1263
197	1260
198	1260
198	1259
199	1259
199	1258
201	1258
201	1257
202	1257
202	1255
203	1255
203	1254
204	1254
204	1253
205	1253
205	1252
207	1252
207	1251
208	1251
208	1250
209	1250
209	1248
210	1248
210	1247
211	1247
211	1246
212	1246
212	1247
213	1247
213	1246
214	1246
214	1245
215	1245
215	1243
216	1243
216	1242
217	1242
217	1240
218	1240
218	1236
224	1236
224	1235
225	1235
225	1234
224	1234
224	1233
232	1233
232	1232
233	1232
233	1224
232	1224
232	1222
230	1222
230	1221
229	1221
229	1220
228	1220
228	1219
225	1219
225	1218
224	1218
224	1217
221	1217
221	1216
219	1216
219	1215
215	1215
215	1213
214	1213
214	1212
215	1212
215	1209
216	1209
216	1208
218	1208
218	1207
219	1207
219	1206
221	1206
221	1204
224	1204
224	1203
225	1203
225	1202
230	1202
230	1201
231	1201
231	1199
233	1199
233	1198
235	1198
235	1197
240	1197
240	1196
242	1196
242	1195
243	1195
243	1194
244	1194
244	1193
245	1193
245	1190
246	1190
246	1189
249	1189
249	1187
250	1187
250	1186
255	1186
255	1185
256	1185
256	1184
265	1184
265	1183
267	1183
267	1174
266	1174
266	1173
265	1173
265	1172
264	1172
264	1171
263	1171
263	1169
262	1169
262	1170
261	1170
261	1169
257	1169
257	1168
253	1168
253	1165
255	1165
255	1161
256	1161
256	1159
264	1159
264	1157
265	1157
265	1154
274	1154
274	1153
275	1153
275	1152
276	1152
276	1146
280	1146
280	1141
281	1141
281	1140
286	1140
286	1139
287	1139
287	1134
293	1134
293	1131
294	1131
294	1130
296	1130
296	1129
297	1129
297	1128
301	1128
301	1127
305	1127
305	1125
314	1125
314	1124
315	1124
315	1123
319	1123
319	1122
320	1122
320	1123
327	1123
327	1122
326	1122
326	1110
325	1110
325	1109
324	1109
324	1106
323	1106
323	1105
318	1105
318	1104
317	1104
317	1103
312	1103
312	1101
308	1101
308	1100
304	1100
304	1098
303	1098
303	1097
304	1097
304	1096
307	1096
307	1095
308	1095
308	1092
309	1092
309	1091
310	1091
310	1090
311	1090
311	1089
312	1089
312	1088
316	1088
316	1087
318	1087
318	1085
323	1085
323	1083
324	1083
324	1081
325	1081
325	1079
330	1079
330	1078
336	1078
336	1077
339	1077
339	1075
342	1075
342	1074
343	1074
343	1072
347	1072
347	1071
348	1071
348	1070
349	1070
349	1069
351	1069
351	1068
352	1068
352	1069
354	1069
354	1068
355	1068
355	1066
360	1066
360	1065
377	1065
377	1054
376	1054
376	1053
375	1053
375	1052
374	1052
374	1051
373	1051
373	1048
368	1048
368	1045
367	1045
367	1044
366	1044
366	1045
365	1045
365	1044
363	1044
363	1043
361	1043
361	1036
362	1036
362	1034
367	1034
367	1032
369	1032
369	1031
372	1031
372	1030
376	1030
376	1028
379	1028
379	1027
380	1027
380	1026
381	1026
381	1025
382	1025
382	1023
386	1023
386	1022
387	1022
387	1021
388	1021
388	1019
390	1019
390	1017
392	1017
392	1016
399	1016
399	1015
400	1015
400	1013
401	1013
401	1012
402	1012
402	1010
404	1010
404	1009
410	1009
410	1008
411	1008
411	1006
417	1006
417	1007
419	1007
419	1006
424	1006
424	1005
425	1005
425	1004
430	1004
430	1003
441	1003
441	1002
442	1002
442	990
441	990
441	989
436	989
436	985
431	985
431	984
430	984
430	983
429	983
429	982
428	982
428	983
427	983
427	982
425	982
425	981
422	981
422	978
423	978
423	976
424	976
424	975
425	975
425	974
426	974
426	973
427	973
427	972
429	972
429	971
430	971
430	970
431	970
431	969
436	969
436	967
440	967
440	966
442	966
442	965
445	965
445	964
446	964
446	963
445	963
445	962
451	962
451	960
452	960
452	959
453	959
453	960
454	960
454	959
457	959
457	958
458	958
458	957
460	957
460	956
461	956
461	954
466	954
466	953
467	953
467	951
468	951
468	950
469	950
469	949
471	949
471	948
479	948
479	947
485	947
485	946
486	946
486	945
488	945
488	944
494	944
494	943
496	943
496	944
498	944
498	943
504	943
504	941
516	941
516	927
512	927
512	926
511	926
511	925
510	925
510	924
508	924
508	923
507	923
507	920
504	920
504	919
501	919
501	917
498	917
498	913
499	913
499	912
500	912
500	911
501	911
501	910
503	910
503	909
513	909
513	908
514	908
514	906
515	906
515	905
518	905
518	904
522	904
522	903
523	903
523	900
524	900
524	899
527	899
527	897
529	897
529	896
534	896
534	895
535	895
535	892
536	892
536	893
539	893
539	892
540	892
540	891
548	891
548	888
551	888
551	887
554	887
554	886
555	886
555	885
559	885
559	884
562	884
562	882
573	882
573	879
588	879
588	868
587	868
587	865
585	865
585	862
580	862
580	861
579	861
579	859
578	859
578	858
574	858
574	857
573	857
573	850
575	850
575	849
576	849
576	848
578	848
578	847
579	847
579	846
583	846
583	843
585	843
585	842
590	842
590	841
597	841
597	839
599	839
599	838
600	838
600	839
603	839
603	838
604	838
604	837
612	837
612	836
615	836
615	835
616	835
616	834
618	834
618	832
619	832
619	830
623	830
623	829
628	829
628	828
629	828
629	826
635	826
635	825
637	825
637	824
639	824
639	823
647	823
647	821
649	821
649	820
667	820
667	819
668	819
668	809
667	809
667	808
666	808
666	803
665	803
665	802
660	802
660	801
658	801
658	800
654	800
654	797
653	797
653	792
659	792
659	787
660	787
660	786
662	786
662	785
667	785
667	784
668	784
668	783
675	783
675	779
677	779
677	780
679	780
679	779
684	779
684	778
685	778
685	775
686	775
686	774
687	774
687	773
696	773
696	772
697	772
697	771
698	771
698	770
707	770
707	769
708	769
708	768
709	768
709	767
721	767
721	766
722	766
722	764
723	764
723	763
731	763
731	762
732	762
732	760
733	760
733	761
734	761
734	760
741	760
741	761
745	761
745	760
747	760
747	759
750	759
750	758
752	758
752	756
753	756
753	749
752	749
752	747
747	747
747	745
746	745
746	740
740	740
740	738
738	738
738	737
736	737
736	736
735	736
735	735
736	735
736	733
737	733
737	732
739	732
739	733
740	733
740	732
741	732
741	731
742	731
742	729
759	729
759	727
762	727
762	725
767	725
767	723
772	723
772	722
771	722
771	721
772	721
772	720
777	720
777	719
784	719
784	717
790	717
790	715
794	715
794	712
796	712
796	711
797	711
797	710
796	710
796	709
797	709
797	708
802	708
802	705
810	705
810	703
814	703
814	702
818	702
818	701
819	701
819	700
820	700
820	699
826	699
826	698
830	698
830	697
831	697
831	696
833	696
833	695
837	695
837	694
841	694
841	684
840	684
840	683
839	683
839	681
836	681
836	680
835	680
835	679
834	679
834	678
832	678
832	677
831	677
831	676
828	676
828	673
829	673
829	669
830	669
830	668
831	668
831	669
832	669
832	667
839	667
839	668
840	668
840	665
849	665
849	664
851	664
851	663
855	663
855	662
861	662
861	661
864	661
864	659
874	659
874	657
876	657
876	656
877	656
877	652
884	652
884	651
886	651
886	650
887	650
887	651
889	651
889	650
890	650
890	648
891	648
891	647
892	647
892	646
898	646
898	645
899	645
899	644
902	644
902	643
907	643
907	642
908	642
908	641
909	641
909	640
913	640
913	639
914	639
914	638
915	638
915	637
919	637
919	636
920	636
920	635
927	635
927	634
928	634
928	633
929	633
929	631
930	631
930	630
938	630
938	629
939	629
939	628
940	628
940	626
941	626
941	625
948	625
948	624
951	624
951	623
955	623
955	621
957	621
957	620
958	620
958	611
957	611
957	610
953	610
953	609
952	609
952	604
953	604
953	603
959	603
959	602
965	602
965	601
967	601
967	600
968	600
968	599
970	599
970	598
971	598
971	595
973	595
973	594
974	594
974	593
981	593
981	592
982	592
982	591
983	591
983	588
985	588
985	587
988	587
988	586
992	586
992	583
994	583
994	582
995	582
995	581
999	581
999	580
1001	580
1001	578
1007	578
1007	576
1013	576
1013	575
1014	575
1014	571
1018	571
1018	570
1020	570
1020	568
1025	568
1025	567
1026	567
1026	566
1028	566
1028	565
1030	565
1030	564
1033	564
1033	563
1035	563
1035	562
1037	562
1037	561
1038	561
1038	560
1039	560
1039	559
1042	559
1042	558
1043	558
1043	557
1045	557
1045	555
1048	555
1048	552
1051	552
1051	551
1053	551
1053	550
1057	550
1057	549
1058	549
1058	548
1059	548
1059	547
1060	547
1060	546
1062	546
1062	544
1065	544
1065	543
1069	543
1069	542
1070	542
1070	541
1071	541
1071	540
1072	540
1072	538
1075	538
1075	537
1076	537
1076	536
1077	536
1077	535
1078	535
1078	534
1079	534
1079	533
1080	533
1080	532
1084	532
1084	531
1085	531
1085	530
1088	530
1088	528
1090	528
1090	526
1091	526
1091	525
1093	525
1093	524
1094	524
1094	523
1095	523
1095	522
1099	522
1099	521
1101	521
1101	519
1103	519
1103	518
1106	518
1106	517
1107	517
1107	515
1109	515
1109	513
1110	513
1110	510
1109	510
1109	508
1110	508
1110	505
1109	505
1109	504
1100	504
1100	505
1099	505
1099	507
1094	507
1094	508
1091	508
1091	509
1089	509
1089	508
1088	508
1088	509
1087	509
1087	510
1080	510
1080	512
1079	512
1079	513
1076	513
1076	514
1069	514
1069	515
1068	515
1068	516
1067	516
1067	517
1063	517
1063	516
1062	516
1062	519
1059	519
1059	520
1057	520
1057	521
1052	521
1052	522
1050	522
1050	523
1043	523
1043	525
1042	525
1042	526
1041	526
1041	527
1037	527
1037	528
1034	528
1034	529
1031	529
1031	530
1029	530
1029	531
1028	531
1028	532
1026	532
1026	533
1024	533
1024	534
1021	534
1021	535
1019	535
1019	536
1017	536
1017	537
1015	537
1015	538
1014	538
1014	539
1012	539
1012	540
1006	540
1006	541
1005	541
1005	544
1003	544
1003	545
1002	545
1002	546
1000	546
1000	547
994	547
994	548
993	548
993	550
992	550
992	551
988	551
988	552
987	552
987	553
985	553
985	554
981	554
981	556
979	556
979	557
978	557
978	558
975	558
975	559
974	559
974	560
969	560
969	561
968	561
968	564
963	564
963	566
962	566
962	568
961	568
961	570
960	570
960	571
958	571
958	572
950	572
950	576
948	576
948	577
938	577
938	576
936	576
936	574
935	574
935	571
925	571
925	572
924	572
924	573
923	573
923	574
921	574
921	576
919	576
919	577
917	577
917	578
913	578
913	580
912	580
912	581
910	581
910	582
906	582
906	584
905	584
905	585
900	585
900	588
895	588
895	589
894	589
894	590
893	590
893	592
892	592
892	593
891	593
891	594
890	594
890	595
889	595
889	596
888	596
888	597
886	597
886	598
885	598
885	599
884	599
884	600
883	600
883	602
881	602
881	603
876	603
876	604
875	604
875	609
873	609
873	610
872	610
872	609
870	609
870	610
868	610
868	612
867	612
867	613
866	613
866	614
864	614
864	616
857	616
857	617
856	617
856	619
850	619
850	618
849	618
849	617
848	617
848	616
849	616
849	605
848	605
848	603
838	603
838	604
837	604
837	605
836	605
836	606
835	606
835	607
834	607
834	608
833	608
833	609
832	609
832	610
830	610
830	611
829	611
829	612
828	612
828	613
826	613
826	614
825	614
825	615
824	615
824	616
819	616
819	619
814	619
814	620
813	620
813	622
807	622
807	623
806	623
806	625
801	625
801	627
800	627
800	628
795	628
795	629
794	629
794	632
788	632
788	634
782	634
782	637
779	637
779	638
776	638
776	640
773	640
773	641
770	641
770	640
769	640
769	641
767	641
767	640
766	640
766	641
763	641
763	643
761	643
761	644
759	644
759	643
753	643
753	639
754	639
754	638
755	638
755	635
756	635
756	624
745	624
745	625
744	625
744	626
739	626
739	627
738	627
738	629
737	629
737	630
738	630
738	631
732	631
732	633
725	633
725	634
726	634
726	636
720	636
720	638
714	638
714	639
713	639
713	641
710	641
710	643
709	643
709	644
708	644
708	645
707	645
707	646
702	646
702	647
701	647
701	651
699	651
699	652
698	652
698	651
696	651
696	652
695	652
695	654
694	654
694	655
693	655
693	656
692	656
692	657
690	657
690	658
686	658
686	659
687	659
687	660
684	660
684	659
683	659
683	660
682	660
682	663
676	663
676	664
670	664
670	665
668	665
668	664
667	664
667	663
666	663
666	661
667	661
667	660
668	660
668	647
655	647
655	652
653	652
653	653
651	653
651	654
650	654
650	655
646	655
646	656
645	656
645	658
644	658
644	659
643	659
643	658
642	658
642	659
641	659
641	660
639	660
639	661
634	661
634	662
633	662
633	663
632	663
632	664
627	664
627	665
623	665
623	666
620	666
620	668
614	668
614	672
608	672
608	673
607	673
607	674
602	674
602	676
601	676
601	677
585	677
585	678
583	678
583	676
582	676
582	674
583	674
583	673
584	673
584	663
583	663
583	662
582	662
582	658
571	658
571	659
565	659
565	660
564	660
564	663
558	663
558	665
557	665
557	666
555	666
555	665
553	665
553	666
547	666
547	667
546	667
546	670
540	670
540	671
539	671
539	672
538	672
538	673
535	673
535	674
533	674
533	675
526	675
526	676
525	676
525	675
523	675
523	676
521	676
521	678
508	678
508	680
507	680
507	681
505	681
505	682
504	682
504	678
502	678
502	674
503	674
503	667
504	667
504	652
503	652
503	653
494	653
494	654
493	654
493	659
490	659
490	660
489	660
489	661
488	661
488	662
481	662
481	661
478	661
478	665
466	665
466	666
465	666
465	669
456	669
456	668
454	668
454	669
451	669
451	667
440	667
440	672
437	672
437	666
426	666
426	669
422	669
422	671
421	671
421	672
417	672
417	673
415	673
415	674
409	674
409	673
405	673
405	672
404	672
404	669
405	669
405	668
404	668
404	664
405	664
405	655
406	655
406	654
407	654
407	645
406	645
406	644
399	644
399	645
398	645
398	644
397	644
397	646
396	646
396	647
395	647
395	645
394	645
394	644
388	644
388	645
386	645
386	644
385	644
385	645
384	645
384	649
368	649
368	648
367	648
367	647
355	647
355	646
354	646
354	645
349	645
349	644
342	644
342	643
337	643
337	641
335	641
335	640
334	640
334	641
333	641
333	640
332	640
332	641
331	641
331	640
330	640
330	639
323	639
323	638
319	638
319	637
317	637
317	635
316	635
316	634
315	634
315	629
314	629
314	628
304	628
304	629
303	629
303	630
299	630
299	629
298	629
298	628
297	628
297	629
294	629
294	628
287	628
287	625
286	625
286	624
275	624
275	623
274	623
274	622
268	622
268	620
266	620
266	619
265	619
265	620
263	620
263	619
256	619
256	617
255	617
255	616
252	616
252	615
249	615
249	613
243	613
243	612
239	612
239	611
238	611
238	610
237	610
237	609
236	609
236	608
231	608
231	607
230	607
230	606
226	606
226	605
225	605
225	604
224	604
224	603
222	603
222	602
221	602
221	601
220	601
220	600
219	600
219	599
218	599
218	597
213	597
213	596
210	596
210	595
209	595
209	594
208	594
208	593
207	593
207	592
205	592
205	591
203	591
203	589
202	589
202	585
200	585
200	581
204	581
204	580
211	580
211	579
215	579
215	578
228	578
228	579
235	579
235	580
242	580
242	581
252	581
252	580
274	580
274	581
284	581
284	580
292	580
292	581
296	581
296	582
297	582
297	581
304	581
304	580
306	580
306	578
307	578
307	577
312	577
312	576
317	576
317	575
319	575
319	574
325	574
325	572
328	572
328	571
329	571
329	570
339	570
339	569
340	569
340	568
342	568
342	567
347	567
347	566
348	566
348	565
349	565
349	564
355	564
355	562
357	562
357	561
358	561
358	562
362	562
362	561
363	561
363	560
364	560
364	559
370	559
370	558
373	558
373	559
382	559
382	558
383	558
383	557
384	557
384	556
405	556
405	542
404	542
404	541
401	541
401	540
400	540
400	538
399	538
399	537
398	537
398	534
399	534
399	533
400	533
400	532
403	532
403	531
419	531
419	530
421	530
421	531
422	531
422	530
424	530
424	529
425	529
425	526
435	526
435	527
448	527
448	526
449	526
449	525
458	525
458	524
462	524
462	525
474	525
474	526
484	526
484	516
483	516
483	515
482	515
482	513
481	513
481	511
480	511
480	509
479	509
479	504
480	504
480	503
479	503
479	502
480	502
480	501
482	501
482	499
504	499
504	498
507	498
507	497
509	497
509	498
514	498
514	499
523	499
523	500
524	500
524	499
526	499
526	497
532	497
532	498
533	498
533	499
535	499
535	500
536	500
536	499
539	499
539	500
542	500
542	501
560	501
560	485
556	485
556	483
555	483
555	481
554	481
554	480
553	480
553	479
552	479
552	476
551	476
551	475
553	475
553	474
554	474
554	473
555	473
555	472
558	472
558	471
567	471
567	470
568	470
568	469
571	469
571	470
578	470
578	471
579	471
579	472
587	472
587	473
600	473
600	474
602	474
602	475
620	475
620	476
625	476
625	477
628	477
628	478
632	478
632	480
634	480
634	481
647	481
647	467
645	467
645	466
644	466
644	463
643	463
643	461
642	461
642	460
641	460
641	452
646	452
646	451
652	451
652	450
656	450
656	451
657	451
657	450
658	450
658	452
659	452
659	453
670	453
670	455
671	455
671	456
685	456
685	457
692	457
692	458
693	458
693	460
701	460
701	461
702	461
702	462
704	462
704	463
705	463
705	462
706	462
706	463
709	463
709	464
711	464
711	465
712	465
712	466
713	466
713	467
714	467
714	468
715	468
715	469
728	469
728	454
727	454
727	452
726	452
726	448
725	448
725	445
724	445
724	441
723	441
723	440
724	440
724	439
725	439
725	438
731	438
731	437
739	437
739	438
740	438
740	439
755	439
755	442
756	442
756	443
757	443
757	444
763	444
763	446
764	446
764	447
775	447
775	448
776	448
776	449
777	449
777	450
782	450
782	451
784	451
784	452
800	452
800	455
801	455
801	456
813	456
813	462
828	462
828	461
829	461
829	452
828	452
828	448
827	448
827	441
829	441
829	440
844	440
844	443
848	443
848	444
849	444
849	443
851	443
851	444
852	444
852	443
854	443
854	444
856	444
856	447
869	447
869	450
881	450
881	452
884	452
884	453
885	453
885	452
887	452
887	453
892	453
892	454
893	454
893	455
894	455
894	456
903	456
903	459
905	459
905	460
910	460
910	461
911	461
911	462
915	462
915	464
926	464
926	454
925	454
925	452
924	452
924	448
928	448
928	447
935	447
935	448
936	448
936	449
938	449
938	450
943	450
943	452
944	452
944	453
948	453
948	456
949	456
949	457
951	457
951	458
952	458
952	459
955	459
955	461
966	461
966	460
970	460
970	459
973	459
973	460
975	460
975	461
980	461
980	462
990	462
990	463
994	463
994	462
997	462
997	463
998	463
998	464
1000	464
1000	465
1015	465
1015	464
1016	464
1016	465
1024	465
1024	466
1025	466
1025	467
1026	467
1026	466
1027	466
1027	467
1029	467
1029	466
1035	466
1035	468
1057	468
1057	469
1059	469
1059	470
1076	470
1076	459
1072	459
1072	457
1067	457
1067	456
1066	456
1066	455
1065	455
1065	454
1063	454
1063	452
1058	452
1058	451
1057	451
1057	450
1053	450
1053	449
1052	449
1052	448
1051	448
1051	447
1050	447
1050	446
1048	446
1048	445
1046	445
1046	444
1045	444
1045	443
1044	443
1044	442
1041	442
1041	441
1039	441
1039	437
1038	437
1038	436
1032	436
1032	435
1030	435
1030	434
1029	434
1029	432
1028	432
1028	431
1027	431
1027	430
1026	430
1026	426
1024	426
1024	425
1023	425
1023	424
1020	424
1020	423
1019	423
1019	422
1015	422
1015	421
1014	421
1014	420
1013	420
1013	419
1008	419
1008	418
1007	418
1007	417
1005	417
1005	416
1004	416
1004	415
1003	415
1003	413
1002	413
1002	412
1001	412
1001	410
999	410
999	411
998	411
998	410
996	410
996	409
995	409
995	408
993	408
993	407
992	407
992	406
991	406
991	405
990	405
990	404
988	404
988	403
986	403
986	401
984	401
984	400
983	400
983	398
982	398
982	397
981	397
981	396
980	396
980	395
979	395
979	394
978	394
978	392
977	392
977	378
976	378
976	377
971	377
971	376
970	376
970	372
964	372
964	367
958	367
958	365
956	365
956	361
953	361
953	360
952	360
952	355
951	355
951	354
947	354
947	353
946	353
946	349
944	349
944	348
941	348
941	343
940	343
940	342
936	342
936	341
935	341
935	339
934	339
934	338
933	338
933	337
932	337
932	336
931	336
931	334
930	334
930	333
931	333
931	332
930	332
930	330
929	330
929	329
928	329
928	326
932	326
932	325
934	325
934	324
937	324
937	323
939	323
939	322
940	322
940	312
939	312
939	311
936	311
936	306
935	306
935	305
931	305
931	304
930	304
930	302
929	302
929	300
928	300
928	298
927	298
927	293
926	293
926	292
923	292
923	287
922	287
922	285
921	285
921	281
920	281
920	280
919	280
919	277
918	277
918	269
917	269
917	266
916	266
916	264
917	264
917	263
916	263
916	261
915	261
915	254
914	254
914	245
915	245
915	241
926	241
926	239
927	239
927	232
926	232
926	225
925	225
925	223
924	223
924	220
923	220
923	207
924	207
924	202
925	202
925	201
926	201
926	200
927	200
927	187
928	187
928	186
929	186
929	180
930	180
930	177
931	177
931	171
932	171
932	170
933	170
933	166
934	166
934	163
935	163
935	160
936	160
936	158
938	158
938	157
939	157
939	148
940	148
940	146
941	146
941	145
942	145
942	141
943	141
943	140
944	140
944	139
945	139
945	137
946	137
946	135
947	135
947	133
951	133
951	132
952	132
952	125
954	125
954	124
955	124
955	121
957	121
957	120
959	120
959	119
960	119
960	118
962	118
962	117
965	117
965	116
966	116
966	115
970	115
970	114
972	114
972	115
973	115
973	120
974	120
974	124
973	124
973	135
974	135
974	144
975	144
975	157
976	157
976	160
977	160
977	166
978	166
978	169
977	169
977	170
978	170
978	182
979	182
979	190
980	190
980	198
981	198
981	207
982	207
982	213
983	213
983	215
984	215
984	218
985	218
985	225
986	225
986	226
987	226
987	232
988	232
988	233
989	233
989	235
990	235
990	240
991	240
991	242
992	242
992	243
993	243
993	246
994	246
994	247
993	247
993	249
994	249
994	251
996	251
996	252
997	252
997	256
998	256
998	257
999	257
999	258
1000	258
1000	263
1002	263
1002	264
1003	264
1003	266
1004	266
1004	269
1005	269
1005	270
1006	270
1006	271
1005	271
1005	272
1006	272
1006	273
1009	273
1009	274
1012	274
1012	277
1013	277
1013	278
1014	278
1014	283
1015	283
1015	284
1016	284
1016	286
1017	286
1017	287
1016	287
1016	289
1017	289
1017	291
1018	291
1018	294
1019	294
1019	296
1020	296
1020	298
1021	298
1021	300
1023	300
1023	301
1030	301
1030	300
1032	300
1032	295
1033	295
1033	293
1034	293
1034	291
1037	291
1037	292
1039	292
1039	293
1040	293
1040	294
1042	294
1042	295
1043	295
1043	300
1044	300
1044	301
1049	301
1049	307
1053	307
1053	308
1054	308
1054	310
1055	310
1055	314
1056	314
1056	316
1057	316
1057	317
1058	317
1058	318
1059	318
1059	321
1060	321
1060	322
1061	322
1061	323
1062	323
1062	325
1063	325
1063	326
1064	326
1064	327
1065	327
1065	332
1067	332
1067	335
1068	335
1068	338
1069	338
1069	339
1071	339
1071	341
1072	341
1072	344
1074	344
1074	347
1075	347
1075	348
1076	348
1076	347
1077	347
1077	348
1078	348
1078	351
1079	351
1079	357
1081	357
1081	358
1082	358
1082	359
1084	359
1084	362
1085	362
1085	363
1088	363
1088	369
1090	369
1090	371
1091	371
1091	373
1093	373
1093	378
1094	378
1094	379
1096	379
1096	380
1097	380
1097	382
1098	382
1098	385
1099	385
1099	394
1104	394
1104	396
1105	396
1105	400
1110	400
1110	401
1113	401
1113	402
1114	402
1114	405
1115	405
1115	406
1118	406
1118	408
1120	408
1120	409
1121	409
1121	410
1123	410
1123	411
1124	411
1124	412
1125	412
1125	413
1127	413
1127	416
1128	416
1128	419
1131	419
1131	420
1132	420
1132	421
1133	421
1133	423
1134	423
1134	424
1135	424
1135	428
1136	428
1136	429
1137	429
1137	431
1138	431
1138	432
1139	432
1139	433
1141	433
1141	436
1143	436
1143	438
1145	438
1145	442
1146	442
1146	449
1147	449
1147	451
1148	451
1148	455
1149	455
1149	456
1150	456
1150	457
1151	457
1151	458
1152	458
1152	468
1153	468
1153	469
1154	469
1154	470
1155	470
1155	471
1165	471
1165	470
1167	470
1167	469
1169	469
1169	468
1170	468
1170	463
1171	463
1171	462
1172	462
1172	456
1175	456
1175	449
1176	449
1176	444
1177	444
1177	443
1178	443
1178	438
1179	438
1179	437
1181	437
1181	436
1182	436
1182	431
1183	431
1183	428
1184	428
1184	425
1187	425
1187	424
1188	424
1188	420
1189	420
1189	419
1190	419
1190	415
1193	415
1193	412
1194	412
1194	408
1195	408
1195	407
1197	407
1197	404
1198	404
1198	402
1199	402
1199	400
1202	400
1202	399
1203	399
1203	398
1205	398
1205	397
1206	397
1206	395
1207	395
1207	390
1208	390
1208	389
1209	389
1209	388
1212	388
1212	387
1213	387
1213	384
1214	384
1214	381
1215	381
1215	380
1216	380
1216	378
1217	378
1217	377
1219	377
1219	375
1220	375
1220	372
1221	372
1221	371
1222	371
1222	370
1223	370
1223	369
1224	369
1224	368
1225	368
1225	364
1226	364
1226	363
1227	363
1227	361
1228	361
1228	359
1229	359
1229	357
1231	357
1231	353
1232	353
1232	352
1231	352
1231	351
1232	351
1232	350
1234	350
1234	346
1235	346
1235	345
1236	345
1236	344
1237	344
1237	340
1238	340
1238	335
1239	335
1239	334
1240	334
1240	333
1241	333
1241	332
1243	332
1243	331
1244	331
1244	326
1246	326
1246	325
1250	325
1250	324
1251	324
1251	321
1256	321
1256	323
1257	323
1257	325
1258	325
1258	326
1259	326
1259	332
1261	332
1261	333
1271	333
1271	327
1272	327
1272	326
1274	326
1274	325
1275	325
1275	313
1276	313
1276	306
1277	306
1277	305
1279	305
1279	301
1280	301
1280	300
1281	300
1281	298
1282	298
1282	296
1283	296
1283	295
1284	295
1284	292
1285	292
1285	290
1286	290
1286	288
1287	288
1287	284
1289	284
1289	282
1290	282
1290	280
1291	280
1291	278
1292	278
1292	276
1293	276
1293	275
1294	275
1294	273
1295	273
1295	270
1299	270
1299	269
1300	269
1300	262
1301	262
1301	261
1302	261
1302	258
1306	258
1306	257
1307	257
1307	256
1310	256
1310	254
1312	254
1312	255
1313	255
1313	254
1314	254
1314	255
1315	255
1315	256
1314	256
1314	257
1326	257
1326	251
1328	251
1328	249
1329	249
1329	246
1330	246
1330	245
1331	245
1331	237
1332	237
1332	235
1334	235
1334	232
1335	232
1335	229
1337	229
1337	227
1338	227
1338	226
1339	226
1339	222
1340	222
1340	220
1342	220
1342	219
1343	219
1343	213
1344	213
1344	210
1345	210
1345	209
1346	209
1346	208
1348	208
1348	207
1349	207
1349	200
1350	200
1350	195
1352	195
1352	182
1353	182
1353	168
1354	168
1354	164
1356	164
1356	162
1355	162
1355	160
1356	160
1356	129
1355	129
1355	119
1356	119
1356	108
1357	108
1357	107
1358	107
1358	103
1360	103
1360	104
1364	104
1364	105
1366	105
1366	107
1367	107
1367	108
1370	108
1370	109
1371	109
1371	110
1372	110
1372	113
1373	113
1373	114
1374	114
1374	115
1376	115
1376	116
1377	116
1377	120
1380	120
1380	121
1381	121
1381	122
1382	122
1382	126
1384	126
1384	127
1385	127
1385	132
1386	132
1386	133
1387	133
1387	134
1388	134
1388	135
1389	135
1389	138
1390	138
1390	141
1391	141
1391	151
1393	151
1393	152
1394	152
1394	154
1395	154
1395	155
1396	155
1396	158
1397	158
1397	165
1398	165
1398	168
1397	168
1397	169
1398	169
1398	170
1400	170
1400	173
1401	173
1401	174
1402	174
1402	179
1403	179
1403	183
1402	183
1402	184
1404	184
1404	188
1405	188
1405	194
1406	194
1406	206
1404	206
1404	213
1403	213
1403	217
1402	217
1402	227
1403	227
1403	228
1404	228
1404	227
1405	227
1405	228
1409	228
1409	229
1410	229
1410	239
1412	239
1412	242
1410	242
1410	248
1409	248
1409	250
1410	250
1410	253
1409	253
1409	256
1408	256
1408	261
1407	261
1407	262
1406	262
1406	266
1405	266
1405	268
1404	268
1404	269
1403	269
1403	274
1402	274
1402	277
1401	277
1401	278
1400	278
1400	279
1399	279
1399	280
1398	280
1398	281
1397	281
1397	282
1396	282
1396	283
1395	283
1395	284
1393	284
1393	295
1395	295
1395	296
1396	296
1396	295
1400	295
1400	296
1404	296
1404	301
1406	301
1406	302
1405	302
1405	305
1403	305
1403	306
1402	306
1402	311
1398	311
1398	312
1397	312
1397	317
1395	317
1395	318
1394	318
1394	321
1393	321
1393	323
1392	323
1392	324
1391	324
1391	325
1390	325
1390	326
1389	326
1389	329
1387	329
1387	330
1385	330
1385	332
1384	332
1384	334
1382	334
1382	335
1381	335
1381	337
1379	337
1379	338
1378	338
1378	339
1377	339
1377	341
1375	341
1375	342
1374	342
1374	343
1373	343
1373	344
1372	344
1372	345
1371	345
1371	346
1369	346
1369	347
1368	347
1368	348
1366	348
1366	358
1367	358
1367	359
1369	359
1369	361
1367	361
1367	363
1366	363
1366	368
1365	368
1365	371
1363	371
1363	372
1362	372
1362	373
1361	373
1361	374
1360	374
1360	376
1359	376
1359	377
1358	377
1358	378
1357	378
1357	379
1356	379
1356	380
1354	380
1354	381
1352	381
1352	382
1351	382
1351	383
1350	383
1350	384
1349	384
1349	385
1348	385
1348	386
1347	386
1347	388
1346	388
1346	389
1344	389
1344	390
1342	390
1342	392
1339	392
1339	393
1338	393
1338	396
1337	396
1337	397
1335	397
1335	398
1333	398
1333	399
1332	399
1332	398
1330	398
1330	399
1329	399
1329	401
1328	401
1328	402
1327	402
1327	403
1326	403
1326	404
1324	404
1324	405
1323	405
1323	406
1322	406
1322	407
1321	407
1321	409
1319	409
1319	410
1318	410
1318	411
1316	411
1316	410
1314	410
1314	411
1310	411
1310	422
1309	422
1309	423
1308	423
1308	425
1307	425
1307	426
1306	426
1306	427
1305	427
1305	428
1303	428
1303	429
1298	429
1298	432
1297	432
1297	434
1292	434
1292	436
1291	436
1291	437
1290	437
1290	438
1285	438
1285	440
1284	440
1284	441
1283	441
1283	442
1279	442
1279	444
1276	444
1276	445
1275	445
1275	447
1274	447
1274	448
1268	448
1268	449
1267	449
1267	450
1266	450
1266	451
1265	451
1265	452
1261	452
1261	454
1257	454
1257	456
1255	456
1255	465
1256	465
1256	466
1266	466
1266	465
1268	465
1268	464
1271	464
1271	465
1277	465
1277	464
1283	464
1283	463
1287	463
1287	462
1288	462
1288	463
1289	463
1289	462
1305	462
1305	461
1306	461
1306	457
1312	457
1312	456
1324	456
1324	454
1325	454
1325	453
1329	453
1329	455
1330	455
1330	456
1331	456
1331	459
1337	459
1337	460
1338	460
1338	459
1345	459
1345	457
1352	457
1352	456
1355	456
1355	455
1356	455
1356	453
1360	453
1360	452
1371	452
1371	451
1372	451
1372	450
1379	450
1379	449
1381	449
1381	447
1382	447
1382	446
1381	446
1381	445
1382	445
1382	444
1387	444
1387	443
1388	443
1388	440
1392	440
1392	439
1397	439
1397	438
1399	438
1399	437
1400	437
1400	436
1404	436
1404	434
1406	434
1406	433
1408	433
1408	432
1411	432
1411	431
1424	431
1424	432
1425	432
1425	431
1426	431
1426	432
1427	432
1427	431
1430	431
1430	430
1435	430
1435	434
1434	434
1434	437
1433	437
1433	449
1434	449
1434	450
1449	450
1449	449
1450	449
1450	448
1449	448
1449	447
1450	447
1450	446
1451	446
1451	445
1455	445
1455	444
1456	444
1456	443
1459	443
1459	444
1460	444
1460	443
1461	443
1461	442
1462	442
1462	441
1463	441
1463	440
1464	440
1464	438
1472	438
1472	437
1474	437
1474	436
1475	436
1475	434
1476	434
1476	433
1483	433
1483	432
1484	432
1484	431
1490	431
1490	428
1498	428
1498	427
1500	427
1500	423
1502	423
1502	422
1504	422
1504	423
1506	423
1506	422
1510	422
1510	420
1511	420
1511	417
1514	417
1514	415
1520	415
1520	414
1525	414
1525	413
1531	413
1531	415
1532	415
1532	416
1531	416
1531	432
1532	432
1532	436
1531	436
1531	437
1532	437
1532	438
1531	438
1531	439
1532	439
1532	440
1542	440
1542	435
1543	435
1543	434
1544	434
1544	433
1548	433
1548	431
1552	431
1552	430
1553	430
1553	428
1554	428
1554	427
1561	427
1561	426
1562	426
1562	425
1563	425
1563	422
1565	422
1565	421
1571	421
1571	420
1580	420
1580	419
1581	419
1581	418
1583	418
1583	419
1587	419
1587	418
1588	418
1588	417
1590	417
1590	416
1593	416
1593	414
1595	414
1595	413
1596	413
1596	412
1598	412
1598	413
1599	413
1599	412
1604	412
1604	411
1606	411
1606	410
1607	410
1607	409
1608	409
1608	408
1615	408
1615	407
1627	407
1627	406
1636	406
1636	407
1637	407
1637	408
1639	408
1639	413
1638	413
1638	414
1636	414
1636	415
1635	415
1635	416
1634	416
1634	417
1633	417
1633	421
1632	421
1632	431
1637	431
1637	432
1638	432
1638	431
1640	431
1640	432
1641	432
1641	431
1642	431
1642	432
1643	432
1643	431
1645	431
1645	429
1646	429
1646	428
1650	428
1650	427
1651	427
1651	426
1657	426
1657	425
1660	425
1660	424
1662	424
1662	420
1668	420
1668	419
1684	419
1684	418
1685	418
1685	417
1686	417
1686	413
1719	413
1719	414
1720	414
1720	416
1719	416
1719	418
1718	418
1718	419
1717	419
1717	422
1716	422
1716	423
1715	423
1715	426
1714	426
1714	429
1713	429
1713	432
1712	432
1712	433
1713	433
1713	438
1712	438
1712	439
1713	439
1713	440
1725	440
1725	439
1726	439
1726	438
1728	438
1728	437
1729	437
1729	434
1738	434
1738	433
1743	433
1743	432
1744	432
1744	431
1748	431
1748	430
1753	430
1753	429
1754	429
1754	428
1757	428
1757	427
1758	427
1758	428
1763	428
1763	427
1764	427
1764	425
1772	425
1772	427
1784	427
1784	428
1792	428
1792	427
1802	427
1802	428
1805	428
1805	430
1804	430
1804	435
1803	435
1803	436
1801	436
1801	441
1800	441
1800	442
1799	442
1799	445
1798	445
1798	448
1796	448
1796	449
1795	449
1795	463
1807	463
1807	462
1808	462
1808	459
1819	459
1819	460
1821	460
1821	459
1822	459
1822	456
1837	456
1837	457
1848	457
1848	458
1849	458
1849	459
1864	459
1864	462
1871	462
1871	463
1889	463
1889	464
1901	464
1901	463
1902	463
1902	464
1904	464
1904	465
1905	465
1905	464
1906	464
1906	465
1912	465
1912	467
1913	467
1913	469
1912	469
1912	471
1911	471
1911	473
1908	473
1908	474
1907	474
1907	488
1918	488
1918	487
1929	487
1929	486
1930	486
1930	485
1944	485
1944	484
1954	484
1954	485
1957	485
1957	487
1958	487
1958	488
1973	488
1973	489
1975	489
1975	490
1977	490
1977	491
1984	491
1984	490
1986	490
1986	489
1991	489
1991	490
1994	490
1994	491
1998	491
1998	490
1999	490
1999	491
2003	491
2003	490
2004	490
2004	489
2005	489
2005	488
2007	488
2007	489
2008	489
2008	490
2016	490
2016	492
2019	492
2019	493
2045	493
2045	491
2047	491
2047	490
2048	490
2048	489
2057	489
2057	488
2071	488
2071	487
2076	487
2076	486
2087	486
2087	487
2092	487
2092	488
2093	488
2093	489
2094	489
2094	491
2093	491
2093	493
2092	493
2092	495
2091	495
2091	497
2089	497
2089	498
2088	498
2088	499
2087	499
2087	500
2085	500
2085	501
2084	501
2084	502
2082	502
2082	503
2079	503
2079	504
2075	504
2075	507
2074	507
2074	508
2073	508
2073	509
2072	509
2072	510
2069	510
2069	512
2068	512
2068	513
2066	513
2066	514
2065	514
2065	516
2063	516
2063	517
2062	517
2062	516
2061	516
2061	517
2056	517
2056	520
2051	520
2051	521
2050	521
2050	523
2049	523
2049	524
2048	524
2048	525
2047	525
2047	526
2045	526
2045	527
2043	527
2043	528
2041	528
2041	529
2037	529
2037	531
2035	531
2035	532
2034	532
2034	534
2033	534
2033	535
2031	535
2031	536
2026	536
2026	537
2025	537
2025	538
2024	538
2024	539
2018	539
2018	540
2019	540
2019	541
2018	541
2018	542
2016	542
2016	541
2014	541
2014	542
2012	542
2012	544
2010	544
2010	545
2007	545
2007	546
2002	546
2002	547
2000	547
2000	548
1994	548
1994	550
1993	550
1993	551
1989	551
1989	552
1983	552
1983	553
1981	553
1981	554
1979	554
1979	557
1976	557
1976	558
1970	558
1970	559
1967	559
1967	560
1957	560
1957	562
1936	562
1936	575
1937	575
1937	579
1938	579
1938	587
1935	587
1935	588
1931	588
1931	589
1926	589
1926	588
1908	588
1908	589
1907	589
1907	591
1902	591
1902	590
1891	590
1891	587
1888	587
1888	586
1886	586
1886	587
1885	587
1885	586
1883	586
1883	587
1882	587
1882	586
1881	586
1881	588
1880	588
1880	589
1879	589
1879	588
1878	588
1878	589
1875	589
1875	588
1872	588
1872	582
1871	582
1871	581
1870	581
1870	580
1862	580
1862	581
1860	581
1860	584
1859	584
1859	582
1853	582
1853	580
1852	580
1852	579
1842	579
1842	589
1843	589
1843	590
1844	590
1844	592
1845	592
1845	605
1846	605
1846	606
1847	606
1847	610
1845	610
1845	611
1844	611
1844	612
1822	612
1822	613
1816	613
1816	610
1808	610
1808	609
1800	609
1800	610
1798	610
1798	609
1796	609
1796	608
1791	608
1791	607
1784	607
1784	606
1782	606
1782	605
1780	605
1780	604
1778	604
1778	602
1777	602
1777	601
1776	601
1776	602
1774	602
1774	601
1773	601
1773	600
1772	600
1772	597
1761	597
1761	616
1762	616
1762	618
1763	618
1763	620
1764	620
1764	624
1762	624
1762	625
1756	625
1756	626
1742	626
1742	625
1736	625
1736	624
1729	624
1729	622
1722	622
1722	621
1721	621
1721	620
1716	620
1716	619
1712	619
1712	618
1710	618
1710	616
1704	616
1704	614
1703	614
1703	613
1698	613
1698	610
1696	610
1696	609
1695	609
1695	610
1694	610
1694	609
1691	609
1691	607
1677	607
1677	617
1678	617
1678	621
1679	621
1679	625
1680	625
1680	631
1678	631
1678	632
1676	632
1676	633
1675	633
1675	632
1664	632
1664	631
1662	631
1662	630
1661	630
1661	629
1660	629
1660	628
1654	628
1654	627
1649	627
1649	626
1648	626
1648	625
1642	625
1642	624
1636	624
1636	623
1635	623
1635	622
1629	622
1629	621
1628	621
1628	620
1623	620
1623	616
1617	616
1617	614
1616	614
1616	613
1610	613
1610	612
1606	612
1606	611
1605	611
1605	610
1604	610
1604	608
1601	608
1601	607
1600	607
1600	606
1599	606
1599	605
1598	605
1598	602
1595	602
1595	601
1585	601
1585	602
1584	602
1584	611
1585	611
1585	616
1584	616
1584	622
1582	622
1582	621
1580	621
1580	622
1574	622
1574	621
1572	621
1572	620
1567	620
1567	619
1561	619
1561	616
1560	616
1560	614
1555	614
1555	613
1554	613
1554	612
1549	612
1549	611
1548	611
1548	608
1541	608
1541	607
1538	607
1538	606
1536	606
1536	604
1535	604
1535	603
1529	603
1529	602
1528	602
1528	601
1526	601
1526	598
1525	598
1525	597
1519	597
1519	596
1515	596
1515	591
1510	591
1510	589
1508	589
1508	588
1507	588
1507	587
1506	587
1506	586
1505	586
1505	585
1495	585
1495	598
1494	598
1494	599
1493	599
1493	600
1490	600
1490	599
1487	599
1487	598
1486	598
1486	597
1485	597
1485	596
1484	596
1484	595
1483	595
1483	594
1482	594
1482	593
1481	593
1481	592
1480	592
1480	591
1474	591
1474	589
1472	589
1472	588
1468	588
1468	585
1464	585
1464	584
1463	584
1463	583
1461	583
1461	582
1457	582
1457	581
1455	581
1455	579
1454	579
1454	578
1452	578
1452	579
1451	579
1451	578
1442	578
1442	577
1437	577
1437	576
1436	576
1436	575
1435	575
1435	574
1431	574
1431	573
1430	573
1430	572
1424	572
1424	570
1423	570
1423	569
1422	569
1422	568
1421	568
1421	569
1418	569
1418	566
1413	566
1413	565
1411	565
1411	564
1410	564
1410	563
1409	563
1409	561
1408	561
1408	560
1397	560
1397	571
1391	571
1391	570
1390	570
1390	571
1387	571
1387	570
1385	570
1385	569
1383	569
1383	568
1381	568
1381	567
1380	567
1380	565
1378	565
1378	564
1377	564
1377	565
1376	565
1376	564
1374	564
1374	563
1372	563
1372	562
1370	562
1370	561
1368	561
1368	560
1367	560
1367	559
1363	559
1363	558
1362	558
1362	557
1358	557
1358	556
1356	556
1356	554
1353	554
1353	553
1347	553
1347	552
1346	552
1346	548
1344	548
1344	547
1336	547
1336	546
1334	546
1334	545
1332	545
1332	544
1331	544
1331	542
1330	542
1330	541
1307	541
1307	540
1306	540
1306	539
1302	539
1302	538
1300	538
1300	537
1299	537
1299	535
1294	535
1294	534
1293	534
1293	533
1289	533
1289	532
1288	532
1288	531
1287	531
1287	529
1279	529
1279	528
1278	528
1278	527
1273	527
1273	526
1272	526
1272	525
1269	525
1269	524
1268	524
1268	523
1265	523
1265	522
1262	522
1262	520
1257	520
1257	519
1252	519
1252	518
1251	518
1251	517
1248	517
1248	516
1244	516
1244	514
1237	514
1237	513
1234	513
1234	512
1231	512
1231	511
1230	511
1230	510
1221	510
1221	511
1220	511
1220	520
1221	520
1221	521
1223	521
1223	524
1224	524
1224	525
1230	525
1230	526
1231	526
1231	528
1232	528
1232	529
1233	529
1233	530
1234	530
1234	531
1236	531
1236	533
1240	533
1240	534
1241	534
1241	535
1242	535
1242	536
1243	536
1243	537
1246	537
1246	538
1247	538
1247	539
1248	539
1248	540
1250	540
1250	541
1253	541
1253	542
1255	542
1255	544
1256	544
1256	546
1258	546
1258	547
1259	547
1259	548
1260	548
1260	549
1262	549
1262	550
1264	550
1264	551
1265	551
1265	552
1266	552
1266	555
1270	555
1270	556
1273	556
1273	559
1275	559
1275	560
1277	560
1277	561
1279	561
1279	562
1280	562
1280	563
1281	563
1281	564
1283	564
1283	565
1285	565
1285	566
1286	566
1286	569
1287	569
1287	570
1289	570
1289	571
1290	571
1290	572
1292	572
1292	574
1295	574
1295	575
1296	575
1296	574
1297	574
1297	575
1298	575
1298	576
1299	576
1299	579
1301	579
1301	580
1303	580
1303	581
1304	581
1304	583
1305	583
1305	584
1307	584
1307	585
1308	585
1308	586
1310	586
1310	587
1312	587
1312	590
1313	590
1313	591
1314	591
1314	592
1315	592
1315	593
1317	593
1317	595
1318	595
1318	596
1321	596
1321	597
1323	597
1323	599
1325	599
1325	600
1326	600
1326	601
1328	601
1328	602
1329	602
1329	606
1330	606
1330	607
1334	607
1334	608
1335	608
1335	609
1339	609
1339	610
1340	610
1340	611
1341	611
1341	612
1342	612
1342	614
1345	614
1345	615
1347	615
1347	617
1348	617
1348	619
1354	619
1354	620
1355	620
1355	622
1358	622
1358	623
1360	623
1360	624
1361	624
1361	625
1363	625
1363	627
1365	627
1365	628
1367	628
1367	630
1370	630
1370	631
1371	631
1371	632
1373	632
1373	633
1376	633
1376	634
1378	634
1378	635
1379	635
1379	637
1383	637
1383	638
1385	638
1385	639
1386	639
1386	640
1389	640
1389	641
1390	641
1390	642
1391	642
1391	644
1395	644
1395	645
1396	645
1396	646
1397	646
1397	649
1401	649
1401	651
1402	651
1402	653
1410	653
1410	657
1417	657
1417	659
1420	659
1420	660
1421	660
1421	661
1427	661
1427	665
1432	665
1432	666
1433	666
1433	668
1435	668
1435	672
1429	672
1429	676
1428	676
1428	677
1426	677
1426	678
1425	678
1425	679
1424	679
1424	687
1425	687
1425	688
1428	688
1428	689
1432	689
1432	690
1433	690
1433	692
1438	692
1438	693
1439	693
1439	694
1440	694
1440	695
1441	695
1441	694
1443	694
1443	695
1445	695
1445	696
1446	696
1446	698
1448	698
1448	699
1454	699
1454	700
1456	700
1456	701
1462	701
1462	704
1463	704
1463	705
1465	705
1465	706
1467	706
1467	707
1470	707
1470	708
1472	708
1472	711
1477	711
1477	712
1478	712
1478	715
1480	715
1480	714
1482	714
1482	715
1484	715
1484	718
1485	718
1485	719
1489	719
1489	720
1492	720
1492	721
1495	721
1495	720
1497	720
1497	723
1500	723
1500	725
1501	725
1501	726
1503	726
1503	729
1506	729
1506	730
1507	730
1507	732
1509	732
1509	733
1510	733
1510	734
1513	734
1513	735
1517	735
1517	736
1518	736
1518	740
1519	740
1519	741
1522	741
1522	742
1527	742
1527	743
1528	743
1528	742
1530	742
1530	743
1531	743
1531	746
1530	746
1530	747
1528	747
1528	748
1527	748
1527	749
1524	749
1524	750
1521	750
1521	752
1517	752
1517	753
1516	753
1516	755
1515	755
1515	758
1514	758
1514	761
1515	761
1515	762
1514	762
1514	763
1515	763
1515	764
1514	764
1514	765
1515	765
1515	767
1529	767
1529	768
1534	768
1534	769
1540	769
1540	774
1541	774
1541	773
1545	773
1545	774
1546	774
1546	776
1559	776
1559	781
1561	781
1561	782
1568	782
1568	781
1569	781
1569	787
1575	787
1575	790
1578	790
1578	792
1584	792
1584	793
1586	793
1586	794
1587	794
1587	795
1589	795
1589	796
1590	796
1590	797
1596	797
1596	799
1600	799
1600	801
1603	801
1603	804
1608	804
1608	805
1609	805
1609	806
1610	806
1610	808
1608	808
1608	809
1603	809
1603	814
1602	814
1602	815
1601	815
1601	816
1600	816
1600	817
1597	817
1597	818
1596	818
1596	820
1594	820
1594	821
1591	821
1591	822
1590	822
1590	831
1591	831
1591	832
1602	832
1602	835
1603	835
1603	836
1607	836
1607	835
1609	835
1609	836
1621	836
1621	841
1624	841
1624	842
1626	842
1626	843
1629	843
1629	844
1634	844
1634	846
1635	846
1635	847
1641	847
1641	848
1643	848
1643	851
1646	851
1646	853
1647	853
1647	854
1655	854
1655	855
1664	855
1664	857
1667	857
1667	859
1668	859
1668	860
1670	860
1670	861
1677	861
1677	866
1684	866
1684	868
1685	868
1685	869
1687	869
1687	870
1686	870
1686	872
1687	872
1687	871
1688	871
1688	872
1689	872
1689	873
1688	873
1688	874
1687	874
1687	875
1686	875
1686	876
1685	876
1685	877
1678	877
1678	878
1677	878
1677	883
1673	883
1673	884
1671	884
1671	888
1669	888
1669	899
1683	899
1683	902
1689	902
1689	903
1691	903
1691	904
1697	904
1697	906
1698	906
1698	907
1702	907
1702	909
1704	909
1704	910
1707	910
1707	913
1714	913
1714	915
1715	915
1715	917
1724	917
1724	922
1731	922
1731	923
1732	923
1732	929
1733	929
1733	930
1744	930
1744	929
1751	929
1751	933
1752	933
1752	935
1754	935
1754	938
1755	938
1755	939
1753	939
1753	940
1752	940
1752	941
1750	941
1750	942
1748	942
1748	943
1745	943
1745	945
1740	945
1740	946
1739	946
1739	948
1738	948
1738	949
1737	949
1737	950
1733	950
1733	952
1732	952
1732	953
1731	953
1731	955
1730	955
1730	966
1744	966
1744	967
1745	967
1745	966
1748	966
1748	967
1750	967
1750	966
1756	966
1756	967
1759	967
1759	966
1761	966
1761	967
1763	967
1763	968
1764	968
1764	971
1765	971
1765	972
1770	972
1770	973
1771	973
1771	974
1780	974
1780	975
1783	975
1783	976
1785	976
1785	977
1789	977
1789	979
1791	979
1791	980
1793	980
1793	981
1794	981
1794	984
1795	984
1795	987
1804	987
1804	988
1805	988
1805	987
1807	987
1807	990
1808	990
1808	991
1813	991
1813	992
1816	992
1816	993
1819	993
1819	994
1820	994
1820	996
1821	996
1821	997
1822	997
1822	998
1820	998
1820	999
1817	999
1817	1000
1816	1000
1816	1001
1815	1001
1815	1002
1814	1002
1814	1003
1812	1003
1812	1004
1811	1004
1811	1005
1808	1005
1808	1007
1806	1007
1806	1008
1805	1008
1805	1010
1804	1010
1804	1011
1802	1011
1802	1013
1801	1013
1801	1014
1800	1014
1800	1015
1799	1015
1799	1016
1798	1016
1798	1017
1797	1017
1797	1027
1798	1027
1798	1028
1814	1028
1814	1029
1818	1029
1818	1030
1820	1030
1820	1031
1826	1031
1826	1035
1830	1035
1830	1036
1832	1036
1832	1037
1833	1037
1833	1039
1839	1039
1839	1040
1842	1040
1842	1041
1843	1041
1843	1040
1844	1040
1844	1041
1845	1041
1845	1046
1849	1046
1849	1047
1851	1047
1851	1048
1852	1048
1852	1049
1857	1049
1857	1052
1858	1052
1858	1053
1863	1053
1863	1054
1864	1054
1864	1055
1865	1055
1865	1056
1869	1056
1869	1058
1870	1058
1870	1059
1871	1059
1871	1060
1873	1060
1873	1063
1874	1063
1874	1065
1876	1065
1876	1067
1877	1067
1877	1069
1878	1069
1878	1072
1879	1072
1879	1073
1880	1073
1880	1076
1881	1076
1881	1079
1878	1079
1878	1080
1865	1080
1865	1081
1864	1081
1864	1082
1858	1082
1858	1084
1857	1084
1857	1085
1856	1085
1856	1086
1855	1086
1855	1096
1856	1096
1856	1097
1867	1097
1867	1096
1871	1096
1871	1097
1874	1097
1874	1096
1875	1096
1875	1097
1876	1097
1876	1098
1883	1098
1883	1099
1887	1099
1887	1101
1888	1101
1888	1103
1889	1103
1889	1105
1894	1105
1894	1108
1896	1108
1896	1109
1897	1109
1897	1110
1899	1110
1899	1111
1901	1111
1901	1110
1903	1110
1903	1111
1904	1111
1904	1112
1905	1112
1905	1113
1906	1113
1906	1112
1907	1112
1907	1115
1912	1115
1912	1118
1919	1118
1919	1123
1927	1123
1927	1124
1929	1124
1929	1125
1931	1125
1931	1126
1932	1126
1932	1127
1933	1127
1933	1128
1935	1128
1935	1130
1936	1130
1936	1131
1937	1131
1937	1134
1936	1134
1936	1135
1934	1135
1934	1136
1932	1136
1932	1137
1930	1137
1930	1138
1926	1138
1926	1139
1925	1139
1925	1141
1922	1141
1922	1142
1920	1142
1920	1144
1913	1144
1913	1160
1920	1160
1920	1161
1924	1161
1924	1162
1928	1162
1928	1163
1932	1163
1932	1164
1935	1164
1935	1165
1936	1165
1936	1166
1937	1166
1937	1165
1938	1165
1938	1167
1943	1167
1943	1171
1949	1171
1949	1172
1951	1172
1951	1177
1953	1177
1953	1178
1955	1178
1955	1179
1957	1179
1957	1185
1958	1185
1958	1186
1962	1186
1962	1187
1965	1187
1965	1188
1969	1188
1969	1191
1970	1191
1970	1194
1971	1194
1971	1195
1976	1195
1976	1196
1979	1196
1979	1198
1980	1198
1980	1197
1981	1197
1981	1198
1982	1198
1982	1202
1987	1202
1987	1204
1988	1204
1988	1207
1989	1207
1989	1208
1991	1208
1991	1210
1990	1210
1990	1211
1989	1211
1989	1212
1986	1212
1986	1213
1985	1213
1985	1212
1983	1212
1983	1213
1981	1213
1981	1215
1976	1215
1976	1216
1975	1216
1975	1217
1974	1217
1974	1218
1969	1218
1969	1220
1968	1220
1968	1221
1966	1221
1966	1222
1963	1222
1963	1223
1962	1223
1962	1224
1961	1224
1961	1234
1962	1234
1962	1235
1967	1235
1967	1236
1975	1236
1975	1240
1976	1240
1976	1242
1981	1242
1981	1245
1984	1245
1984	1246
1985	1246
1985	1250
1994	1250
1994	1251
1996	1251
1996	1252
1997	1252
1997	1254
2000	1254
2000	1255
2001	1255
2001	1256
2000	1256
2000	1258
2001	1258
2001	1260
2006	1260
2006	1261
2007	1261
2007	1264
2009	1264
2009	1265
2010	1265
2010	1266
2011	1266
2011	1267
2012	1267
2012	1268
2013	1268
2013	1270
2016	1270
2016	1271
2017	1271
2017	1272
2019	1272
2019	1275
2022	1275
2022	1276
2024	1276
2024	1279
2025	1279
2025	1282
2024	1282
2024	1283
2025	1283
2025	1284
2023	1284
2023	1285
2017	1285
2017	1286
2016	1286
2016	1285
2014	1285
2014	1286
2013	1286
2013	1287
2008	1287
2008	1288
2007	1288
2007	1291
2006	1291
2006	1293
2005	1293
2005	1294
2006	1294
2006	1296
2005	1296
2005	1297
2006	1297
2006	1300
2005	1300
2005	1301
2006	1301
2006	1303
2009	1303
2009	1305
2012	1305
2012	1307
2015	1307
2015	1308
2016	1308
2016	1307
2017	1307
2017	1310
2019	1310
2019	1311
2022	1311
2022	1312
2023	1312
2023	1316
2024	1316
2024	1317
2025	1317
2025	1319
2026	1319
2026	1320
2027	1320
2027	1322
2033	1322
2033	1323
2034	1323
2034	1324
2036	1324
2036	1327
2039	1327
2039	1328
2040	1328
2040	1329
2041	1329
2041	1333
2043	1333
2043	1334
2044	1334
2044	1338
2045	1338
2045	1339
2050	1339
2050	1341
2052	1341
2052	1342
2054	1342
2054	1345
2056	1345
2056	1349
2057	1349
2057	1350
2056	1350
2056	1352
2053	1352
2053	1353
2051	1353
2051	1354
2050	1354
2050	1365
2054	1365
2054	1367
2056	1367
2056	1369
2057	1369
2057	1370
2062	1370
2062	1371
2063	1371
2063	1376
2068	1376
2068	1377
2069	1377
2069	1382
2070	1382
2070	1383
2072	1383
2072	1386
2073	1386
2073	1388
2076	1388
2076	1389
2077	1389
2077	1393
2078	1393
2078	1394
2079	1394
2079	1395
2081	1395
2081	1398
2085	1398
2085	1399
2086	1399
2086	1400
2085	1400
2085	1401
2087	1401
2087	1402
2088	1402
2088	1401
2089	1401
2089	1404
2090	1404
2090	1405
2094	1405
2094	1408
2097	1408
2097	1412
2098	1412
2098	1413
2099	1413
2099	1414
2100	1414
2100	1416
2101	1416
2101	1417
2102	1417
2102	1418
2104	1418
2104	1419
2106	1419
2106	1422
2108	1422
2108	1423
2111	1423
2111	1424
2112	1424
2112	1425
2113	1425
2113	1427
2114	1427
2114	1428
2115	1428
2115	1429
2116	1429
2116	1430
2117	1430
2117	1432
2118	1432
2118	1434
2119	1434
2119	1438
2121	1438
2121	1439
2124	1439
2124	1440
2125	1440
2125	1444
2129	1444
2129	1447
2130	1447
2130	1448
2131	1448
2131	1450
2132	1450
2132	1451
2133	1451
2133	1452
2134	1452
2134	1454
2136	1454
2136	1456
2137	1456
2137	1458
2136	1458
2136	1459
2132	1459
2132	1460
2120	1460
2120	1459
2115	1459
2115	1458
2112	1458
2112	1457
2111	1457
2111	1456
2108	1456
2108	1455
2106	1455
2106	1454
2102	1454
2102	1453
2099	1453
2099	1452
2094	1452
2094	1451
2091	1451
2091	1450
2088	1450
2088	1449
2086	1449
2086	1448
2084	1448
2084	1447
2083	1447
2083	1444
2082	1444
2082	1443
2076	1443
2076	1442
2075	1442
2075	1441
2074	1441
2074	1440
2073	1440
2073	1439
2072	1439
2072	1438
2071	1438
2071	1436
2064	1436
2064	1435
2063	1435
2063	1434
2061	1434
2061	1435
2059	1435
2059	1434
2058	1434
2058	1433
2056	1433
2056	1431
2055	1431
2055	1430
2047	1430
2047	1429
2046	1429
2046	1428
2044	1428
2044	1427
2041	1427
2041	1426
2040	1426
2040	1425
2039	1425
2039	1424
2036	1424
2036	1423
2035	1423
2035	1422
2034	1422
2034	1421
2031	1421
2031	1419
2030	1419
2030	1418
2027	1418
2027	1417
2026	1417
2026	1416
2021	1416
2021	1415
2019	1415
2019	1414
2017	1414
2017	1415
2016	1415
2016	1414
2015	1414
2015	1412
2014	1412
2014	1411
2008	1411
2008	1410
2005	1410
2005	1409
2003	1409
2003	1408
2002	1408
2002	1406
2001	1406
2001	1405
1998	1405
1998	1406
1997	1406
1997	1405
1996	1405
1996	1403
1990	1403
1990	1400
1989	1400
1989	1399
1983	1399
1983	1397
1977	1397
1977	1396
1974	1396
1974	1395
1971	1395
1971	1394
1970	1394
1970	1393
1968	1393
1968	1391
1967	1391
1967	1390
1966	1390
1966	1389
1960	1389
1960	1387
1959	1387
1959	1386
1957	1386
1957	1385
1956	1385
1956	1384
1954	1384
1954	1383
1952	1383
1952	1380
1951	1380
1951	1379
1947	1379
1947	1377
1946	1377
1946	1376
1947	1376
1947	1375
1946	1375
1946	1374
1942	1374
1942	1369
1941	1369
1941	1368
1939	1368
1939	1367
1930	1367
1930	1368
1927	1368
1927	1369
1926	1369
1926	1375
1925	1375
1925	1378
1924	1378
1924	1380
1923	1380
1923	1381
1922	1381
1922	1386
1921	1386
1921	1387
1920	1387
1920	1389
1919	1389
1919	1392
1915	1392
1915	1391
1911	1391
1911	1390
1910	1390
1910	1389
1909	1389
1909	1388
1908	1388
1908	1387
1905	1387
1905	1386
1903	1386
1903	1384
1902	1384
1902	1383
1900	1383
1900	1382
1898	1382
1898	1380
1896	1380
1896	1379
1895	1379
1895	1378
1894	1378
1894	1377
1892	1377
1892	1376
1891	1376
1891	1374
1890	1374
1890	1373
1889	1373
1889	1372
1888	1372
1888	1371
1887	1371
1887	1370
1886	1370
1886	1368
1884	1368
1884	1367
1883	1367
1883	1366
1881	1366
1881	1365
1880	1365
1880	1364
1879	1364
1879	1363
1878	1363
1878	1362
1879	1362
1879	1361
1876	1361
1876	1360
1875	1360
1875	1358
1874	1358
1874	1355
1872	1355
1872	1350
1871	1350
1871	1349
1867	1349
1867	1344
1866	1344
1866	1338
1865	1338
1865	1337
1863	1337
1863	1336
1853	1336
1853	1337
1852	1337
1852	1338
1851	1338
1851	1340
1850	1340
1850	1341
1849	1341
1849	1342
1848	1342
1848	1343
1846	1343
1846	1344
1845	1344
1845	1347
1844	1347
1844	1348
1843	1348
1843	1349
1841	1349
1841	1350
1842	1350
1842	1352
1841	1352
1841	1353
1838	1353
1838	1352
1836	1352
1836	1351
1835	1351
1835	1350
1834	1350
1834	1349
1833	1349
1833	1348
1832	1348
1832	1346
1831	1346
1831	1344
1829	1344
1829	1342
1828	1342
1828	1337
1823	1337
1823	1336
1822	1336
1822	1332
1821	1332
1821	1330
1820	1330
1820	1331
1819	1331
1819	1330
1817	1330
1817	1331
1816	1331
1816	1330
1815	1330
1815	1325
1812	1325
1812	1324
1810	1324
1810	1323
1809	1323
1809	1318
1804	1318
1804	1317
1802	1317
1802	1316
1801	1316
1801	1312
1797	1312
1797	1310
1796	1310
1796	1309
1793	1309
1793	1307
1792	1307
1792	1305
1791	1305
1791	1301
1790	1301
1790	1300
1789	1300
1789	1299
1788	1299
1788	1298
1787	1298
1787	1294
1786	1294
1786	1293
1785	1293
1785	1288
1784	1288
1784	1287
1783	1287
1783	1281
1770	1281
1770	1285
1769	1285
1769	1286
1768	1286
1768	1287
1764	1287
1764	1293
1763	1293
1763	1294
1761	1294
1761	1298
1762	1298
1762	1301
1761	1301
1761	1305
1760	1305
1760	1306
1759	1306
1759	1305
1754	1305
1754	1304
1752	1304
1752	1303
1750	1303
1750	1302
1749	1302
1749	1301
1748	1301
1748	1299
1747	1299
1747	1298
1746	1298
1746	1297
1744	1297
1744	1296
1743	1296
1743	1294
1742	1294
1742	1293
1739	1293
1739	1292
1738	1292
1738	1291
1737	1291
1737	1290
1736	1290
1736	1288
1735	1288
1735	1286
1733	1286
1733	1284
1732	1284
1732	1283
1731	1283
1731	1281
1730	1281
1730	1280
1729	1280
1729	1275
1726	1275
1726	1274
1725	1274
1725	1271
1724	1271
1724	1269
1723	1269
1723	1268
1722	1268
1722	1263
1719	1263
1719	1262
1717	1262
1717	1261
1716	1261
1716	1256
1713	1256
1713	1252
1712	1252
1712	1250
1711	1250
1711	1249
1710	1249
1710	1244
1707	1244
1707	1239
1706	1239
1706	1229
1705	1229
1705	1228
1706	1228
1706	1226
1705	1226
1705	1225
1695	1225
1695	1226
1694	1226
1694	1227
1692	1227
1692	1228
1691	1228
1691	1229
1690	1229
1690	1231
1689	1231
1689	1232
1687	1232
1687	1233
1686	1233
1686	1235
1685	1235
1685	1236
1684	1236
1684	1237
1681	1237
1681	1241
1680	1241
1680	1242
1679	1242
1679	1244
1678	1244
1678	1245
1677	1245
1677	1247
1676	1247
1676	1248
1674	1248
1674	1247
1673	1247
1673	1246
1672	1246
1672	1244
1670	1244
1670	1243
1668	1243
1668	1242
1667	1242
1667	1238
1666	1238
1666	1237
1663	1237
1663	1235
1662	1235
1662	1234
1661	1234
1661	1233
1660	1233
1660	1231
1659	1231
1659	1228
1657	1228
1657	1227
1656	1227
1656	1225
1655	1225
1655	1224
1654	1224
1654	1219
1652	1219
1652	1218
1651	1218
1651	1216
1650	1216
1650	1213
1648	1213
1648	1212
1646	1212
1646	1208
1645	1208
1645	1207
1644	1207
1644	1206
1642	1206
1642	1203
1641	1203
1641	1200
1639	1200
1639	1199
1638	1199
1638	1196
1637	1196
1637	1194
1636	1194
1636	1193
1635	1193
1635	1192
1636	1192
1636	1191
1635	1191
1635	1188
1633	1188
1633	1186
1632	1186
1632	1182
1631	1182
1631	1177
1630	1177
1630	1176
1629	1176
1629	1159
1618	1159
1618	1160
1616	1160
1616	1161
1615	1161
1615	1163
1613	1163
1613	1165
1610	1165
1610	1166
1609	1166
1609	1169
1608	1169
1608	1170
1607	1170
1607	1172
1606	1172
1606	1173
1605	1173
1605	1175
1603	1175
1603	1176
1602	1176
1602	1180
1601	1180
1601	1179
1599	1179
1599	1178
1598	1178
1598	1176
1596	1176
1596	1175
1595	1175
1595	1170
1594	1170
1594	1169
1589	1169
1589	1165
1588	1165
1588	1163
1587	1163
1587	1160
1586	1160
1586	1158
1585	1158
1585	1156
1584	1156
1584	1155
1583	1155
1583	1151
1582	1151
1582	1149
1581	1149
1581	1147
1580	1147
1580	1145
1579	1145
1579	1143
1578	1143
1578	1142
1577	1142
1577	1138
1575	1138
1575	1132
1573	1132
1573	1126
1569	1126
1569	1124
1568	1124
1568	1123
1567	1123
1567	1119
1565	1119
1565	1114
1564	1114
1564	1113
1565	1113
1565	1112
1563	1112
1563	1108
1562	1108
1562	1101
1561	1101
1561	1090
1551	1090
1551	1091
1550	1091
1550	1092
1548	1092
1548	1093
1547	1093
1547	1094
1545	1094
1545	1095
1543	1095
1543	1100
1541	1100
1541	1101
1540	1101
1540	1105
1539	1105
1539	1106
1538	1106
1538	1107
1534	1107
1534	1106
1533	1106
1533	1104
1532	1104
1532	1105
1531	1105
1531	1103
1530	1103
1530	1102
1529	1102
1529	1101
1528	1101
1528	1099
1527	1099
1527	1098
1526	1098
1526	1095
1524	1095
1524	1089
1523	1089
1523	1088
1520	1088
1520	1086
1519	1086
1519	1082
1518	1082
1518	1080
1517	1080
1517	1075
1516	1075
1516	1073
1515	1073
1515	1068
1514	1068
1514	1064
1513	1064
1513	1063
1512	1063
1512	1061
1511	1061
1511	1057
1509	1057
1509	1055
1507	1055
1507	1050
1506	1050
1506	1048
1505	1048
1505	1040
1504	1040
1504	1039
1503	1039
1503	1038
1502	1038
1502	1037
1501	1037
1501	1008
1491	1008
1491	1012
1490	1012
1490	1013
1487	1013
1487	1014
1486	1014
1486	1013
1485	1013
1485	1014
1484	1014
1484	1017
1483	1017
1483	1018
1479	1018
1479	1019
1478	1019
1478	1025
1477	1025
1477	1027
1476	1027
1476	1029
1475	1029
1475	1030
1471	1030
1471	1029
1470	1029
1470	1028
1469	1028
1469	1027
1470	1027
1470	1026
1468	1026
1468	1024
1467	1024
1467	1020
1465	1020
1465	1019
1464	1019
1464	1017
1463	1017
1463	1014
1462	1014
1462	1013
1461	1013
1461	1008
1459	1008
1459	1004
1458	1004
1458	1001
1457	1001
1457	995
1456	995
1456	992
1455	992
1455	988
1454	988
1454	986
1455	986
1455	984
1454	984
1454	982
1453	982
1453	981
1452	981
1452	978
1451	978
1451	976
1450	976
1450	972
1449	972
1449	965
1448	965
1448	963
1447	963
1447	962
1448	962
1448	959
1447	959
1447	957
1446	957
1446	953
1445	953
1445	927
1444	927
1444	926
1441	926
1441	927
1440	927
1440	926
1436	926
1436	927
1434	927
1434	928
1435	928
1435	929
1434	929
1434	930
1432	930
1432	931
1431	931
1431	933
1428	933
1428	937
1427	937
1427	938
1426	938
1426	939
1423	939
1423	940
1422	940
1422	944
1421	944
1421	943
1419	943
1419	944
1418	944
1418	939
1415	939
1415	938
1414	938
1414	934
1413	934
1413	932
1412	932
1412	927
1411	927
1411	926
1410	926
1410	924
1409	924
1409	920
1408	920
1408	918
1407	918
1407	917
1408	917
1408	916
1407	916
1407	914
1406	914
1406	912
1405	912
1405	908
1404	908
1404	904
1405	904
1405	903
1404	903
1404	902
1402	902
1402	901
1401	901
1401	896
1400	896
1400	895
1399	895
1399	889
1397	889
1397	887
1396	887
1396	882
1395	882
1395	877
1393	877
1393	870
1392	870
1392	869
1391	869
1391	868
1390	868
1390	866
1389	866
1389	855
1388	855
1388	852
1387	852
1387	833
1385	833
1385	832
1378	832
1378	833
1376	833
1376	834
1375	834
1375	837
1373	837
1373	838
1372	838
1372	839
1371	839
1371	841
1370	841
1370	842
1369	842
1369	844
1366	844
1366	843
1364	843
1364	842
1363	842
1363	840
1362	840
1362	834
1361	834
1361	833
1359	833
1359	828
1358	828
1358	822
1357	822
1357	821
1356	821
1356	819
1355	819
1355	817
1356	817
1356	816
1355	816
1355	814
1354	814
1354	813
1353	813
1353	809
1352	809
1352	804
1351	804
1351	802
1350	802
1350	797
1349	797
1349	796
1348	796
1348	795
1347	795
1347	793
1346	793
1346	787
1345	787
1345	785
1344	785
1344	783
1343	783
1343	780
1344	780
1344	779
1343	779
1343	776
1342	776
1342	777
1341	777
1341	776
1340	776
1340	771
1338	771
1338	768
1337	768
1337	764
1336	764
1336	761
1334	761
1334	755
1333	755
1333	752
1332	752
1332	750
1331	750
1331	741
1330	741
1330	740
1329	740
1329	739
1328	739
1328	734
1327	734
1327	728
1326	728
1326	727
1316	727
1316	728
1315	728
1315	732
1314	732
1314	734
1313	734
1313	737
1312	737
1312	738
1309	738
1309	737
1308	737
1308	736
1306	736
1306	734
1305	734
1305	732
1304	732
1304	731
1303	731
1303	727
1302	727
1302	722
1300	722
1300	716
1299	716
1299	714
1298	714
1298	713
1297	713
1297	708
1296	708
1296	706
1295	706
1295	705
1294	705
1294	697
1291	697
1291	694
1290	694
1290	691
1289	691
1289	690
1288	690
1288	687
1287	687
1287	684
1286	684
1286	681
1285	681
1285	679
1284	679
1284	678
1283	678
1283	672
1282	672
1282	671
1280	671
1280	670
1279	670
1279	665
1278	665
1278	661
1277	661
1277	660
1276	660
1276	659
1275	659
1275	654
1274	654
1274	653
1272	653
1272	651
1271	651
1271	647
1269	647
1269	644
1268	644
1268	643
1269	643
1269	642
1268	642
1268	641
1267	641
1267	640
1266	640
1266	638
1265	638
1265	634
1264	634
1264	633
1263	633
1263	628
1262	628
1262	629
1261	629
1261	624
1260	624
1260	622
1259	622
1259	621
1260	621
1260	620
1259	620
1259	619
1250	619
1250	616
1246	616
1246	615
1245	615
1245	614
1244	614
1244	610
1243	610
1243	609
1242	609
1242	610
1241	610
1241	605
1240	605
1240	604
1239	604
1239	603
1238	603
1238	598
1237	598
1237	597
1234	597
1234	596
1233	596
1233	592
1232	592
1232	591
1230	591
1230	590
1229	590
1229	587
1227	587
1227	585
1226	585
1226	579
1224	579
1224	578
1223	578
1223	577
1222	577
1222	576
1221	576
1221	574
1220	574
1220	572
1219	572
1219	571
1218	571
1218	570
1217	570
1217	569
1216	569
1216	567
1215	567
1215	566
1213	566
1213	564
1212	564
1212	563
1213	563
1213	562
1212	562
1212	560
1210	560
1210	558
1208	558
1208	556
1207	556
1207	555
1206	555
1206	553
1205	553
1205	552
1204	552
1204	551
1203	551
1203	549
1202	549
1202	547
1201	547
1201	545
1200	545
1200	542
1199	542
1199	541
1197	541
1197	540
1196	540
1196	535
1194	535
1194	534
1193	534
1193	533
1191	533
1191	529
1190	529
1190	527
1189	527
1189	526
1187	526
1187	525
1184	525
1184	526
1183	526
1183	525
1180	525
1180	526
1178	526
1178	536
1179	536
1179	538
1180	538
1180	549
1182	549
1182	550
1183	550
1183	558
1184	558
1184	562
1185	562
1185	568
1186	568
1186	574
1187	574
1187	575
1188	575
1188	582
1189	582
1189	584
1190	584
1190	593
1191	593
1191	605
1192	605
1192	611
1193	611
1193	614
1194	614
1194	622
1195	622
1195	625
1196	625
1196	630
1197	630
1197	634
1198	634
1198	635
1197	635
1197	636
1198	636
1198	640
1199	640
1199	642
1200	642
1200	643
1201	643
1201	646
1200	646
1200	647
1201	647
1201	655
1202	655
1202	657
1203	657
1203	661
1204	661
1204	665
1205	665
1205	671
1206	671
1206	672
1207	672
1207	676
1208	676
1208	679
1209	679
1209	688
1210	688
1210	689
1211	689
1211	698
1212	698
1212	699
1213	699
1213	704
1214	704
1214	708
1215	708
1215	711
1216	711
1216	713
1217	713
1217	722
1218	722
1218	724
1219	724
1219	726
1220	726
1220	728
1221	728
1221	732
1222	732
1222	734
1223	734
1223	736
1224	736
1224	737
1223	737
1223	740
1224	740
1224	742
1226	742
1226	743
1227	743
1227	744
1228	744
1228	745
1229	745
1229	749
1230	749
1230	754
1232	754
1232	755
1233	755
1233	756
1232	756
1232	760
1233	760
1233	765
1222	765
1222	766
1221	766
1221	776
1222	776
1222	778
1223	778
1223	780
1224	780
1224	781
1225	781
1225	783
1226	783
1226	786
1227	786
1227	788
1228	788
1228	791
1229	791
1229	792
1230	792
1230	798
1232	798
1232	799
1233	799
1233	801
1234	801
1234	804
1236	804
1236	810
1237	810
1237	811
1238	811
1238	813
1239	813
1239	817
1240	817
1240	818
1241	818
1241	821
1242	821
1242	822
1243	822
1243	826
1244	826
1244	829
1245	829
1245	830
1246	830
1246	835
1248	835
1248	837
1249	837
1249	838
1248	838
1248	843
1249	843
1249	844
1251	844
1251	845
1253	845
1253	847
1254	847
1254	852
1255	852
1255	854
1258	854
1258	856
1259	856
1259	858
1260	858
1260	867
1264	867
1264	869
1266	869
1266	871
1267	871
1267	872
1268	872
1268	876
1269	876
1269	877
1270	877
1270	885
1269	885
1269	887
1264	887
1264	886
1258	886
1258	885
1247	885
1247	886
1246	886
1246	897
1248	897
1248	898
1250	898
1250	900
1251	900
1251	901
1252	901
1252	903
1253	903
1253	904
1254	904
1254	906
1255	906
1255	910
1257	910
1257	911
1256	911
1256	912
1257	912
1257	913
1258	913
1258	914
1259	914
1259	916
1260	916
1260	917
1261	917
1261	920
1260	920
1260	921
1261	921
1261	922
1263	922
1263	923
1264	923
1264	924
1265	924
1265	925
1266	925
1266	930
1267	930
1267	931
1268	931
1268	932
1270	932
1270	934
1271	934
1271	937
1272	937
1272	938
1273	938
1273	942
1274	942
1274	944
1275	944
1275	946
1276	946
1276	949
1277	949
1277	951
1278	951
1278	954
1279	954
1279	958
1280	958
1280	959
1281	959
1281	960
1282	960
1282	961
1284	961
1284	966
1285	966
1285	967
1286	967
1286	972
1288	972
1288	975
1291	975
1291	977
1292	977
1292	978
1293	978
1293	979
1294	979
1294	983
1295	983
1295	984
1296	984
1296	985
1297	985
1297	987
1298	987
1298	990
1299	990
1299	994
1300	994
1300	995
1302	995
1302	1001
1299	1001
1299	1004
1298	1004
1298	1005
1283	1005
1283	1006
1279	1006
1279	1017
1280	1017
1280	1018
1281	1018
1281	1020
1282	1020
1282	1021
1284	1021
1284	1022
1285	1022
1285	1027
1286	1027
1286	1028
1290	1028
1290	1029
1291	1029
1291	1033
1292	1033
1292	1034
1294	1034
1294	1035
1295	1035
1295	1036
1294	1036
1294	1037
1295	1037
1295	1042
1296	1042
1296	1043
1297	1043
1297	1044
1298	1044
1298	1046
1300	1046
1300	1050
1301	1050
1301	1051
1302	1051
1302	1059
1304	1059
1304	1065
1306	1065
1306	1069
1307	1069
1307	1074
1308	1074
1308	1088
1310	1088
1310	1089
1311	1089
1311	1090
1312	1090
1312	1093
1313	1093
1313	1099
1314	1099
1314	1107
1313	1107
1313	1109
1284	1109
