1311	1011
1312	1011
1312	1026
1308	1026
1308	1043
1310	1043
1310	1044
1314	1044
1314	1045
1316	1045
1316	1046
1319	1046
1319	1047
1320	1047
1320	1050
1321	1050
1321	1051
1323	1051
1323	1052
1324	1052
1324	1055
1323	1055
1323	1078
1324	1078
1324	1079
1325	1079
1325	1080
1339	1080
1339	1079
1340	1079
1340	1083
1342	1083
1342	1084
1348	1084
1348	1092
1346	1092
1346	1093
1327	1093
1327	1094
1326	1094
1326	1107
1327	1107
1327	1108
1332	1108
1332	1109
1333	1109
1333	1110
1335	1110
1335	1116
1338	1116
1338	1117
1340	1117
1340	1124
1342	1124
1342	1126
1343	1126
1343	1128
1344	1128
1344	1129
1345	1129
1345	1130
1346	1130
1346	1131
1347	1131
1347	1132
1348	1132
1348	1133
1347	1133
1347	1134
1348	1134
1348	1138
1345	1138
1345	1139
1344	1139
1344	1142
1343	1142
1343	1155
1344	1155
1344	1156
1345	1156
1345	1157
1348	1157
1348	1159
1349	1159
1349	1158
1350	1158
1350	1159
1352	1159
1352	1161
1353	1161
1353	1164
1354	1164
1354	1165
1358	1165
1358	1164
1359	1164
1359	1165
1363	1165
1363	1171
1364	1171
1364	1180
1363	1180
1363	1181
1361	1181
1361	1182
1354	1182
1354	1183
1352	1183
1352	1185
1353	1185
1353	1186
1352	1186
1352	1205
1353	1205
1353	1207
1355	1207
1355	1208
1356	1208
1356	1221
1360	1221
1360	1224
1361	1224
1361	1225
1362	1225
1362	1229
1364	1229
1364	1231
1366	1231
1366	1232
1367	1232
1367	1233
1368	1233
1368	1234
1369	1234
1369	1235
1370	1235
1370	1237
1371	1237
1371	1238
1372	1238
1372	1241
1371	1241
1371	1242
1372	1242
1372	1245
1375	1245
1375	1247
1374	1247
1374	1249
1373	1249
1373	1250
1364	1250
1364	1252
1363	1252
1363	1254
1364	1254
1364	1256
1363	1256
1363	1257
1364	1257
1364	1258
1363	1258
1363	1263
1365	1263
1365	1264
1367	1264
1367	1266
1368	1266
1368	1277
1371	1277
1371	1278
1372	1278
1372	1285
1375	1285
1375	1286
1376	1286
1376	1288
1378	1288
1378	1293
1379	1293
1379	1294
1380	1294
1380	1297
1379	1297
1379	1298
1380	1298
1380	1301
1382	1301
1382	1302
1383	1302
1383	1304
1384	1304
1384	1317
1385	1317
1385	1319
1384	1319
1384	1321
1382	1321
1382	1322
1381	1322
1381	1321
1379	1321
1379	1318
1378	1318
1378	1316
1377	1316
1377	1315
1364	1315
1364	1316
1363	1316
1363	1317
1364	1317
1364	1318
1363	1318
1363	1320
1364	1320
1364	1322
1363	1322
1363	1323
1361	1323
1361	1325
1360	1325
1360	1332
1359	1332
1359	1349
1360	1349
1360	1351
1361	1351
1361	1352
1362	1352
1362	1353
1364	1353
1364	1357
1365	1357
1365	1358
1366	1358
1366	1359
1367	1359
1367	1362
1368	1362
1368	1363
1369	1363
1369	1364
1370	1364
1370	1365
1371	1365
1371	1367
1372	1367
1372	1370
1371	1370
1371	1371
1372	1371
1372	1381
1371	1381
1371	1382
1370	1382
1370	1383
1369	1383
1369	1387
1368	1387
1368	1389
1369	1389
1369	1390
1368	1390
1368	1393
1369	1393
1369	1394
1368	1394
1368	1395
1369	1395
1369	1397
1370	1397
1370	1398
1371	1398
1371	1399
1373	1399
1373	1402
1375	1402
1375	1405
1376	1405
1376	1407
1377	1407
1377	1413
1378	1413
1378	1414
1379	1414
1379	1415
1380	1415
1380	1430
1381	1430
1381	1433
1382	1433
1382	1437
1383	1437
1383	1439
1384	1439
1384	1440
1385	1440
1385	1443
1386	1443
1386	1444
1387	1444
1387	1445
1388	1445
1388	1460
1387	1460
1387	1461
1377	1461
1377	1474
1378	1474
1378	1477
1372	1477
1372	1495
1373	1495
1373	1496
1375	1496
1375	1501
1376	1501
1376	1502
1377	1502
1377	1503
1378	1503
1378	1510
1379	1510
1379	1517
1380	1517
1380	1518
1379	1518
1379	1521
1372	1521
1372	1526
1371	1526
1371	1528
1372	1528
1372	1532
1371	1532
1371	1533
1372	1533
1372	1536
1373	1536
1373	1537
1374	1537
1374	1538
1375	1538
1375	1550
1376	1550
1376	1551
1377	1551
1377	1555
1378	1555
1378	1556
1379	1556
1379	1558
1380	1558
1380	1577
1379	1577
1379	1578
1375	1578
1375	1579
1374	1579
1374	1578
1369	1578
1369	1581
1368	1581
1368	1607
1369	1607
1369	1608
1370	1608
1370	1612
1369	1612
1369	1613
1370	1613
1370	1621
1371	1621
1371	1626
1370	1626
1370	1628
1369	1628
1369	1629
1367	1629
1367	1630
1366	1630
1366	1642
1367	1642
1367	1675
1368	1675
1368	1679
1369	1679
1369	1681
1370	1681
1370	1685
1369	1685
1369	1700
1368	1700
1368	1701
1369	1701
1369	1703
1370	1703
1370	1705
1371	1705
1371	1715
1372	1715
1372	1735
1373	1735
1373	1736
1376	1736
1376	1750
1377	1750
1377	1762
1376	1762
1376	1763
1377	1763
1377	1765
1376	1765
1376	1766
1377	1766
1377	1768
1378	1768
1378	1770
1379	1770
1379	1773
1380	1773
1380	1799
1381	1799
1381	1800
1382	1800
1382	1803
1383	1803
1383	1807
1384	1807
1384	1814
1385	1814
1385	1818
1386	1818
1386	1821
1385	1821
1385	1822
1386	1822
1386	1827
1387	1827
1387	1832
1388	1832
1388	1864
1389	1864
1389	1867
1390	1867
1390	1876
1391	1876
1391	1900
1392	1900
1392	1918
1393	1918
1393	1925
1394	1925
1394	1962
1393	1962
1393	1968
1392	1968
1392	1971
1390	1971
1390	1968
1389	1968
1389	1967
1388	1967
1388	1966
1387	1966
1387	1964
1386	1964
1386	1963
1385	1963
1385	1957
1384	1957
1384	1954
1383	1954
1383	1950
1382	1950
1382	1943
1380	1943
1380	1939
1379	1939
1379	1937
1378	1937
1378	1930
1377	1930
1377	1929
1376	1929
1376	1924
1375	1924
1375	1920
1374	1920
1374	1915
1373	1915
1373	1910
1372	1910
1372	1907
1371	1907
1371	1897
1370	1897
1370	1894
1369	1894
1369	1888
1368	1888
1368	1884
1367	1884
1367	1881
1366	1881
1366	1863
1365	1863
1365	1855
1364	1855
1364	1854
1363	1854
1363	1851
1362	1851
1362	1839
1361	1839
1361	1837
1360	1837
1360	1824
1359	1824
1359	1822
1358	1822
1358	1815
1357	1815
1357	1814
1356	1814
1356	1811
1355	1811
1355	1805
1354	1805
1354	1801
1353	1801
1353	1792
1352	1792
1352	1790
1351	1790
1351	1784
1350	1784
1350	1781
1349	1781
1349	1774
1347	1774
1347	1768
1346	1768
1346	1757
1345	1757
1345	1751
1344	1751
1344	1750
1343	1750
1343	1742
1342	1742
1342	1741
1341	1741
1341	1734
1340	1734
1340	1733
1339	1733
1339	1726
1338	1726
1338	1725
1337	1725
1337	1720
1336	1720
1336	1713
1335	1713
1335	1708
1334	1708
1334	1701
1333	1701
1333	1700
1330	1700
1330	1693
1329	1693
1329	1679
1328	1679
1328	1678
1326	1678
1326	1677
1327	1677
1327	1676
1325	1676
1325	1670
1324	1670
1324	1669
1322	1669
1322	1662
1321	1662
1321	1661
1310	1661
1310	1659
1309	1659
1309	1654
1308	1654
1308	1653
1307	1653
1307	1651
1308	1651
1308	1635
1307	1635
1307	1632
1306	1632
1306	1629
1305	1629
1305	1626
1304	1626
1304	1625
1305	1625
1305	1624
1304	1624
1304	1620
1303	1620
1303	1619
1302	1619
1302	1617
1303	1617
1303	1616
1302	1616
1302	1614
1301	1614
1301	1613
1300	1613
1300	1612
1299	1612
1299	1609
1298	1609
1298	1608
1299	1608
1299	1607
1298	1607
1298	1605
1283	1605
1283	1602
1282	1602
1282	1598
1281	1598
1281	1596
1280	1596
1280	1589
1279	1589
1279	1585
1278	1585
1278	1579
1277	1579
1277	1570
1276	1570
1276	1569
1270	1569
1270	1568
1269	1568
1269	1553
1268	1553
1268	1552
1257	1552
1257	1553
1254	1553
1254	1552
1253	1552
1253	1517
1250	1517
1250	1510
1249	1510
1249	1506
1236	1506
1236	1507
1235	1507
1235	1508
1234	1508
1234	1512
1233	1512
1233	1513
1232	1513
1232	1512
1230	1512
1230	1511
1229	1511
1229	1499
1230	1499
1230	1475
1229	1475
1229	1460
1228	1460
1228	1458
1216	1458
1216	1460
1215	1460
1215	1462
1214	1462
1214	1464
1213	1464
1213	1463
1212	1463
1212	1461
1211	1461
1211	1456
1210	1456
1210	1454
1211	1454
1211	1453
1210	1453
1210	1437
1211	1437
1211	1435
1210	1435
1210	1433
1211	1433
1211	1432
1210	1432
1210	1419
1209	1419
1209	1418
1208	1418
1208	1413
1207	1413
1207	1411
1206	1411
1206	1405
1205	1405
1205	1404
1204	1404
1204	1400
1191	1400
1191	1401
1190	1401
1190	1402
1189	1402
1189	1403
1188	1403
1188	1404
1186	1404
1186	1406
1185	1406
1185	1408
1184	1408
1184	1410
1183	1410
1183	1411
1182	1411
1182	1412
1181	1412
1181	1411
1180	1411
1180	1404
1178	1404
1178	1396
1180	1396
1180	1380
1179	1380
1179	1374
1180	1374
1180	1365
1181	1365
1181	1348
1180	1348
1180	1347
1170	1347
1170	1348
1168	1348
1168	1349
1167	1349
1167	1351
1166	1351
1166	1355
1164	1355
1164	1354
1163	1354
1163	1353
1162	1353
1162	1352
1161	1352
1161	1347
1160	1347
1160	1338
1159	1338
1159	1332
1160	1332
1160	1320
1161	1320
1161	1310
1163	1310
1163	1309
1164	1309
1164	1291
1153	1291
1153	1290
1152	1290
1152	1291
1148	1291
1148	1292
1147	1292
1147	1293
1145	1293
1145	1294
1146	1294
1146	1295
1145	1295
1145	1296
1144	1296
1144	1297
1140	1297
1140	1288
1141	1288
1141	1286
1142	1286
1142	1285
1143	1285
1143	1279
1144	1279
1144	1278
1145	1278
1145	1276
1144	1276
1144	1274
1145	1274
1145	1258
1144	1258
1144	1257
1134	1257
1134	1256
1133	1256
1133	1253
1132	1253
1132	1251
1133	1251
1133	1243
1134	1243
1134	1240
1135	1240
1135	1239
1136	1239
1136	1237
1137	1237
1137	1202
1136	1202
1136	1199
1137	1199
1137	1197
1136	1197
1136	1195
1123	1195
1123	1197
1122	1197
1122	1199
1123	1199
1123	1201
1122	1201
1122	1203
1118	1203
1118	1197
1119	1197
1119	1191
1120	1191
1120	1188
1121	1188
1121	1179
1122	1179
1122	1178
1123	1178
1123	1173
1124	1173
1124	1155
1120	1155
1120	1147
1119	1147
1119	1146
1118	1146
1118	1141
1117	1141
1117	1140
1105	1140
1105	1141
1104	1141
1104	1142
1100	1142
1100	1138
1098	1138
1098	1136
1099	1136
1099	1132
1100	1132
1100	1125
1101	1125
1101	1123
1102	1123
1102	1122
1103	1122
1103	1118
1104	1118
1104	1117
1105	1117
1105	1111
1106	1111
1106	1109
1107	1109
1107	1108
1108	1108
1108	1101
1109	1101
1109	1082
1108	1082
1108	1072
1091	1072
1091	1073
1090	1073
1090	1074
1086	1074
1086	1066
1085	1066
1085	1062
1086	1062
1086	1060
1087	1060
1087	1056
1090	1056
1090	1053
1091	1053
1091	1052
1092	1052
1092	1047
1093	1047
1093	1046
1092	1046
1092	1045
1093	1045
1093	1044
1094	1044
1094	1043
1095	1043
1095	1042
1096	1042
1096	1022
1095	1022
1095	1010
1094	1010
1094	1002
1084	1002
1084	990
1083	990
1083	989
1084	989
1084	987
1085	987
1085	983
1086	983
1086	981
1087	981
1087	979
1088	979
1088	975
1089	975
1089	973
1090	973
1090	972
1091	972
1091	971
1092	971
1092	955
1093	955
1093	941
1081	941
1081	942
1080	942
1080	944
1079	944
1079	945
1078	945
1078	944
1077	944
1077	943
1076	943
1076	939
1077	939
1077	932
1078	932
1078	930
1079	930
1079	929
1080	929
1080	927
1081	927
1081	925
1082	925
1082	922
1084	922
1084	921
1083	921
1083	920
1084	920
1084	915
1085	915
1085	914
1086	914
1086	906
1087	906
1087	901
1088	901
1088	899
1089	899
1089	882
1088	882
1088	881
1079	881
1079	880
1078	880
1078	878
1077	878
1077	874
1078	874
1078	871
1079	871
1079	868
1080	868
1080	866
1081	866
1081	863
1082	863
1082	859
1083	859
1083	858
1084	858
1084	856
1085	856
1085	855
1086	855
1086	854
1087	854
1087	827
1076	827
1076	820
1075	820
1075	819
1077	819
1077	818
1078	818
1078	817
1079	817
1079	811
1081	811
1081	810
1083	810
1083	809
1084	809
1084	802
1086	802
1086	800
1087	800
1087	799
1088	799
1088	780
1087	780
1087	776
1088	776
1088	760
1087	760
1087	759
1086	759
1086	753
1085	753
1085	748
1086	748
1086	746
1088	746
1088	741
1089	741
1089	738
1091	738
1091	736
1092	736
1092	712
1093	712
1093	698
1092	698
1092	697
1091	697
1091	696
1088	696
1088	694
1087	694
1087	691
1086	691
1086	689
1087	689
1087	685
1088	685
1088	682
1089	682
1089	678
1090	678
1090	676
1091	676
1091	672
1092	672
1092	667
1093	667
1093	639
1092	639
1092	633
1091	633
1091	632
1089	632
1089	631
1088	631
1088	632
1086	632
1086	631
1084	631
1084	632
1082	632
1082	631
1080	631
1080	632
1077	632
1077	633
1076	633
1076	655
1077	655
1077	663
1075	663
1075	664
1074	664
1074	669
1073	669
1073	670
1071	670
1071	671
1070	671
1070	673
1069	673
1069	677
1068	677
1068	679
1067	679
1067	680
1066	680
1066	688
1064	688
1064	713
1065	713
1065	717
1066	717
1066	725
1065	725
1065	729
1064	729
1064	731
1058	731
1058	752
1057	752
1057	771
1058	771
1058	777
1059	777
1059	778
1060	778
1060	781
1061	781
1061	784
1059	784
1059	785
1058	785
1058	788
1057	788
1057	807
1058	807
1058	845
1057	845
1057	846
1050	846
1050	847
1049	847
1049	863
1050	863
1050	883
1049	883
1049	887
1050	887
1050	902
1049	902
1049	904
1048	904
1048	905
1047	905
1047	906
1037	906
1037	907
1036	907
1036	908
1037	908
1037	909
1036	909
1036	912
1037	912
1037	913
1036	913
1036	938
1037	938
1037	940
1038	940
1038	941
1037	941
1037	943
1038	943
1038	950
1037	950
1037	952
1035	952
1035	951
1034	951
1034	950
1021	950
1021	958
1020	958
1020	977
1018	977
1018	986
1017	986
1017	996
1016	996
1016	997
1015	997
1015	998
1001	998
1001	1017
1000	1017
1000	1018
998	1018
998	1033
997	1033
997	1035
996	1035
996	1041
995	1041
995	1042
994	1042
994	1043
993	1043
993	1049
992	1049
992	1050
990	1050
990	1049
976	1049
976	1050
974	1050
974	1083
975	1083
975	1088
974	1088
974	1089
973	1089
973	1090
970	1090
970	1089
969	1089
969	1086
968	1086
968	1085
967	1085
967	1084
953	1084
953	1090
952	1090
952	1091
951	1091
951	1097
950	1097
950	1098
949	1098
949	1100
948	1100
948	1103
949	1103
949	1104
948	1104
948	1106
946	1106
946	1107
945	1107
945	1111
946	1111
946	1112
945	1112
945	1121
944	1121
944	1122
942	1122
942	1124
941	1124
941	1126
942	1126
942	1128
941	1128
941	1130
938	1130
938	1131
937	1131
937	1133
936	1133
936	1136
933	1136
933	1138
927	1138
927	1145
926	1145
926	1146
921	1146
921	1148
920	1148
920	1149
919	1149
919	1150
918	1150
918	1152
917	1152
917	1163
913	1163
913	1171
911	1171
911	1178
910	1178
910	1179
909	1179
909	1180
908	1180
908	1186
902	1186
902	1192
901	1192
901	1193
900	1193
900	1192
899	1192
899	1193
898	1193
898	1192
895	1192
895	1193
894	1193
894	1192
893	1192
893	1193
891	1193
891	1194
888	1194
888	1195
887	1195
887	1197
886	1197
886	1200
885	1200
885	1201
886	1201
886	1203
885	1203
885	1210
884	1210
884	1218
882	1218
882	1219
881	1219
881	1221
880	1221
880	1222
881	1222
881	1223
880	1223
880	1224
879	1224
879	1226
878	1226
878	1227
877	1227
877	1228
876	1228
876	1231
874	1231
874	1232
873	1232
873	1234
861	1234
861	1235
860	1235
860	1236
859	1236
859	1240
860	1240
860	1241
859	1241
859	1242
858	1242
858	1243
857	1243
857	1244
856	1244
856	1247
849	1247
849	1249
848	1249
848	1252
846	1252
846	1258
845	1258
845	1260
844	1260
844	1266
842	1266
842	1267
841	1267
841	1268
840	1268
840	1273
839	1273
839	1275
837	1275
837	1280
836	1280
836	1282
835	1282
835	1283
834	1283
834	1284
833	1284
833	1283
832	1283
832	1284
830	1284
830	1283
817	1283
817	1284
816	1284
816	1291
815	1291
815	1292
814	1292
814	1298
813	1298
813	1299
812	1299
812	1307
811	1307
811	1306
810	1306
810	1307
809	1307
809	1308
808	1308
808	1315
805	1315
805	1316
804	1316
804	1317
803	1317
803	1320
804	1320
804	1321
803	1321
803	1322
802	1322
802	1324
801	1324
801	1326
800	1326
800	1327
798	1327
798	1329
797	1329
797	1330
796	1330
796	1331
784	1331
784	1332
782	1332
782	1339
777	1339
777	1340
776	1340
776	1343
768	1343
768	1347
767	1347
767	1348
764	1348
764	1355
762	1355
762	1356
760	1356
760	1363
759	1363
759	1364
756	1364
756	1365
755	1365
755	1372
752	1372
752	1375
748	1375
748	1376
745	1376
745	1377
744	1377
744	1379
741	1379
741	1378
740	1378
740	1379
737	1379
737	1380
736	1380
736	1387
735	1387
735	1388
733	1388
733	1389
732	1389
732	1392
731	1392
731	1394
730	1394
730	1396
728	1396
728	1397
727	1397
727	1400
725	1400
725	1401
724	1401
724	1402
723	1402
723	1403
721	1403
721	1404
720	1404
720	1407
719	1407
719	1409
720	1409
720	1411
719	1411
719	1412
716	1412
716	1413
715	1413
715	1418
712	1418
712	1419
710	1419
710	1420
706	1420
706	1421
705	1421
705	1420
698	1420
698	1421
696	1421
696	1422
695	1422
695	1428
694	1428
694	1429
692	1429
692	1430
693	1430
693	1431
692	1431
692	1432
691	1432
691	1433
690	1433
690	1434
688	1434
688	1436
686	1436
686	1437
685	1437
685	1444
680	1444
680	1446
679	1446
679	1450
672	1450
672	1452
669	1452
669	1453
668	1453
668	1460
665	1460
665	1461
664	1461
664	1462
663	1462
663	1464
661	1464
661	1465
660	1465
660	1466
659	1466
659	1467
657	1467
657	1469
656	1469
656	1473
655	1473
655	1474
656	1474
656	1476
655	1476
655	1477
654	1477
654	1478
653	1478
653	1479
652	1479
652	1480
651	1480
651	1481
648	1481
648	1483
647	1483
647	1485
645	1485
645	1486
644	1486
644	1488
643	1488
643	1489
641	1489
641	1490
640	1490
640	1491
639	1491
639	1493
638	1493
638	1494
637	1494
637	1495
636	1495
636	1496
635	1496
635	1497
634	1497
634	1498
633	1498
633	1499
632	1499
632	1500
631	1500
631	1501
630	1501
630	1508
624	1508
624	1509
623	1509
623	1512
621	1512
621	1513
620	1513
620	1515
617	1515
617	1516
616	1516
616	1518
615	1518
615	1523
614	1523
614	1524
613	1524
613	1525
608	1525
608	1526
607	1526
607	1533
600	1533
600	1534
599	1534
599	1540
598	1540
598	1541
597	1541
597	1542
596	1542
596	1545
593	1545
593	1546
591	1546
591	1549
588	1549
588	1551
587	1551
587	1553
586	1553
586	1555
584	1555
584	1556
583	1556
583	1557
581	1557
581	1558
580	1558
580	1559
579	1559
579	1561
577	1561
577	1562
576	1562
576	1563
575	1563
575	1566
574	1566
574	1567
573	1567
573	1568
572	1568
572	1569
571	1569
571	1570
570	1570
570	1571
569	1571
569	1572
568	1572
568	1573
567	1573
567	1574
566	1574
566	1577
564	1577
564	1578
563	1578
563	1579
562	1579
562	1580
561	1580
561	1581
559	1581
559	1582
558	1582
558	1583
559	1583
559	1586
558	1586
558	1588
555	1588
555	1589
552	1589
552	1590
551	1590
551	1592
550	1592
550	1596
547	1596
547	1597
546	1597
546	1598
545	1598
545	1601
542	1601
542	1603
541	1603
541	1605
536	1605
536	1606
535	1606
535	1609
534	1609
534	1611
533	1611
533	1612
532	1612
532	1613
527	1613
527	1614
526	1614
526	1619
525	1619
525	1620
524	1620
524	1621
519	1621
519	1622
518	1622
518	1626
517	1626
517	1627
516	1627
516	1628
515	1628
515	1630
514	1630
514	1633
513	1633
513	1634
510	1634
510	1635
508	1635
508	1636
507	1636
507	1637
506	1637
506	1638
503	1638
503	1641
502	1641
502	1643
501	1643
501	1644
500	1644
500	1645
499	1645
499	1646
498	1646
498	1647
497	1647
497	1649
495	1649
495	1651
494	1651
494	1656
493	1656
493	1657
492	1657
492	1658
488	1658
488	1652
489	1652
489	1648
490	1648
490	1640
491	1640
491	1636
492	1636
492	1634
493	1634
493	1624
494	1624
494	1623
496	1623
496	1622
498	1622
498	1620
499	1620
499	1619
501	1619
501	1618
502	1618
502	1617
503	1617
503	1616
504	1616
504	1614
505	1614
505	1609
504	1609
504	1608
511	1608
511	1607
512	1607
512	1606
513	1606
513	1603
514	1603
514	1601
515	1601
515	1600
516	1600
516	1599
519	1599
519	1598
520	1598
520	1594
521	1594
521	1592
522	1592
522	1591
527	1591
527	1590
528	1590
528	1584
529	1584
529	1583
530	1583
530	1584
531	1584
531	1582
532	1582
532	1579
533	1579
533	1578
534	1578
534	1577
535	1577
535	1576
536	1576
536	1575
537	1575
537	1574
538	1574
538	1573
539	1573
539	1570
541	1570
541	1569
542	1569
542	1567
544	1567
544	1566
545	1566
545	1564
546	1564
546	1563
547	1563
547	1552
548	1552
548	1551
549	1551
549	1552
551	1552
551	1551
552	1551
552	1552
553	1552
553	1551
558	1551
558	1550
560	1550
560	1546
561	1546
561	1545
560	1545
560	1544
561	1544
561	1543
566	1543
566	1542
568	1542
568	1535
569	1535
569	1534
570	1534
570	1531
571	1531
571	1529
572	1529
572	1528
573	1528
573	1526
576	1526
576	1524
577	1524
577	1521
578	1521
578	1519
584	1519
584	1518
585	1518
585	1511
587	1511
587	1510
593	1510
593	1501
594	1501
594	1498
595	1498
595	1497
596	1497
596	1496
598	1496
598	1495
600	1495
600	1494
601	1494
601	1488
602	1488
602	1487
603	1487
603	1484
605	1484
605	1482
606	1482
606	1479
608	1479
608	1478
609	1478
609	1477
610	1477
610	1476
612	1476
612	1475
613	1475
613	1471
616	1471
616	1470
617	1470
617	1463
618	1463
618	1462
619	1462
619	1460
620	1460
620	1458
621	1458
621	1455
622	1455
622	1454
625	1454
625	1447
627	1447
627	1446
633	1446
633	1430
641	1430
641	1419
642	1419
642	1416
644	1416
644	1414
645	1414
645	1413
646	1413
646	1408
647	1408
647	1407
648	1407
648	1406
649	1406
649	1393
639	1393
639	1386
640	1386
640	1383
641	1383
641	1382
642	1382
642	1381
643	1381
643	1379
644	1379
644	1378
647	1378
647	1377
649	1377
649	1374
651	1374
651	1371
652	1371
652	1370
653	1370
653	1368
654	1368
654	1366
656	1366
656	1365
665	1365
665	1337
666	1337
666	1330
665	1330
665	1329
663	1329
663	1328
662	1328
662	1326
664	1326
664	1325
665	1325
665	1314
666	1314
666	1312
667	1312
667	1310
673	1310
673	1308
674	1308
674	1306
673	1306
673	1305
674	1305
674	1301
675	1301
675	1297
676	1297
676	1286
680	1286
680	1285
681	1285
681	1284
682	1284
682	1272
681	1272
681	1271
671	1271
671	1264
672	1264
672	1263
671	1263
671	1262
672	1262
672	1261
673	1261
673	1260
675	1260
675	1258
676	1258
676	1255
677	1255
677	1254
678	1254
678	1253
681	1253
681	1250
682	1250
682	1249
683	1249
683	1248
684	1248
684	1247
685	1247
685	1246
686	1246
686	1245
688	1245
688	1244
689	1244
689	1241
690	1241
690	1240
692	1240
692	1231
693	1231
693	1229
695	1229
695	1228
697	1228
697	1220
698	1220
698	1215
699	1215
699	1214
700	1214
700	1215
701	1215
701	1213
705	1213
705	1212
706	1212
706	1200
704	1200
704	1199
695	1199
695	1200
694	1200
694	1199
692	1199
692	1200
690	1200
690	1201
687	1201
687	1200
686	1200
686	1198
687	1198
687	1197
688	1197
688	1196
689	1196
689	1193
690	1193
690	1192
691	1192
691	1191
693	1191
693	1190
695	1190
695	1189
696	1189
696	1188
697	1188
697	1187
698	1187
698	1185
701	1185
701	1184
705	1184
705	1182
706	1182
706	1179
709	1179
709	1175
713	1175
713	1174
714	1174
714	1168
715	1168
715	1167
716	1167
716	1166
717	1166
717	1160
718	1160
718	1157
720	1157
720	1156
721	1156
721	1144
711	1144
711	1143
710	1143
710	1144
708	1144
708	1142
707	1142
707	1138
710	1138
710	1135
711	1135
711	1134
713	1134
713	1133
714	1133
714	1128
718	1128
718	1129
719	1129
719	1128
722	1128
722	1124
730	1124
730	1113
732	1113
732	1112
734	1112
734	1109
735	1109
735	1108
737	1108
737	1106
738	1106
738	1105
737	1105
737	1104
738	1104
738	1101
739	1101
739	1100
740	1100
740	1099
741	1099
741	1098
742	1098
742	1092
747	1092
747	1091
748	1091
748	1090
749	1090
749	1088
750	1088
750	1087
751	1087
751	1074
738	1074
738	1070
739	1070
739	1068
742	1068
742	1067
743	1067
743	1068
745	1068
745	1066
746	1066
746	1061
750	1061
750	1060
752	1060
752	1061
753	1061
753	1060
754	1060
754	1059
757	1059
757	1058
758	1058
758	1054
759	1054
759	1053
761	1053
761	1054
762	1054
762	1052
764	1052
764	1051
765	1051
765	1050
766	1050
766	1044
770	1044
770	1043
771	1043
771	1040
772	1040
772	1039
773	1039
773	1037
774	1037
774	1036
779	1036
779	1035
782	1035
782	1017
781	1017
781	1016
767	1016
767	1013
766	1013
766	1012
767	1012
767	1011
770	1011
770	1009
772	1009
772	1008
773	1008
773	1007
777	1007
777	1006
778	1006
778	1004
782	1004
782	1003
788	1003
788	1000
792	1000
792	999
793	999
793	996
794	996
794	995
795	995
795	996
797	996
797	995
798	995
798	994
799	994
799	987
802	987
802	969
788	969
788	968
787	968
787	966
788	966
788	964
789	964
789	963
793	963
793	962
794	962
794	958
803	958
803	957
804	957
804	955
811	955
811	954
812	954
812	953
814	953
814	952
815	952
815	951
814	951
814	950
815	950
815	949
814	949
814	948
815	948
815	947
829	947
829	946
830	946
830	945
831	945
831	935
830	935
830	934
831	934
831	932
832	932
832	931
833	931
833	919
832	919
832	918
831	918
831	917
827	917
827	916
826	916
826	914
825	914
825	913
823	913
823	912
827	912
827	911
830	911
830	910
834	910
834	909
836	909
836	908
838	908
838	907
840	907
840	908
841	908
841	907
850	907
850	904
854	904
854	903
855	903
855	899
858	899
858	892
859	892
859	880
858	880
858	879
851	879
851	874
852	874
852	873
853	873
853	872
855	872
855	871
856	871
856	870
857	870
857	869
859	869
859	868
861	868
861	867
866	867
866	866
867	866
867	864
870	864
870	863
871	863
871	860
872	860
872	859
876	859
876	856
877	856
877	855
878	855
878	854
879	854
879	853
880	853
880	852
882	852
882	848
883	848
883	842
886	842
886	826
883	826
883	825
875	825
875	823
876	823
876	822
877	822
877	821
878	821
878	820
882	820
882	819
883	819
883	816
885	816
885	815
886	815
886	814
888	814
888	813
889	813
889	812
892	812
892	811
899	811
899	808
900	808
900	807
901	807
901	806
902	806
902	803
905	803
905	802
907	802
907	800
906	800
906	799
907	799
907	795
908	795
908	794
916	794
916	793
917	793
917	779
916	779
916	777
914	777
914	776
911	776
911	773
912	773
912	772
913	772
913	771
914	771
914	770
916	770
916	769
918	769
918	768
921	768
921	766
924	766
924	765
925	765
925	764
928	764
928	763
932	763
932	762
940	762
940	761
939	761
939	758
940	758
940	757
941	757
941	756
942	756
942	755
943	755
943	752
944	752
944	751
945	751
945	746
946	746
946	745
947	745
947	744
948	744
948	743
949	743
949	729
950	729
950	727
952	727
952	726
953	726
953	725
955	725
955	723
959	723
959	722
960	722
960	721
963	721
963	720
964	720
964	719
966	719
966	717
970	717
970	716
971	716
971	714
973	714
973	712
975	712
975	709
976	709
976	708
977	708
977	707
978	707
978	706
979	706
979	703
980	703
980	700
981	700
981	699
982	699
982	698
984	698
984	697
987	697
987	692
988	692
988	688
987	688
987	685
988	685
988	679
989	679
989	678
990	678
990	677
994	677
994	676
995	676
995	674
996	674
996	673
1003	673
1003	666
1004	666
1004	665
1006	665
1006	664
1007	664
1007	663
1009	663
1009	661
1010	661
1010	657
1012	657
1012	656
1013	656
1013	654
1015	654
1015	652
1016	652
1016	650
1017	650
1017	649
1019	649
1019	648
1020	648
1020	645
1021	645
1021	636
1022	636
1022	634
1024	634
1024	633
1027	633
1027	632
1028	632
1028	628
1031	628
1031	625
1034	625
1034	624
1035	624
1035	623
1036	623
1036	620
1037	620
1037	619
1038	619
1038	618
1039	618
1039	617
1045	617
1045	611
1046	611
1046	610
1047	610
1047	609
1048	609
1048	593
1034	593
1034	594
1033	594
1033	595
1031	595
1031	597
1029	597
1029	599
1026	599
1026	600
1025	600
1025	606
1024	606
1024	607
1022	607
1022	611
1021	611
1021	615
1018	615
1018	616
1017	616
1017	618
1008	618
1008	619
1006	619
1006	620
1004	620
1004	621
1002	621
1002	623
1000	623
1000	625
999	625
999	630
997	630
997	631
994	631
994	632
993	632
993	639
992	639
992	640
989	640
989	639
988	639
988	640
986	640
986	644
985	644
985	645
977	645
977	650
975	650
975	651
972	651
972	652
970	652
970	654
969	654
969	656
967	656
967	663
966	663
966	664
962	664
962	665
961	665
961	666
962	666
962	667
961	667
961	669
962	669
962	671
961	671
961	673
959	673
959	674
958	674
958	675
945	675
945	676
944	676
944	677
941	677
941	678
937	678
937	683
936	683
936	684
935	684
935	686
934	686
934	688
933	688
933	689
932	689
932	693
931	693
931	695
927	695
927	696
926	696
926	698
925	698
925	700
924	700
924	701
923	701
923	703
922	703
922	702
914	702
914	703
913	703
913	702
912	702
912	704
906	704
906	705
905	705
905	711
904	711
904	712
902	712
902	717
901	717
901	723
900	723
900	724
899	724
899	728
897	728
897	736
896	736
896	738
895	738
895	739
893	739
893	740
891	740
891	736
877	736
877	737
876	737
876	740
875	740
875	742
874	742
874	743
873	743
873	744
870	744
870	745
871	745
871	746
869	746
869	748
868	748
868	749
866	749
866	750
865	750
865	752
861	752
861	753
860	753
860	760
857	760
857	761
856	761
856	763
857	763
857	764
856	764
856	768
848	768
848	769
847	769
847	776
844	776
844	773
845	773
845	772
844	772
844	770
843	770
843	768
825	768
825	776
822	776
822	777
821	777
821	779
820	779
820	782
819	782
819	784
815	784
815	785
814	785
814	792
812	792
812	793
811	793
811	800
809	800
809	801
808	801
808	804
806	804
806	805
805	805
805	807
803	807
803	808
799	808
799	798
786	798
786	799
785	799
785	800
782	800
782	801
780	801
780	800
777	800
777	801
776	801
776	810
775	810
775	816
773	816
773	817
771	817
771	816
770	816
770	817
768	817
768	818
769	818
769	819
768	819
768	822
767	822
767	823
766	823
766	824
763	824
763	825
762	825
762	832
761	832
761	833
760	833
760	834
758	834
758	835
756	835
756	837
754	837
754	838
753	838
753	839
752	839
752	838
751	838
751	833
750	833
750	829
737	829
737	830
736	830
736	835
735	835
735	836
731	836
731	837
729	837
729	838
728	838
728	841
726	841
726	842
724	842
724	844
723	844
723	845
722	845
722	846
721	846
721	847
720	847
720	849
717	849
717	851
716	851
716	852
715	852
715	853
714	853
714	854
712	854
712	857
711	857
711	859
709	859
709	860
704	860
704	862
703	862
703	864
698	864
698	856
696	856
696	855
682	855
682	856
680	856
680	858
679	858
679	863
678	863
678	864
673	864
673	865
671	865
671	872
670	872
670	873
669	873
669	872
667	872
667	873
664	873
664	880
661	880
661	881
660	881
660	880
659	880
659	881
658	881
658	880
657	880
657	881
656	881
656	882
655	882
655	884
653	884
653	881
652	881
652	877
649	877
649	876
647	876
647	877
646	877
646	876
642	876
642	877
639	877
639	884
632	884
632	885
631	885
631	888
630	888
630	889
623	889
623	896
622	896
622	897
618	897
618	904
613	904
613	905
606	905
606	901
605	901
605	895
592	895
592	896
591	896
591	897
589	897
589	904
588	904
588	905
583	905
583	907
582	907
582	908
580	908
580	910
579	910
579	911
578	911
578	912
577	912
577	913
574	913
574	916
570	916
570	915
569	915
569	916
568	916
568	917
567	917
567	920
566	920
566	921
559	921
559	923
558	923
558	924
557	924
557	925
553	925
553	924
551	924
551	923
545	923
545	922
544	922
544	921
536	921
536	922
535	922
535	921
533	921
533	922
532	922
532	923
531	923
531	924
530	924
530	925
529	925
529	926
527	926
527	927
526	927
526	928
527	928
527	929
526	929
526	931
525	931
525	932
520	932
520	933
518	933
518	939
516	939
516	940
513	940
513	941
512	941
512	940
511	940
511	941
510	941
510	944
509	944
509	945
503	945
503	946
502	946
502	947
501	947
501	948
497	948
497	945
496	945
496	944
497	944
497	939
496	939
496	937
483	937
483	939
479	939
479	940
478	940
478	944
471	944
471	945
470	945
470	948
465	948
465	947
464	947
464	948
463	948
463	949
462	949
462	952
461	952
461	953
452	953
452	954
450	954
450	955
448	955
448	953
430	953
430	956
428	956
428	957
427	957
427	956
423	956
423	957
422	957
422	959
421	959
421	961
414	961
414	962
413	962
413	964
408	964
408	965
400	965
400	964
398	964
398	963
383	963
383	964
382	964
382	965
381	965
381	968
380	968
380	969
374	969
374	970
373	970
373	972
368	972
368	970
367	970
367	969
349	969
349	972
347	972
347	973
338	973
338	974
334	974
334	975
333	975
333	976
331	976
331	977
318	977
318	978
317	978
317	979
316	979
316	980
313	980
313	981
312	981
312	980
311	980
311	981
307	981
307	982
306	982
306	983
293	983
293	984
292	984
292	985
278	985
278	986
277	986
277	985
276	985
276	988
261	988
261	989
240	989
240	990
216	990
216	989
206	989
206	988
199	988
199	987
191	987
191	986
190	986
190	985
168	985
168	984
166	984
166	982
158	982
158	981
150	981
150	978
149	978
149	979
143	979
143	978
142	978
142	977
136	977
136	976
134	976
134	974
131	974
131	973
129	973
129	974
127	974
127	973
126	973
126	969
118	969
118	968
117	968
117	967
116	967
116	965
114	965
114	964
113	964
113	963
112	963
112	962
111	962
111	961
110	961
110	959
130	959
130	960
131	960
131	961
139	961
139	962
149	962
149	963
156	963
156	964
163	964
163	965
169	965
169	966
191	966
191	965
194	965
194	966
206	966
206	967
220	967
220	966
222	966
222	965
230	965
230	964
244	964
244	963
271	963
271	959
280	959
280	958
282	958
282	957
285	957
285	956
288	956
288	955
309	955
309	956
310	956
310	954
311	954
311	948
315	948
315	947
327	947
327	944
328	944
328	943
329	943
329	941
330	941
330	940
334	940
334	939
338	939
338	938
340	938
340	935
339	935
339	933
340	933
340	931
343	931
343	929
344	929
344	928
343	928
343	926
344	926
344	925
354	925
354	923
368	923
368	920
371	920
371	919
372	919
372	907
373	907
373	906
375	906
375	903
377	903
377	902
380	902
380	901
385	901
385	900
394	900
394	899
395	899
395	898
399	898
399	899
400	899
400	898
403	898
403	899
406	899
406	898
407	898
407	897
408	897
408	895
414	895
414	894
415	894
415	893
416	893
416	892
418	892
418	889
419	889
419	879
418	879
418	878
413	878
413	874
415	874
415	873
416	873
416	872
415	872
415	871
418	871
418	868
419	868
419	867
423	867
423	866
424	866
424	865
430	865
430	863
434	863
434	862
435	862
435	860
442	860
442	859
455	859
455	858
456	858
456	847
457	847
457	846
463	846
463	845
464	845
464	833
456	833
456	829
458	829
458	827
462	827
462	826
464	826
464	823
466	823
466	822
470	822
470	821
472	821
472	820
474	820
474	819
483	819
483	820
484	820
484	819
486	819
486	818
497	818
497	817
498	817
498	816
499	816
499	810
504	810
504	796
503	796
503	795
502	795
502	794
498	794
498	792
496	792
496	790
497	790
497	789
500	789
500	788
507	788
507	787
527	787
527	786
541	786
541	781
542	781
542	780
544	780
544	779
545	779
545	767
544	767
544	766
538	766
538	764
539	764
539	763
544	763
544	761
545	761
545	760
551	760
551	759
554	759
554	760
560	760
560	761
572	761
572	760
573	760
573	757
574	757
574	756
573	756
573	755
574	755
574	754
577	754
577	742
576	742
576	741
569	741
569	738
571	738
571	737
576	737
576	735
578	735
578	734
581	734
581	735
584	735
584	734
597	734
597	735
598	735
598	734
609	734
609	735
610	735
610	734
611	734
611	726
617	726
617	713
616	713
616	712
614	712
614	711
610	711
610	708
611	708
611	707
612	707
612	706
628	706
628	707
629	707
629	708
649	708
649	707
658	707
658	706
659	706
659	700
662	700
662	688
661	688
661	687
658	687
658	686
657	686
657	683
658	683
658	682
669	682
669	684
670	684
670	685
672	685
672	686
674	686
674	687
685	687
685	686
686	686
686	684
688	684
688	686
691	686
691	687
706	687
706	672
705	672
705	669
702	669
702	668
701	668
701	667
698	667
698	666
697	666
697	663
698	663
698	662
702	662
702	661
704	661
704	660
705	660
705	661
707	661
707	662
710	662
710	661
711	661
711	662
712	662
712	663
713	663
713	664
720	664
720	666
721	666
721	665
722	665
722	666
736	666
736	665
739	665
739	666
740	666
740	665
744	665
744	666
760	666
760	665
762	665
762	648
761	648
761	645
760	645
760	644
759	644
759	642
757	642
757	641
755	641
755	640
754	640
754	638
755	638
755	637
756	637
756	636
761	636
761	637
766	637
766	638
767	638
767	639
768	639
768	640
769	640
769	641
784	641
784	642
785	642
785	643
786	643
786	644
788	644
788	645
805	645
805	632
804	632
804	630
803	630
803	627
802	627
802	625
801	625
801	623
798	623
798	621
800	621
800	620
802	620
802	619
807	619
807	618
808	618
808	619
809	619
809	620
814	620
814	621
815	621
815	622
817	622
817	623
820	623
820	624
821	624
821	625
842	625
842	618
843	618
843	607
844	607
844	606
849	606
849	605
850	605
850	606
860	606
860	607
861	607
861	608
863	608
863	609
891	609
891	605
892	605
892	604
891	604
891	599
892	599
892	598
891	598
891	592
877	592
877	593
869	593
869	594
868	594
868	595
866	595
866	588
848	588
848	589
841	589
841	590
840	590
840	591
833	591
833	592
832	592
832	596
831	596
831	597
825	597
825	599
812	599
812	597
811	597
811	596
812	596
812	595
811	595
811	594
796	594
796	595
793	595
793	596
787	596
787	597
785	597
785	598
784	598
784	599
776	599
776	601
775	601
775	602
766	602
766	601
765	601
765	602
764	602
764	601
763	601
763	600
762	600
762	591
761	591
761	590
744	590
744	591
736	591
736	593
735	593
735	594
734	594
734	595
728	595
728	597
720	597
720	599
704	599
704	598
703	598
703	594
704	594
704	582
688	582
688	583
680	583
680	584
679	584
679	586
675	586
675	585
674	585
674	586
672	586
672	587
671	587
671	589
664	589
664	591
653	591
653	589
650	589
650	586
652	586
652	573
629	573
629	575
628	575
628	578
629	578
629	579
626	579
626	577
611	577
611	578
597	578
597	577
595	577
595	576
594	576
594	563
593	563
593	562
576	562
576	563
574	563
574	565
567	565
567	564
566	564
566	565
559	565
559	566
558	566
558	567
552	567
552	566
544	566
544	564
543	564
543	563
541	563
541	561
540	561
540	549
538	549
538	548
532	548
532	547
528	547
528	546
526	546
526	545
521	545
521	544
520	544
520	543
518	543
518	542
479	542
479	541
478	541
478	540
477	540
477	539
476	539
476	538
475	538
475	537
473	537
473	527
472	527
472	526
456	526
456	524
455	524
455	523
448	523
448	522
441	522
441	521
440	521
440	518
431	518
431	517
426	517
426	516
425	516
425	515
423	515
423	514
416	514
416	512
415	512
415	511
408	511
408	510
393	510
393	509
392	509
392	508
388	508
388	507
384	507
384	506
383	506
383	505
376	505
376	503
368	503
368	502
365	502
365	501
366	501
366	500
364	500
364	501
363	501
363	500
360	500
360	499
359	499
359	498
351	498
351	497
346	497
346	496
344	496
344	495
343	495
343	494
337	494
337	493
334	493
334	492
329	492
329	491
328	491
328	490
326	490
326	489
325	489
325	490
324	490
324	489
319	489
319	487
316	487
316	486
313	486
313	485
312	485
312	484
311	484
311	483
309	483
309	482
307	482
307	481
304	481
304	480
303	480
303	478
300	478
300	477
299	477
299	476
298	476
298	475
296	475
296	474
295	474
295	470
292	470
292	464
293	464
293	465
294	465
294	466
296	466
296	467
307	467
307	468
309	468
309	469
310	469
310	470
315	470
315	471
318	471
318	472
326	472
326	473
335	473
335	474
337	474
337	476
340	476
340	477
341	477
341	476
345	476
345	477
346	477
346	478
349	478
349	480
382	480
382	481
383	481
383	482
389	482
389	483
400	483
400	484
402	484
402	485
414	485
414	488
476	488
476	489
477	489
477	490
478	490
478	491
479	491
479	492
480	492
480	491
493	491
493	488
494	488
494	487
493	487
493	486
494	486
494	484
493	484
493	482
495	482
495	483
499	483
499	484
505	484
505	485
510	485
510	488
527	488
527	489
531	489
531	488
541	488
541	474
542	474
542	473
547	473
547	474
553	474
553	475
555	475
555	476
558	476
558	481
559	481
559	482
563	482
563	483
564	483
564	482
566	482
566	483
571	483
571	484
583	484
583	483
590	483
590	480
601	480
601	468
606	468
606	469
607	469
607	471
608	471
608	472
614	472
614	473
616	473
616	474
617	474
617	475
619	475
619	476
621	476
621	477
622	477
622	479
624	479
624	480
628	480
628	481
646	481
646	480
658	480
658	478
659	478
659	475
658	475
658	474
659	474
659	472
658	472
658	467
657	467
657	464
662	464
662	465
663	465
663	466
664	466
664	467
667	467
667	469
668	469
668	468
671	468
671	469
673	469
673	470
674	470
674	471
675	471
675	472
676	472
676	473
678	473
678	474
679	474
679	475
681	475
681	476
682	476
682	477
683	477
683	478
685	478
685	479
687	479
687	480
688	480
688	481
700	481
700	480
706	480
706	479
713	479
713	478
714	478
714	466
713	466
713	464
714	464
714	463
712	463
712	462
707	462
707	452
706	452
706	450
699	450
699	449
698	449
698	448
697	448
697	447
696	447
696	446
689	446
689	445
686	445
686	444
682	444
682	442
678	442
678	441
675	441
675	440
674	440
674	438
673	438
673	437
672	437
672	436
668	436
668	435
666	435
666	434
665	434
665	433
661	433
661	432
659	432
659	431
658	431
658	430
657	430
657	428
654	428
654	427
651	427
651	426
649	426
649	425
646	425
646	424
645	424
645	423
642	423
642	421
641	421
641	420
636	420
636	419
635	419
635	418
634	418
634	417
633	417
633	414
627	414
627	413
625	413
625	412
623	412
623	410
621	410
621	409
620	409
620	408
619	408
619	406
613	406
613	405
610	405
610	404
609	404
609	403
608	403
608	401
604	401
604	400
602	400
602	399
601	399
601	396
600	396
600	395
595	395
595	394
593	394
593	390
590	390
590	389
585	389
585	387
583	387
583	386
580	386
580	385
578	385
578	384
577	384
577	383
576	383
576	382
575	382
575	380
574	380
574	379
572	379
572	378
571	378
571	377
570	377
570	376
569	376
569	374
568	374
568	373
567	373
567	372
566	372
566	370
565	370
565	369
566	369
566	368
568	368
568	369
572	369
572	370
583	370
583	371
585	371
585	372
590	372
590	374
591	374
591	375
590	375
590	376
600	376
600	378
604	378
604	379
605	379
605	380
607	380
607	383
608	383
608	384
618	384
618	385
619	385
619	386
621	386
621	387
622	387
622	388
629	388
629	389
631	389
631	390
632	390
632	391
636	391
636	392
638	392
638	393
640	393
640	395
644	395
644	396
647	396
647	399
654	399
654	400
656	400
656	401
664	401
664	402
665	402
665	407
668	407
668	408
670	408
670	407
674	407
674	408
682	408
682	409
683	409
683	410
686	410
686	411
687	411
687	412
688	412
688	415
690	415
690	416
691	416
691	415
693	415
693	416
695	416
695	415
696	415
696	416
701	416
701	417
704	417
704	418
706	418
706	419
708	419
708	418
709	418
709	419
715	419
715	418
716	418
716	419
718	419
718	418
720	418
720	416
721	416
721	412
722	412
722	411
723	411
723	412
724	412
724	414
725	414
725	415
727	415
727	416
728	416
728	415
729	415
729	416
731	416
731	417
733	417
733	418
734	418
734	420
735	420
735	421
736	421
736	423
738	423
738	424
744	424
744	431
746	431
746	432
748	432
748	431
749	431
749	432
756	432
756	433
759	433
759	434
760	434
760	435
761	435
761	436
766	436
766	437
767	437
767	438
768	438
768	439
769	439
769	440
776	440
776	442
778	442
778	444
780	444
780	445
781	445
781	446
794	446
794	443
795	443
795	442
794	442
794	432
798	432
798	433
803	433
803	434
806	434
806	435
808	435
808	436
811	436
811	437
812	437
812	438
813	438
813	439
815	439
815	440
817	440
817	441
819	441
819	442
820	442
820	443
821	443
821	444
823	444
823	445
825	445
825	447
826	447
826	448
832	448
832	450
836	450
836	451
837	451
837	453
838	453
838	454
839	454
839	456
843	456
843	457
845	457
845	458
858	458
858	457
859	457
859	452
869	452
869	453
870	453
870	454
871	454
871	455
872	455
872	456
880	456
880	457
881	457
881	458
883	458
883	459
882	459
882	460
885	460
885	462
886	462
886	463
887	463
887	462
888	462
888	463
889	463
889	464
892	464
892	465
893	465
893	466
907	466
907	456
914	456
914	458
915	458
915	459
918	459
918	464
924	464
924	465
926	465
926	466
927	466
927	467
928	467
928	468
929	468
929	469
931	469
931	470
943	470
943	466
953	466
953	467
955	467
955	468
957	468
957	470
958	470
958	471
959	471
959	472
961	472
961	477
962	477
962	480
965	480
965	481
968	481
968	482
969	482
969	484
983	484
983	480
997	480
997	487
998	487
998	490
999	490
999	491
1000	491
1000	493
1001	493
1001	496
1003	496
1003	497
1004	497
1004	498
1003	498
1003	499
1005	499
1005	500
1006	500
1006	501
1007	501
1007	503
1008	503
1008	504
1009	504
1009	505
1010	505
1010	506
1011	506
1011	507
1012	507
1012	509
1015	509
1015	510
1016	510
1016	511
1017	511
1017	512
1019	512
1019	513
1020	513
1020	514
1021	514
1021	515
1022	515
1022	516
1025	516
1025	517
1027	517
1027	519
1028	519
1028	520
1032	520
1032	521
1035	521
1035	522
1038	522
1038	523
1042	523
1042	525
1044	525
1044	526
1045	526
1045	527
1047	527
1047	528
1048	528
1048	529
1050	529
1050	530
1053	530
1053	531
1058	531
1058	532
1061	532
1061	533
1067	533
1067	534
1073	534
1073	535
1075	535
1075	536
1092	536
1092	533
1094	533
1094	532
1095	532
1095	530
1096	530
1096	527
1097	527
1097	523
1098	523
1098	522
1100	522
1100	521
1103	521
1103	520
1104	520
1104	519
1105	519
1105	518
1106	518
1106	517
1107	517
1107	514
1108	514
1108	506
1109	506
1109	504
1111	504
1111	502
1112	502
1112	501
1113	501
1113	483
1112	483
1112	474
1113	474
1113	472
1115	472
1115	471
1116	471
1116	470
1117	470
1117	469
1118	469
1118	468
1119	468
1119	461
1120	461
1120	442
1121	442
1121	440
1123	440
1123	439
1124	439
1124	436
1126	436
1126	435
1127	435
1127	404
1128	404
1128	402
1129	402
1129	401
1130	401
1130	400
1140	400
1140	399
1141	399
1141	398
1140	398
1140	396
1141	396
1141	393
1142	393
1142	390
1141	390
1141	388
1142	388
1142	384
1143	384
1143	369
1144	369
1144	367
1145	367
1145	364
1146	364
1146	367
1161	367
1161	366
1162	366
1162	364
1163	364
1163	363
1164	363
1164	361
1165	361
1165	355
1166	355
1166	352
1167	352
1167	350
1168	350
1168	345
1169	345
1169	344
1171	344
1171	343
1172	343
1172	342
1173	342
1173	338
1174	338
1174	335
1180	335
1180	334
1181	334
1181	327
1188	327
1188	321
1189	321
1189	319
1191	319
1191	309
1192	309
1192	307
1193	307
1193	302
1194	302
1194	295
1196	295
1196	292
1197	292
1197	287
1199	287
1199	289
1211	289
1211	288
1212	288
1212	287
1215	287
1215	285
1216	285
1216	284
1215	284
1215	279
1216	279
1216	274
1217	274
1217	272
1218	272
1218	271
1221	271
1221	255
1223	255
1223	254
1224	254
1224	251
1225	251
1225	250
1226	250
1226	248
1227	248
1227	247
1244	247
1244	246
1245	246
1245	234
1246	234
1246	232
1247	232
1247	231
1248	231
1248	230
1253	230
1253	216
1254	216
1254	215
1260	215
1260	214
1261	214
1261	204
1262	204
1262	202
1263	202
1263	200
1264	200
1264	198
1265	198
1265	196
1266	196
1266	195
1267	195
1267	194
1268	194
1268	191
1269	191
1269	187
1271	187
1271	186
1272	186
1272	184
1273	184
1273	182
1274	182
1274	183
1275	183
1275	182
1277	182
1277	175
1278	175
1278	174
1279	174
1279	175
1280	175
1280	168
1281	168
1281	167
1283	167
1283	166
1285	166
1285	156
1286	156
1286	155
1287	155
1287	154
1288	154
1288	152
1290	152
1290	151
1291	151
1291	150
1293	150
1293	148
1294	148
1294	147
1293	147
1293	144
1294	144
1294	142
1296	142
1296	139
1297	139
1297	136
1298	136
1298	135
1299	135
1299	134
1300	134
1300	133
1301	133
1301	128
1302	128
1302	126
1303	126
1303	125
1304	125
1304	124
1305	124
1305	122
1306	122
1306	119
1308	119
1308	117
1309	117
1309	115
1310	115
1310	114
1311	114
1311	112
1312	112
1312	111
1313	111
1313	110
1316	110
1316	109
1317	109
1317	104
1318	104
1318	102
1321	102
1321	105
1320	105
1320	114
1319	114
1319	121
1318	121
1318	124
1315	124
1315	138
1314	138
1314	139
1313	139
1313	146
1312	146
1312	148
1311	148
1311	149
1310	149
1310	156
1309	156
1309	157
1308	157
1308	164
1307	164
1307	168
1306	168
1306	172
1304	172
1304	180
1303	180
1303	181
1302	181
1302	184
1301	184
1301	188
1299	188
1299	189
1297	189
1297	196
1296	196
1296	202
1295	202
1295	205
1292	205
1292	207
1291	207
1291	209
1292	209
1292	213
1291	213
1291	217
1290	217
1290	219
1291	219
1291	221
1289	221
1289	222
1288	222
1288	223
1287	223
1287	226
1286	226
1286	227
1285	227
1285	228
1284	228
1284	229
1281	229
1281	236
1280	236
1280	237
1279	237
1279	241
1278	241
1278	244
1275	244
1275	253
1274	253
1274	258
1275	258
1275	259
1274	259
1274	261
1275	261
1275	263
1280	263
1280	265
1281	265
1281	268
1280	268
1280	271
1279	271
1279	274
1278	274
1278	275
1277	275
1277	276
1276	276
1276	277
1275	277
1275	279
1274	279
1274	280
1273	280
1273	281
1271	281
1271	283
1270	283
1270	284
1269	284
1269	285
1263	285
1263	286
1262	286
1262	288
1263	288
1263	289
1262	289
1262	293
1259	293
1259	308
1263	308
1263	309
1265	309
1265	310
1264	310
1264	315
1263	315
1263	317
1262	317
1262	318
1259	318
1259	323
1258	323
1258	324
1257	324
1257	325
1254	325
1254	324
1253	324
1253	325
1251	325
1251	331
1250	331
1250	333
1246	333
1246	337
1245	337
1245	339
1244	339
1244	340
1243	340
1243	341
1240	341
1240	343
1239	343
1239	355
1242	355
1242	356
1243	356
1243	355
1245	355
1245	356
1250	356
1250	357
1251	357
1251	361
1250	361
1250	363
1249	363
1249	364
1248	364
1248	365
1247	365
1247	366
1243	366
1243	370
1236	370
1236	371
1235	371
1235	373
1234	373
1234	374
1227	374
1227	398
1219	398
1219	404
1218	404
1218	405
1213	405
1213	406
1211	406
1211	409
1209	409
1209	410
1208	410
1208	411
1206	411
1206	412
1205	412
1205	414
1201	414
1201	415
1200	415
1200	427
1201	427
1201	428
1203	428
1203	440
1217	440
1217	436
1218	436
1218	434
1219	434
1219	432
1220	432
1220	431
1221	431
1221	425
1222	425
1222	424
1223	424
1223	422
1227	422
1227	421
1231	421
1231	422
1232	422
1232	423
1233	423
1233	424
1236	424
1236	423
1237	423
1237	424
1240	424
1240	423
1242	423
1242	424
1244	424
1244	423
1245	423
1245	418
1247	418
1247	416
1249	416
1249	412
1250	412
1250	411
1251	411
1251	408
1253	408
1253	406
1254	406
1254	404
1255	404
1255	403
1256	403
1256	402
1257	402
1257	400
1262	400
1262	399
1261	399
1261	392
1265	392
1265	391
1267	391
1267	399
1285	399
1285	392
1286	392
1286	391
1287	391
1287	390
1288	390
1288	388
1289	388
1289	386
1290	386
1290	385
1291	385
1291	383
1293	383
1293	378
1294	378
1294	376
1295	376
1295	375
1297	375
1297	371
1298	371
1298	369
1299	369
1299	368
1300	368
1300	367
1302	367
1302	366
1305	366
1305	365
1306	365
1306	366
1305	366
1305	380
1317	380
1317	379
1318	379
1318	377
1319	377
1319	375
1320	375
1320	374
1321	374
1321	373
1323	373
1323	372
1325	372
1325	371
1326	371
1326	366
1327	366
1327	365
1329	365
1329	364
1330	364
1330	362
1331	362
1331	360
1332	360
1332	359
1333	359
1333	357
1334	357
1334	354
1335	354
1335	352
1336	352
1336	351
1341	351
1341	344
1342	344
1342	343
1347	343
1347	339
1348	339
1348	338
1351	338
1351	340
1352	340
1352	341
1351	341
1351	342
1352	342
1352	343
1351	343
1351	344
1352	344
1352	347
1353	347
1353	348
1360	348
1360	347
1362	347
1362	348
1364	348
1364	347
1365	347
1365	346
1366	346
1366	344
1367	344
1367	343
1369	343
1369	344
1370	344
1370	343
1373	343
1373	338
1375	338
1375	336
1376	336
1376	335
1381	335
1381	334
1382	334
1382	333
1381	333
1381	332
1382	332
1382	331
1381	331
1381	330
1382	330
1382	326
1383	326
1383	325
1384	325
1384	324
1386	324
1386	320
1387	320
1387	319
1389	319
1389	318
1390	318
1390	314
1391	314
1391	313
1392	313
1392	312
1393	312
1393	311
1397	311
1397	310
1398	310
1398	309
1399	309
1399	308
1400	308
1400	321
1414	321
1414	318
1415	318
1415	319
1416	319
1416	317
1418	317
1418	313
1419	313
1419	312
1420	312
1420	311
1422	311
1422	308
1423	308
1423	307
1426	307
1426	306
1427	306
1427	304
1429	304
1429	303
1438	303
1438	298
1443	298
1443	297
1444	297
1444	298
1445	298
1445	299
1444	299
1444	300
1445	300
1445	301
1444	301
1444	303
1445	303
1445	304
1444	304
1444	305
1445	305
1445	306
1458	306
1458	305
1459	305
1459	304
1463	304
1463	303
1470	303
1470	302
1471	302
1471	301
1470	301
1470	300
1471	300
1471	299
1476	299
1476	298
1477	298
1477	296
1478	296
1478	294
1479	294
1479	292
1480	292
1480	291
1481	291
1481	290
1482	290
1482	289
1483	289
1483	288
1484	288
1484	287
1486	287
1486	286
1487	286
1487	285
1488	285
1488	284
1494	284
1494	283
1495	283
1495	282
1500	282
1500	285
1501	285
1501	286
1500	286
1500	292
1501	292
1501	293
1516	293
1516	292
1517	292
1517	290
1518	290
1518	289
1519	289
1519	288
1520	288
1520	287
1526	287
1526	283
1527	283
1527	281
1528	281
1528	280
1529	280
1529	279
1532	279
1532	278
1533	278
1533	279
1534	279
1534	278
1535	278
1535	275
1538	275
1538	274
1539	274
1539	272
1541	272
1541	271
1547	271
1547	279
1573	279
1573	278
1575	278
1575	273
1580	273
1580	272
1581	272
1581	270
1584	270
1584	269
1586	269
1586	268
1587	268
1587	267
1590	267
1590	266
1597	266
1597	265
1599	265
1599	264
1604	264
1604	263
1609	263
1609	262
1611	262
1611	260
1612	260
1612	259
1615	259
1615	258
1616	258
1616	257
1618	257
1618	258
1619	258
1619	257
1621	257
1621	256
1626	256
1626	255
1629	255
1629	254
1630	254
1630	255
1632	255
1632	254
1635	254
1635	255
1638	255
1638	254
1639	254
1639	249
1641	249
1641	250
1642	250
1642	249
1644	249
1644	247
1655	247
1655	246
1656	246
1656	241
1658	241
1658	240
1663	240
1663	239
1666	239
1666	238
1670	238
1670	239
1671	239
1671	238
1672	238
1672	235
1677	235
1677	233
1678	233
1678	232
1679	232
1679	231
1687	231
1687	230
1688	230
1688	226
1690	226
1690	225
1692	225
1692	224
1695	224
1695	223
1696	223
1696	222
1703	222
1703	219
1704	219
1704	217
1707	217
1707	216
1711	216
1711	215
1712	215
1712	214
1720	214
1720	209
1722	209
1722	208
1724	208
1724	207
1727	207
1727	205
1730	205
1730	204
1732	204
1732	203
1733	203
1733	202
1734	202
1734	201
1735	201
1735	200
1738	200
1738	199
1740	199
1740	198
1743	198
1743	197
1744	197
1744	195
1748	195
1748	194
1749	194
1749	193
1751	193
1751	192
1753	192
1753	195
1752	195
1752	196
1751	196
1751	197
1750	197
1750	200
1749	200
1749	201
1748	201
1748	204
1747	204
1747	205
1745	205
1745	209
1743	209
1743	210
1744	210
1744	211
1742	211
1742	212
1741	212
1741	213
1740	213
1740	215
1739	215
1739	216
1735	216
1735	217
1734	217
1734	221
1727	221
1727	222
1726	222
1726	229
1724	229
1724	231
1723	231
1723	232
1719	232
1719	233
1718	233
1718	235
1717	235
1717	236
1716	236
1716	237
1715	237
1715	236
1714	236
1714	237
1712	237
1712	236
1711	236
1711	237
1710	237
1710	239
1709	239
1709	240
1708	240
1708	241
1707	241
1707	242
1706	242
1706	243
1705	243
1705	244
1704	244
1704	245
1703	245
1703	244
1702	244
1702	246
1701	246
1701	247
1699	247
1699	248
1698	248
1698	249
1694	249
1694	251
1692	251
1692	252
1686	252
1686	255
1685	255
1685	256
1684	256
1684	257
1679	257
1679	258
1678	258
1678	259
1676	259
1676	260
1675	260
1675	261
1670	261
1670	262
1669	262
1669	266
1661	266
1661	267
1662	267
1662	268
1661	268
1661	269
1654	269
1654	270
1653	270
1653	275
1646	275
1646	277
1638	277
1638	278
1637	278
1637	281
1636	281
1636	283
1630	283
1630	285
1629	285
1629	287
1627	287
1627	288
1622	288
1622	290
1620	290
1620	291
1614	291
1614	292
1613	292
1613	293
1605	293
1605	299
1598	299
1598	301
1597	301
1597	304
1596	304
1596	305
1595	305
1595	304
1592	304
1592	305
1591	305
1591	304
1590	304
1590	305
1589	305
1589	308
1588	308
1588	309
1587	309
1587	312
1586	312
1586	320
1585	320
1585	321
1584	321
1584	324
1582	324
1582	325
1574	325
1574	326
1573	326
1573	328
1572	328
1572	329
1565	329
1565	330
1564	330
1564	331
1558	331
1558	332
1557	332
1557	334
1549	334
1549	337
1548	337
1548	338
1547	338
1547	339
1542	339
1542	340
1541	340
1541	352
1542	352
1542	353
1544	353
1544	354
1543	354
1543	355
1542	355
1542	357
1541	357
1541	359
1540	359
1540	361
1533	361
1533	363
1526	363
1526	364
1525	364
1525	365
1517	365
1517	366
1509	366
1509	367
1508	367
1508	374
1501	374
1501	378
1500	378
1500	385
1501	385
1501	386
1500	386
1500	388
1501	388
1501	389
1500	389
1500	390
1493	390
1493	394
1485	394
1485	395
1483	395
1483	396
1482	396
1482	395
1481	395
1481	396
1480	396
1480	395
1479	395
1479	396
1478	396
1478	395
1477	395
1477	396
1476	396
1476	397
1474	397
1474	398
1471	398
1471	397
1470	397
1470	398
1464	398
1464	397
1462	397
1462	398
1460	398
1460	400
1459	400
1459	404
1458	404
1458	406
1459	406
1459	409
1458	409
1458	410
1459	410
1459	413
1460	413
1460	417
1459	417
1459	418
1458	418
1458	419
1457	419
1457	420
1456	420
1456	421
1454	421
1454	422
1436	422
1436	423
1435	423
1435	425
1419	425
1419	426
1420	426
1420	427
1419	427
1419	440
1418	440
1418	441
1417	441
1417	443
1416	443
1416	444
1413	444
1413	445
1412	445
1412	446
1385	446
1385	447
1384	447
1384	462
1385	462
1385	463
1387	463
1387	465
1385	465
1385	466
1383	466
1383	480
1402	480
1402	477
1403	477
1403	476
1408	476
1408	475
1410	475
1410	474
1411	474
1411	473
1412	473
1412	472
1414	472
1414	468
1419	468
1419	467
1420	467
1420	466
1422	466
1422	465
1423	465
1423	464
1424	464
1424	463
1426	463
1426	462
1427	462
1427	461
1428	461
1428	460
1430	460
1430	459
1435	459
1435	458
1436	458
1436	459
1437	459
1437	460
1436	460
1436	462
1435	462
1435	463
1434	463
1434	476
1440	476
1440	477
1441	477
1441	478
1453	478
1453	477
1454	477
1454	476
1455	476
1455	475
1456	475
1456	473
1459	473
1459	472
1462	472
1462	470
1464	470
1464	469
1465	469
1465	468
1467	468
1467	467
1470	467
1470	466
1471	466
1471	464
1472	464
1472	463
1473	463
1473	462
1475	462
1475	460
1477	460
1477	459
1479	459
1479	460
1480	460
1480	458
1482	458
1482	457
1483	457
1483	456
1488	456
1488	457
1487	457
1487	458
1486	458
1486	459
1485	459
1485	460
1484	460
1484	472
1502	472
1502	470
1503	470
1503	469
1504	469
1504	468
1506	468
1506	467
1507	467
1507	466
1508	466
1508	465
1510	465
1510	464
1512	464
1512	462
1513	462
1513	461
1514	461
1514	460
1515	460
1515	459
1516	459
1516	457
1518	457
1518	456
1519	456
1519	455
1520	455
1520	454
1522	454
1522	453
1525	453
1525	452
1527	452
1527	451
1528	451
1528	450
1530	450
1530	449
1532	449
1532	450
1533	450
1533	452
1532	452
1532	453
1531	453
1531	454
1530	454
1530	467
1554	467
1554	466
1555	466
1555	465
1556	465
1556	464
1559	464
1559	463
1560	463
1560	462
1561	462
1561	460
1562	460
1562	459
1563	459
1563	458
1565	458
1565	457
1566	457
1566	456
1574	456
1574	454
1575	454
1575	451
1576	451
1576	449
1578	449
1578	448
1586	448
1586	449
1585	449
1585	450
1584	450
1584	451
1582	451
1582	452
1581	452
1581	454
1580	454
1580	455
1579	455
1579	467
1593	467
1593	466
1594	466
1594	464
1615	464
1615	463
1617	463
1617	462
1618	462
1618	461
1622	461
1622	462
1623	462
1623	459
1627	459
1627	458
1628	458
1628	456
1630	456
1630	455
1633	455
1633	454
1635	454
1635	453
1639	453
1639	452
1640	452
1640	451
1648	451
1648	452
1649	452
1649	463
1650	463
1650	464
1663	464
1663	462
1682	462
1682	461
1683	461
1683	460
1684	460
1684	459
1687	459
1687	458
1688	458
1688	456
1694	456
1694	455
1700	455
1700	456
1702	456
1702	458
1699	458
1699	460
1698	460
1698	465
1697	465
1697	466
1698	466
1698	467
1697	467
1697	468
1698	468
1698	469
1697	469
1697	470
1698	470
1698	473
1710	473
1710	472
1717	472
1717	476
1739	476
1739	477
1740	477
1740	476
1741	476
1741	475
1742	475
1742	473
1743	473
1743	472
1751	472
1751	471
1752	471
1752	468
1754	468
1754	467
1758	467
1758	466
1759	466
1759	467
1762	467
1762	480
1789	480
1789	479
1791	479
1791	478
1792	478
1792	476
1803	476
1803	477
1805	477
1805	478
1807	478
1807	479
1808	479
1808	480
1809	480
1809	492
1812	492
1812	493
1814	493
1814	495
1815	495
1815	496
1824	496
1824	497
1837	497
1837	496
1840	496
1840	491
1841	491
1841	489
1842	489
1842	488
1843	488
1843	489
1844	489
1844	488
1848	488
1848	487
1849	487
1849	486
1851	486
1851	485
1854	485
1854	486
1855	486
1855	496
1904	496
1904	497
1936	497
1936	496
1937	496
1937	491
1944	491
1944	490
1946	490
1946	489
1947	489
1947	488
1985	488
1985	487
1986	487
1986	482
1987	482
1987	481
1988	481
1988	482
1990	482
1990	481
1994	481
1994	480
2010	480
2010	477
2012	477
2012	476
2016	476
2016	475
2025	475
2025	474
2026	474
2026	472
2041	472
2041	471
2042	471
2042	470
2043	470
2043	469
2048	469
2048	468
2051	468
2051	467
2054	467
2054	466
2059	466
2059	465
2066	465
2066	464
2073	464
2073	463
2074	463
2074	461
2078	461
2078	460
2084	460
2084	459
2088	459
2088	458
2090	458
2090	457
2092	457
2092	456
2105	456
2105	455
2106	455
2106	454
2109	454
2109	453
2114	453
2114	452
2116	452
2116	451
2120	451
2120	452
2121	452
2121	450
2123	450
2123	451
2124	451
2124	454
2119	454
2119	455
2118	455
2118	456
2117	456
2117	458
2116	458
2116	462
2112	462
2112	463
2111	463
2111	464
2110	464
2110	465
2109	465
2109	466
2107	466
2107	467
2105	467
2105	468
2103	468
2103	469
2097	469
2097	472
2096	472
2096	476
2094	476
2094	475
2093	475
2093	476
2089	476
2089	477
2088	477
2088	478
2080	478
2080	480
2073	480
2073	481
2072	481
2072	483
2070	483
2070	484
2063	484
2063	485
2062	485
2062	486
2048	486
2048	489
2047	489
2047	490
2043	490
2043	489
2041	489
2041	490
2040	490
2040	493
2036	493
2036	494
2035	494
2035	493
2034	493
2034	494
2024	494
2024	498
2016	498
2016	499
2015	499
2015	500
2009	500
2009	501
2008	501
2008	502
2000	502
2000	504
1999	504
1999	505
1998	505
1998	506
1992	506
1992	507
1985	507
1985	508
1984	508
1984	510
1968	510
1968	511
1967	511
1967	514
1960	514
1960	515
1953	515
1953	516
1952	516
1952	517
1950	517
1950	518
1935	518
1935	519
1934	519
1934	521
1928	521
1928	522
1919	522
1919	524
1918	524
1918	523
1917	523
1917	524
1912	524
1912	526
1906	526
1906	527
1895	527
1895	530
1880	530
1880	531
1879	531
1879	539
1878	539
1878	540
1856	540
1856	541
1855	541
1855	540
1850	540
1850	541
1849	541
1849	540
1848	540
1848	541
1847	541
1847	542
1832	542
1832	543
1830	543
1830	554
1831	554
1831	558
1816	558
1816	559
1784	559
1784	558
1783	558
1783	559
1781	559
1781	571
1782	571
1782	572
1781	572
1781	573
1780	573
1780	574
1774	574
1774	575
1764	575
1764	574
1762	574
1762	573
1760	573
1760	574
1750	574
1750	575
1742	575
1742	579
1726	579
1726	588
1725	588
1725	589
1722	589
1722	590
1718	590
1718	591
1712	591
1712	589
1711	589
1711	588
1704	588
1704	587
1699	587
1699	586
1696	586
1696	583
1684	583
1684	582
1680	582
1680	581
1678	581
1678	580
1677	580
1677	581
1664	581
1664	594
1665	594
1665	596
1666	596
1666	599
1667	599
1667	600
1668	600
1668	601
1669	601
1669	603
1662	603
1662	602
1658	602
1658	601
1656	601
1656	598
1655	598
1655	595
1654	595
1654	596
1648	596
1648	595
1647	595
1647	594
1642	594
1642	593
1641	593
1641	592
1640	592
1640	591
1639	591
1639	589
1632	589
1632	588
1631	588
1631	587
1609	587
1609	589
1608	589
1608	590
1609	590
1609	593
1608	593
1608	594
1609	594
1609	601
1610	601
1610	602
1611	602
1611	607
1610	607
1610	608
1612	608
1612	609
1613	609
1613	611
1607	611
1607	608
1606	608
1606	607
1600	607
1600	606
1599	606
1599	600
1598	600
1598	599
1591	599
1591	596
1582	596
1582	595
1575	595
1575	594
1562	594
1562	609
1565	609
1565	614
1564	614
1564	615
1552	615
1552	613
1551	613
1551	607
1544	607
1544	606
1543	606
1543	603
1542	603
1542	602
1536	602
1536	601
1535	601
1535	599
1527	599
1527	597
1526	597
1526	596
1512	596
1512	595
1511	595
1511	596
1509	596
1509	598
1508	598
1508	608
1509	608
1509	609
1511	609
1511	611
1512	611
1512	613
1513	613
1513	615
1502	615
1502	612
1496	612
1496	610
1495	610
1495	608
1494	608
1494	607
1489	607
1489	606
1488	606
1488	605
1487	605
1487	604
1486	604
1486	603
1485	603
1485	602
1480	602
1480	601
1479	601
1479	599
1464	599
1464	600
1463	600
1463	609
1462	609
1462	610
1461	610
1461	611
1457	611
1457	610
1455	610
1455	609
1454	609
1454	607
1448	607
1448	606
1447	606
1447	604
1446	604
1446	599
1438	599
1438	597
1425	597
1425	596
1410	596
1410	608
1412	608
1412	612
1408	612
1408	611
1406	611
1406	608
1405	608
1405	607
1399	607
1399	605
1398	605
1398	602
1397	602
1397	601
1398	601
1398	600
1396	600
1396	599
1390	599
1390	595
1381	595
1381	594
1369	594
1369	597
1368	597
1368	598
1369	598
1369	602
1368	602
1368	603
1369	603
1369	607
1358	607
1358	604
1357	604
1357	603
1356	603
1356	602
1351	602
1351	599
1350	599
1350	598
1349	598
1349	596
1342	596
1342	592
1341	592
1341	591
1323	591
1323	597
1318	597
1318	595
1317	595
1317	592
1316	592
1316	591
1309	591
1309	590
1304	590
1304	589
1303	589
1303	588
1302	588
1302	587
1301	587
1301	583
1294	583
1294	582
1282	582
1282	583
1281	583
1281	585
1279	585
1279	586
1278	586
1278	587
1270	587
1270	586
1269	586
1269	583
1264	583
1264	582
1262	582
1262	579
1261	579
1261	578
1260	578
1260	577
1254	577
1254	576
1253	576
1253	574
1252	574
1252	573
1234	573
1234	574
1232	574
1232	575
1222	575
1222	574
1220	574
1220	573
1218	573
1218	572
1217	572
1217	571
1215	571
1215	570
1213	570
1213	569
1212	569
1212	567
1205	567
1205	566
1204	566
1204	565
1189	565
1189	564
1188	564
1188	565
1187	565
1187	566
1186	566
1186	567
1183	567
1183	566
1181	566
1181	565
1178	565
1178	564
1176	564
1176	563
1175	563
1175	562
1174	562
1174	561
1172	561
1172	559
1168	559
1168	558
1165	558
1165	557
1164	557
1164	556
1161	556
1161	555
1158	555
1158	554
1156	554
1156	555
1154	555
1154	554
1152	554
1152	555
1151	555
1151	554
1147	554
1147	555
1146	555
1146	568
1148	568
1148	569
1150	569
1150	571
1151	571
1151	572
1152	572
1152	573
1153	573
1153	574
1154	574
1154	575
1155	575
1155	578
1156	578
1156	579
1157	579
1157	580
1158	580
1158	579
1160	579
1160	580
1164	580
1164	581
1170	581
1170	582
1171	582
1171	584
1174	584
1174	585
1175	585
1175	584
1176	584
1176	585
1178	585
1178	586
1179	586
1179	592
1181	592
1181	593
1185	593
1185	594
1186	594
1186	595
1187	595
1187	596
1190	596
1190	597
1195	597
1195	598
1202	598
1202	599
1210	599
1210	600
1212	600
1212	601
1219	601
1219	602
1220	602
1220	603
1221	603
1221	608
1222	608
1222	609
1224	609
1224	610
1232	610
1232	611
1233	611
1233	612
1235	612
1235	616
1236	616
1236	617
1252	617
1252	616
1253	616
1253	613
1268	613
1268	614
1269	614
1269	615
1270	615
1270	616
1271	616
1271	629
1314	629
1314	630
1315	630
1315	631
1316	631
1316	633
1314	633
1314	634
1310	634
1310	635
1308	635
1308	636
1307	636
1307	638
1306	638
1306	639
1304	639
1304	640
1303	640
1303	652
1304	652
1304	653
1328	653
1328	654
1332	654
1332	653
1337	653
1337	654
1340	654
1340	655
1354	655
1354	656
1364	656
1364	657
1365	657
1365	658
1366	658
1366	659
1367	659
1367	660
1368	660
1368	662
1364	662
1364	663
1363	663
1363	664
1364	664
1364	681
1365	681
1365	682
1377	682
1377	681
1398	681
1398	678
1399	678
1399	677
1400	677
1400	678
1403	678
1403	677
1404	677
1404	678
1407	678
1407	677
1417	677
1417	678
1419	678
1419	679
1420	679
1420	681
1418	681
1418	698
1419	698
1419	699
1420	699
1420	702
1434	702
1434	701
1440	701
1440	700
1451	700
1451	699
1456	699
1456	698
1466	698
1466	699
1469	699
1469	701
1468	701
1468	702
1464	702
1464	703
1461	703
1461	704
1460	704
1460	705
1459	705
1459	706
1458	706
1458	707
1457	707
1457	708
1456	708
1456	719
1457	719
1457	720
1459	720
1459	721
1470	721
1470	723
1471	723
1471	724
1473	724
1473	734
1474	734
1474	735
1479	735
1479	736
1480	736
1480	735
1481	735
1481	736
1483	736
1483	735
1485	735
1485	736
1486	736
1486	735
1489	735
1489	734
1495	734
1495	733
1496	733
1496	732
1499	732
1499	733
1503	733
1503	732
1512	732
1512	731
1520	731
1520	732
1522	732
1522	734
1521	734
1521	735
1520	735
1520	736
1518	736
1518	737
1516	737
1516	738
1515	738
1515	750
1516	750
1516	751
1519	751
1519	750
1520	750
1520	751
1521	751
1521	750
1522	750
1522	751
1525	751
1525	753
1526	753
1526	754
1528	754
1528	753
1529	753
1529	754
1530	754
1530	755
1531	755
1531	756
1530	756
1530	758
1531	758
1531	764
1547	764
1547	763
1549	763
1549	762
1580	762
1580	763
1581	763
1581	764
1580	764
1580	765
1573	765
1573	768
1571	768
1571	769
1570	769
1570	770
1569	770
1569	771
1568	771
1568	772
1565	772
1565	786
1581	786
1581	790
1580	790
1580	801
1581	801
1581	802
1624	802
1624	803
1628	803
1628	804
1629	804
1629	805
1631	805
1631	807
1633	807
1633	808
1634	808
1634	818
1635	818
1635	819
1637	819
1637	826
1639	826
1639	827
1640	827
1640	826
1642	826
1642	827
1645	827
1645	844
1646	844
1646	845
1653	845
1653	846
1654	846
1654	847
1666	847
1666	848
1669	848
1669	850
1678	850
1678	851
1680	851
1680	852
1682	852
1682	853
1681	853
1681	854
1682	854
1682	855
1683	855
1683	856
1682	856
1682	857
1677	857
1677	859
1676	859
1676	860
1677	860
1677	862
1676	862
1676	867
1677	867
1677	868
1676	868
1676	869
1677	869
1677	870
1693	870
1693	871
1696	871
1696	872
1699	872
1699	873
1702	873
1702	878
1701	878
1701	888
1700	888
1700	889
1701	889
1701	891
1715	891
1715	892
1720	892
1720	893
1721	893
1721	892
1724	892
1724	893
1739	893
1739	894
1740	894
1740	895
1742	895
1742	897
1741	897
1741	898
1743	898
1743	899
1744	899
1744	900
1743	900
1743	901
1737	901
1737	902
1733	902
1733	903
1731	903
1731	915
1732	915
1732	916
1738	916
1738	923
1739	923
1739	922
1742	922
1742	923
1750	923
1750	927
1752	927
1752	929
1758	929
1758	930
1759	930
1759	931
1767	931
1767	932
1771	932
1771	933
1774	933
1774	935
1779	935
1779	936
1780	936
1780	937
1781	937
1781	938
1782	938
1782	940
1783	940
1783	943
1782	943
1782	944
1783	944
1783	955
1787	955
1787	956
1788	956
1788	957
1793	957
1793	958
1794	958
1794	962
1795	962
1795	963
1796	963
1796	971
1803	971
1803	972
1804	972
1804	973
1811	973
1811	974
1812	974
1812	973
1814	973
1814	974
1817	974
1817	975
1818	975
1818	974
1820	974
1820	975
1822	975
1822	976
1823	976
1823	979
1829	979
1829	980
1831	980
1831	981
1832	981
1832	985
1829	985
1829	986
1828	986
1828	998
1831	998
1831	1003
1832	1003
1832	1004
1844	1004
1844	1003
1845	1003
1845	1004
1846	1004
1846	1007
1847	1007
1847	1009
1846	1009
1846	1010
1847	1010
1847	1011
1848	1011
1848	1012
1854	1012
1854	1014
1853	1014
1853	1028
1863	1028
1863	1029
1866	1029
1866	1030
1873	1030
1873	1031
1874	1031
1874	1032
1879	1032
1879	1045
1880	1045
1880	1047
1881	1047
1881	1048
1886	1048
1886	1049
1887	1049
1887	1053
1889	1053
1889	1057
1894	1057
1894	1058
1895	1058
1895	1062
1897	1062
1897	1063
1898	1063
1898	1064
1903	1064
1903	1068
1909	1068
1909	1070
1913	1070
1913	1071
1915	1071
1915	1072
1916	1072
1916	1074
1917	1074
1917	1075
1920	1075
1920	1076
1921	1076
1921	1075
1922	1075
1922	1076
1925	1076
1925	1077
1928	1077
1928	1079
1927	1079
1927	1080
1928	1080
1928	1083
1929	1083
1929	1084
1935	1084
1935	1085
1936	1085
1936	1086
1940	1086
1940	1087
1941	1087
1941	1088
1943	1088
1943	1091
1944	1091
1944	1092
1952	1092
1952	1095
1957	1095
1957	1096
1959	1096
1959	1099
1960	1099
1960	1100
1961	1100
1961	1102
1962	1102
1962	1100
1965	1100
1965	1101
1966	1101
1966	1102
1967	1102
1967	1103
1974	1103
1974	1104
1975	1104
1975	1106
1976	1106
1976	1108
1980	1108
1980	1109
1984	1109
1984	1110
1987	1110
1987	1114
1991	1114
1991	1115
1992	1115
1992	1116
1995	1116
1995	1118
1996	1118
1996	1120
2000	1120
2000	1124
2011	1124
2011	1125
2014	1125
2014	1126
2015	1126
2015	1127
2017	1127
2017	1128
2019	1128
2019	1129
2022	1129
2022	1130
2023	1130
2023	1131
2024	1131
2024	1132
2029	1132
2029	1134
2032	1134
2032	1135
2036	1135
2036	1136
2037	1136
2037	1137
2038	1137
2038	1138
2040	1138
2040	1139
2041	1139
2041	1140
2048	1140
2048	1141
2051	1141
2051	1142
2053	1142
2053	1143
2055	1143
2055	1142
2056	1142
2056	1149
2064	1149
2064	1148
2067	1148
2067	1149
2068	1149
2068	1151
2071	1151
2071	1152
2072	1152
2072	1153
2075	1153
2075	1154
2080	1154
2080	1155
2081	1155
2081	1156
2084	1156
2084	1157
2088	1157
2088	1158
2089	1158
2089	1159
2090	1159
2090	1160
2091	1160
2091	1161
2096	1161
2096	1162
2097	1162
2097	1164
2103	1164
2103	1165
2105	1165
2105	1166
2107	1166
2107	1167
2109	1167
2109	1168
2111	1168
2111	1169
2112	1169
2112	1170
2113	1170
2113	1172
2114	1172
2114	1173
2115	1173
2115	1172
2116	1172
2116	1173
2118	1173
2118	1174
2120	1174
2120	1176
2122	1176
2122	1177
2123	1177
2123	1178
2124	1178
2124	1180
2125	1180
2125	1181
2126	1181
2126	1182
2128	1182
2128	1183
2129	1183
2129	1184
2130	1184
2130	1185
2132	1185
2132	1186
2133	1186
2133	1187
2135	1187
2135	1188
2136	1188
2136	1190
2137	1190
2137	1191
2133	1191
2133	1192
2132	1192
2132	1191
2130	1191
2130	1190
2129	1190
2129	1189
2125	1189
2125	1188
2122	1188
2122	1187
2116	1187
2116	1186
2111	1186
2111	1185
2104	1185
2104	1184
2103	1184
2103	1183
2099	1183
2099	1182
2097	1182
2097	1181
2093	1181
2093	1180
2090	1180
2090	1179
2089	1179
2089	1178
2088	1178
2088	1179
2087	1179
2087	1178
2084	1178
2084	1177
2082	1177
2082	1176
2080	1176
2080	1175
2077	1175
2077	1174
2074	1174
2074	1171
2065	1171
2065	1170
2060	1170
2060	1169
2057	1169
2057	1168
2053	1168
2053	1167
2051	1167
2051	1166
2044	1166
2044	1165
2043	1165
2043	1164
2042	1164
2042	1162
2034	1162
2034	1161
2032	1161
2032	1160
2027	1160
2027	1159
2026	1159
2026	1158
2025	1158
2025	1157
2019	1157
2019	1156
2018	1156
2018	1154
2011	1154
2011	1153
2010	1153
2010	1151
2009	1151
2009	1150
2003	1150
2003	1149
2002	1149
2002	1147
1995	1147
1995	1146
1994	1146
1994	1145
1992	1145
1992	1144
1987	1144
1987	1143
1986	1143
1986	1142
1985	1142
1985	1139
1978	1139
1978	1138
1977	1138
1977	1136
1970	1136
1970	1134
1969	1134
1969	1133
1962	1133
1962	1131
1961	1131
1961	1129
1960	1129
1960	1128
1953	1128
1953	1126
1951	1126
1951	1125
1949	1125
1949	1126
1947	1126
1947	1125
1946	1125
1946	1122
1939	1122
1939	1121
1938	1121
1938	1120
1937	1120
1937	1119
1934	1119
1934	1118
1931	1118
1931	1117
1929	1117
1929	1116
1930	1116
1930	1115
1928	1115
1928	1114
1922	1114
1922	1113
1920	1113
1920	1112
1916	1112
1916	1111
1913	1111
1913	1109
1912	1109
1912	1108
1908	1108
1908	1109
1907	1109
1907	1108
1906	1108
1906	1106
1905	1106
1905	1105
1904	1105
1904	1104
1897	1104
1897	1101
1895	1101
1895	1100
1893	1100
1893	1101
1892	1101
1892	1100
1889	1100
1889	1098
1884	1098
1884	1097
1882	1097
1882	1096
1881	1096
1881	1094
1880	1094
1880	1093
1873	1093
1873	1090
1850	1090
1850	1089
1849	1089
1849	1086
1848	1086
1848	1084
1841	1084
1841	1081
1840	1081
1840	1080
1833	1080
1833	1079
1832	1079
1832	1078
1827	1078
1827	1077
1825	1077
1825	1075
1824	1075
1824	1074
1818	1074
1818	1073
1817	1073
1817	1071
1816	1071
1816	1070
1809	1070
1809	1067
1808	1067
1808	1066
1807	1066
1807	1065
1790	1065
1790	1074
1784	1074
1784	1073
1785	1073
1785	1072
1784	1072
1784	1070
1783	1070
1783	1069
1777	1069
1777	1068
1776	1068
1776	1065
1774	1065
1774	1064
1773	1064
1773	1065
1769	1065
1769	1064
1768	1064
1768	1058
1766	1058
1766	1057
1765	1057
1765	1058
1762	1058
1762	1057
1760	1057
1760	1055
1747	1055
1747	1054
1746	1054
1746	1053
1745	1053
1745	1052
1744	1052
1744	1050
1742	1050
1742	1049
1740	1049
1740	1050
1738	1050
1738	1049
1736	1049
1736	1050
1735	1050
1735	1049
1734	1049
1734	1050
1731	1050
1731	1059
1730	1059
1730	1060
1727	1060
1727	1057
1724	1057
1724	1056
1723	1056
1723	1055
1722	1055
1722	1053
1720	1053
1720	1050
1715	1050
1715	1049
1713	1049
1713	1048
1712	1048
1712	1047
1711	1047
1711	1045
1708	1045
1708	1044
1706	1044
1706	1043
1704	1043
1704	1039
1703	1039
1703	1037
1697	1037
1697	1036
1696	1036
1696	1034
1695	1034
1695	1033
1693	1033
1693	1032
1692	1032
1692	1031
1690	1031
1690	1030
1689	1030
1689	1029
1688	1029
1688	1028
1687	1028
1687	1027
1688	1027
1688	1026
1684	1026
1684	1025
1671	1025
1671	1026
1668	1026
1668	1027
1669	1027
1669	1028
1668	1028
1668	1038
1669	1038
1669	1040
1667	1040
1667	1039
1664	1039
1664	1036
1663	1036
1663	1035
1664	1035
1664	1033
1663	1033
1663	1034
1661	1034
1661	1033
1656	1033
1656	1030
1655	1030
1655	1029
1654	1029
1654	1028
1652	1028
1652	1029
1651	1029
1651	1028
1648	1028
1648	1026
1647	1026
1647	1025
1645	1025
1645	1023
1644	1023
1644	1021
1642	1021
1642	1018
1639	1018
1639	1017
1638	1017
1638	1016
1636	1016
1636	1015
1634	1015
1634	1014
1632	1014
1632	1011
1631	1011
1631	1009
1628	1009
1628	1007
1626	1007
1626	1006
1625	1006
1625	1004
1623	1004
1623	1003
1624	1003
1624	1002
1623	1002
1623	1001
1611	1001
1611	1002
1610	1002
1610	1011
1609	1011
1609	1016
1607	1016
1607	1014
1605	1014
1605	1013
1603	1013
1603	1012
1602	1012
1602	1011
1600	1011
1600	1009
1599	1009
1599	1008
1597	1008
1597	1006
1596	1006
1596	1002
1594	1002
1594	1001
1593	1001
1593	1000
1592	1000
1592	999
1591	999
1591	993
1584	993
1584	992
1583	992
1583	986
1582	986
1582	985
1577	985
1577	984
1576	984
1576	983
1575	983
1575	978
1567	978
1567	975
1566	975
1566	974
1564	974
1564	973
1561	973
1561	972
1560	972
1560	973
1552	973
1552	972
1551	972
1551	973
1550	973
1550	986
1549	986
1549	989
1546	989
1546	988
1545	988
1545	987
1544	987
1544	986
1543	986
1543	983
1544	983
1544	982
1543	982
1543	981
1544	981
1544	980
1543	980
1543	978
1536	978
1536	977
1535	977
1535	973
1534	973
1534	972
1528	972
1528	971
1527	971
1527	962
1526	962
1526	961
1521	961
1521	959
1520	959
1520	958
1519	958
1519	954
1518	954
1518	953
1512	953
1512	952
1503	952
1503	953
1500	953
1500	954
1498	954
1498	962
1497	962
1497	965
1496	965
1496	967
1495	967
1495	963
1494	963
1494	961
1490	961
1490	954
1489	954
1489	953
1487	953
1487	952
1486	952
1486	951
1487	951
1487	946
1486	946
1486	945
1483	945
1483	944
1482	944
1482	938
1481	938
1481	937
1477	937
1477	936
1468	936
1468	930
1467	930
1467	929
1464	929
1464	928
1463	928
1463	926
1462	926
1462	924
1463	924
1463	922
1462	922
1462	921
1459	921
1459	919
1458	919
1458	914
1457	914
1457	913
1444	913
1444	921
1442	921
1442	922
1441	922
1441	929
1435	929
1435	922
1434	922
1434	914
1433	914
1433	913
1430	913
1430	912
1429	912
1429	909
1428	909
1428	906
1427	906
1427	905
1426	905
1426	902
1425	902
1425	901
1424	901
1424	900
1423	900
1423	899
1422	899
1422	896
1420	896
1420	894
1419	894
1419	893
1418	893
1418	891
1417	891
1417	889
1414	889
1414	887
1413	887
1413	886
1412	886
1412	885
1411	885
1411	884
1409	884
1409	882
1408	882
1408	881
1396	881
1396	893
1395	893
1395	894
1393	894
1393	893
1391	893
1391	891
1390	891
1390	889
1389	889
1389	888
1388	888
1388	887
1387	887
1387	885
1386	885
1386	884
1385	884
1385	883
1386	883
1386	882
1385	882
1385	873
1383	873
1383	872
1382	872
1382	869
1381	869
1381	866
1380	866
1380	865
1379	865
1379	864
1378	864
1378	862
1377	862
1377	860
1376	860
1376	858
1375	858
1375	857
1372	857
1372	856
1371	856
1371	855
1370	855
1370	854
1368	854
1368	849
1367	849
1367	848
1356	848
1356	849
1353	849
1353	861
1350	861
1350	857
1348	857
1348	856
1339	856
1339	841
1337	841
1337	840
1335	840
1335	839
1334	839
1334	834
1333	834
1333	833
1332	833
1332	832
1330	832
1330	830
1328	830
1328	829
1327	829
1327	828
1326	828
1326	825
1325	825
1325	824
1321	824
1321	821
1320	821
1320	819
1319	819
1319	817
1318	817
1318	815
1317	815
1317	814
1305	814
1305	816
1304	816
1304	817
1303	817
1303	822
1302	822
1302	821
1301	821
1301	820
1302	820
1302	818
1301	818
1301	817
1300	817
1300	816
1296	816
1296	815
1297	815
1297	813
1296	813
1296	809
1295	809
1295	808
1294	808
1294	806
1293	806
1293	800
1291	800
1291	798
1290	798
1290	795
1291	795
1291	794
1290	794
1290	791
1289	791
1289	789
1288	789
1288	785
1286	785
1286	784
1284	784
1284	783
1271	783
1271	784
1269	784
1269	783
1266	783
1266	782
1265	782
1265	780
1264	780
1264	779
1263	779
1263	777
1262	777
1262	775
1261	775
1261	769
1260	769
1260	768
1259	768
1259	764
1258	764
1258	761
1257	761
1257	760
1254	760
1254	756
1253	756
1253	754
1252	754
1252	752
1251	752
1251	751
1250	751
1250	750
1249	750
1249	749
1248	749
1248	748
1247	748
1247	746
1246	746
1246	745
1245	745
1245	744
1229	744
1229	741
1228	741
1228	740
1229	740
1229	737
1228	737
1228	736
1225	736
1225	734
1224	734
1224	732
1223	732
1223	730
1224	730
1224	728
1223	728
1223	725
1222	725
1222	722
1221	722
1221	719
1220	719
1220	718
1218	718
1218	716
1217	716
1217	712
1215	712
1215	710
1213	710
1213	704
1210	704
1210	703
1208	703
1208	702
1207	702
1207	700
1204	700
1204	699
1202	699
1202	700
1200	700
1200	698
1197	698
1197	697
1185	697
1185	699
1184	699
1184	701
1185	701
1185	702
1184	702
1184	709
1185	709
1185	710
1186	710
1186	712
1187	712
1187	721
1191	721
1191	722
1192	722
1192	726
1194	726
1194	727
1195	727
1195	729
1196	729
1196	731
1198	731
1198	732
1200	732
1200	734
1203	734
1203	737
1205	737
1205	738
1209	738
1209	739
1211	739
1211	740
1210	740
1210	741
1211	741
1211	763
1212	763
1212	762
1213	762
1213	763
1214	763
1214	765
1215	765
1215	768
1216	768
1216	770
1217	770
1217	772
1218	772
1218	774
1219	774
1219	779
1220	779
1220	780
1223	780
1223	782
1227	782
1227	786
1231	786
1231	787
1233	787
1233	788
1234	788
1234	790
1235	790
1235	793
1236	793
1236	794
1240	794
1240	795
1241	795
1241	800
1238	800
1238	813
1239	813
1239	815
1240	815
1240	819
1241	819
1241	820
1242	820
1242	826
1243	826
1243	827
1246	827
1246	828
1247	828
1247	834
1248	834
1248	835
1255	835
1255	836
1256	836
1256	837
1257	837
1257	838
1259	838
1259	842
1263	842
1263	843
1265	843
1265	844
1267	844
1267	852
1261	852
1261	853
1259	853
1259	865
1260	865
1260	867
1264	867
1264	874
1265	874
1265	876
1266	876
1266	879
1267	879
1267	882
1268	882
1268	887
1269	887
1269	888
1270	888
1270	889
1272	889
1272	890
1274	890
1274	891
1280	891
1280	893
1281	893
1281	894
1283	894
1283	898
1284	898
1284	899
1291	899
1291	901
1292	901
1292	903
1291	903
1291	904
1292	904
1292	906
1293	906
1293	907
1294	907
1294	908
1281	908
1281	910
1280	910
1280	921
1281	921
1281	922
1282	922
1282	923
1286	923
1286	925
1287	925
1287	931
1291	931
1291	938
1292	938
1292	940
1293	940
1293	941
1294	941
1294	942
1295	942
1295	944
1296	944
1296	945
1297	945
1297	946
1299	946
1299	947
1301	947
1301	948
1302	948
1302	949
1301	949
1301	950
1303	950
1303	951
1304	951
1304	952
1306	952
1306	953
1307	953
1307	955
1310	955
1310	957
1312	957
1312	958
1313	958
1313	959
1315	959
1315	962
1316	962
1316	963
1317	963
1317	964
1318	964
1318	967
1319	967
1319	968
1318	968
1318	969
1314	969
1314	968
1299	968
1299	981
1300	981
1300	987
1302	987
1302	988
1304	988
1304	994
1305	994
1305	996
1307	996
1307	997
1306	997
1306	998
1307	998
1307	1003
1309	1003
1309	1004
1311	1004
