1760	783
1759	783
1759	789
1760	789
1760	791
1795	791
1795	790
1797	790
1797	791
1813	791
1813	792
1814	792
1814	793
1815	793
1815	794
1819	794
1819	795
1820	795
1820	797
1824	797
1824	798
1826	798
1826	801
1827	801
1827	809
1821	809
1821	808
1820	808
1820	809
1818	809
1818	810
1816	810
1816	812
1815	812
1815	813
1813	813
1813	814
1812	814
1812	823
1813	823
1813	824
1814	824
1814	826
1815	826
1815	827
1835	827
1835	825
1836	825
1836	826
1839	826
1839	827
1844	827
1844	828
1845	828
1845	829
1852	829
1852	830
1857	830
1857	831
1864	831
1864	832
1867	832
1867	834
1872	834
1872	835
1873	835
1873	836
1874	836
1874	837
1877	837
1877	838
1878	838
1878	840
1879	840
1879	841
1881	841
1881	842
1882	842
1882	844
1880	844
1880	845
1879	845
1879	846
1878	846
1878	847
1877	847
1877	848
1876	848
1876	849
1874	849
1874	850
1870	850
1870	852
1869	852
1869	854
1868	854
1868	855
1867	855
1867	856
1864	856
1864	858
1862	858
1862	859
1861	859
1861	861
1860	861
1860	862
1861	862
1861	864
1860	864
1860	865
1861	865
1861	866
1860	866
1860	867
1861	867
1861	870
1890	870
1890	871
1894	871
1894	872
1900	872
1900	873
1901	873
1901	874
1906	874
1906	876
1916	876
1916	877
1923	877
1923	879
1924	879
1924	882
1929	882
1929	883
1930	883
1930	884
1934	884
1934	885
1935	885
1935	887
1936	887
1936	891
1930	891
1930	896
1925	896
1925	897
1924	897
1924	898
1918	898
1918	913
1922	913
1922	914
1924	914
1924	915
1927	915
1927	914
1928	914
1928	915
1930	915
1930	916
1937	916
1937	918
1942	918
1942	919
1948	919
1948	921
1949	921
1949	922
1953	922
1953	924
1958	924
1958	925
1960	925
1960	926
1961	926
1961	927
1967	927
1967	930
1970	930
1970	931
1972	931
1972	932
1973	932
1973	934
1977	934
1977	935
1978	935
1978	936
1980	936
1980	937
1981	937
1981	936
1982	936
1982	937
1983	937
1983	939
1985	939
1985	940
1992	940
1992	941
1997	941
1997	943
1998	943
1998	944
2003	944
2003	945
2004	945
2004	946
2007	946
2007	947
2008	947
2008	948
2009	948
2009	949
2013	949
2013	950
2020	950
2020	952
2021	952
2021	954
2022	954
2022	955
2040	955
2040	957
2042	957
2042	958
2046	958
2046	961
2060	961
2060	962
2063	962
2063	963
2070	963
2070	965
2075	965
2075	966
2076	966
2076	967
2089	967
2089	968
2090	968
2090	970
2093	970
2093	971
2095	971
2095	970
2099	970
2099	972
2101	972
2101	973
2106	973
2106	974
2108	974
2108	975
2112	975
2112	976
2119	976
2119	979
2124	979
2124	980
2126	980
2126	981
2130	981
2130	982
2131	982
2131	983
2132	983
2132	984
2131	984
2131	987
2130	987
2130	988
2129	988
2129	989
2125	989
2125	991
2122	991
2122	992
2117	992
2117	993
2107	993
2107	994
2103	994
2103	995
2037	995
2037	994
2036	994
2036	995
2035	995
2035	994
2018	994
2018	993
2017	993
2017	992
2012	992
2012	991
2011	991
2011	990
2010	990
2010	989
1986	989
1986	988
1981	988
1981	987
1982	987
1982	986
1981	986
1981	985
1979	985
1979	984
1978	984
1978	985
1977	985
1977	984
1963	984
1963	982
1951	982
1951	981
1950	981
1950	980
1949	980
1949	979
1948	979
1948	978
1947	978
1947	979
1945	979
1945	978
1944	978
1944	977
1933	977
1933	978
1932	978
1932	992
1933	992
1933	995
1934	995
1934	996
1933	996
1933	998
1932	998
1932	999
1931	999
1931	998
1930	998
1930	999
1919	999
1919	998
1914	998
1914	996
1908	996
1908	995
1907	995
1907	994
1902	994
1902	993
1901	993
1901	992
1899	992
1899	991
1896	991
1896	990
1895	990
1895	989
1890	989
1890	988
1884	988
1884	987
1885	987
1885	986
1883	986
1883	984
1877	984
1877	983
1871	983
1871	982
1866	982
1866	981
1861	981
1861	980
1859	980
1859	976
1847	976
1847	991
1848	991
1848	995
1849	995
1849	1000
1850	1000
1850	1003
1849	1003
1849	1004
1840	1004
1840	1003
1839	1003
1839	1004
1838	1004
1838	1003
1835	1003
1835	1002
1831	1002
1831	1001
1823	1001
1823	1000
1821	1000
1821	999
1819	999
1819	998
1818	998
1818	997
1816	997
1816	996
1814	996
1814	995
1811	995
1811	994
1809	994
1809	993
1807	993
1807	992
1805	992
1805	989
1800	989
1800	988
1799	988
1799	986
1798	986
1798	985
1799	985
1799	984
1798	984
1798	983
1792	983
1792	982
1791	982
1791	981
1789	981
1789	980
1788	980
1788	979
1787	979
1787	978
1786	978
1786	977
1783	977
1783	976
1781	976
1781	974
1780	974
1780	971
1769	971
1769	972
1768	972
1768	979
1767	979
1767	995
1768	995
1768	1001
1767	1001
1767	1002
1751	1002
1751	1001
1749	1001
1749	1000
1743	1000
1743	999
1741	999
1741	998
1738	998
1738	996
1736	996
1736	995
1735	995
1735	996
1734	996
1734	995
1733	995
1733	996
1732	996
1732	995
1731	995
1731	993
1729	993
1729	992
1728	992
1728	991
1727	991
1727	990
1725	990
1725	989
1720	989
1720	988
1719	988
1719	986
1714	986
1714	985
1713	985
1713	983
1711	983
1711	982
1710	982
1710	981
1709	981
1709	980
1708	980
1708	978
1707	978
1707	977
1703	977
1703	976
1701	976
1701	978
1700	978
1700	976
1699	976
1699	973
1700	973
1700	976
1701	976
1701	971
1687	971
1687	977
1686	977
1686	979
1685	979
1685	987
1684	987
1684	992
1682	992
1682	993
1681	993
1681	992
1677	992
1677	990
1676	990
1676	989
1670	989
1670	988
1669	988
1669	987
1668	987
1668	986
1667	986
1667	985
1668	985
1668	984
1665	984
1665	983
1664	983
1664	982
1659	982
1659	978
1658	978
1658	977
1652	977
1652	976
1651	976
1651	975
1650	975
1650	974
1649	974
1649	972
1647	972
1647	971
1645	971
1645	970
1644	970
1644	968
1643	968
1643	966
1642	966
1642	965
1640	965
1640	962
1639	962
1639	961
1638	961
1638	960
1637	960
1637	959
1636	959
1636	958
1635	958
1635	955
1634	955
1634	953
1632	953
1632	948
1631	948
1631	947
1621	947
1621	948
1620	948
1620	954
1619	954
1619	955
1618	955
1618	959
1617	959
1617	963
1616	963
1616	970
1615	970
1615	971
1610	971
1610	970
1608	970
1608	969
1604	969
1604	968
1602	968
1602	967
1599	967
1599	966
1598	966
1598	965
1597	965
1597	964
1595	964
1595	963
1584	963
1584	964
1583	964
1583	965
1580	965
1580	966
1579	966
1579	970
1577	970
1577	971
1575	971
1575	972
1572	972
1572	976
1571	976
1571	985
1573	985
1573	986
1576	986
1576	987
1585	987
1585	988
1587	988
1587	989
1589	989
1589	990
1590	990
1590	991
1598	991
1598	992
1602	992
1602	993
1607	993
1607	994
1608	994
1608	997
1619	997
1619	999
1620	999
1620	1000
1623	1000
1623	1002
1626	1002
1626	1003
1627	1003
1627	1004
1632	1004
1632	1005
1634	1005
1634	1006
1635	1006
1635	1008
1633	1008
1633	1013
1630	1013
1630	1014
1626	1014
1626	1018
1623	1018
1623	1019
1622	1019
1622	1020
1621	1020
1621	1021
1620	1021
1620	1031
1630	1031
1630	1032
1632	1032
1632	1033
1633	1033
1633	1034
1641	1034
1641	1035
1642	1035
1642	1036
1645	1036
1645	1037
1650	1037
1650	1039
1651	1039
1651	1040
1656	1040
1656	1041
1661	1041
1661	1044
1663	1044
1663	1045
1664	1045
1664	1044
1666	1044
1666	1045
1667	1045
1667	1044
1669	1044
1669	1046
1672	1046
1672	1047
1675	1047
1675	1050
1676	1050
1676	1051
1681	1051
1681	1052
1683	1052
1683	1053
1686	1053
1686	1055
1687	1055
1687	1056
1685	1056
1685	1057
1684	1057
1684	1059
1683	1059
1683	1060
1682	1060
1682	1061
1681	1061
1681	1063
1675	1063
1675	1067
1674	1067
1674	1068
1672	1068
1672	1069
1669	1069
1669	1079
1670	1079
1670	1080
1674	1080
1674	1081
1681	1081
1681	1082
1682	1082
1682	1083
1689	1083
1689	1084
1691	1084
1691	1085
1695	1085
1695	1086
1701	1086
1701	1087
1702	1087
1702	1089
1710	1089
1710	1091
1711	1091
1711	1092
1714	1092
1714	1091
1715	1091
1715	1092
1717	1092
1717	1094
1718	1094
1718	1095
1723	1095
1723	1096
1724	1096
1724	1101
1729	1101
1729	1102
1730	1102
1730	1103
1732	1103
1732	1104
1733	1104
1733	1105
1730	1105
1730	1107
1729	1107
1729	1109
1728	1109
1728	1110
1726	1110
1726	1111
1724	1111
1724	1112
1723	1112
1723	1113
1722	1113
1722	1114
1721	1114
1721	1115
1720	1115
1720	1116
1719	1116
1719	1117
1714	1117
1714	1118
1712	1118
1712	1129
1717	1129
1717	1130
1718	1130
1718	1131
1721	1131
1721	1132
1725	1132
1725	1133
1728	1133
1728	1134
1735	1134
1735	1135
1736	1135
1736	1137
1741	1137
1741	1138
1745	1138
1745	1140
1746	1140
1746	1141
1748	1141
1748	1143
1753	1143
1753	1144
1754	1144
1754	1145
1756	1145
1756	1146
1758	1146
1758	1149
1759	1149
1759	1150
1764	1150
1764	1151
1766	1151
1766	1155
1767	1155
1767	1156
1768	1156
1768	1155
1769	1155
1769	1156
1770	1156
1770	1155
1771	1155
1771	1156
1773	1156
1773	1159
1775	1159
1775	1162
1776	1162
1776	1163
1777	1163
1777	1164
1778	1164
1778	1166
1772	1166
1772	1169
1771	1169
1771	1170
1767	1170
1767	1171
1766	1171
1766	1172
1760	1172
1760	1174
1757	1174
1757	1175
1753	1175
1753	1176
1748	1176
1748	1186
1750	1186
1750	1187
1753	1187
1753	1188
1754	1188
1754	1189
1755	1189
1755	1188
1756	1188
1756	1189
1757	1189
1757	1191
1760	1191
1760	1192
1761	1192
1761	1194
1765	1194
1765	1195
1768	1195
1768	1196
1771	1196
1771	1198
1772	1198
1772	1199
1774	1199
1774	1201
1778	1201
1778	1203
1779	1203
1779	1204
1783	1204
1783	1205
1785	1205
1785	1206
1786	1206
1786	1207
1787	1207
1787	1208
1790	1208
1790	1209
1791	1209
1791	1210
1792	1210
1792	1211
1793	1211
1793	1212
1796	1212
1796	1216
1798	1216
1798	1217
1802	1217
1802	1218
1803	1218
1803	1222
1804	1222
1804	1223
1810	1223
1810	1225
1811	1225
1811	1226
1812	1226
1812	1227
1813	1227
1813	1228
1815	1228
1815	1229
1816	1229
1816	1231
1817	1231
1817	1232
1820	1232
1820	1233
1821	1233
1821	1234
1822	1234
1822	1235
1825	1235
1825	1239
1827	1239
1827	1240
1829	1240
1829	1241
1830	1241
1830	1243
1833	1243
1833	1246
1834	1246
1834	1247
1839	1247
1839	1249
1840	1249
1840	1250
1843	1250
1843	1251
1845	1251
1845	1252
1846	1252
1846	1253
1848	1253
1848	1254
1849	1254
1849	1255
1851	1255
1851	1258
1852	1258
1852	1259
1854	1259
1854	1261
1856	1261
1856	1262
1857	1262
1857	1263
1858	1263
1858	1265
1862	1265
1862	1267
1863	1267
1863	1271
1867	1271
1867	1272
1868	1272
1868	1273
1869	1273
1869	1274
1872	1274
1872	1275
1876	1275
1876	1277
1878	1277
1878	1278
1881	1278
1881	1279
1882	1279
1882	1283
1885	1283
1885	1284
1888	1284
1888	1285
1889	1285
1889	1286
1890	1286
1890	1287
1894	1287
1894	1291
1896	1291
1896	1292
1897	1292
1897	1293
1898	1293
1898	1294
1899	1294
1899	1295
1900	1295
1900	1296
1901	1296
1901	1297
1902	1297
1902	1298
1903	1298
1903	1299
1906	1299
1906	1301
1908	1301
1908	1302
1910	1302
1910	1304
1911	1304
1911	1305
1912	1305
1912	1307
1916	1307
1916	1308
1918	1308
1918	1313
1919	1313
1919	1314
1920	1314
1920	1313
1921	1313
1921	1314
1924	1314
1924	1317
1926	1317
1926	1318
1928	1318
1928	1319
1929	1319
1929	1320
1930	1320
1930	1322
1931	1322
1931	1323
1932	1323
1932	1324
1933	1324
1933	1325
1936	1325
1936	1326
1938	1326
1938	1329
1940	1329
1940	1330
1941	1330
1941	1331
1943	1331
1943	1332
1944	1332
1944	1333
1945	1333
1945	1335
1946	1335
1946	1336
1947	1336
1947	1337
1948	1337
1948	1338
1950	1338
1950	1342
1951	1342
1951	1345
1950	1345
1950	1346
1949	1346
1949	1345
1938	1345
1938	1344
1935	1344
1935	1343
1932	1343
1932	1342
1926	1342
1926	1340
1925	1340
1925	1339
1920	1339
1920	1337
1919	1337
1919	1336
1914	1336
1914	1335
1911	1335
1911	1334
1908	1334
1908	1332
1907	1332
1907	1331
1902	1331
1902	1329
1901	1329
1901	1328
1895	1328
1895	1327
1890	1327
1890	1324
1884	1324
1884	1321
1883	1321
1883	1320
1878	1320
1878	1318
1872	1318
1872	1317
1871	1317
1871	1315
1867	1315
1867	1314
1866	1314
1866	1313
1865	1313
1865	1310
1859	1310
1859	1309
1856	1309
1856	1308
1853	1308
1853	1305
1848	1305
1848	1304
1847	1304
1847	1303
1844	1303
1844	1302
1842	1302
1842	1301
1841	1301
1841	1300
1840	1300
1840	1299
1837	1299
1837	1298
1835	1298
1835	1296
1831	1296
1831	1295
1829	1295
1829	1294
1828	1294
1828	1293
1827	1293
1827	1292
1826	1292
1826	1293
1823	1293
1823	1291
1817	1291
1817	1289
1811	1289
1811	1288
1810	1288
1810	1287
1811	1287
1811	1286
1805	1286
1805	1285
1799	1285
1799	1282
1798	1282
1798	1281
1792	1281
1792	1279
1787	1279
1787	1277
1786	1277
1786	1275
1780	1275
1780	1272
1779	1272
1779	1271
1774	1271
1774	1269
1771	1269
1771	1268
1770	1268
1770	1267
1760	1267
1760	1270
1759	1270
1759	1280
1760	1280
1760	1281
1759	1281
1759	1282
1757	1282
1757	1281
1742	1281
1742	1280
1741	1280
1741	1278
1732	1278
1732	1270
1726	1270
1726	1268
1725	1268
1725	1266
1722	1266
1722	1265
1720	1265
1720	1264
1719	1264
1719	1263
1717	1263
1717	1262
1716	1262
1716	1261
1715	1261
1715	1260
1714	1260
1714	1259
1713	1259
1713	1257
1712	1257
1712	1256
1711	1256
1711	1257
1709	1257
1709	1256
1708	1256
1708	1254
1707	1254
1707	1251
1706	1251
1706	1250
1704	1250
1704	1249
1695	1249
1695	1251
1694	1251
1694	1257
1693	1257
1693	1272
1683	1272
1683	1269
1677	1269
1677	1266
1672	1266
1672	1265
1671	1265
1671	1263
1666	1263
1666	1261
1665	1261
1665	1259
1664	1259
1664	1258
1661	1258
1661	1257
1659	1257
1659	1253
1658	1253
1658	1252
1657	1252
1657	1251
1656	1251
1656	1252
1654	1252
1654	1251
1652	1251
1652	1250
1650	1250
1650	1249
1649	1249
1649	1248
1648	1248
1648	1247
1647	1247
1647	1245
1646	1245
1646	1243
1645	1243
1645	1241
1644	1241
1644	1242
1643	1242
1643	1241
1642	1241
1642	1239
1640	1239
1640	1236
1633	1236
1633	1235
1632	1235
1632	1236
1630	1236
1630	1239
1629	1239
1629	1244
1628	1244
1628	1245
1627	1245
1627	1258
1626	1258
1626	1260
1614	1260
1614	1257
1610	1257
1610	1256
1608	1256
1608	1255
1607	1255
1607	1254
1605	1254
1605	1253
1604	1253
1604	1250
1603	1250
1603	1249
1598	1249
1598	1245
1597	1245
1597	1244
1595	1244
1595	1243
1594	1243
1594	1242
1593	1242
1593	1241
1592	1241
1592	1239
1591	1239
1591	1238
1589	1238
1589	1237
1588	1237
1588	1236
1587	1236
1587	1235
1586	1235
1586	1233
1585	1233
1585	1232
1584	1232
1584	1231
1583	1231
1583	1229
1582	1229
1582	1228
1581	1228
1581	1227
1580	1227
1580	1221
1578	1221
1578	1220
1576	1220
1576	1217
1575	1217
1575	1215
1565	1215
1565	1219
1564	1219
1564	1222
1563	1222
1563	1224
1562	1224
1562	1226
1561	1226
1561	1227
1560	1227
1560	1232
1559	1232
1559	1235
1556	1235
1556	1234
1555	1234
1555	1233
1549	1233
1549	1232
1547	1232
1547	1231
1546	1231
1546	1228
1545	1228
1545	1226
1543	1226
1543	1225
1540	1225
1540	1224
1539	1224
1539	1222
1538	1222
1538	1221
1537	1221
1537	1219
1536	1219
1536	1218
1535	1218
1535	1217
1534	1217
1534	1216
1533	1216
1533	1215
1532	1215
1532	1212
1531	1212
1531	1207
1530	1207
1530	1206
1527	1206
1527	1203
1525	1203
1525	1202
1524	1202
1524	1201
1523	1201
1523	1198
1522	1198
1522	1196
1521	1196
1521	1195
1520	1195
1520	1191
1519	1191
1519	1185
1518	1185
1518	1184
1508	1184
1508	1185
1507	1185
1507	1186
1506	1186
1506	1189
1505	1189
1505	1190
1504	1190
1504	1192
1503	1192
1503	1194
1502	1194
1502	1196
1501	1196
1501	1200
1500	1200
1500	1202
1496	1202
1496	1201
1494	1201
1494	1200
1492	1200
1492	1199
1490	1199
1490	1198
1489	1198
1489	1197
1488	1197
1488	1196
1487	1196
1487	1195
1486	1195
1486	1194
1485	1194
1485	1191
1484	1191
1484	1190
1483	1190
1483	1189
1482	1189
1482	1185
1481	1185
1481	1184
1479	1184
1479	1182
1478	1182
1478	1181
1477	1181
1477	1179
1476	1179
1476	1178
1473	1178
1473	1168
1472	1168
1472	1166
1471	1166
1471	1165
1470	1165
1470	1160
1468	1160
1468	1157
1467	1157
1467	1152
1457	1152
1457	1154
1455	1154
1455	1155
1454	1155
1454	1160
1447	1160
1447	1159
1446	1159
1446	1154
1443	1154
1443	1153
1441	1153
1441	1152
1440	1152
1440	1149
1439	1149
1439	1148
1437	1148
1437	1147
1436	1147
1436	1145
1435	1145
1435	1144
1434	1144
1434	1142
1433	1142
1433	1140
1432	1140
1432	1138
1431	1138
1431	1136
1430	1136
1430	1130
1429	1130
1429	1129
1428	1129
1428	1128
1427	1128
1427	1123
1426	1123
1426	1122
1425	1122
1425	1116
1424	1116
1424	1110
1413	1110
1413	1111
1412	1111
1412	1112
1411	1112
1411	1117
1409	1117
1409	1116
1407	1116
1407	1115
1405	1115
1405	1114
1404	1114
1404	1112
1403	1112
1403	1111
1400	1111
1400	1106
1399	1106
1399	1105
1398	1105
1398	1104
1397	1104
1397	1100
1396	1100
1396	1099
1394	1099
1394	1094
1393	1094
1393	1093
1392	1093
1392	1092
1391	1092
1391	1087
1388	1087
1388	1083
1387	1083
1387	1081
1385	1081
1385	1075
1384	1075
1384	1074
1383	1074
1383	1070
1382	1070
1382	1068
1381	1068
1381	1063
1380	1063
1380	1062
1371	1062
1371	1063
1370	1063
1370	1066
1369	1066
1369	1068
1367	1068
1367	1069
1365	1069
1365	1073
1364	1073
1364	1076
1361	1076
1361	1075
1360	1075
1360	1074
1359	1074
1359	1073
1357	1073
1357	1071
1356	1071
1356	1070
1355	1070
1355	1068
1354	1068
1354	1067
1353	1067
1353	1065
1352	1065
1352	1062
1351	1062
1351	1057
1349	1057
1349	1051
1348	1051
1348	1050
1347	1050
1347	1049
1346	1049
1346	1044
1345	1044
1345	1040
1344	1040
1344	1038
1343	1038
1343	1033
1342	1033
1342	1032
1339	1032
1339	1025
1338	1025
1338	1024
1337	1024
1337	1016
1336	1016
1336	1014
1322	1014
1322	1019
1321	1019
1321	1020
1316	1020
1316	1022
1315	1022
1315	1024
1314	1024
1314	1026
1310	1026
1310	1025
1309	1025
1309	1024
1308	1024
1308	1020
1306	1020
1306	1019
1305	1019
1305	1015
1304	1015
1304	1011
1303	1011
1303	1008
1302	1008
1302	1003
1301	1003
1301	1001
1300	1001
1300	990
1299	990
1299	989
1298	989
1298	987
1297	987
1297	984
1296	984
1296	982
1295	982
1295	978
1294	978
1294	971
1292	971
1292	970
1291	970
1291	963
1290	963
1290	959
1280	959
1280	962
1279	962
1279	963
1278	963
1278	964
1277	964
1277	965
1274	965
1274	966
1273	966
1273	969
1272	969
1272	970
1271	970
1271	971
1268	971
1268	970
1267	970
1267	966
1266	966
1266	965
1264	965
1264	962
1263	962
1263	960
1262	960
1262	959
1253	959
1253	958
1243	958
1243	959
1232	959
1232	960
1231	960
1231	968
1232	968
1232	970
1236	970
1236	971
1237	971
1237	975
1238	975
1238	976
1241	976
1241	977
1242	977
1242	978
1243	978
1243	979
1244	979
1244	980
1245	980
1245	981
1246	981
1246	983
1247	983
1247	985
1249	985
1249	986
1250	986
1250	987
1252	987
1252	988
1253	988
1253	990
1254	990
1254	991
1255	991
1255	993
1256	993
1256	997
1259	997
1259	998
1261	998
1261	1000
1262	1000
1262	1003
1263	1003
1263	1004
1265	1004
1265	1005
1266	1005
1266	1007
1268	1007
1268	1012
1271	1012
1271	1013
1273	1013
1273	1014
1274	1014
1274	1015
1275	1015
1275	1017
1276	1017
1276	1018
1277	1018
1277	1020
1278	1020
1278	1021
1279	1021
1279	1022
1280	1022
1280	1023
1279	1023
1279	1025
1275	1025
1275	1026
1263	1026
1263	1027
1262	1027
1262	1028
1260	1028
1260	1029
1259	1029
1259	1028
1258	1028
1258	1029
1256	1029
1256	1040
1259	1040
1259	1041
1260	1041
1260	1042
1261	1042
1261	1043
1262	1043
1262	1046
1265	1046
1265	1047
1267	1047
1267	1048
1268	1048
1268	1052
1270	1052
1270	1055
1271	1055
1271	1056
1272	1056
1272	1057
1273	1057
1273	1058
1274	1058
1274	1059
1275	1059
1275	1060
1276	1060
1276	1062
1277	1062
1277	1063
1279	1063
1279	1064
1280	1064
1280	1066
1281	1066
1281	1069
1282	1069
1282	1071
1285	1071
1285	1074
1286	1074
1286	1076
1287	1076
1287	1077
1288	1077
1288	1079
1290	1079
1290	1080
1291	1080
1291	1082
1293	1082
1293	1083
1294	1083
1294	1085
1295	1085
1295	1089
1296	1089
1296	1090
1297	1090
1297	1093
1298	1093
1298	1094
1299	1094
1299	1095
1300	1095
1300	1096
1301	1096
1301	1102
1289	1102
1289	1101
1279	1101
1279	1102
1278	1102
1278	1101
1274	1101
1274	1102
1273	1102
1273	1114
1274	1114
1274	1115
1275	1115
1275	1116
1279	1116
1279	1118
1280	1118
1280	1121
1283	1121
1283	1123
1284	1123
1284	1124
1285	1124
1285	1126
1287	1126
1287	1128
1288	1128
1288	1129
1289	1129
1289	1130
1290	1130
1290	1131
1291	1131
1291	1133
1292	1133
1292	1137
1294	1137
1294	1138
1295	1138
1295	1139
1296	1139
1296	1140
1297	1140
1297	1141
1298	1141
1298	1144
1300	1144
1300	1147
1302	1147
1302	1150
1303	1150
1303	1151
1304	1151
1304	1155
1305	1155
1305	1156
1306	1156
1306	1157
1305	1157
1305	1158
1306	1158
1306	1159
1307	1159
1307	1160
1308	1160
1308	1162
1309	1162
1309	1164
1310	1164
1310	1166
1311	1166
1311	1171
1312	1171
1312	1175
1313	1175
1313	1177
1314	1177
1314	1183
1313	1183
1313	1184
1312	1184
1312	1183
1310	1183
1310	1182
1292	1182
1292	1193
1293	1193
1293	1194
1294	1194
1294	1195
1296	1195
1296	1196
1297	1196
1297	1197
1298	1197
1298	1199
1299	1199
1299	1200
1303	1200
1303	1202
1304	1202
1304	1204
1306	1204
1306	1205
1307	1205
1307	1207
1308	1207
1308	1208
1309	1208
1309	1210
1310	1210
1310	1216
1312	1216
1312	1217
1316	1217
1316	1219
1317	1219
1317	1221
1316	1221
1316	1222
1318	1222
1318	1224
1320	1224
1320	1225
1322	1225
1322	1227
1323	1227
1323	1230
1325	1230
1325	1232
1326	1232
1326	1234
1328	1234
1328	1240
1330	1240
1330	1241
1332	1241
1332	1243
1333	1243
1333	1245
1316	1245
1316	1246
1315	1246
1315	1247
1311	1247
1311	1248
1304	1248
1304	1249
1296	1249
1296	1248
1295	1248
1295	1249
1292	1249
1292	1258
1293	1258
1293	1259
1295	1259
1295	1260
1296	1260
1296	1261
1297	1261
1297	1262
1298	1262
1298	1264
1299	1264
1299	1265
1301	1265
1301	1267
1303	1267
1303	1268
1304	1268
1304	1270
1305	1270
1305	1271
1306	1271
1306	1272
1307	1272
1307	1275
1308	1275
1308	1277
1309	1277
1309	1278
1310	1278
1310	1282
1311	1282
1311	1283
1314	1283
1314	1289
1316	1289
1316	1290
1317	1290
1317	1293
1318	1293
1318	1295
1319	1295
1319	1296
1320	1296
1320	1297
1321	1297
1321	1299
1322	1299
1322	1302
1324	1302
1324	1303
1325	1303
1325	1304
1324	1304
1324	1305
1325	1305
1325	1306
1326	1306
1326	1308
1327	1308
1327	1310
1328	1310
1328	1313
1329	1313
1329	1318
1328	1318
1328	1319
1329	1319
1329	1320
1330	1320
1330	1325
1331	1325
1331	1327
1330	1327
1330	1329
1329	1329
1329	1330
1318	1330
1318	1329
1297	1329
1297	1339
1298	1339
1298	1343
1299	1343
1299	1344
1302	1344
1302	1345
1303	1345
1303	1347
1304	1347
1304	1350
1306	1350
1306	1351
1308	1351
1308	1353
1309	1353
1309	1355
1311	1355
1311	1357
1312	1357
1312	1359
1313	1359
1313	1360
1314	1360
1314	1362
1316	1362
1316	1363
1317	1363
1317	1364
1316	1364
1316	1367
1317	1367
1317	1368
1319	1368
1319	1369
1320	1369
1320	1370
1321	1370
1321	1371
1322	1371
1322	1372
1323	1372
1323	1374
1324	1374
1324	1375
1325	1375
1325	1377
1326	1377
1326	1379
1328	1379
1328	1386
1329	1386
1329	1387
1331	1387
1331	1388
1332	1388
1332	1392
1333	1392
1333	1393
1334	1393
1334	1394
1335	1394
1335	1399
1337	1399
1337	1404
1338	1404
1338	1410
1339	1410
1339	1414
1338	1414
1338	1417
1337	1417
1337	1418
1335	1418
1335	1417
1334	1417
1334	1416
1330	1416
1330	1415
1321	1415
1321	1414
1302	1414
1302	1424
1303	1424
1303	1426
1304	1426
1304	1428
1305	1428
1305	1429
1306	1429
1306	1430
1305	1430
1305	1431
1307	1431
1307	1432
1308	1432
1308	1434
1309	1434
1309	1437
1310	1437
1310	1441
1313	1441
1313	1444
1314	1444
1314	1445
1315	1445
1315	1448
1316	1448
1316	1456
1317	1456
1317	1459
1320	1459
1320	1460
1321	1460
1321	1465
1322	1465
1322	1469
1323	1469
1323	1470
1322	1470
1322	1471
1324	1471
1324	1472
1325	1472
1325	1476
1326	1476
1326	1477
1327	1477
1327	1478
1328	1478
1328	1482
1329	1482
1329	1484
1331	1484
1331	1487
1332	1487
1332	1491
1333	1491
1333	1496
1334	1496
1334	1511
1330	1511
1330	1510
1321	1510
1321	1509
1318	1509
1318	1506
1307	1506
1307	1507
1306	1507
1306	1516
1307	1516
1307	1517
1308	1517
1308	1520
1309	1520
1309	1521
1310	1521
1310	1522
1311	1522
1311	1523
1313	1523
1313	1524
1314	1524
1314	1526
1315	1526
1315	1528
1316	1528
1316	1531
1317	1531
1317	1534
1318	1534
1318	1535
1320	1535
1320	1538
1321	1538
1321	1539
1322	1539
1322	1542
1323	1542
1323	1547
1324	1547
1324	1548
1325	1548
1325	1549
1326	1549
1326	1555
1327	1555
1327	1557
1328	1557
1328	1580
1327	1580
1327	1581
1328	1581
1328	1582
1327	1582
1327	1584
1324	1584
1324	1583
1322	1583
1322	1582
1320	1582
1320	1581
1312	1581
1312	1578
1304	1578
1304	1577
1303	1577
1303	1578
1301	1578
1301	1581
1300	1581
1300	1582
1301	1582
1301	1584
1300	1584
1300	1585
1301	1585
1301	1586
1300	1586
1300	1587
1301	1587
1301	1589
1302	1589
1302	1590
1304	1590
1304	1593
1305	1593
1305	1594
1306	1594
1306	1597
1308	1597
1308	1598
1309	1598
1309	1602
1310	1602
1310	1604
1311	1604
1311	1605
1312	1605
1312	1606
1313	1606
1313	1613
1315	1613
1315	1615
1316	1615
1316	1623
1317	1623
1317	1624
1318	1624
1318	1626
1319	1626
1319	1633
1320	1633
1320	1636
1321	1636
1321	1638
1322	1638
1322	1642
1324	1642
1324	1645
1325	1645
1325	1647
1326	1647
1326	1650
1327	1650
1327	1653
1328	1653
1328	1655
1330	1655
1330	1658
1331	1658
1331	1662
1332	1662
1332	1665
1333	1665
1333	1667
1334	1667
1334	1670
1335	1670
1335	1672
1336	1672
1336	1673
1337	1673
1337	1679
1338	1679
1338	1680
1339	1680
1339	1684
1340	1684
1340	1685
1339	1685
1339	1686
1341	1686
1341	1690
1342	1690
1342	1691
1343	1691
1343	1693
1344	1693
1344	1697
1345	1697
1345	1698
1346	1698
1346	1700
1347	1700
1347	1708
1348	1708
1348	1709
1350	1709
1350	1711
1351	1711
1351	1714
1352	1714
1352	1715
1353	1715
1353	1720
1354	1720
1354	1721
1356	1721
1356	1722
1357	1722
1357	1724
1358	1724
1358	1725
1359	1725
1359	1727
1360	1727
1360	1728
1361	1728
1361	1730
1362	1730
1362	1732
1363	1732
1363	1733
1364	1733
1364	1735
1365	1735
1365	1738
1366	1738
1366	1739
1368	1739
1368	1740
1370	1740
1370	1742
1371	1742
1371	1745
1372	1745
1372	1747
1374	1747
1374	1749
1376	1749
1376	1750
1377	1750
1377	1757
1381	1757
1381	1760
1382	1760
1382	1761
1383	1761
1383	1764
1384	1764
1384	1765
1385	1765
1385	1766
1386	1766
1386	1767
1388	1767
1388	1768
1389	1768
1389	1770
1390	1770
1390	1771
1391	1771
1391	1774
1392	1774
1392	1776
1393	1776
1393	1777
1395	1777
1395	1780
1396	1780
1396	1782
1397	1782
1397	1785
1398	1785
1398	1788
1400	1788
1400	1789
1401	1789
1401	1793
1402	1793
1402	1794
1404	1794
1404	1795
1405	1795
1405	1799
1406	1799
1406	1800
1407	1800
1407	1802
1408	1802
1408	1806
1410	1806
1410	1808
1411	1808
1411	1810
1412	1810
1412	1813
1411	1813
1411	1814
1406	1814
1406	1813
1404	1813
1404	1812
1403	1812
1403	1811
1399	1811
1399	1810
1397	1810
1397	1808
1395	1808
1395	1807
1391	1807
1391	1804
1386	1804
1386	1803
1385	1803
1385	1801
1381	1801
1381	1800
1379	1800
1379	1798
1377	1798
1377	1797
1376	1797
1376	1796
1373	1796
1373	1794
1374	1794
1374	1793
1373	1793
1373	1792
1372	1792
1372	1791
1371	1791
1371	1790
1370	1790
1370	1789
1369	1789
1369	1788
1368	1788
1368	1787
1367	1787
1367	1786
1355	1786
1355	1774
1350	1774
1350	1773
1349	1773
1349	1772
1348	1772
1348	1768
1343	1768
1343	1763
1342	1763
1342	1762
1340	1762
1340	1761
1336	1761
1336	1760
1335	1760
1335	1755
1332	1755
1332	1754
1331	1754
1331	1750
1330	1750
1330	1748
1328	1748
1328	1747
1327	1747
1327	1746
1326	1746
1326	1745
1325	1745
1325	1744
1324	1744
1324	1743
1323	1743
1323	1742
1322	1742
1322	1741
1321	1741
1321	1740
1320	1740
1320	1739
1319	1739
1319	1737
1318	1737
1318	1734
1314	1734
1314	1731
1313	1731
1313	1730
1312	1730
1312	1725
1308	1725
1308	1723
1307	1723
1307	1721
1306	1721
1306	1719
1305	1719
1305	1718
1304	1718
1304	1717
1303	1717
1303	1716
1302	1716
1302	1715
1301	1715
1301	1714
1300	1714
1300	1709
1296	1709
1296	1708
1295	1708
1295	1707
1294	1707
1294	1701
1290	1701
1290	1695
1288	1695
1288	1694
1287	1694
1287	1693
1288	1693
1288	1691
1287	1691
1287	1689
1284	1689
1284	1684
1283	1684
1283	1683
1281	1683
1281	1682
1279	1682
1279	1681
1278	1681
1278	1678
1277	1678
1277	1677
1276	1677
1276	1676
1275	1676
1275	1675
1274	1675
1274	1674
1273	1674
1273	1673
1271	1673
1271	1671
1270	1671
1270	1668
1269	1668
1269	1665
1268	1665
1268	1664
1267	1664
1267	1662
1266	1662
1266	1658
1264	1658
1264	1656
1263	1656
1263	1647
1262	1647
1262	1646
1260	1646
1260	1645
1250	1645
1250	1646
1249	1646
1249	1647
1248	1647
1248	1649
1246	1649
1246	1648
1245	1648
1245	1646
1242	1646
1242	1641
1241	1641
1241	1640
1240	1640
1240	1639
1239	1639
1239	1635
1238	1635
1238	1634
1237	1634
1237	1630
1236	1630
1236	1627
1235	1627
1235	1622
1233	1622
1233	1612
1232	1612
1232	1611
1223	1611
1223	1612
1221	1612
1221	1610
1218	1610
1218	1609
1216	1609
1216	1608
1215	1608
1215	1604
1214	1604
1214	1603
1212	1603
1212	1602
1211	1602
1211	1598
1209	1598
1209	1592
1208	1592
1208	1590
1209	1590
1209	1587
1208	1587
1208	1586
1206	1586
1206	1585
1205	1585
1205	1574
1204	1574
1204	1570
1203	1570
1203	1565
1204	1565
1204	1559
1203	1559
1203	1558
1204	1558
1204	1555
1202	1555
1202	1554
1195	1554
1195	1555
1189	1555
1189	1558
1188	1558
1188	1560
1186	1560
1186	1561
1181	1561
1181	1565
1180	1565
1180	1566
1179	1566
1179	1567
1177	1567
1177	1568
1176	1568
1176	1571
1173	1571
1173	1570
1172	1570
1172	1567
1168	1567
1168	1561
1166	1561
1166	1555
1164	1555
1164	1550
1163	1550
1163	1543
1162	1543
1162	1537
1161	1537
1161	1528
1160	1528
1160	1504
1161	1504
1161	1502
1162	1502
1162	1487
1152	1487
1152	1490
1150	1490
1150	1491
1149	1491
1149	1492
1148	1492
1148	1493
1146	1493
1146	1494
1141	1494
1141	1495
1140	1495
1140	1497
1139	1497
1139	1498
1138	1498
1138	1499
1137	1499
1137	1500
1134	1500
1134	1501
1133	1501
1133	1502
1132	1502
1132	1503
1130	1503
1130	1504
1127	1504
1127	1501
1126	1501
1126	1500
1125	1500
1125	1499
1124	1499
1124	1495
1123	1495
1123	1493
1122	1493
1122	1491
1121	1491
1121	1484
1120	1484
1120	1449
1121	1449
1121	1442
1122	1442
1122	1437
1123	1437
1123	1434
1124	1434
1124	1422
1123	1422
1123	1415
1110	1415
1110	1416
1109	1416
1109	1418
1108	1418
1108	1419
1105	1419
1105	1420
1104	1420
1104	1421
1097	1421
1097	1425
1095	1425
1095	1427
1093	1427
1093	1428
1091	1428
1091	1427
1089	1427
1089	1425
1088	1425
1088	1422
1087	1422
1087	1421
1085	1421
1085	1417
1084	1417
1084	1406
1083	1406
1083	1403
1084	1403
1084	1392
1085	1392
1085	1383
1086	1383
1086	1382
1087	1382
1087	1381
1086	1381
1086	1380
1087	1380
1087	1362
1088	1362
1088	1359
1089	1359
1089	1350
1090	1350
1090	1349
1089	1349
1089	1348
1090	1348
1090	1347
1091	1347
1091	1346
1092	1346
1092	1337
1091	1337
1091	1336
1079	1336
1079	1338
1078	1338
1078	1339
1074	1339
1074	1340
1073	1340
1073	1341
1072	1341
1072	1342
1067	1342
1067	1343
1066	1343
1066	1344
1061	1344
1061	1345
1056	1345
1056	1346
1055	1346
1055	1348
1050	1348
1050	1345
1049	1345
1049	1344
1048	1344
1048	1339
1047	1339
1047	1330
1048	1330
1048	1325
1049	1325
1049	1322
1050	1322
1050	1317
1051	1317
1051	1316
1050	1316
1050	1313
1051	1313
1051	1312
1050	1312
1050	1309
1051	1309
1051	1302
1052	1302
1052	1301
1053	1301
1053	1296
1054	1296
1054	1295
1053	1295
1053	1294
1054	1294
1054	1292
1055	1292
1055	1289
1056	1289
1056	1288
1057	1288
1057	1280
1058	1280
1058	1277
1059	1277
1059	1272
1060	1272
1060	1270
1061	1270
1061	1266
1062	1266
1062	1265
1063	1265
1063	1263
1064	1263
1064	1261
1065	1261
1065	1251
1037	1251
1037	1254
1031	1254
1031	1255
1024	1255
1024	1251
1023	1251
1023	1244
1024	1244
1024	1237
1025	1237
1025	1235
1026	1235
1026	1230
1027	1230
1027	1228
1029	1228
1029	1217
1030	1217
1030	1216
1032	1216
1032	1213
1033	1213
1033	1210
1034	1210
1034	1208
1036	1208
1036	1205
1037	1205
1037	1204
1038	1204
1038	1203
1039	1203
1039	1198
1040	1198
1040	1195
1041	1195
1041	1194
1042	1194
1042	1193
1043	1193
1043	1192
1044	1192
1044	1191
1045	1191
1045	1188
1046	1188
1046	1178
1030	1178
1030	1180
1026	1180
1026	1181
1023	1181
1023	1182
1019	1182
1019	1178
1018	1178
1018	1174
1019	1174
1019	1173
1020	1173
1020	1167
1021	1167
1021	1163
1022	1163
1022	1159
1024	1159
1024	1156
1025	1156
1025	1155
1026	1155
1026	1151
1027	1151
1027	1150
1028	1150
1028	1149
1029	1149
1029	1145
1030	1145
1030	1143
1032	1143
1032	1138
1033	1138
1033	1137
1034	1137
1034	1135
1035	1135
1035	1134
1036	1134
1036	1133
1037	1133
1037	1131
1038	1131
1038	1128
1039	1128
1039	1125
1042	1125
1042	1122
1043	1122
1043	1120
1044	1120
1044	1119
1046	1119
1046	1114
1047	1114
1047	1106
1046	1106
1046	1105
1031	1105
1031	1106
1030	1106
1030	1107
1020	1107
1020	1098
1021	1098
1021	1096
1022	1096
1022	1092
1023	1092
1023	1088
1024	1088
1024	1083
1025	1083
1025	1082
1026	1082
1026	1081
1027	1081
1027	1080
1028	1080
1028	1078
1029	1078
1029	1077
1030	1077
1030	1072
1031	1072
1031	1071
1032	1071
1032	1065
1033	1065
1033	1064
1035	1064
1035	1059
1036	1059
1036	1058
1038	1058
1038	1052
1039	1052
1039	1049
1040	1049
1040	1047
1041	1047
1041	1046
1042	1046
1042	1042
1043	1042
1043	1040
1044	1040
1044	1039
1045	1039
1045	1034
1047	1034
1047	1033
1048	1033
1048	1025
1047	1025
1047	1024
1036	1024
1036	1025
1030	1025
1030	1026
1018	1026
1018	1029
1015	1029
1015	1020
1016	1020
1016	1014
1017	1014
1017	1013
1018	1013
1018	1010
1020	1010
1020	1008
1021	1008
1021	1007
1020	1007
1020	1005
1021	1005
1021	1004
1022	1004
1022	1003
1023	1003
1023	999
1024	999
1024	998
1026	998
1026	997
1027	997
1027	993
1028	993
1028	992
1030	992
1030	986
1031	986
1031	985
1032	985
1032	983
1033	983
1033	979
1034	979
1034	977
1035	977
1035	975
1036	975
1036	974
1038	974
1038	968
1039	968
1039	967
1040	967
1040	966
1041	966
1041	963
1042	963
1042	960
1043	960
1043	956
1045	956
1045	955
1046	955
1046	954
1047	954
1047	950
1048	950
1048	941
1031	941
1031	942
1030	942
1030	943
1027	943
1027	944
1026	944
1026	941
1023	941
1023	938
1024	938
1024	933
1025	933
1025	931
1026	931
1026	927
1027	927
1027	925
1028	925
1028	924
1029	924
1029	920
1030	920
1030	919
1032	919
1032	918
1033	918
1033	912
1034	912
1034	910
1035	910
1035	907
1036	907
1036	900
1035	900
1035	899
1036	899
1036	898
1033	898
1033	897
1032	897
1032	898
1031	898
1031	897
1027	897
1027	896
1026	896
1026	895
1023	895
1023	893
1020	893
1020	892
1018	892
1018	891
1015	891
1015	892
1014	892
1014	891
1010	891
1010	892
1009	892
1009	903
1010	903
1010	914
1011	914
1011	919
1010	919
1010	921
1011	921
1011	923
1010	923
1010	944
1011	944
1011	946
1010	946
1010	947
1011	947
1011	949
1012	949
1012	951
1011	951
1011	952
1012	952
1012	955
1013	955
1013	959
1014	959
1014	963
1015	963
1015	976
1016	976
1016	977
1015	977
1015	978
1016	978
1016	980
1015	980
1015	983
1010	983
1010	982
1007	982
1007	981
1005	981
1005	980
1003	980
1003	979
1002	979
1002	978
1000	978
1000	977
997	977
997	976
988	976
988	977
987	977
987	987
988	987
988	1002
987	1002
987	1011
986	1011
986	1022
987	1022
987	1030
988	1030
988	1060
987	1060
987	1063
986	1063
986	1064
985	1064
985	1063
984	1063
984	1062
983	1062
983	1060
980	1060
980	1059
978	1059
978	1057
977	1057
977	1056
973	1056
973	1055
972	1055
972	1054
970	1054
970	1053
968	1053
968	1052
958	1052
958	1053
957	1053
957	1062
958	1062
958	1071
959	1071
959	1075
958	1075
958	1098
957	1098
957	1117
956	1117
956	1118
955	1118
955	1124
954	1124
954	1126
953	1126
953	1128
952	1128
952	1129
951	1129
951	1128
950	1128
950	1127
949	1127
949	1126
948	1126
948	1125
947	1125
947	1123
943	1123
943	1122
942	1122
942	1121
941	1121
941	1117
930	1117
930	1136
931	1136
931	1175
930	1175
930	1185
929	1185
929	1190
928	1190
928	1191
927	1191
927	1195
925	1195
925	1194
924	1194
924	1193
923	1193
923	1191
922	1191
922	1190
917	1190
917	1189
915	1189
915	1188
914	1188
914	1187
913	1187
913	1186
911	1186
911	1183
910	1183
910	1182
904	1182
904	1183
903	1183
903	1182
902	1182
902	1183
900	1183
900	1189
899	1189
899	1190
900	1190
900	1202
901	1202
901	1216
902	1216
902	1220
901	1220
901	1238
902	1238
902	1245
901	1245
901	1250
900	1250
900	1252
899	1252
899	1256
898	1256
898	1257
897	1257
897	1260
895	1260
895	1259
894	1259
894	1258
893	1258
893	1257
892	1257
892	1256
891	1256
891	1255
886	1255
886	1251
873	1251
873	1252
872	1252
872	1285
871	1285
871	1296
872	1296
872	1309
871	1309
871	1320
870	1320
870	1327
869	1327
869	1329
868	1329
868	1330
867	1330
867	1331
866	1331
866	1332
865	1332
865	1331
864	1331
864	1330
863	1330
863	1329
862	1329
862	1328
860	1328
860	1327
856	1327
856	1324
845	1324
845	1335
846	1335
846	1349
847	1349
847	1351
848	1351
848	1369
847	1369
847	1378
846	1378
846	1383
845	1383
845	1385
842	1385
842	1390
841	1390
841	1391
837	1391
837	1392
835	1392
835	1391
833	1391
833	1389
832	1389
832	1385
830	1385
830	1384
829	1384
829	1385
827	1385
827	1384
826	1384
826	1382
825	1382
825	1381
822	1381
822	1380
820	1380
820	1379
819	1379
819	1378
810	1378
810	1379
809	1379
809	1380
810	1380
810	1381
809	1381
809	1382
810	1382
810	1392
809	1392
809	1398
808	1398
808	1405
807	1405
807	1409
806	1409
806	1410
805	1410
805	1426
804	1426
804	1431
803	1431
803	1433
802	1433
802	1435
801	1435
801	1437
800	1437
800	1439
799	1439
799	1440
798	1440
798	1444
797	1444
797	1445
794	1445
794	1446
793	1446
793	1449
791	1449
791	1448
790	1448
790	1446
789	1446
789	1443
788	1443
788	1442
787	1442
787	1443
786	1443
786	1441
785	1441
785	1440
783	1440
783	1439
781	1439
781	1438
780	1438
780	1437
779	1437
779	1436
777	1436
777	1434
775	1434
775	1433
774	1433
774	1432
773	1432
773	1430
771	1430
771	1429
762	1429
762	1430
761	1430
761	1449
760	1449
760	1451
759	1451
759	1458
757	1458
757	1463
756	1463
756	1464
755	1464
755	1465
754	1465
754	1467
755	1467
755	1468
754	1468
754	1477
753	1477
753	1479
752	1479
752	1482
751	1482
751	1489
750	1489
750	1493
748	1493
748	1494
746	1494
746	1495
745	1495
745	1501
744	1501
744	1502
743	1502
743	1504
742	1504
742	1505
741	1505
741	1506
738	1506
738	1508
737	1508
737	1506
735	1506
735	1505
734	1505
734	1504
733	1504
733	1502
732	1502
732	1501
731	1501
731	1500
730	1500
730	1499
729	1499
729	1495
728	1495
728	1494
724	1494
724	1493
725	1493
725	1492
722	1492
722	1489
721	1489
721	1488
720	1488
720	1487
719	1487
719	1486
718	1486
718	1485
708	1485
708	1494
707	1494
707	1496
706	1496
706	1500
705	1500
705	1503
704	1503
704	1504
703	1504
703	1506
702	1506
702	1507
701	1507
701	1510
700	1510
700	1512
697	1512
697	1513
696	1513
696	1518
694	1518
694	1519
690	1519
690	1524
689	1524
689	1526
688	1526
688	1529
687	1529
687	1530
685	1530
685	1531
684	1531
684	1537
683	1537
683	1538
682	1538
682	1540
681	1540
681	1542
680	1542
680	1543
678	1543
678	1548
677	1548
677	1549
676	1549
676	1550
675	1550
675	1552
674	1552
674	1553
672	1553
672	1555
667	1555
667	1560
663	1560
663	1557
662	1557
662	1553
661	1553
661	1552
648	1552
648	1553
647	1553
647	1555
646	1555
646	1557
645	1557
645	1561
644	1561
644	1563
643	1563
643	1566
642	1566
642	1567
641	1567
641	1568
640	1568
640	1571
638	1571
638	1573
636	1573
636	1574
635	1574
635	1578
634	1578
634	1579
630	1579
630	1581
629	1581
629	1585
627	1585
627	1586
626	1586
626	1591
624	1591
624	1592
623	1592
623	1594
622	1594
622	1596
620	1596
620	1597
619	1597
619	1598
617	1598
617	1603
615	1603
615	1604
614	1604
614	1605
613	1605
613	1609
611	1609
611	1610
609	1610
609	1615
608	1615
608	1616
605	1616
605	1619
604	1619
604	1621
603	1621
603	1622
599	1622
599	1628
598	1628
598	1630
597	1630
597	1634
593	1634
593	1635
592	1635
592	1636
593	1636
593	1638
592	1638
592	1640
589	1640
589	1645
588	1645
588	1646
587	1646
587	1647
586	1647
586	1650
585	1650
585	1652
584	1652
584	1653
583	1653
583	1656
582	1656
582	1658
581	1658
581	1659
580	1659
580	1660
579	1660
579	1661
578	1661
578	1663
577	1663
577	1664
575	1664
575	1668
574	1668
574	1669
573	1669
573	1671
569	1671
569	1676
568	1676
568	1679
567	1679
567	1680
566	1680
566	1682
563	1682
563	1683
562	1683
562	1687
561	1687
561	1688
559	1688
559	1689
557	1689
557	1692
556	1692
556	1695
553	1695
553	1696
552	1696
552	1700
551	1700
551	1701
550	1701
550	1706
545	1706
545	1707
544	1707
544	1708
543	1708
543	1710
542	1710
542	1713
538	1713
538	1714
537	1714
537	1715
536	1715
536	1716
534	1716
534	1717
533	1717
533	1718
532	1718
532	1719
525	1719
525	1710
526	1710
526	1703
527	1703
527	1702
528	1702
528	1700
527	1700
527	1699
528	1699
528	1695
527	1695
527	1694
528	1694
528	1690
531	1690
531	1689
532	1689
532	1688
531	1688
531	1685
532	1685
532	1684
534	1684
534	1674
535	1674
535	1670
536	1670
536	1667
537	1667
537	1666
540	1666
540	1655
541	1655
541	1649
544	1649
544	1648
546	1648
546	1637
547	1637
547	1636
549	1636
549	1634
550	1634
550	1630
552	1630
552	1624
553	1624
553	1621
554	1621
554	1620
555	1620
555	1618
556	1618
556	1614
557	1614
557	1612
558	1612
558	1606
559	1606
559	1605
560	1605
560	1604
561	1604
561	1599
564	1599
564	1591
565	1591
565	1587
568	1587
568	1586
567	1586
567	1584
568	1584
568	1583
567	1583
567	1580
568	1580
568	1577
569	1577
569	1575
570	1575
570	1574
571	1574
571	1573
570	1573
570	1572
571	1572
571	1570
572	1570
572	1569
573	1569
573	1566
574	1566
574	1563
576	1563
576	1561
577	1561
577	1556
578	1556
578	1551
580	1551
580	1549
581	1549
581	1544
582	1544
582	1541
583	1541
583	1538
584	1538
584	1537
585	1537
585	1533
586	1533
586	1527
589	1527
589	1526
588	1526
588	1525
589	1525
589	1522
590	1522
590	1520
591	1520
591	1519
592	1519
592	1514
595	1514
595	1513
594	1513
594	1511
595	1511
595	1507
596	1507
596	1502
597	1502
597	1497
598	1497
598	1496
600	1496
600	1495
601	1495
601	1490
602	1490
602	1487
603	1487
603	1486
604	1486
604	1484
606	1484
606	1483
607	1483
607	1479
608	1479
608	1476
609	1476
609	1475
610	1475
610	1474
611	1474
611	1464
580	1464
580	1448
581	1448
581	1447
583	1447
583	1441
584	1441
584	1440
585	1440
585	1436
586	1436
586	1435
588	1435
588	1433
589	1433
589	1432
588	1432
588	1430
589	1430
589	1426
590	1426
590	1424
592	1424
592	1423
593	1423
593	1418
594	1418
594	1415
595	1415
595	1413
596	1413
596	1412
597	1412
597	1408
598	1408
598	1405
600	1405
600	1403
601	1403
601	1399
602	1399
602	1396
603	1396
603	1392
604	1392
604	1389
605	1389
605	1387
606	1387
606	1386
607	1386
607	1384
606	1384
606	1382
607	1382
607	1380
608	1380
608	1379
609	1379
609	1375
610	1375
610	1374
611	1374
611	1373
610	1373
610	1372
611	1372
611	1371
612	1371
612	1369
614	1369
614	1368
615	1368
615	1367
616	1367
616	1362
618	1362
618	1363
621	1363
621	1362
622	1362
622	1360
623	1360
623	1358
624	1358
624	1356
626	1356
626	1345
620	1345
620	1344
613	1344
613	1342
602	1342
602	1341
599	1341
599	1340
598	1340
598	1341
595	1341
595	1340
588	1340
588	1339
587	1339
587	1338
586	1338
586	1335
587	1335
587	1333
588	1333
588	1332
589	1332
589	1328
590	1328
590	1327
591	1327
591	1326
592	1326
592	1323
593	1323
593	1322
594	1322
594	1321
595	1321
595	1314
601	1314
601	1313
602	1313
602	1312
603	1312
603	1311
604	1311
604	1308
605	1308
605	1307
608	1307
608	1306
611	1306
611	1305
612	1305
612	1302
613	1302
613	1301
615	1301
615	1297
616	1297
616	1296
618	1296
618	1295
619	1295
619	1292
620	1292
620	1290
624	1290
624	1289
625	1289
625	1284
626	1284
626	1283
627	1283
627	1282
630	1282
630	1281
631	1281
631	1279
632	1279
632	1277
637	1277
637	1275
638	1275
638	1274
639	1274
639	1273
640	1273
640	1274
643	1274
643	1273
644	1273
644	1271
646	1271
646	1270
647	1270
647	1262
646	1262
646	1260
647	1260
647	1259
646	1259
646	1257
644	1257
644	1256
643	1256
643	1255
638	1255
638	1254
635	1254
635	1253
631	1253
631	1251
625	1251
625	1250
624	1250
624	1249
617	1249
617	1248
616	1248
616	1246
617	1246
617	1240
619	1240
619	1238
620	1238
620	1235
621	1235
621	1234
622	1234
622	1235
623	1235
623	1234
625	1234
625	1228
626	1228
626	1226
627	1226
627	1225
628	1225
628	1224
629	1224
629	1223
631	1223
631	1222
632	1222
632	1221
633	1221
633	1220
634	1220
634	1219
635	1219
635	1216
636	1216
636	1217
637	1217
637	1216
638	1216
638	1215
640	1215
640	1213
641	1213
641	1212
640	1212
640	1211
642	1211
642	1210
643	1210
643	1209
644	1209
644	1208
647	1208
647	1207
649	1207
649	1208
650	1208
650	1204
651	1204
651	1203
652	1203
652	1201
654	1201
654	1200
658	1200
658	1199
657	1199
657	1198
663	1198
663	1194
666	1194
666	1193
667	1193
667	1192
674	1192
674	1181
673	1181
673	1178
662	1178
662	1177
660	1177
660	1176
656	1176
656	1175
655	1175
655	1174
650	1174
650	1173
649	1173
649	1172
650	1172
650	1171
651	1171
651	1168
652	1168
652	1166
653	1166
653	1162
654	1162
654	1161
655	1161
655	1158
656	1158
656	1157
658	1157
658	1156
661	1156
661	1150
662	1150
662	1149
663	1149
663	1148
664	1148
664	1147
666	1147
666	1146
667	1146
667	1145
668	1145
668	1144
667	1144
667	1143
671	1143
671	1142
672	1142
672	1141
674	1141
674	1140
675	1140
675	1139
677	1139
677	1138
679	1138
679	1136
680	1136
680	1131
682	1131
682	1130
683	1130
683	1129
684	1129
684	1128
688	1128
688	1127
691	1127
691	1126
692	1126
692	1122
696	1122
696	1121
697	1121
697	1120
702	1120
702	1119
703	1119
703	1110
700	1110
700	1109
698	1109
698	1108
694	1108
694	1107
692	1107
692	1106
691	1106
691	1105
685	1105
685	1104
684	1104
684	1103
680	1103
680	1102
679	1102
679	1101
674	1101
674	1098
675	1098
675	1097
676	1097
676	1096
677	1096
677	1095
678	1095
678	1094
679	1094
679	1093
680	1093
680	1089
683	1089
683	1088
687	1088
687	1087
686	1087
686	1084
688	1084
688	1083
690	1083
690	1082
692	1082
692	1077
693	1077
693	1076
695	1076
695	1075
696	1075
696	1073
699	1073
699	1066
705	1066
705	1064
706	1064
706	1063
708	1063
708	1062
710	1062
710	1060
711	1060
711	1059
712	1059
712	1060
713	1060
713	1058
716	1058
716	1056
717	1056
717	1054
718	1054
718	1053
721	1053
721	1052
722	1052
722	1050
723	1050
723	1049
722	1049
722	1048
724	1048
724	1047
726	1047
726	1046
728	1046
728	1044
729	1044
729	1043
737	1043
737	1032
734	1032
734	1031
731	1031
731	1030
728	1030
728	1027
727	1027
727	1026
722	1026
722	1025
721	1025
721	1024
716	1024
716	1021
715	1021
715	1020
708	1020
708	1019
709	1019
709	1017
713	1017
713	1016
716	1016
716	1010
718	1010
718	1009
719	1009
719	1006
724	1006
724	1005
728	1005
728	1004
729	1004
729	1003
730	1003
730	1000
733	1000
733	998
734	998
734	996
735	996
735	995
736	995
736	994
740	994
740	993
741	993
741	992
742	992
742	991
746	991
746	989
747	989
747	986
748	986
748	985
749	985
749	986
750	986
750	985
751	985
751	986
752	986
752	985
753	985
753	982
754	982
754	981
755	981
755	980
757	980
757	979
758	979
758	978
759	978
759	976
761	976
761	975
764	975
764	974
765	974
765	973
766	973
766	972
767	972
767	971
771	971
771	970
772	970
772	969
777	969
777	967
783	967
783	957
782	957
782	956
780	956
780	954
777	954
777	952
776	952
776	951
771	951
771	948
770	948
770	947
765	947
765	946
764	946
764	945
759	945
759	944
756	944
756	943
755	943
755	934
754	934
754	933
750	933
750	932
749	932
749	929
747	929
747	924
746	924
746	922
744	922
744	917
743	917
743	916
742	916
742	915
733	915
733	916
732	916
732	917
730	917
730	922
728	922
728	923
727	923
727	924
726	924
726	929
725	929
725	931
724	931
724	932
723	932
723	934
722	934
722	935
721	935
721	936
720	936
720	940
719	940
719	941
718	941
718	943
717	943
717	944
716	944
716	945
715	945
715	947
713	947
713	952
712	952
712	953
709	953
709	954
708	954
708	959
705	959
705	964
704	964
704	965
703	965
703	966
702	966
702	968
701	968
701	969
700	969
700	970
699	970
699	971
698	971
698	972
697	972
697	973
696	973
696	975
690	975
690	977
684	977
684	978
683	978
683	972
682	972
682	971
680	971
680	966
679	966
679	965
678	965
678	962
677	962
677	960
676	960
676	954
675	954
675	953
667	953
667	952
666	952
666	956
665	956
665	959
664	959
664	960
662	960
662	964
661	964
661	965
660	965
660	966
659	966
659	968
658	968
658	969
657	969
657	970
656	970
656	971
653	971
653	972
652	972
652	977
648	977
648	978
647	978
647	983
646	983
646	984
644	984
644	988
643	988
643	989
642	989
642	990
640	990
640	994
639	994
639	995
637	995
637	996
635	996
635	1001
634	1001
634	1002
630	1002
630	1003
629	1003
629	1008
628	1008
628	1009
627	1009
627	1010
623	1010
623	1015
622	1015
622	1016
619	1016
619	1017
617	1017
617	1019
612	1019
612	1017
611	1017
611	1014
610	1014
610	1008
608	1008
608	1007
607	1007
607	1001
606	1001
606	1000
605	1000
605	998
604	998
604	996
593	996
593	1002
591	1002
591	1006
590	1006
590	1008
587	1008
587	1011
586	1011
586	1013
585	1013
585	1014
584	1014
584	1015
583	1015
583	1017
582	1017
582	1019
581	1019
581	1020
578	1020
578	1024
577	1024
577	1026
575	1026
575	1029
574	1029
574	1030
573	1030
573	1031
572	1031
572	1032
569	1032
569	1033
568	1033
568	1038
567	1038
567	1039
566	1039
566	1040
562	1040
562	1044
561	1044
561	1045
556	1045
556	1046
557	1046
557	1047
556	1047
556	1049
550	1049
550	1052
549	1052
549	1053
546	1053
546	1054
540	1054
540	1045
538	1045
538	1044
537	1044
537	1039
536	1039
536	1038
535	1038
535	1036
534	1036
534	1032
521	1032
521	1033
520	1033
520	1038
519	1038
519	1039
518	1039
518	1041
517	1041
517	1042
516	1042
516	1043
515	1043
515	1044
513	1044
513	1047
512	1047
512	1048
511	1048
511	1049
510	1049
510	1050
509	1050
509	1051
508	1051
508	1052
507	1052
507	1053
505	1053
505	1055
504	1055
504	1056
503	1056
503	1057
501	1057
501	1058
499	1058
499	1059
497	1059
497	1060
496	1060
496	1061
495	1061
495	1064
494	1064
494	1065
492	1065
492	1066
490	1066
490	1067
489	1067
489	1068
488	1068
488	1069
487	1069
487	1068
485	1068
485	1069
483	1069
483	1071
473	1071
473	1069
472	1069
472	1066
471	1066
471	1063
470	1063
470	1058
469	1058
469	1051
468	1051
468	1050
457	1050
457	1051
456	1051
456	1053
455	1053
455	1054
453	1054
453	1056
451	1056
451	1057
450	1057
450	1060
449	1060
449	1062
447	1062
447	1063
445	1063
445	1064
444	1064
444	1065
443	1065
443	1066
442	1066
442	1067
441	1067
441	1068
435	1068
435	1069
434	1069
434	1073
432	1073
432	1072
431	1072
431	1073
429	1073
429	1075
428	1075
428	1076
427	1076
427	1077
423	1077
423	1079
417	1079
417	1081
416	1081
416	1083
414	1083
414	1084
405	1084
405	1085
404	1085
404	1086
399	1086
399	1087
397	1087
397	1085
398	1085
398	1070
397	1070
397	1065
396	1065
396	1057
395	1057
395	1056
381	1056
381	1057
380	1057
380	1061
379	1061
379	1062
374	1062
374	1065
373	1065
373	1066
371	1066
371	1068
367	1068
367	1069
366	1069
366	1068
363	1068
363	1069
362	1069
362	1072
361	1072
361	1073
356	1073
356	1074
355	1074
355	1075
353	1075
353	1074
352	1074
352	1075
350	1075
350	1079
344	1079
344	1081
343	1081
343	1083
338	1083
338	1084
337	1084
337	1085
332	1085
332	1086
331	1086
331	1087
325	1087
325	1088
319	1088
319	1089
317	1089
317	1086
318	1086
318	1075
317	1075
317	1074
316	1074
316	1075
315	1075
315	1074
314	1074
314	1075
307	1075
307	1077
306	1077
306	1078
305	1078
305	1079
304	1079
304	1080
303	1080
303	1081
301	1081
301	1084
295	1084
295	1087
289	1087
289	1091
284	1091
284	1092
283	1092
283	1094
282	1094
282	1095
277	1095
277	1097
266	1097
266	1098
264	1098
264	1081
259	1081
259	1080
258	1080
258	1081
253	1081
253	1085
247	1085
247	1086
246	1086
246	1088
244	1088
244	1089
240	1089
240	1091
235	1091
235	1092
234	1092
234	1093
228	1093
228	1095
223	1095
223	1096
216	1096
216	1097
211	1097
211	1098
210	1098
210	1099
197	1099
197	1101
195	1101
195	1102
194	1102
194	1101
193	1101
193	1102
192	1102
192	1103
191	1103
191	1104
190	1104
190	1105
179	1105
179	1108
174	1108
174	1109
172	1109
172	1110
171	1110
171	1109
169	1109
169	1110
167	1110
167	1111
161	1111
161	1113
149	1113
149	1114
146	1114
146	1115
144	1115
144	1114
132	1114
132	1115
128	1115
128	1116
123	1116
123	1115
120	1115
120	1114
116	1114
116	1113
114	1113
114	1112
113	1112
113	1111
111	1111
111	1110
110	1110
110	1107
114	1107
114	1105
115	1105
115	1104
117	1104
117	1103
118	1103
118	1102
120	1102
120	1101
121	1101
121	1099
122	1099
122	1098
123	1098
123	1097
133	1097
133	1095
138	1095
138	1094
139	1094
139	1095
143	1095
143	1094
145	1094
145	1090
150	1090
150	1088
151	1088
151	1089
152	1089
152	1088
154	1088
154	1085
159	1085
159	1084
163	1084
163	1083
164	1083
164	1082
165	1082
165	1083
167	1083
167	1082
170	1082
170	1080
171	1080
171	1078
172	1078
172	1077
174	1077
174	1078
175	1078
175	1077
176	1077
176	1078
177	1078
177	1077
179	1077
179	1078
180	1078
180	1077
181	1077
181	1075
182	1075
182	1074
181	1074
181	1072
187	1072
187	1070
188	1070
188	1069
187	1069
187	1068
188	1068
188	1067
189	1067
189	1066
196	1066
196	1064
200	1064
200	1063
203	1063
203	1061
209	1061
209	1060
210	1060
210	1059
211	1059
211	1058
212	1058
212	1056
219	1056
219	1055
222	1055
222	1054
221	1054
221	1053
225	1053
225	1052
229	1052
229	1051
230	1051
230	1048
231	1048
231	1047
232	1047
232	1046
237	1046
237	1044
239	1044
239	1043
240	1043
240	1042
242	1042
242	1041
244	1041
244	1040
248	1040
248	1039
250	1039
250	1036
251	1036
251	1035
258	1035
258	1034
260	1034
260	1031
265	1031
265	1030
271	1030
271	1028
276	1028
276	1018
274	1018
274	1017
272	1017
272	1014
267	1014
267	1013
266	1013
266	1012
265	1012
265	1011
263	1011
263	1012
262	1012
262	1011
259	1011
259	1010
257	1010
257	1009
256	1009
256	1008
253	1008
253	1007
252	1007
252	1006
251	1006
251	1000
252	1000
252	998
258	998
258	997
260	997
260	993
263	993
263	992
266	992
266	991
267	991
267	990
266	990
266	988
273	988
273	987
277	987
277	986
284	986
284	985
285	985
285	984
289	984
289	982
296	982
296	981
298	981
298	980
299	980
299	979
305	979
305	978
306	978
306	977
313	977
313	976
314	976
314	975
321	975
321	964
319	964
319	963
318	963
318	961
317	961
317	960
316	960
316	959
315	959
315	954
314	954
314	953
309	953
309	951
308	951
308	950
306	950
306	949
305	949
305	946
315	946
315	944
316	944
316	943
321	943
321	941
323	941
323	939
324	939
324	938
328	938
328	937
333	937
333	936
336	936
336	933
337	933
337	932
346	932
346	931
356	931
356	930
358	930
358	929
360	929
360	928
361	928
361	927
382	927
382	917
379	917
379	916
378	916
378	915
377	915
377	914
376	914
376	913
375	913
375	912
376	912
376	911
372	911
372	910
371	910
371	909
369	909
369	908
368	908
368	905
367	905
367	904
364	904
364	903
362	903
362	902
361	902
361	901
360	901
360	900
361	900
361	899
362	899
362	895
365	895
365	894
376	894
376	892
377	892
377	889
382	889
382	886
383	886
383	887
385	887
385	886
387	886
387	883
393	883
393	882
400	882
400	881
401	881
401	880
402	880
402	878
408	878
408	876
430	876
430	874
431	874
431	873
437	873
437	872
444	872
444	871
445	871
445	863
444	863
444	862
443	862
443	861
442	861
442	860
443	860
443	857
442	857
442	856
438	856
438	855
437	855
437	852
436	852
436	850
434	850
434	849
433	849
433	848
432	848
432	847
431	847
431	844
430	844
430	843
428	843
428	842
426	842
426	840
430	840
430	839
431	839
431	836
432	836
432	837
434	837
434	836
441	836
441	835
442	835
442	834
443	834
443	833
444	833
444	834
445	834
445	833
446	833
446	834
448	834
448	833
449	833
449	831
450	831
450	830
454	830
454	829
460	829
460	828
462	828
462	827
463	827
463	828
464	828
464	827
467	827
467	828
469	828
469	827
474	827
474	826
475	826
475	824
485	824
485	822
503	822
503	821
516	821
516	819
523	819
523	820
526	820
526	821
536	821
536	812
535	812
535	810
534	810
534	808
533	808
533	807
532	807
532	806
531	806
531	805
529	805
529	804
527	804
527	803
528	803
528	801
527	801
527	800
526	800
526	799
525	799
525	796
523	796
523	795
522	795
522	794
523	794
523	793
521	793
521	792
522	792
522	790
521	790
521	789
518	789
518	788
517	788
517	786
516	786
516	783
514	783
514	780
525	780
525	779
552	779
552	778
560	778
560	779
564	779
564	777
565	777
565	776
570	776
570	775
576	775
576	774
589	774
589	773
591	773
591	774
592	774
592	773
593	773
593	774
595	774
595	773
596	773
596	774
598	774
598	773
601	773
601	759
599	759
599	758
596	758
596	757
595	757
595	753
594	753
594	752
591	752
591	751
590	751
590	749
589	749
589	748
588	748
588	747
589	747
589	745
591	745
591	744
592	744
592	743
595	743
595	742
624	742
624	741
628	741
628	740
639	740
639	741
640	741
640	740
642	740
642	741
651	741
651	740
653	740
653	739
659	739
659	740
670	740
670	739
673	739
673	738
674	738
674	737
673	737
673	728
672	728
672	727
671	727
671	725
670	725
670	722
667	722
667	721
666	721
666	720
665	720
665	716
664	716
664	715
663	715
663	714
662	714
662	712
673	712
673	711
675	711
675	710
677	710
677	707
686	707
686	706
688	706
688	707
696	707
696	706
707	706
707	707
719	707
719	706
750	706
750	697
749	697
749	693
748	693
748	692
747	692
747	691
746	691
746	690
747	690
747	689
746	689
746	687
747	687
747	686
744	686
744	685
743	685
743	683
742	683
742	681
740	681
740	680
737	680
737	681
736	681
736	680
733	680
733	681
731	681
731	682
727	682
727	683
726	683
726	684
721	684
721	685
720	685
720	686
715	686
715	687
713	687
713	683
712	683
712	675
713	675
713	667
712	667
712	666
706	666
706	665
705	665
705	666
703	666
703	667
697	667
697	668
696	668
696	670
693	670
693	671
690	671
690	672
689	672
689	673
686	673
686	674
684	674
684	675
682	675
682	676
679	676
679	677
678	677
678	678
676	678
676	679
666	679
666	682
664	682
664	683
660	683
660	685
656	685
656	686
649	686
649	685
641	685
641	683
640	683
640	679
641	679
641	667
629	667
629	671
624	671
624	672
623	672
623	673
617	673
617	675
611	675
611	676
610	676
610	677
608	677
608	678
605	678
605	679
595	679
595	680
594	680
594	684
581	684
581	685
564	685
564	680
565	680
565	678
564	678
564	675
565	675
565	669
566	669
566	662
565	662
565	661
552	661
552	662
550	662
550	664
551	664
551	665
548	665
548	666
545	666
545	667
539	667
539	668
538	668
538	669
537	669
537	670
531	670
531	671
525	671
525	672
519	672
519	673
517	673
517	674
511	674
511	673
510	673
510	674
508	674
508	675
507	675
507	676
503	676
503	677
499	677
499	678
491	678
491	677
485	677
485	676
480	676
480	674
476	674
476	672
477	672
477	670
478	670
478	661
464	661
464	662
463	662
463	661
461	661
461	662
459	662
459	664
456	664
456	665
453	665
453	666
448	666
448	667
432	667
432	666
431	666
431	667
430	667
430	666
425	666
425	665
424	665
424	664
425	664
425	657
426	657
426	654
427	654
427	648
426	648
426	647
427	647
427	644
426	644
426	643
417	643
417	644
416	644
416	645
415	645
415	646
409	646
409	645
408	645
408	646
404	646
404	647
393	647
393	646
389	646
389	645
388	645
388	643
382	643
382	639
384	639
384	625
360	625
360	624
357	624
357	623
348	623
348	622
336	622
336	621
334	621
334	620
328	620
328	619
327	619
327	618
326	618
326	619
322	619
322	618
318	618
318	617
317	617
317	618
316	618
316	617
312	617
312	616
307	616
307	615
298	615
298	614
297	614
297	613
294	613
294	612
291	612
291	613
288	613
288	612
284	612
284	611
279	611
279	610
278	610
278	609
267	609
267	608
266	608
266	607
259	607
259	606
254	606
254	605
250	605
250	604
245	604
245	603
243	603
243	601
242	601
242	600
236	600
236	599
230	599
230	598
229	598
229	597
221	597
221	596
219	596
219	595
218	595
218	594
219	594
219	593
212	593
212	591
207	591
207	590
206	590
206	589
205	589
205	588
201	588
201	587
200	587
200	586
199	586
199	585
197	585
197	584
195	584
195	583
193	583
193	577
192	577
192	576
186	576
186	574
185	574
185	573
184	573
184	570
182	570
182	568
183	568
183	567
187	567
187	566
202	566
202	567
205	567
205	566
207	566
207	567
208	567
208	566
210	566
210	567
211	567
211	566
212	566
212	567
213	567
213	568
223	568
223	569
224	569
224	570
225	570
225	571
228	571
228	572
235	572
235	573
248	573
248	572
290	572
290	571
291	571
291	569
292	569
292	568
313	568
313	567
315	567
315	568
325	568
325	567
332	567
332	566
337	566
337	565
339	565
339	564
340	564
340	563
348	563
348	564
349	564
349	563
350	563
350	562
352	562
352	563
359	563
359	564
360	564
360	563
365	563
365	564
366	564
366	563
368	563
368	562
370	562
370	561
371	561
371	560
399	560
399	559
400	559
400	546
399	546
399	545
398	545
398	546
397	546
397	545
396	545
396	544
395	544
395	543
394	543
394	541
393	541
393	540
392	540
392	538
391	538
391	533
399	533
399	531
409	531
409	530
416	530
416	531
427	531
427	532
430	532
430	531
432	531
432	532
433	532
433	531
438	531
438	532
440	532
440	535
448	535
448	536
458	536
458	526
457	526
457	522
456	522
456	521
455	521
455	518
454	518
454	517
455	517
455	516
451	516
451	515
450	515
450	513
449	513
449	512
448	512
448	509
445	509
445	508
444	508
444	506
445	506
445	505
448	505
448	504
450	504
450	502
451	502
451	501
454	501
454	502
455	502
455	501
456	501
456	502
457	502
457	501
459	501
459	500
481	500
481	501
484	501
484	502
495	502
495	504
496	504
496	505
500	505
500	506
504	506
504	507
513	507
513	495
512	495
512	492
511	492
511	488
510	488
510	483
523	483
523	484
531	484
531	485
532	485
532	486
533	486
533	487
539	487
539	488
544	488
544	489
547	489
547	490
548	490
548	492
549	492
549	493
558	493
558	494
559	494
559	496
561	496
561	498
562	498
562	499
566	499
566	500
568	500
568	501
569	501
569	502
570	502
570	503
574	503
574	505
586	505
586	494
585	494
585	492
584	492
584	490
585	490
585	487
584	487
584	484
583	484
583	480
584	480
584	479
583	479
583	477
592	477
592	478
593	478
593	480
595	480
595	481
604	481
604	482
609	482
609	483
610	483
610	484
611	484
611	487
616	487
616	488
617	488
617	489
618	489
618	490
619	490
619	491
622	491
622	492
624	492
624	494
629	494
629	495
631	495
631	496
632	496
632	499
636	499
636	501
646	501
646	500
647	500
647	482
646	482
646	481
653	481
653	482
659	482
659	483
665	483
665	484
666	484
666	486
667	486
667	487
669	487
669	488
678	488
678	490
682	490
682	491
681	491
681	492
684	492
684	493
688	493
688	494
689	494
689	495
691	495
691	496
692	496
692	497
696	497
696	499
701	499
701	500
702	500
702	502
705	502
705	504
708	504
708	505
719	505
719	504
720	504
720	490
721	490
721	487
722	487
722	484
727	484
727	485
731	485
731	486
733	486
733	487
736	487
736	488
739	488
739	490
740	490
740	491
742	491
742	493
747	493
747	495
748	495
748	496
749	496
749	497
750	497
750	498
751	498
751	499
754	499
754	502
755	502
755	503
756	503
756	505
758	505
758	506
759	506
759	507
764	507
764	508
765	508
765	509
767	509
767	511
772	511
772	512
773	512
773	513
775	513
775	514
778	514
778	516
781	516
781	517
784	517
784	518
785	518
785	517
792	517
792	501
795	501
795	502
798	502
798	503
805	503
805	505
808	505
808	506
814	506
814	507
816	507
816	508
817	508
817	509
816	509
816	510
817	510
817	511
820	511
820	512
823	512
823	514
824	514
824	515
829	515
829	516
830	516
830	518
835	518
835	520
836	520
836	521
839	521
839	522
841	522
841	523
845	523
845	526
847	526
847	527
853	527
853	529
855	529
855	530
856	530
856	529
857	529
857	530
859	530
859	531
862	531
862	534
863	534
863	536
875	536
875	535
876	535
876	527
875	527
875	522
878	522
878	523
887	523
887	524
888	524
888	525
891	525
891	526
894	526
894	527
895	527
895	529
896	529
896	530
899	530
899	531
901	531
901	532
902	532
902	534
903	534
903	535
910	535
910	536
912	536
912	537
917	537
917	538
918	538
918	540
920	540
920	541
921	541
921	542
933	542
933	543
935	543
935	544
937	544
937	543
938	543
938	544
940	544
940	547
944	547
944	548
952	548
952	551
958	551
958	552
961	552
961	553
965	553
965	554
968	554
968	555
972	555
972	556
973	556
973	557
974	557
974	558
976	558
976	559
977	559
977	560
986	560
986	561
991	561
991	562
993	562
993	561
994	561
994	562
997	562
997	563
1008	563
1008	562
1009	562
1009	554
1008	554
1008	552
1006	552
1006	551
1003	551
1003	550
998	550
998	549
996	549
996	547
995	547
995	546
991	546
991	545
990	545
990	544
989	544
989	543
984	543
984	541
983	541
983	540
978	540
978	539
977	539
977	537
973	537
973	536
972	536
972	535
971	535
971	534
970	534
970	533
969	533
969	528
968	528
968	527
967	527
967	526
965	526
965	525
960	525
960	524
956	524
956	523
954	523
954	522
951	522
951	521
948	521
948	520
947	520
947	519
944	519
944	518
942	518
942	517
941	517
941	516
939	516
939	515
936	515
936	514
935	514
935	513
934	513
934	512
930	512
930	511
929	511
929	508
928	508
928	507
927	507
927	508
925	508
925	507
924	507
924	506
923	506
923	503
918	503
918	502
917	502
917	501
916	501
916	500
915	500
915	499
913	499
913	498
912	498
912	497
911	497
911	491
908	491
908	490
909	490
909	489
911	489
911	479
905	479
905	478
904	478
904	477
899	477
899	476
898	476
898	475
895	475
895	474
893	474
893	473
892	473
892	471
890	471
890	470
887	470
887	467
882	467
882	466
881	466
881	465
880	465
880	464
878	464
878	463
877	463
877	462
876	462
876	461
874	461
874	460
873	460
873	459
872	459
872	458
871	458
871	457
870	457
870	455
869	455
869	454
868	454
868	437
863	437
863	436
862	436
862	435
857	435
857	434
856	434
856	430
849	430
849	429
847	429
847	428
846	428
846	427
844	427
844	425
843	425
843	424
838	424
838	423
837	423
837	422
836	422
836	421
834	421
834	420
833	420
833	419
832	419
832	418
830	418
830	417
829	417
829	414
828	414
828	413
827	413
827	412
826	412
826	408
830	408
830	407
831	407
831	406
832	406
832	405
835	405
835	394
829	394
829	393
827	393
827	392
824	392
824	391
822	391
822	390
821	390
821	389
820	389
820	387
819	387
819	386
815	386
815	385
814	385
814	384
813	384
813	381
808	381
808	380
807	380
807	378
803	378
803	377
801	377
801	376
799	376
799	375
797	375
797	373
796	373
796	372
795	372
795	369
791	369
791	364
788	364
788	363
787	363
787	362
786	362
786	357
788	357
788	356
794	356
794	355
795	355
795	354
797	354
797	352
798	352
798	351
799	351
799	350
803	350
803	349
804	349
804	348
805	348
805	340
804	340
804	339
796	339
796	338
794	338
794	337
791	337
791	336
789	336
789	333
784	333
784	331
783	331
783	327
778	327
778	326
777	326
777	322
776	322
776	321
773	321
773	315
768	315
768	313
767	313
767	309
765	309
765	303
762	303
762	301
761	301
761	297
759	297
759	288
760	288
760	289
764	289
764	288
775	288
775	287
776	287
776	286
783	286
783	273
782	273
782	272
779	272
779	267
778	267
778	266
775	266
775	264
774	264
774	263
773	263
773	255
772	255
772	254
771	254
771	242
770	242
770	241
769	241
769	238
768	238
768	224
767	224
767	212
766	212
766	201
765	201
765	152
766	152
766	142
767	142
767	135
768	135
768	131
769	131
769	130
768	130
768	127
769	127
769	126
770	126
770	122
771	122
771	114
772	114
772	110
773	110
773	104
775	104
775	103
777	103
777	100
778	100
778	99
779	99
779	98
781	98
781	97
783	97
783	96
784	96
784	95
786	95
786	94
787	94
787	96
788	96
788	112
787	112
787	115
788	115
788	116
790	116
790	118
791	118
791	119
792	119
792	122
793	122
793	133
794	133
794	134
796	134
796	136
797	136
797	139
798	139
798	143
799	143
799	144
800	144
800	152
802	152
802	154
804	154
804	156
805	156
805	162
806	162
806	164
807	164
807	167
808	167
808	171
809	171
809	176
810	176
810	177
811	177
811	178
812	178
812	183
814	183
814	184
815	184
815	185
816	185
816	188
817	188
817	194
818	194
818	195
820	195
820	196
821	196
821	197
823	197
823	198
824	198
824	202
825	202
825	204
829	204
829	211
830	211
830	212
829	212
829	213
832	213
832	215
833	215
833	217
834	217
834	218
835	218
835	220
836	220
836	225
839	225
839	227
840	227
840	228
841	228
841	230
842	230
842	231
843	231
843	232
846	232
846	236
848	236
848	240
852	240
852	241
853	241
853	242
854	242
854	249
855	249
855	250
857	250
857	254
858	254
858	255
859	255
859	256
860	256
860	259
861	259
861	260
860	260
860	261
861	261
861	262
863	262
863	263
864	263
864	262
867	262
867	263
871	263
871	262
874	262
874	260
875	260
875	259
876	259
876	256
877	256
877	254
878	254
878	251
879	251
879	249
880	249
880	248
881	248
881	247
886	247
886	246
888	246
888	247
890	247
890	249
891	249
891	253
894	253
894	254
895	254
895	256
896	256
896	257
897	257
897	261
898	261
898	262
901	262
901	264
902	264
902	265
903	265
903	267
904	267
904	271
906	271
906	273
907	273
907	275
908	275
908	279
909	279
909	286
911	286
911	288
912	288
912	289
913	289
913	291
914	291
914	295
915	295
915	304
917	304
917	307
918	307
918	311
928	311
928	310
929	310
929	309
930	309
930	308
931	308
931	307
932	307
932	306
934	306
934	305
936	305
936	304
937	304
937	302
939	302
939	304
940	304
940	305
945	305
945	310
947	310
947	311
948	311
948	312
949	312
949	315
950	315
950	317
951	317
951	322
952	322
952	324
953	324
953	328
954	328
954	330
955	330
955	333
956	333
956	336
957	336
957	339
958	339
958	347
959	347
959	348
960	348
960	351
961	351
961	357
962	357
962	361
961	361
961	363
962	363
962	365
971	365
971	364
972	364
972	360
973	360
973	358
975	358
975	357
976	357
976	356
978	356
978	354
979	354
979	355
982	355
982	358
983	358
983	359
985	359
985	360
986	360
986	365
989	365
989	368
990	368
990	369
991	369
991	372
992	372
992	376
993	376
993	377
994	377
994	383
995	383
995	385
996	385
996	388
997	388
997	394
998	394
998	397
999	397
999	399
1000	399
1000	400
999	400
999	401
1000	401
1000	419
1001	419
1001	420
1002	420
1002	426
1013	426
1013	425
1014	425
1014	423
1016	423
1016	422
1017	422
1017	423
1018	423
1018	424
1019	424
1019	426
1020	426
1020	428
1021	428
1021	432
1022	432
1022	433
1023	433
1023	444
1024	444
1024	448
1025	448
1025	456
1026	456
1026	457
1029	457
1029	458
1030	458
1030	459
1029	459
1029	461
1030	461
1030	470
1031	470
1031	475
1032	475
1032	478
1033	478
1033	490
1034	490
1034	493
1035	493
1035	494
1036	494
1036	497
1037	497
1037	501
1038	501
1038	504
1039	504
1039	513
1040	513
1040	520
1041	520
1041	522
1042	522
1042	525
1043	525
1043	529
1044	529
1044	531
1045	531
1045	532
1046	532
1046	533
1045	533
1045	535
1046	535
1046	536
1048	536
1048	538
1049	538
1049	546
1050	546
1050	547
1052	547
1052	549
1053	549
1053	553
1056	553
1056	554
1057	554
1057	559
1058	559
1058	560
1061	560
1061	563
1063	563
1063	565
1064	565
1064	567
1066	567
1066	568
1067	568
1067	571
1068	571
1068	572
1069	572
1069	575
1070	575
1070	577
1071	577
1071	578
1073	578
1073	580
1093	580
1093	581
1101	581
1101	580
1107	580
1107	579
1108	579
1108	578
1111	578
1111	574
1112	574
1112	572
1113	572
1113	570
1114	570
1114	569
1115	569
1115	567
1116	567
1116	566
1121	566
1121	563
1122	563
1122	561
1124	561
1124	560
1125	560
1125	559
1126	559
1126	558
1127	558
1127	557
1126	557
1126	556
1127	556
1127	554
1130	554
1130	552
1131	552
1131	549
1132	549
1132	547
1133	547
1133	544
1134	544
1134	542
1135	542
1135	540
1136	540
1136	537
1137	537
1137	535
1138	535
1138	533
1139	533
1139	531
1140	531
1140	530
1141	530
1141	529
1142	529
1142	526
1143	526
1143	524
1144	524
1144	522
1145	522
1145	520
1146	520
1146	518
1148	518
1148	516
1149	516
1149	513
1150	513
1150	511
1151	511
1151	510
1152	510
1152	506
1153	506
1153	505
1154	505
1154	503
1155	503
1155	499
1157	499
1157	497
1158	497
1158	494
1159	494
1159	492
1160	492
1160	490
1161	490
1161	486
1162	486
1162	484
1163	484
1163	481
1166	481
1166	475
1167	475
1167	473
1168	473
1168	469
1169	469
1169	463
1171	463
1171	462
1172	462
1172	458
1173	458
1173	456
1174	456
1174	454
1175	454
1175	453
1176	453
1176	451
1179	451
1179	450
1180	450
1180	449
1181	449
1181	450
1182	450
1182	449
1183	449
1183	444
1184	444
1184	436
1185	436
1185	432
1186	432
1186	430
1187	430
1187	428
1188	428
1188	423
1190	423
1190	421
1191	421
1191	417
1192	417
1192	413
1193	413
1193	411
1194	411
1194	409
1195	409
1195	405
1197	405
1197	402
1198	402
1198	397
1199	397
1199	393
1202	393
1202	390
1203	390
1203	387
1206	387
1206	388
1219	388
1219	387
1220	387
1220	386
1221	386
1221	384
1222	384
1222	372
1223	372
1223	368
1224	368
1224	366
1225	366
1225	365
1226	365
1226	364
1227	364
1227	359
1229	359
1229	353
1232	353
1232	352
1233	352
1233	347
1235	347
1235	346
1236	346
1236	345
1235	345
1235	343
1236	343
1236	341
1238	341
1238	340
1239	340
1239	336
1240	336
1240	333
1242	333
1242	329
1244	329
1244	328
1247	328
1247	327
1250	327
1250	326
1251	326
1251	324
1252	324
1252	323
1251	323
1251	321
1253	321
1253	320
1254	320
1254	319
1255	319
1255	320
1256	320
1256	321
1259	321
1259	322
1260	322
1260	325
1261	325
1261	326
1262	326
1262	328
1263	328
1263	329
1264	329
1264	330
1265	330
1265	334
1266	334
1266	335
1277	335
1277	331
1278	331
1278	330
1279	330
1279	329
1281	329
1281	328
1282	328
1282	323
1283	323
1283	322
1284	322
1284	321
1285	321
1285	320
1284	320
1284	319
1285	319
1285	318
1286	318
1286	316
1288	316
1288	314
1289	314
1289	313
1290	313
1290	310
1293	310
1293	309
1294	309
1294	306
1295	306
1295	305
1294	305
1294	304
1295	304
1295	303
1296	303
1296	300
1298	300
1298	299
1299	299
1299	298
1302	298
1302	293
1304	293
1304	292
1306	292
1306	287
1307	287
1307	286
1311	286
1311	285
1312	285
1312	279
1313	279
1313	278
1314	278
1314	277
1317	277
1317	275
1319	275
1319	274
1320	274
1320	273
1321	273
1321	272
1322	272
1322	273
1323	273
1323	274
1325	274
1325	277
1326	277
1326	279
1327	279
1327	280
1328	280
1328	285
1329	285
1329	286
1332	286
1332	292
1333	292
1333	296
1343	296
1343	294
1344	294
1344	293
1345	293
1345	292
1348	292
1348	287
1349	287
1349	285
1351	285
1351	283
1352	283
1352	281
1354	281
1354	280
1355	280
1355	279
1356	279
1356	278
1357	278
1357	277
1358	277
1358	274
1362	274
1362	272
1363	272
1363	271
1364	271
1364	270
1365	270
1365	269
1367	269
1367	267
1369	267
1369	265
1370	265
1370	263
1371	263
1371	262
1373	262
1373	261
1374	261
1374	260
1375	260
1375	258
1377	258
1377	257
1378	257
1378	256
1379	256
1379	254
1380	254
1380	253
1381	253
1381	252
1382	252
1382	253
1383	253
1383	252
1384	252
1384	251
1386	251
1386	250
1391	250
1391	248
1394	248
1394	251
1395	251
1395	255
1396	255
1396	256
1405	256
1405	255
1407	255
1407	252
1408	252
1408	250
1410	250
1410	248
1411	248
1411	246
1412	246
1412	244
1415	244
1415	242
1416	242
1416	241
1415	241
1415	239
1417	239
1417	238
1418	238
1418	237
1421	237
1421	235
1422	235
1422	233
1423	233
1423	232
1426	232
1426	231
1425	231
1425	228
1428	228
1428	227
1429	227
1429	226
1430	226
1430	225
1431	225
1431	226
1432	226
1432	225
1434	225
1434	222
1436	222
1436	220
1437	220
1437	219
1439	219
1439	218
1440	218
1440	217
1442	217
1442	216
1444	216
1444	215
1445	215
1445	214
1446	214
1446	213
1447	213
1447	211
1448	211
1448	208
1449	208
1449	207
1452	207
1452	206
1453	206
1453	203
1456	203
1456	201
1457	201
1457	200
1458	200
1458	197
1459	197
1459	196
1460	196
1460	195
1463	195
1463	194
1464	194
1464	192
1466	192
1466	188
1468	188
1468	187
1470	187
1470	186
1471	186
1471	183
1476	183
1476	181
1477	181
1477	179
1478	179
1478	178
1479	178
1479	179
1481	179
1481	178
1482	178
1482	175
1483	175
1483	174
1485	174
1485	172
1487	172
1487	171
1490	171
1490	168
1491	168
1491	167
1493	167
1493	165
1494	165
1494	164
1497	164
1497	160
1498	160
1498	159
1499	159
1499	158
1501	158
1501	157
1504	157
1504	156
1506	156
1506	155
1508	155
1508	154
1509	154
1509	155
1510	155
1510	160
1511	160
1511	173
1509	173
1509	175
1507	175
1507	176
1506	176
1506	177
1507	177
1507	181
1505	181
1505	184
1504	184
1504	187
1502	187
1502	188
1501	188
1501	191
1500	191
1500	193
1498	193
1498	199
1497	199
1497	200
1496	200
1496	205
1494	205
1494	209
1493	209
1493	210
1492	210
1492	212
1490	212
1490	217
1487	217
1487	223
1486	223
1486	226
1484	226
1484	227
1485	227
1485	228
1484	228
1484	230
1483	230
1483	233
1482	233
1482	235
1481	235
1481	237
1480	237
1480	239
1479	239
1479	242
1478	242
1478	245
1477	245
1477	248
1474	248
1474	254
1471	254
1471	259
1469	259
1469	260
1468	260
1468	265
1467	265
1467	266
1466	266
1466	269
1465	269
1465	271
1464	271
1464	272
1463	272
1463	274
1462	274
1462	277
1461	277
1461	278
1460	278
1460	279
1459	279
1459	281
1458	281
1458	282
1457	282
1457	284
1455	284
1455	285
1454	285
1454	287
1453	287
1453	289
1452	289
1452	290
1450	290
1450	293
1449	293
1449	295
1450	295
1450	297
1449	297
1449	300
1450	300
1450	304
1451	304
1451	305
1466	305
1466	308
1465	308
1465	309
1464	309
1464	314
1463	314
1463	315
1462	315
1462	317
1461	317
1461	318
1460	318
1460	320
1459	320
1459	321
1456	321
1456	324
1455	324
1455	326
1454	326
1454	327
1450	327
1450	331
1449	331
1449	332
1448	332
1448	333
1444	333
1444	337
1443	337
1443	338
1438	338
1438	344
1437	344
1437	345
1433	345
1433	346
1432	346
1432	349
1431	349
1431	350
1430	350
1430	351
1427	351
1427	352
1426	352
1426	356
1425	356
1425	357
1420	357
1420	358
1419	358
1419	359
1417	359
1417	360
1416	360
1416	371
1419	371
1419	372
1420	372
1420	373
1422	373
1422	374
1423	374
1423	376
1424	376
1424	378
1431	378
1431	381
1430	381
1430	382
1428	382
1428	386
1427	386
1427	387
1426	387
1426	388
1425	388
1425	389
1424	389
1424	390
1422	390
1422	391
1420	391
1420	393
1419	393
1419	395
1417	395
1417	396
1414	396
1414	398
1413	398
1413	399
1412	399
1412	400
1407	400
1407	402
1402	402
1402	403
1401	403
1401	404
1400	404
1400	405
1397	405
1397	406
1390	406
1390	407
1389	407
1389	408
1383	408
1383	409
1381	409
1381	419
1382	419
1382	420
1386	420
1386	421
1387	421
1387	422
1389	422
1389	424
1388	424
1388	425
1387	425
1387	426
1386	426
1386	427
1383	427
1383	430
1378	430
1378	431
1377	431
1377	435
1376	435
1376	436
1371	436
1371	439
1365	439
1365	441
1364	441
1364	442
1359	442
1359	443
1356	443
1356	442
1354	442
1354	443
1353	443
1353	445
1352	445
1352	446
1351	446
1351	447
1346	447
1346	448
1341	448
1341	449
1335	449
1335	462
1338	462
1338	463
1341	463
1341	467
1335	467
1335	472
1334	472
1334	473
1329	473
1329	475
1327	475
1327	476
1324	476
1324	477
1322	477
1322	478
1317	478
1317	479
1311	479
1311	480
1310	480
1310	481
1307	481
1307	482
1302	482
1302	483
1298	483
1298	485
1294	485
1294	486
1293	486
1293	494
1294	494
1294	496
1295	496
1295	501
1289	501
1289	503
1282	503
1282	504
1280	504
1280	510
1277	510
1277	509
1274	509
1274	510
1272	510
1272	519
1273	519
1273	520
1282	520
1282	519
1283	519
1283	517
1282	517
1282	516
1283	516
1283	514
1288	514
1288	515
1289	515
1289	514
1291	514
1291	511
1300	511
1300	505
1307	505
1307	503
1311	503
1311	502
1312	502
1312	499
1318	499
1318	496
1319	496
1319	495
1321	495
1321	493
1324	493
1324	491
1326	491
1326	489
1328	489
1328	488
1330	488
1330	487
1336	487
1336	486
1337	486
1337	485
1336	485
1336	484
1342	484
1342	483
1343	483
1343	482
1345	482
1345	481
1348	481
1348	480
1349	480
1349	479
1350	479
1350	478
1351	478
1351	490
1352	490
1352	496
1354	496
1354	497
1360	497
1360	496
1362	496
1362	495
1363	495
1363	494
1364	494
1364	493
1367	493
1367	491
1368	491
1368	488
1373	488
1373	487
1375	487
1375	484
1376	484
1376	483
1380	483
1380	481
1381	481
1381	480
1384	480
1384	478
1385	478
1385	476
1386	476
1386	475
1387	475
1387	474
1391	474
1391	471
1392	471
1392	470
1393	470
1393	469
1396	469
1396	468
1397	468
1397	466
1398	466
1398	465
1400	465
1400	464
1401	464
1401	463
1402	463
1402	462
1404	462
1404	461
1406	461
1406	459
1409	459
1409	458
1410	458
1410	457
1412	457
1412	456
1413	456
1413	457
1415	457
1415	456
1417	456
1417	460
1418	460
1418	463
1419	463
1419	468
1420	468
1420	474
1421	474
1421	475
1430	475
1430	474
1431	474
1431	472
1432	472
1432	471
1434	471
1434	469
1437	469
1437	468
1439	468
1439	467
1440	467
1440	466
1442	466
1442	465
1443	465
1443	462
1446	462
1446	460
1450	460
1450	459
1451	459
1451	458
1452	458
1452	457
1455	457
1455	456
1458	456
1458	451
1460	451
1460	450
1463	450
1463	449
1464	449
1464	446
1469	446
1469	445
1470	445
1470	443
1471	443
1471	442
1476	442
1476	441
1480	441
1480	440
1486	440
1486	439
1490	439
1490	436
1493	436
1493	438
1494	438
1494	439
1495	439
1495	452
1496	452
1496	462
1506	462
1506	459
1507	459
1507	458
1508	458
1508	457
1509	457
1509	456
1512	456
1512	455
1513	455
1513	453
1515	453
1515	451
1517	451
1517	450
1518	450
1518	451
1519	451
1519	450
1520	450
1520	447
1521	447
1521	446
1523	446
1523	445
1524	445
1524	446
1528	446
1528	445
1529	445
1529	444
1531	444
1531	441
1533	441
1533	440
1534	440
1534	441
1535	441
1535	439
1536	439
1536	438
1542	438
1542	437
1543	437
1543	436
1544	436
1544	435
1549	435
1549	432
1555	432
1555	430
1557	430
1557	429
1558	429
1558	428
1563	428
1563	427
1567	427
1567	426
1573	426
1573	432
1572	432
1572	450
1586	450
1586	449
1587	449
1587	448
1589	448
1589	446
1591	446
1591	445
1592	445
1592	444
1598	444
1598	439
1607	439
1607	438
1611	438
1611	435
1615	435
1615	434
1629	434
1629	433
1635	433
1635	432
1640	432
1640	431
1643	431
1643	434
1642	434
1642	442
1641	442
1641	445
1640	445
1640	448
1639	448
1639	449
1638	449
1638	461
1640	461
1640	462
1644	462
1644	461
1646	461
1646	462
1649	462
1649	461
1650	461
1650	459
1651	459
1651	458
1652	458
1652	457
1661	457
1661	456
1662	456
1662	455
1663	455
1663	454
1669	454
1669	453
1670	453
1670	452
1671	452
1671	450
1672	450
1672	451
1680	451
1680	450
1682	450
1682	449
1683	449
1683	447
1685	447
1685	446
1691	446
1691	445
1693	445
1693	446
1709	446
1709	445
1712	445
1712	444
1713	444
1713	448
1712	448
1712	450
1711	450
1711	464
1710	464
1710	468
1711	468
1711	469
1726	469
1726	468
1733	468
1733	466
1734	466
1734	465
1746	465
1746	464
1747	464
1747	463
1750	463
1750	464
1751	464
1751	463
1752	463
1752	464
1753	464
1753	463
1755	463
1755	462
1768	462
1768	461
1770	461
1770	462
1772	462
1772	478
1783	478
1783	477
1784	477
1784	476
1786	476
1786	475
1796	475
1796	474
1799	474
1799	473
1800	473
1800	472
1803	472
1803	471
1815	471
1815	472
1818	472
1818	473
1819	473
1819	474
1818	474
1818	478
1817	478
1817	479
1815	479
1815	482
1814	482
1814	493
1835	493
1835	492
1838	492
1838	490
1840	490
1840	491
1855	491
1855	490
1859	490
1859	491
1860	491
1860	492
1862	492
1862	493
1863	493
1863	492
1864	492
1864	493
1909	493
1909	494
1910	494
1910	495
1920	495
1920	494
1932	494
1932	495
1952	495
1952	497
1955	497
1955	499
1957	499
1957	500
1960	500
1960	503
1961	503
1961	504
1960	504
1960	505
1959	505
1959	506
1955	506
1955	507
1954	507
1954	508
1953	508
1953	509
1949	509
1949	510
1948	510
1948	512
1942	512
1942	513
1941	513
1941	512
1940	512
1940	513
1939	513
1939	512
1938	512
1938	513
1937	513
1937	514
1935	514
1935	515
1925	515
1925	516
1924	516
1924	517
1919	517
1919	518
1918	518
1918	519
1917	519
1917	520
1912	520
1912	521
1894	521
1894	523
1892	523
1892	524
1882	524
1882	525
1876	525
1876	526
1875	526
1875	527
1870	527
1870	528
1869	528
1869	529
1868	529
1868	528
1866	528
1866	529
1863	529
1863	530
1857	530
1857	531
1852	531
1852	532
1851	532
1851	533
1849	533
1849	534
1848	534
1848	533
1840	533
1840	534
1839	534
1839	535
1838	535
1838	536
1834	536
1834	537
1822	537
1822	538
1821	538
1821	539
1797	539
1797	540
1796	540
1796	550
1797	550
1797	551
1798	551
1798	552
1799	552
1799	553
1800	553
1800	555
1799	555
1799	556
1798	556
1798	555
1797	555
1797	557
1796	557
1796	558
1790	558
1790	560
1787	560
1787	561
1786	561
1786	560
1785	560
1785	561
1784	561
1784	562
1773	562
1773	563
1772	563
1772	564
1759	564
1759	565
1758	565
1758	566
1754	566
1754	567
1742	567
1742	568
1732	568
1732	567
1718	567
1718	568
1717	568
1717	578
1719	578
1719	580
1720	580
1720	581
1721	581
1721	583
1722	583
1722	586
1723	586
1723	589
1724	589
1724	591
1725	591
1725	594
1718	594
1718	595
1717	595
1717	597
1715	597
1715	596
1713	596
1713	597
1712	597
1712	598
1711	598
1711	599
1689	599
1689	598
1680	598
1680	597
1677	597
1677	595
1676	595
1676	594
1663	594
1663	605
1664	605
1664	606
1665	606
1665	608
1667	608
1667	612
1665	612
1665	613
1657	613
1657	615
1653	615
1653	616
1651	616
1651	615
1631	615
1631	616
1629	616
1629	615
1627	615
1627	614
1624	614
1624	613
1622	613
1622	612
1619	612
1619	613
1617	613
1617	612
1616	612
1616	611
1615	611
1615	612
1611	612
1611	611
1609	611
1609	610
1595	610
1595	621
1596	621
1596	633
1595	633
1595	634
1588	634
1588	633
1580	633
1580	631
1574	631
1574	630
1573	630
1573	629
1569	629
1569	628
1566	628
1566	627
1564	627
1564	626
1561	626
1561	625
1558	625
1558	624
1555	624
1555	622
1542	622
1542	627
1541	627
1541	628
1535	628
1535	637
1529	637
1529	640
1515	640
1515	639
1513	639
1513	638
1512	638
1512	637
1500	637
1500	636
1495	636
1495	635
1490	635
1490	634
1488	634
1488	633
1483	633
1483	632
1482	632
1482	631
1479	631
1479	630
1476	630
1476	629
1474	629
1474	628
1465	628
1465	629
1464	629
1464	638
1465	638
1465	648
1468	648
1468	649
1472	649
1472	650
1474	650
1474	656
1473	656
1473	658
1472	658
1472	660
1471	660
1471	661
1470	661
1470	662
1469	662
1469	663
1468	663
1468	674
1469	674
1469	675
1482	675
1482	673
1495	673
1495	672
1499	672
1499	671
1527	671
1527	670
1533	670
1533	671
1534	671
1534	672
1545	672
1545	673
1547	673
1547	675
1552	675
1552	676
1553	676
1553	675
1554	675
1554	676
1557	676
1557	677
1556	677
1556	678
1555	678
1555	679
1554	679
1554	680
1553	680
1553	682
1552	682
1552	684
1551	684
1551	686
1550	686
1550	688
1549	688
1549	689
1548	689
1548	700
1559	700
1559	699
1562	699
1562	698
1564	698
1564	697
1584	697
1584	698
1594	698
1594	697
1595	697
1595	696
1607	696
1607	697
1619	697
1619	698
1620	698
1620	700
1632	700
1632	699
1635	699
1635	700
1634	700
1634	703
1633	703
1633	706
1632	706
1632	707
1631	707
1631	708
1630	708
1630	709
1629	709
1629	710
1627	710
1627	711
1626	711
1626	712
1627	712
1627	713
1626	713
1626	716
1624	716
1624	719
1623	719
1623	720
1624	720
1624	722
1623	722
1623	725
1624	725
1624	728
1638	728
1638	727
1648	727
1648	728
1656	728
1656	729
1657	729
1657	730
1670	730
1670	729
1675	729
1675	730
1687	730
1687	731
1693	731
1693	733
1696	733
1696	734
1702	734
1702	735
1704	735
1704	736
1708	736
1708	737
1709	737
1709	740
1706	740
1706	741
1705	741
1705	744
1704	744
1704	745
1703	745
1703	746
1702	746
1702	747
1701	747
1701	746
1700	746
1700	747
1699	747
1699	758
1700	758
1700	760
1720	760
1720	759
1730	759
1730	760
1738	760
1738	761
1750	761
1750	762
1759	762
1759	764
1761	764
1761	765
1765	765
1765	766
1766	766
1766	767
1768	767
1768	768
1769	768
1769	770
1766	770
1766	776
1765	776
1765	777
1760	777
