1954	649
1955	649
1955	650
1966	650
1966	651
1969	651
1969	652
1971	652
1971	653
1977	653
1977	654
1982	654
1982	655
1987	655
1987	656
1989	656
1989	657
1991	657
1991	658
1993	658
1993	659
1994	659
1994	660
1993	660
1993	661
1992	661
1992	662
1991	662
1991	663
1990	663
1990	664
1989	664
1989	665
1988	665
1988	671
1989	671
1989	672
2016	672
2016	673
2018	673
2018	674
2021	674
2021	675
2025	675
2025	676
2026	676
2026	677
2029	677
2029	678
2030	678
2030	679
2034	679
2034	680
2035	680
2035	681
2040	681
2040	682
2043	682
2043	683
2048	683
2048	684
2051	684
2051	686
2057	686
2057	687
2065	687
2065	688
2066	688
2066	690
2072	690
2072	691
2076	691
2076	692
2081	692
2081	693
2085	693
2085	694
2092	694
2092	695
2094	695
2094	696
2098	696
2098	697
2102	697
2102	698
2108	698
2108	699
2111	699
2111	700
2112	700
2112	699
2113	699
2113	700
2121	700
2121	701
2126	701
2126	702
2129	702
2129	703
2133	703
2133	704
2135	704
2135	705
2137	705
2137	706
2136	706
2136	707
2137	707
2137	708
2134	708
2134	709
2126	709
2126	710
2084	710
2084	711
2080	711
2080	712
2078	712
2078	711
2075	711
2075	712
2052	712
2052	713
2051	713
2051	714
2038	714
2038	715
2026	715
2026	716
2020	716
2020	717
2015	717
2015	718
1991	718
1991	717
1987	717
1987	716
1979	716
1979	729
1977	729
1977	730
1973	730
1973	729
1971	729
1971	728
1968	728
1968	727
1955	727
1955	726
1946	726
1946	725
1941	725
1941	724
1939	724
1939	723
1936	723
1936	722
1935	722
1935	721
1933	721
1933	720
1927	720
1927	728
1928	728
1928	729
1929	729
1929	730
1928	730
1928	731
1929	731
1929	732
1926	732
1926	731
1916	731
1916	730
1908	730
1908	729
1905	729
1905	728
1901	728
1901	727
1897	727
1897	726
1894	726
1894	725
1893	725
1893	724
1890	724
1890	723
1886	723
1886	722
1882	722
1882	721
1880	721
1880	720
1878	720
1878	719
1877	719
1877	718
1875	718
1875	717
1874	717
1874	716
1873	716
1873	715
1867	715
1867	716
1866	716
1866	726
1867	726
1867	731
1865	731
1865	730
1861	730
1861	729
1858	729
1858	728
1852	728
1852	727
1851	727
1851	726
1850	726
1850	725
1847	725
1847	723
1843	723
1843	722
1840	722
1840	721
1838	721
1838	720
1837	720
1837	718
1829	718
1829	725
1827	725
1827	724
1825	724
1825	723
1823	723
1823	722
1822	722
1822	721
1817	721
1817	720
1814	720
1814	719
1811	719
1811	718
1807	718
1807	717
1804	717
1804	716
1800	716
1800	715
1798	715
1798	713
1791	713
1791	711
1789	711
1789	710
1779	710
1779	709
1776	709
1776	708
1774	708
1774	707
1772	707
1772	706
1771	706
1771	705
1769	705
1769	704
1768	704
1768	703
1767	703
1767	702
1765	702
1765	701
1764	701
1764	700
1758	700
1758	701
1757	701
1757	719
1758	719
1758	722
1756	722
1756	721
1754	721
1754	720
1752	720
1752	719
1751	719
1751	718
1749	718
1749	717
1747	717
1747	716
1744	716
1744	715
1742	715
1742	714
1741	714
1741	713
1740	713
1740	712
1735	712
1735	711
1732	711
1732	710
1730	710
1730	709
1724	709
1724	708
1720	708
1720	706
1719	706
1719	707
1714	707
1714	706
1711	706
1711	707
1710	707
1710	706
1708	706
1708	705
1706	705
1706	704
1704	704
1704	703
1698	703
1698	702
1696	702
1696	701
1694	701
1694	700
1692	700
1692	699
1690	699
1690	698
1689	698
1689	697
1687	697
1687	695
1685	695
1685	694
1684	694
1684	692
1682	692
1682	691
1681	691
1681	690
1680	690
1680	689
1679	689
1679	688
1678	688
1678	687
1677	687
1677	686
1671	686
1671	687
1670	687
1670	710
1671	710
1671	711
1673	711
1673	712
1672	712
1672	713
1671	713
1671	712
1666	712
1666	711
1665	711
1665	712
1663	712
1663	711
1660	711
1660	710
1659	710
1659	709
1653	709
1653	708
1648	708
1648	707
1646	707
1646	706
1644	706
1644	705
1640	705
1640	704
1638	704
1638	703
1637	703
1637	702
1634	702
1634	701
1632	701
1632	700
1631	700
1631	699
1630	699
1630	698
1628	698
1628	697
1626	697
1626	696
1624	696
1624	694
1622	694
1622	693
1621	693
1621	692
1617	692
1617	691
1615	691
1615	690
1613	690
1613	689
1611	689
1611	688
1610	688
1610	687
1609	687
1609	686
1608	686
1608	685
1607	685
1607	684
1605	684
1605	683
1604	683
1604	681
1602	681
1602	680
1601	680
1601	678
1600	678
1600	677
1599	677
1599	675
1598	675
1598	674
1592	674
1592	675
1591	675
1591	680
1590	680
1590	686
1589	686
1589	696
1590	696
1590	698
1587	698
1587	697
1584	697
1584	696
1583	696
1583	695
1581	695
1581	694
1579	694
1579	693
1578	693
1578	692
1575	692
1575	691
1573	691
1573	690
1571	690
1571	689
1569	689
1569	688
1568	688
1568	687
1566	687
1566	686
1564	686
1564	685
1562	685
1562	684
1560	684
1560	683
1559	683
1559	682
1558	682
1558	681
1557	681
1557	680
1556	680
1556	679
1555	679
1555	678
1554	678
1554	677
1553	677
1553	676
1551	676
1551	675
1550	675
1550	674
1549	674
1549	672
1547	672
1547	671
1546	671
1546	669
1543	669
1543	668
1542	668
1542	667
1541	667
1541	666
1539	666
1539	665
1538	665
1538	664
1536	664
1536	662
1535	662
1535	661
1534	661
1534	659
1533	659
1533	658
1527	658
1527	659
1526	659
1526	676
1527	676
1527	677
1528	677
1528	678
1525	678
1525	677
1522	677
1522	676
1521	676
1521	675
1517	675
1517	674
1514	674
1514	673
1512	673
1512	672
1510	672
1510	671
1508	671
1508	670
1506	670
1506	669
1504	669
1504	668
1503	668
1503	667
1502	667
1502	666
1500	666
1500	665
1498	665
1498	664
1496	664
1496	663
1495	663
1495	662
1487	662
1487	664
1483	664
1483	665
1480	665
1480	666
1478	666
1478	665
1477	665
1477	667
1475	667
1475	668
1474	668
1474	670
1473	670
1473	671
1472	671
1472	672
1471	672
1471	673
1469	673
1469	674
1468	674
1468	673
1467	673
1467	676
1466	676
1466	677
1462	677
1462	679
1461	679
1461	680
1460	680
1460	681
1458	681
1458	683
1457	683
1457	687
1458	687
1458	689
1468	689
1468	690
1474	690
1474	691
1479	691
1479	692
1480	692
1480	693
1482	693
1482	694
1485	694
1485	695
1488	695
1488	696
1489	696
1489	697
1490	697
1490	698
1491	698
1491	697
1492	697
1492	698
1494	698
1494	700
1496	700
1496	701
1497	701
1497	703
1499	703
1499	704
1500	704
1500	705
1501	705
1501	707
1502	707
1502	708
1505	708
1505	709
1508	709
1508	710
1512	710
1512	711
1516	711
1516	712
1517	712
1517	713
1521	713
1521	715
1524	715
1524	716
1528	716
1528	718
1529	718
1529	719
1530	719
1530	720
1531	720
1531	721
1533	721
1533	722
1534	722
1534	723
1535	723
1535	724
1536	724
1536	725
1538	725
1538	727
1540	727
1540	729
1542	729
1542	730
1543	730
1543	731
1547	731
1547	732
1548	732
1548	733
1549	733
1549	734
1550	734
1550	736
1541	736
1541	737
1537	737
1537	739
1536	739
1536	740
1534	740
1534	741
1532	741
1532	742
1530	742
1530	743
1529	743
1529	744
1528	744
1528	745
1525	745
1525	746
1524	746
1524	747
1523	747
1523	753
1524	753
1524	754
1535	754
1535	755
1537	755
1537	756
1541	756
1541	757
1543	757
1543	758
1544	758
1544	759
1545	759
1545	760
1546	760
1546	761
1548	761
1548	763
1549	763
1549	764
1551	764
1551	765
1554	765
1554	768
1555	768
1555	769
1557	769
1557	771
1558	771
1558	772
1559	772
1559	773
1562	773
1562	775
1571	775
1571	776
1576	776
1576	778
1577	778
1577	779
1578	779
1578	780
1579	780
1579	782
1580	782
1580	783
1581	783
1581	784
1582	784
1582	785
1583	785
1583	786
1586	786
1586	788
1587	788
1587	789
1588	789
1588	790
1589	790
1589	791
1591	791
1591	792
1592	792
1592	793
1594	793
1594	794
1595	794
1595	795
1596	795
1596	797
1586	797
1586	798
1585	798
1585	799
1584	799
1584	800
1582	800
1582	801
1581	801
1581	802
1580	802
1580	803
1579	803
1579	806
1578	806
1578	807
1579	807
1579	808
1578	808
1578	809
1579	809
1579	810
1586	810
1586	814
1590	814
1590	815
1591	815
1591	816
1592	816
1592	817
1597	817
1597	818
1598	818
1598	819
1600	819
1600	820
1601	820
1601	821
1602	821
1602	822
1603	822
1603	825
1604	825
1604	826
1605	826
1605	827
1607	827
1607	828
1608	828
1608	830
1615	830
1615	831
1621	831
1621	832
1624	832
1624	834
1625	834
1625	835
1627	835
1627	836
1628	836
1628	838
1630	838
1630	839
1632	839
1632	840
1633	840
1633	841
1634	841
1634	842
1635	842
1635	843
1636	843
1636	844
1640	844
1640	845
1641	845
1641	846
1643	846
1643	848
1642	848
1642	849
1635	849
1635	850
1633	850
1633	851
1631	851
1631	852
1629	852
1629	853
1628	853
1628	854
1626	854
1626	855
1625	855
1625	856
1624	856
1624	857
1623	857
1623	858
1622	858
1622	859
1620	859
1620	861
1618	861
1618	868
1621	868
1621	869
1622	869
1622	871
1629	871
1629	872
1634	872
1634	873
1639	873
1639	874
1640	874
1640	875
1641	875
1641	876
1642	876
1642	877
1644	877
1644	878
1645	878
1645	879
1647	879
1647	880
1649	880
1649	882
1651	882
1651	883
1654	883
1654	885
1655	885
1655	886
1656	886
1656	889
1657	889
1657	891
1658	891
1658	892
1659	892
1659	893
1661	893
1661	895
1663	895
1663	896
1666	896
1666	897
1667	897
1667	898
1668	898
1668	900
1671	900
1671	901
1673	901
1673	902
1675	902
1675	903
1676	903
1676	905
1677	905
1677	906
1679	906
1679	908
1680	908
1680	910
1681	910
1681	912
1682	912
1682	913
1683	913
1683	915
1684	915
1684	916
1685	916
1685	917
1686	917
1686	918
1687	918
1687	919
1689	919
1689	920
1691	920
1691	922
1692	922
1692	924
1680	924
1680	925
1677	925
1677	926
1675	926
1675	927
1674	927
1674	928
1673	928
1673	929
1671	929
1671	930
1669	930
1669	931
1668	931
1668	932
1666	932
1666	933
1665	933
1665	934
1664	934
1664	935
1662	935
1662	942
1665	942
1665	943
1669	943
1669	944
1674	944
1674	946
1679	946
1679	947
1682	947
1682	948
1684	948
1684	949
1687	949
1687	950
1688	950
1688	951
1689	951
1689	952
1692	952
1692	953
1694	953
1694	954
1695	954
1695	955
1696	955
1696	956
1699	956
1699	957
1700	957
1700	959
1703	959
1703	960
1705	960
1705	961
1706	961
1706	962
1707	962
1707	964
1708	964
1708	965
1706	965
1706	972
1708	972
1708	973
1709	973
1709	974
1713	974
1713	976
1714	976
1714	977
1717	977
1717	978
1718	978
1718	979
1720	979
1720	980
1721	980
1721	982
1722	982
1722	983
1723	983
1723	985
1725	985
1725	988
1728	988
1728	991
1729	991
1729	993
1730	993
1730	995
1731	995
1731	997
1732	997
1732	1000
1735	1000
1735	1001
1736	1001
1736	1002
1737	1002
1737	1003
1738	1003
1738	1005
1739	1005
1739	1007
1741	1007
1741	1010
1726	1010
1726	1011
1724	1011
1724	1012
1721	1012
1721	1013
1719	1013
1719	1014
1716	1014
1716	1015
1713	1015
1713	1016
1711	1016
1711	1017
1708	1017
1708	1023
1709	1023
1709	1024
1713	1024
1713	1025
1715	1025
1715	1026
1718	1026
1718	1027
1720	1027
1720	1028
1721	1028
1721	1029
1723	1029
1723	1030
1724	1030
1724	1029
1725	1029
1725	1032
1728	1032
1728	1033
1729	1033
1729	1034
1731	1034
1731	1035
1733	1035
1733	1036
1735	1036
1735	1038
1736	1038
1736	1039
1737	1039
1737	1040
1738	1040
1738	1041
1739	1041
1739	1042
1740	1042
1740	1043
1741	1043
1741	1044
1742	1044
1742	1045
1744	1045
1744	1046
1745	1046
1745	1048
1746	1048
1746	1049
1748	1049
1748	1052
1749	1052
1749	1053
1750	1053
1750	1054
1751	1054
1751	1055
1752	1055
1752	1056
1753	1056
1753	1057
1754	1057
1754	1058
1756	1058
1756	1060
1757	1060
1757	1061
1759	1061
1759	1062
1760	1062
1760	1063
1761	1063
1761	1064
1762	1064
1762	1066
1763	1066
1763	1067
1764	1067
1764	1068
1766	1068
1766	1071
1767	1071
1767	1072
1768	1072
1768	1073
1769	1073
1769	1074
1770	1074
1770	1075
1771	1075
1771	1076
1772	1076
1772	1078
1773	1078
1773	1079
1774	1079
1774	1080
1776	1080
1776	1081
1777	1081
1777	1083
1779	1083
1779	1084
1781	1084
1781	1085
1782	1085
1782	1086
1781	1086
1781	1087
1774	1087
1774	1088
1770	1088
1770	1089
1768	1089
1768	1090
1767	1090
1767	1091
1766	1091
1766	1092
1764	1092
1764	1093
1763	1093
1763	1094
1762	1094
1762	1095
1761	1095
1761	1096
1759	1096
1759	1097
1758	1097
1758	1103
1761	1103
1761	1104
1762	1104
1762	1103
1763	1103
1763	1104
1764	1104
1764	1105
1768	1105
1768	1106
1770	1106
1770	1107
1771	1107
1771	1108
1772	1108
1772	1109
1774	1109
1774	1110
1775	1110
1775	1112
1777	1112
1777	1113
1778	1113
1778	1114
1779	1114
1779	1115
1781	1115
1781	1116
1784	1116
1784	1117
1785	1117
1785	1119
1786	1119
1786	1120
1788	1120
1788	1121
1791	1121
1791	1123
1792	1123
1792	1125
1793	1125
1793	1126
1794	1126
1794	1127
1796	1127
1796	1128
1797	1128
1797	1129
1798	1129
1798	1130
1800	1130
1800	1131
1801	1131
1801	1132
1802	1132
1802	1134
1804	1134
1804	1136
1805	1136
1805	1137
1806	1137
1806	1138
1807	1138
1807	1139
1808	1139
1808	1140
1809	1140
1809	1141
1810	1141
1810	1142
1811	1142
1811	1143
1812	1143
1812	1146
1813	1146
1813	1147
1814	1147
1814	1148
1815	1148
1815	1149
1816	1149
1816	1150
1817	1150
1817	1151
1818	1151
1818	1152
1820	1152
1820	1154
1821	1154
1821	1155
1820	1155
1820	1156
1818	1156
1818	1155
1810	1155
1810	1156
1808	1156
1808	1157
1805	1157
1805	1158
1802	1158
1802	1159
1800	1159
1800	1160
1798	1160
1798	1161
1797	1161
1797	1162
1796	1162
1796	1163
1794	1163
1794	1164
1792	1164
1792	1165
1791	1165
1791	1171
1794	1171
1794	1172
1796	1172
1796	1173
1800	1173
1800	1174
1801	1174
1801	1176
1804	1176
1804	1178
1805	1178
1805	1179
1807	1179
1807	1180
1810	1180
1810	1181
1811	1181
1811	1182
1812	1182
1812	1183
1813	1183
1813	1184
1814	1184
1814	1185
1816	1185
1816	1187
1817	1187
1817	1188
1818	1188
1818	1189
1819	1189
1819	1190
1818	1190
1818	1191
1819	1191
1819	1192
1820	1192
1820	1194
1822	1194
1822	1196
1823	1196
1823	1198
1824	1198
1824	1199
1825	1199
1825	1201
1826	1201
1826	1202
1827	1202
1827	1203
1828	1203
1828	1206
1829	1206
1829	1207
1831	1207
1831	1208
1833	1208
1833	1209
1834	1209
1834	1211
1836	1211
1836	1213
1837	1213
1837	1217
1838	1217
1838	1218
1841	1218
1841	1219
1842	1219
1842	1221
1843	1221
1843	1222
1844	1222
1844	1224
1845	1224
1845	1227
1843	1227
1843	1226
1841	1226
1841	1225
1830	1225
1830	1226
1828	1226
1828	1227
1825	1227
1825	1228
1822	1228
1822	1229
1819	1229
1819	1230
1817	1230
1817	1229
1816	1229
1816	1234
1817	1234
1817	1235
1816	1235
1816	1236
1818	1236
1818	1237
1819	1237
1819	1238
1826	1238
1826	1240
1827	1240
1827	1241
1830	1241
1830	1242
1831	1242
1831	1245
1834	1245
1834	1247
1835	1247
1835	1248
1836	1248
1836	1249
1838	1249
1838	1250
1841	1250
1841	1251
1842	1251
1842	1255
1843	1255
1843	1256
1844	1256
1844	1257
1845	1257
1845	1258
1846	1258
1846	1261
1848	1261
1848	1263
1849	1263
1849	1265
1850	1265
1850	1267
1851	1267
1851	1268
1852	1268
1852	1269
1853	1269
1853	1272
1855	1272
1855	1273
1856	1273
1856	1274
1857	1274
1857	1276
1858	1276
1858	1279
1860	1279
1860	1282
1861	1282
1861	1283
1862	1283
1862	1285
1863	1285
1863	1286
1864	1286
1864	1287
1865	1287
1865	1290
1867	1290
1867	1292
1869	1292
1869	1294
1871	1294
1871	1296
1868	1296
1868	1295
1858	1295
1858	1296
1855	1296
1855	1297
1853	1297
1853	1299
1852	1299
1852	1303
1853	1303
1853	1304
1854	1304
1854	1305
1856	1305
1856	1308
1859	1308
1859	1309
1858	1309
1858	1310
1860	1310
1860	1311
1861	1311
1861	1312
1862	1312
1862	1314
1864	1314
1864	1315
1865	1315
1865	1316
1866	1316
1866	1318
1867	1318
1867	1319
1868	1319
1868	1322
1869	1322
1869	1323
1870	1323
1870	1325
1871	1325
1871	1326
1872	1326
1872	1328
1873	1328
1873	1333
1874	1333
1874	1334
1875	1334
1875	1335
1876	1335
1876	1336
1877	1336
1877	1340
1880	1340
1880	1343
1881	1343
1881	1345
1882	1345
1882	1346
1883	1346
1883	1348
1884	1348
1884	1350
1886	1350
1886	1353
1887	1353
1887	1354
1888	1354
1888	1357
1889	1357
1889	1358
1890	1358
1890	1360
1889	1360
1889	1361
1891	1361
1891	1364
1892	1364
1892	1366
1893	1366
1893	1368
1894	1368
1894	1370
1895	1370
1895	1373
1896	1373
1896	1376
1897	1376
1897	1378
1898	1378
1898	1380
1899	1380
1899	1383
1900	1383
1900	1385
1901	1385
1901	1388
1902	1388
1902	1390
1903	1390
1903	1391
1904	1391
1904	1392
1905	1392
1905	1394
1906	1394
1906	1396
1907	1396
1907	1397
1908	1397
1908	1398
1909	1398
1909	1400
1910	1400
1910	1402
1912	1402
1912	1406
1913	1406
1913	1407
1915	1407
1915	1408
1916	1408
1916	1409
1917	1409
1917	1412
1919	1412
1919	1413
1920	1413
1920	1417
1921	1417
1921	1418
1922	1418
1922	1421
1923	1421
1923	1423
1924	1423
1924	1425
1925	1425
1925	1426
1926	1426
1926	1427
1927	1427
1927	1428
1928	1428
1928	1429
1929	1429
1929	1431
1930	1431
1930	1432
1931	1432
1931	1435
1932	1435
1932	1437
1933	1437
1933	1438
1934	1438
1934	1439
1935	1439
1935	1440
1936	1440
1936	1441
1937	1441
1937	1444
1938	1444
1938	1445
1940	1445
1940	1446
1941	1446
1941	1449
1942	1449
1942	1450
1943	1450
1943	1451
1944	1451
1944	1453
1945	1453
1945	1455
1946	1455
1946	1456
1947	1456
1947	1458
1948	1458
1948	1460
1949	1460
1949	1461
1950	1461
1950	1462
1951	1462
1951	1464
1952	1464
1952	1465
1953	1465
1953	1468
1954	1468
1954	1469
1955	1469
1955	1472
1956	1472
1956	1474
1957	1474
1957	1476
1958	1476
1958	1477
1959	1477
1959	1479
1960	1479
1960	1481
1961	1481
1961	1488
1958	1488
1958	1486
1955	1486
1955	1485
1954	1485
1954	1484
1953	1484
1953	1483
1952	1483
1952	1482
1951	1482
1951	1481
1950	1481
1950	1480
1949	1480
1949	1479
1948	1479
1948	1478
1947	1478
1947	1476
1946	1476
1946	1475
1945	1475
1945	1474
1944	1474
1944	1473
1942	1473
1942	1472
1941	1472
1941	1471
1940	1471
1940	1470
1939	1470
1939	1469
1938	1469
1938	1468
1937	1468
1937	1467
1936	1467
1936	1466
1935	1466
1935	1465
1934	1465
1934	1464
1933	1464
1933	1462
1932	1462
1932	1461
1931	1461
1931	1460
1930	1460
1930	1459
1929	1459
1929	1458
1928	1458
1928	1457
1927	1457
1927	1456
1926	1456
1926	1455
1925	1455
1925	1454
1924	1454
1924	1453
1923	1453
1923	1451
1921	1451
1921	1450
1920	1450
1920	1449
1919	1449
1919	1447
1917	1447
1917	1446
1916	1446
1916	1445
1915	1445
1915	1444
1914	1444
1914	1443
1913	1443
1913	1442
1912	1442
1912	1441
1911	1441
1911	1440
1910	1440
1910	1439
1909	1439
1909	1438
1908	1438
1908	1437
1907	1437
1907	1436
1906	1436
1906	1435
1905	1435
1905	1434
1904	1434
1904	1433
1903	1433
1903	1432
1902	1432
1902	1431
1901	1431
1901	1429
1899	1429
1899	1428
1898	1428
1898	1427
1897	1427
1897	1426
1896	1426
1896	1425
1895	1425
1895	1424
1894	1424
1894	1423
1893	1423
1893	1422
1892	1422
1892	1421
1891	1421
1891	1420
1890	1420
1890	1419
1888	1419
1888	1418
1887	1418
1887	1417
1886	1417
1886	1416
1885	1416
1885	1415
1884	1415
1884	1414
1883	1414
1883	1413
1882	1413
1882	1412
1881	1412
1881	1411
1880	1411
1880	1410
1879	1410
1879	1409
1878	1409
1878	1407
1876	1407
1876	1405
1875	1405
1875	1404
1873	1404
1873	1402
1872	1402
1872	1401
1871	1401
1871	1400
1869	1400
1869	1399
1868	1399
1868	1398
1866	1398
1866	1397
1864	1397
1864	1396
1863	1396
1863	1394
1861	1394
1861	1393
1860	1393
1860	1392
1859	1392
1859	1391
1858	1391
1858	1390
1857	1390
1857	1389
1856	1389
1856	1388
1855	1388
1855	1387
1854	1387
1854	1386
1853	1386
1853	1385
1852	1385
1852	1383
1851	1383
1851	1381
1850	1381
1850	1380
1849	1380
1849	1377
1842	1377
1842	1378
1841	1378
1841	1380
1840	1380
1840	1382
1838	1382
1838	1380
1837	1380
1837	1379
1836	1379
1836	1378
1835	1378
1835	1377
1834	1377
1834	1376
1833	1376
1833	1374
1832	1374
1832	1373
1831	1373
1831	1372
1830	1372
1830	1370
1828	1370
1828	1369
1827	1369
1827	1368
1826	1368
1826	1367
1824	1367
1824	1366
1823	1366
1823	1365
1822	1365
1822	1364
1821	1364
1821	1363
1820	1363
1820	1362
1819	1362
1819	1361
1817	1361
1817	1359
1815	1359
1815	1358
1814	1358
1814	1357
1813	1357
1813	1356
1812	1356
1812	1353
1811	1353
1811	1354
1810	1354
1810	1353
1809	1353
1809	1352
1807	1352
1807	1351
1806	1351
1806	1349
1803	1349
1803	1348
1801	1348
1801	1347
1800	1347
1800	1346
1799	1346
1799	1345
1797	1345
1797	1343
1795	1343
1795	1342
1794	1342
1794	1341
1793	1341
1793	1338
1792	1338
1792	1337
1791	1337
1791	1335
1790	1335
1790	1334
1789	1334
1789	1330
1788	1330
1788	1329
1787	1329
1787	1328
1781	1328
1781	1329
1780	1329
1780	1331
1779	1331
1779	1338
1780	1338
1780	1344
1779	1344
1779	1343
1775	1343
1775	1341
1773	1341
1773	1340
1771	1340
1771	1339
1770	1339
1770	1338
1769	1338
1769	1337
1768	1337
1768	1336
1766	1336
1766	1335
1765	1335
1765	1334
1763	1334
1763	1333
1762	1333
1762	1332
1761	1332
1761	1331
1760	1331
1760	1330
1759	1330
1759	1329
1758	1329
1758	1327
1756	1327
1756	1326
1755	1326
1755	1324
1753	1324
1753	1323
1752	1323
1752	1322
1751	1322
1751	1321
1750	1321
1750	1320
1749	1320
1749	1318
1748	1318
1748	1317
1747	1317
1747	1315
1746	1315
1746	1314
1745	1314
1745	1313
1744	1313
1744	1312
1743	1312
1743	1311
1742	1311
1742	1310
1741	1310
1741	1309
1740	1309
1740	1308
1739	1308
1739	1307
1738	1307
1738	1305
1737	1305
1737	1304
1736	1304
1736	1303
1735	1303
1735	1300
1734	1300
1734	1298
1733	1298
1733	1297
1732	1297
1732	1294
1731	1294
1731	1293
1726	1293
1726	1294
1725	1294
1725	1296
1724	1296
1724	1297
1723	1297
1723	1298
1722	1298
1722	1300
1721	1300
1721	1302
1720	1302
1720	1304
1719	1304
1719	1305
1718	1305
1718	1307
1717	1307
1717	1310
1716	1310
1716	1311
1715	1311
1715	1310
1714	1310
1714	1308
1713	1308
1713	1305
1712	1305
1712	1304
1711	1304
1711	1302
1710	1302
1710	1301
1709	1301
1709	1299
1708	1299
1708	1298
1707	1298
1707	1297
1706	1297
1706	1296
1705	1296
1705	1295
1704	1295
1704	1294
1703	1294
1703	1293
1702	1293
1702	1292
1701	1292
1701	1291
1700	1291
1700	1289
1699	1289
1699	1287
1698	1287
1698	1286
1697	1286
1697	1284
1696	1284
1696	1283
1695	1283
1695	1281
1694	1281
1694	1280
1693	1280
1693	1276
1692	1276
1692	1273
1691	1273
1691	1269
1690	1269
1690	1266
1689	1266
1689	1264
1688	1264
1688	1262
1682	1262
1682	1263
1681	1263
1681	1264
1680	1264
1680	1266
1679	1266
1679	1268
1678	1268
1678	1270
1677	1270
1677	1277
1675	1277
1675	1276
1674	1276
1674	1275
1673	1275
1673	1274
1672	1274
1672	1273
1671	1273
1671	1272
1670	1272
1670	1270
1669	1270
1669	1269
1667	1269
1667	1268
1665	1268
1665	1267
1664	1267
1664	1266
1663	1266
1663	1265
1662	1265
1662	1264
1661	1264
1661	1263
1660	1263
1660	1261
1659	1261
1659	1260
1658	1260
1658	1259
1657	1259
1657	1258
1656	1258
1656	1257
1655	1257
1655	1256
1654	1256
1654	1255
1653	1255
1653	1254
1652	1254
1652	1253
1651	1253
1651	1251
1650	1251
1650	1250
1648	1250
1648	1249
1647	1249
1647	1247
1646	1247
1646	1246
1645	1246
1645	1245
1644	1245
1644	1244
1643	1244
1643	1243
1642	1243
1642	1242
1641	1242
1641	1240
1640	1240
1640	1239
1639	1239
1639	1236
1638	1236
1638	1234
1637	1234
1637	1232
1636	1232
1636	1230
1635	1230
1635	1228
1634	1228
1634	1224
1633	1224
1633	1221
1632	1221
1632	1220
1627	1220
1627	1221
1625	1221
1625	1227
1622	1227
1622	1234
1618	1234
1618	1235
1616	1235
1616	1238
1615	1238
1615	1239
1614	1239
1614	1242
1613	1242
1613	1245
1612	1245
1612	1246
1609	1246
1609	1242
1608	1242
1608	1241
1607	1241
1607	1239
1606	1239
1606	1236
1605	1236
1605	1234
1603	1234
1603	1233
1602	1233
1602	1231
1601	1231
1601	1230
1600	1230
1600	1229
1599	1229
1599	1228
1597	1228
1597	1227
1596	1227
1596	1226
1595	1226
1595	1225
1593	1225
1593	1224
1592	1224
1592	1222
1591	1222
1591	1221
1590	1221
1590	1220
1588	1220
1588	1219
1587	1219
1587	1217
1586	1217
1586	1216
1585	1216
1585	1215
1584	1215
1584	1213
1583	1213
1583	1212
1581	1212
1581	1211
1580	1211
1580	1209
1579	1209
1579	1208
1578	1208
1578	1206
1577	1206
1577	1205
1575	1205
1575	1203
1574	1203
1574	1201
1573	1201
1573	1200
1572	1200
1572	1199
1570	1199
1570	1198
1569	1198
1569	1197
1568	1197
1568	1196
1567	1196
1567	1195
1566	1195
1566	1193
1565	1193
1565	1192
1564	1192
1564	1189
1563	1189
1563	1187
1562	1187
1562	1185
1561	1185
1561	1184
1560	1184
1560	1179
1559	1179
1559	1177
1558	1177
1558	1173
1557	1173
1557	1169
1556	1169
1556	1156
1548	1156
1548	1157
1547	1157
1547	1159
1546	1159
1546	1160
1544	1160
1544	1161
1543	1161
1543	1164
1542	1164
1542	1165
1541	1165
1541	1166
1540	1166
1540	1167
1539	1167
1539	1169
1538	1169
1538	1170
1537	1170
1537	1172
1536	1172
1536	1173
1535	1173
1535	1174
1534	1174
1534	1175
1533	1175
1533	1177
1532	1177
1532	1178
1531	1178
1531	1181
1530	1181
1530	1184
1529	1184
1529	1188
1527	1188
1527	1187
1526	1187
1526	1186
1525	1186
1525	1184
1524	1184
1524	1183
1523	1183
1523	1181
1521	1181
1521	1180
1520	1180
1520	1178
1519	1178
1519	1176
1517	1176
1517	1174
1516	1174
1516	1173
1515	1173
1515	1171
1514	1171
1514	1170
1513	1170
1513	1169
1512	1169
1512	1167
1510	1167
1510	1165
1508	1165
1508	1163
1507	1163
1507	1161
1506	1161
1506	1158
1505	1158
1505	1155
1504	1155
1504	1153
1503	1153
1503	1150
1502	1150
1502	1148
1501	1148
1501	1145
1500	1145
1500	1144
1499	1144
1499	1142
1497	1142
1497	1141
1496	1141
1496	1139
1495	1139
1495	1137
1494	1137
1494	1134
1493	1134
1493	1130
1492	1130
1492	1128
1491	1128
1491	1124
1490	1124
1490	1121
1489	1121
1489	1119
1488	1119
1488	1115
1487	1115
1487	1099
1481	1099
1481	1100
1480	1100
1480	1101
1478	1101
1478	1103
1477	1103
1477	1104
1476	1104
1476	1105
1475	1105
1475	1106
1474	1106
1474	1107
1473	1107
1473	1108
1471	1108
1471	1110
1470	1110
1470	1111
1469	1111
1469	1114
1466	1114
1466	1115
1465	1115
1465	1117
1464	1117
1464	1120
1463	1120
1463	1121
1462	1121
1462	1120
1461	1120
1461	1116
1460	1116
1460	1114
1459	1114
1459	1113
1458	1113
1458	1111
1457	1111
1457	1109
1456	1109
1456	1107
1455	1107
1455	1106
1454	1106
1454	1104
1453	1104
1453	1103
1452	1103
1452	1101
1451	1101
1451	1100
1450	1100
1450	1098
1449	1098
1449	1096
1448	1096
1448	1095
1447	1095
1447	1093
1446	1093
1446	1092
1445	1092
1445	1091
1444	1091
1444	1090
1443	1090
1443	1089
1442	1089
1442	1087
1441	1087
1441	1084
1440	1084
1440	1080
1439	1080
1439	1077
1438	1077
1438	1076
1437	1076
1437	1075
1438	1075
1438	1074
1436	1074
1436	1073
1437	1073
1437	1072
1435	1072
1435	1070
1434	1070
1434	1068
1433	1068
1433	1067
1432	1067
1432	1065
1431	1065
1431	1062
1430	1062
1430	1058
1429	1058
1429	1056
1428	1056
1428	1050
1427	1050
1427	1043
1426	1043
1426	1032
1420	1032
1420	1033
1419	1033
1419	1034
1417	1034
1417	1035
1416	1035
1416	1036
1415	1036
1415	1037
1413	1037
1413	1039
1412	1039
1412	1040
1411	1040
1411	1041
1409	1041
1409	1042
1408	1042
1408	1043
1407	1043
1407	1044
1405	1044
1405	1045
1404	1045
1404	1047
1403	1047
1403	1048
1402	1048
1402	1050
1401	1050
1401	1054
1399	1054
1399	1052
1398	1052
1398	1050
1397	1050
1397	1048
1396	1048
1396	1046
1395	1046
1395	1044
1394	1044
1394	1043
1393	1043
1393	1040
1391	1040
1391	1038
1390	1038
1390	1036
1389	1036
1389	1034
1388	1034
1388	1032
1386	1032
1386	1029
1385	1029
1385	1027
1384	1027
1384	1025
1383	1025
1383	1024
1382	1024
1382	1022
1381	1022
1381	1021
1380	1021
1380	1017
1379	1017
1379	1011
1378	1011
1378	1007
1377	1007
1377	1006
1376	1006
1376	1007
1373	1007
1373	1006
1372	1006
1372	1005
1371	1005
1371	1003
1370	1003
1370	996
1369	996
1369	978
1370	978
1370	968
1363	968
1363	969
1362	969
1362	970
1361	970
1361	971
1359	971
1359	972
1358	972
1358	973
1356	973
1356	974
1355	974
1355	975
1353	975
1353	976
1352	976
1352	977
1351	977
1351	978
1350	978
1350	979
1349	979
1349	980
1348	980
1348	982
1347	982
1347	984
1345	984
1345	985
1346	985
1346	986
1344	986
1344	984
1343	984
1343	982
1342	982
1342	981
1341	981
1341	978
1340	978
1340	977
1339	977
1339	974
1338	974
1338	970
1337	970
1337	967
1336	967
1336	961
1335	961
1335	957
1334	957
1334	945
1335	945
1335	944
1334	944
1334	939
1333	939
1333	936
1332	936
1332	933
1331	933
1331	929
1330	929
1330	925
1329	925
1329	913
1330	913
1330	904
1328	904
1328	905
1327	905
1327	904
1325	904
1325	905
1323	905
1323	907
1322	907
1322	908
1320	908
1320	909
1319	909
1319	910
1318	910
1318	911
1317	911
1317	912
1316	912
1316	913
1315	913
1315	914
1314	914
1314	915
1313	915
1313	916
1312	916
1312	917
1311	917
1311	921
1309	921
1309	920
1308	920
1308	918
1307	918
1307	915
1306	915
1306	913
1305	913
1305	911
1304	911
1304	908
1303	908
1303	907
1302	907
1302	904
1301	904
1301	898
1300	898
1300	893
1299	893
1299	890
1298	890
1298	887
1297	887
1297	880
1296	880
1296	879
1295	879
1295	877
1294	877
1294	872
1293	872
1293	866
1292	866
1292	860
1291	860
1291	854
1292	854
1292	843
1293	843
1293	842
1292	842
1292	839
1285	839
1285	840
1284	840
1284	841
1283	841
1283	842
1282	842
1282	843
1280	843
1280	844
1279	844
1279	845
1277	845
1277	846
1276	846
1276	847
1275	847
1275	848
1274	848
1274	849
1273	849
1273	851
1272	851
1272	854
1271	854
1271	853
1270	853
1270	849
1269	849
1269	844
1262	844
1262	842
1261	842
1261	841
1256	841
1256	840
1235	840
1235	846
1236	846
1236	847
1237	847
1237	848
1238	848
1238	849
1240	849
1240	850
1241	850
1241	852
1242	852
1242	853
1243	853
1243	855
1244	855
1244	857
1246	857
1246	858
1247	858
1247	859
1248	859
1248	860
1249	860
1249	861
1250	861
1250	863
1251	863
1251	864
1252	864
1252	870
1253	870
1253	871
1254	871
1254	872
1255	872
1255	875
1256	875
1256	880
1257	880
1257	883
1258	883
1258	884
1259	884
1259	885
1260	885
1260	886
1261	886
1261	891
1262	891
1262	892
1263	892
1263	894
1267	894
1267	896
1270	896
1270	898
1271	898
1271	899
1272	899
1272	900
1273	900
1273	901
1274	901
1274	903
1275	903
1275	904
1276	904
1276	908
1277	908
1277	909
1276	909
1276	910
1277	910
1277	913
1278	913
1278	917
1279	917
1279	921
1280	921
1280	927
1279	927
1279	926
1278	926
1278	925
1277	925
1277	924
1275	924
1275	923
1272	923
1272	922
1259	922
1259	923
1252	923
1252	924
1251	924
1251	929
1252	929
1252	931
1253	931
1253	932
1255	932
1255	933
1256	933
1256	934
1259	934
1259	937
1260	937
1260	938
1261	938
1261	939
1263	939
1263	942
1265	942
1265	944
1266	944
1266	945
1267	945
1267	946
1268	946
1268	947
1269	947
1269	950
1270	950
1270	959
1271	959
1271	960
1272	960
1272	965
1275	965
1275	968
1276	968
1276	970
1277	970
1277	971
1278	971
1278	972
1279	972
1279	974
1280	974
1280	975
1281	975
1281	977
1282	977
1282	978
1283	978
1283	981
1284	981
1284	983
1285	983
1285	988
1286	988
1286	991
1287	991
1287	995
1288	995
1288	999
1289	999
1289	1001
1290	1001
1290	1003
1291	1003
1291	1005
1289	1005
1289	1004
1288	1004
1288	1003
1286	1003
1286	1002
1283	1002
1283	1001
1257	1001
1257	1002
1256	1002
1256	1009
1257	1009
1257	1010
1259	1010
1259	1011
1260	1011
1260	1012
1261	1012
1261	1013
1262	1013
1262	1014
1264	1014
1264	1015
1265	1015
1265	1017
1266	1017
1266	1018
1267	1018
1267	1021
1268	1021
1268	1022
1269	1022
1269	1023
1270	1023
1270	1024
1272	1024
1272	1026
1273	1026
1273	1027
1274	1027
1274	1030
1275	1030
1275	1034
1276	1034
1276	1037
1277	1037
1277	1042
1276	1042
1276	1043
1277	1043
1277	1046
1279	1046
1279	1047
1281	1047
1281	1049
1283	1049
1283	1052
1284	1052
1284	1055
1286	1055
1286	1061
1287	1061
1287	1062
1288	1062
1288	1063
1289	1063
1289	1064
1290	1064
1290	1066
1291	1066
1291	1069
1292	1069
1292	1072
1293	1072
1293	1073
1292	1073
1292	1088
1293	1088
1293	1091
1294	1091
1294	1093
1295	1093
1295	1095
1296	1095
1296	1098
1295	1098
1295	1099
1294	1099
1294	1098
1293	1098
1293	1097
1292	1097
1292	1096
1291	1096
1291	1095
1289	1095
1289	1094
1287	1094
1287	1093
1285	1093
1285	1092
1282	1092
1282	1091
1277	1091
1277	1090
1273	1090
1273	1089
1265	1089
1265	1088
1264	1088
1264	1089
1262	1089
1262	1088
1261	1088
1261	1089
1259	1089
1259	1096
1261	1096
1261	1097
1264	1097
1264	1099
1266	1099
1266	1101
1268	1101
1268	1102
1269	1102
1269	1103
1270	1103
1270	1105
1271	1105
1271	1106
1272	1106
1272	1107
1273	1107
1273	1109
1274	1109
1274	1111
1275	1111
1275	1113
1276	1113
1276	1115
1277	1115
1277	1119
1278	1119
1278	1130
1279	1130
1279	1135
1280	1135
1280	1136
1281	1136
1281	1140
1283	1140
1283	1145
1284	1145
1284	1150
1285	1150
1285	1154
1286	1154
1286	1156
1287	1156
1287	1168
1288	1168
1288	1170
1289	1170
1289	1172
1290	1172
1290	1175
1291	1175
1291	1177
1292	1177
1292	1181
1291	1181
1291	1182
1292	1182
1292	1183
1293	1183
1293	1184
1292	1184
1292	1185
1291	1185
1291	1184
1290	1184
1290	1183
1289	1183
1289	1181
1286	1181
1286	1180
1285	1180
1285	1179
1282	1179
1282	1178
1279	1178
1279	1177
1275	1177
1275	1176
1272	1176
1272	1175
1267	1175
1267	1174
1261	1174
1261	1173
1251	1173
1251	1180
1253	1180
1253	1181
1254	1181
1254	1182
1255	1182
1255	1183
1256	1183
1256	1184
1257	1184
1257	1185
1258	1185
1258	1186
1259	1186
1259	1188
1260	1188
1260	1189
1261	1189
1261	1192
1262	1192
1262	1193
1263	1193
1263	1194
1264	1194
1264	1195
1265	1195
1265	1197
1266	1197
1266	1199
1267	1199
1267	1202
1268	1202
1268	1205
1269	1205
1269	1210
1270	1210
1270	1216
1271	1216
1271	1220
1272	1220
1272	1224
1273	1224
1273	1227
1274	1227
1274	1230
1275	1230
1275	1234
1276	1234
1276	1244
1277	1244
1277	1248
1278	1248
1278	1252
1277	1252
1277	1268
1278	1268
1278	1274
1279	1274
1279	1278
1280	1278
1280	1285
1278	1285
1278	1284
1277	1284
1277	1283
1276	1283
1276	1281
1275	1281
1275	1280
1274	1280
1274	1279
1272	1279
1272	1278
1271	1278
1271	1277
1268	1277
1268	1276
1266	1276
1266	1275
1265	1275
1265	1274
1262	1274
1262	1273
1253	1273
1253	1274
1252	1274
1252	1279
1253	1279
1253	1280
1254	1280
1254	1282
1255	1282
1255	1285
1256	1285
1256	1286
1257	1286
1257	1289
1258	1289
1258	1290
1259	1290
1259	1294
1260	1294
1260	1295
1261	1295
1261	1299
1262	1299
1262	1300
1263	1300
1263	1301
1264	1301
1264	1303
1265	1303
1265	1304
1266	1304
1266	1306
1267	1306
1267	1311
1268	1311
1268	1316
1269	1316
1269	1321
1270	1321
1270	1322
1271	1322
1271	1323
1272	1323
1272	1325
1273	1325
1273	1327
1274	1327
1274	1334
1275	1334
1275	1338
1276	1338
1276	1347
1277	1347
1277	1350
1278	1350
1278	1351
1279	1351
1279	1353
1280	1353
1280	1356
1281	1356
1281	1360
1280	1360
1280	1359
1278	1359
1278	1358
1277	1358
1277	1357
1275	1357
1275	1356
1273	1356
1273	1355
1271	1355
1271	1354
1268	1354
1268	1353
1262	1353
1262	1352
1257	1352
1257	1351
1251	1351
1251	1350
1250	1350
1250	1349
1248	1349
1248	1348
1247	1348
1247	1349
1246	1349
1246	1348
1239	1348
1239	1355
1240	1355
1240	1357
1241	1357
1241	1358
1243	1358
1243	1361
1244	1361
1244	1362
1245	1362
1245	1364
1246	1364
1246	1365
1248	1365
1248	1368
1249	1368
1249	1370
1250	1370
1250	1372
1251	1372
1251	1379
1252	1379
1252	1394
1253	1394
1253	1397
1254	1397
1254	1401
1255	1401
1255	1406
1256	1406
1256	1412
1257	1412
1257	1416
1256	1416
1256	1423
1255	1423
1255	1431
1254	1431
1254	1442
1255	1442
1255	1445
1256	1445
1256	1454
1255	1454
1255	1455
1253	1455
1253	1453
1252	1453
1252	1451
1251	1451
1251	1450
1250	1450
1250	1448
1249	1448
1249	1447
1247	1447
1247	1446
1243	1446
1243	1445
1241	1445
1241	1444
1239	1444
1239	1443
1236	1443
1236	1442
1234	1442
1234	1441
1232	1441
1232	1440
1229	1440
1229	1439
1227	1439
1227	1438
1225	1438
1225	1437
1219	1437
1219	1445
1220	1445
1220	1447
1221	1447
1221	1448
1222	1448
1222	1451
1224	1451
1224	1453
1225	1453
1225	1456
1226	1456
1226	1457
1227	1457
1227	1460
1228	1460
1228	1462
1229	1462
1229	1465
1230	1465
1230	1468
1231	1468
1231	1480
1232	1480
1232	1488
1233	1488
1233	1492
1234	1492
1234	1504
1235	1504
1235	1510
1236	1510
1236	1518
1237	1518
1237	1532
1238	1532
1238	1535
1239	1535
1239	1537
1240	1537
1240	1539
1241	1539
1241	1541
1240	1541
1240	1542
1239	1542
1239	1541
1238	1541
1238	1540
1237	1540
1237	1538
1236	1538
1236	1537
1234	1537
1234	1536
1232	1536
1232	1535
1230	1535
1230	1534
1228	1534
1228	1533
1226	1533
1226	1532
1223	1532
1223	1531
1219	1531
1219	1530
1215	1530
1215	1529
1211	1529
1211	1528
1202	1528
1202	1535
1204	1535
1204	1538
1205	1538
1205	1539
1206	1539
1206	1542
1207	1542
1207	1544
1208	1544
1208	1548
1209	1548
1209	1549
1210	1549
1210	1553
1211	1553
1211	1557
1212	1557
1212	1573
1211	1573
1211	1584
1212	1584
1212	1603
1211	1603
1211	1608
1210	1608
1210	1609
1209	1609
1209	1625
1208	1625
1208	1628
1206	1628
1206	1626
1205	1626
1205	1623
1204	1623
1204	1622
1205	1622
1205	1621
1203	1621
1203	1620
1202	1620
1202	1619
1201	1619
1201	1618
1200	1618
1200	1617
1198	1617
1198	1616
1197	1616
1197	1615
1196	1615
1196	1614
1194	1614
1194	1613
1193	1613
1193	1612
1191	1612
1191	1611
1190	1611
1190	1610
1189	1610
1189	1609
1187	1609
1187	1608
1180	1608
1180	1616
1181	1616
1181	1620
1182	1620
1182	1623
1183	1623
1183	1629
1184	1629
1184	1638
1185	1638
1185	1646
1186	1646
1186	1672
1185	1672
1185	1674
1186	1674
1186	1693
1185	1693
1185	1696
1183	1696
1183	1693
1182	1693
1182	1692
1181	1692
1181	1690
1180	1690
1180	1688
1179	1688
1179	1687
1178	1687
1178	1686
1176	1686
1176	1685
1175	1685
1175	1684
1173	1684
1173	1683
1172	1683
1172	1682
1169	1682
1169	1681
1167	1681
1167	1680
1160	1680
1160	1688
1161	1688
1161	1690
1162	1690
1162	1693
1163	1693
1163	1698
1164	1698
1164	1700
1165	1700
1165	1755
1166	1755
1166	1767
1165	1767
1165	1769
1164	1769
1164	1766
1163	1766
1163	1764
1162	1764
1162	1763
1160	1763
1160	1762
1159	1762
1159	1763
1158	1763
1158	1762
1157	1762
1157	1763
1153	1763
1153	1770
1154	1770
1154	1773
1155	1773
1155	1783
1156	1783
1156	1793
1155	1793
1155	1800
1154	1800
1154	1808
1153	1808
1153	1818
1152	1818
1152	1836
1153	1836
1153	1838
1152	1838
1152	1849
1151	1849
1151	1855
1150	1855
1150	1869
1151	1869
1151	1879
1150	1879
1150	1880
1151	1880
1151	1883
1150	1883
1150	1889
1149	1889
1149	1941
1148	1941
1148	1950
1147	1950
1147	1954
1146	1954
1146	1960
1145	1960
1145	1968
1144	1968
1144	1971
1142	1971
1142	1972
1141	1972
1141	1971
1140	1971
1140	1970
1139	1970
1139	1968
1138	1968
1138	1964
1137	1964
1137	1959
1136	1959
1136	1956
1135	1956
1135	1951
1134	1951
1134	1946
1133	1946
1133	1936
1132	1936
1132	1928
1131	1928
1131	1925
1130	1925
1130	1920
1129	1920
1129	1915
1128	1915
1128	1910
1127	1910
1127	1904
1126	1904
1126	1896
1125	1896
1125	1893
1124	1893
1124	1887
1123	1887
1123	1880
1122	1880
1122	1877
1121	1877
1121	1875
1120	1875
1120	1873
1119	1873
1119	1867
1118	1867
1118	1864
1117	1864
1117	1860
1116	1860
1116	1851
1115	1851
1115	1848
1114	1848
1114	1844
1113	1844
1113	1840
1112	1840
1112	1835
1111	1835
1111	1829
1110	1829
1110	1821
1109	1821
1109	1819
1102	1819
1102	1815
1103	1815
1103	1807
1102	1807
1102	1803
1101	1803
1101	1802
1102	1802
1102	1801
1101	1801
1101	1798
1100	1798
1100	1796
1099	1796
1099	1792
1098	1792
1098	1788
1097	1788
1097	1784
1096	1784
1096	1780
1095	1780
1095	1776
1094	1776
1094	1772
1093	1772
1093	1770
1092	1770
1092	1765
1091	1765
1091	1764
1090	1764
1090	1760
1089	1760
1089	1755
1088	1755
1088	1741
1082	1741
1082	1742
1080	1742
1080	1743
1078	1743
1078	1744
1077	1744
1077	1745
1076	1745
1076	1746
1075	1746
1075	1747
1074	1747
1074	1749
1073	1749
1073	1750
1072	1750
1072	1753
1071	1753
1071	1755
1070	1755
1070	1753
1069	1753
1069	1739
1068	1739
1068	1731
1067	1731
1067	1725
1066	1725
1066	1716
1065	1716
1065	1712
1064	1712
1064	1709
1063	1709
1063	1706
1062	1706
1062	1703
1061	1703
1061	1699
1060	1699
1060	1695
1059	1695
1059	1691
1058	1691
1058	1682
1057	1682
1057	1679
1058	1679
1058	1669
1059	1669
1059	1659
1052	1659
1052	1660
1050	1660
1050	1661
1049	1661
1049	1662
1047	1662
1047	1663
1045	1663
1045	1664
1044	1664
1044	1665
1043	1665
1043	1666
1042	1666
1042	1667
1041	1667
1041	1668
1040	1668
1040	1669
1039	1669
1039	1670
1038	1670
1038	1671
1037	1671
1037	1672
1036	1672
1036	1673
1035	1673
1035	1674
1034	1674
1034	1675
1033	1675
1033	1676
1032	1676
1032	1678
1031	1678
1031	1681
1030	1681
1030	1684
1029	1684
1029	1683
1028	1683
1028	1680
1027	1680
1027	1661
1026	1661
1026	1653
1025	1653
1025	1647
1024	1647
1024	1641
1023	1641
1023	1637
1024	1637
1024	1629
1023	1629
1023	1625
1022	1625
1022	1616
1021	1616
1021	1606
1020	1606
1020	1602
1021	1602
1021	1597
1022	1597
1022	1594
1023	1594
1023	1592
1024	1592
1024	1591
1025	1591
1025	1584
1017	1584
1017	1585
1014	1585
1014	1586
1012	1586
1012	1587
1010	1587
1010	1588
1008	1588
1008	1589
1006	1589
1006	1590
1004	1590
1004	1591
1002	1591
1002	1592
1001	1592
1001	1593
1000	1593
1000	1594
998	1594
998	1595
997	1595
997	1596
995	1596
995	1598
994	1598
994	1599
993	1599
993	1601
992	1601
992	1602
991	1602
991	1604
989	1604
989	1595
988	1595
988	1590
987	1590
987	1562
988	1562
988	1555
987	1555
987	1548
988	1548
988	1531
989	1531
989	1526
990	1526
990	1522
991	1522
991	1517
992	1517
992	1515
993	1515
993	1513
994	1513
994	1510
995	1510
995	1508
996	1508
996	1506
997	1506
997	1505
998	1505
998	1501
999	1501
999	1500
998	1500
998	1496
992	1496
992	1497
988	1497
988	1498
986	1498
986	1499
983	1499
983	1500
980	1500
980	1501
978	1501
978	1502
974	1502
974	1503
971	1503
971	1504
969	1504
969	1505
968	1505
968	1506
966	1506
966	1507
965	1507
965	1508
964	1508
964	1509
963	1509
963	1511
962	1511
962	1512
960	1512
960	1508
961	1508
961	1504
962	1504
962	1501
963	1501
963	1497
964	1497
964	1496
963	1496
963	1492
964	1492
964	1481
965	1481
965	1477
966	1477
966	1472
967	1472
967	1464
966	1464
966	1444
967	1444
967	1440
968	1440
968	1438
969	1438
969	1435
970	1435
970	1432
971	1432
971	1430
972	1430
972	1428
973	1428
973	1427
974	1427
974	1425
975	1425
975	1424
976	1424
976	1423
977	1423
977	1421
978	1421
978	1420
979	1420
979	1417
980	1417
980	1413
979	1413
979	1412
973	1412
973	1413
970	1413
970	1414
968	1414
968	1415
962	1415
962	1416
956	1416
956	1417
950	1417
950	1418
949	1418
949	1419
947	1419
947	1420
946	1420
946	1421
945	1421
945	1422
944	1422
944	1423
943	1423
943	1419
944	1419
944	1415
945	1415
945	1409
946	1409
946	1390
947	1390
947	1386
948	1386
948	1381
949	1381
949	1379
950	1379
950	1371
951	1371
951	1368
952	1368
952	1363
953	1363
953	1344
954	1344
954	1343
955	1343
955	1341
956	1341
956	1339
957	1339
957	1337
958	1337
958	1336
959	1336
959	1334
960	1334
960	1332
962	1332
962	1330
963	1330
963	1328
964	1328
964	1327
965	1327
965	1326
966	1326
966	1327
967	1327
967	1324
968	1324
968	1319
966	1319
966	1318
964	1318
964	1319
963	1319
963	1318
959	1318
959	1319
957	1319
957	1320
954	1320
954	1321
953	1321
953	1320
952	1320
952	1321
948	1321
948	1322
944	1322
944	1323
942	1323
942	1324
940	1324
940	1325
937	1325
937	1327
936	1327
936	1328
934	1328
934	1329
932	1329
932	1325
933	1325
933	1317
934	1317
934	1299
935	1299
935	1295
936	1295
936	1291
937	1291
937	1288
938	1288
938	1286
939	1286
939	1284
940	1284
940	1279
941	1279
941	1275
942	1275
942	1270
943	1270
943	1264
944	1264
944	1263
945	1263
945	1260
946	1260
946	1259
947	1259
947	1258
948	1258
948	1257
949	1257
949	1256
950	1256
950	1252
951	1252
951	1251
952	1251
952	1250
953	1250
953	1249
954	1249
954	1247
956	1247
956	1245
957	1245
957	1239
948	1239
948	1240
944	1240
944	1241
940	1241
940	1242
936	1242
936	1243
934	1243
934	1244
933	1244
933	1245
931	1245
931	1246
930	1246
930	1247
928	1247
928	1244
929	1244
929	1242
930	1242
930	1239
931	1239
931	1235
932	1235
932	1232
933	1232
933	1220
934	1220
934	1212
935	1212
935	1211
936	1211
936	1203
937	1203
937	1202
938	1202
938	1200
939	1200
939	1198
940	1198
940	1197
941	1197
941	1196
942	1196
942	1183
943	1183
943	1181
944	1181
944	1179
945	1179
945	1176
946	1176
946	1175
947	1175
947	1173
948	1173
948	1172
949	1172
949	1170
950	1170
950	1168
951	1168
951	1167
952	1167
952	1166
954	1166
954	1163
955	1163
955	1162
956	1162
956	1161
957	1161
957	1160
958	1160
958	1154
957	1154
957	1153
950	1153
950	1154
945	1154
945	1155
941	1155
941	1156
932	1156
932	1157
931	1157
931	1158
929	1158
929	1159
927	1159
927	1160
926	1160
926	1161
925	1161
925	1163
923	1163
923	1157
924	1157
924	1154
925	1154
925	1152
926	1152
926	1147
927	1147
927	1140
928	1140
928	1135
929	1135
929	1128
930	1128
930	1127
931	1127
931	1121
932	1121
932	1120
934	1120
934	1119
933	1119
933	1117
934	1117
934	1115
935	1115
935	1112
936	1112
936	1110
937	1110
937	1109
938	1109
938	1105
939	1105
939	1102
941	1102
941	1099
942	1099
942	1096
943	1096
943	1094
944	1094
944	1092
945	1092
945	1091
946	1091
946	1089
947	1089
947	1087
948	1087
948	1086
949	1086
949	1085
950	1085
950	1083
951	1083
951	1082
952	1082
952	1081
954	1081
954	1080
955	1080
955	1077
957	1077
957	1076
958	1076
958	1071
957	1071
957	1070
952	1070
952	1071
944	1071
944	1072
940	1072
940	1073
939	1073
939	1072
938	1072
938	1073
930	1073
930	1074
928	1074
928	1075
926	1075
926	1076
924	1076
924	1078
922	1078
922	1074
923	1074
923	1072
924	1072
924	1069
925	1069
925	1064
926	1064
926	1060
927	1060
927	1053
928	1053
928	1052
929	1052
929	1050
930	1050
930	1048
931	1048
931	1045
933	1045
933	1039
934	1039
934	1035
935	1035
935	1031
936	1031
936	1028
937	1028
937	1027
938	1027
938	1022
939	1022
939	1018
940	1018
940	1016
941	1016
941	1015
942	1015
942	1008
943	1008
943	1006
945	1006
945	1002
946	1002
946	1000
948	1000
948	999
949	999
949	997
950	997
950	995
952	995
952	992
955	992
955	991
956	991
956	989
957	989
957	988
959	988
959	987
960	987
960	986
962	986
962	985
964	985
964	979
963	979
963	978
955	978
955	979
946	979
946	980
940	980
940	981
934	981
934	982
932	982
932	984
931	984
931	985
930	985
930	984
929	984
929	982
930	982
930	977
931	977
931	968
932	968
932	967
933	967
933	964
934	964
934	962
935	962
935	960
936	960
936	958
937	958
937	957
938	957
938	953
939	953
939	951
940	951
940	949
941	949
941	948
942	948
942	947
943	947
943	944
944	944
944	943
946	943
946	942
947	942
947	939
949	939
949	935
950	935
950	933
951	933
951	931
952	931
952	930
953	930
953	929
954	929
954	924
955	924
955	920
951	920
951	918
950	918
950	915
948	915
948	913
946	913
946	912
944	912
944	911
943	911
943	910
942	910
942	909
940	909
940	908
939	908
939	907
938	907
938	906
936	906
936	905
930	905
930	906
929	906
929	923
928	923
928	930
927	930
927	934
926	934
926	938
927	938
927	939
926	939
926	941
925	941
925	950
924	950
924	956
923	956
923	961
922	961
922	965
921	965
921	968
920	968
920	971
919	971
919	973
918	973
918	976
916	976
916	978
915	978
915	981
914	981
914	983
913	983
913	985
912	985
912	986
910	986
910	985
909	985
909	981
908	981
908	978
907	978
907	977
906	977
906	976
904	976
904	975
903	975
903	974
902	974
902	973
901	973
901	972
898	972
898	971
897	971
897	972
896	972
896	971
894	971
894	980
893	980
893	1001
892	1001
892	1004
891	1004
891	1011
890	1011
890	1015
889	1015
889	1019
888	1019
888	1029
887	1029
887	1032
886	1032
886	1035
885	1035
885	1038
884	1038
884	1040
883	1040
883	1044
882	1044
882	1045
881	1045
881	1046
880	1046
880	1047
879	1047
879	1051
877	1051
877	1047
876	1047
876	1045
875	1045
875	1044
874	1044
874	1043
873	1043
873	1042
872	1042
872	1041
871	1041
871	1040
870	1040
870	1039
868	1039
868	1038
867	1038
867	1037
866	1037
866	1036
864	1036
864	1035
863	1035
863	1034
862	1034
862	1033
861	1033
861	1032
853	1032
853	1040
854	1040
854	1053
853	1053
853	1060
852	1060
852	1064
851	1064
851	1068
850	1068
850	1072
849	1072
849	1074
848	1074
848	1075
847	1075
847	1076
842	1076
842	1082
841	1082
841	1085
840	1085
840	1088
839	1088
839	1090
838	1090
838	1093
837	1093
837	1096
836	1096
836	1099
835	1099
835	1102
834	1102
834	1104
833	1104
833	1106
832	1106
832	1108
831	1108
831	1110
830	1110
830	1112
829	1112
829	1116
828	1116
828	1119
827	1119
827	1121
826	1121
826	1123
824	1123
824	1122
823	1122
823	1118
822	1118
822	1116
821	1116
821	1113
820	1113
820	1114
819	1114
819	1113
818	1113
818	1112
817	1112
817	1111
816	1111
816	1109
814	1109
814	1108
813	1108
813	1107
812	1107
812	1106
811	1106
811	1105
810	1105
810	1104
809	1104
809	1103
808	1103
808	1102
807	1102
807	1101
806	1101
806	1100
805	1100
805	1099
804	1099
804	1098
798	1098
798	1100
797	1100
797	1102
798	1102
798	1104
797	1104
797	1117
796	1117
796	1126
795	1126
795	1132
794	1132
794	1136
793	1136
793	1138
792	1138
792	1139
791	1139
791	1142
790	1142
790	1144
789	1144
789	1147
788	1147
788	1149
787	1149
787	1154
786	1154
786	1156
785	1156
785	1159
784	1159
784	1161
783	1161
783	1164
782	1164
782	1165
781	1165
781	1167
780	1167
780	1169
778	1169
778	1171
776	1171
776	1173
775	1173
775	1175
774	1175
774	1176
772	1176
772	1177
773	1177
773	1178
772	1178
772	1180
771	1180
771	1181
770	1181
770	1182
769	1182
769	1185
768	1185
768	1186
767	1186
767	1188
765	1188
765	1189
764	1189
764	1182
763	1182
763	1180
762	1180
762	1178
761	1178
761	1177
760	1177
760	1176
759	1176
759	1175
758	1175
758	1174
759	1174
759	1173
757	1173
757	1172
756	1172
756	1171
755	1171
755	1170
754	1170
754	1169
753	1169
753	1168
752	1168
752	1167
751	1167
751	1165
750	1165
750	1164
749	1164
749	1163
748	1163
748	1162
747	1162
747	1160
746	1160
746	1161
740	1161
740	1167
741	1167
741	1176
740	1176
740	1184
739	1184
739	1187
738	1187
738	1191
737	1191
737	1195
736	1195
736	1197
735	1197
735	1198
734	1198
734	1200
733	1200
733	1202
732	1202
732	1204
731	1204
731	1205
730	1205
730	1207
729	1207
729	1209
728	1209
728	1211
727	1211
727	1213
726	1213
726	1216
725	1216
725	1217
723	1217
723	1219
722	1219
722	1221
721	1221
721	1222
720	1222
720	1224
719	1224
719	1226
718	1226
718	1229
717	1229
717	1231
716	1231
716	1232
715	1232
715	1233
714	1233
714	1235
713	1235
713	1236
712	1236
712	1238
711	1238
711	1239
710	1239
710	1241
709	1241
709	1242
708	1242
708	1244
707	1244
707	1245
706	1245
706	1246
705	1246
705	1248
704	1248
704	1249
703	1249
703	1251
702	1251
702	1252
701	1252
701	1253
700	1253
700	1254
698	1254
698	1249
697	1249
697	1245
696	1245
696	1243
695	1243
695	1241
694	1241
694	1240
693	1240
693	1238
692	1238
692	1236
691	1236
691	1235
690	1235
690	1234
689	1234
689	1232
688	1232
688	1231
687	1231
687	1230
686	1230
686	1228
685	1228
685	1227
678	1227
678	1232
677	1232
677	1238
676	1238
676	1243
675	1243
675	1248
674	1248
674	1250
673	1250
673	1253
672	1253
672	1256
671	1256
671	1257
670	1257
670	1259
669	1259
669	1261
668	1261
668	1263
667	1263
667	1265
666	1265
666	1267
665	1267
665	1269
663	1269
663	1272
662	1272
662	1273
661	1273
661	1274
660	1274
660	1275
659	1275
659	1277
658	1277
658	1281
657	1281
657	1282
656	1282
656	1284
655	1284
655	1286
654	1286
654	1287
653	1287
653	1288
652	1288
652	1289
651	1289
651	1291
650	1291
650	1293
649	1293
649	1294
648	1294
648	1296
647	1296
647	1297
646	1297
646	1299
645	1299
645	1300
644	1300
644	1302
643	1302
643	1303
642	1303
642	1304
641	1304
641	1306
640	1306
640	1307
639	1307
639	1308
638	1308
638	1309
637	1309
637	1312
636	1312
636	1313
633	1313
633	1307
632	1307
632	1304
631	1304
631	1302
630	1302
630	1301
629	1301
629	1299
628	1299
628	1298
627	1298
627	1297
626	1297
626	1295
625	1295
625	1294
624	1294
624	1292
623	1292
623	1290
616	1290
616	1293
615	1293
615	1297
614	1297
614	1302
613	1302
613	1306
612	1306
612	1307
611	1307
611	1310
610	1310
610	1311
609	1311
609	1313
608	1313
608	1315
607	1315
607	1316
606	1316
606	1317
605	1317
605	1319
604	1319
604	1321
603	1321
603	1322
602	1322
602	1323
601	1323
601	1325
600	1325
600	1326
599	1326
599	1327
598	1327
598	1328
597	1328
597	1329
596	1329
596	1330
595	1330
595	1331
593	1331
593	1334
592	1334
592	1336
591	1336
591	1337
590	1337
590	1338
589	1338
589	1339
588	1339
588	1341
586	1341
586	1343
585	1343
585	1344
584	1344
584	1345
583	1345
583	1347
582	1347
582	1348
580	1348
580	1350
579	1350
579	1351
578	1351
578	1352
577	1352
577	1355
576	1355
576	1356
575	1356
575	1358
574	1358
574	1359
573	1359
573	1360
572	1360
572	1362
571	1362
571	1363
570	1363
570	1364
569	1364
569	1363
568	1363
568	1362
569	1362
569	1361
568	1361
568	1356
567	1356
567	1354
566	1354
566	1353
565	1353
565	1352
564	1352
564	1350
563	1350
563	1349
562	1349
562	1347
561	1347
561	1346
560	1346
560	1345
559	1345
559	1343
552	1343
552	1348
551	1348
551	1350
550	1350
550	1352
549	1352
549	1356
548	1356
548	1358
547	1358
547	1360
546	1360
546	1362
545	1362
545	1363
544	1363
544	1365
542	1365
542	1366
541	1366
541	1368
540	1368
540	1369
538	1369
538	1370
537	1370
537	1372
535	1372
535	1374
534	1374
534	1375
533	1375
533	1376
532	1376
532	1377
531	1377
531	1376
530	1376
530	1377
529	1377
529	1379
528	1379
528	1380
527	1380
527	1381
526	1381
526	1382
525	1382
525	1384
524	1384
524	1385
523	1385
523	1386
522	1386
522	1387
521	1387
521	1389
520	1389
520	1390
519	1390
519	1392
518	1392
518	1393
517	1393
517	1395
516	1395
516	1397
515	1397
515	1398
514	1398
514	1399
511	1399
511	1396
510	1396
510	1393
509	1393
509	1392
508	1392
508	1390
505	1390
505	1389
503	1389
503	1390
501	1390
501	1391
500	1391
500	1393
499	1393
499	1395
498	1395
498	1398
497	1398
497	1400
496	1400
496	1403
495	1403
495	1404
494	1404
494	1405
493	1405
493	1406
492	1406
492	1407
491	1407
491	1408
490	1408
490	1409
489	1409
489	1411
488	1411
488	1412
487	1412
487	1413
486	1413
486	1415
485	1415
485	1416
484	1416
484	1418
483	1418
483	1419
482	1419
482	1420
481	1420
481	1422
480	1422
480	1424
479	1424
479	1425
477	1425
477	1427
476	1427
476	1429
475	1429
475	1430
474	1430
474	1432
473	1432
473	1433
472	1433
472	1434
471	1434
471	1435
470	1435
470	1434
469	1434
469	1430
468	1430
468	1427
466	1427
466	1425
465	1425
465	1424
459	1424
459	1425
458	1425
458	1428
456	1428
456	1432
454	1432
454	1433
453	1433
453	1435
452	1435
452	1436
451	1436
451	1437
449	1437
449	1438
448	1438
448	1439
447	1439
447	1440
446	1440
446	1442
445	1442
445	1443
444	1443
444	1444
442	1444
442	1445
441	1445
441	1446
440	1446
440	1447
439	1447
439	1448
438	1448
438	1449
437	1449
437	1450
436	1450
436	1451
434	1451
434	1452
433	1452
433	1453
432	1453
432	1454
430	1454
430	1455
428	1455
428	1457
425	1457
425	1459
424	1459
424	1460
421	1460
421	1461
419	1461
419	1462
418	1462
418	1463
417	1463
417	1464
416	1464
416	1465
414	1465
414	1466
413	1466
413	1467
411	1467
411	1469
409	1469
409	1470
408	1470
408	1471
404	1471
404	1472
403	1472
403	1476
402	1476
402	1477
401	1477
401	1478
400	1478
400	1479
399	1479
399	1480
398	1480
398	1481
396	1481
396	1483
394	1483
394	1484
392	1484
392	1485
391	1485
391	1486
390	1486
390	1487
389	1487
389	1488
388	1488
388	1489
387	1489
387	1490
386	1490
386	1491
385	1491
385	1492
383	1492
383	1493
381	1493
381	1494
380	1494
380	1496
377	1496
377	1497
376	1497
376	1498
375	1498
375	1500
373	1500
373	1502
372	1502
372	1503
371	1503
371	1504
370	1504
370	1505
369	1505
369	1506
368	1506
368	1507
367	1507
367	1508
365	1508
365	1509
364	1509
364	1511
363	1511
363	1513
361	1513
361	1514
359	1514
359	1516
357	1516
357	1518
356	1518
356	1519
355	1519
355	1520
354	1520
354	1521
353	1521
353	1523
352	1523
352	1524
350	1524
350	1525
349	1525
349	1526
347	1526
347	1527
346	1527
346	1529
345	1529
345	1530
344	1530
344	1531
343	1531
343	1532
342	1532
342	1533
341	1533
341	1534
340	1534
340	1535
339	1535
339	1536
338	1536
338	1537
337	1537
337	1538
336	1538
336	1539
335	1539
335	1540
334	1540
334	1541
333	1541
333	1542
332	1542
332	1543
330	1543
330	1544
329	1544
329	1545
328	1545
328	1546
327	1546
327	1547
325	1547
325	1548
324	1548
324	1549
322	1549
322	1550
321	1550
321	1551
320	1551
320	1552
319	1552
319	1551
318	1551
318	1548
319	1548
319	1546
320	1546
320	1544
321	1544
321	1541
322	1541
322	1540
323	1540
323	1539
324	1539
324	1536
325	1536
325	1535
326	1535
326	1532
327	1532
327	1530
328	1530
328	1529
329	1529
329	1528
330	1528
330	1526
331	1526
331	1524
332	1524
332	1523
333	1523
333	1522
334	1522
334	1520
335	1520
335	1519
336	1519
336	1518
337	1518
337	1517
338	1517
338	1516
339	1516
339	1515
340	1515
340	1514
341	1514
341	1511
342	1511
342	1510
343	1510
343	1508
344	1508
344	1506
346	1506
346	1504
347	1504
347	1503
348	1503
348	1502
349	1502
349	1499
350	1499
350	1498
351	1498
351	1497
352	1497
352	1496
353	1496
353	1494
354	1494
354	1492
355	1492
355	1490
356	1490
356	1489
357	1489
357	1486
359	1486
359	1485
360	1485
360	1481
361	1481
361	1480
363	1480
363	1478
364	1478
364	1477
365	1477
365	1476
366	1476
366	1475
367	1475
367	1472
368	1472
368	1470
369	1470
369	1469
370	1469
370	1465
371	1465
371	1464
373	1464
373	1463
374	1463
374	1461
375	1461
375	1462
376	1462
376	1460
377	1460
377	1458
378	1458
378	1454
379	1454
379	1453
380	1453
380	1450
381	1450
381	1448
382	1448
382	1446
383	1446
383	1445
384	1445
384	1444
385	1444
385	1442
386	1442
386	1440
387	1440
387	1438
388	1438
388	1437
390	1437
390	1435
391	1435
391	1433
392	1433
392	1432
393	1432
393	1429
394	1429
394	1428
395	1428
395	1427
396	1427
396	1425
397	1425
397	1423
398	1423
398	1421
399	1421
399	1420
400	1420
400	1419
401	1419
401	1418
402	1418
402	1417
403	1417
403	1416
404	1416
404	1414
407	1414
407	1413
408	1413
408	1410
409	1410
409	1409
411	1409
411	1408
412	1408
412	1402
411	1402
411	1401
399	1401
399	1402
397	1402
397	1401
398	1401
398	1400
399	1400
399	1399
400	1399
400	1398
401	1398
401	1397
404	1397
404	1396
406	1396
406	1395
407	1395
407	1393
408	1393
408	1392
409	1392
409	1389
410	1389
410	1388
411	1388
411	1386
412	1386
412	1384
413	1384
413	1381
414	1381
414	1380
416	1380
416	1376
417	1376
417	1375
418	1375
418	1374
419	1374
419	1373
420	1373
420	1370
421	1370
421	1368
422	1368
422	1367
424	1367
424	1366
423	1366
423	1365
424	1365
424	1364
426	1364
426	1362
429	1362
429	1361
430	1361
430	1360
431	1360
431	1357
430	1357
430	1354
414	1354
414	1356
412	1356
412	1352
413	1352
413	1351
414	1351
414	1348
416	1348
416	1346
417	1346
417	1345
418	1345
418	1343
419	1343
419	1341
420	1341
420	1340
422	1340
422	1338
423	1338
423	1336
424	1336
424	1335
425	1335
425	1333
426	1333
426	1332
427	1332
427	1329
429	1329
429	1328
430	1328
430	1325
431	1325
431	1322
433	1322
433	1321
434	1321
434	1316
435	1316
435	1315
437	1315
437	1311
438	1311
438	1310
439	1310
439	1309
440	1309
440	1307
441	1307
441	1304
442	1304
442	1302
443	1302
443	1301
444	1301
444	1299
445	1299
445	1297
447	1297
447	1296
448	1296
448	1295
450	1295
450	1294
451	1294
451	1292
454	1292
454	1291
455	1291
455	1290
458	1290
458	1289
459	1289
459	1284
458	1284
458	1282
451	1282
451	1281
446	1281
446	1280
432	1280
432	1281
429	1281
429	1282
428	1282
428	1279
429	1279
429	1278
430	1278
430	1277
431	1277
431	1275
432	1275
432	1274
435	1274
435	1273
436	1273
436	1272
435	1272
435	1269
436	1269
436	1268
437	1268
437	1267
438	1267
438	1266
439	1266
439	1265
440	1265
440	1264
441	1264
441	1262
442	1262
442	1261
443	1261
443	1258
445	1258
445	1255
447	1255
447	1254
448	1254
448	1251
450	1251
450	1248
451	1248
451	1244
452	1244
452	1243
453	1243
453	1239
454	1239
454	1237
455	1237
455	1235
457	1235
457	1234
458	1234
458	1233
459	1233
459	1230
460	1230
460	1229
461	1229
461	1228
463	1228
463	1225
464	1225
464	1223
465	1223
465	1221
466	1221
466	1220
467	1220
467	1219
468	1219
468	1218
469	1218
469	1216
472	1216
472	1215
473	1215
473	1214
474	1214
474	1213
476	1213
476	1212
477	1212
477	1211
478	1211
478	1209
485	1209
485	1208
488	1208
488	1199
483	1199
483	1198
478	1198
478	1199
477	1199
477	1198
475	1198
475	1197
474	1197
474	1196
470	1196
470	1195
457	1195
457	1196
454	1196
454	1194
455	1194
455	1192
456	1192
456	1190
458	1190
458	1189
461	1189
461	1188
462	1188
462	1184
463	1184
463	1183
464	1183
464	1182
465	1182
465	1180
466	1180
466	1179
467	1179
467	1177
468	1177
468	1173
469	1173
469	1172
470	1172
470	1168
472	1168
472	1166
474	1166
474	1165
476	1165
476	1164
477	1164
477	1160
478	1160
478	1159
479	1159
479	1158
481	1158
481	1157
482	1157
482	1155
483	1155
483	1154
484	1154
484	1153
485	1153
485	1151
488	1151
488	1145
489	1145
489	1144
490	1144
490	1143
491	1143
491	1141
494	1141
494	1140
495	1140
495	1139
496	1139
496	1138
500	1138
500	1137
501	1137
501	1136
502	1136
502	1135
503	1135
503	1134
505	1134
505	1133
510	1133
510	1132
512	1132
512	1131
513	1131
513	1130
514	1130
514	1124
512	1124
512	1123
509	1123
509	1122
506	1122
506	1121
503	1121
503	1120
500	1120
500	1119
495	1119
495	1118
485	1118
485	1119
482	1119
482	1116
483	1116
483	1114
484	1114
484	1113
485	1113
485	1112
487	1112
487	1110
488	1110
488	1109
489	1109
489	1110
490	1110
490	1107
491	1107
491	1105
494	1105
494	1103
495	1103
495	1102
496	1102
496	1101
497	1101
497	1099
498	1099
498	1098
500	1098
500	1097
501	1097
501	1095
502	1095
502	1094
503	1094
503	1091
504	1091
504	1090
505	1090
505	1089
506	1089
506	1088
507	1088
507	1087
509	1087
509	1084
511	1084
511	1082
512	1082
512	1080
513	1080
513	1079
514	1079
514	1078
515	1078
515	1076
516	1076
516	1070
515	1070
515	1067
516	1067
516	1066
517	1066
517	1065
518	1065
518	1064
519	1064
519	1063
520	1063
520	1062
522	1062
522	1061
523	1061
523	1059
525	1059
525	1058
527	1058
527	1057
528	1057
528	1056
531	1056
531	1055
533	1055
533	1054
535	1054
535	1052
537	1052
537	1051
538	1051
538	1049
544	1049
544	1048
545	1048
545	1047
546	1047
546	1048
549	1048
549	1047
552	1047
552	1046
554	1046
554	1044
555	1044
555	1042
554	1042
554	1039
552	1039
552	1038
551	1038
551	1037
549	1037
549	1035
548	1035
548	1036
547	1036
547	1035
544	1035
544	1034
542	1034
542	1033
540	1033
540	1032
538	1032
538	1031
537	1031
537	1030
534	1030
534	1029
531	1029
531	1028
520	1028
520	1025
522	1025
522	1024
525	1024
525	1023
526	1023
526	1021
527	1021
527	1020
530	1020
530	1019
531	1019
531	1017
532	1017
532	1016
533	1016
533	1015
536	1015
536	1013
537	1013
537	1011
538	1011
538	1008
539	1008
539	1007
540	1007
540	1008
541	1008
541	1007
543	1007
543	1006
544	1006
544	1004
547	1004
547	1001
552	1001
552	999
553	999
553	998
554	998
554	996
555	996
555	995
556	995
556	993
557	993
557	992
558	992
558	991
559	991
559	990
560	990
560	989
561	989
561	988
565	988
565	984
568	984
568	983
572	983
572	981
576	981
576	980
577	980
577	978
582	978
582	977
584	977
584	976
585	976
585	975
586	975
586	969
585	969
585	968
583	968
583	967
580	967
580	966
579	966
579	965
576	965
576	964
567	964
567	963
566	963
566	964
563	964
563	965
561	965
561	963
562	963
562	959
564	959
564	958
565	958
565	957
567	957
567	956
568	956
568	954
569	954
569	953
570	953
570	952
572	952
572	949
573	949
573	948
574	948
574	947
575	947
575	946
576	946
576	945
578	945
578	944
579	944
579	942
583	942
583	939
584	939
584	938
586	938
586	936
587	936
587	935
589	935
589	934
590	934
590	931
592	931
592	930
593	930
593	929
594	929
594	928
596	928
596	927
597	927
597	926
599	926
599	924
602	924
602	923
604	923
604	922
605	922
605	921
606	921
606	920
608	920
608	919
610	919
610	918
613	918
613	917
619	917
619	909
617	909
617	908
616	908
616	907
615	907
615	906
614	906
614	905
613	905
613	904
611	904
611	903
610	903
610	902
608	902
608	901
598	901
598	902
595	902
595	901
596	901
596	899
597	899
597	898
598	898
598	897
599	897
599	896
600	896
600	895
602	895
602	894
604	894
604	890
607	890
607	888
608	888
608	887
610	887
610	886
611	886
611	882
614	882
614	881
615	881
615	878
616	878
616	877
617	877
617	876
620	876
620	874
629	874
629	871
630	871
630	868
631	868
631	867
632	867
632	864
634	864
634	863
635	863
635	861
636	861
636	860
637	860
637	859
639	859
639	858
640	858
640	857
644	857
644	856
647	856
647	854
652	854
652	853
654	853
654	852
661	852
661	851
662	851
662	843
660	843
660	842
659	842
659	841
657	841
657	840
656	840
656	839
653	839
653	838
650	838
650	837
648	837
648	836
646	836
646	835
644	835
644	834
635	834
635	835
633	835
633	834
634	834
634	833
635	833
635	831
636	831
636	830
639	830
639	829
643	829
643	828
645	828
645	825
646	825
646	824
647	824
647	821
648	821
648	818
650	818
650	816
651	816
651	815
652	815
652	814
654	814
654	813
655	813
655	812
657	812
657	811
659	811
659	808
664	808
664	807
666	807
666	806
667	806
667	805
669	805
669	804
668	804
668	803
671	803
671	801
674	801
674	800
675	800
675	798
681	798
681	796
686	796
686	794
688	794
688	793
693	793
693	792
695	792
695	791
700	791
700	790
701	790
701	786
700	786
700	784
699	784
699	783
697	783
697	782
696	782
696	781
692	781
692	780
689	780
689	779
678	779
678	777
679	777
679	775
680	775
680	774
682	774
682	772
686	772
686	771
688	771
688	770
687	770
687	769
688	769
688	768
689	768
689	766
690	766
690	765
695	765
695	764
696	764
696	762
698	762
698	758
699	758
699	757
700	757
700	756
701	756
701	755
702	755
702	754
704	754
704	752
708	752
708	750
710	750
710	749
712	749
712	748
716	748
716	746
719	746
719	744
720	744
720	743
721	743
721	742
722	742
722	741
723	741
723	740
724	740
724	739
725	739
725	738
726	738
726	737
727	737
727	736
733	736
733	735
732	735
732	734
733	734
733	732
736	732
736	731
738	731
738	730
740	730
740	729
744	729
744	728
746	728
746	727
752	727
752	726
755	726
755	725
760	725
760	726
761	726
761	725
762	725
762	718
761	718
761	717
760	717
760	716
758	716
758	715
757	715
757	714
756	714
756	713
754	713
754	712
753	712
753	711
750	711
750	710
747	710
747	709
746	709
746	708
735	708
735	705
734	705
734	704
732	704
732	691
731	691
731	684
730	684
730	683
723	683
723	686
722	686
722	688
721	688
721	689
720	689
720	690
719	690
719	691
718	691
718	692
717	692
717	694
716	694
716	695
715	695
715	697
714	697
714	698
713	698
713	699
712	699
712	700
711	700
711	701
710	701
710	702
709	702
709	704
708	704
708	705
706	705
706	706
705	706
705	708
704	708
704	709
702	709
702	710
701	710
701	712
699	712
699	713
698	713
698	714
697	714
697	715
695	715
695	716
694	716
694	717
692	717
692	718
691	718
691	719
690	719
690	720
688	720
688	721
687	721
687	722
684	722
684	723
683	723
683	724
682	724
682	725
681	725
681	726
678	726
678	727
676	727
676	728
674	728
674	726
675	726
675	720
674	720
674	717
673	717
673	713
672	713
672	707
671	707
671	704
668	704
668	703
667	703
667	704
664	704
664	705
663	705
663	706
662	706
662	708
661	708
661	709
659	709
659	711
658	711
658	712
657	712
657	714
656	714
656	715
655	715
655	717
653	717
653	719
652	719
652	720
651	720
651	721
650	721
650	722
649	722
649	723
648	723
648	724
647	724
647	725
645	725
645	727
643	727
643	728
642	728
642	729
641	729
641	730
640	730
640	731
638	731
638	732
637	732
637	733
635	733
635	734
633	734
633	736
631	736
631	737
630	737
630	738
629	738
629	739
628	739
628	740
627	740
627	741
626	741
626	742
625	742
625	743
624	743
624	744
622	744
622	745
620	745
620	747
617	747
617	748
616	748
616	749
614	749
614	750
612	750
612	751
610	751
610	752
609	752
609	753
606	753
606	754
604	754
604	755
601	755
601	754
602	754
602	751
603	751
603	749
602	749
602	747
603	747
603	746
602	746
602	742
601	742
601	738
600	738
600	734
599	734
599	732
598	732
598	730
592	730
592	731
591	731
591	732
590	732
590	734
589	734
589	736
587	736
587	739
586	739
586	740
585	740
585	741
584	741
584	743
583	743
583	745
582	745
582	746
581	746
581	747
579	747
579	748
578	748
578	749
577	749
577	750
575	750
575	751
573	751
573	752
571	752
571	753
569	753
569	748
563	748
563	749
562	749
562	750
561	750
561	751
560	751
560	752
558	752
558	753
557	753
557	754
556	754
556	755
552	755
552	756
551	756
551	757
549	757
549	758
548	758
548	759
545	759
545	761
544	761
544	762
542	762
542	763
540	763
540	764
538	764
538	765
535	765
535	766
533	766
533	767
531	767
531	768
529	768
529	769
528	769
528	770
526	770
526	771
525	771
525	772
524	772
524	773
521	773
521	774
520	774
520	775
518	775
518	776
517	776
517	777
515	777
515	778
513	778
513	779
510	779
510	780
508	780
508	778
509	778
509	769
508	769
508	766
507	766
507	763
506	763
506	758
505	758
505	753
504	753
504	751
497	751
497	752
496	752
496	754
495	754
495	755
494	755
494	756
492	756
492	757
491	757
491	759
489	759
489	760
488	760
488	761
487	761
487	762
485	762
485	763
484	763
484	764
481	764
481	765
480	765
480	766
476	766
476	767
475	767
475	768
471	768
471	769
470	769
470	770
469	770
469	771
464	771
464	772
460	772
460	773
458	773
458	774
457	774
457	775
456	775
456	776
455	776
455	777
454	777
454	778
450	778
450	779
448	779
448	780
446	780
446	781
444	781
444	782
443	782
443	783
442	783
442	784
440	784
440	785
438	785
438	786
437	786
437	787
435	787
435	788
432	788
432	789
427	789
427	788
428	788
428	786
429	786
429	782
430	782
430	778
429	778
429	773
427	773
427	767
426	767
426	765
419	765
419	766
418	766
418	767
417	767
417	768
416	768
416	769
415	769
415	770
414	770
414	771
413	771
413	772
411	772
411	773
410	773
410	774
409	774
409	775
408	775
408	776
405	776
405	778
403	778
403	779
402	779
402	780
396	780
396	781
393	781
393	782
390	782
390	783
386	783
386	785
384	785
384	786
382	786
382	787
381	787
381	788
378	788
378	789
374	789
374	790
372	790
372	791
369	791
369	792
365	792
365	793
362	793
362	794
361	794
361	793
360	793
360	792
361	792
361	779
360	779
360	776
359	776
359	772
352	772
352	773
351	773
351	774
350	774
350	775
349	775
349	776
347	776
347	778
345	778
345	779
343	779
343	780
340	780
340	781
338	781
338	782
333	782
333	783
330	783
330	784
329	784
329	785
327	785
327	786
324	786
324	787
321	787
321	788
318	788
318	789
317	789
317	790
314	790
314	791
310	791
310	792
305	792
305	793
299	793
299	782
298	782
298	779
297	779
297	778
296	778
296	779
292	779
292	778
291	778
291	779
290	779
290	780
288	780
288	781
286	781
286	782
283	782
283	783
280	783
280	784
278	784
278	785
270	785
270	786
264	786
264	787
258	787
258	788
255	788
255	789
251	789
251	790
249	790
249	791
246	791
246	789
245	789
245	787
238	787
238	788
237	788
237	789
233	789
233	790
230	790
230	791
226	791
226	792
222	792
222	793
217	793
217	794
209	794
209	795
201	795
201	796
198	796
198	797
197	797
197	798
190	798
190	799
186	799
186	800
181	800
181	801
176	801
176	802
174	802
174	803
169	803
169	804
167	804
167	805
164	805
164	806
159	806
159	807
154	807
154	808
148	808
148	809
147	809
147	810
145	810
145	811
142	811
142	812
140	812
140	813
134	813
134	814
133	814
133	815
128	815
128	816
127	816
127	817
123	817
123	818
121	818
121	819
110	819
110	816
111	816
111	815
112	815
112	814
113	814
113	813
115	813
115	812
116	812
116	811
118	811
118	810
120	810
120	809
122	809
122	808
124	808
124	807
126	807
126	806
127	806
127	805
128	805
128	804
132	804
132	803
134	803
134	802
137	802
137	800
139	800
139	799
141	799
141	798
143	798
143	797
146	797
146	796
147	796
147	795
148	795
148	793
151	793
151	792
153	792
153	791
154	791
154	790
157	790
157	789
158	789
158	788
160	788
160	787
163	787
163	785
164	785
164	783
167	783
167	782
171	782
171	781
172	781
172	779
173	779
173	778
174	778
174	779
175	779
175	778
178	778
178	775
181	775
181	774
182	774
182	773
188	773
188	770
189	770
189	769
194	769
194	768
196	768
196	765
197	765
197	764
202	764
202	763
203	763
203	760
205	760
205	759
206	759
206	758
208	758
208	757
211	757
211	756
212	756
212	755
215	755
215	753
216	753
216	750
220	750
220	748
221	748
221	747
224	747
224	745
225	745
225	744
226	744
226	743
227	743
227	742
230	742
230	741
232	741
232	740
235	740
235	738
239	738
239	737
240	737
240	736
244	736
244	735
246	735
246	734
252	734
252	733
253	733
253	732
254	732
254	726
253	726
253	724
252	724
252	723
249	723
249	722
248	722
248	721
247	721
247	722
246	722
246	720
247	720
247	719
249	719
249	718
252	718
252	717
254	717
254	715
261	715
261	714
263	714
263	713
264	713
264	712
266	712
266	711
267	711
267	709
270	709
270	708
272	708
272	707
274	707
274	706
275	706
275	705
276	705
276	704
277	704
277	703
281	703
281	702
282	702
282	701
283	701
283	700
287	700
287	699
289	699
289	698
290	698
290	697
292	697
292	696
293	696
293	695
294	695
294	694
295	694
295	693
300	693
300	691
301	691
301	690
305	690
305	689
306	689
306	688
309	688
309	686
313	686
313	685
314	685
314	684
317	684
317	683
325	683
325	682
332	682
332	680
333	680
333	679
332	679
332	675
331	675
331	674
330	674
330	672
329	672
329	671
328	671
328	670
327	670
327	669
326	669
326	668
325	668
325	667
324	667
324	666
322	666
322	665
321	665
321	664
320	664
320	663
318	663
318	662
314	662
314	660
317	660
317	659
326	659
326	660
337	660
337	658
338	658
338	651
339	651
339	650
346	650
346	649
349	649
349	648
350	648
350	645
352	645
352	643
355	643
355	642
356	642
356	640
362	640
362	639
363	639
363	638
365	638
365	639
366	639
366	638
373	638
373	637
377	637
377	638
379	638
379	639
381	639
381	640
383	640
383	639
384	639
384	640
385	640
385	639
386	639
386	632
385	632
385	631
384	631
384	630
383	630
383	629
382	629
382	628
381	628
381	626
380	626
380	625
379	625
379	624
377	624
377	623
375	623
375	622
373	622
373	621
371	621
371	619
373	619
373	618
375	618
375	617
379	617
379	616
380	616
380	615
382	615
382	614
385	614
385	613
386	613
386	612
388	612
388	610
395	610
395	609
401	609
401	608
405	608
405	607
408	607
408	606
412	606
412	604
415	604
415	605
419	605
419	604
420	604
420	603
421	603
421	602
422	602
422	601
427	601
427	600
428	600
428	599
430	599
430	598
435	598
435	597
444	597
444	596
456	596
456	598
457	598
457	597
466	597
466	596
467	596
467	593
466	593
466	589
465	589
465	587
464	587
464	586
463	586
463	584
462	584
462	581
461	581
461	579
460	579
460	578
459	578
459	575
458	575
458	574
456	574
456	571
455	571
455	570
453	570
453	569
451	569
451	568
450	568
450	567
447	567
447	566
448	566
448	565
449	565
449	564
455	564
455	563
456	563
456	562
461	562
461	561
462	561
462	560
465	560
465	559
469	559
469	557
474	557
474	556
480	556
480	555
485	555
485	556
488	556
488	557
489	557
489	556
490	556
490	557
492	557
492	556
493	556
493	557
494	557
494	556
495	556
495	549
510	549
510	550
517	550
517	551
521	551
521	552
528	552
528	553
530	553
530	554
536	554
536	553
537	553
537	547
536	547
536	546
535	546
535	545
534	545
534	543
533	543
533	542
532	542
532	540
531	540
531	539
530	539
530	538
528	538
528	537
527	537
527	536
526	536
526	535
524	535
524	534
522	534
522	533
520	533
520	532
521	532
521	531
522	531
522	530
524	530
524	529
526	529
526	528
529	528
529	527
530	527
530	526
536	526
536	524
548	524
548	523
557	523
557	522
558	522
558	521
560	521
560	520
561	520
561	519
565	519
565	518
566	518
566	517
571	517
571	516
576	516
576	515
585	515
585	516
592	516
592	517
596	517
596	516
602	516
602	509
601	509
601	508
600	508
600	506
599	506
599	504
598	504
598	503
597	503
597	502
596	502
596	501
595	501
595	499
594	499
594	498
593	498
593	497
592	497
592	496
590	496
590	495
589	495
589	494
586	494
586	491
589	491
589	490
592	490
592	489
598	489
598	488
600	488
600	486
608	486
608	487
619	487
619	486
620	486
620	485
624	485
624	484
628	484
628	483
630	483
630	482
636	482
636	481
654	481
654	482
656	482
656	483
662	483
662	484
666	484
666	483
668	483
668	475
667	475
667	474
666	474
666	472
665	472
665	471
664	471
664	469
663	469
663	467
662	467
662	466
661	466
661	463
659	463
659	462
657	462
657	461
660	461
660	460
661	460
661	461
663	461
663	462
675	462
675	460
676	460
676	458
680	458
680	457
693	457
693	458
695	458
695	459
719	459
719	460
720	460
720	459
721	459
721	460
726	460
726	461
729	461
729	462
733	462
733	463
735	463
735	464
740	464
740	465
744	465
744	464
745	464
745	458
744	458
744	456
743	456
743	453
742	453
742	451
741	451
741	450
740	450
740	449
739	449
739	446
736	446
736	445
734	445
734	444
735	444
735	443
746	443
746	442
765	442
765	443
769	443
769	444
777	444
777	445
780	445
780	446
782	446
782	447
784	447
784	448
792	448
792	449
803	449
803	450
805	450
805	451
808	451
808	452
811	452
811	453
812	453
812	454
818	454
818	445
817	445
817	442
816	442
816	441
815	441
815	437
814	437
814	435
813	435
813	433
812	433
812	432
811	432
811	431
810	431
810	430
809	430
809	429
808	429
808	428
807	428
807	427
804	427
804	426
805	426
805	425
807	425
807	417
800	417
800	418
797	418
797	419
790	419
790	420
782	420
782	421
779	421
779	422
774	422
774	423
760	423
760	422
754	422
754	421
755	421
755	420
756	420
756	419
757	419
757	417
758	417
758	416
759	416
759	413
760	413
760	411
761	411
761	406
760	406
760	405
753	405
753	406
749	406
749	407
745	407
745	408
736	408
736	409
726	409
726	408
723	408
723	407
720	407
720	406
717	406
717	405
713	405
713	404
707	404
707	403
700	403
700	402
699	402
699	401
701	401
701	400
703	400
703	399
704	399
704	398
705	398
705	397
706	397
706	395
707	395
707	387
699	387
699	388
696	388
696	389
685	389
685	390
681	390
681	389
680	389
680	391
671	391
671	390
664	390
664	389
645	389
645	388
640	388
640	387
638	387
638	386
634	386
634	385
632	385
632	383
633	383
633	382
637	382
637	378
638	378
638	377
639	377
639	375
640	375
640	372
641	372
641	370
642	370
642	363
622	363
622	362
610	362
610	361
603	361
603	360
599	360
599	359
584	359
584	357
583	357
583	358
582	358
582	357
578	357
578	356
574	356
574	355
571	355
571	354
569	354
569	353
567	353
567	352
566	352
566	351
569	351
569	350
570	350
570	348
571	348
571	347
572	347
572	345
573	345
573	341
574	341
574	334
554	334
554	333
551	333
551	332
549	332
549	331
545	331
545	330
543	330
543	329
538	329
538	328
534	328
534	327
531	327
531	326
529	326
529	325
527	325
527	324
523	324
523	323
519	323
519	322
516	322
516	321
511	321
511	320
509	320
509	319
507	319
507	317
510	317
510	316
511	316
511	314
512	314
512	312
513	312
513	305
507	305
507	304
503	304
503	303
500	303
500	302
498	302
498	301
495	301
495	300
492	300
492	299
488	299
488	298
487	298
487	297
485	297
485	296
483	296
483	295
482	295
482	294
479	294
479	293
476	293
476	292
475	292
475	291
473	291
473	290
471	290
471	289
469	289
469	288
468	288
468	287
466	287
466	286
464	286
464	285
462	285
462	284
459	284
459	283
458	283
458	282
456	282
456	281
453	281
453	280
452	280
452	279
450	279
450	278
449	278
449	277
447	277
447	276
445	276
445	275
443	275
443	274
441	274
441	273
439	273
439	272
437	272
437	271
435	271
435	270
432	270
432	269
430	269
430	268
429	268
429	267
426	267
426	266
423	266
423	265
421	265
421	264
419	264
419	263
416	263
416	262
415	262
415	261
412	261
412	260
408	260
408	259
406	259
406	258
405	258
405	257
402	257
402	256
400	256
400	255
398	255
398	254
396	254
396	253
392	253
392	252
389	252
389	251
387	251
387	250
386	250
386	249
385	249
385	248
384	248
384	247
382	247
382	244
392	244
392	245
396	245
396	246
406	246
406	247
425	247
425	248
426	248
426	247
428	247
428	248
433	248
433	249
446	249
446	250
458	250
458	251
462	251
462	250
464	250
464	251
467	251
467	252
470	252
470	253
475	253
475	254
476	254
476	253
478	253
478	254
480	254
480	255
482	255
482	254
491	254
491	255
494	255
494	254
503	254
503	255
515	255
515	254
517	254
517	256
526	256
526	257
529	257
529	258
535	258
535	259
543	259
543	260
544	260
544	261
548	261
548	262
555	262
555	256
554	256
554	255
555	255
555	254
554	254
554	253
553	253
553	250
552	250
552	248
551	248
551	247
550	247
550	245
560	245
560	244
570	244
570	245
573	245
573	246
578	246
578	247
585	247
585	248
592	248
592	249
597	249
597	250
599	250
599	251
605	251
605	252
606	252
606	253
607	253
607	254
609	254
609	255
610	255
610	256
620	256
620	241
619	241
619	239
618	239
618	237
617	237
617	236
624	236
624	237
629	237
629	238
630	238
630	239
633	239
633	240
636	240
636	241
637	241
637	242
641	242
641	244
648	244
648	245
656	245
656	246
663	246
663	247
670	247
670	248
673	248
673	249
680	249
680	250
685	250
685	252
687	252
687	253
699	253
699	254
700	254
700	255
704	255
704	256
706	256
706	258
707	258
707	259
710	259
710	260
711	260
711	261
714	261
714	262
715	262
715	263
716	263
716	264
717	264
717	265
718	265
718	267
720	267
720	268
722	268
722	269
723	269
723	271
724	271
724	270
725	270
725	271
727	271
727	270
728	270
728	271
729	271
729	270
730	270
730	262
729	262
729	257
728	257
728	252
727	252
727	246
726	246
726	242
725	242
725	240
724	240
724	239
723	239
723	238
722	238
722	237
724	237
724	238
733	238
733	237
736	237
736	238
737	238
737	237
739	237
739	238
741	238
741	239
747	239
747	240
750	240
750	241
751	241
751	242
755	242
755	243
756	243
756	244
759	244
759	246
765	246
765	247
766	247
766	249
771	249
771	251
772	251
772	252
774	252
774	253
775	253
775	254
777	254
777	255
778	255
778	256
780	256
780	257
782	257
782	258
785	258
785	259
786	259
786	261
787	261
787	262
789	262
789	264
790	264
790	266
791	266
791	267
798	267
798	266
799	266
799	250
798	250
798	246
804	246
804	247
805	247
805	248
807	248
807	249
811	249
811	250
812	250
812	251
813	251
813	252
816	252
816	254
817	254
817	255
819	255
819	256
821	256
821	257
822	257
822	258
823	258
823	259
826	259
826	260
827	260
827	262
828	262
828	263
830	263
830	264
833	264
833	265
836	265
836	266
837	266
837	267
838	267
838	268
840	268
840	269
843	269
843	270
844	270
844	271
845	271
845	272
846	272
846	273
850	273
850	275
851	275
851	277
852	277
852	278
853	278
853	279
854	279
854	280
856	280
856	281
858	281
858	283
861	283
861	285
862	285
862	286
863	286
863	287
864	287
864	288
870	288
870	285
871	285
871	284
870	284
870	283
871	283
871	271
870	271
870	268
869	268
869	266
868	266
868	265
869	265
869	266
873	266
873	267
877	267
877	269
881	269
881	270
883	270
883	271
886	271
886	273
887	273
887	274
889	274
889	275
890	275
890	276
892	276
892	277
893	277
893	278
894	278
894	279
895	279
895	280
896	280
896	281
897	281
897	284
898	284
898	285
899	285
899	287
901	287
901	288
902	288
902	289
904	289
904	291
905	291
905	292
907	292
907	293
909	293
909	294
910	294
910	295
912	295
912	296
913	296
913	298
915	298
915	299
916	299
916	300
917	300
917	301
916	301
916	302
919	302
919	304
920	304
920	305
921	305
921	306
922	306
922	309
923	309
923	310
924	310
924	313
930	313
930	312
931	312
931	308
932	308
932	305
933	305
933	298
932	298
932	294
933	294
933	295
935	295
935	296
937	296
937	298
938	298
938	299
940	299
940	300
941	300
941	301
942	301
942	302
943	302
943	303
944	303
944	305
945	305
945	306
946	306
946	308
948	308
948	310
950	310
950	313
952	313
952	315
953	315
953	316
954	316
954	317
955	317
955	318
956	318
956	319
957	319
957	320
958	320
958	322
959	322
959	323
960	323
960	324
961	324
961	326
962	326
962	327
963	327
963	328
964	328
964	330
965	330
965	331
966	331
966	332
967	332
967	333
968	333
968	335
969	335
969	336
970	336
970	337
971	337
971	338
973	338
973	340
974	340
974	342
975	342
975	343
976	343
976	344
977	344
977	346
978	346
978	347
979	347
979	348
985	348
985	342
986	342
986	341
985	341
985	339
987	339
987	340
988	340
988	342
989	342
989	343
990	343
990	344
992	344
992	346
993	346
993	347
995	347
995	348
996	348
996	349
997	349
997	352
998	352
998	353
1000	353
1000	356
1001	356
1001	357
1002	357
1002	359
1003	359
1003	361
1009	361
1009	362
1010	362
1010	367
1011	367
1011	368
1012	368
1012	369
1013	369
1013	370
1017	370
1017	371
1018	371
1018	374
1021	374
1021	377
1022	377
1022	378
1024	378
1024	379
1025	379
1025	380
1026	380
1026	381
1027	381
1027	382
1028	382
1028	383
1029	383
1029	384
1030	384
1030	386
1031	386
1031	388
1033	388
1033	390
1035	390
1035	392
1036	392
1036	395
1038	395
1038	397
1039	397
1039	398
1041	398
1041	399
1042	399
1042	401
1043	401
1043	402
1044	402
1044	403
1046	403
1046	405
1048	405
1048	406
1049	406
1049	407
1050	407
1050	409
1052	409
1052	410
1054	410
1054	412
1055	412
1055	413
1057	413
1057	414
1058	414
1058	415
1059	415
1059	416
1060	416
1060	418
1062	418
1062	419
1063	419
1063	420
1065	420
1065	421
1066	421
1066	422
1067	422
1067	423
1069	423
1069	424
1070	424
1070	425
1072	425
1072	426
1075	426
1075	427
1076	427
1076	429
1077	429
1077	430
1079	430
1079	431
1081	431
1081	432
1084	432
1084	433
1085	433
1085	434
1101	434
1101	433
1103	433
1103	434
1112	434
1112	435
1113	435
1113	434
1117	434
1117	433
1118	433
1118	432
1119	432
1119	431
1120	431
1120	429
1122	429
1122	428
1123	428
1123	427
1124	427
1124	426
1125	426
1125	425
1126	425
1126	424
1127	424
1127	422
1128	422
1128	421
1129	421
1129	420
1130	420
1130	419
1131	419
1131	418
1132	418
1132	417
1134	417
1134	414
1138	414
1138	413
1139	413
1139	410
1138	410
1138	407
1139	407
1139	403
1140	403
1140	401
1141	401
1141	399
1142	399
1142	397
1143	397
1143	394
1144	394
1144	392
1145	392
1145	391
1146	391
1146	390
1147	390
1147	388
1148	388
1148	387
1149	387
1149	385
1150	385
1150	384
1151	384
1151	381
1152	381
1152	380
1153	380
1153	379
1154	379
1154	377
1155	377
1155	376
1156	376
1156	375
1157	375
1157	373
1158	373
1158	371
1159	371
1159	370
1160	370
1160	368
1161	368
1161	367
1162	367
1162	366
1163	366
1163	363
1164	363
1164	361
1165	361
1165	359
1166	359
1166	356
1167	356
1167	355
1168	355
1168	354
1169	354
1169	353
1170	353
1170	352
1171	352
1171	348
1172	348
1172	344
1173	344
1173	342
1174	342
1174	340
1175	340
1175	338
1176	338
1176	336
1177	336
1177	334
1178	334
1178	331
1179	331
1179	330
1180	330
1180	328
1181	328
1181	327
1184	327
1184	326
1183	326
1183	325
1184	325
1184	324
1185	324
1185	323
1186	323
1186	322
1189	322
1189	320
1190	320
1190	319
1191	319
1191	323
1190	323
1190	327
1191	327
1191	328
1190	328
1190	329
1191	329
1191	334
1192	334
1192	333
1193	333
1193	334
1197	334
1197	333
1198	333
1198	330
1199	330
1199	329
1200	329
1200	327
1201	327
1201	325
1203	325
1203	323
1204	323
1204	320
1205	320
1205	319
1206	319
1206	317
1208	317
1208	316
1209	316
1209	314
1210	314
1210	313
1214	313
1214	309
1216	309
1216	308
1217	308
1217	305
1218	305
1218	304
1219	304
1219	301
1220	301
1220	298
1221	298
1221	295
1222	295
1222	292
1223	292
1223	290
1224	290
1224	288
1225	288
1225	287
1226	287
1226	285
1228	285
1228	283
1229	283
1229	281
1230	281
1230	279
1231	279
1231	278
1233	278
1233	277
1234	277
1234	275
1235	275
1235	274
1237	274
1237	272
1238	272
1238	271
1239	271
1239	270
1241	270
1241	268
1242	268
1242	278
1243	278
1243	283
1244	283
1244	286
1251	286
1251	285
1252	285
1252	282
1253	282
1253	281
1254	281
1254	278
1255	278
1255	277
1256	277
1256	274
1257	274
1257	273
1258	273
1258	271
1259	271
1259	269
1260	269
1260	267
1261	267
1261	265
1262	265
1262	264
1263	264
1263	262
1264	262
1264	260
1265	260
1265	259
1267	259
1267	257
1268	257
1268	256
1269	256
1269	255
1270	255
1270	254
1272	254
1272	253
1279	253
1279	249
1280	249
1280	248
1281	248
1281	246
1282	246
1282	244
1283	244
1283	243
1284	243
1284	241
1285	241
1285	240
1286	240
1286	239
1287	239
1287	238
1288	238
1288	237
1289	237
1289	236
1291	236
1291	235
1292	235
1292	233
1295	233
1295	232
1296	232
1296	231
1298	231
1298	230
1300	230
1300	229
1301	229
1301	228
1303	228
1303	227
1304	227
1304	226
1305	226
1305	227
1304	227
1304	238
1305	238
1305	243
1306	243
1306	248
1307	248
1307	253
1314	253
1314	247
1315	247
1315	246
1316	246
1316	244
1318	244
1318	241
1320	241
1320	239
1321	239
1321	238
1322	238
1322	237
1323	237
1323	236
1324	236
1324	235
1325	235
1325	234
1326	234
1326	232
1327	232
1327	231
1328	231
1328	230
1329	230
1329	229
1330	229
1330	228
1332	228
1332	227
1333	227
1333	225
1335	225
1335	224
1337	224
1337	223
1340	223
1340	224
1347	224
1347	223
1348	223
1348	218
1350	218
1350	214
1354	214
1354	211
1355	211
1355	208
1356	208
1356	207
1359	207
1359	206
1360	206
1360	205
1361	205
1361	204
1362	204
1362	203
1364	203
1364	202
1365	202
1365	201
1368	201
1368	199
1370	199
1370	200
1369	200
1369	210
1370	210
1370	216
1371	216
1371	217
1372	217
1372	221
1373	221
1373	224
1374	224
1374	228
1375	228
1375	229
1376	229
1376	230
1382	230
1382	229
1384	229
1384	227
1386	227
1386	226
1387	226
1387	224
1388	224
1388	222
1389	222
1389	221
1392	221
1392	220
1393	220
1393	219
1395	219
1395	217
1397	217
1397	216
1398	216
1398	214
1400	214
1400	213
1402	213
1402	212
1404	212
1404	210
1406	210
1406	209
1410	209
1410	208
1413	208
1413	207
1417	207
1417	206
1420	206
1420	205
1422	205
1422	203
1424	203
1424	202
1425	202
1425	199
1427	199
1427	196
1432	196
1432	195
1434	195
1434	194
1436	194
1436	193
1439	193
1439	192
1441	192
1441	191
1444	191
1444	190
1445	190
1445	189
1446	189
1446	188
1449	188
1449	187
1450	187
1450	186
1452	186
1452	185
1454	185
1454	184
1455	184
1455	186
1454	186
1454	187
1453	187
1453	188
1454	188
1454	189
1453	189
1453	190
1454	190
1454	198
1455	198
1455	200
1456	200
1456	203
1457	203
1457	206
1458	206
1458	207
1459	207
1459	208
1464	208
1464	207
1465	207
1465	206
1466	206
1466	204
1467	204
1467	203
1468	203
1468	201
1469	201
1469	200
1470	200
1470	199
1471	199
1471	197
1473	197
1473	196
1474	196
1474	195
1475	195
1475	194
1476	194
1476	192
1479	192
1479	191
1480	191
1480	190
1483	190
1483	189
1484	189
1484	188
1485	188
1485	187
1487	187
1487	186
1486	186
1486	185
1488	185
1488	184
1489	184
1489	183
1491	183
1491	182
1493	182
1493	181
1494	181
1494	179
1496	179
1496	178
1499	178
1499	177
1502	177
1502	175
1507	175
1507	172
1509	172
1509	171
1512	171
1512	170
1520	170
1520	169
1521	169
1521	168
1523	168
1523	179
1524	179
1524	184
1525	184
1525	192
1532	192
1532	190
1533	190
1533	189
1534	189
1534	188
1535	188
1535	187
1536	187
1536	185
1538	185
1538	184
1539	184
1539	182
1542	182
1542	181
1543	181
1543	180
1544	180
1544	179
1546	179
1546	178
1549	178
1549	176
1553	176
1553	175
1556	175
1556	173
1560	173
1560	172
1562	172
1562	171
1563	171
1563	170
1564	170
1564	169
1569	169
1569	167
1574	167
1574	166
1576	166
1576	165
1578	165
1578	164
1579	164
1579	165
1580	165
1580	164
1581	164
1581	163
1582	163
1582	162
1583	162
1583	160
1586	160
1586	159
1588	159
1588	158
1589	158
1589	157
1591	157
1591	156
1594	156
1594	155
1596	155
1596	154
1598	154
1598	152
1601	152
1601	151
1604	151
1604	155
1603	155
1603	157
1604	157
1604	164
1611	164
1611	163
1613	163
1613	162
1614	162
1614	159
1617	159
1617	157
1621	157
1621	156
1622	156
1622	155
1623	155
1623	154
1625	154
1625	153
1626	153
1626	151
1631	151
1631	149
1633	149
1633	148
1637	148
1637	147
1638	147
1638	146
1641	146
1641	145
1642	145
1642	144
1646	144
1646	143
1648	143
1648	141
1655	141
1655	139
1658	139
1658	138
1659	138
1659	137
1660	137
1660	136
1664	136
1664	135
1667	135
1667	133
1671	133
1671	132
1674	132
1674	129
1676	129
1676	128
1680	128
1680	127
1682	127
1682	126
1683	126
1683	125
1687	125
1687	123
1690	123
1690	122
1693	122
1693	121
1694	121
1694	120
1695	120
1695	118
1698	118
1698	117
1699	117
1699	116
1701	116
1701	114
1707	114
1707	112
1708	112
1708	111
1709	111
1709	110
1710	110
1710	109
1714	109
1714	108
1716	108
1716	107
1718	107
1718	105
1720	105
1720	104
1722	104
1722	103
1723	103
1723	102
1726	102
1726	101
1728	101
1728	103
1727	103
1727	105
1726	105
1726	107
1725	107
1725	108
1724	108
1724	110
1723	110
1723	111
1722	111
1722	112
1721	112
1721	113
1720	113
1720	114
1719	114
1719	116
1718	116
1718	117
1717	117
1717	118
1716	118
1716	119
1715	119
1715	120
1714	120
1714	122
1713	122
1713	123
1712	123
1712	124
1711	124
1711	126
1710	126
1710	127
1709	127
1709	129
1708	129
1708	130
1707	130
1707	132
1706	132
1706	133
1705	133
1705	135
1704	135
1704	136
1703	136
1703	137
1702	137
1702	139
1701	139
1701	140
1700	140
1700	141
1699	141
1699	143
1698	143
1698	144
1697	144
1697	145
1696	145
1696	146
1695	146
1695	147
1694	147
1694	148
1693	148
1693	149
1692	149
1692	150
1691	150
1691	152
1690	152
1690	153
1689	153
1689	154
1688	154
1688	155
1687	155
1687	156
1686	156
1686	157
1685	157
1685	159
1684	159
1684	161
1683	161
1683	162
1682	162
1682	163
1681	163
1681	164
1680	164
1680	166
1678	166
1678	168
1677	168
1677	169
1676	169
1676	171
1675	171
1675	172
1674	172
1674	173
1673	173
1673	174
1672	174
1672	175
1670	175
1670	176
1669	176
1669	177
1668	177
1668	178
1667	178
1667	179
1666	179
1666	180
1665	180
1665	181
1664	181
1664	182
1661	182
1661	184
1659	184
1659	185
1657	185
1657	186
1655	186
1655	187
1653	187
1653	188
1650	188
1650	190
1649	190
1649	191
1650	191
1650	192
1649	192
1649	193
1648	193
1648	194
1650	194
1650	197
1651	197
1651	198
1653	198
1653	199
1655	199
1655	202
1653	202
1653	204
1652	204
1652	205
1651	205
1651	206
1650	206
1650	207
1648	207
1648	208
1647	208
1647	209
1646	209
1646	210
1644	210
1644	211
1642	211
1642	212
1640	212
1640	213
1639	213
1639	214
1638	214
1638	215
1637	215
1637	216
1636	216
1636	217
1634	217
1634	218
1633	218
1633	219
1632	219
1632	220
1631	220
1631	221
1630	221
1630	222
1629	222
1629	223
1628	223
1628	224
1627	224
1627	225
1626	225
1626	226
1625	226
1625	227
1623	227
1623	228
1621	228
1621	229
1620	229
1620	230
1617	230
1617	231
1615	231
1615	232
1613	232
1613	233
1611	233
1611	234
1608	234
1608	235
1605	235
1605	236
1599	236
1599	237
1597	237
1597	243
1598	243
1598	245
1600	245
1600	249
1601	249
1601	251
1603	251
1603	252
1606	252
1606	253
1610	253
1610	255
1609	255
1609	256
1608	256
1608	257
1606	257
1606	258
1603	258
1603	259
1601	259
1601	260
1598	260
1598	261
1596	261
1596	262
1594	262
1594	263
1593	263
1593	264
1590	264
1590	265
1587	265
1587	266
1585	266
1585	267
1582	267
1582	268
1579	268
1579	269
1577	269
1577	270
1576	270
1576	271
1575	271
1575	272
1573	272
1573	273
1570	273
1570	274
1569	274
1569	275
1565	275
1565	276
1564	276
1564	277
1561	277
1561	278
1556	278
1556	279
1546	279
1546	286
1547	286
1547	287
1548	287
1548	288
1549	288
1549	289
1550	289
1550	290
1551	290
1551	291
1552	291
1552	292
1554	292
1554	294
1555	294
1555	295
1557	295
1557	296
1560	296
1560	298
1558	298
1558	299
1557	299
1557	300
1555	300
1555	301
1554	301
1554	302
1552	302
1552	303
1550	303
1550	304
1547	304
1547	305
1545	305
1545	306
1544	306
1544	307
1539	307
1539	308
1537	308
1537	309
1534	309
1534	310
1532	310
1532	311
1530	311
1530	312
1529	312
1529	313
1523	313
1523	315
1521	315
1521	316
1520	316
1520	317
1516	317
1516	318
1514	318
1514	319
1510	319
1510	320
1504	320
1504	321
1497	321
1497	320
1496	320
1496	321
1492	321
1492	320
1483	320
1483	321
1482	321
1482	323
1483	323
1483	327
1484	327
1484	329
1485	329
1485	331
1486	331
1486	332
1487	332
1487	335
1488	335
1488	336
1489	336
1489	338
1492	338
1492	339
1497	339
1497	341
1496	341
1496	342
1494	342
1494	343
1491	343
1491	344
1489	344
1489	345
1488	345
1488	346
1486	346
1486	347
1484	347
1484	348
1482	348
1482	349
1480	349
1480	350
1477	350
1477	351
1475	351
1475	352
1468	352
1468	353
1465	353
1465	354
1463	354
1463	355
1459	355
1459	356
1457	356
1457	357
1449	357
1449	358
1443	358
1443	359
1434	359
1434	360
1428	360
1428	359
1419	359
1419	358
1416	358
1416	357
1412	357
1412	358
1410	358
1410	364
1411	364
1411	366
1412	366
1412	368
1413	368
1413	370
1414	370
1414	371
1415	371
1415	373
1416	373
1416	374
1417	374
1417	375
1418	375
1418	377
1420	377
1420	379
1422	379
1422	380
1418	380
1418	381
1417	381
1417	380
1416	380
1416	381
1412	381
1412	382
1408	382
1408	383
1405	383
1405	384
1401	384
1401	385
1385	385
1385	384
1383	384
1383	383
1382	383
1382	382
1373	382
1373	383
1371	383
1371	384
1369	384
1369	385
1362	385
1362	384
1360	384
1360	383
1352	383
1352	391
1353	391
1353	392
1354	392
1354	395
1355	395
1355	396
1356	396
1356	397
1358	397
1358	398
1359	398
1359	399
1362	399
1362	401
1369	401
1369	400
1374	400
1374	399
1382	399
1382	398
1388	398
1388	399
1387	399
1387	400
1386	400
1386	402
1385	402
1385	404
1384	404
1384	407
1383	407
1383	410
1382	410
1382	413
1381	413
1381	415
1380	415
1380	424
1386	424
1386	423
1387	423
1387	422
1388	422
1388	421
1390	421
1390	420
1393	420
1393	419
1395	419
1395	418
1396	418
1396	417
1400	417
1400	416
1404	416
1404	415
1405	415
1405	416
1406	416
1406	414
1410	414
1410	413
1414	413
1414	412
1418	412
1418	411
1422	411
1422	409
1431	409
1431	408
1434	408
1434	409
1453	409
1453	408
1454	408
1454	407
1468	407
1468	406
1470	406
1470	407
1473	407
1473	408
1471	408
1471	409
1469	409
1469	410
1468	410
1468	411
1467	411
1467	412
1466	412
1466	415
1465	415
1465	416
1464	416
1464	419
1463	419
1463	421
1462	421
1462	431
1468	431
1468	430
1471	430
1471	429
1474	429
1474	428
1478	428
1478	427
1484	427
1484	426
1486	426
1486	425
1492	425
1492	424
1493	424
1493	423
1499	423
1499	422
1500	422
1500	421
1523	421
1523	420
1536	420
1536	421
1538	421
1538	422
1540	422
1540	423
1541	423
1541	425
1545	425
1545	427
1542	427
1542	428
1540	428
1540	430
1539	430
1539	432
1537	432
1537	433
1536	433
1536	435
1535	435
1535	446
1543	446
1543	445
1545	445
1545	444
1547	444
1547	443
1550	443
1550	442
1552	442
1552	443
1553	443
1553	442
1554	442
1554	443
1558	443
1558	442
1560	442
1560	441
1571	441
1571	440
1573	440
1573	439
1593	439
1593	440
1594	440
1594	439
1596	439
1596	440
1598	440
1598	441
1610	441
1610	442
1611	442
1611	443
1616	443
1616	444
1618	444
1618	445
1619	445
1619	444
1620	444
1620	446
1618	446
1618	447
1616	447
1616	448
1615	448
1615	449
1614	449
1614	450
1613	450
1613	451
1612	451
1612	453
1611	453
1611	455
1609	455
1609	457
1608	457
1608	458
1607	458
1607	460
1606	460
1606	461
1605	461
1605	463
1604	463
1604	470
1607	470
1607	471
1608	471
1608	470
1614	470
1614	469
1620	469
1620	468
1625	468
1625	469
1634	469
1634	470
1636	470
1636	471
1638	471
1638	472
1640	472
1640	473
1675	473
1675	474
1681	474
1681	475
1687	475
1687	476
1694	476
1694	477
1695	477
1695	478
1693	478
1693	479
1691	479
1691	480
1690	480
1690	481
1689	481
1689	482
1688	482
1688	483
1687	483
1687	485
1686	485
1686	487
1685	487
1685	489
1684	489
1684	492
1683	492
1683	502
1693	502
1693	501
1698	501
1698	500
1710	500
1710	499
1721	499
1721	500
1728	500
1728	501
1729	501
1729	503
1737	503
1737	504
1738	504
1738	505
1748	505
1748	506
1754	506
1754	507
1756	507
1756	508
1759	508
1759	507
1760	507
1760	508
1765	508
1765	509
1771	509
1771	511
1770	511
1770	512
1768	512
1768	513
1766	513
1766	514
1765	514
1765	516
1764	516
1764	517
1761	517
1761	518
1760	518
1760	521
1759	521
1759	522
1758	522
1758	523
1757	523
1757	525
1756	525
1756	527
1755	527
1755	529
1754	529
1754	530
1753	530
1753	533
1752	533
1752	540
1753	540
1753	541
1759	541
1759	540
1762	540
1762	539
1768	539
1768	538
1769	538
1769	539
1777	539
1777	540
1782	540
1782	541
1794	541
1794	542
1797	542
1797	543
1799	543
1799	544
1801	544
1801	545
1808	545
1808	546
1810	546
1810	547
1812	547
1812	548
1816	548
1816	549
1819	549
1819	551
1822	551
1822	552
1823	552
1823	553
1824	553
1824	554
1825	554
1825	555
1827	555
1827	556
1828	556
1828	558
1831	558
1831	560
1834	560
1834	561
1838	561
1838	562
1839	562
1839	564
1837	564
1837	565
1834	565
1834	566
1832	566
1832	567
1830	567
1830	568
1828	568
1828	569
1827	569
1827	570
1825	570
1825	571
1824	571
1824	573
1823	573
1823	574
1822	574
1822	581
1824	581
1824	583
1834	583
1834	582
1838	582
1838	583
1845	583
1845	584
1850	584
1850	585
1855	585
1855	586
1856	586
1856	587
1860	587
1860	588
1861	588
1861	589
1867	589
1867	590
1869	590
1869	591
1872	591
1872	592
1874	592
1874	593
1875	593
1875	594
1882	594
1882	595
1884	595
1884	596
1887	596
1887	597
1889	597
1889	598
1896	598
1896	599
1897	599
1897	600
1899	600
1899	601
1901	601
1901	602
1902	602
1902	603
1905	603
1905	604
1906	604
1906	605
1905	605
1905	606
1902	606
1902	607
1901	607
1901	608
1900	608
1900	609
1898	609
1898	611
1897	611
1897	612
1896	612
1896	614
1895	614
1895	616
1894	616
1894	617
1893	617
1893	623
1894	623
1894	624
1913	624
1913	625
1914	625
1914	626
1919	626
1919	630
1920	630
1920	629
1925	629
1925	630
1926	630
1926	631
1931	631
1931	633
1932	633
1932	634
1933	634
1933	633
1935	633
1935	634
1936	634
1936	635
1937	635
1937	636
1942	636
1942	637
1945	637
1945	638
1949	638
1949	639
1955	639
1955	640
1956	640
1956	641
1957	641
1957	642
1955	642
1955	643
1954	643
