1488	667
1489	667
1489	668
1492	668
1492	669
1493	669
1493	670
1498	670
1498	671
1514	671
1514	670
1516	670
1516	669
1517	669
1517	668
1528	668
1528	669
1529	669
1529	671
1526	671
1526	672
1523	672
1523	673
1519	673
1519	676
1518	676
1518	677
1517	677
1517	678
1516	678
1516	679
1513	679
1513	680
1512	680
1512	682
1509	682
1509	683
1508	683
1508	694
1509	694
1509	695
1517	695
1517	696
1521	696
1521	697
1528	697
1528	699
1529	699
1529	700
1532	700
1532	702
1534	702
1534	703
1538	703
1538	704
1542	704
1542	705
1545	705
1545	710
1547	710
1547	711
1551	711
1551	713
1552	713
1552	714
1554	714
1554	715
1555	715
1555	716
1561	716
1561	717
1568	717
1568	718
1569	718
1569	720
1570	720
1570	721
1571	721
1571	722
1574	722
1574	723
1575	723
1575	724
1583	724
1583	727
1584	727
1584	728
1585	728
1585	729
1590	729
1590	730
1591	730
1591	731
1592	731
1592	732
1594	732
1594	734
1591	734
1591	735
1588	735
1588	736
1587	736
1587	737
1585	737
1585	738
1584	738
1584	739
1578	739
1578	742
1577	742
1577	743
1575	743
1575	744
1573	744
1573	745
1571	745
1571	746
1570	746
1570	747
1569	747
1569	756
1570	756
1570	757
1571	757
1571	758
1572	758
1572	757
1576	757
1576	758
1584	758
1584	759
1585	759
1585	762
1589	762
1589	763
1596	763
1596	764
1597	764
1597	766
1598	766
1598	767
1599	767
1599	768
1600	768
1600	769
1607	769
1607	770
1608	770
1608	771
1610	771
1610	772
1611	772
1611	773
1613	773
1613	774
1615	774
1615	775
1619	775
1619	776
1621	776
1621	778
1624	778
1624	779
1625	779
1625	780
1632	780
1632	781
1636	781
1636	783
1637	783
1637	784
1640	784
1640	786
1644	786
1644	787
1650	787
1650	789
1651	789
1651	790
1653	790
1653	791
1655	791
1655	792
1656	792
1656	793
1654	793
1654	794
1651	794
1651	795
1650	795
1650	796
1648	796
1648	797
1647	797
1647	798
1646	798
1646	799
1644	799
1644	801
1642	801
1642	802
1641	802
1641	803
1640	803
1640	804
1638	804
1638	805
1637	805
1637	806
1636	806
1636	807
1635	807
1635	808
1634	808
1634	809
1633	809
1633	813
1632	813
1632	815
1633	815
1633	817
1632	817
1632	818
1633	818
1633	820
1637	820
1637	821
1639	821
1639	820
1640	820
1640	821
1644	821
1644	820
1645	820
1645	821
1649	821
1649	822
1650	822
1650	823
1651	823
1651	824
1652	824
1652	823
1655	823
1655	824
1657	824
1657	826
1664	826
1664	827
1668	827
1668	828
1670	828
1670	832
1671	832
1671	833
1677	833
1677	835
1682	835
1682	836
1681	836
1681	838
1682	838
1682	837
1683	837
1683	838
1684	838
1684	839
1685	839
1685	840
1690	840
1690	841
1691	841
1691	842
1692	842
1692	843
1693	843
1693	844
1697	844
1697	846
1698	846
1698	847
1700	847
1700	849
1703	849
1703	852
1704	852
1704	853
1705	853
1705	854
1707	854
1707	855
1709	855
1709	856
1713	856
1713	859
1714	859
1714	860
1715	860
1715	862
1711	862
1711	863
1706	863
1706	864
1705	864
1705	865
1702	865
1702	866
1699	866
1699	867
1697	867
1697	868
1696	868
1696	869
1692	869
1692	870
1690	870
1690	871
1684	871
1684	882
1690	882
1690	883
1692	883
1692	884
1697	884
1697	885
1696	885
1696	886
1698	886
1698	887
1699	887
1699	886
1703	886
1703	887
1706	887
1706	889
1707	889
1707	890
1710	890
1710	893
1716	893
1716	894
1720	894
1720	895
1721	895
1721	896
1722	896
1722	897
1723	897
1723	901
1726	901
1726	902
1729	902
1729	903
1730	903
1730	904
1736	904
1736	907
1737	907
1737	908
1739	908
1739	909
1742	909
1742	910
1743	910
1743	913
1744	913
1744	915
1747	915
1747	923
1749	923
1749	924
1754	924
1754	925
1756	925
1756	926
1757	926
1757	927
1758	927
1758	928
1760	928
1760	930
1755	930
1755	931
1750	931
1750	933
1747	933
1747	934
1745	934
1745	935
1743	935
1743	936
1741	936
1741	937
1737	937
1737	939
1736	939
1736	941
1737	941
1737	942
1736	942
1736	943
1737	943
1737	944
1736	944
1736	945
1737	945
1737	946
1736	946
1736	947
1737	947
1737	949
1740	949
1740	951
1742	951
1742	952
1750	952
1750	954
1754	954
1754	955
1756	955
1756	958
1757	958
1757	959
1763	959
1763	962
1768	962
1768	963
1769	963
1769	969
1775	969
1775	970
1776	970
1776	973
1777	973
1777	974
1779	974
1779	975
1781	975
1781	974
1782	974
1782	975
1783	975
1783	981
1785	981
1785	982
1788	982
1788	990
1794	990
1794	991
1796	991
1796	992
1797	992
1797	993
1798	993
1798	995
1790	995
1790	996
1789	996
1789	997
1786	997
1786	998
1781	998
1781	999
1776	999
1776	1000
1774	1000
1774	1001
1773	1001
1773	1002
1772	1002
1772	1004
1773	1004
1773	1005
1772	1005
1772	1011
1773	1011
1773	1012
1776	1012
1776	1013
1777	1013
1777	1014
1782	1014
1782	1017
1783	1017
1783	1018
1789	1018
1789	1021
1790	1021
1790	1022
1791	1022
1791	1021
1792	1021
1792	1022
1796	1022
1796	1024
1800	1024
1800	1025
1802	1025
1802	1031
1804	1031
1804	1032
1805	1032
1805	1033
1809	1033
1809	1038
1811	1038
1811	1040
1812	1040
1812	1041
1814	1041
1814	1044
1819	1044
1819	1046
1820	1046
1820	1050
1821	1050
1821	1051
1829	1051
1829	1052
1830	1052
1830	1053
1831	1053
1831	1054
1832	1054
1832	1057
1833	1057
1833	1059
1834	1059
1834	1061
1833	1061
1833	1062
1824	1062
1824	1063
1822	1063
1822	1064
1819	1064
1819	1065
1817	1065
1817	1066
1815	1066
1815	1067
1814	1067
1814	1078
1817	1078
1817	1079
1821	1079
1821	1080
1822	1080
1822	1083
1823	1083
1823	1084
1830	1084
1830	1085
1831	1085
1831	1087
1832	1087
1832	1090
1834	1090
1834	1091
1836	1091
1836	1092
1837	1092
1837	1093
1839	1093
1839	1094
1840	1094
1840	1096
1841	1096
1841	1097
1842	1097
1842	1101
1847	1101
1847	1109
1848	1109
1848	1110
1850	1110
1850	1111
1854	1111
1854	1113
1855	1113
1855	1114
1857	1114
1857	1115
1859	1115
1859	1116
1863	1116
1863	1117
1864	1117
1864	1118
1865	1118
1865	1119
1866	1119
1866	1120
1865	1120
1865	1121
1864	1121
1864	1120
1863	1120
1863	1121
1860	1121
1860	1122
1856	1122
1856	1123
1854	1123
1854	1124
1850	1124
1850	1125
1845	1125
1845	1126
1842	1126
1842	1136
1843	1136
1843	1137
1844	1137
1844	1138
1846	1138
1846	1139
1849	1139
1849	1140
1851	1140
1851	1141
1852	1141
1852	1143
1854	1143
1854	1144
1855	1144
1855	1147
1858	1147
1858	1148
1860	1148
1860	1150
1861	1150
1861	1151
1862	1151
1862	1156
1863	1156
1863	1157
1867	1157
1867	1158
1868	1158
1868	1161
1869	1161
1869	1163
1870	1163
1870	1170
1876	1170
1876	1171
1877	1171
1877	1172
1876	1172
1876	1173
1880	1173
1880	1175
1881	1175
1881	1177
1883	1177
1883	1178
1884	1178
1884	1179
1885	1179
1885	1180
1886	1180
1886	1182
1887	1182
1887	1185
1879	1185
1879	1186
1874	1186
1874	1187
1870	1187
1870	1188
1869	1188
1869	1191
1870	1191
1870	1192
1869	1192
1869	1197
1870	1197
1870	1199
1871	1199
1871	1200
1872	1200
1872	1201
1874	1201
1874	1203
1875	1203
1875	1205
1878	1205
1878	1206
1879	1206
1879	1207
1880	1207
1880	1209
1881	1209
1881	1211
1882	1211
1882	1216
1885	1216
1885	1217
1886	1217
1886	1218
1885	1218
1885	1219
1886	1219
1886	1220
1888	1220
1888	1222
1889	1222
1889	1223
1892	1223
1892	1224
1893	1224
1893	1225
1894	1225
1894	1226
1895	1226
1895	1229
1898	1229
1898	1230
1900	1230
1900	1233
1902	1233
1902	1236
1906	1236
1906	1237
1907	1237
1907	1240
1908	1240
1908	1242
1911	1242
1911	1245
1912	1245
1912	1248
1913	1248
1913	1249
1915	1249
1915	1251
1916	1251
1916	1254
1915	1254
1915	1255
1916	1255
1916	1256
1919	1256
1919	1257
1920	1257
1920	1258
1921	1258
1921	1262
1922	1262
1922	1263
1927	1263
1927	1267
1928	1267
1928	1268
1929	1268
1929	1269
1931	1269
1931	1270
1933	1270
1933	1271
1934	1271
1934	1276
1935	1276
1935	1277
1938	1277
1938	1278
1939	1278
1939	1279
1940	1279
1940	1280
1941	1280
1941	1282
1946	1282
1946	1283
1947	1283
1947	1284
1946	1284
1946	1285
1947	1285
1947	1286
1948	1286
1948	1288
1949	1288
1949	1289
1950	1289
1950	1290
1952	1290
1952	1291
1953	1291
1953	1295
1954	1295
1954	1296
1956	1296
1956	1295
1957	1295
1957	1296
1960	1296
1960	1298
1961	1298
1961	1299
1960	1299
1960	1300
1961	1300
1961	1302
1964	1302
1964	1303
1965	1303
1965	1305
1966	1305
1966	1308
1967	1308
1967	1309
1972	1309
1972	1315
1976	1315
1976	1316
1977	1316
1977	1318
1978	1318
1978	1319
1980	1319
1980	1321
1981	1321
1981	1322
1983	1322
1983	1323
1984	1323
1984	1324
1985	1324
1985	1326
1987	1326
1987	1328
1992	1328
1992	1330
1993	1330
1993	1332
1994	1332
1994	1333
1998	1333
1998	1335
1999	1335
1999	1336
2000	1336
2000	1338
2001	1338
2001	1339
2004	1339
2004	1340
2007	1340
2007	1343
2009	1343
2009	1344
2010	1344
2010	1345
2011	1345
2011	1346
2013	1346
2013	1347
2014	1347
2014	1348
2016	1348
2016	1349
2019	1349
2019	1350
2020	1350
2020	1353
2021	1353
2021	1355
2026	1355
2026	1356
2028	1356
2028	1359
2029	1359
2029	1358
2030	1358
2030	1359
2033	1359
2033	1362
2034	1362
2034	1363
2036	1363
2036	1364
2039	1364
2039	1365
2040	1365
2040	1367
2041	1367
2041	1368
2044	1368
2044	1369
2046	1369
2046	1370
2048	1370
2048	1371
2049	1371
2049	1372
2050	1372
2050	1373
2053	1373
2053	1374
2054	1374
2054	1375
2055	1375
2055	1376
2056	1376
2056	1378
2058	1378
2058	1380
2059	1380
2059	1379
2060	1379
2060	1380
2061	1380
2061	1382
2063	1382
2063	1384
2064	1384
2064	1385
2065	1385
2065	1386
2066	1386
2066	1387
2064	1387
2064	1386
2063	1386
2063	1387
2062	1387
2062	1386
2050	1386
2050	1385
2048	1385
2048	1384
2041	1384
2041	1383
2040	1383
2040	1382
2038	1382
2038	1381
2036	1381
2036	1380
2034	1380
2034	1379
2029	1379
2029	1378
2028	1378
2028	1377
2025	1377
2025	1376
2023	1376
2023	1375
2022	1375
2022	1373
2017	1373
2017	1372
2016	1372
2016	1371
2014	1371
2014	1370
2012	1370
2012	1369
2009	1369
2009	1368
2008	1368
2008	1367
2007	1367
2007	1366
2004	1366
2004	1365
2001	1365
2001	1364
1999	1364
1999	1363
1997	1363
1997	1362
1996	1362
1996	1360
1995	1360
1995	1359
1990	1359
1990	1358
1989	1358
1989	1357
1986	1357
1986	1356
1983	1356
1983	1354
1982	1354
1982	1353
1979	1353
1979	1352
1977	1352
1977	1351
1975	1351
1975	1350
1974	1350
1974	1349
1973	1349
1973	1348
1972	1348
1972	1347
1969	1347
1969	1346
1970	1346
1970	1345
1969	1345
1969	1344
1968	1344
1968	1343
1965	1343
1965	1342
1964	1342
1964	1340
1962	1340
1962	1339
1961	1339
1961	1338
1959	1338
1959	1337
1957	1337
1957	1336
1956	1336
1956	1333
1951	1333
1951	1332
1950	1332
1950	1330
1949	1330
1949	1328
1945	1328
1945	1327
1944	1327
1944	1326
1943	1326
1943	1324
1942	1324
1942	1323
1938	1323
1938	1322
1937	1322
1937	1321
1936	1321
1936	1320
1934	1320
1934	1318
1932	1318
1932	1317
1930	1317
1930	1314
1928	1314
1928	1313
1924	1313
1924	1312
1923	1312
1923	1311
1920	1311
1920	1310
1919	1310
1919	1309
1918	1309
1918	1308
1917	1308
1917	1307
1914	1307
1914	1305
1912	1305
1912	1304
1910	1304
1910	1300
1904	1300
1904	1299
1903	1299
1903	1298
1901	1298
1901	1297
1900	1297
1900	1295
1898	1295
1898	1294
1897	1294
1897	1293
1896	1293
1896	1292
1894	1292
1894	1291
1892	1291
1892	1290
1891	1290
1891	1289
1890	1289
1890	1286
1886	1286
1886	1285
1885	1285
1885	1284
1884	1284
1884	1281
1882	1281
1882	1280
1881	1280
1881	1281
1880	1281
1880	1280
1878	1280
1878	1279
1876	1279
1876	1278
1875	1278
1875	1277
1874	1277
1874	1276
1872	1276
1872	1274
1869	1274
1869	1273
1867	1273
1867	1272
1866	1272
1866	1271
1865	1271
1865	1270
1864	1270
1864	1269
1863	1269
1863	1267
1860	1267
1860	1266
1858	1266
1858	1264
1857	1264
1857	1261
1856	1261
1856	1260
1855	1260
1855	1261
1854	1261
1854	1260
1852	1260
1852	1259
1851	1259
1851	1258
1840	1258
1840	1263
1837	1263
1837	1259
1833	1259
1833	1258
1832	1258
1832	1257
1831	1257
1831	1256
1830	1256
1830	1254
1828	1254
1828	1253
1827	1253
1827	1252
1824	1252
1824	1248
1823	1248
1823	1247
1818	1247
1818	1246
1817	1246
1817	1245
1816	1245
1816	1244
1815	1244
1815	1243
1812	1243
1812	1242
1811	1242
1811	1241
1810	1241
1810	1240
1809	1240
1809	1239
1808	1239
1808	1238
1807	1238
1807	1237
1805	1237
1805	1235
1804	1235
1804	1234
1802	1234
1802	1232
1801	1232
1801	1231
1799	1231
1799	1230
1798	1230
1798	1228
1797	1228
1797	1227
1795	1227
1795	1225
1794	1225
1794	1224
1792	1224
1792	1223
1791	1223
1791	1221
1790	1221
1790	1219
1789	1219
1789	1218
1788	1218
1788	1216
1776	1216
1776	1221
1775	1221
1775	1222
1774	1222
1774	1225
1773	1225
1773	1227
1772	1227
1772	1232
1769	1232
1769	1231
1766	1231
1766	1230
1765	1230
1765	1229
1764	1229
1764	1228
1765	1228
1765	1227
1764	1227
1764	1226
1759	1226
1759	1225
1758	1225
1758	1222
1757	1222
1757	1221
1754	1221
1754	1220
1753	1220
1753	1219
1752	1219
1752	1217
1751	1217
1751	1215
1749	1215
1749	1214
1748	1214
1748	1213
1747	1213
1747	1212
1746	1212
1746	1209
1745	1209
1745	1208
1743	1208
1743	1207
1742	1207
1742	1206
1741	1206
1741	1205
1740	1205
1740	1204
1739	1204
1739	1202
1738	1202
1738	1201
1737	1201
1737	1200
1736	1200
1736	1199
1735	1199
1735	1198
1734	1198
1734	1196
1733	1196
1733	1195
1732	1195
1732	1194
1731	1194
1731	1191
1730	1191
1730	1190
1729	1190
1729	1189
1728	1189
1728	1187
1727	1187
1727	1183
1726	1183
1726	1182
1725	1182
1725	1181
1724	1181
1724	1178
1723	1178
1723	1176
1722	1176
1722	1175
1710	1175
1710	1181
1709	1181
1709	1182
1708	1182
1708	1186
1707	1186
1707	1187
1706	1187
1706	1188
1704	1188
1704	1192
1703	1192
1703	1197
1702	1197
1702	1196
1701	1196
1701	1195
1700	1195
1700	1194
1698	1194
1698	1193
1697	1193
1697	1192
1696	1192
1696	1191
1695	1191
1695	1190
1694	1190
1694	1189
1693	1189
1693	1188
1692	1188
1692	1187
1691	1187
1691	1186
1690	1186
1690	1184
1689	1184
1689	1183
1688	1183
1688	1182
1687	1182
1687	1181
1686	1181
1686	1180
1687	1180
1687	1179
1686	1179
1686	1178
1685	1178
1685	1175
1682	1175
1682	1174
1681	1174
1681	1172
1680	1172
1680	1169
1679	1169
1679	1167
1678	1167
1678	1166
1677	1166
1677	1165
1676	1165
1676	1163
1675	1163
1675	1162
1674	1162
1674	1161
1673	1161
1673	1156
1672	1156
1672	1155
1670	1155
1670	1154
1669	1154
1669	1152
1668	1152
1668	1148
1667	1148
1667	1145
1666	1145
1666	1140
1665	1140
1665	1139
1656	1139
1656	1140
1654	1140
1654	1143
1653	1143
1653	1144
1652	1144
1652	1146
1651	1146
1651	1147
1650	1147
1650	1148
1649	1148
1649	1149
1648	1149
1648	1151
1647	1151
1647	1152
1646	1152
1646	1154
1645	1154
1645	1155
1644	1155
1644	1154
1643	1154
1643	1151
1642	1151
1642	1150
1641	1150
1641	1149
1640	1149
1640	1148
1639	1148
1639	1145
1638	1145
1638	1144
1637	1144
1637	1143
1636	1143
1636	1142
1635	1142
1635	1141
1634	1141
1634	1140
1633	1140
1633	1138
1632	1138
1632	1135
1628	1135
1628	1134
1627	1134
1627	1133
1626	1133
1626	1129
1623	1129
1623	1128
1622	1128
1622	1126
1621	1126
1621	1123
1620	1123
1620	1122
1619	1122
1619	1121
1618	1121
1618	1120
1617	1120
1617	1118
1616	1118
1616	1117
1615	1117
1615	1116
1614	1116
1614	1115
1613	1115
1613	1111
1612	1111
1612	1109
1611	1109
1611	1108
1610	1108
1610	1104
1609	1104
1609	1102
1608	1102
1608	1099
1607	1099
1607	1097
1606	1097
1606	1090
1605	1090
1605	1089
1604	1089
1604	1088
1603	1088
1603	1087
1593	1087
1593	1088
1592	1088
1592	1089
1591	1089
1591	1091
1590	1091
1590	1093
1589	1093
1589	1094
1588	1094
1588	1095
1587	1095
1587	1096
1585	1096
1585	1099
1584	1099
1584	1100
1583	1100
1583	1101
1582	1101
1582	1103
1581	1103
1581	1104
1580	1104
1580	1107
1578	1107
1578	1106
1577	1106
1577	1105
1576	1105
1576	1103
1574	1103
1574	1101
1573	1101
1573	1100
1572	1100
1572	1099
1571	1099
1571	1098
1570	1098
1570	1097
1569	1097
1569	1096
1568	1096
1568	1095
1567	1095
1567	1094
1566	1094
1566	1089
1564	1089
1564	1088
1563	1088
1563	1082
1561	1082
1561	1080
1560	1080
1560	1076
1559	1076
1559	1075
1558	1075
1558	1071
1557	1071
1557	1070
1556	1070
1556	1067
1555	1067
1555	1063
1554	1063
1554	1062
1553	1062
1553	1061
1552	1061
1552	1059
1551	1059
1551	1057
1550	1057
1550	1054
1549	1054
1549	1050
1548	1050
1548	1049
1547	1049
1547	1043
1546	1043
1546	1042
1544	1042
1544	1041
1543	1041
1543	1033
1542	1033
1542	1032
1541	1032
1541	1031
1532	1031
1532	1032
1531	1032
1531	1034
1530	1034
1530	1035
1529	1035
1529	1036
1526	1036
1526	1037
1525	1037
1525	1041
1524	1041
1524	1042
1523	1042
1523	1044
1522	1044
1522	1045
1520	1045
1520	1046
1519	1046
1519	1047
1518	1047
1518	1048
1517	1048
1517	1049
1515	1049
1515	1051
1513	1051
1513	1050
1512	1050
1512	1049
1511	1049
1511	1047
1510	1047
1510	1045
1509	1045
1509	1043
1508	1043
1508	1041
1507	1041
1507	1037
1506	1037
1506	1036
1504	1036
1504	1033
1503	1033
1503	1031
1502	1031
1502	1029
1501	1029
1501	1024
1500	1024
1500	1022
1499	1022
1499	1019
1498	1019
1498	1017
1497	1017
1497	1014
1496	1014
1496	1010
1495	1010
1495	1009
1494	1009
1494	1003
1493	1003
1493	1002
1492	1002
1492	999
1491	999
1491	997
1490	997
1490	996
1489	996
1489	984
1488	984
1488	982
1477	982
1477	984
1476	984
1476	985
1475	985
1475	986
1473	986
1473	987
1474	987
1474	988
1473	988
1473	989
1472	989
1472	990
1470	990
1470	993
1469	993
1469	995
1468	995
1468	994
1467	994
1467	993
1466	993
1466	992
1465	992
1465	991
1464	991
1464	989
1463	989
1463	987
1462	987
1462	986
1461	986
1461	984
1459	984
1459	982
1458	982
1458	980
1457	980
1457	979
1456	979
1456	978
1455	978
1455	976
1454	976
1454	974
1453	974
1453	972
1452	972
1452	969
1451	969
1451	968
1450	968
1450	964
1449	964
1449	963
1448	963
1448	960
1447	960
1447	957
1446	957
1446	956
1445	956
1445	952
1444	952
1444	950
1443	950
1443	948
1442	948
1442	946
1441	946
1441	938
1440	938
1440	937
1439	937
1439	935
1438	935
1438	932
1437	932
1437	927
1436	927
1436	923
1425	923
1425	924
1424	924
1424	925
1423	925
1423	926
1422	926
1422	928
1421	928
1421	929
1420	929
1420	931
1419	931
1419	932
1418	932
1418	933
1417	933
1417	934
1416	934
1416	935
1415	935
1415	936
1414	936
1414	937
1413	937
1413	938
1412	938
1412	940
1411	940
1411	942
1410	942
1410	941
1409	941
1409	939
1408	939
1408	937
1407	937
1407	935
1406	935
1406	932
1405	932
1405	930
1404	930
1404	928
1403	928
1403	926
1402	926
1402	923
1401	923
1401	921
1400	921
1400	918
1399	918
1399	916
1398	916
1398	912
1397	912
1397	910
1396	910
1396	909
1395	909
1395	904
1394	904
1394	901
1393	901
1393	900
1392	900
1392	898
1391	898
1391	892
1390	892
1390	891
1389	891
1389	885
1388	885
1388	878
1387	878
1387	877
1386	877
1386	874
1387	874
1387	873
1384	873
1384	863
1383	863
1383	861
1373	861
1373	862
1371	862
1371	863
1372	863
1372	864
1371	864
1371	865
1370	865
1370	867
1369	867
1369	868
1368	868
1368	869
1367	869
1367	870
1366	870
1366	871
1365	871
1365	872
1364	872
1364	874
1362	874
1362	876
1361	876
1361	877
1360	877
1360	879
1359	879
1359	878
1358	878
1358	875
1357	875
1357	873
1356	873
1356	870
1355	870
1355	865
1354	865
1354	862
1353	862
1353	860
1352	860
1352	858
1351	858
1351	853
1350	853
1350	849
1349	849
1349	845
1348	845
1348	842
1347	842
1347	839
1346	839
1346	836
1345	836
1345	833
1344	833
1344	827
1343	827
1343	823
1342	823
1342	812
1340	812
1340	811
1339	811
1339	808
1338	808
1338	800
1337	800
1337	798
1326	798
1326	799
1325	799
1325	800
1324	800
1324	801
1323	801
1323	802
1322	802
1322	804
1320	804
1320	805
1319	805
1319	806
1318	806
1318	807
1317	807
1317	808
1316	808
1316	809
1315	809
1315	810
1314	810
1314	811
1313	811
1313	813
1312	813
1312	814
1311	814
1311	812
1310	812
1310	800
1309	800
1309	792
1307	792
1307	789
1306	789
1306	786
1305	786
1305	780
1304	780
1304	778
1303	778
1303	771
1302	771
1302	759
1301	759
1301	758
1300	758
1300	755
1299	755
1299	748
1298	748
1298	745
1299	745
1299	744
1298	744
1298	737
1299	737
1299	735
1298	735
1298	733
1297	733
1297	732
1296	732
1296	733
1288	733
1288	736
1287	736
1287	738
1285	738
1285	739
1284	739
1284	741
1283	741
1283	742
1281	742
1281	743
1280	743
1280	745
1279	745
1279	746
1278	746
1278	759
1279	759
1279	760
1284	760
1284	762
1286	762
1286	763
1288	763
1288	764
1289	764
1289	766
1290	766
1290	767
1291	767
1291	769
1289	769
1289	768
1266	768
1266	769
1262	769
1262	770
1261	770
1261	780
1264	780
1264	781
1266	781
1266	782
1267	782
1267	785
1268	785
1268	787
1270	787
1270	788
1272	788
1272	789
1273	789
1273	793
1274	793
1274	794
1275	794
1275	795
1276	795
1276	797
1277	797
1277	798
1278	798
1278	800
1280	800
1280	801
1281	801
1281	806
1282	806
1282	807
1284	807
1284	808
1285	808
1285	811
1286	811
1286	814
1287	814
1287	815
1288	815
1288	820
1291	820
1291	822
1292	822
1292	829
1294	829
1294	839
1295	839
1295	840
1300	840
1300	839
1301	839
1301	840
1302	840
1302	846
1303	846
1303	847
1304	847
1304	846
1305	846
1305	847
1308	847
1308	849
1309	849
1309	851
1310	851
1310	852
1311	852
1311	854
1312	854
1312	856
1310	856
1310	855
1308	855
1308	854
1282	854
1282	855
1281	855
1281	866
1284	866
1284	868
1285	868
1285	871
1286	871
1286	870
1287	870
1287	872
1288	872
1288	873
1290	873
1290	874
1291	874
1291	875
1292	875
1292	876
1293	876
1293	877
1294	877
1294	879
1295	879
1295	880
1296	880
1296	881
1297	881
1297	883
1298	883
1298	884
1299	884
1299	886
1302	886
1302	891
1303	891
1303	892
1304	892
1304	893
1305	893
1305	894
1307	894
1307	899
1308	899
1308	903
1309	903
1309	904
1310	904
1310	905
1311	905
1311	906
1313	906
1313	907
1314	907
1314	912
1315	912
1315	913
1316	913
1316	915
1317	915
1317	916
1318	916
1318	919
1319	919
1319	920
1318	920
1318	921
1319	921
1319	923
1321	923
1321	922
1322	922
1322	925
1323	925
1323	926
1325	926
1325	927
1326	927
1326	928
1327	928
1327	933
1328	933
1328	935
1312	935
1312	936
1309	936
1309	935
1304	935
1304	936
1302	936
1302	948
1303	948
1303	950
1305	950
1305	951
1306	951
1306	952
1308	952
1308	953
1309	953
1309	954
1310	954
1310	956
1311	956
1311	958
1312	958
1312	959
1314	959
1314	960
1315	960
1315	962
1316	962
1316	963
1317	963
1317	965
1318	965
1318	966
1319	966
1319	967
1320	967
1320	970
1321	970
1321	974
1323	974
1323	975
1324	975
1324	974
1325	974
1325	975
1326	975
1326	976
1327	976
1327	979
1328	979
1328	982
1329	982
1329	983
1331	983
1331	985
1332	985
1332	989
1333	989
1333	993
1335	993
1335	994
1336	994
1336	995
1337	995
1337	999
1340	999
1340	1004
1341	1004
1341	1005
1342	1005
1342	1006
1343	1006
1343	1014
1344	1014
1344	1016
1342	1016
1342	1015
1328	1015
1328	1014
1323	1014
1323	1013
1320	1013
1320	1014
1317	1014
1317	1013
1316	1013
1316	1014
1313	1014
1313	1024
1314	1024
1314	1026
1315	1026
1315	1028
1316	1028
1316	1029
1317	1029
1317	1030
1318	1030
1318	1031
1319	1031
1319	1032
1320	1032
1320	1033
1321	1033
1321	1034
1322	1034
1322	1036
1323	1036
1323	1037
1324	1037
1324	1038
1325	1038
1325	1040
1326	1040
1326	1042
1327	1042
1327	1044
1329	1044
1329	1045
1330	1045
1330	1048
1331	1048
1331	1049
1332	1049
1332	1051
1333	1051
1333	1055
1334	1055
1334	1057
1335	1057
1335	1058
1336	1058
1336	1061
1337	1061
1337	1062
1339	1062
1339	1064
1340	1064
1340	1070
1341	1070
1341	1071
1343	1071
1343	1076
1344	1076
1344	1078
1345	1078
1345	1079
1344	1079
1344	1080
1345	1080
1345	1082
1346	1082
1346	1086
1347	1086
1347	1095
1342	1095
1342	1094
1333	1094
1333	1093
1328	1093
1328	1092
1318	1092
1318	1093
1317	1093
1317	1102
1318	1102
1318	1104
1320	1104
1320	1108
1321	1108
1321	1110
1322	1110
1322	1111
1324	1111
1324	1113
1325	1113
1325	1117
1328	1117
1328	1121
1330	1121
1330	1123
1331	1123
1331	1124
1332	1124
1332	1126
1333	1126
1333	1129
1334	1129
1334	1130
1335	1130
1335	1133
1336	1133
1336	1134
1337	1134
1337	1137
1338	1137
1338	1141
1339	1141
1339	1143
1340	1143
1340	1147
1341	1147
1341	1148
1342	1148
1342	1149
1341	1149
1341	1150
1342	1150
1342	1151
1343	1151
1343	1156
1344	1156
1344	1159
1345	1159
1345	1164
1346	1164
1346	1171
1345	1171
1345	1175
1344	1175
1344	1178
1343	1178
1343	1177
1342	1177
1342	1175
1338	1175
1338	1174
1333	1174
1333	1173
1327	1173
1327	1172
1322	1172
1322	1171
1321	1171
1321	1172
1317	1172
1317	1171
1316	1171
1316	1172
1313	1172
1313	1183
1314	1183
1314	1185
1315	1185
1315	1186
1317	1186
1317	1187
1319	1187
1319	1188
1320	1188
1320	1193
1321	1193
1321	1194
1320	1194
1320	1195
1321	1195
1321	1196
1322	1196
1322	1197
1324	1197
1324	1198
1323	1198
1323	1199
1324	1199
1324	1200
1326	1200
1326	1203
1327	1203
1327	1208
1328	1208
1328	1209
1329	1209
1329	1210
1330	1210
1330	1213
1331	1213
1331	1216
1332	1216
1332	1217
1333	1217
1333	1221
1334	1221
1334	1222
1335	1222
1335	1227
1337	1227
1337	1228
1338	1228
1338	1233
1339	1233
1339	1237
1340	1237
1340	1241
1341	1241
1341	1243
1342	1243
1342	1244
1341	1244
1341	1245
1342	1245
1342	1246
1343	1246
1343	1249
1344	1249
1344	1257
1343	1257
1343	1256
1342	1256
1342	1255
1341	1255
1341	1254
1333	1254
1333	1253
1328	1253
1328	1252
1323	1252
1323	1251
1322	1251
1322	1250
1308	1250
1308	1251
1307	1251
1307	1261
1308	1261
1308	1262
1309	1262
1309	1263
1311	1263
1311	1264
1312	1264
1312	1265
1313	1265
1313	1267
1314	1267
1314	1269
1316	1269
1316	1270
1317	1270
1317	1271
1318	1271
1318	1273
1319	1273
1319	1275
1321	1275
1321	1277
1322	1277
1322	1279
1323	1279
1323	1284
1324	1284
1324	1288
1325	1288
1325	1292
1326	1292
1326	1295
1327	1295
1327	1297
1328	1297
1328	1301
1329	1301
1329	1303
1330	1303
1330	1306
1331	1306
1331	1308
1332	1308
1332	1314
1333	1314
1333	1331
1334	1331
1334	1338
1333	1338
1333	1342
1331	1342
1331	1340
1329	1340
1329	1339
1328	1339
1328	1338
1323	1338
1323	1337
1322	1337
1322	1336
1321	1336
1321	1335
1309	1335
1309	1336
1307	1336
1307	1348
1308	1348
1308	1349
1309	1349
1309	1350
1310	1350
1310	1351
1311	1351
1311	1352
1312	1352
1312	1354
1313	1354
1313	1358
1314	1358
1314	1361
1316	1361
1316	1364
1317	1364
1317	1368
1318	1368
1318	1373
1319	1373
1319	1374
1320	1374
1320	1378
1321	1378
1321	1381
1322	1381
1322	1383
1323	1383
1323	1390
1324	1390
1324	1391
1325	1391
1325	1395
1326	1395
1326	1401
1327	1401
1327	1407
1328	1407
1328	1409
1329	1409
1329	1413
1328	1413
1328	1419
1326	1419
1326	1418
1325	1418
1325	1417
1324	1417
1324	1416
1322	1416
1322	1415
1320	1415
1320	1416
1319	1416
1319	1415
1316	1415
1316	1413
1300	1413
1300	1416
1299	1416
1299	1418
1300	1418
1300	1421
1299	1421
1299	1423
1300	1423
1300	1427
1301	1427
1301	1428
1303	1428
1303	1432
1304	1432
1304	1434
1305	1434
1305	1437
1306	1437
1306	1440
1307	1440
1307	1447
1309	1447
1309	1450
1310	1450
1310	1453
1311	1453
1311	1454
1312	1454
1312	1467
1313	1467
1313	1473
1314	1473
1314	1481
1315	1481
1315	1484
1317	1484
1317	1496
1314	1496
1314	1495
1312	1495
1312	1494
1309	1494
1309	1492
1300	1492
1300	1491
1291	1491
1291	1492
1290	1492
1290	1496
1289	1496
1289	1497
1290	1497
1290	1502
1291	1502
1291	1504
1292	1504
1292	1507
1293	1507
1293	1508
1294	1508
1294	1512
1295	1512
1295	1516
1296	1516
1296	1520
1297	1520
1297	1535
1298	1535
1298	1548
1299	1548
1299	1549
1300	1549
1300	1558
1301	1558
1301	1559
1303	1559
1303	1566
1304	1566
1304	1571
1303	1571
1303	1576
1302	1576
1302	1577
1300	1577
1300	1576
1298	1576
1298	1575
1286	1575
1286	1586
1287	1586
1287	1588
1288	1588
1288	1592
1289	1592
1289	1597
1290	1597
1290	1600
1289	1600
1289	1601
1290	1601
1290	1607
1289	1607
1289	1610
1290	1610
1290	1644
1291	1644
1291	1650
1292	1650
1292	1659
1293	1659
1293	1661
1292	1661
1292	1664
1293	1664
1293	1678
1294	1678
1294	1686
1295	1686
1295	1690
1296	1690
1296	1697
1297	1697
1297	1703
1298	1703
1298	1708
1299	1708
1299	1714
1300	1714
1300	1724
1301	1724
1301	1725
1302	1725
1302	1729
1303	1729
1303	1731
1304	1731
1304	1737
1305	1737
1305	1740
1306	1740
1306	1744
1307	1744
1307	1750
1308	1750
1308	1751
1309	1751
1309	1752
1310	1752
1310	1753
1309	1753
1309	1755
1310	1755
1310	1757
1312	1757
1312	1763
1313	1763
1313	1765
1314	1765
1314	1770
1315	1770
1315	1771
1317	1771
1317	1775
1318	1775
1318	1778
1319	1778
1319	1780
1320	1780
1320	1784
1321	1784
1321	1786
1322	1786
1322	1788
1323	1788
1323	1791
1325	1791
1325	1793
1326	1793
1326	1797
1327	1797
1327	1800
1328	1800
1328	1801
1329	1801
1329	1804
1330	1804
1330	1805
1331	1805
1331	1806
1332	1806
1332	1808
1333	1808
1333	1811
1334	1811
1334	1813
1335	1813
1335	1815
1336	1815
1336	1817
1337	1817
1337	1819
1338	1819
1338	1822
1339	1822
1339	1823
1340	1823
1340	1825
1341	1825
1341	1827
1342	1827
1342	1829
1343	1829
1343	1831
1344	1831
1344	1833
1345	1833
1345	1835
1346	1835
1346	1837
1347	1837
1347	1838
1348	1838
1348	1840
1349	1840
1349	1842
1350	1842
1350	1844
1351	1844
1351	1846
1352	1846
1352	1848
1353	1848
1353	1851
1350	1851
1350	1850
1349	1850
1349	1849
1347	1849
1347	1848
1345	1848
1345	1847
1343	1847
1343	1846
1341	1846
1341	1844
1340	1844
1340	1843
1338	1843
1338	1842
1337	1842
1337	1841
1336	1841
1336	1840
1335	1840
1335	1839
1334	1839
1334	1838
1333	1838
1333	1837
1332	1837
1332	1836
1330	1836
1330	1835
1329	1835
1329	1834
1328	1834
1328	1832
1326	1832
1326	1831
1324	1831
1324	1829
1323	1829
1323	1828
1322	1828
1322	1823
1321	1823
1321	1822
1318	1822
1318	1820
1317	1820
1317	1819
1316	1819
1316	1817
1315	1817
1315	1816
1314	1816
1314	1815
1313	1815
1313	1814
1312	1814
1312	1813
1311	1813
1311	1811
1310	1811
1310	1810
1309	1810
1309	1808
1308	1808
1308	1806
1307	1806
1307	1805
1306	1805
1306	1804
1305	1804
1305	1803
1304	1803
1304	1801
1303	1801
1303	1796
1302	1796
1302	1795
1300	1795
1300	1793
1299	1793
1299	1792
1298	1792
1298	1789
1297	1789
1297	1788
1296	1788
1296	1783
1295	1783
1295	1782
1294	1782
1294	1781
1292	1781
1292	1778
1291	1778
1291	1776
1289	1776
1289	1769
1287	1769
1287	1768
1286	1768
1286	1766
1285	1766
1285	1762
1284	1762
1284	1761
1283	1761
1283	1757
1282	1757
1282	1755
1281	1755
1281	1754
1280	1754
1280	1751
1279	1751
1279	1749
1278	1749
1278	1745
1277	1745
1277	1742
1276	1742
1276	1737
1275	1737
1275	1736
1273	1736
1273	1732
1272	1732
1272	1730
1271	1730
1271	1729
1270	1729
1270	1727
1269	1727
1269	1723
1268	1723
1268	1722
1267	1722
1267	1720
1266	1720
1266	1718
1265	1718
1265	1715
1264	1715
1264	1712
1263	1712
1263	1710
1262	1710
1262	1709
1261	1709
1261	1706
1260	1706
1260	1704
1259	1704
1259	1702
1258	1702
1258	1697
1257	1697
1257	1694
1256	1694
1256	1690
1255	1690
1255	1689
1254	1689
1254	1687
1253	1687
1253	1680
1252	1680
1252	1677
1251	1677
1251	1676
1250	1676
1250	1668
1249	1668
1249	1664
1248	1664
1248	1663
1247	1663
1247	1658
1246	1658
1246	1657
1245	1657
1245	1653
1244	1653
1244	1649
1243	1649
1243	1644
1242	1644
1242	1642
1241	1642
1241	1640
1240	1640
1240	1635
1239	1635
1239	1632
1238	1632
1238	1630
1237	1630
1237	1625
1236	1625
1236	1618
1235	1618
1235	1616
1234	1616
1234	1611
1233	1611
1233	1607
1221	1607
1221	1609
1219	1609
1219	1606
1218	1606
1218	1605
1217	1605
1217	1601
1216	1601
1216	1598
1215	1598
1215	1597
1214	1597
1214	1594
1213	1594
1213	1587
1212	1587
1212	1584
1210	1584
1210	1579
1209	1579
1209	1576
1208	1576
1208	1573
1207	1573
1207	1568
1206	1568
1206	1565
1205	1565
1205	1548
1203	1548
1203	1547
1201	1547
1201	1548
1200	1548
1200	1547
1198	1547
1198	1548
1195	1548
1195	1547
1194	1547
1194	1548
1189	1548
1189	1549
1188	1549
1188	1552
1187	1552
1187	1553
1185	1553
1185	1554
1184	1554
1184	1553
1183	1553
1183	1551
1181	1551
1181	1548
1180	1548
1180	1543
1179	1543
1179	1537
1177	1537
1177	1518
1176	1518
1176	1515
1175	1515
1175	1497
1176	1497
1176	1494
1177	1494
1177	1479
1176	1479
1176	1478
1167	1478
1167	1479
1166	1479
1166	1480
1164	1480
1164	1481
1163	1481
1163	1482
1161	1482
1161	1483
1160	1483
1160	1484
1159	1484
1159	1485
1156	1485
1156	1487
1155	1487
1155	1489
1154	1489
1154	1490
1153	1490
1153	1489
1152	1489
1152	1487
1151	1487
1151	1485
1150	1485
1150	1484
1149	1484
1149	1479
1148	1479
1148	1476
1147	1476
1147	1474
1148	1474
1148	1473
1147	1473
1147	1469
1146	1469
1146	1468
1145	1468
1145	1456
1144	1456
1144	1418
1145	1418
1145	1414
1146	1414
1146	1412
1147	1412
1147	1401
1146	1401
1146	1400
1145	1400
1145	1399
1136	1399
1136	1401
1135	1401
1135	1402
1133	1402
1133	1403
1131	1403
1131	1404
1129	1404
1129	1405
1127	1405
1127	1406
1122	1406
1122	1409
1121	1409
1121	1410
1120	1410
1120	1412
1118	1412
1118	1410
1117	1410
1117	1406
1115	1406
1115	1404
1114	1404
1114	1400
1113	1400
1113	1391
1112	1391
1112	1382
1111	1382
1111	1381
1112	1381
1112	1372
1113	1372
1113	1359
1114	1359
1114	1349
1115	1349
1115	1348
1117	1348
1117	1336
1118	1336
1118	1335
1119	1335
1119	1334
1120	1334
1120	1332
1121	1332
1121	1320
1110	1320
1110	1321
1107	1321
1107	1322
1104	1322
1104	1323
1101	1323
1101	1324
1099	1324
1099	1325
1096	1325
1096	1326
1094	1326
1094	1327
1092	1327
1092	1328
1091	1328
1091	1329
1090	1329
1090	1330
1088	1330
1088	1329
1087	1329
1087	1327
1086	1327
1086	1321
1085	1321
1085	1314
1084	1314
1084	1310
1085	1310
1085	1299
1086	1299
1086	1295
1087	1295
1087	1290
1088	1290
1088	1285
1089	1285
1089	1276
1091	1276
1091	1275
1092	1275
1092	1274
1093	1274
1093	1264
1094	1264
1094	1263
1095	1263
1095	1258
1097	1258
1097	1257
1098	1257
1098	1255
1099	1255
1099	1252
1100	1252
1100	1250
1101	1250
1101	1248
1102	1248
1102	1238
1099	1238
1099	1237
1097	1237
1097	1238
1086	1238
1086	1239
1084	1239
1084	1240
1078	1240
1078	1241
1075	1241
1075	1242
1073	1242
1073	1243
1072	1243
1072	1244
1070	1244
1070	1243
1069	1243
1069	1239
1070	1239
1070	1232
1071	1232
1071	1225
1072	1225
1072	1216
1071	1216
1071	1214
1072	1214
1072	1213
1073	1213
1073	1205
1074	1205
1074	1197
1075	1197
1075	1196
1076	1196
1076	1190
1077	1190
1077	1189
1078	1189
1078	1181
1079	1181
1079	1180
1080	1180
1080	1177
1081	1177
1081	1175
1082	1175
1082	1174
1083	1174
1083	1172
1084	1172
1084	1171
1085	1171
1085	1167
1086	1167
1086	1166
1087	1166
1087	1155
1077	1155
1077	1156
1076	1156
1076	1157
1074	1157
1074	1158
1069	1158
1069	1159
1064	1159
1064	1160
1061	1160
1061	1161
1057	1161
1057	1162
1053	1162
1053	1156
1054	1156
1054	1146
1055	1146
1055	1144
1056	1144
1056	1137
1057	1137
1057	1136
1058	1136
1058	1131
1059	1131
1059	1125
1060	1125
1060	1124
1061	1124
1061	1123
1062	1123
1062	1116
1063	1116
1063	1111
1064	1111
1064	1110
1066	1110
1066	1104
1067	1104
1067	1103
1066	1103
1066	1102
1067	1102
1067	1100
1068	1100
1068	1099
1069	1099
1069	1098
1070	1098
1070	1097
1071	1097
1071	1095
1072	1095
1072	1094
1071	1094
1071	1092
1072	1092
1072	1090
1073	1090
1073	1089
1074	1089
1074	1087
1076	1087
1076	1079
1075	1079
1075	1078
1076	1078
1076	1077
1062	1077
1062	1078
1060	1078
1060	1079
1056	1079
1056	1080
1051	1080
1051	1081
1050	1081
1050	1082
1048	1082
1048	1081
1047	1081
1047	1064
1048	1064
1048	1062
1049	1062
1049	1059
1050	1059
1050	1058
1051	1058
1051	1052
1052	1052
1052	1051
1053	1051
1053	1048
1054	1048
1054	1043
1055	1043
1055	1042
1056	1042
1056	1038
1057	1038
1057	1037
1058	1037
1058	1035
1059	1035
1059	1031
1060	1031
1060	1027
1061	1027
1061	1025
1062	1025
1062	1024
1063	1024
1063	1022
1062	1022
1062	1021
1063	1021
1063	1019
1064	1019
1064	1018
1065	1018
1065	1015
1066	1015
1066	1014
1067	1014
1067	1012
1068	1012
1068	1011
1071	1011
1071	997
1069	997
1069	996
1068	996
1068	997
1066	997
1066	996
1065	996
1065	997
1056	997
1056	998
1054	998
1054	999
1049	999
1049	1000
1045	1000
1045	1001
1040	1001
1040	1002
1037	1002
1037	1003
1035	1003
1035	996
1036	996
1036	992
1038	992
1038	989
1039	989
1039	987
1040	987
1040	984
1041	984
1041	975
1043	975
1043	972
1045	972
1045	964
1046	964
1046	962
1047	962
1047	958
1048	958
1048	952
1051	952
1051	946
1052	946
1052	945
1053	945
1053	944
1054	944
1054	943
1053	943
1053	942
1054	942
1054	939
1055	939
1055	937
1056	937
1056	935
1057	935
1057	934
1058	934
1058	931
1060	931
1060	929
1061	929
1061	928
1062	928
1062	926
1063	926
1063	925
1064	925
1064	919
1065	919
1065	916
1064	916
1064	914
1052	914
1052	913
1051	913
1051	914
1048	914
1048	915
1036	915
1036	916
1035	916
1035	917
1034	917
1034	913
1035	913
1035	909
1036	909
1036	908
1037	908
1037	906
1038	906
1038	905
1039	905
1039	902
1038	902
1038	901
1039	901
1039	899
1040	899
1040	896
1042	896
1042	893
1043	893
1043	892
1045	892
1045	886
1047	886
1047	884
1048	884
1048	879
1049	879
1049	877
1050	877
1050	874
1051	874
1051	873
1052	873
1052	872
1053	872
1053	868
1055	868
1055	866
1056	866
1056	864
1057	864
1057	861
1058	861
1058	860
1059	860
1059	856
1060	856
1060	854
1061	854
1061	851
1062	851
1062	850
1063	850
1063	848
1064	848
1064	847
1065	847
1065	846
1066	846
1066	845
1067	845
1067	834
1057	834
1057	835
1054	835
1054	836
1047	836
1047	837
1045	837
1045	838
1043	838
1043	836
1044	836
1044	833
1045	833
1045	832
1046	832
1046	831
1047	831
1047	826
1048	826
1048	825
1049	825
1049	824
1050	824
1050	823
1051	823
1051	822
1052	822
1052	820
1053	820
1053	821
1054	821
1054	814
1058	814
1058	796
1056	796
1056	794
1055	794
1055	795
1053	795
1053	793
1052	793
1052	791
1051	791
1051	790
1047	790
1047	788
1045	788
1045	786
1044	786
1044	785
1041	785
1041	784
1040	784
1040	783
1038	783
1038	779
1027	779
1027	794
1028	794
1028	801
1027	801
1027	806
1026	806
1026	817
1025	817
1025	818
1024	818
1024	820
1023	820
1023	828
1022	828
1022	833
1021	833
1021	835
1022	835
1022	836
1021	836
1021	837
1020	837
1020	843
1019	843
1019	858
1018	858
1018	871
1017	871
1017	873
1016	873
1016	877
1015	877
1015	879
1013	879
1013	877
1012	877
1012	876
1011	876
1011	875
1010	875
1010	874
1008	874
1008	873
1007	873
1007	872
1006	872
1006	871
1004	871
1004	870
1003	870
1003	869
1002	869
1002	868
1001	868
1001	867
1000	867
1000	866
990	866
990	868
989	868
989	878
988	878
988	889
987	889
987	893
986	893
986	899
985	899
985	904
984	904
984	914
983	914
983	920
982	920
982	924
981	924
981	926
980	926
980	930
979	930
979	933
978	933
978	937
977	937
977	938
976	938
976	942
974	942
974	945
973	945
973	946
972	946
972	947
971	947
971	949
970	949
970	950
969	950
969	949
968	949
968	946
967	946
967	945
966	945
966	944
965	944
965	943
964	943
964	942
963	942
963	941
962	941
962	940
961	940
961	939
951	939
951	940
950	940
950	954
951	954
951	955
950	955
950	960
949	960
949	965
948	965
948	970
947	970
947	976
946	976
946	981
945	981
945	984
944	984
944	990
942	990
942	996
941	996
941	998
940	998
940	1000
939	1000
939	1002
938	1002
938	1006
937	1006
937	1008
935	1008
935	1006
934	1006
934	1005
933	1005
933	1004
932	1004
932	1003
929	1003
929	1002
927	1002
927	1001
925	1001
925	1000
924	1000
924	999
923	999
923	998
922	998
922	997
920	997
920	996
919	996
919	995
918	995
918	994
908	994
908	995
907	995
907	998
908	998
908	999
907	999
907	1009
908	1009
908	1018
907	1018
907	1026
906	1026
906	1036
904	1036
904	1042
903	1042
903	1043
902	1043
902	1048
901	1048
901	1054
900	1054
900	1058
899	1058
899	1062
898	1062
898	1066
897	1066
897	1069
896	1069
896	1072
895	1072
895	1074
894	1074
894	1075
893	1075
893	1076
891	1076
891	1075
890	1075
890	1073
889	1073
889	1072
888	1072
888	1071
886	1071
886	1068
882	1068
882	1067
881	1067
881	1066
880	1066
880	1064
879	1064
879	1063
877	1063
877	1062
875	1062
875	1061
870	1061
870	1062
869	1062
869	1061
864	1061
864	1062
865	1062
865	1063
864	1063
864	1064
865	1064
865	1075
864	1075
864	1076
865	1076
865	1079
864	1079
864	1085
863	1085
863	1094
862	1094
862	1101
861	1101
861	1103
860	1103
860	1104
861	1104
861	1105
860	1105
860	1109
859	1109
859	1110
858	1110
858	1115
857	1115
857	1119
856	1119
856	1123
855	1123
855	1126
854	1126
854	1128
853	1128
853	1129
852	1129
852	1130
851	1130
851	1132
850	1132
850	1135
848	1135
848	1136
847	1136
847	1137
846	1137
846	1135
845	1135
845	1134
844	1134
844	1133
843	1133
843	1131
841	1131
841	1129
838	1129
838	1128
836	1128
836	1127
835	1127
835	1126
834	1126
834	1124
833	1124
833	1122
829	1122
829	1121
819	1121
819	1132
818	1132
818	1143
817	1143
817	1146
818	1146
818	1147
817	1147
817	1149
816	1149
816	1153
815	1153
815	1158
814	1158
814	1161
813	1161
813	1162
812	1162
812	1168
811	1168
811	1169
810	1169
810	1173
809	1173
809	1174
808	1174
808	1175
806	1175
806	1176
805	1176
805	1177
806	1177
806	1180
805	1180
805	1181
804	1181
804	1184
802	1184
802	1185
801	1185
801	1186
800	1186
800	1188
799	1188
799	1189
797	1189
797	1191
796	1191
796	1192
795	1192
795	1193
794	1193
794	1194
793	1194
793	1195
792	1195
792	1193
791	1193
791	1191
790	1191
790	1190
789	1190
789	1189
788	1189
788	1188
787	1188
787	1187
786	1187
786	1186
785	1186
785	1185
784	1185
784	1184
783	1184
783	1181
781	1181
781	1180
780	1180
780	1179
779	1179
779	1178
769	1178
769	1192
768	1192
768	1195
766	1195
766	1204
765	1204
765	1205
764	1205
764	1209
763	1209
763	1211
762	1211
762	1214
760	1214
760	1215
759	1215
759	1220
758	1220
758	1222
757	1222
757	1226
756	1226
756	1228
755	1228
755	1230
754	1230
754	1231
753	1231
753	1232
752	1232
752	1233
751	1233
751	1234
752	1234
752	1235
750	1235
750	1237
749	1237
749	1239
748	1239
748	1241
746	1241
746	1243
745	1243
745	1244
744	1244
744	1245
742	1245
742	1246
741	1246
741	1247
740	1247
740	1248
739	1248
739	1249
738	1249
738	1250
737	1250
737	1249
736	1249
736	1247
735	1247
735	1244
734	1244
734	1241
731	1241
731	1240
729	1240
729	1239
728	1239
728	1235
726	1235
726	1234
714	1234
714	1241
713	1241
713	1247
712	1247
712	1253
711	1253
711	1256
710	1256
710	1258
709	1258
709	1259
708	1259
708	1260
709	1260
709	1261
708	1261
708	1260
707	1260
707	1263
706	1263
706	1267
705	1267
705	1268
704	1268
704	1270
703	1270
703	1274
700	1274
700	1278
699	1278
699	1280
698	1280
698	1281
697	1281
697	1283
695	1283
695	1284
694	1284
694	1287
693	1287
693	1290
692	1290
692	1292
691	1292
691	1294
690	1294
690	1296
689	1296
689	1297
688	1297
688	1298
687	1298
687	1299
686	1299
686	1300
685	1300
685	1301
684	1301
684	1302
683	1302
683	1303
682	1303
682	1304
681	1304
681	1305
679	1305
679	1307
678	1307
678	1308
676	1308
676	1306
675	1306
675	1301
674	1301
674	1300
671	1300
671	1299
670	1299
670	1298
669	1298
669	1295
668	1295
668	1294
667	1294
667	1293
666	1293
666	1292
665	1292
665	1290
654	1290
654	1292
653	1292
653	1298
652	1298
652	1302
651	1302
651	1306
650	1306
650	1307
649	1307
649	1310
648	1310
648	1312
647	1312
647	1313
646	1313
646	1314
645	1314
645	1319
644	1319
644	1320
641	1320
641	1321
640	1321
640	1326
639	1326
639	1327
638	1327
638	1330
637	1330
637	1331
636	1331
636	1333
635	1333
635	1334
634	1334
634	1335
633	1335
633	1336
632	1336
632	1337
631	1337
631	1340
630	1340
630	1342
629	1342
629	1343
628	1343
628	1344
627	1344
627	1346
625	1346
625	1348
624	1348
624	1349
623	1349
623	1350
622	1350
622	1352
621	1352
621	1353
620	1353
620	1354
619	1354
619	1355
618	1355
618	1356
615	1356
615	1357
614	1357
614	1359
613	1359
613	1360
612	1360
612	1361
610	1361
610	1360
609	1360
609	1357
608	1357
608	1356
607	1356
607	1355
606	1355
606	1353
605	1353
605	1352
604	1352
604	1350
593	1350
593	1353
592	1353
592	1354
591	1354
591	1356
590	1356
590	1357
589	1357
589	1359
588	1359
588	1361
587	1361
587	1364
586	1364
586	1365
585	1365
585	1366
584	1366
584	1367
583	1367
583	1370
582	1370
582	1371
581	1371
581	1372
580	1372
580	1373
579	1373
579	1374
578	1374
578	1375
577	1375
577	1377
576	1377
576	1378
574	1378
574	1379
573	1379
573	1380
572	1380
572	1381
571	1381
571	1382
570	1382
570	1383
569	1383
569	1384
568	1384
568	1385
567	1385
567	1386
566	1386
566	1388
565	1388
565	1389
563	1389
563	1390
562	1390
562	1391
561	1391
561	1392
560	1392
560	1393
559	1393
559	1394
558	1394
558	1395
557	1395
557	1396
556	1396
556	1398
555	1398
555	1399
554	1399
554	1401
553	1401
553	1402
552	1402
552	1403
551	1403
551	1404
550	1404
550	1405
549	1405
549	1406
547	1406
547	1408
546	1408
546	1409
545	1409
545	1410
544	1410
544	1412
542	1412
542	1413
541	1413
541	1415
540	1415
540	1417
539	1417
539	1419
535	1419
535	1420
534	1420
534	1424
533	1424
533	1425
531	1425
531	1426
528	1426
528	1429
527	1429
527	1430
526	1430
526	1431
525	1431
525	1432
522	1432
522	1433
521	1433
521	1437
520	1437
520	1438
519	1438
519	1439
515	1439
515	1444
514	1444
514	1445
513	1445
513	1446
512	1446
512	1448
511	1448
511	1449
510	1449
510	1450
509	1450
509	1451
508	1451
508	1452
506	1452
506	1455
505	1455
505	1456
503	1456
503	1457
502	1457
502	1458
501	1458
501	1459
500	1459
500	1460
499	1460
499	1464
498	1464
498	1465
496	1465
496	1466
495	1466
495	1470
494	1470
494	1471
493	1471
493	1472
492	1472
492	1473
491	1473
491	1475
490	1475
490	1476
489	1476
489	1477
488	1477
488	1478
487	1478
487	1479
486	1479
486	1481
485	1481
485	1483
484	1483
484	1485
482	1485
482	1488
481	1488
481	1489
479	1489
479	1490
477	1490
477	1491
475	1491
475	1492
476	1492
476	1493
475	1493
475	1495
474	1495
474	1496
473	1496
473	1497
472	1497
472	1498
469	1498
469	1499
468	1499
468	1504
466	1504
466	1505
462	1505
462	1511
461	1511
461	1512
459	1512
459	1513
458	1513
458	1515
457	1515
457	1516
456	1516
456	1517
455	1517
455	1519
454	1519
454	1520
453	1520
453	1521
452	1521
452	1522
451	1522
451	1524
450	1524
450	1525
449	1525
449	1526
448	1526
448	1528
447	1528
447	1529
446	1529
446	1530
445	1530
445	1531
443	1531
443	1533
442	1533
442	1535
441	1535
441	1536
440	1536
440	1537
438	1537
438	1538
436	1538
436	1539
435	1539
435	1544
434	1544
434	1545
433	1545
433	1547
432	1547
432	1549
431	1549
431	1550
430	1550
430	1551
429	1551
429	1553
428	1553
428	1552
427	1552
427	1555
426	1555
426	1556
425	1556
425	1557
424	1557
424	1558
423	1558
423	1559
422	1559
422	1562
421	1562
421	1564
418	1564
418	1565
416	1565
416	1569
415	1569
415	1571
414	1571
414	1572
413	1572
413	1573
412	1573
412	1575
411	1575
411	1578
409	1578
409	1579
408	1579
408	1580
406	1580
406	1583
405	1583
405	1584
404	1584
404	1585
403	1585
403	1586
402	1586
402	1587
401	1587
401	1588
400	1588
400	1589
399	1589
399	1590
398	1590
398	1591
396	1591
396	1593
395	1593
395	1594
394	1594
394	1595
393	1595
393	1596
392	1596
392	1597
390	1597
390	1592
391	1592
391	1586
392	1586
392	1585
391	1585
391	1583
392	1583
392	1581
393	1581
393	1578
394	1578
394	1575
395	1575
395	1573
396	1573
396	1572
398	1572
398	1566
399	1566
399	1559
401	1559
401	1558
402	1558
402	1556
403	1556
403	1553
404	1553
404	1552
405	1552
405	1550
406	1550
406	1547
407	1547
407	1546
408	1546
408	1543
410	1543
410	1542
411	1542
411	1540
412	1540
412	1539
413	1539
413	1535
415	1535
415	1528
416	1528
416	1527
418	1527
418	1526
419	1526
419	1524
420	1524
420	1522
421	1522
421	1520
422	1520
422	1517
423	1517
423	1515
424	1515
424	1514
425	1514
425	1513
426	1513
426	1509
428	1509
428	1507
430	1507
430	1506
431	1506
431	1503
432	1503
432	1502
433	1502
433	1500
434	1500
434	1498
435	1498
435	1496
436	1496
436	1493
437	1493
437	1492
438	1492
438	1487
439	1487
439	1486
441	1486
441	1485
442	1485
442	1480
443	1480
443	1479
444	1479
444	1477
447	1477
447	1476
446	1476
446	1475
447	1475
447	1473
448	1473
448	1471
447	1471
447	1470
448	1470
448	1469
449	1469
449	1468
450	1468
450	1467
451	1467
451	1466
452	1466
452	1463
453	1463
453	1462
454	1462
454	1458
455	1458
455	1457
456	1457
456	1456
457	1456
457	1455
458	1455
458	1454
459	1454
459	1450
460	1450
460	1448
461	1448
461	1447
463	1447
463	1446
464	1446
464	1441
466	1441
466	1438
467	1438
467	1435
468	1435
468	1434
470	1434
470	1429
471	1429
471	1428
472	1428
472	1427
473	1427
473	1423
474	1423
474	1422
475	1422
475	1421
476	1421
476	1420
477	1420
477	1418
478	1418
478	1412
479	1412
479	1411
480	1411
480	1410
482	1410
482	1408
483	1408
483	1405
484	1405
484	1403
485	1403
485	1402
486	1402
486	1397
487	1397
487	1392
488	1392
488	1391
489	1391
489	1390
490	1390
490	1389
491	1389
491	1384
492	1384
492	1382
493	1382
493	1381
494	1381
494	1379
495	1379
495	1378
496	1378
496	1375
498	1375
498	1374
499	1374
499	1371
500	1371
500	1367
501	1367
501	1364
502	1364
502	1362
503	1362
503	1360
504	1360
504	1355
505	1355
505	1354
506	1354
506	1353
507	1353
507	1346
508	1346
508	1345
509	1345
509	1341
510	1341
510	1336
511	1336
511	1334
512	1334
512	1332
513	1332
513	1331
514	1331
514	1329
515	1329
515	1328
516	1328
516	1327
517	1327
517	1322
518	1322
518	1321
520	1321
520	1320
521	1320
521	1319
522	1319
522	1318
523	1318
523	1316
524	1316
524	1313
523	1313
523	1312
524	1312
524	1311
523	1311
523	1305
520	1305
520	1304
515	1304
515	1303
509	1303
509	1302
503	1302
503	1298
504	1298
504	1296
505	1296
505	1295
506	1295
506	1293
507	1293
507	1292
508	1292
508	1289
509	1289
509	1288
510	1288
510	1286
511	1286
511	1284
513	1284
513	1283
514	1283
514	1280
515	1280
515	1276
517	1276
517	1275
518	1275
518	1274
519	1274
519	1273
520	1273
520	1269
523	1269
523	1264
524	1264
524	1262
525	1262
525	1260
527	1260
527	1259
528	1259
528	1256
530	1256
530	1255
531	1255
531	1252
532	1252
532	1249
536	1249
536	1244
537	1244
537	1243
538	1243
538	1240
539	1240
539	1239
541	1239
541	1238
543	1238
543	1236
545	1236
545	1235
546	1235
546	1234
548	1234
548	1233
549	1233
549	1230
550	1230
550	1229
552	1229
552	1228
553	1228
553	1226
556	1226
556	1225
558	1225
558	1224
559	1224
559	1214
558	1214
558	1213
551	1213
551	1212
547	1212
547	1211
539	1211
539	1210
529	1210
529	1211
528	1211
528	1209
530	1209
530	1202
532	1202
532	1201
533	1201
533	1199
535	1199
535	1197
536	1197
536	1194
537	1194
537	1191
540	1191
540	1190
541	1190
541	1184
543	1184
543	1183
546	1183
546	1179
547	1179
547	1177
549	1177
549	1176
552	1176
552	1171
553	1171
553	1170
556	1170
556	1164
558	1164
558	1163
562	1163
562	1162
563	1162
563	1158
565	1158
565	1157
569	1157
569	1156
570	1156
570	1154
571	1154
571	1153
572	1153
572	1151
574	1151
574	1150
576	1150
576	1149
579	1149
579	1148
580	1148
580	1147
583	1147
583	1145
586	1145
586	1133
582	1133
582	1132
578	1132
578	1131
573	1131
573	1130
569	1130
569	1129
568	1129
568	1130
567	1130
567	1129
562	1129
562	1130
558	1130
558	1128
559	1128
559	1125
560	1125
560	1123
561	1123
561	1118
563	1118
563	1117
567	1117
567	1116
568	1116
568	1111
569	1111
569	1107
571	1107
571	1105
573	1105
573	1103
575	1103
575	1101
576	1101
576	1100
575	1100
575	1099
576	1099
576	1098
578	1098
578	1097
580	1097
580	1094
582	1094
582	1093
583	1093
583	1092
584	1092
584	1090
585	1090
585	1091
586	1091
586	1090
589	1090
589	1086
590	1086
590	1084
596	1084
596	1082
597	1082
597	1081
599	1081
599	1079
600	1079
600	1078
601	1078
601	1077
605	1077
605	1076
606	1076
606	1075
607	1075
607	1074
611	1074
611	1072
612	1072
612	1071
613	1071
613	1072
614	1072
614	1071
617	1071
617	1070
618	1070
618	1061
617	1061
617	1060
616	1060
616	1059
614	1059
614	1058
611	1058
611	1057
608	1057
608	1056
604	1056
604	1055
600	1055
600	1053
599	1053
599	1054
597	1054
597	1053
595	1053
595	1052
589	1052
589	1053
588	1053
588	1052
587	1052
587	1051
589	1051
589	1047
590	1047
590	1046
592	1046
592	1045
593	1045
593	1042
594	1042
594	1041
595	1041
595	1038
597	1038
597	1037
598	1037
598	1032
600	1032
600	1031
604	1031
604	1029
606	1029
606	1026
607	1026
607	1025
608	1025
608	1024
609	1024
609	1023
610	1023
610	1022
612	1022
612	1021
613	1021
613	1018
615	1018
615	1017
616	1017
616	1015
619	1015
619	1013
620	1013
620	1012
628	1012
628	1011
629	1011
629	1007
630	1007
630	1006
636	1006
636	1004
637	1004
637	1001
642	1001
642	999
644	999
644	998
645	998
645	999
646	999
646	998
653	998
653	997
654	997
654	996
655	996
655	995
656	995
656	993
655	993
655	992
656	992
656	986
655	986
655	984
654	984
654	983
648	983
648	982
646	982
646	981
643	981
643	980
640	980
640	979
636	979
636	978
635	978
635	977
631	977
631	976
629	976
629	975
623	975
623	974
624	974
624	973
625	973
625	972
630	972
630	971
631	971
631	970
632	970
632	971
633	971
633	970
635	970
635	968
636	968
636	964
637	964
637	963
639	963
639	962
640	962
640	960
641	960
641	959
642	959
642	956
645	956
645	955
647	955
647	953
649	953
649	954
650	954
650	953
651	953
651	952
652	952
652	948
655	948
655	946
656	946
656	945
657	945
657	944
658	944
658	941
661	941
661	940
665	940
665	939
667	939
667	938
668	938
668	937
670	937
670	935
675	935
675	931
676	931
676	930
680	930
680	929
682	929
682	926
688	926
688	923
693	923
693	922
694	922
694	919
701	919
701	918
702	918
702	917
704	917
704	916
708	916
708	905
707	905
707	904
703	904
703	903
701	903
701	902
696	902
696	901
695	901
695	900
694	900
694	901
691	901
691	900
690	900
690	899
688	899
688	898
686	898
686	897
685	897
685	898
684	898
684	897
677	897
677	894
678	894
678	893
680	893
680	892
683	892
683	891
684	891
684	889
686	889
686	890
687	890
687	889
688	889
688	888
689	888
689	886
690	886
690	881
691	881
691	880
694	880
694	879
695	879
695	875
701	875
701	871
702	871
702	869
708	869
708	865
711	865
711	864
712	864
712	863
714	863
714	862
715	862
715	861
716	861
716	860
717	860
717	856
721	856
721	855
723	855
723	853
728	853
728	851
730	851
730	850
732	850
732	849
733	849
733	846
744	846
744	845
745	845
745	832
744	832
744	831
742	831
742	830
740	830
740	829
738	829
738	828
735	828
735	826
734	826
734	825
730	825
730	824
728	824
728	823
727	823
727	822
726	822
726	821
721	821
721	819
722	819
722	818
723	818
723	817
725	817
725	816
733	816
733	815
735	815
735	814
741	814
741	813
742	813
742	808
743	808
743	807
747	807
747	806
748	806
748	804
749	804
749	800
754	800
754	799
755	799
755	797
758	797
758	796
760	796
760	795
761	795
761	794
767	794
767	793
768	793
768	789
773	789
773	787
780	787
780	785
781	785
781	783
783	783
783	782
784	782
784	783
787	783
787	782
788	782
788	781
797	781
797	780
798	780
798	781
800	781
800	779
799	779
799	778
800	778
800	777
799	777
799	776
800	776
800	771
799	771
799	769
798	769
798	768
795	768
795	767
794	767
794	766
793	766
793	765
790	765
790	764
788	764
788	763
787	763
787	762
784	762
784	761
783	761
783	760
782	760
782	759
781	759
781	758
779	758
779	757
776	757
776	755
778	755
778	754
800	754
800	753
801	753
801	752
803	752
803	751
804	751
804	749
812	749
812	737
811	737
811	736
812	736
812	735
814	735
814	734
815	734
815	733
817	733
817	732
820	732
820	728
825	728
825	727
826	727
826	726
827	726
827	724
830	724
830	722
832	722
832	721
839	721
839	720
840	720
840	718
841	718
841	717
843	717
843	716
844	716
844	717
846	717
846	715
847	715
847	714
853	714
853	712
854	712
854	711
855	711
855	701
854	701
854	698
851	698
851	697
849	697
849	696
847	696
847	695
846	695
846	693
843	693
843	692
840	692
840	691
839	691
839	690
838	690
838	689
837	689
837	688
835	688
835	687
834	687
834	686
830	686
830	685
831	685
831	684
833	684
833	683
834	683
834	682
838	682
838	683
859	683
859	682
861	682
861	681
862	681
862	682
867	682
867	681
868	681
868	670
867	670
867	665
875	665
875	664
876	664
876	663
877	663
877	662
879	662
879	660
880	660
880	658
883	658
883	659
884	659
884	658
887	658
887	657
891	657
891	656
892	656
892	654
893	654
893	653
894	653
894	652
896	652
896	653
898	653
898	652
899	652
899	651
900	651
900	649
906	649
906	648
907	648
907	647
908	647
908	645
914	645
914	634
912	634
912	633
911	633
911	632
909	632
909	631
906	631
906	630
902	630
902	629
903	629
903	628
906	628
906	627
908	627
908	626
911	626
911	627
928	627
928	626
929	626
929	625
939	625
939	624
940	624
940	622
945	622
945	621
946	621
946	604
945	604
945	603
943	603
943	597
942	597
942	596
941	596
941	588
940	588
940	587
937	587
937	586
930	586
930	587
924	587
924	593
923	593
923	594
921	594
921	595
919	595
919	598
918	598
918	600
911	600
911	604
910	604
910	605
909	605
909	607
904	607
904	608
903	608
903	610
902	610
902	611
901	611
901	613
900	613
900	614
898	614
898	616
897	616
897	617
895	617
895	618
894	618
894	620
893	620
893	619
892	619
892	620
891	620
891	623
889	623
889	624
888	624
888	625
885	625
885	627
884	627
884	628
883	628
883	630
882	630
882	629
881	629
881	632
880	632
880	633
878	633
878	636
876	636
876	637
875	637
875	638
874	638
874	639
873	639
873	640
868	640
868	632
867	632
867	628
857	628
857	629
856	629
856	630
854	630
854	632
853	632
853	633
852	633
852	634
851	634
851	635
850	635
850	636
848	636
848	637
846	637
846	638
845	638
845	640
840	640
840	641
839	641
839	645
838	645
838	646
833	646
833	647
832	647
832	651
831	651
831	652
830	652
830	653
826	653
826	654
825	654
825	656
821	656
821	658
820	658
820	659
817	659
817	661
815	661
815	662
814	662
814	663
812	663
812	665
809	665
809	666
806	666
806	668
805	668
805	669
803	669
803	670
801	670
801	671
796	671
796	662
795	662
795	657
794	657
794	656
785	656
785	657
783	657
783	658
782	658
782	660
779	660
779	663
777	663
777	664
774	664
774	665
773	665
773	666
772	666
772	667
771	667
771	668
770	668
770	669
768	669
768	670
766	670
766	672
765	672
765	673
759	673
759	677
758	677
758	678
757	678
757	679
755	679
755	680
753	680
753	682
751	682
751	683
750	683
750	684
748	684
748	685
746	685
746	686
745	686
745	687
744	687
744	688
742	688
742	689
739	689
739	691
737	691
737	692
735	692
735	693
733	693
733	694
732	694
732	695
731	695
731	696
729	696
729	697
727	697
727	698
726	698
726	699
724	699
724	684
723	684
723	677
722	677
722	676
711	676
711	677
710	677
710	678
707	678
707	679
706	679
706	680
705	680
705	683
704	683
704	684
702	684
702	685
701	685
701	686
700	686
700	687
699	687
699	688
697	688
697	689
696	689
696	690
694	690
694	691
693	691
693	692
692	692
692	693
687	693
687	696
685	696
685	697
683	697
683	698
681	698
681	699
680	699
680	700
679	700
679	701
677	701
677	702
676	702
676	703
673	703
673	705
672	705
672	706
667	706
667	708
664	708
664	709
661	709
661	710
660	710
660	711
658	711
658	712
656	712
656	713
653	713
653	714
649	714
649	715
645	715
645	714
644	714
644	713
645	713
645	712
646	712
646	687
645	687
645	686
634	686
634	690
633	690
633	691
632	691
632	692
629	692
629	693
627	693
627	695
626	695
626	696
625	696
625	697
624	697
624	698
622	698
622	700
621	700
621	699
619	699
619	700
618	700
618	702
617	702
617	703
616	703
616	705
614	705
614	706
608	706
608	708
607	708
607	711
606	711
606	712
602	712
602	713
601	713
601	716
600	716
600	717
598	717
598	718
596	718
596	719
595	719
595	720
592	720
592	721
590	721
590	722
588	722
588	723
585	723
585	724
584	724
584	725
579	725
579	726
578	726
578	725
575	725
575	726
574	726
574	728
570	728
570	729
568	729
568	720
567	720
567	714
566	714
566	711
567	711
567	710
566	710
566	709
567	709
567	708
566	708
566	707
567	707
567	706
566	706
566	703
556	703
556	704
554	704
554	705
553	705
553	706
549	706
549	707
548	707
548	709
547	709
547	710
546	710
546	711
543	711
543	712
542	712
542	713
540	713
540	714
541	714
541	715
537	715
537	716
536	716
536	717
534	717
534	718
533	718
533	719
529	719
529	720
528	720
528	722
524	722
524	723
523	723
523	724
522	724
522	723
521	723
521	725
518	725
518	726
516	726
516	727
513	727
513	728
509	728
509	729
505	729
505	730
496	730
496	731
494	731
494	732
490	732
490	729
491	729
491	720
490	720
490	717
491	717
491	707
490	707
490	706
476	706
476	707
475	707
475	710
474	710
474	711
469	711
469	712
468	712
468	713
467	713
467	714
464	714
464	715
462	715
462	716
461	716
461	717
457	717
457	716
456	716
456	718
455	718
455	719
450	719
450	720
449	720
449	721
446	721
446	722
443	722
443	723
441	723
441	724
436	724
436	725
434	725
434	726
432	726
432	725
431	725
431	726
421	726
421	723
422	723
422	710
409	710
409	712
407	712
407	713
403	713
403	714
402	714
402	715
398	715
398	716
396	716
396	717
390	717
390	719
384	719
384	720
383	720
383	721
380	721
380	722
377	722
377	723
365	723
365	705
364	705
364	704
350	704
350	705
332	705
332	704
325	704
325	703
314	703
314	702
274	702
274	701
272	701
272	700
270	700
270	699
268	699
268	700
267	700
267	699
259	699
259	698
247	698
247	697
242	697
242	696
232	696
232	695
230	695
230	694
227	694
227	693
220	693
220	692
215	692
215	691
213	691
213	690
210	690
210	689
206	689
206	686
193	686
193	685
192	685
192	684
187	684
187	683
182	683
182	682
180	682
180	680
173	680
173	679
172	679
172	678
167	678
167	677
165	677
165	676
163	676
163	675
160	675
160	673
154	673
154	672
153	672
153	671
148	671
148	670
146	670
146	669
144	669
144	668
141	668
141	667
140	667
140	666
136	666
136	664
133	664
133	663
132	663
132	662
129	662
129	661
127	661
127	659
124	659
124	658
122	658
122	657
121	657
121	656
120	656
120	653
116	653
116	652
114	652
114	651
113	651
113	650
112	650
112	649
111	649
111	647
110	647
110	645
112	645
112	646
122	646
122	647
126	647
126	648
130	648
130	649
137	649
137	650
138	650
138	651
144	651
144	652
148	652
148	653
152	653
152	654
153	654
153	655
159	655
159	656
169	656
169	658
180	658
180	659
185	659
185	661
200	661
200	662
208	662
208	663
210	663
210	662
212	662
212	663
222	663
222	664
233	664
233	663
244	663
244	664
245	664
245	663
246	663
246	662
266	662
266	661
273	661
273	660
279	660
279	658
285	658
285	656
288	656
288	655
292	655
292	652
299	652
299	651
309	651
309	650
310	650
310	648
311	648
311	649
312	649
312	648
318	648
318	647
322	647
322	645
329	645
329	644
333	644
333	642
334	642
334	641
338	641
338	642
344	642
344	641
345	641
345	640
346	640
346	639
348	639
348	640
349	640
349	638
351	638
351	637
352	637
352	627
351	627
351	626
350	626
350	625
348	625
348	624
347	624
347	623
348	623
348	622
351	622
351	621
353	621
353	620
367	620
367	616
372	616
372	615
378	615
378	614
381	614
381	613
382	613
382	612
388	612
388	611
393	611
393	610
394	610
394	608
396	608
396	609
397	609
397	608
400	608
400	609
413	609
413	608
416	608
416	598
415	598
415	595
413	595
413	594
412	594
412	593
410	593
410	592
409	592
409	591
408	591
408	590
407	590
407	588
405	588
405	585
407	585
407	584
410	584
410	582
424	582
424	578
426	578
426	577
435	577
435	576
436	576
436	575
439	575
439	576
443	576
443	575
444	575
444	574
447	574
447	573
454	573
454	572
462	572
462	571
464	571
464	570
466	570
466	569
474	569
474	570
487	570
487	569
488	569
488	559
487	559
487	558
486	558
486	557
485	557
485	556
484	556
484	554
483	554
483	553
482	553
482	552
481	552
481	550
480	550
480	549
478	549
478	546
476	546
476	544
475	544
475	543
472	543
472	541
475	541
475	540
476	540
476	539
480	539
480	538
482	538
482	537
486	537
486	536
490	536
490	534
491	534
491	533
497	533
497	531
498	531
498	530
500	530
500	531
507	531
507	530
511	530
511	529
514	529
514	530
525	530
525	529
554	529
554	518
553	518
553	516
552	516
552	515
551	515
551	513
550	513
550	509
549	509
549	508
547	508
547	507
553	507
553	508
564	508
564	507
565	507
565	505
569	505
569	503
580	503
580	504
583	504
583	505
592	505
592	504
593	504
593	505
595	505
595	506
602	506
602	507
608	507
608	506
609	506
609	507
610	507
610	506
612	506
612	508
613	508
613	509
621	509
621	510
624	510
624	509
625	509
625	510
627	510
627	509
629	509
629	496
628	496
628	495
627	495
627	494
626	494
626	493
624	493
624	491
623	491
623	489
622	489
622	488
621	488
621	487
620	487
620	485
619	485
619	483
617	483
617	482
616	482
616	481
620	481
620	480
621	480
621	479
656	479
656	478
657	478
657	479
659	479
659	480
662	480
662	481
673	481
673	480
675	480
675	482
679	482
679	483
682	483
682	484
685	484
685	485
698	485
698	482
699	482
699	481
698	481
698	480
699	480
699	479
698	479
698	477
699	477
699	475
698	475
698	473
697	473
697	471
696	471
696	468
695	468
695	465
694	465
694	464
693	464
693	462
692	462
692	461
691	461
691	460
695	460
695	459
697	459
697	460
702	460
702	459
704	459
704	460
709	460
709	461
710	461
710	462
712	462
712	463
718	463
718	464
729	464
729	465
730	465
730	466
731	466
731	467
732	467
732	468
733	468
733	469
747	469
747	470
756	470
756	471
757	471
757	472
765	472
765	473
767	473
767	474
777	474
777	473
778	473
778	462
777	462
777	459
776	459
776	456
775	456
775	450
774	450
774	448
773	448
773	447
772	447
772	445
776	445
776	446
780	446
780	447
782	447
782	448
785	448
785	450
790	450
790	451
792	451
792	453
793	453
793	454
796	454
796	455
797	455
797	456
800	456
800	457
806	457
806	461
807	461
807	462
817	462
817	461
819	461
819	459
831	459
831	460
832	460
832	459
833	459
833	460
834	460
834	461
835	461
835	460
838	460
838	463
851	463
851	462
852	462
852	459
851	459
851	458
852	458
852	457
851	457
851	456
852	456
852	453
851	453
851	450
850	450
850	446
849	446
849	444
848	444
848	443
847	443
847	441
846	441
846	440
847	440
847	436
846	436
846	435
819	435
819	436
818	436
818	437
814	437
814	436
813	436
813	435
795	435
795	434
793	434
793	433
789	433
789	432
788	432
788	431
790	431
790	430
794	430
794	424
796	424
796	418
797	418
797	410
796	410
796	409
777	409
777	408
774	408
774	406
752	406
752	405
746	405
746	404
741	404
741	403
739	403
739	402
736	402
736	403
735	403
735	402
728	402
728	401
727	401
727	400
723	400
723	399
721	399
721	398
722	398
722	397
725	397
725	395
726	395
726	394
727	394
727	392
728	392
728	391
729	391
729	389
730	389
730	387
731	387
731	385
732	385
732	375
723	375
723	374
720	374
720	373
712	373
712	372
708	372
708	370
707	370
707	369
699	369
699	368
695	368
695	367
694	367
694	366
684	366
684	365
682	365
682	364
681	364
681	363
675	363
675	362
669	362
669	361
667	361
667	359
664	359
664	358
663	358
663	357
662	357
662	356
660	356
660	354
662	354
662	353
664	353
664	351
668	351
668	349
669	349
669	348
670	348
670	346
671	346
671	345
672	345
672	335
670	335
670	334
661	334
661	333
655	333
655	330
648	330
648	329
646	329
646	328
644	328
644	327
642	327
642	326
640	326
640	325
638	325
638	324
635	324
635	323
632	323
632	322
629	322
629	321
628	321
628	320
624	320
624	319
622	319
622	316
616	316
616	315
615	315
615	314
613	314
613	313
610	313
610	312
609	312
609	310
607	310
607	309
609	309
609	308
613	308
613	307
617	307
617	306
618	306
618	304
619	304
619	294
618	294
618	293
613	293
613	292
612	292
612	291
610	291
610	290
609	290
609	289
608	289
608	288
603	288
603	285
602	285
602	283
600	283
600	284
599	284
599	283
596	283
596	282
595	282
595	281
593	281
593	280
591	280
591	279
590	279
590	278
589	278
589	277
587	277
587	276
585	276
585	275
583	275
583	274
584	274
584	273
583	273
583	271
582	271
582	270
576	270
576	268
575	268
575	267
574	267
574	268
573	268
573	267
571	267
571	266
570	266
570	265
569	265
569	262
566	262
566	261
563	261
563	257
556	257
556	255
555	255
555	254
550	254
550	251
549	251
549	249
547	249
547	248
544	248
544	247
543	247
543	244
541	244
541	243
538	243
538	242
537	242
537	241
536	241
536	240
534	240
534	239
533	239
533	238
532	238
532	237
531	237
531	236
530	236
530	235
529	235
529	234
527	234
527	232
526	232
526	231
523	231
523	229
521	229
521	227
517	227
517	224
516	224
516	222
512	222
512	221
511	221
511	220
510	220
510	218
507	218
507	217
506	217
506	216
504	216
504	214
503	214
503	213
502	213
502	212
499	212
499	210
497	210
497	209
496	209
496	208
495	208
495	207
494	207
494	206
493	206
493	204
491	204
491	203
490	203
490	202
489	202
489	201
488	201
488	200
486	200
486	198
485	198
485	197
484	197
484	195
483	195
483	194
480	194
480	192
479	192
479	190
478	190
478	189
477	189
477	185
475	185
475	184
474	184
474	180
475	180
475	181
478	181
478	182
483	182
483	183
487	183
487	184
488	184
488	185
489	185
489	186
494	186
494	187
495	187
495	188
496	188
496	189
497	189
497	191
498	191
498	192
502	192
502	195
506	195
506	196
508	196
508	198
509	198
509	199
514	199
514	200
516	200
516	201
523	201
523	205
524	205
524	206
525	206
525	207
532	207
532	208
534	208
534	210
535	210
535	212
539	212
539	214
544	214
544	215
545	215
545	216
547	216
547	217
548	217
548	219
554	219
554	221
558	221
558	222
560	222
560	223
566	223
566	224
568	224
568	226
569	226
569	225
571	225
571	226
574	226
574	227
576	227
576	228
579	228
579	229
585	229
585	230
587	230
587	232
592	232
592	233
601	233
601	234
604	234
604	235
607	235
607	236
608	236
608	237
611	237
611	238
614	238
614	239
616	239
616	242
618	242
618	243
619	243
619	245
625	245
625	246
627	246
627	247
638	247
638	246
645	246
645	244
646	244
646	230
645	230
645	229
644	229
644	227
648	227
648	228
657	228
657	229
658	229
658	230
660	230
660	231
661	231
661	232
664	232
664	233
666	233
666	234
667	234
667	235
668	235
668	237
670	237
670	238
673	238
673	239
674	239
674	240
681	240
681	243
685	243
685	244
686	244
686	245
687	245
687	247
688	247
688	246
689	246
689	247
694	247
694	250
705	250
705	238
704	238
704	234
703	234
703	232
706	232
706	234
713	234
713	239
724	239
724	240
726	240
726	241
727	241
727	242
732	242
732	243
733	243
733	245
737	245
737	247
738	247
738	248
739	248
739	249
745	249
745	250
746	250
746	252
751	252
751	254
752	254
752	255
755	255
755	256
757	256
757	258
758	258
758	259
759	259
759	261
760	261
760	263
761	263
761	262
771	262
771	244
770	244
770	242
769	242
769	241
771	241
771	242
774	242
774	243
775	243
775	242
776	242
776	243
777	243
777	245
785	245
785	246
786	246
786	247
790	247
790	248
792	248
792	251
793	251
793	252
797	252
797	254
798	254
798	255
799	255
799	256
802	256
802	257
803	257
803	259
805	259
805	261
806	261
806	262
812	262
812	264
813	264
813	265
814	265
814	267
815	267
815	268
816	268
816	269
818	269
818	270
819	270
819	271
820	271
820	272
822	272
822	273
824	273
824	274
825	274
825	275
826	275
826	276
828	276
828	278
829	278
829	279
831	279
831	281
842	281
842	278
843	278
843	262
846	262
846	263
847	263
847	264
849	264
849	265
851	265
851	266
852	266
852	268
855	268
855	269
857	269
857	270
858	270
858	272
859	272
859	273
860	273
860	274
861	274
861	275
862	275
862	276
864	276
864	277
865	277
865	281
869	281
869	285
874	285
874	287
877	287
877	289
878	289
878	291
879	291
879	292
880	292
880	291
882	291
882	294
884	294
884	295
885	295
885	296
886	296
886	297
888	297
888	298
890	298
890	299
891	299
891	300
892	300
892	301
897	301
897	300
898	300
898	301
902	301
902	300
903	300
903	288
904	288
904	291
905	291
905	292
911	292
911	295
917	295
917	296
918	296
918	298
924	298
924	299
925	299
925	300
926	300
926	302
927	302
927	304
928	304
928	305
931	305
931	307
935	307
935	308
936	308
936	309
937	309
937	311
938	311
938	313
940	313
940	314
943	314
943	318
945	318
945	319
947	319
947	320
948	320
948	322
950	322
950	323
951	323
951	324
952	324
952	325
953	325
953	327
955	327
955	331
958	331
958	332
959	332
959	333
968	333
968	332
969	332
969	331
970	331
970	328
971	328
971	325
970	325
970	324
971	324
971	323
970	323
970	322
971	322
971	320
972	320
972	321
974	321
974	320
977	320
977	310
976	310
976	306
978	306
978	307
981	307
981	306
983	306
983	307
984	307
984	306
992	306
992	290
988	290
988	289
987	289
987	288
986	288
986	286
985	286
985	284
984	284
984	283
983	283
983	282
982	282
982	281
981	281
981	280
980	280
980	279
979	279
979	277
978	277
978	276
977	276
977	274
976	274
976	272
975	272
975	270
973	270
973	267
972	267
972	263
969	263
969	262
968	262
968	257
966	257
966	256
965	256
965	254
966	254
966	253
965	253
965	251
964	251
964	250
961	250
961	246
960	246
960	243
959	243
959	238
971	238
971	237
972	237
972	236
973	236
973	234
972	234
972	231
973	231
973	228
972	228
972	224
970	224
970	222
969	222
969	221
968	221
968	220
967	220
967	217
966	217
966	216
967	216
967	215
966	215
966	214
965	214
965	211
963	211
963	208
962	208
962	206
961	206
961	205
960	205
960	201
959	201
959	199
958	199
958	195
957	195
957	192
956	192
956	190
955	190
955	185
954	185
954	184
953	184
953	179
952	179
952	172
951	172
951	171
950	171
950	168
949	168
949	166
948	166
948	163
947	163
947	160
946	160
946	157
945	157
945	154
943	154
943	141
942	141
942	137
941	137
941	136
942	136
942	133
941	133
941	131
940	131
940	122
939	122
939	111
940	111
940	107
941	107
941	102
942	102
942	101
943	101
943	100
944	100
944	98
945	98
945	97
946	97
946	101
948	101
948	103
949	103
949	104
950	104
950	106
951	106
951	108
952	108
952	110
953	110
953	111
954	111
954	112
955	112
955	114
956	114
956	115
957	115
957	119
958	119
958	120
960	120
960	122
961	122
961	125
962	125
962	126
963	126
963	131
964	131
964	133
965	133
965	135
966	135
966	139
967	139
967	140
970	140
970	146
971	146
971	147
974	147
974	148
975	148
975	150
976	150
976	152
977	152
977	153
979	153
979	154
980	154
980	155
981	155
981	156
980	156
980	158
981	158
981	159
983	159
983	160
984	160
984	161
985	161
985	163
986	163
986	165
987	165
987	166
988	166
988	167
989	167
989	170
990	170
990	173
992	173
992	175
993	175
993	176
994	176
994	179
995	179
995	183
999	183
999	189
1000	189
1000	194
1001	194
1001	195
1005	195
1005	196
1006	196
1006	198
1007	198
1007	199
1012	199
1012	200
1013	200
1013	201
1014	201
1014	203
1015	203
1015	204
1016	204
1016	205
1017	205
1017	207
1018	207
1018	208
1019	208
1019	207
1020	207
1020	208
1022	208
1022	210
1023	210
1023	213
1025	213
1025	215
1026	215
1026	216
1028	216
1028	217
1029	217
1029	221
1031	221
1031	222
1033	222
1033	226
1034	226
1034	227
1036	227
1036	229
1037	229
1037	232
1039	232
1039	237
1040	237
1040	238
1041	238
1041	239
1051	239
1051	235
1053	235
1053	234
1055	234
1055	231
1056	231
1056	230
1057	230
1057	226
1058	226
1058	225
1059	225
1059	223
1060	223
1060	222
1061	222
1061	217
1062	217
1062	219
1063	219
1063	221
1065	221
1065	226
1066	226
1066	229
1067	229
1067	233
1068	233
1068	236
1069	236
1069	241
1070	241
1070	246
1072	246
1072	253
1073	253
1073	256
1074	256
1074	258
1075	258
1075	262
1076	262
1076	264
1077	264
1077	266
1078	266
1078	268
1079	268
1079	269
1080	269
1080	274
1081	274
1081	275
1082	275
1082	276
1083	276
1083	284
1084	284
1084	285
1085	285
1085	287
1086	287
1086	288
1096	288
1096	287
1097	287
1097	286
1100	286
1100	285
1104	285
1104	282
1107	282
1107	291
1108	291
1108	295
1110	295
1110	299
1111	299
1111	303
1112	303
1112	304
1114	304
1114	305
1115	305
1115	308
1116	308
1116	313
1117	313
1117	314
1118	314
1118	316
1119	316
1119	317
1122	317
1122	327
1123	327
1123	328
1129	328
1129	332
1130	332
1130	333
1131	333
1131	332
1135	332
1135	334
1136	334
1136	335
1141	335
1141	338
1142	338
1142	350
1143	350
1143	351
1152	351
1152	352
1153	352
1153	351
1157	351
1157	342
1158	342
1158	340
1159	340
1159	338
1160	338
1160	337
1161	337
1161	331
1166	331
1166	330
1167	330
1167	329
1168	329
1168	328
1169	328
1169	326
1170	326
1170	319
1171	319
1171	314
1172	314
1172	312
1173	312
1173	310
1174	310
1174	304
1175	304
1175	300
1176	300
1176	298
1177	298
1177	293
1178	293
1178	290
1179	290
1179	288
1180	288
1180	284
1181	284
1181	279
1183	279
1183	276
1184	276
1184	272
1185	272
1185	271
1186	271
1186	270
1188	270
1188	265
1194	265
1194	260
1195	260
1195	258
1197	258
1197	255
1196	255
1196	254
1197	254
1197	253
1198	253
1198	252
1199	252
1199	250
1200	250
1200	247
1202	247
1202	245
1203	245
1203	241
1204	241
1204	239
1205	239
1205	235
1206	235
1206	234
1207	234
1207	230
1208	230
1208	226
1209	226
1209	225
1210	225
1210	222
1211	222
1211	219
1212	219
1212	218
1213	218
1213	211
1215	211
1215	206
1220	206
1220	203
1221	203
1221	201
1222	201
1222	199
1223	199
1223	197
1224	197
1224	195
1227	195
1227	194
1229	194
1229	193
1230	193
1230	187
1231	187
1231	186
1233	186
1233	182
1234	182
1234	181
1235	181
1235	180
1236	180
1236	179
1238	179
1238	177
1239	177
1239	174
1240	174
1240	173
1242	173
1242	172
1243	172
1243	166
1245	166
1245	164
1246	164
1246	163
1249	163
1249	160
1251	160
1251	159
1252	159
1252	158
1251	158
1251	155
1254	155
1254	153
1257	153
1257	152
1258	152
1258	151
1259	151
1259	147
1262	147
1262	146
1265	146
1265	144
1266	144
1266	140
1268	140
1268	137
1272	137
1272	136
1273	136
1273	133
1276	133
1276	132
1277	132
1277	128
1280	128
1280	126
1281	126
1281	125
1282	125
1282	124
1283	124
1283	123
1284	123
1284	122
1285	122
1285	121
1286	121
1286	120
1289	120
1289	119
1290	119
1290	118
1291	118
1291	117
1292	117
1292	116
1293	116
1293	117
1294	117
1294	115
1296	115
1296	114
1297	114
1297	113
1299	113
1299	112
1300	112
1300	111
1301	111
1301	110
1303	110
1303	109
1304	109
1304	108
1306	108
1306	107
1310	107
1310	106
1312	106
1312	105
1313	105
1313	106
1314	106
1314	105
1316	105
1316	104
1322	104
1322	105
1320	105
1320	106
1319	106
1319	107
1317	107
1317	109
1316	109
1316	110
1315	110
1315	111
1312	111
1312	112
1311	112
1311	113
1309	113
1309	114
1308	114
1308	115
1306	115
1306	116
1301	116
1301	118
1299	118
1299	119
1298	119
1298	122
1297	122
1297	125
1294	125
1294	133
1293	133
1293	138
1292	138
1292	141
1291	141
1291	142
1290	142
1290	145
1288	145
1288	152
1287	152
1287	156
1286	156
1286	158
1285	158
1285	168
1284	168
1284	170
1283	170
1283	171
1282	171
1282	172
1281	172
1281	182
1280	182
1280	184
1279	184
1279	185
1278	185
1278	192
1277	192
1277	195
1276	195
1276	198
1274	198
1274	207
1273	207
1273	211
1272	211
1272	216
1271	216
1271	219
1270	219
1270	231
1281	231
1281	230
1283	230
1283	229
1284	229
1284	228
1285	228
1285	233
1284	233
1284	245
1285	245
1285	246
1292	246
1292	251
1293	251
1293	253
1294	253
1294	258
1295	258
1295	259
1296	259
1296	262
1307	262
1307	259
1308	259
1308	258
1309	258
1309	255
1310	255
1310	254
1311	254
1311	250
1312	250
1312	248
1316	248
1316	243
1317	243
1317	242
1318	242
1318	241
1321	241
1321	240
1323	240
1323	239
1322	239
1322	238
1323	238
1323	237
1324	237
1324	236
1325	236
1325	234
1326	234
1326	232
1328	232
1328	231
1329	231
1329	227
1330	227
1330	226
1331	226
1331	224
1332	224
1332	223
1333	223
1333	222
1334	222
1334	220
1335	220
1335	218
1336	218
1336	217
1338	217
1338	216
1339	216
1339	215
1340	215
1340	213
1341	213
1341	212
1342	212
1342	211
1343	211
1343	210
1348	210
1348	209
1349	209
1349	206
1354	206
1354	205
1355	205
1355	204
1356	204
1356	202
1358	202
1358	201
1359	201
1359	200
1362	200
1362	214
1363	214
1363	220
1374	220
1374	219
1375	219
1375	216
1376	216
1376	215
1377	215
1377	213
1378	213
1378	214
1379	214
1379	212
1381	212
1381	210
1382	210
1382	207
1384	207
1384	206
1388	206
1388	200
1390	200
1390	199
1391	199
1391	198
1392	198
1392	196
1394	196
1394	193
1398	193
1398	192
1399	192
1399	193
1400	193
1400	192
1402	192
1402	189
1403	189
1403	188
1405	188
1405	187
1409	187
1409	186
1411	186
1411	181
1412	181
1412	180
1414	180
1414	179
1415	179
1415	178
1416	178
1416	176
1417	176
1417	175
1419	175
1419	174
1421	174
1421	173
1423	173
1423	189
1424	189
1424	193
1425	193
1425	196
1424	196
1424	198
1425	198
1425	199
1426	199
1426	200
1427	200
1427	199
1429	199
1429	200
1435	200
1435	199
1437	199
1437	196
1438	196
1438	195
1440	195
1440	193
1441	193
1441	192
1443	192
1443	191
1444	191
1444	190
1445	190
1445	189
1448	189
1448	188
1450	188
1450	187
1451	187
1451	186
1454	186
1454	182
1455	182
1455	180
1460	180
1460	179
1461	179
1461	176
1465	176
1465	175
1466	175
1466	173
1474	173
1474	167
1476	167
1476	166
1477	166
1477	167
1479	167
1479	166
1481	166
1481	164
1482	164
1482	163
1483	163
1483	162
1484	162
1484	161
1485	161
1485	160
1487	160
1487	159
1488	159
1488	158
1492	158
1492	157
1496	157
1496	158
1495	158
1495	160
1494	160
1494	161
1493	161
1493	163
1492	163
1492	176
1507	176
1507	173
1513	173
1513	172
1514	172
1514	171
1515	171
1515	170
1517	170
1517	169
1518	169
1518	168
1521	168
1521	167
1531	167
1531	166
1532	166
1532	167
1533	167
1533	166
1534	166
1534	165
1537	165
1537	162
1539	162
1539	160
1540	160
1540	157
1542	157
1542	156
1544	156
1544	155
1546	155
1546	154
1547	154
1547	162
1562	162
1562	163
1563	163
1563	162
1566	162
1566	161
1567	161
1567	160
1568	160
1568	159
1569	159
1569	160
1573	160
1573	159
1574	159
1574	158
1577	158
1577	157
1578	157
1578	155
1580	155
1580	153
1586	153
1586	152
1587	152
1587	150
1594	150
1594	149
1596	149
1596	148
1602	148
1602	147
1603	147
1603	146
1609	146
1609	145
1610	145
1610	143
1611	143
1611	142
1617	142
1617	141
1620	141
1620	140
1625	140
1625	139
1626	139
1626	138
1627	138
1627	137
1628	137
1628	135
1630	135
1630	134
1631	134
1631	133
1633	133
1633	134
1635	134
1635	133
1639	133
1639	130
1641	130
1641	128
1642	128
1642	127
1643	127
1643	126
1649	126
1649	125
1652	125
1652	123
1653	123
1653	121
1654	121
1654	120
1659	120
1659	119
1660	119
1660	118
1661	118
1661	117
1662	117
1662	116
1665	116
1665	115
1666	115
1666	113
1669	113
1669	111
1672	111
1672	109
1675	109
1675	108
1676	108
1676	107
1679	107
1679	106
1680	106
1680	105
1682	105
1682	104
1684	104
1684	103
1687	103
1687	102
1688	102
1688	101
1691	101
1691	99
1693	99
1693	98
1696	98
1696	97
1700	97
1700	96
1703	96
1703	95
1707	95
1707	96
1706	96
1706	97
1705	97
1705	98
1704	98
1704	101
1703	101
1703	102
1702	102
1702	105
1701	105
1701	107
1700	107
1700	108
1698	108
1698	109
1699	109
1699	110
1697	110
1697	112
1696	112
1696	113
1694	113
1694	114
1695	114
1695	115
1693	115
1693	117
1692	117
1692	118
1691	118
1691	119
1690	119
1690	120
1689	120
1689	121
1688	121
1688	123
1687	123
1687	124
1685	124
1685	125
1684	125
1684	127
1683	127
1683	128
1682	128
1682	129
1680	129
1680	130
1679	130
1679	131
1678	131
1678	132
1677	132
1677	133
1675	133
1675	134
1674	134
1674	135
1672	135
1672	136
1670	136
1670	138
1669	138
1669	140
1667	140
1667	141
1666	141
1666	142
1665	142
1665	143
1664	143
1664	144
1662	144
1662	145
1661	145
1661	144
1659	144
1659	145
1658	145
1658	147
1657	147
1657	149
1656	149
1656	151
1652	151
1652	152
1651	152
1651	154
1650	154
1650	155
1649	155
1649	156
1648	156
1648	157
1647	157
1647	158
1644	158
1644	160
1643	160
1643	161
1641	161
1641	162
1638	162
1638	163
1637	163
1637	164
1636	164
1636	165
1635	165
1635	167
1634	167
1634	168
1633	168
1633	169
1632	169
1632	170
1631	170
1631	171
1630	171
1630	172
1628	172
1628	173
1627	173
1627	174
1626	174
1626	175
1625	175
1625	176
1624	176
1624	177
1622	177
1622	178
1618	178
1618	180
1617	180
1617	182
1614	182
1614	183
1612	183
1612	184
1610	184
1610	185
1609	185
1609	186
1608	186
1608	187
1609	187
1609	188
1608	188
1608	189
1607	189
1607	190
1606	190
1606	191
1604	191
1604	192
1603	192
1603	193
1602	193
1602	194
1599	194
1599	195
1598	195
1598	196
1597	196
1597	197
1591	197
1591	203
1590	203
1590	204
1588	204
1588	203
1587	203
1587	204
1585	204
1585	205
1584	205
1584	208
1583	208
1583	209
1582	209
1582	210
1581	210
1581	211
1578	211
1578	213
1577	213
1577	214
1576	214
1576	215
1574	215
1574	216
1572	216
1572	217
1571	217
1571	218
1570	218
1570	219
1569	219
1569	220
1567	220
1567	221
1566	221
1566	222
1565	222
1565	223
1562	223
1562	224
1559	224
1559	225
1558	225
1558	236
1560	236
1560	239
1561	239
1561	238
1563	238
1563	239
1566	239
1566	240
1570	240
1570	241
1569	241
1569	242
1567	242
1567	243
1565	243
1565	248
1564	248
1564	249
1563	249
1563	250
1560	250
1560	251
1558	251
1558	252
1557	252
1557	253
1555	253
1555	254
1553	254
1553	255
1552	255
1552	256
1550	256
1550	257
1545	257
1545	260
1544	260
1544	261
1539	261
1539	262
1538	262
1538	263
1533	263
1533	264
1532	264
1532	265
1531	265
1531	267
1530	267
1530	266
1529	266
1529	267
1526	267
1526	268
1525	268
1525	270
1519	270
1519	271
1518	271
1518	272
1516	272
1516	273
1509	273
1509	285
1510	285
1510	286
1512	286
1512	291
1513	291
1513	292
1518	292
1518	294
1519	294
1519	295
1518	295
1518	296
1516	296
1516	297
1512	297
1512	300
1510	300
1510	301
1506	301
1506	302
1505	302
1505	303
1500	303
1500	304
1497	304
1497	305
1495	305
1495	306
1488	306
1488	307
1486	307
1486	308
1485	308
1485	309
1482	309
1482	310
1473	310
1473	311
1472	311
1472	313
1470	313
1470	314
1465	314
1465	315
1464	315
1464	314
1460	314
1460	315
1452	315
1452	326
1453	326
1453	327
1454	327
1454	330
1456	330
1456	331
1457	331
1457	332
1459	332
1459	333
1461	333
1461	335
1460	335
1460	336
1458	336
1458	338
1456	338
1456	339
1453	339
1453	340
1452	340
1452	341
1450	341
1450	342
1446	342
1446	343
1440	343
1440	344
1439	344
1439	346
1436	346
1436	347
1430	347
1430	348
1426	348
1426	349
1412	349
1412	350
1407	350
1407	349
1405	349
1405	350
1404	350
1404	349
1402	349
1402	350
1400	350
1400	351
1399	351
1399	360
1400	360
1400	361
1401	361
1401	362
1402	362
1402	364
1403	364
1403	365
1404	365
1404	366
1405	366
1405	367
1406	367
1406	369
1400	369
1400	371
1398	371
1398	372
1392	372
1392	373
1388	373
1388	374
1384	374
1384	375
1380	375
1380	376
1367	376
1367	378
1366	378
1366	379
1364	379
1364	380
1359	380
1359	381
1353	381
1353	382
1343	382
1343	393
1344	393
1344	394
1346	394
1346	395
1347	395
1347	398
1346	398
1346	399
1336	399
1336	398
1328	398
1328	397
1316	397
1316	398
1304	398
1304	399
1302	399
1302	400
1300	400
1300	401
1297	401
1297	402
1288	402
1288	403
1287	403
1287	404
1285	404
1285	414
1278	414
1278	415
1269	415
1269	414
1254	414
1254	415
1251	415
1251	429
1261	429
1261	430
1262	430
1262	431
1279	431
1279	428
1280	428
1280	427
1284	427
1284	426
1289	426
1289	425
1290	425
1290	423
1289	423
1289	420
1295	420
1295	419
1296	419
1296	417
1304	417
1304	416
1305	416
1305	415
1306	415
1306	414
1307	414
1307	413
1312	413
1312	414
1309	414
1309	415
1308	415
1308	416
1307	416
1307	423
1306	423
1306	424
1307	424
1307	426
1311	426
1311	427
1324	427
1324	426
1328	426
1328	425
1329	425
1329	434
1340	434
1340	433
1344	433
1344	432
1346	432
1346	431
1348	431
1348	430
1358	430
1358	428
1363	428
1363	426
1364	426
1364	425
1365	425
1365	424
1372	424
1372	421
1373	421
1373	420
1374	420
1374	419
1378	419
1378	418
1379	418
1379	417
1382	417
1382	415
1383	415
1383	413
1384	413
1384	411
1386	411
1386	414
1385	414
1385	416
1384	416
1384	427
1395	427
1395	426
1399	426
1399	425
1402	425
1402	424
1410	424
1410	423
1425	423
1425	426
1440	426
1440	425
1442	425
1442	424
1444	424
1444	423
1445	423
1445	424
1447	424
1447	423
1448	423
1448	421
1453	421
1453	420
1454	420
1454	417
1456	417
1456	414
1459	414
1459	413
1460	413
1460	411
1461	411
1461	409
1464	409
1464	408
1465	408
1465	407
1466	407
1466	408
1469	408
1469	409
1468	409
1468	410
1467	410
1467	411
1466	411
1466	413
1465	413
1465	415
1464	415
1464	417
1463	417
1463	419
1462	419
1462	430
1463	430
1463	431
1473	431
1473	430
1474	430
1474	429
1479	429
1479	428
1481	428
1481	427
1482	427
1482	426
1493	426
1493	425
1499	425
1499	424
1501	424
1501	423
1502	423
1502	424
1504	424
1504	425
1514	425
1514	424
1530	424
1530	418
1531	418
1531	417
1540	417
1540	416
1543	416
1543	417
1542	417
1542	418
1540	418
1540	421
1539	421
1539	423
1538	423
1538	428
1537	428
1537	442
1547	442
1547	441
1553	441
1553	440
1554	440
1554	439
1555	439
1555	437
1561	437
1561	436
1563	436
1563	435
1567	435
1567	434
1570	434
1570	433
1571	433
1571	432
1572	432
1572	431
1579	431
1579	430
1587	430
1587	429
1599	429
1599	428
1600	428
1600	424
1605	424
1605	425
1624	425
1624	427
1623	427
1623	428
1622	428
1622	429
1621	429
1621	432
1620	432
1620	435
1618	435
1618	450
1619	450
1619	451
1620	451
1620	450
1621	450
1621	451
1622	451
1622	450
1625	450
1625	451
1628	451
1628	450
1632	450
1632	449
1633	449
1633	447
1634	447
1634	448
1635	448
1635	447
1639	447
1639	446
1640	446
1640	445
1646	445
1646	444
1647	444
1647	445
1648	445
1648	443
1653	443
1653	442
1654	442
1654	441
1655	441
1655	440
1656	440
1656	441
1667	441
1667	440
1672	440
1672	441
1682	441
1682	440
1686	440
1686	441
1687	441
1687	440
1688	440
1688	441
1689	441
1689	443
1688	443
1688	444
1687	444
1687	445
1686	445
1686	447
1685	447
1685	449
1684	449
1684	451
1683	451
1683	453
1682	453
1682	455
1681	455
1681	457
1680	457
1680	458
1679	458
1679	470
1691	470
1691	469
1693	469
1693	468
1694	468
1694	467
1704	467
1704	466
1712	466
1712	465
1719	465
1719	463
1729	463
1729	464
1741	464
1741	465
1744	465
1744	467
1753	467
1753	468
1754	468
1754	469
1756	469
1756	471
1755	471
1755	472
1754	472
1754	473
1753	473
1753	474
1752	474
1752	475
1750	475
1750	478
1749	478
1749	489
1750	489
1750	490
1770	490
1770	489
1774	489
1774	488
1776	488
1776	487
1777	487
1777	488
1781	488
1781	487
1783	487
1783	488
1787	488
1787	487
1788	487
1788	488
1791	488
1791	487
1792	487
1792	486
1801	486
1801	487
1802	487
1802	488
1806	488
1806	489
1811	489
1811	490
1812	490
1812	491
1811	491
1811	492
1810	492
1810	493
1809	493
1809	494
1808	494
1808	495
1806	495
1806	499
1805	499
1805	501
1803	501
1803	504
1802	504
1802	505
1803	505
1803	513
1814	513
1814	512
1829	512
1829	511
1842	511
1842	512
1855	512
1855	517
1856	517
1856	518
1872	518
1872	517
1877	517
1877	518
1879	518
1879	520
1877	520
1877	521
1876	521
1876	522
1875	522
1875	523
1874	523
1874	526
1873	526
1873	527
1872	527
1872	528
1869	528
1869	531
1868	531
1868	534
1867	534
1867	535
1866	535
1866	536
1865	536
1865	546
1866	546
1866	547
1875	547
1875	546
1877	546
1877	547
1888	547
1888	546
1892	546
1892	549
1902	549
1902	552
1903	552
1903	553
1905	553
1905	554
1908	554
1908	555
1909	555
1909	556
1921	556
1921	559
1922	559
1922	560
1927	560
1927	562
1931	562
1931	563
1938	563
1938	564
1939	564
1939	566
1937	566
1937	567
1935	567
1935	568
1934	568
1934	569
1933	569
1933	571
1932	571
1932	572
1930	572
1930	573
1929	573
1929	584
1931	584
1931	585
1938	585
1938	587
1940	587
1940	588
1941	588
1941	589
1950	589
1950	590
1951	590
1951	594
1952	594
1952	595
1951	595
1951	597
1952	597
1952	598
1954	598
1954	599
1955	599
1955	600
1965	600
1965	602
1966	602
1966	604
1967	604
1967	605
1974	605
1974	609
1978	609
1978	610
1985	610
1985	614
1987	614
1987	615
1990	615
1990	616
1994	616
1994	617
1997	617
1997	618
2001	618
2001	619
2005	619
2005	621
2008	621
2008	622
2011	622
2011	625
2012	625
2012	626
2013	626
2013	628
2020	628
2020	629
2023	629
2023	630
2033	630
2033	631
2032	631
2032	634
2034	634
2034	635
2035	635
2035	636
2041	636
2041	638
2042	638
2042	639
2046	639
2046	641
2047	641
2047	642
2048	642
2048	641
2051	641
2051	642
2060	642
2060	644
2063	644
2063	645
2067	645
2067	646
2068	646
2068	647
2073	647
2073	648
2074	648
2074	649
2085	649
2085	651
2086	651
2086	652
2089	652
2089	653
2090	653
2090	652
2091	652
2091	653
2092	653
2092	654
2094	654
2094	655
2099	655
2099	657
2100	657
2100	658
2106	658
2106	661
2113	661
2113	662
2117	662
2117	663
2121	663
2121	664
2124	664
2124	665
2125	665
2125	666
2129	666
2129	667
2131	667
2131	668
2134	668
2134	669
2136	669
2136	671
2134	671
2134	672
2130	672
2130	673
2113	673
2113	674
2112	674
2112	675
2108	675
2108	673
2092	673
2092	672
2082	672
2082	671
2067	671
2067	670
2065	670
2065	669
2064	669
2064	668
2063	668
2063	669
2059	669
2059	668
2055	668
2055	666
2048	666
2048	665
2042	665
2042	664
2034	664
2034	663
2029	663
2029	662
2028	662
2028	661
2022	661
2022	660
2021	660
2021	659
2017	659
2017	660
2016	660
2016	659
2010	659
2010	658
2005	658
2005	657
2000	657
2000	656
1999	656
1999	655
1996	655
1996	653
1982	653
1982	652
1977	652
1977	653
1976	653
1976	652
1975	652
1975	651
1965	651
1965	650
1963	650
1963	649
1962	649
1962	650
1961	650
1961	649
1958	649
1958	648
1956	648
1956	646
1948	646
1948	645
1945	645
1945	646
1944	646
1944	645
1938	645
1938	644
1931	644
1931	643
1921	643
1921	642
1917	642
1917	641
1916	641
1916	640
1907	640
1907	639
1895	639
1895	644
1894	644
1894	656
1887	656
1887	655
1880	655
1880	654
1876	654
1876	653
1874	653
1874	652
1873	652
1873	651
1870	651
1870	650
1868	650
1868	649
1864	649
1864	648
1863	648
1863	647
1860	647
1860	646
1857	646
1857	645
1851	645
1851	644
1849	644
1849	643
1847	643
1847	642
1834	642
1834	655
1835	655
1835	658
1830	658
1830	657
1825	657
1825	656
1820	656
1820	655
1818	655
1818	654
1817	654
1817	653
1808	653
1808	651
1807	651
1807	650
1803	650
1803	649
1802	649
1802	648
1799	648
1799	647
1798	647
1798	646
1797	646
1797	645
1792	645
1792	644
1791	644
1791	643
1779	643
1779	644
1778	644
1778	655
1779	655
1779	656
1780	656
1780	658
1777	658
1777	659
1775	659
1775	658
1771	658
1771	657
1764	657
1764	656
1757	656
1757	655
1751	655
1751	653
1748	653
1748	652
1744	652
1744	651
1743	651
1743	650
1741	650
1741	649
1739	649
1739	648
1738	648
1738	647
1736	647
1736	646
1735	646
1735	645
1734	645
1734	644
1732	644
1732	643
1731	643
1731	642
1729	642
1729	641
1728	641
1728	640
1726	640
1726	639
1716	639
1716	640
1715	640
1715	648
1714	648
1714	657
1713	657
1713	658
1712	658
1712	657
1709	657
1709	656
1706	656
1706	655
1705	655
1705	654
1704	654
1704	653
1699	653
1699	652
1698	652
1698	651
1695	651
1695	650
1693	650
1693	649
1690	649
1690	648
1688	648
1688	647
1685	647
1685	645
1682	645
1682	644
1679	644
1679	643
1676	643
1676	642
1674	642
1674	641
1672	641
1672	639
1667	639
1667	638
1666	638
1666	637
1665	637
1665	636
1664	636
1664	634
1663	634
1663	633
1659	633
1659	632
1658	632
1658	631
1657	631
1657	630
1655	630
1655	629
1644	629
1644	640
1643	640
1643	645
1642	645
1642	654
1641	654
1641	655
1640	655
1640	653
1634	653
1634	652
1633	652
1633	651
1631	651
1631	650
1629	650
1629	649
1628	649
1628	647
1626	647
1626	646
1621	646
1621	645
1620	645
1620	644
1619	644
1619	643
1616	643
1616	642
1615	642
1615	641
1613	641
1613	640
1611	640
1611	639
1610	639
1610	638
1609	638
1609	637
1607	637
1607	636
1604	636
1604	635
1600	635
1600	634
1599	634
1599	633
1597	633
1597	632
1596	632
1596	631
1595	631
1595	629
1593	629
1593	627
1588	627
1588	626
1587	626
1587	625
1586	625
1586	624
1585	624
1585	623
1584	623
1584	622
1573	622
1573	626
1572	626
1572	628
1571	628
1571	641
1572	641
1572	645
1569	645
1569	644
1568	644
1568	643
1565	643
1565	640
1562	640
1562	639
1559	639
1559	638
1558	638
1558	637
1557	637
1557	636
1555	636
1555	635
1554	635
1554	634
1553	634
1553	633
1550	633
1550	632
1549	632
1549	631
1547	631
1547	629
1544	629
1544	628
1541	628
1541	627
1540	627
1540	625
1539	625
1539	624
1537	624
1537	623
1535	623
1535	622
1534	622
1534	621
1533	621
1533	620
1530	620
1530	618
1529	618
1529	617
1527	617
1527	614
1526	614
1526	613
1520	613
1520	612
1519	612
1519	611
1517	611
1517	610
1515	610
1515	609
1514	609
1514	607
1512	607
1512	606
1511	606
1511	605
1510	605
1510	604
1509	604
1509	603
1499	603
1499	604
1498	604
1498	614
1497	614
1497	619
1496	619
1496	626
1494	626
1494	625
1493	625
1493	624
1491	624
1491	623
1489	623
1489	622
1487	622
1487	620
1484	620
1484	619
1483	619
1483	618
1473	618
1473	619
1472	619
1472	621
1469	621
1469	622
1468	622
1468	623
1466	623
1466	624
1465	624
1465	626
1462	626
1462	627
1459	627
1459	628
1458	628
1458	629
1459	629
1459	630
1457	630
1457	631
1456	631
1456	632
1454	632
1454	633
1452	633
1452	635
1451	635
1451	644
1452	644
1452	646
1460	646
1460	647
1465	647
1465	648
1466	648
1466	649
1473	649
1473	650
1475	650
1475	651
1476	651
1476	653
1477	653
1477	652
1478	652
1478	653
1479	653
1479	655
1482	655
1482	656
1485	656
1485	658
1488	658
