1162	779
1163	779
1163	784
1166	784
1166	793
1168	793
1168	797
1169	797
1169	799
1168	799
1168	801
1169	801
1169	803
1170	803
1170	806
1171	806
1171	808
1172	808
1172	811
1173	811
1173	816
1177	816
1177	820
1178	820
1178	821
1179	821
1179	822
1180	822
1180	823
1179	823
1179	825
1180	825
1180	830
1181	830
1181	831
1182	831
1182	833
1176	833
1176	834
1175	834
1175	840
1176	840
1176	842
1177	842
1177	844
1178	844
1178	849
1180	849
1180	857
1181	857
1181	858
1182	858
1182	863
1183	863
1183	864
1182	864
1182	867
1185	867
1185	871
1186	871
1186	872
1187	872
1187	877
1190	877
1190	878
1189	878
1189	879
1190	879
1190	881
1191	881
1191	884
1192	884
1192	886
1194	886
1194	890
1195	890
1195	892
1194	892
1194	893
1191	893
1191	891
1189	891
1189	890
1187	890
1187	891
1186	891
1186	890
1182	890
1182	899
1183	899
1183	900
1184	900
1184	901
1185	901
1185	904
1187	904
1187	908
1188	908
1188	909
1190	909
1190	914
1191	914
1191	916
1190	916
1190	918
1189	918
1189	919
1190	919
1190	925
1189	925
1189	926
1190	926
1190	927
1191	927
1191	929
1192	929
1192	932
1193	932
1193	936
1195	936
1195	937
1196	937
1196	941
1200	941
1200	942
1201	942
1201	946
1203	946
1203	950
1204	950
1204	954
1205	954
1205	956
1206	956
1206	957
1205	957
1205	962
1206	962
1206	964
1205	964
1205	966
1202	966
1202	975
1203	975
1203	976
1204	976
1204	979
1205	979
1205	985
1204	985
1204	986
1205	986
1205	991
1206	991
1206	992
1207	992
1207	996
1208	996
1208	997
1209	997
1209	998
1210	998
1210	1001
1212	1001
1212	1005
1213	1005
1213	1009
1214	1009
1214	1014
1215	1014
1215	1015
1217	1015
1217	1029
1216	1029
1216	1030
1214	1030
1214	1026
1213	1026
1213	1025
1206	1025
1206	1026
1205	1026
1205	1032
1206	1032
1206	1033
1210	1033
1210	1037
1211	1037
1211	1038
1212	1038
1212	1040
1213	1040
1213	1042
1214	1042
1214	1043
1215	1043
1215	1047
1217	1047
1217	1058
1218	1058
1218	1060
1219	1060
1219	1065
1221	1065
1221	1066
1222	1066
1222	1074
1223	1074
1223	1076
1224	1076
1224	1089
1226	1089
1226	1096
1223	1096
1223	1095
1222	1095
1222	1093
1221	1093
1221	1092
1220	1092
1220	1091
1210	1091
1210	1102
1211	1102
1211	1103
1213	1103
1213	1106
1214	1106
1214	1107
1216	1107
1216	1108
1217	1108
1217	1111
1218	1111
1218	1112
1219	1112
1219	1116
1220	1116
1220	1117
1222	1117
1222	1124
1223	1124
1223	1126
1222	1126
1222	1130
1221	1130
1221	1132
1222	1132
1222	1138
1223	1138
1223	1140
1224	1140
1224	1144
1226	1144
1226	1165
1225	1165
1225	1170
1223	1170
1223	1167
1222	1167
1222	1165
1220	1165
1220	1164
1216	1164
1216	1163
1208	1163
1208	1173
1209	1173
1209	1174
1210	1174
1210	1176
1211	1176
1211	1177
1212	1177
1212	1178
1213	1178
1213	1179
1214	1179
1214	1181
1215	1181
1215	1184
1214	1184
1214	1185
1217	1185
1217	1186
1218	1186
1218	1187
1219	1187
1219	1194
1220	1194
1220	1195
1222	1195
1222	1197
1221	1197
1221	1198
1219	1198
1219	1201
1218	1201
1218	1202
1217	1202
1217	1203
1218	1203
1218	1206
1217	1206
1217	1208
1218	1208
1218	1213
1219	1213
1219	1218
1221	1218
1221	1227
1222	1227
1222	1241
1221	1241
1221	1242
1222	1242
1222	1243
1221	1243
1221	1244
1219	1244
1219	1247
1217	1247
1217	1246
1218	1246
1218	1245
1217	1245
1217	1244
1216	1244
1216	1242
1214	1242
1214	1241
1209	1241
1209	1242
1208	1242
1208	1241
1206	1241
1206	1242
1205	1242
1205	1250
1208	1250
1208	1255
1210	1255
1210	1259
1212	1259
1212	1260
1213	1260
1213	1261
1214	1261
1214	1263
1215	1263
1215	1268
1216	1268
1216	1273
1217	1273
1217	1274
1219	1274
1219	1275
1218	1275
1218	1276
1217	1276
1217	1286
1218	1286
1218	1289
1219	1289
1219	1295
1220	1295
1220	1296
1222	1296
1222	1320
1223	1320
1223	1321
1222	1321
1222	1327
1221	1327
1221	1329
1219	1329
1219	1330
1218	1330
1218	1331
1217	1331
1217	1323
1216	1323
1216	1321
1204	1321
1204	1329
1205	1329
1205	1334
1206	1334
1206	1335
1208	1335
1208	1336
1209	1336
1209	1337
1210	1337
1210	1342
1212	1342
1212	1343
1213	1343
1213	1345
1214	1345
1214	1351
1215	1351
1215	1352
1217	1352
1217	1356
1218	1356
1218	1363
1217	1363
1217	1364
1215	1364
1215	1375
1217	1375
1217	1400
1215	1400
1215	1405
1213	1405
1213	1411
1212	1411
1212	1412
1211	1412
1211	1413
1210	1413
1210	1414
1208	1414
1208	1411
1207	1411
1207	1409
1205	1409
1205	1408
1204	1408
1204	1407
1196	1407
1196	1416
1198	1416
1198	1417
1199	1417
1199	1418
1200	1418
1200	1420
1201	1420
1201	1425
1204	1425
1204	1430
1205	1430
1205	1434
1207	1434
1207	1435
1208	1435
1208	1439
1209	1439
1209	1446
1208	1446
1208	1448
1207	1448
1207	1449
1203	1449
1203	1457
1204	1457
1204	1471
1205	1471
1205	1479
1204	1479
1204	1498
1203	1498
1203	1502
1200	1502
1200	1501
1199	1501
1199	1498
1198	1498
1198	1497
1196	1497
1196	1496
1195	1496
1195	1495
1194	1495
1194	1494
1193	1494
1193	1493
1184	1493
1184	1508
1185	1508
1185	1512
1186	1512
1186	1517
1187	1517
1187	1527
1189	1527
1189	1530
1190	1530
1190	1538
1189	1538
1189	1539
1190	1539
1190	1540
1189	1540
1189	1542
1187	1542
1187	1543
1186	1543
1186	1545
1185	1545
1185	1547
1186	1547
1186	1549
1185	1549
1185	1569
1187	1569
1187	1570
1186	1570
1186	1571
1185	1571
1185	1584
1186	1584
1186	1591
1185	1591
1185	1594
1184	1594
1184	1590
1183	1590
1183	1589
1181	1589
1181	1588
1179	1588
1179	1585
1169	1585
1169	1586
1168	1586
1168	1589
1169	1589
1169	1591
1168	1591
1168	1592
1169	1592
1169	1593
1168	1593
1168	1594
1169	1594
1169	1596
1171	1596
1171	1605
1172	1605
1172	1608
1173	1608
1173	1617
1171	1617
1171	1619
1170	1619
1170	1622
1167	1622
1167	1658
1166	1658
1166	1662
1165	1662
1165	1663
1166	1663
1166	1664
1165	1664
1165	1668
1164	1668
1164	1667
1162	1667
1162	1666
1161	1666
1161	1662
1153	1662
1153	1663
1152	1663
1152	1682
1153	1682
1153	1684
1154	1684
1154	1686
1151	1686
1151	1687
1150	1687
1150	1699
1149	1699
1149	1727
1148	1727
1148	1728
1142	1728
1142	1739
1143	1739
1143	1744
1145	1744
1145	1746
1141	1746
1141	1752
1140	1752
1140	1753
1141	1753
1141	1755
1140	1755
1140	1757
1139	1757
1139	1759
1140	1759
1140	1760
1139	1760
1139	1773
1140	1773
1140	1777
1137	1777
1137	1778
1136	1778
1136	1790
1140	1790
1140	1792
1139	1792
1139	1793
1138	1793
1138	1795
1139	1795
1139	1798
1138	1798
1138	1799
1137	1799
1137	1800
1138	1800
1138	1801
1139	1801
1139	1813
1140	1813
1140	1830
1141	1830
1141	1845
1142	1845
1142	1848
1143	1848
1143	1862
1144	1862
1144	1874
1145	1874
1145	1879
1146	1879
1146	1880
1145	1880
1145	1898
1146	1898
1146	1899
1145	1899
1145	1902
1146	1902
1146	1905
1148	1905
1148	1936
1146	1936
1146	1946
1145	1946
1145	1972
1146	1972
1146	1974
1147	1974
1147	1975
1148	1975
1148	1976
1149	1976
1149	1977
1150	1977
1150	1978
1151	1978
1151	1979
1157	1979
1157	1981
1156	1981
1156	1982
1153	1982
1153	1981
1152	1981
1152	1980
1151	1980
1151	1981
1150	1981
1150	1980
1149	1980
1149	1979
1148	1979
1148	1978
1147	1978
1147	1977
1145	1977
1145	1976
1144	1976
1144	1975
1143	1975
1143	1974
1142	1974
1142	1973
1141	1973
1141	1971
1140	1971
1140	1968
1138	1968
1138	1963
1134	1963
1134	1939
1133	1939
1133	1931
1131	1931
1131	1922
1130	1922
1130	1908
1129	1908
1129	1895
1128	1895
1128	1894
1126	1894
1126	1881
1125	1881
1125	1880
1124	1880
1124	1866
1122	1866
1122	1859
1121	1859
1121	1853
1120	1853
1120	1848
1118	1848
1118	1847
1115	1847
1115	1846
1116	1846
1116	1844
1117	1844
1117	1841
1116	1841
1116	1834
1115	1834
1115	1825
1113	1825
1113	1824
1112	1824
1112	1813
1111	1813
1111	1811
1110	1811
1110	1807
1109	1807
1109	1806
1108	1806
1108	1801
1107	1801
1107	1800
1108	1800
1108	1798
1107	1798
1107	1793
1106	1793
1106	1784
1105	1784
1105	1779
1104	1779
1104	1774
1103	1774
1103	1770
1098	1770
1098	1769
1097	1769
1097	1766
1096	1766
1096	1765
1094	1765
1094	1760
1093	1760
1093	1755
1092	1755
1092	1751
1090	1751
1090	1750
1089	1750
1089	1751
1088	1751
1088	1729
1087	1729
1087	1728
1080	1728
1080	1726
1079	1726
1079	1716
1078	1716
1078	1705
1076	1705
1076	1694
1075	1694
1075	1692
1076	1692
1076	1691
1075	1691
1075	1689
1076	1689
1076	1687
1074	1687
1074	1686
1071	1686
1071	1664
1068	1664
1068	1663
1066	1663
1066	1664
1063	1664
1063	1667
1062	1667
1062	1668
1060	1668
1060	1664
1059	1664
1059	1663
1055	1663
1055	1661
1057	1661
1057	1647
1056	1647
1056	1632
1055	1632
1055	1625
1054	1625
1054	1624
1050	1624
1050	1622
1051	1622
1051	1619
1050	1619
1050	1610
1051	1610
1051	1605
1052	1605
1052	1600
1053	1600
1053	1590
1052	1590
1052	1589
1045	1589
1045	1590
1043	1590
1043	1591
1042	1591
1042	1593
1040	1593
1040	1594
1039	1594
1039	1597
1038	1597
1038	1599
1037	1599
1037	1598
1036	1598
1036	1594
1034	1594
1034	1585
1033	1585
1033	1584
1032	1584
1032	1583
1036	1583
1036	1572
1037	1572
1037	1554
1036	1554
1036	1549
1037	1549
1037	1530
1032	1530
1032	1529
1031	1529
1031	1530
1030	1530
1030	1529
1029	1529
1029	1530
1028	1530
1028	1533
1027	1533
1027	1534
1024	1534
1024	1530
1023	1530
1023	1524
1022	1524
1022	1523
1023	1523
1023	1521
1022	1521
1022	1520
1020	1520
1020	1509
1022	1509
1022	1508
1023	1508
1023	1505
1022	1505
1022	1504
1023	1504
1023	1489
1022	1489
1022	1488
1020	1488
1020	1476
1022	1476
1022	1475
1023	1475
1023	1467
1024	1467
1024	1462
1025	1462
1025	1460
1026	1460
1026	1458
1027	1458
1027	1453
1028	1453
1028	1444
1032	1444
1032	1436
1029	1436
1029	1435
1028	1435
1028	1436
1024	1436
1024	1435
1022	1435
1022	1436
1021	1436
1021	1437
1018	1437
1018	1438
1016	1438
1016	1443
1013	1443
1013	1438
1011	1438
1011	1434
1012	1434
1012	1424
1011	1424
1011	1402
1013	1402
1013	1396
1014	1396
1014	1393
1015	1393
1015	1380
1014	1380
1014	1378
1012	1378
1012	1377
1010	1377
1010	1371
1011	1371
1011	1365
1013	1365
1013	1361
1015	1361
1015	1359
1016	1359
1016	1356
1018	1356
1018	1352
1021	1352
1021	1351
1020	1351
1020	1343
1012	1343
1012	1345
1007	1345
1007	1349
1006	1349
1006	1351
1004	1351
1004	1350
1003	1350
1003	1349
1002	1349
1002	1347
1001	1347
1001	1340
1002	1340
1002	1323
1003	1323
1003	1319
1004	1319
1004	1315
1005	1315
1005	1310
1006	1310
1006	1305
1008	1305
1008	1304
1009	1304
1009	1295
1010	1295
1010	1291
1011	1291
1011	1287
1013	1287
1013	1276
1007	1276
1007	1274
1006	1274
1006	1246
1008	1246
1008	1245
1009	1245
1009	1230
1007	1230
1007	1229
1006	1229
1006	1223
1008	1223
1008	1222
1009	1222
1009	1218
1010	1218
1010	1217
1011	1217
1011	1215
1012	1215
1012	1213
1013	1213
1013	1212
1014	1212
1014	1210
1015	1210
1015	1209
1016	1209
1016	1208
1018	1208
1018	1204
1019	1204
1019	1203
1020	1203
1020	1199
1022	1199
1022	1198
1023	1198
1023	1196
1022	1196
1022	1195
1023	1195
1023	1193
1024	1193
1024	1190
1025	1190
1025	1186
1024	1186
1024	1184
1016	1184
1016	1185
1015	1185
1015	1186
1014	1186
1014	1185
1013	1185
1013	1186
1012	1186
1012	1187
1011	1187
1011	1189
1010	1189
1010	1191
1009	1191
1009	1189
1008	1189
1008	1188
1006	1188
1006	1186
1007	1186
1007	1169
1006	1169
1006	1168
1007	1168
1007	1167
1008	1167
1008	1166
1009	1166
1009	1158
1011	1158
1011	1153
1013	1153
1013	1152
1014	1152
1014	1149
1015	1149
1015	1148
1016	1148
1016	1146
1015	1146
1015	1145
1016	1145
1016	1141
1015	1141
1015	1140
1014	1140
1014	1138
1015	1138
1015	1136
1014	1136
1014	1135
1015	1135
1015	1131
1016	1131
1016	1130
1018	1130
1018	1125
1019	1125
1019	1123
1020	1123
1020	1121
1022	1121
1022	1119
1023	1119
1023	1110
1011	1110
1011	1111
1010	1111
1010	1114
1009	1114
1009	1115
1007	1115
1007	1114
1006	1114
1006	1103
1008	1103
1008	1102
1009	1102
1009	1093
1010	1093
1010	1085
1011	1085
1011	1084
1013	1084
1013	1083
1014	1083
1014	1080
1015	1080
1015	1078
1016	1078
1016	1075
1018	1075
1018	1064
1019	1064
1019	1062
1020	1062
1020	1061
1022	1061
1022	1060
1023	1060
1023	1058
1022	1058
1022	1057
1023	1057
1023	1056
1024	1056
1024	1055
1025	1055
1025	1054
1026	1054
1026	1052
1027	1052
1027	1051
1028	1051
1028	1040
1027	1040
1027	1039
1017	1039
1017	1040
1016	1040
1016	1041
1015	1041
1015	1045
1011	1045
1011	1034
1013	1034
1013	1029
1014	1029
1014	1024
1015	1024
1015	1020
1017	1020
1017	1019
1018	1019
1018	1014
1019	1014
1019	1012
1020	1012
1020	1011
1021	1011
1021	1010
1023	1010
1023	1007
1024	1007
1024	1006
1026	1006
1026	1005
1027	1005
1027	992
1029	992
1029	991
1030	991
1030	990
1029	990
1029	988
1030	988
1030	987
1032	987
1032	988
1033	988
1033	986
1034	986
1034	985
1033	985
1033	984
1034	984
1034	981
1033	981
1033	979
1027	979
1027	976
1025	976
1025	963
1024	963
1024	962
1021	962
1021	960
1012	960
1012	961
1011	961
1011	968
1012	968
1012	973
1013	973
1013	974
1014	974
1014	980
1013	980
1013	981
1010	981
1010	991
1009	991
1009	1000
1008	1000
1008	1004
1007	1004
1007	1009
1005	1009
1005	1013
1004	1013
1004	1014
1003	1014
1003	1017
1001	1017
1001	1018
1000	1018
1000	1017
999	1017
999	1013
991	1013
991	1021
993	1021
993	1034
988	1034
988	1035
987	1035
987	1041
986	1041
986	1054
985	1054
985	1055
984	1055
984	1060
983	1060
983	1064
982	1064
982	1073
979	1073
979	1075
978	1075
978	1077
977	1077
977	1078
970	1078
970	1094
968	1094
968	1101
967	1101
967	1105
966	1105
966	1110
965	1110
965	1115
964	1115
964	1120
963	1120
963	1124
961	1124
961	1129
960	1129
960	1130
959	1130
959	1131
956	1131
956	1132
954	1132
954	1133
951	1133
951	1137
950	1137
950	1139
949	1139
949	1151
946	1151
946	1152
945	1152
945	1165
943	1165
943	1169
942	1169
942	1174
941	1174
941	1176
940	1176
940	1177
941	1177
941	1179
940	1179
940	1183
939	1183
939	1184
938	1184
938	1188
937	1188
937	1189
936	1189
936	1190
935	1190
935	1191
934	1191
934	1192
933	1192
933	1193
932	1193
932	1188
931	1188
931	1185
930	1185
930	1184
922	1184
922	1206
921	1206
921	1207
918	1207
918	1218
917	1218
917	1226
916	1226
916	1229
915	1229
915	1231
914	1231
914	1232
915	1232
915	1234
914	1234
914	1235
913	1235
913	1239
911	1239
911	1240
910	1240
910	1244
909	1244
909	1245
908	1245
908	1248
906	1248
906	1249
905	1249
905	1252
904	1252
904	1253
903	1253
903	1254
902	1254
902	1255
901	1255
901	1256
900	1256
900	1257
894	1257
894	1258
893	1258
893	1268
894	1268
894	1271
892	1271
892	1274
891	1274
891	1276
886	1276
886	1285
885	1285
885	1295
883	1295
883	1298
882	1298
882	1304
881	1304
881	1308
879	1308
879	1312
878	1312
878	1313
877	1313
877	1315
876	1315
876	1318
874	1318
874	1322
873	1322
873	1324
871	1324
871	1325
868	1325
868	1326
866	1326
866	1313
858	1313
858	1314
857	1314
857	1336
855	1336
855	1339
854	1339
854	1340
851	1340
851	1350
850	1350
850	1359
849	1359
849	1363
848	1363
848	1364
849	1364
849	1367
848	1367
848	1368
849	1368
849	1370
850	1370
850	1372
847	1372
847	1373
845	1373
845	1375
844	1375
844	1377
843	1377
843	1378
841	1378
841	1382
838	1382
838	1383
837	1383
837	1387
836	1387
836	1389
835	1389
835	1390
834	1390
834	1391
833	1391
833	1392
832	1392
832	1394
830	1394
830	1393
829	1393
829	1386
828	1386
828	1385
826	1385
826	1383
825	1383
825	1382
824	1382
824	1381
816	1381
816	1392
815	1392
815	1396
814	1396
814	1402
813	1402
813	1415
812	1415
812	1417
811	1417
811	1418
809	1418
809	1419
807	1419
807	1420
806	1420
806	1421
807	1421
807	1422
806	1422
806	1424
804	1424
804	1429
803	1429
803	1433
802	1433
802	1437
801	1437
801	1438
799	1438
799	1442
798	1442
798	1446
797	1446
797	1447
795	1447
795	1451
794	1451
794	1452
793	1452
793	1455
792	1455
792	1456
790	1456
790	1459
789	1459
789	1460
788	1460
788	1461
786	1461
786	1463
785	1463
785	1464
784	1464
784	1466
783	1466
783	1467
780	1467
780	1457
779	1457
779	1456
771	1456
771	1461
770	1461
770	1463
771	1463
771	1464
770	1464
770	1470
769	1470
769	1474
768	1474
768	1475
767	1475
767	1479
766	1479
766	1480
765	1480
765	1483
764	1483
764	1484
763	1484
763	1488
762	1488
762	1489
756	1489
756	1493
755	1493
755	1494
754	1494
754	1497
753	1497
753	1502
752	1502
752	1504
751	1504
751	1506
750	1506
750	1507
749	1507
749	1511
748	1511
748	1513
747	1513
747	1515
746	1515
746	1516
744	1516
744	1521
742	1521
742	1525
740	1525
740	1526
739	1526
739	1528
738	1528
738	1529
737	1529
737	1530
733	1530
733	1529
727	1529
727	1530
726	1530
726	1534
725	1534
725	1537
724	1537
724	1539
723	1539
723	1543
722	1543
722	1544
721	1544
721	1546
720	1546
720	1548
719	1548
719	1549
718	1549
718	1553
716	1553
716	1557
715	1557
715	1560
714	1560
714	1561
713	1561
713	1562
712	1562
712	1564
711	1564
711	1566
710	1566
710	1567
708	1567
708	1571
706	1571
706	1572
705	1572
705	1573
704	1573
704	1574
703	1574
703	1576
701	1576
701	1577
700	1577
700	1578
694	1578
694	1579
693	1579
693	1582
692	1582
692	1585
691	1585
691	1587
690	1587
690	1588
689	1588
689	1591
688	1591
688	1592
687	1592
687	1593
686	1593
686	1594
685	1594
685	1595
684	1595
684	1599
683	1599
683	1600
682	1600
682	1601
681	1601
681	1602
680	1602
680	1604
679	1604
679	1605
678	1605
678	1606
677	1606
677	1607
676	1607
676	1608
675	1608
675	1610
674	1610
674	1613
673	1613
673	1617
671	1617
671	1619
670	1619
670	1620
666	1620
666	1622
665	1622
665	1624
664	1624
664	1626
663	1626
663	1627
661	1627
661	1630
660	1630
660	1632
659	1632
659	1635
658	1635
658	1636
656	1636
656	1638
655	1638
655	1640
653	1640
653	1641
652	1641
652	1645
651	1645
651	1646
650	1646
650	1652
648	1652
648	1653
645	1653
645	1654
644	1654
644	1658
643	1658
643	1659
641	1659
641	1662
640	1662
640	1663
639	1663
639	1664
638	1664
638	1666
637	1666
637	1667
636	1667
636	1668
634	1668
634	1669
633	1669
633	1670
634	1670
634	1671
633	1671
633	1673
631	1673
631	1677
629	1677
629	1678
628	1678
628	1681
627	1681
627	1682
625	1682
625	1683
624	1683
624	1687
622	1687
622	1691
620	1691
620	1692
619	1692
619	1693
618	1693
618	1694
617	1694
617	1695
616	1695
616	1696
615	1696
615	1699
614	1699
614	1700
613	1700
613	1704
612	1704
612	1705
610	1705
610	1704
609	1704
609	1707
608	1707
608	1709
607	1709
607	1710
606	1710
606	1711
605	1711
605	1712
604	1712
604	1713
603	1713
603	1714
601	1714
601	1719
600	1719
600	1720
599	1720
599	1723
597	1723
597	1724
596	1724
596	1727
595	1727
595	1728
593	1728
593	1732
592	1732
592	1734
591	1734
591	1735
590	1735
590	1737
588	1737
588	1738
587	1738
587	1742
585	1742
585	1746
583	1746
583	1748
582	1748
582	1750
581	1750
581	1751
580	1751
580	1756
578	1756
578	1757
577	1757
577	1759
576	1759
576	1760
574	1760
574	1765
572	1765
572	1767
571	1767
571	1769
570	1769
570	1770
569	1770
569	1772
568	1772
568	1774
565	1774
565	1775
564	1775
564	1779
563	1779
563	1782
562	1782
562	1783
560	1783
560	1785
559	1785
559	1786
558	1786
558	1787
557	1787
557	1788
555	1788
555	1792
553	1792
553	1794
552	1794
552	1795
553	1795
553	1797
552	1797
552	1798
553	1798
553	1799
552	1799
552	1802
553	1802
553	1804
555	1804
555	1809
556	1809
556	1811
558	1811
558	1812
559	1812
559	1816
556	1816
556	1815
555	1815
555	1814
554	1814
554	1813
552	1813
552	1811
551	1811
551	1809
550	1809
550	1808
549	1808
549	1806
548	1806
548	1805
547	1805
547	1783
548	1783
548	1776
552	1776
552	1772
553	1772
553	1771
554	1771
554	1768
556	1768
556	1766
557	1766
557	1762
558	1762
558	1760
559	1760
559	1758
560	1758
560	1757
561	1757
561	1753
563	1753
563	1749
564	1749
564	1748
566	1748
566	1744
568	1744
568	1739
570	1739
570	1738
571	1738
571	1736
570	1736
570	1735
571	1735
571	1734
572	1734
572	1733
573	1733
573	1730
575	1730
575	1726
576	1726
576	1725
577	1725
577	1722
578	1722
578	1721
579	1721
579	1720
580	1720
580	1717
581	1717
581	1715
582	1715
582	1711
584	1711
584	1709
585	1709
585	1707
586	1707
586	1705
587	1705
587	1702
590	1702
590	1697
592	1697
592	1693
594	1693
594	1691
595	1691
595	1688
596	1688
596	1685
595	1685
595	1684
598	1684
598	1683
599	1683
599	1679
600	1679
600	1675
602	1675
602	1674
603	1674
603	1671
604	1671
604	1669
605	1669
605	1666
606	1666
606	1665
607	1665
607	1663
608	1663
608	1662
607	1662
607	1660
608	1660
608	1656
609	1656
609	1653
610	1653
610	1651
612	1651
612	1647
613	1647
613	1646
614	1646
614	1642
616	1642
616	1641
617	1641
617	1632
618	1632
618	1631
619	1631
619	1630
620	1630
620	1629
621	1629
621	1621
622	1621
622	1619
623	1619
623	1617
624	1617
624	1616
623	1616
623	1615
624	1615
624	1614
626	1614
626	1605
627	1605
627	1600
628	1600
628	1596
630	1596
630	1595
631	1595
631	1593
630	1593
630	1592
631	1592
631	1587
632	1587
632	1586
633	1586
633	1576
632	1576
632	1575
631	1575
631	1571
628	1571
628	1568
630	1568
630	1565
631	1565
631	1564
632	1564
632	1563
633	1563
633	1559
635	1559
635	1554
636	1554
636	1546
639	1546
639	1545
640	1545
640	1540
641	1540
641	1530
640	1530
640	1528
641	1528
641	1526
642	1526
642	1523
643	1523
643	1522
644	1522
644	1518
646	1518
646	1513
648	1513
648	1512
649	1512
649	1504
650	1504
650	1499
649	1499
649	1497
648	1497
648	1498
646	1498
646	1497
645	1497
645	1498
644	1498
644	1497
643	1497
643	1494
642	1494
642	1491
643	1491
643	1490
644	1490
644	1489
645	1489
645	1485
646	1485
646	1481
648	1481
648	1480
649	1480
649	1472
650	1472
650	1471
651	1471
651	1467
653	1467
653	1465
654	1465
654	1464
653	1464
653	1463
654	1463
654	1459
655	1459
655	1457
656	1457
656	1453
658	1453
658	1446
659	1446
659	1443
658	1443
658	1442
659	1442
659	1439
658	1439
658	1437
651	1437
651	1430
653	1430
653	1428
654	1428
654	1425
655	1425
655	1416
658	1416
658	1410
659	1410
659	1401
656	1401
656	1400
655	1400
655	1397
656	1397
656	1393
658	1393
658	1391
659	1391
659	1389
661	1389
661	1388
663	1388
663	1384
664	1384
664	1380
665	1380
665	1379
667	1379
667	1374
668	1374
668	1373
669	1373
669	1372
671	1372
671	1371
672	1371
672	1369
673	1369
673	1368
674	1368
674	1366
675	1366
675	1365
676	1365
676	1364
677	1364
677	1357
665	1357
665	1358
664	1358
664	1357
661	1357
661	1358
660	1358
660	1359
657	1359
657	1361
656	1361
656	1363
654	1363
654	1361
653	1361
653	1360
654	1360
654	1355
655	1355
655	1347
658	1347
658	1342
659	1342
659	1338
660	1338
660	1335
661	1335
661	1333
663	1333
663	1330
664	1330
664	1329
665	1329
665	1327
666	1327
666	1324
667	1324
667	1323
668	1323
668	1321
669	1321
669	1320
670	1320
670	1319
672	1319
672	1317
674	1317
674	1310
676	1310
676	1309
677	1309
677	1305
678	1305
678	1303
679	1303
679	1301
681	1301
681	1299
682	1299
682	1298
684	1298
684	1297
686	1297
686	1292
689	1292
689	1291
690	1291
690	1290
691	1290
691	1288
692	1288
692	1287
695	1287
695	1285
696	1285
696	1284
697	1284
697	1276
696	1276
696	1275
695	1275
695	1276
691	1276
691	1275
690	1275
690	1276
687	1276
687	1275
686	1275
686	1272
685	1272
685	1271
681	1271
681	1272
680	1272
680	1271
679	1271
679	1272
677	1272
677	1273
676	1273
676	1274
673	1274
673	1273
674	1273
674	1269
676	1269
676	1268
677	1268
677	1265
678	1265
678	1264
679	1264
679	1262
680	1262
680	1261
679	1261
679	1260
681	1260
681	1259
682	1259
682	1255
683	1255
683	1252
684	1252
684	1250
686	1250
686	1249
687	1249
687	1247
688	1247
688	1245
690	1245
690	1244
691	1244
691	1243
690	1243
690	1242
691	1242
691	1241
695	1241
695	1236
697	1236
697	1228
696	1228
696	1227
700	1227
700	1223
701	1223
701	1222
704	1222
704	1220
705	1220
705	1219
707	1219
707	1218
708	1218
708	1217
709	1217
709	1216
710	1216
710	1215
711	1215
711	1214
712	1214
712	1213
715	1213
715	1211
716	1211
716	1209
722	1209
722	1208
723	1208
723	1206
725	1206
725	1205
726	1205
726	1197
721	1197
721	1196
720	1196
720	1197
712	1197
712	1200
711	1200
711	1201
709	1201
709	1187
710	1187
710	1186
711	1186
711	1185
712	1185
712	1181
713	1181
713	1180
714	1180
714	1178
715	1178
715	1176
716	1176
716	1172
719	1172
719	1171
720	1171
720	1167
722	1167
722	1166
723	1166
723	1164
724	1164
724	1163
725	1163
725	1162
727	1162
727	1159
728	1159
728	1158
731	1158
731	1157
732	1157
732	1153
736	1153
736	1152
737	1152
737	1149
740	1149
740	1148
741	1148
741	1146
742	1146
742	1144
744	1144
744	1136
735	1136
735	1138
733	1138
733	1137
732	1137
732	1136
733	1136
733	1133
734	1133
734	1131
735	1131
735	1130
737	1130
737	1128
738	1128
738	1126
740	1126
740	1125
742	1125
742	1124
741	1124
741	1123
742	1123
742	1121
743	1121
743	1118
744	1118
744	1116
746	1116
746	1113
747	1113
747	1112
749	1112
749	1111
750	1111
750	1107
755	1107
755	1105
756	1105
756	1103
757	1103
757	1098
759	1098
759	1097
760	1097
760	1095
762	1095
762	1094
764	1094
764	1093
765	1093
765	1091
768	1091
768	1090
769	1090
769	1086
773	1086
773	1085
774	1085
774	1081
782	1081
782	1080
783	1080
783	1073
782	1073
782	1072
772	1072
772	1073
767	1073
767	1071
768	1071
768	1070
769	1070
769	1066
770	1066
770	1064
771	1064
771	1063
770	1063
770	1061
773	1061
773	1060
774	1060
774	1058
775	1058
775	1056
778	1056
778	1052
782	1052
782	1051
783	1051
783	1048
784	1048
784	1047
787	1047
787	1037
788	1037
788	1036
789	1036
789	1035
790	1035
790	1034
792	1034
792	1033
796	1033
796	1032
797	1032
797	1031
796	1031
796	1030
799	1030
799	1029
801	1029
801	1027
803	1027
803	1026
804	1026
804	1025
806	1025
806	1024
811	1024
811	1023
810	1023
810	1021
813	1021
813	1013
798	1013
798	1007
799	1007
799	1006
801	1006
801	1003
802	1003
802	1001
805	1001
805	1000
806	1000
806	997
807	997
807	996
810	996
810	995
811	995
811	992
815	992
815	990
818	990
818	989
820	989
820	986
821	986
821	984
823	984
823	983
825	983
825	981
826	981
826	979
827	979
827	973
828	973
828	972
829	972
829	971
830	971
830	972
831	972
831	971
833	971
833	970
834	970
834	969
837	969
837	968
838	968
838	966
843	966
843	965
844	965
844	963
845	963
845	962
844	962
844	957
835	957
835	959
834	959
834	960
833	960
833	957
830	957
830	955
833	955
833	954
834	954
834	952
836	952
836	951
838	951
838	950
839	950
839	949
840	949
840	948
842	948
842	947
843	947
843	943
845	943
845	942
847	942
847	941
848	941
848	940
849	940
849	938
850	938
850	936
852	936
852	935
853	935
853	934
855	934
855	932
856	932
856	931
857	931
857	926
858	926
858	925
859	925
859	924
860	924
860	923
861	923
861	922
862	922
862	920
863	920
863	919
864	919
864	918
870	918
870	915
872	915
872	914
875	914
875	905
866	905
866	906
864	906
864	905
863	905
863	904
862	904
862	903
863	903
863	902
864	902
864	901
866	901
866	898
867	898
867	897
869	897
869	896
870	896
870	895
875	895
875	890
879	890
879	888
880	888
880	886
887	886
887	885
889	885
889	881
893	881
893	877
894	877
894	876
895	876
895	877
897	877
897	876
898	876
898	869
899	869
899	868
900	868
900	867
903	867
903	864
904	864
904	863
907	863
907	862
908	862
908	861
907	861
907	860
908	860
908	859
912	859
912	852
911	852
911	851
904	851
904	852
902	852
902	851
900	851
900	849
902	849
902	848
903	848
903	847
904	847
904	846
905	846
905	845
906	845
906	844
907	844
907	843
908	843
908	842
911	842
911	843
912	843
912	840
915	840
915	839
916	839
916	837
917	837
917	835
921	835
921	831
923	831
923	830
925	830
925	831
926	831
926	828
927	828
927	827
930	827
930	826
931	826
931	825
932	825
932	822
933	822
933	821
935	821
935	815
936	815
936	814
937	814
937	813
938	813
938	812
940	812
940	811
941	811
941	810
944	810
944	801
941	801
941	798
942	798
942	794
943	794
943	793
949	793
949	789
954	789
954	785
957	785
957	784
960	784
960	783
961	783
961	782
960	782
960	780
962	780
962	779
963	779
963	777
964	777
964	776
965	776
965	775
967	775
967	774
968	774
968	773
969	773
969	771
971	771
971	770
972	770
972	768
973	768
973	767
974	767
974	766
976	766
976	765
977	765
977	764
978	764
978	763
979	763
979	762
980	762
980	761
981	761
981	750
982	750
982	749
983	749
983	748
985	748
985	747
990	747
990	743
994	743
994	742
995	742
995	741
996	741
996	739
998	739
998	738
999	738
999	737
1000	737
1000	736
1001	736
1001	734
1004	734
1004	729
1008	729
1008	728
1009	728
1009	724
1013	724
1013	722
1014	722
1014	721
1013	721
1013	720
1014	720
1014	717
1019	717
1019	715
1022	715
1022	713
1023	713
1023	711
1024	711
1024	709
1025	709
1025	703
1026	703
1026	701
1032	701
1032	696
1033	696
1033	695
1036	695
1036	693
1037	693
1037	692
1041	692
1041	688
1042	688
1042	687
1045	687
1045	686
1046	686
1046	683
1050	683
1050	679
1051	679
1051	678
1055	678
1055	672
1056	672
1056	671
1057	671
1057	670
1058	670
1058	669
1061	669
1061	664
1064	664
1064	660
1065	660
1065	658
1066	658
1066	657
1067	657
1067	655
1069	655
1069	653
1070	653
1070	652
1071	652
1071	651
1073	651
1073	649
1074	649
1074	648
1076	648
1076	647
1077	647
1077	646
1078	646
1078	641
1083	641
1083	640
1082	640
1082	639
1083	639
1083	636
1084	636
1084	632
1087	632
1087	627
1088	627
1088	626
1087	626
1087	623
1078	623
1078	624
1076	624
1076	626
1072	626
1072	629
1070	629
1070	630
1068	630
1068	634
1066	634
1066	635
1063	635
1063	636
1062	636
1062	637
1061	637
1061	638
1060	638
1060	639
1059	639
1059	640
1058	640
1058	642
1057	642
1057	643
1055	643
1055	644
1053	644
1053	646
1052	646
1052	647
1051	647
1051	648
1050	648
1050	649
1048	649
1048	651
1047	651
1047	652
1046	652
1046	653
1045	653
1045	654
1044	654
1044	655
1043	655
1043	656
1042	656
1042	657
1041	657
1041	658
1040	658
1040	659
1039	659
1039	660
1038	660
1038	661
1037	661
1037	662
1036	662
1036	663
1035	663
1035	664
1034	664
1034	665
1033	665
1033	666
1032	666
1032	667
1030	667
1030	670
1029	670
1029	671
1027	671
1027	672
1025	672
1025	676
1024	676
1024	677
1023	677
1023	681
1021	681
1021	682
1020	682
1020	683
1019	683
1019	684
1018	684
1018	685
1016	685
1016	686
1015	686
1015	687
1014	687
1014	690
1012	690
1012	692
1011	692
1011	693
1009	693
1009	695
1007	695
1007	697
1005	697
1005	699
1003	699
1003	700
1002	700
1002	704
998	704
998	709
996	709
996	713
989	713
989	714
988	714
988	715
987	715
987	717
986	717
986	718
984	718
984	722
983	722
983	723
982	723
982	725
981	725
981	726
980	726
980	727
979	727
979	728
978	728
978	732
975	732
975	737
974	737
974	738
973	738
973	739
972	739
972	740
971	740
971	741
970	741
970	742
969	742
969	744
968	744
968	745
966	745
966	746
965	746
965	750
964	750
964	752
963	752
963	755
961	755
961	760
960	760
960	761
959	761
959	762
958	762
958	763
957	763
957	764
956	764
956	766
955	766
955	768
953	768
953	769
945	769
945	772
944	772
944	773
942	773
942	774
941	774
941	778
938	778
938	782
936	782
936	783
934	783
934	787
933	787
933	789
931	789
931	790
929	790
929	792
927	792
927	796
926	796
926	797
925	797
925	801
923	801
923	806
920	806
920	807
919	807
919	811
918	811
918	812
916	812
916	809
917	809
917	808
916	808
916	805
909	805
909	806
908	806
908	810
906	810
906	815
905	815
905	817
904	817
904	818
903	818
903	819
901	819
901	820
900	820
900	822
899	822
899	824
897	824
897	825
896	825
896	829
894	829
894	833
891	833
891	834
890	834
890	838
888	838
888	842
886	842
886	848
885	848
885	849
883	849
883	851
882	851
882	852
881	852
881	854
880	854
880	856
878	856
878	857
876	857
876	850
875	850
875	849
869	849
869	850
867	850
867	853
866	853
866	856
865	856
865	857
864	857
864	862
862	862
862	864
861	864
861	865
859	865
859	867
858	867
858	869
857	869
857	870
855	870
855	873
854	873
854	874
853	874
853	876
852	876
852	878
851	878
851	880
850	880
850	881
849	881
849	882
848	882
848	883
847	883
847	884
846	884
846	885
845	885
845	887
844	887
844	888
843	888
843	889
841	889
841	891
838	891
838	892
836	892
836	893
833	893
833	891
826	891
826	892
825	892
825	893
823	893
823	894
822	894
822	902
818	902
818	903
817	903
817	905
816	905
816	907
813	907
813	908
812	908
812	909
813	909
813	910
812	910
812	912
811	912
811	914
809	914
809	917
808	917
808	918
807	918
807	919
806	919
806	920
805	920
805	921
804	921
804	922
803	922
803	923
802	923
802	924
801	924
801	925
800	925
800	926
799	926
799	927
798	927
798	928
797	928
797	929
796	929
796	930
795	930
795	932
794	932
794	933
792	933
792	925
784	925
784	927
783	927
783	930
781	930
781	936
780	936
780	937
779	937
779	938
778	938
778	939
772	939
772	943
771	943
771	945
770	945
770	948
768	948
768	949
767	949
767	951
766	951
766	953
764	953
764	954
763	954
763	955
762	955
762	959
758	959
758	961
757	961
757	962
755	962
755	963
753	963
753	965
752	965
752	966
750	966
750	967
747	967
747	968
746	968
746	969
744	969
744	967
743	967
743	966
744	966
744	965
743	965
743	964
744	964
744	963
740	963
740	962
738	962
738	963
736	963
736	962
735	962
735	968
734	968
734	969
733	969
733	970
732	970
732	971
731	971
731	972
730	972
730	974
729	974
729	975
728	975
728	976
727	976
727	980
726	980
726	981
725	981
725	983
720	983
720	984
719	984
719	985
718	985
718	986
717	986
717	987
716	987
716	990
715	990
715	993
713	993
713	994
712	994
712	996
711	996
711	997
710	997
710	998
709	998
709	999
707	999
707	1000
705	1000
705	1001
703	1001
703	1002
702	1002
702	1003
700	1003
700	1004
698	1004
698	1006
697	1006
697	1007
694	1007
694	1008
693	1008
693	1009
692	1009
692	1010
689	1010
689	1011
687	1011
687	1009
688	1009
688	999
679	999
679	1000
678	1000
678	1004
676	1004
676	1008
675	1008
675	1009
674	1009
674	1012
673	1012
673	1013
671	1013
671	1014
670	1014
670	1016
669	1016
669	1017
668	1017
668	1018
667	1018
667	1022
661	1022
661	1023
660	1023
660	1025
659	1025
659	1026
658	1026
658	1027
657	1027
657	1028
656	1028
656	1029
654	1029
654	1030
652	1030
652	1031
650	1031
650	1032
648	1032
648	1033
647	1033
647	1034
646	1034
646	1035
643	1035
643	1038
638	1038
638	1039
637	1039
637	1040
634	1040
634	1041
632	1041
632	1040
625	1040
625	1041
623	1041
623	1042
622	1042
622	1045
620	1045
620	1046
618	1046
618	1045
617	1045
617	1046
615	1046
615	1048
613	1048
613	1050
611	1050
611	1052
610	1052
610	1055
609	1055
609	1056
608	1056
608	1057
607	1057
607	1058
606	1058
606	1059
602	1059
602	1060
601	1060
601	1062
600	1062
600	1063
598	1063
598	1064
597	1064
597	1065
596	1065
596	1066
595	1066
595	1068
593	1068
593	1069
592	1069
592	1070
591	1070
591	1071
590	1071
590	1072
589	1072
589	1073
588	1073
588	1074
585	1074
585	1063
584	1063
584	1059
577	1059
577	1060
576	1060
576	1064
574	1064
574	1069
573	1069
573	1070
572	1070
572	1071
571	1071
571	1072
570	1072
570	1073
569	1073
569	1074
568	1074
568	1077
566	1077
566	1078
564	1078
564	1077
562	1077
562	1078
560	1078
560	1081
559	1081
559	1082
558	1082
558	1083
557	1083
557	1084
556	1084
556	1085
554	1085
554	1086
552	1086
552	1087
550	1087
550	1089
548	1089
548	1090
546	1090
546	1091
541	1091
541	1096
535	1096
535	1093
534	1093
534	1089
533	1089
533	1087
526	1087
526	1088
525	1088
525	1089
524	1089
524	1090
522	1090
522	1091
519	1091
519	1092
518	1092
518	1096
516	1096
516	1098
515	1098
515	1099
513	1099
513	1100
511	1100
511	1101
509	1101
509	1102
508	1102
508	1104
507	1104
507	1105
505	1105
505	1106
504	1106
504	1107
500	1107
500	1109
495	1109
495	1110
491	1110
491	1111
490	1111
490	1101
489	1101
489	1100
488	1100
488	1101
487	1101
487	1100
483	1100
483	1101
481	1101
481	1103
480	1103
480	1104
479	1104
479	1105
478	1105
478	1106
476	1106
476	1108
475	1108
475	1109
473	1109
473	1110
472	1110
472	1112
467	1112
467	1113
465	1113
465	1114
464	1114
464	1115
462	1115
462	1116
461	1116
461	1115
459	1115
459	1116
458	1116
458	1117
455	1117
455	1118
454	1118
454	1119
450	1119
450	1120
449	1120
449	1122
445	1122
445	1123
444	1123
444	1124
443	1124
443	1123
442	1123
442	1124
435	1124
435	1125
430	1125
430	1118
429	1118
429	1117
422	1117
422	1118
421	1118
421	1119
418	1119
418	1123
414	1123
414	1124
408	1124
408	1126
406	1126
406	1127
403	1127
403	1128
399	1128
399	1129
398	1129
398	1128
395	1128
395	1129
394	1129
394	1130
393	1130
393	1131
385	1131
385	1132
374	1132
374	1130
366	1130
366	1132
362	1132
362	1133
357	1133
357	1134
353	1134
353	1135
352	1135
352	1136
343	1136
343	1137
335	1137
335	1138
329	1138
329	1140
311	1140
311	1141
307	1141
307	1142
301	1142
301	1143
297	1143
297	1145
288	1145
288	1146
283	1146
283	1147
278	1147
278	1148
274	1148
274	1149
273	1149
273	1150
272	1150
272	1149
270	1149
270	1150
269	1150
269	1151
261	1151
261	1152
260	1152
260	1153
256	1153
256	1154
255	1154
255	1155
250	1155
250	1156
242	1156
242	1157
241	1157
241	1158
240	1158
240	1159
233	1159
233	1160
231	1160
231	1161
230	1161
230	1160
229	1160
229	1161
228	1161
228	1162
227	1162
227	1163
226	1163
226	1162
224	1162
224	1163
219	1163
219	1164
214	1164
214	1165
205	1165
205	1166
204	1166
204	1167
200	1167
200	1168
195	1168
195	1169
191	1169
191	1170
186	1170
186	1171
182	1171
182	1172
178	1172
178	1173
174	1173
174	1174
168	1174
168	1175
163	1175
163	1176
159	1176
159	1177
154	1177
154	1178
145	1178
145	1179
136	1179
136	1180
127	1180
127	1181
122	1181
122	1182
121	1182
121	1184
119	1184
119	1181
113	1181
113	1180
110	1180
110	1177
115	1177
115	1176
118	1176
118	1173
119	1173
119	1172
136	1172
136	1171
137	1171
137	1169
142	1169
142	1167
160	1167
160	1164
164	1164
164	1163
168	1163
168	1162
169	1162
169	1163
170	1163
170	1162
174	1162
174	1160
178	1160
178	1159
183	1159
183	1158
187	1158
187	1157
188	1157
188	1155
192	1155
192	1154
197	1154
197	1153
201	1153
201	1152
202	1152
202	1151
204	1151
204	1150
206	1150
206	1149
207	1149
207	1148
208	1148
208	1149
210	1149
210	1148
211	1148
211	1147
213	1147
213	1146
215	1146
215	1145
220	1145
220	1144
224	1144
224	1142
228	1142
228	1141
234	1141
234	1139
238	1139
238	1138
239	1138
239	1137
242	1137
242	1136
243	1136
243	1135
247	1135
247	1134
248	1134
248	1133
250	1133
250	1132
257	1132
257	1130
261	1130
261	1129
262	1129
262	1128
263	1128
263	1127
264	1127
264	1128
265	1128
265	1127
266	1127
266	1125
271	1125
271	1122
272	1122
272	1124
273	1124
273	1122
274	1122
274	1121
275	1121
275	1119
279	1119
279	1118
280	1118
280	1117
282	1117
282	1116
284	1116
284	1115
285	1115
285	1114
289	1114
289	1113
290	1113
290	1112
296	1112
296	1111
297	1111
297	1104
299	1104
299	1105
300	1105
300	1104
311	1104
311	1103
316	1103
316	1102
317	1102
317	1100
320	1100
320	1099
323	1099
323	1098
325	1098
325	1097
326	1097
326	1095
331	1095
331	1094
332	1094
332	1093
335	1093
335	1091
339	1091
339	1090
340	1090
340	1087
344	1087
344	1086
345	1086
345	1085
349	1085
349	1081
353	1081
353	1080
354	1080
354	1079
358	1079
358	1078
359	1078
359	1077
362	1077
362	1076
364	1076
364	1075
367	1075
367	1074
368	1074
368	1072
372	1072
372	1064
368	1064
368	1060
367	1060
367	1059
366	1059
366	1057
372	1057
372	1056
377	1056
377	1054
381	1054
381	1053
383	1053
383	1052
386	1052
386	1051
387	1051
387	1050
390	1050
390	1049
400	1049
400	1043
404	1043
404	1040
405	1040
405	1038
408	1038
408	1037
409	1037
409	1035
414	1035
414	1033
418	1033
418	1031
421	1031
421	1030
422	1030
422	1031
423	1031
423	1029
427	1029
427	1027
428	1027
428	1018
425	1018
425	1015
428	1015
428	1013
429	1013
429	1012
430	1012
430	1013
431	1013
431	1012
432	1012
432	1011
434	1011
434	1010
437	1010
437	1006
441	1006
441	1003
442	1003
442	1002
444	1002
444	1001
446	1001
446	999
447	999
447	998
450	998
450	997
451	997
451	996
453	996
453	993
454	993
454	992
459	992
459	991
460	991
460	987
464	987
464	986
465	986
465	985
466	985
466	984
469	984
469	982
470	982
470	980
471	980
471	979
474	979
474	976
478	976
478	975
479	975
479	974
483	974
483	972
484	972
484	971
487	971
487	970
488	970
488	969
491	969
491	968
492	968
492	967
494	967
494	966
495	966
495	965
500	965
500	964
502	964
502	954
501	954
501	952
498	952
498	951
492	951
492	948
481	948
481	946
483	946
483	945
484	945
484	944
485	944
485	943
486	943
486	942
487	942
487	941
488	941
488	937
494	937
494	936
497	936
497	934
498	934
498	933
499	933
499	932
501	932
501	931
502	931
502	930
504	930
504	931
505	931
505	930
506	930
506	927
512	927
512	926
515	926
515	924
519	924
519	923
524	923
524	922
525	922
525	921
529	921
529	920
531	920
531	919
532	919
532	918
533	918
533	917
534	917
534	915
536	915
536	914
544	914
544	913
548	913
548	903
543	903
543	901
544	901
544	900
546	900
546	899
547	899
547	897
548	897
548	895
552	895
552	890
557	890
557	888
559	888
559	887
561	887
561	885
565	885
565	884
566	884
566	883
570	883
570	882
571	882
571	881
575	881
575	880
577	880
577	879
578	879
578	880
579	880
579	879
580	879
580	878
581	878
581	876
584	876
584	875
585	875
585	873
589	873
589	872
594	872
594	863
593	863
593	862
589	862
589	859
590	859
590	858
593	858
593	857
594	857
594	855
598	855
598	854
600	854
600	853
602	853
602	854
603	854
603	852
604	852
604	850
605	850
605	849
611	849
611	848
612	848
612	846
616	846
616	845
618	845
618	844
621	844
621	843
622	843
622	842
629	842
629	841
634	841
634	840
636	840
636	839
637	839
637	840
638	840
638	839
641	839
641	840
642	840
642	839
644	839
644	831
640	831
640	826
644	826
644	823
649	823
649	820
653	820
653	819
654	819
654	817
658	817
658	816
659	816
659	815
663	815
663	814
667	814
667	813
668	813
668	812
672	812
672	811
673	811
673	806
676	806
676	805
680	805
680	804
686	804
686	803
696	803
696	802
697	802
697	795
696	795
696	794
691	794
691	793
690	793
690	792
689	792
689	789
695	789
695	787
696	787
696	786
700	786
700	785
702	785
702	784
709	784
709	781
710	781
710	780
718	780
718	779
720	779
720	780
722	780
722	779
723	779
723	777
724	777
724	778
725	778
725	777
726	777
726	776
727	776
727	771
736	771
736	770
746	770
746	769
749	769
749	768
755	768
755	760
754	760
754	759
753	759
753	758
752	758
752	757
751	757
751	755
749	755
749	754
743	754
743	752
745	752
745	751
746	751
746	750
748	750
748	749
759	749
759	748
763	748
763	747
782	747
782	746
783	746
783	744
784	744
784	743
791	743
791	742
792	742
792	741
796	741
796	740
797	740
797	730
796	730
796	729
793	729
793	727
794	727
794	726
798	726
798	725
816	725
816	724
821	724
821	723
822	723
822	720
828	720
828	719
829	719
829	718
833	718
833	717
834	717
834	716
838	716
838	715
842	715
842	714
843	714
843	705
842	705
842	703
844	703
844	702
852	702
852	701
861	701
861	700
865	700
865	699
866	699
866	698
870	698
870	697
872	697
872	696
875	696
875	694
876	694
876	695
877	695
877	694
879	694
879	693
880	693
880	692
888	692
888	691
889	691
889	690
892	690
892	689
895	689
895	683
898	683
898	678
899	678
899	679
900	679
900	678
912	678
912	677
915	677
915	676
920	676
920	675
921	675
921	674
925	674
925	673
926	673
926	672
930	672
930	670
932	670
932	669
935	669
935	668
937	668
937	667
941	667
941	666
944	666
944	665
949	665
949	664
952	664
952	663
954	663
954	662
958	662
958	657
959	657
959	656
960	656
960	655
962	655
962	654
963	654
963	653
968	653
968	652
969	652
969	653
970	653
970	652
972	652
972	651
976	651
976	650
978	650
978	649
980	649
980	648
981	648
981	647
985	647
985	646
990	646
990	643
995	643
995	641
1000	641
1000	639
1004	639
1004	638
1008	638
1008	637
1012	637
1012	636
1014	636
1014	635
1015	635
1015	634
1018	634
1018	633
1022	633
1022	631
1023	631
1023	630
1025	630
1025	629
1026	629
1026	628
1031	628
1031	627
1032	627
1032	628
1033	628
1033	627
1037	627
1037	623
1050	623
1050	620
1052	620
1052	619
1055	619
1055	616
1059	616
1059	615
1061	615
1061	614
1064	614
1064	611
1069	611
1069	603
1068	603
1068	602
1054	602
1054	603
1049	603
1049	604
1048	604
1048	605
1040	605
1040	606
1035	606
1035	607
1021	607
1021	608
1020	608
1020	611
1012	611
1012	612
1007	612
1007	616
992	616
992	617
991	617
991	616
990	616
990	617
988	617
988	619
985	619
985	618
984	618
984	620
980	620
980	621
976	621
976	620
966	620
966	621
961	621
961	623
958	623
958	624
956	624
956	625
948	625
948	626
942	626
942	628
939	628
939	629
934	629
934	630
933	630
933	631
929	631
929	633
925	633
925	634
924	634
924	635
918	635
918	633
917	633
917	632
911	632
911	633
908	633
908	634
907	634
907	635
901	635
901	637
897	637
897	638
896	638
896	639
888	639
888	640
887	640
887	641
886	641
886	642
883	642
883	643
882	643
882	644
878	644
878	646
876	646
876	647
875	647
875	646
874	646
874	647
873	647
873	648
869	648
869	649
864	649
864	648
863	648
863	645
862	645
862	644
855	644
855	645
854	645
854	647
847	647
847	648
842	648
842	649
837	649
837	651
836	651
836	652
833	652
833	653
828	653
828	654
827	654
827	656
823	656
823	657
822	657
822	658
818	658
818	660
810	660
810	653
800	653
800	655
799	655
799	656
798	656
798	657
795	657
795	658
781	658
781	660
777	660
777	661
776	661
776	662
772	662
772	663
767	663
767	664
766	664
766	665
765	665
765	664
763	664
763	665
752	665
752	664
755	664
755	656
754	656
754	655
749	655
749	656
747	656
747	657
746	657
746	658
740	658
740	659
738	659
738	660
737	660
737	659
736	659
736	660
731	660
731	661
729	661
729	662
728	662
728	661
727	661
727	662
722	662
722	663
721	663
721	664
718	664
718	665
712	665
712	666
711	666
711	665
709	665
709	666
703	666
703	667
697	667
697	666
696	666
696	665
698	665
698	664
701	664
701	657
700	657
700	656
689	656
689	658
684	658
684	660
668	660
668	661
667	661
667	660
666	660
666	662
662	662
662	663
657	663
657	664
648	664
648	665
643	665
643	664
640	664
640	663
638	663
638	662
637	662
637	661
638	661
638	660
637	660
637	658
625	658
625	659
624	659
624	660
622	660
622	659
621	659
621	658
611	658
611	659
610	659
610	660
607	660
607	661
601	661
601	662
600	662
600	661
597	661
597	662
596	662
596	661
594	661
594	662
575	662
575	661
573	661
573	660
574	660
574	659
575	659
575	657
576	657
576	649
565	649
565	650
564	650
564	651
560	651
560	653
552	653
552	654
550	654
550	653
548	653
548	649
544	649
544	648
542	648
542	649
541	649
541	648
538	648
538	649
502	649
502	648
501	648
501	649
499	649
499	648
498	648
498	646
497	646
497	645
498	645
498	643
497	643
497	642
481	642
481	643
472	643
472	642
471	642
471	639
470	639
470	638
463	638
463	637
455	637
455	635
450	635
450	634
437	634
437	633
432	633
432	631
431	631
431	630
430	630
430	629
429	629
429	628
427	628
427	627
423	627
423	628
414	628
414	626
409	626
409	625
405	625
405	624
403	624
403	623
396	623
396	622
395	622
395	621
386	621
386	620
381	620
381	619
372	619
372	616
371	616
371	617
370	617
370	616
369	616
369	617
363	617
363	616
357	616
357	615
353	615
353	614
345	614
345	613
344	613
344	612
337	612
337	611
336	611
336	612
330	612
330	611
328	611
328	612
327	612
327	611
322	611
322	610
312	610
312	607
289	607
289	606
280	606
280	605
270	605
270	604
269	604
269	603
268	603
268	604
267	604
267	603
265	603
265	602
256	602
256	601
251	601
251	600
248	600
248	599
247	599
247	598
242	598
242	597
240	597
240	596
239	596
239	593
266	593
266	594
278	594
278	593
291	593
291	594
292	594
292	595
308	595
308	593
314	593
314	594
321	594
321	593
336	593
336	594
358	594
358	593
360	593
360	594
376	594
376	593
379	593
379	594
384	594
384	593
392	593
392	594
394	594
394	595
432	595
432	594
435	594
435	593
438	593
438	592
455	592
455	591
456	591
456	589
455	589
455	587
456	587
456	586
460	586
460	585
461	585
461	583
460	583
460	582
462	582
462	585
463	585
463	586
478	586
478	584
485	584
485	583
510	583
510	582
511	582
511	570
539	570
539	569
546	569
546	568
554	568
554	567
574	567
574	568
578	568
578	569
584	569
584	570
585	570
585	569
586	569
586	561
584	561
584	557
582	557
582	556
580	556
580	555
581	555
581	554
582	554
582	555
583	555
583	554
587	554
587	555
596	555
596	556
606	556
606	558
630	558
630	555
631	555
631	552
633	552
633	553
635	553
635	554
641	554
641	553
642	553
642	552
641	552
641	545
643	545
643	544
644	544
644	543
649	543
649	542
665	542
665	543
666	543
666	544
672	544
672	545
684	545
684	546
685	546
685	547
689	547
689	549
702	549
702	541
701	541
701	540
699	540
699	539
698	539
698	540
696	540
696	539
697	539
697	537
699	537
699	536
701	536
701	537
715	537
715	538
721	538
721	540
726	540
726	541
728	541
728	542
739	542
739	543
740	543
740	544
745	544
745	545
749	545
749	546
751	546
751	547
759	547
759	546
760	546
760	541
759	541
759	540
760	540
760	539
759	539
759	538
755	538
755	534
757	534
757	533
762	533
762	534
763	534
763	535
767	535
767	536
774	536
774	537
775	537
775	538
776	538
776	539
777	539
777	540
786	540
786	541
791	541
791	542
795	542
795	544
800	544
800	545
806	545
806	547
815	547
815	538
810	538
810	536
814	536
814	535
816	535
816	536
828	536
828	538
830	538
830	539
832	539
832	538
833	538
833	539
834	539
834	541
836	541
836	542
837	542
837	543
841	543
841	544
844	544
844	545
846	545
846	546
850	546
850	548
851	548
851	550
852	550
852	549
861	549
861	541
860	541
860	540
859	540
859	538
864	538
864	539
865	539
865	540
867	540
867	541
868	541
868	542
869	542
869	544
872	544
872	545
874	545
874	546
875	546
875	547
878	547
878	549
896	549
896	550
897	550
897	551
905	551
905	553
907	553
907	554
913	554
913	553
915	553
915	545
917	545
917	546
919	546
919	548
920	548
920	549
924	549
924	552
929	552
929	553
930	553
930	554
931	554
931	555
933	555
933	557
934	557
934	558
948	558
948	559
949	559
949	558
952	558
952	559
954	559
954	560
956	560
956	561
961	561
961	563
962	563
962	564
970	564
970	559
974	559
974	560
978	560
978	561
979	561
979	562
980	562
980	563
985	563
985	564
986	564
986	565
988	565
988	566
993	566
993	567
994	567
994	568
1002	568
1002	569
1007	569
1007	570
1011	570
1011	571
1012	571
1012	572
1016	572
1016	573
1020	573
1020	574
1022	574
1022	575
1035	575
1035	577
1039	577
1039	578
1041	578
1041	579
1044	579
1044	581
1052	581
1052	579
1053	579
1053	574
1052	574
1052	573
1051	573
1051	572
1050	572
1050	569
1046	569
1046	566
1040	566
1040	565
1032	565
1032	561
1028	561
1028	560
1023	560
1023	558
1022	558
1022	556
1014	556
1014	552
1013	552
1013	551
1005	551
1005	548
1004	548
1004	547
1003	547
1003	546
1002	546
1002	545
1001	545
1001	544
1000	544
1000	543
998	543
998	542
997	542
997	541
996	541
996	540
990	540
990	537
986	537
986	536
981	536
981	533
979	533
979	532
977	532
977	531
976	531
976	530
977	530
977	529
976	529
976	524
975	524
975	523
972	523
972	520
971	520
971	519
968	519
968	518
967	518
967	516
966	516
966	517
964	517
964	516
963	516
963	513
958	513
958	510
957	510
957	509
953	509
953	508
944	508
944	506
940	506
940	505
939	505
939	504
935	504
935	501
933	501
933	500
934	500
934	499
937	499
937	498
938	498
938	499
939	499
939	498
940	498
940	490
935	490
935	486
936	486
936	485
934	485
934	484
933	484
933	485
931	485
931	483
930	483
930	481
926	481
926	479
925	479
925	478
921	478
921	476
917	476
917	474
916	474
916	473
912	473
912	469
908	469
908	468
907	468
907	467
903	467
903	464
902	464
902	463
898	463
898	460
897	460
897	459
896	459
896	457
898	457
898	456
899	456
899	451
898	451
898	448
894	448
894	447
893	447
893	444
891	444
891	445
890	445
890	444
889	444
889	441
888	441
888	440
884	440
884	437
883	437
883	436
881	436
881	435
880	435
880	433
879	433
879	432
875	432
875	430
871	430
871	428
870	428
870	426
866	426
866	423
865	423
865	422
862	422
862	421
861	421
861	418
864	418
864	417
875	417
875	409
870	409
870	408
868	408
868	407
866	407
866	404
861	404
861	400
860	400
860	399
857	399
857	396
856	396
856	395
852	395
852	391
850	391
850	390
849	390
849	391
848	391
848	390
847	390
847	387
843	387
843	386
841	386
841	385
840	385
840	382
839	382
839	381
834	381
834	371
833	371
833	369
836	369
836	361
835	361
835	360
834	360
834	359
833	359
833	358
831	358
831	356
830	356
830	355
829	355
829	353
827	353
827	352
825	352
825	350
824	350
824	349
822	349
822	348
821	348
821	344
820	344
820	343
821	343
821	342
820	342
820	340
818	340
818	339
816	339
816	338
815	338
815	335
814	335
814	334
813	334
813	333
812	333
812	332
811	332
811	331
810	331
810	330
809	330
809	327
808	327
808	326
807	326
807	324
808	324
808	322
807	322
807	321
804	321
804	320
803	320
803	314
805	314
805	313
806	313
806	303
802	303
802	302
801	302
801	298
799	298
799	294
797	294
797	293
796	293
796	292
797	292
797	291
796	291
796	289
794	289
794	281
793	281
793	280
790	280
790	275
789	275
789	271
787	271
787	266
785	266
785	264
784	264
784	262
783	262
783	261
784	261
784	260
785	260
785	253
784	253
784	252
783	252
783	248
780	248
780	244
779	244
779	243
778	243
778	238
776	238
776	229
775	229
775	227
776	227
776	226
775	226
775	224
774	224
774	220
772	220
772	219
771	219
771	211
770	211
770	210
769	210
769	202
768	202
768	201
767	201
767	199
766	199
766	193
765	193
765	192
764	192
764	191
765	191
765	190
764	190
764	187
762	187
762	183
761	183
761	178
760	178
760	174
759	174
759	173
757	173
757	165
756	165
756	164
755	164
755	160
753	160
753	156
752	156
752	151
751	151
751	147
750	147
750	146
749	146
749	142
748	142
748	137
747	137
747	136
746	136
746	128
744	128
744	126
743	126
743	119
742	119
742	118
741	118
741	117
742	117
742	116
741	116
741	114
739	114
739	110
738	110
738	105
737	105
737	102
739	102
739	103
741	103
741	104
742	104
742	105
743	105
743	106
744	106
744	111
747	111
747	112
748	112
748	115
749	115
749	116
751	116
751	118
750	118
750	119
751	119
751	120
753	120
753	125
755	125
755	129
757	129
757	131
758	131
758	134
760	134
760	137
761	137
761	139
762	139
762	141
763	141
763	143
764	143
764	146
765	146
765	148
766	148
766	149
767	149
767	152
768	152
768	153
769	153
769	154
770	154
770	157
771	157
771	158
772	158
772	161
773	161
773	162
774	162
774	165
775	165
775	166
776	166
776	170
777	170
777	171
779	171
779	175
780	175
780	176
781	176
781	179
782	179
782	180
783	180
783	181
784	181
784	184
785	184
785	187
786	187
786	189
787	189
787	190
788	190
788	193
789	193
789	194
790	194
790	198
791	198
791	199
792	199
792	200
793	200
793	203
795	203
795	208
797	208
797	211
798	211
798	213
800	213
800	215
799	215
799	216
800	216
800	217
802	217
802	221
803	221
803	222
804	222
804	226
807	226
807	231
810	231
810	233
811	233
811	235
813	235
813	239
814	239
814	240
815	240
815	244
816	244
816	246
817	246
817	247
822	247
822	249
825	249
825	253
826	253
826	254
827	254
827	258
831	258
831	261
832	261
832	263
834	263
834	264
835	264
835	267
836	267
836	271
837	271
837	272
840	272
840	273
841	273
841	276
842	276
842	277
845	277
845	279
846	279
846	281
849	281
849	282
850	282
850	284
855	284
855	286
859	286
859	289
860	289
860	290
861	290
861	292
862	292
862	295
863	295
863	297
864	297
864	300
866	300
866	304
867	304
867	305
875	305
875	304
877	304
877	303
878	303
878	305
881	305
881	306
882	306
882	307
883	307
883	309
886	309
886	310
887	310
887	313
888	313
888	314
889	314
889	315
890	315
890	317
891	317
891	318
892	318
892	319
894	319
894	323
897	323
897	325
898	325
898	327
899	327
899	328
901	328
901	333
904	333
904	334
905	334
905	336
906	336
906	337
908	337
908	338
910	338
910	341
911	341
911	342
913	342
913	345
914	345
914	346
915	346
915	350
917	350
917	353
918	353
918	355
919	355
919	358
920	358
920	360
927	360
927	359
928	359
928	356
930	356
930	354
931	354
931	346
932	346
932	347
933	347
933	350
934	350
934	351
936	351
936	355
938	355
938	360
942	360
942	364
943	364
943	365
946	365
946	366
947	366
947	369
949	369
949	371
950	371
950	372
949	372
949	373
950	373
950	374
952	374
952	378
953	378
953	379
955	379
955	383
956	383
956	386
957	386
957	387
960	387
960	389
961	389
961	392
964	392
964	395
972	395
972	389
974	389
974	390
975	390
975	392
978	392
978	393
979	393
979	396
980	396
980	397
982	397
982	401
984	401
984	406
988	406
988	408
987	408
987	409
988	409
988	411
990	411
990	413
991	413
991	415
992	415
992	417
993	417
993	420
995	420
995	421
996	421
996	423
997	423
997	424
998	424
998	425
1004	425
1004	429
1006	429
1006	431
1007	431
1007	434
1008	434
1008	435
1009	435
1009	438
1010	438
1010	439
1018	439
1018	436
1019	436
1019	434
1020	434
1020	437
1021	437
1021	438
1022	438
1022	439
1023	439
1023	442
1024	442
1024	443
1025	443
1025	445
1026	445
1026	447
1028	447
1028	448
1029	448
1029	452
1030	452
1030	457
1033	457
1033	465
1034	465
1034	466
1036	466
1036	470
1037	470
1037	471
1038	471
1038	475
1041	475
1041	477
1042	477
1042	480
1044	480
1044	484
1045	484
1045	485
1046	485
1046	486
1047	486
1047	488
1048	488
1048	489
1049	489
1049	494
1052	494
1052	498
1054	498
1054	499
1055	499
1055	503
1056	503
1056	504
1058	504
1058	512
1066	512
1066	502
1065	502
1065	501
1064	501
1064	498
1069	498
1069	502
1070	502
1070	503
1072	503
1072	508
1073	508
1073	512
1075	512
1075	517
1076	517
1076	521
1078	521
1078	522
1079	522
1079	526
1080	526
1080	530
1081	530
1081	531
1083	531
1083	534
1084	534
1084	539
1085	539
1085	540
1087	540
1087	544
1088	544
1088	546
1089	546
1089	547
1088	547
1088	548
1093	548
1093	558
1095	558
1095	563
1099	563
1099	571
1100	571
1100	572
1105	572
1105	577
1106	577
1106	579
1108	579
1108	581
1109	581
1109	582
1110	582
1110	585
1111	585
1111	591
1112	591
1112	592
1113	592
1113	593
1114	593
1114	594
1120	594
1120	593
1122	593
1122	591
1124	591
1124	584
1125	584
1125	583
1126	583
1126	581
1127	581
1127	577
1129	577
1129	574
1130	574
1130	572
1131	572
1131	568
1133	568
1133	567
1134	567
1134	565
1135	565
1135	563
1136	563
1136	562
1137	562
1137	561
1138	561
1138	558
1140	558
1140	556
1141	556
1141	555
1142	555
1142	554
1143	554
1143	552
1144	552
1144	550
1146	550
1146	549
1147	549
1147	547
1148	547
1148	544
1152	544
1152	539
1154	539
1154	538
1155	538
1155	537
1156	537
1156	536
1159	536
1159	535
1161	535
1161	534
1162	534
1162	535
1163	535
1163	534
1165	534
1165	533
1166	533
1166	530
1167	530
1167	528
1168	528
1168	526
1171	526
1171	525
1172	525
1172	523
1173	523
1173	521
1175	521
1175	517
1178	517
1178	516
1179	516
1179	512
1182	512
1182	509
1183	509
1183	508
1184	508
1184	507
1185	507
1185	508
1186	508
1186	503
1188	503
1188	501
1189	501
1189	499
1190	499
1190	498
1191	498
1191	496
1192	496
1192	494
1195	494
1195	489
1198	489
1198	486
1199	486
1199	485
1200	485
1200	484
1202	484
1202	481
1203	481
1203	480
1207	480
1207	475
1208	475
1208	476
1209	476
1209	475
1210	475
1210	476
1211	476
1211	475
1212	475
1212	472
1213	472
1213	471
1215	471
1215	470
1216	470
1216	469
1217	469
1217	468
1219	468
1219	470
1218	470
1218	472
1217	472
1217	473
1216	473
1216	474
1215	474
1215	485
1223	485
1223	484
1225	484
1225	483
1226	483
1226	482
1225	482
1225	480
1226	480
1226	479
1227	479
1227	478
1228	478
1228	477
1229	477
1229	475
1234	475
1234	474
1235	474
1235	472
1237	472
1237	471
1243	471
1243	470
1244	470
1244	471
1245	471
1245	469
1247	469
1247	467
1248	467
1248	466
1253	466
1253	462
1257	462
1257	461
1258	461
1258	459
1259	459
1259	458
1260	458
1260	457
1263	457
1263	455
1264	455
1264	454
1267	454
1267	452
1271	452
1271	451
1272	451
1272	447
1273	447
1273	448
1274	448
1274	447
1276	447
1276	442
1277	442
1277	441
1281	441
1281	438
1282	438
1282	437
1284	437
1284	436
1286	436
1286	435
1288	435
1288	434
1289	434
1289	435
1290	435
1290	436
1289	436
1289	437
1288	437
1288	442
1287	442
1287	449
1288	449
1288	450
1295	450
1295	449
1298	449
1298	448
1299	448
1299	446
1300	446
1300	445
1301	445
1301	444
1302	444
1302	443
1304	443
1304	442
1305	442
1305	441
1306	441
1306	439
1309	439
1309	438
1313	438
1313	437
1317	437
1317	436
1321	436
1321	435
1322	435
1322	434
1326	434
1326	433
1327	433
1327	432
1332	432
1332	429
1340	429
1340	428
1341	428
1341	424
1345	424
1345	420
1348	420
1348	418
1349	418
1349	416
1350	416
1350	415
1355	415
1355	411
1357	411
1357	410
1358	410
1358	407
1359	407
1359	406
1362	406
1362	409
1361	409
1361	410
1360	410
1360	420
1368	420
1368	418
1369	418
1369	416
1370	416
1370	415
1373	415
1373	412
1377	412
1377	411
1378	411
1378	410
1379	410
1379	408
1380	408
1380	407
1382	407
1382	406
1386	406
1386	405
1387	405
1387	404
1399	404
1399	403
1403	403
1403	402
1405	402
1405	401
1406	401
1406	399
1407	399
1407	398
1408	398
1408	397
1414	397
1414	396
1415	396
1415	392
1419	392
1419	388
1421	388
1421	387
1424	387
1424	383
1428	383
1428	381
1429	381
1429	380
1430	380
1430	379
1431	379
1431	378
1433	378
1433	376
1434	376
1434	375
1436	375
1436	374
1439	374
1439	375
1438	375
1438	383
1446	383
1446	382
1447	382
1447	380
1448	380
1448	379
1450	379
1450	378
1456	378
1456	375
1457	375
1457	374
1460	374
1460	373
1461	373
1461	371
1464	371
1464	370
1465	370
1465	369
1466	369
1466	368
1468	368
1468	367
1470	367
1470	366
1471	366
1471	365
1478	365
1478	364
1479	364
1479	363
1480	363
1480	362
1482	362
1482	361
1484	361
1484	360
1488	360
1488	359
1489	359
1489	358
1493	358
1493	355
1497	355
1497	354
1498	354
1498	353
1499	353
1499	352
1500	352
1500	351
1502	351
1502	350
1503	350
1503	349
1506	349
1506	348
1507	348
1507	347
1508	347
1508	346
1511	346
1511	345
1512	345
1512	344
1514	344
1514	343
1516	343
1516	342
1518	342
1518	341
1521	341
1521	337
1525	337
1525	334
1530	334
1530	332
1534	332
1534	331
1535	331
1535	329
1534	329
1534	328
1535	328
1535	327
1537	327
1537	326
1539	326
1539	324
1541	324
1541	323
1544	323
1544	320
1545	320
1545	319
1548	319
1548	317
1549	317
1549	315
1552	315
1552	314
1554	314
1554	313
1555	313
1555	310
1556	310
1556	309
1558	309
1558	307
1560	307
1560	306
1561	306
1561	305
1562	305
1562	303
1563	303
1563	302
1565	302
1565	300
1569	300
1569	296
1570	296
1570	295
1573	295
1573	292
1574	292
1574	291
1576	291
1576	290
1577	290
1577	288
1578	288
1578	287
1579	287
1579	286
1580	286
1580	285
1581	285
1581	282
1583	282
1583	281
1585	281
1585	277
1589	277
1589	276
1590	276
1590	272
1591	272
1591	271
1592	271
1592	270
1593	270
1593	269
1594	269
1594	268
1596	268
1596	265
1597	265
1597	263
1599	263
1599	260
1601	260
1601	259
1603	259
1603	258
1604	258
1604	255
1605	255
1605	254
1608	254
1608	253
1609	253
1609	252
1610	252
1610	251
1611	251
1611	257
1610	257
1610	259
1609	259
1609	261
1607	261
1607	265
1606	265
1606	267
1605	267
1605	270
1603	270
1603	271
1602	271
1602	275
1601	275
1601	279
1600	279
1600	280
1598	280
1598	281
1597	281
1597	282
1598	282
1598	283
1597	283
1597	284
1596	284
1596	285
1595	285
1595	288
1593	288
1593	290
1592	290
1592	291
1593	291
1593	293
1591	293
1591	294
1590	294
1590	298
1589	298
1589	299
1588	299
1588	300
1587	300
1587	301
1586	301
1586	302
1585	302
1585	303
1584	303
1584	304
1583	304
1583	306
1582	306
1582	307
1581	307
1581	312
1577	312
1577	317
1576	317
1576	316
1575	316
1575	317
1574	317
1574	321
1572	321
1572	323
1571	323
1571	324
1572	324
1572	325
1571	325
1571	326
1569	326
1569	328
1568	328
1568	330
1566	330
1566	331
1565	331
1565	335
1561	335
1561	337
1560	337
1560	339
1557	339
1557	340
1556	340
1556	344
1554	344
1554	345
1553	345
1553	349
1550	349
1550	350
1549	350
1549	353
1548	353
1548	354
1547	354
1547	355
1546	355
1546	356
1545	356
1545	358
1542	358
1542	360
1541	360
1541	361
1540	361
1540	362
1539	362
1539	363
1537	363
1537	365
1534	365
1534	366
1533	366
1533	371
1529	371
1529	372
1528	372
1528	373
1527	373
1527	374
1526	374
1526	375
1525	375
1525	376
1523	376
1523	377
1522	377
1522	379
1521	379
1521	381
1520	381
1520	382
1518	382
1518	384
1515	384
1515	385
1514	385
1514	388
1510	388
1510	390
1506	390
1506	391
1505	391
1505	401
1504	401
1504	402
1502	402
1502	403
1496	403
1496	404
1493	404
1493	405
1491	405
1491	409
1486	409
1486	413
1483	413
1483	414
1481	414
1481	415
1480	415
1480	417
1478	417
1478	418
1476	418
1476	419
1475	419
1475	423
1473	423
1473	428
1472	428
1472	429
1471	429
1471	430
1470	430
1470	431
1469	431
1469	432
1468	432
1468	434
1467	434
1467	435
1466	435
1466	436
1465	436
1465	437
1464	437
1464	438
1463	438
1463	439
1462	439
1462	440
1461	440
1461	441
1460	441
1460	442
1459	442
1459	443
1458	443
1458	444
1457	444
1457	443
1455	443
1455	444
1454	444
1454	446
1450	446
1450	448
1446	448
1446	449
1445	449
1445	451
1444	451
1444	450
1442	450
1442	451
1440	451
1440	453
1436	453
1436	463
1444	463
1444	464
1445	464
1445	466
1444	466
1444	467
1441	467
1441	469
1436	469
1436	471
1432	471
1432	472
1431	472
1431	473
1427	473
1427	476
1422	476
1422	477
1418	477
1418	478
1413	478
1413	480
1409	480
1409	481
1408	481
1408	482
1407	482
1407	485
1405	485
1405	486
1403	486
1403	487
1401	487
1401	486
1400	486
1400	487
1395	487
1395	488
1394	488
1394	490
1389	490
1389	491
1386	491
1386	490
1385	490
1385	491
1384	491
1384	501
1385	501
1385	503
1392	503
1392	504
1393	504
1393	505
1391	505
1391	506
1385	506
1385	508
1376	508
1376	509
1372	509
1372	510
1359	510
1359	511
1358	511
1358	512
1357	512
1357	514
1353	514
1353	515
1349	515
1349	516
1348	516
1348	517
1345	517
1345	518
1344	518
1344	520
1343	520
1343	523
1344	523
1344	526
1350	526
1350	529
1334	529
1334	530
1332	530
1332	531
1326	531
1326	532
1325	532
1325	533
1319	533
1319	534
1317	534
1317	542
1312	542
1312	543
1311	543
1311	545
1307	545
1307	546
1289	546
1289	547
1285	547
1285	548
1284	548
1284	549
1283	549
1283	550
1278	550
1278	551
1277	551
1277	550
1276	550
1276	551
1275	551
1275	556
1274	556
1274	559
1270	559
1270	560
1265	560
1265	561
1247	561
1247	563
1246	563
1246	564
1244	564
1244	563
1242	563
1242	564
1241	564
1241	563
1239	563
1239	564
1238	564
1238	565
1237	565
1237	566
1236	566
1236	565
1234	565
1234	566
1232	566
1232	567
1228	567
1228	568
1224	568
1224	577
1243	577
1243	576
1244	576
1244	575
1246	575
1246	574
1253	574
1253	573
1255	573
1255	572
1256	572
1256	574
1257	574
1257	575
1264	575
1264	574
1266	574
1266	573
1269	573
1269	572
1276	572
1276	570
1279	570
1279	569
1286	569
1286	568
1300	568
1300	567
1308	567
1308	566
1309	566
1309	563
1321	563
1321	564
1320	564
1320	567
1321	567
1321	568
1332	568
1332	567
1336	567
1336	566
1338	566
1338	565
1344	565
1344	566
1345	566
1345	565
1351	565
1351	564
1352	564
1352	563
1359	563
1359	562
1360	562
1360	561
1363	561
1363	560
1365	560
1365	559
1366	559
1366	558
1367	558
1367	559
1368	559
1368	558
1369	558
1369	559
1371	559
1371	558
1374	558
1374	559
1375	559
1375	560
1376	560
1376	565
1395	565
1395	564
1398	564
1398	565
1400	565
1400	564
1401	564
1401	565
1402	565
1402	564
1404	564
1404	563
1410	563
1410	561
1414	561
1414	560
1415	560
1415	558
1417	558
1417	559
1419	559
1419	558
1424	558
1424	557
1427	557
1427	558
1431	558
1431	566
1432	566
1432	567
1436	567
1436	568
1437	568
1437	567
1442	567
1442	564
1449	564
1449	563
1465	563
1465	562
1466	562
1466	561
1474	561
1474	560
1487	560
1487	564
1484	564
1484	565
1482	565
1482	572
1483	572
1483	573
1491	573
1491	572
1511	572
1511	568
1537	568
1537	569
1540	569
1540	570
1542	570
1542	572
1538	572
1538	573
1537	573
1537	576
1536	576
1536	577
1535	577
1535	586
1544	586
1544	584
1548	584
1548	583
1556	583
1556	584
1560	584
1560	585
1567	585
1567	584
1576	584
1576	582
1580	582
1580	583
1588	583
1588	584
1593	584
1593	586
1599	586
1599	587
1602	587
1602	588
1603	588
1603	589
1605	589
1605	591
1603	591
1603	592
1598	592
1598	593
1597	593
1597	601
1598	601
1598	602
1616	602
1616	603
1625	603
1625	604
1637	604
1637	605
1644	605
1644	606
1648	606
1648	607
1653	607
1653	610
1657	610
1657	611
1662	611
1662	614
1664	614
1664	615
1665	615
1665	616
1666	616
1666	618
1658	618
1658	619
1657	619
1657	627
1660	627
1660	628
1661	628
1661	627
1662	627
1662	628
1663	628
1663	627
1672	627
1672	628
1676	628
1676	629
1686	629
1686	630
1689	630
1689	631
1690	631
1690	632
1699	632
1699	633
1701	633
1701	634
1704	634
1704	636
1705	636
1705	637
1712	637
1712	638
1714	638
1714	639
1717	639
1717	640
1718	640
1718	641
1720	641
1720	642
1721	642
1721	650
1722	650
1722	651
1729	651
1729	652
1732	652
1732	653
1736	653
1736	655
1745	655
1745	657
1749	657
1749	658
1750	658
1750	659
1751	659
1751	660
1752	660
1752	659
1753	659
1753	660
1758	660
1758	661
1765	661
1765	662
1767	662
1767	664
1768	664
1768	669
1769	669
1769	670
1773	670
1773	671
1777	671
1777	673
1779	673
1779	674
1780	674
1780	673
1781	673
1781	674
1783	674
1783	675
1784	675
1784	674
1785	674
1785	675
1786	675
1786	676
1787	676
1787	678
1794	678
1794	679
1796	679
1796	680
1799	680
1799	681
1804	681
1804	682
1805	682
1805	683
1812	683
1812	684
1815	684
1815	685
1820	685
1820	686
1823	686
1823	687
1824	687
1824	688
1827	688
1827	689
1829	689
1829	690
1832	690
1832	691
1833	691
1833	692
1842	692
1842	693
1846	693
1846	694
1851	694
1851	695
1856	695
1856	697
1861	697
1861	698
1864	698
1864	699
1869	699
1869	700
1870	700
1870	701
1874	701
1874	703
1888	703
1888	706
1907	706
1907	707
1916	707
1916	708
1926	708
1926	709
1934	709
1934	710
1968	710
1968	711
1969	711
1969	710
1975	710
1975	711
1974	711
1974	712
1971	712
1971	714
1967	714
1967	715
1966	715
1966	716
1965	716
1965	717
1962	717
1962	718
1953	718
1953	719
1952	719
1952	720
1944	720
1944	721
1930	721
1930	722
1912	722
1912	721
1879	721
1879	720
1853	720
1853	718
1839	718
1839	717
1830	717
1830	716
1825	716
1825	715
1821	715
1821	714
1819	714
1819	713
1778	713
1778	712
1774	712
1774	711
1764	711
1764	712
1763	712
1763	713
1744	713
1744	714
1743	714
1743	713
1732	713
1732	712
1719	712
1719	710
1711	710
1711	709
1709	709
1709	708
1706	708
1706	709
1702	709
1702	708
1701	708
1701	709
1699	709
1699	716
1698	716
1698	717
1697	717
1697	718
1691	718
1691	717
1682	717
1682	716
1677	716
1677	715
1673	715
1673	714
1672	714
1672	713
1668	713
1668	712
1663	712
1663	711
1658	711
1658	710
1657	710
1657	711
1656	711
1656	710
1655	710
1655	709
1654	709
1654	708
1653	708
1653	709
1652	709
1652	708
1651	708
1651	709
1650	709
1650	708
1649	708
1649	709
1648	709
1648	708
1645	708
1645	707
1635	707
1635	708
1634	708
1634	710
1631	710
1631	709
1626	709
1626	708
1625	708
1625	707
1624	707
1624	706
1616	706
1616	712
1613	712
1613	713
1608	713
1608	712
1594	712
1594	711
1586	711
1586	709
1584	709
1584	708
1583	708
1583	709
1582	709
1582	708
1576	708
1576	707
1574	707
1574	706
1573	706
1573	707
1571	707
1571	706
1569	706
1569	707
1567	707
1567	705
1562	705
1562	704
1560	704
1560	703
1559	703
1559	702
1558	702
1558	701
1553	701
1553	699
1551	699
1551	697
1549	697
1549	696
1547	696
1547	697
1546	697
1546	696
1543	696
1543	697
1542	697
1542	706
1544	706
1544	707
1545	707
1545	708
1546	708
1546	710
1545	710
1545	709
1542	709
1542	710
1540	710
1540	709
1534	709
1534	708
1530	708
1530	707
1529	707
1529	706
1527	706
1527	707
1526	707
1526	706
1525	706
1525	704
1520	704
1520	703
1516	703
1516	702
1512	702
1512	700
1511	700
1511	699
1510	699
1510	698
1509	698
1509	699
1506	699
1506	698
1504	698
1504	699
1503	699
1503	698
1501	698
1501	697
1497	697
1497	696
1493	696
1493	694
1492	694
1492	693
1489	693
1489	691
1488	691
1488	690
1481	690
1481	691
1480	691
1480	698
1481	698
1481	700
1478	700
1478	699
1477	699
1477	700
1475	700
1475	699
1474	699
1474	698
1464	698
1464	701
1462	701
1462	702
1459	702
1459	703
1458	703
1458	704
1454	704
1454	712
1455	712
1455	713
1473	713
1473	715
1482	715
1482	716
1484	716
1484	715
1485	715
1485	716
1486	716
1486	719
1488	719
1488	720
1499	720
1499	721
1506	721
1506	720
1509	720
1509	721
1510	721
1510	722
1516	722
1516	723
1519	723
1519	724
1522	724
1522	725
1523	725
1523	727
1521	727
1521	726
1520	726
1520	727
1519	727
1519	729
1518	729
1518	730
1517	730
1517	729
1515	729
1515	731
1514	731
1514	732
1513	732
1513	734
1512	734
1512	738
1513	738
1513	740
1520	740
1520	739
1521	739
1521	738
1523	738
1523	739
1524	739
1524	740
1528	740
1528	742
1529	742
1529	743
1552	743
1552	744
1556	744
1556	745
1561	745
1561	747
1566	747
1566	748
1569	748
1569	749
1571	749
1571	750
1573	750
1573	751
1574	751
1574	754
1571	754
1571	755
1565	755
1565	765
1566	765
1566	766
1584	766
1584	767
1586	767
1586	766
1587	766
1587	767
1596	767
1596	768
1597	768
1597	774
1598	774
1598	775
1611	775
1611	776
1612	776
1612	777
1616	777
1616	779
1617	779
1617	780
1620	780
1620	781
1622	781
1622	782
1625	782
1625	784
1629	784
1629	785
1632	785
1632	788
1633	788
1633	789
1635	789
1635	790
1636	790
1636	791
1637	791
1637	793
1638	793
1638	795
1629	795
1629	796
1625	796
1625	805
1638	805
1638	806
1639	806
1639	807
1644	807
1644	808
1645	808
1645	809
1647	809
1647	810
1648	810
1648	816
1659	816
1659	817
1664	817
1664	818
1665	818
1665	819
1671	819
1671	821
1672	821
1672	822
1674	822
1674	823
1676	823
1676	825
1677	825
1677	826
1680	826
1680	827
1682	827
1682	828
1685	828
1685	830
1687	830
1687	831
1689	831
1689	832
1690	832
1690	836
1685	836
1685	837
1681	837
1681	839
1680	839
1680	842
1681	842
1681	843
1680	843
1680	844
1681	844
1681	846
1685	846
1685	845
1689	845
1689	846
1695	846
1695	845
1696	845
1696	844
1697	844
1697	845
1699	845
1699	846
1704	846
1704	847
1708	847
1708	854
1709	854
1709	855
1717	855
1717	856
1721	856
1721	857
1722	857
1722	858
1726	858
1726	859
1727	859
1727	860
1731	860
1731	862
1733	862
1733	863
1736	863
1736	865
1739	865
1739	866
1740	866
1740	867
1741	867
1741	869
1743	869
1743	870
1744	870
1744	871
1745	871
1745	872
1747	872
1747	874
1749	874
1749	875
1750	875
1750	878
1741	878
1741	879
1738	879
1738	880
1736	880
1736	887
1737	887
1737	888
1745	888
1745	890
1750	890
1750	892
1752	892
1752	891
1753	891
1753	892
1758	892
1758	893
1762	893
1762	894
1764	894
1764	895
1768	895
1768	901
1770	901
1770	902
1771	902
1771	901
1772	901
1772	902
1773	902
1773	904
1784	904
1784	905
1785	905
1785	907
1786	907
1786	908
1787	908
1787	909
1789	909
1789	910
1791	910
1791	914
1793	914
1793	915
1795	915
1795	916
1796	916
1796	918
1802	918
1802	922
1803	922
1803	924
1804	924
1804	925
1803	925
1803	926
1801	926
1801	925
1800	925
1800	926
1799	926
1799	925
1798	925
1798	926
1795	926
1795	936
1798	936
1798	937
1801	937
1801	938
1803	938
1803	939
1804	939
1804	938
1805	938
1805	939
1810	939
1810	941
1814	941
1814	942
1815	942
1815	943
1818	943
1818	944
1819	944
1819	948
1822	948
1822	949
1824	949
1824	950
1828	950
1828	952
1831	952
1831	953
1833	953
1833	955
1837	955
1837	956
1838	956
1838	957
1841	957
1841	958
1842	958
1842	959
1843	959
1843	960
1844	960
1844	961
1846	961
1846	963
1847	963
1847	964
1849	964
1849	965
1851	965
1851	968
1852	968
1852	969
1855	969
1855	974
1851	974
1851	982
1852	982
1852	983
1856	983
1856	984
1859	984
1859	985
1860	985
1860	987
1865	987
1865	989
1869	989
1869	990
1870	990
1870	992
1872	992
1872	993
1874	993
1874	996
1877	996
1877	997
1879	997
1879	998
1883	998
1883	1000
1884	1000
1884	1001
1885	1001
1885	1002
1886	1002
1886	1003
1888	1003
1888	1005
1889	1005
1889	1006
1891	1006
1891	1007
1892	1007
1892	1008
1893	1008
1893	1010
1894	1010
1894	1011
1895	1011
1895	1012
1897	1012
1897	1014
1898	1014
1898	1015
1900	1015
1900	1016
1901	1016
1901	1017
1902	1017
1902	1018
1906	1018
1906	1019
1911	1019
1911	1021
1913	1021
1913	1022
1914	1022
1914	1024
1915	1024
1915	1034
1916	1034
1916	1035
1919	1035
1919	1036
1920	1036
1920	1037
1921	1037
1921	1038
1924	1038
1924	1039
1925	1039
1925	1042
1926	1042
1926	1043
1930	1043
1930	1044
1931	1044
1931	1045
1933	1045
1933	1046
1934	1046
1934	1047
1937	1047
1937	1049
1939	1049
1939	1052
1941	1052
1941	1053
1943	1053
1943	1054
1945	1054
1945	1055
1948	1055
1948	1057
1952	1057
1952	1058
1953	1058
1953	1059
1957	1059
1957	1061
1960	1061
1960	1062
1961	1062
1961	1063
1962	1063
1962	1065
1963	1065
1963	1066
1964	1066
1964	1065
1965	1065
1965	1066
1966	1066
1966	1067
1969	1067
1969	1068
1971	1068
1971	1070
1974	1070
1974	1071
1976	1071
1976	1072
1978	1072
1978	1073
1980	1073
1980	1074
1981	1074
1981	1075
1985	1075
1985	1076
1989	1076
1989	1078
1990	1078
1990	1079
1992	1079
1992	1080
1994	1080
1994	1081
1996	1081
1996	1082
1998	1082
1998	1083
1999	1083
1999	1085
2007	1085
2007	1086
2008	1086
2008	1088
2010	1088
2010	1089
2012	1089
2012	1090
2013	1090
2013	1091
2017	1091
2017	1093
2018	1093
2018	1094
2021	1094
2021	1095
2023	1095
2023	1096
2026	1096
2026	1098
2029	1098
2029	1099
2031	1099
2031	1102
2034	1102
2034	1103
2035	1103
2035	1104
2036	1104
2036	1103
2040	1103
2040	1104
2042	1104
2042	1105
2045	1105
2045	1107
2049	1107
2049	1108
2054	1108
2054	1111
2055	1111
2055	1112
2058	1112
2058	1113
2059	1113
2059	1114
2065	1114
2065	1115
2067	1115
2067	1116
2068	1116
2068	1117
2073	1117
2073	1118
2074	1118
2074	1119
2077	1119
2077	1121
2082	1121
2082	1122
2086	1122
2086	1123
2091	1123
2091	1125
2092	1125
2092	1126
2095	1126
2095	1127
2097	1127
2097	1128
2099	1128
2099	1127
2100	1127
2100	1130
2104	1130
2104	1131
2105	1131
2105	1132
2114	1132
2114	1134
2115	1134
2115	1135
2127	1135
2127	1136
2133	1136
2133	1137
2137	1137
2137	1140
2107	1140
2107	1139
2098	1139
2098	1138
2097	1138
2097	1137
2088	1137
2088	1136
2083	1136
2083	1135
2079	1135
2079	1134
2078	1134
2078	1133
2074	1133
2074	1131
2069	1131
2069	1130
2065	1130
2065	1129
2064	1129
2064	1128
2059	1128
2059	1127
2055	1127
2055	1126
2051	1126
2051	1124
2046	1124
2046	1123
2040	1123
2040	1122
2039	1122
2039	1121
2037	1121
2037	1119
2032	1119
2032	1118
2023	1118
2023	1115
2019	1115
2019	1114
2018	1114
2018	1113
2017	1113
2017	1114
2015	1114
2015	1113
2014	1113
2014	1112
2010	1112
2010	1110
2005	1110
2005	1108
2000	1108
2000	1107
1999	1107
1999	1106
1996	1106
1996	1105
1991	1105
1991	1103
1987	1103
1987	1101
1985	1101
1985	1100
1984	1100
1984	1101
1978	1101
1978	1100
1975	1100
1975	1098
1974	1098
1974	1096
1960	1096
1960	1095
1959	1095
1959	1093
1957	1093
1957	1092
1954	1092
1954	1091
1950	1091
1950	1089
1949	1089
1949	1088
1945	1088
1945	1087
1941	1087
1941	1086
1936	1086
1936	1084
1935	1084
1935	1085
1931	1085
1931	1082
1928	1082
1928	1081
1927	1081
1927	1082
1926	1082
1926	1080
1925	1080
1925	1081
1922	1081
1922	1078
1921	1078
1921	1077
1920	1077
1920	1078
1917	1078
1917	1077
1916	1077
1916	1076
1914	1076
1914	1075
1913	1075
1913	1074
1912	1074
1912	1073
1900	1073
1900	1072
1894	1072
1894	1070
1888	1070
1888	1069
1880	1069
1880	1068
1876	1068
1876	1067
1875	1067
1875	1066
1871	1066
1871	1064
1866	1064
1866	1063
1865	1063
1865	1062
1863	1062
1863	1061
1862	1061
1862	1060
1861	1060
1861	1059
1852	1059
1852	1060
1851	1060
1851	1065
1848	1065
1848	1064
1846	1064
1846	1063
1845	1063
1845	1062
1842	1062
1842	1060
1840	1060
1840	1059
1836	1059
1836	1058
1835	1058
1835	1057
1831	1057
1831	1056
1830	1056
1830	1055
1828	1055
1828	1054
1827	1054
1827	1055
1826	1055
1826	1054
1825	1054
1825	1053
1821	1053
1821	1051
1820	1051
1820	1050
1809	1050
1809	1051
1807	1051
1807	1050
1802	1050
1802	1049
1800	1049
1800	1048
1799	1048
1799	1047
1798	1047
1798	1045
1797	1045
1797	1044
1795	1044
1795	1043
1794	1043
1794	1042
1793	1042
1793	1041
1791	1041
1791	1040
1790	1040
1790	1036
1779	1036
1779	1048
1780	1048
1780	1050
1778	1050
1778	1049
1776	1049
1776	1048
1774	1048
1774	1046
1773	1046
1773	1045
1770	1045
1770	1043
1765	1043
1765	1041
1760	1041
1760	1040
1758	1040
1758	1037
1756	1037
1756	1036
1754	1036
1754	1034
1752	1034
1752	1033
1751	1033
1751	1032
1749	1032
1749	1031
1740	1031
1740	1030
1739	1030
1739	1028
1738	1028
1738	1027
1736	1027
1736	1026
1735	1026
1735	1025
1734	1025
1734	1024
1733	1024
1733	1023
1732	1023
1732	1021
1731	1021
1731	1020
1730	1020
1730	1019
1729	1019
1729	1016
1728	1016
1728	1013
1720	1013
1720	1028
1719	1028
1719	1027
1716	1027
1716	1026
1714	1026
1714	1025
1710	1025
1710	1022
1705	1022
1705	1021
1701	1021
1701	1020
1699	1020
1699	1019
1698	1019
1698	1020
1696	1020
1696	1018
1695	1018
1695	1017
1693	1017
1693	1016
1692	1016
1692	1014
1691	1014
1691	1013
1687	1013
1687	1012
1686	1012
1686	1011
1683	1011
1683	1010
1682	1010
1682	1008
1681	1008
1681	1007
1679	1007
1679	1008
1678	1008
1678	1006
1677	1006
1677	1004
1673	1004
1673	1002
1671	1002
1671	1000
1670	1000
1670	999
1669	999
1669	997
1668	997
1668	995
1667	995
1667	994
1665	994
1665	993
1664	993
1664	991
1663	991
1663	990
1656	990
1656	991
1655	991
1655	998
1656	998
1656	999
1657	999
1657	1001
1656	1001
1656	1002
1654	1002
1654	1001
1652	1001
1652	1000
1651	1000
1651	999
1648	999
1648	998
1647	998
1647	999
1646	999
1646	997
1643	997
1643	995
1639	995
1639	994
1638	994
1638	993
1637	993
1637	992
1636	992
1636	990
1632	990
1632	989
1631	989
1631	986
1630	986
1630	985
1628	985
1628	984
1627	984
1627	983
1623	983
1623	982
1622	982
1622	981
1621	981
1621	980
1620	980
1620	979
1618	979
1618	977
1617	977
1617	976
1616	976
1616	975
1615	975
1615	974
1613	974
1613	968
1612	968
1612	967
1604	967
1604	969
1603	969
1603	970
1604	970
1604	971
1603	971
1603	973
1604	973
1604	975
1605	975
1605	976
1606	976
1606	977
1605	977
1605	978
1602	978
1602	976
1600	976
1600	975
1599	975
1599	974
1595	974
1595	972
1593	972
1593	971
1589	971
1589	970
1587	970
1587	969
1586	969
1586	968
1585	968
1585	967
1584	967
1584	966
1581	966
1581	965
1579	965
1579	964
1578	964
1578	963
1576	963
1576	962
1575	962
1575	958
1573	958
1573	956
1570	956
1570	955
1569	955
1569	954
1568	954
1568	953
1567	953
1567	949
1566	949
1566	948
1564	948
1564	947
1563	947
1563	946
1555	946
1555	948
1554	948
1554	950
1550	950
1550	949
1547	949
1547	948
1546	948
1546	947
1544	947
1544	945
1543	945
1543	944
1540	944
1540	943
1538	943
1538	942
1536	942
1536	941
1535	941
1535	940
1534	940
1534	939
1533	939
1533	938
1532	938
1532	937
1531	937
1531	936
1530	936
1530	933
1527	933
1527	932
1526	932
1526	931
1525	931
1525	930
1523	930
1523	929
1522	929
1522	928
1521	928
1521	927
1520	927
1520	925
1518	925
1518	924
1517	924
1517	923
1510	923
1510	924
1509	924
1509	926
1506	926
1506	925
1501	925
1501	923
1500	923
1500	921
1496	921
1496	920
1495	920
1495	919
1494	919
1494	918
1495	918
1495	917
1493	917
1493	916
1491	916
1491	915
1489	915
1489	914
1488	914
1488	912
1486	912
1486	911
1485	911
1485	910
1484	910
1484	908
1483	908
1483	907
1482	907
1482	906
1481	906
1481	905
1480	905
1480	904
1479	904
1479	902
1476	902
1476	900
1475	900
1475	899
1474	899
1474	898
1472	898
1472	897
1471	897
1471	896
1470	896
1470	893
1465	893
1465	892
1461	892
1461	893
1459	893
1459	895
1456	895
1456	894
1455	894
1455	893
1452	893
1452	892
1451	892
1451	891
1449	891
1449	889
1447	889
1447	887
1446	887
1446	886
1444	886
1444	885
1443	885
1443	884
1441	884
1441	883
1440	883
1440	880
1439	880
1439	879
1438	879
1438	875
1436	875
1436	874
1435	874
1435	873
1434	873
1434	872
1433	872
1433	871
1429	871
1429	870
1428	870
1428	868
1425	868
1425	867
1424	867
1424	866
1423	866
1423	865
1422	865
1422	861
1420	861
1420	860
1419	860
1419	859
1420	859
1420	857
1419	857
1419	856
1417	856
1417	852
1416	852
1416	851
1415	851
1415	847
1406	847
1406	848
1405	848
1405	852
1404	852
1404	859
1401	859
1401	857
1400	857
1400	856
1399	856
1399	855
1398	855
1398	854
1397	854
1397	852
1396	852
1396	849
1395	849
1395	847
1393	847
1393	844
1392	844
1392	843
1391	843
1391	842
1389	842
1389	838
1387	838
1387	834
1386	834
1386	833
1383	833
1383	831
1384	831
1384	830
1383	830
1383	829
1382	829
1382	828
1375	828
1375	827
1374	827
1374	826
1373	826
1373	824
1371	824
1371	820
1370	820
1370	819
1369	819
1369	816
1368	816
1368	815
1360	815
1360	814
1359	814
1359	815
1358	815
1358	818
1357	818
1357	820
1356	820
1356	819
1354	819
1354	818
1352	818
1352	817
1351	817
1351	815
1350	815
1350	810
1347	810
1347	809
1346	809
1346	808
1347	808
1347	807
1346	807
1346	805
1344	805
1344	803
1343	803
1343	801
1342	801
1342	800
1341	800
1341	797
1340	797
1340	796
1338	796
1338	794
1337	794
1337	792
1335	792
1335	791
1334	791
1334	790
1333	790
1333	789
1332	789
1332	787
1331	787
1331	783
1330	783
1330	782
1327	782
1327	778
1325	778
1325	774
1324	774
1324	773
1315	773
1315	782
1314	782
1314	783
1313	783
1313	782
1311	782
1311	780
1310	780
1310	778
1309	778
1309	777
1308	777
1308	774
1307	774
1307	773
1305	773
1305	769
1304	769
1304	768
1303	768
1303	767
1304	767
1304	766
1303	766
1303	764
1299	764
1299	762
1300	762
1300	761
1299	761
1299	760
1298	760
1298	759
1295	759
1295	756
1294	756
1294	754
1292	754
1292	753
1287	753
1287	752
1286	752
1286	751
1285	751
1285	746
1282	746
1282	742
1281	742
1281	741
1280	741
1280	740
1275	740
1275	739
1272	739
1272	737
1271	737
1271	736
1269	736
1269	732
1267	732
1267	728
1266	728
1266	727
1262	727
1262	723
1258	723
1258	722
1257	722
1257	721
1255	721
1255	720
1254	720
1254	718
1253	718
1253	717
1252	717
1252	716
1253	716
1253	714
1251	714
1251	713
1249	713
1249	709
1246	709
1246	708
1244	708
1244	704
1242	704
1242	703
1241	703
1241	702
1240	702
1240	701
1239	701
1239	700
1238	700
1238	699
1232	699
1232	698
1231	698
1231	699
1230	699
1230	695
1227	695
1227	691
1226	691
1226	689
1225	689
1225	688
1221	688
1221	685
1217	685
1217	681
1216	681
1216	679
1212	679
1212	677
1211	677
1211	676
1210	676
1210	675
1209	675
1209	674
1208	674
1208	673
1207	673
1207	672
1206	672
1206	671
1205	671
1205	670
1204	670
1204	669
1203	669
1203	668
1202	668
1202	667
1200	667
1200	665
1199	665
1199	664
1198	664
1198	663
1197	663
1197	662
1196	662
1196	661
1195	661
1195	660
1194	660
1194	658
1192	658
1192	657
1191	657
1191	656
1190	656
1190	655
1189	655
1189	653
1187	653
1187	652
1185	652
1185	651
1184	651
1184	649
1183	649
1183	648
1181	648
1181	646
1180	646
1180	645
1179	645
1179	644
1175	644
1175	640
1171	640
1171	639
1170	639
1170	637
1166	637
1166	634
1165	634
1165	633
1162	633
1162	632
1161	632
1161	630
1153	630
1153	631
1152	631
1152	642
1153	642
1153	643
1154	643
1154	645
1155	645
1155	646
1157	646
1157	647
1158	647
1158	650
1159	650
1159	651
1162	651
1162	654
1163	654
1163	655
1166	655
1166	659
1167	659
1167	660
1168	660
1168	661
1169	661
1169	662
1171	662
1171	663
1172	663
1172	664
1174	664
1174	668
1175	668
1175	669
1178	669
1178	670
1180	670
1180	672
1181	672
1181	673
1183	673
1183	674
1187	674
1187	682
1188	682
1188	683
1189	683
1189	684
1190	684
1190	685
1191	685
1191	686
1192	686
1192	687
1195	687
1195	688
1196	688
1196	689
1198	689
1198	690
1199	690
1199	691
1200	691
1200	693
1201	693
1201	692
1202	692
1202	693
1203	693
1203	696
1204	696
1204	697
1205	697
1205	700
1206	700
1206	701
1210	701
1210	705
1211	705
1211	706
1214	706
1214	707
1215	707
1215	710
1219	710
1219	712
1220	712
1220	713
1224	713
1224	715
1227	715
1227	716
1228	716
1228	717
1229	717
1229	718
1228	718
1228	719
1230	719
1230	720
1231	720
1231	724
1232	724
1232	725
1233	725
1233	726
1236	726
1236	727
1237	727
1237	728
1238	728
1238	729
1240	729
1240	731
1241	731
1241	733
1242	733
1242	735
1246	735
1246	736
1247	736
1247	738
1248	738
1248	739
1251	739
1251	743
1254	743
1254	744
1255	744
1255	747
1257	747
1257	748
1260	748
1260	750
1261	750
1261	752
1265	752
1265	753
1266	753
1266	754
1270	754
1270	756
1271	756
1271	757
1273	757
1273	759
1274	759
1274	760
1275	760
1275	761
1276	761
1276	765
1277	765
1277	773
1279	773
1279	774
1280	774
1280	775
1282	775
1282	776
1283	776
1283	777
1284	777
1284	779
1286	779
1286	780
1288	780
1288	782
1289	782
1289	784
1293	784
1293	789
1297	789
1297	792
1298	792
1298	793
1301	793
1301	794
1302	794
1302	797
1303	797
1303	798
1307	798
1307	800
1310	800
1310	801
1311	801
1311	802
1312	802
1312	803
1313	803
1313	804
1314	804
1314	806
1315	806
1315	808
1314	808
1314	813
1313	813
1313	815
1314	815
1314	817
1316	817
1316	819
1319	819
1319	820
1321	820
1321	821
1322	821
1322	822
1323	822
1323	823
1325	823
1325	825
1326	825
1326	826
1328	826
1328	830
1329	830
1329	831
1330	831
1330	832
1334	832
1334	834
1335	834
1335	835
1337	835
1337	836
1338	836
1338	837
1339	837
1339	839
1340	839
1340	840
1344	840
1344	844
1348	844
1348	845
1350	845
1350	846
1351	846
1351	847
1353	847
1353	850
1355	850
1355	851
1358	851
1358	854
1360	854
1360	856
1361	856
1361	857
1360	857
1360	861
1357	861
1357	869
1358	869
1358	872
1360	872
1360	873
1361	873
1361	875
1362	875
1362	876
1363	876
1363	878
1364	878
1364	881
1365	881
1365	882
1366	882
1366	883
1367	883
1367	890
1373	890
1373	891
1374	891
1374	892
1381	892
1381	895
1389	895
1389	896
1390	896
1390	897
1391	897
1391	898
1394	898
1394	899
1395	899
1395	900
1397	900
1397	904
1398	904
1398	905
1399	905
1399	910
1387	910
1387	917
1388	917
1388	918
1389	918
1389	919
1390	919
1390	920
1393	920
1393	921
1395	921
1395	922
1394	922
1394	923
1399	923
1399	925
1401	925
1401	926
1404	926
1404	928
1405	928
1405	929
1406	929
1406	930
1408	930
1408	931
1409	931
1409	932
1410	932
1410	936
1411	936
1411	937
1412	937
1412	938
1413	938
1413	941
1418	941
1418	942
1420	942
1420	943
1422	943
1422	945
1423	945
1423	946
1427	946
1427	950
1430	950
1430	951
1431	951
1431	952
1432	952
1432	955
1436	955
1436	959
1438	959
1438	960
1441	960
1441	964
1442	964
1442	967
1439	967
1439	966
1427	966
1427	967
1425	967
1425	968
1424	968
1424	975
1425	975
1425	976
1431	976
1431	978
1433	978
1433	979
1436	979
1436	980
1440	980
1440	982
1441	982
1441	984
1443	984
1443	985
1445	985
1445	993
1446	993
1446	994
1448	994
1448	995
1449	995
1449	994
1450	994
1450	996
1452	996
1452	997
1454	997
1454	1000
1455	1000
1455	1001
1458	1001
1458	1003
1459	1003
1459	1005
1460	1005
1460	1006
1463	1006
1463	1009
1464	1009
1464	1010
1465	1010
1465	1011
1466	1011
1466	1013
1468	1013
1468	1015
1470	1015
1470	1016
1471	1016
1471	1019
1472	1019
1472	1020
1473	1020
1473	1024
1475	1024
1475	1030
1474	1030
1474	1029
1473	1029
1473	1028
1472	1028
1472	1027
1459	1027
1459	1038
1462	1038
1462	1039
1463	1039
1463	1040
1464	1040
1464	1042
1466	1042
1466	1043
1467	1043
1467	1042
1468	1042
1468	1043
1470	1043
1470	1047
1473	1047
1473	1053
1475	1053
1475	1054
1478	1054
1478	1056
1479	1056
1479	1057
1480	1057
1480	1059
1482	1059
1482	1060
1483	1060
1483	1061
1484	1061
1484	1063
1485	1063
1485	1064
1486	1064
1486	1065
1487	1065
1487	1066
1488	1066
1488	1069
1489	1069
1489	1070
1490	1070
1490	1074
1491	1074
1491	1078
1492	1078
1492	1079
1494	1079
1494	1082
1495	1082
1495	1084
1496	1084
1496	1085
1495	1085
1495	1086
1493	1086
1493	1087
1489	1087
1489	1094
1488	1094
1488	1095
1491	1095
1491	1098
1493	1098
1493	1099
1496	1099
1496	1102
1497	1102
1497	1103
1500	1103
1500	1106
1501	1106
1501	1107
1502	1107
1502	1108
1503	1108
1503	1110
1504	1110
1504	1111
1505	1111
1505	1116
1509	1116
1509	1117
1510	1117
1510	1121
1512	1121
1512	1125
1513	1125
1513	1126
1514	1126
1514	1130
1517	1130
1517	1137
1518	1137
1518	1143
1514	1143
1514	1144
1513	1144
1513	1145
1512	1145
1512	1147
1513	1147
1513	1148
1512	1148
1512	1150
1513	1150
1513	1152
1514	1152
1514	1155
1515	1155
1515	1156
1519	1156
1519	1160
1523	1160
1523	1166
1524	1166
1524	1167
1525	1167
1525	1168
1526	1168
1526	1169
1527	1169
1527	1170
1528	1170
1528	1171
1529	1171
1529	1172
1530	1172
1530	1173
1531	1173
1531	1175
1532	1175
1532	1176
1533	1176
1533	1178
1535	1178
1535	1180
1536	1180
1536	1181
1537	1181
1537	1183
1538	1183
1538	1186
1540	1186
1540	1190
1541	1190
1541	1194
1542	1194
1542	1199
1544	1199
1544	1200
1545	1200
1545	1202
1546	1202
1546	1208
1545	1208
1545	1209
1544	1209
1544	1207
1542	1207
1542	1206
1540	1206
1540	1205
1537	1205
1537	1204
1536	1204
1536	1205
1528	1205
1528	1215
1529	1215
1529	1216
1532	1216
1532	1217
1533	1217
1533	1222
1536	1222
1536	1223
1537	1223
1537	1226
1538	1226
1538	1227
1544	1227
1544	1231
1545	1231
1545	1232
1547	1232
1547	1236
1549	1236
1549	1238
1550	1238
1550	1240
1549	1240
1549	1247
1550	1247
1550	1249
1551	1249
1551	1254
1553	1254
1553	1255
1555	1255
1555	1256
1554	1256
1554	1258
1555	1258
1555	1260
1556	1260
1556	1264
1558	1264
1558	1268
1559	1268
1559	1272
1560	1272
1560	1273
1561	1273
1561	1275
1560	1275
1560	1277
1561	1277
1561	1278
1563	1278
1563	1279
1564	1279
1564	1281
1565	1281
1565	1286
1562	1286
1562	1284
1558	1284
1558	1283
1557	1283
1557	1282
1553	1282
1553	1283
1552	1283
1552	1282
1548	1282
1548	1283
1542	1283
1542	1292
1544	1292
1544	1293
1545	1293
1545	1294
1546	1294
1546	1295
1547	1295
1547	1296
1549	1296
1549	1298
1550	1298
1550	1300
1551	1300
1551	1301
1553	1301
1553	1302
1554	1302
1554	1303
1555	1303
1555	1306
1556	1306
1556	1314
1557	1314
1557	1315
1558	1315
1558	1316
1559	1316
1559	1317
1560	1317
1560	1319
1562	1319
1562	1320
1563	1320
1563	1322
1564	1322
1564	1324
1565	1324
1565	1328
1566	1328
1566	1329
1567	1329
1567	1330
1568	1330
1568	1331
1567	1331
1567	1332
1568	1332
1568	1334
1569	1334
1569	1335
1570	1335
1570	1338
1571	1338
1571	1339
1572	1339
1572	1346
1573	1346
1573	1347
1574	1347
1574	1358
1573	1358
1573	1357
1572	1357
1572	1355
1570	1355
1570	1354
1568	1354
1568	1355
1564	1355
1564	1354
1561	1354
1561	1360
1560	1360
1560	1361
1561	1361
1561	1363
1564	1363
1564	1364
1565	1364
1565	1370
1568	1370
1568	1371
1569	1371
1569	1373
1570	1373
1570	1375
1572	1375
1572	1379
1573	1379
1573	1381
1574	1381
1574	1388
1577	1388
1577	1395
1578	1395
1578	1397
1579	1397
1579	1402
1581	1402
1581	1406
1582	1406
1582	1411
1583	1411
1583	1416
1584	1416
1584	1419
1583	1419
1583	1422
1581	1422
1581	1419
1580	1419
1580	1418
1572	1418
1572	1427
1573	1427
1573	1430
1574	1430
1574	1434
1576	1434
1576	1435
1577	1435
1577	1437
1578	1437
1578	1439
1579	1439
1579	1444
1581	1444
1581	1448
1582	1448
1582	1453
1583	1453
1583	1462
1584	1462
1584	1467
1586	1467
1586	1471
1587	1471
1587	1472
1588	1472
1588	1476
1590	1476
1590	1480
1591	1480
1591	1483
1590	1483
1590	1487
1586	1487
1586	1497
1587	1497
1587	1504
1588	1504
1588	1508
1589	1508
1589	1509
1591	1509
1591	1516
1592	1516
1592	1518
1593	1518
1593	1525
1588	1525
1588	1535
1589	1535
1589	1536
1591	1536
1591	1544
1592	1544
1592	1546
1593	1546
1593	1554
1595	1554
1595	1555
1596	1555
1596	1556
1595	1556
1595	1557
1596	1557
1596	1563
1597	1563
1597	1566
1598	1566
1598	1568
1599	1568
1599	1569
1600	1569
1600	1571
1601	1571
1601	1572
1600	1572
1600	1574
1596	1574
1596	1582
1597	1582
1597	1583
1598	1583
1598	1584
1597	1584
1597	1586
1598	1586
1598	1587
1600	1587
1600	1591
1601	1591
1601	1596
1602	1596
1602	1600
1603	1600
1603	1601
1604	1601
1604	1606
1605	1606
1605	1608
1606	1608
1606	1613
1607	1613
1607	1615
1609	1615
1609	1619
1610	1619
1610	1623
1612	1623
1612	1624
1613	1624
1613	1628
1614	1628
1614	1630
1615	1630
1615	1631
1614	1631
1614	1632
1615	1632
1615	1633
1616	1633
1616	1637
1617	1637
1617	1638
1618	1638
1618	1642
1619	1642
1619	1643
1620	1643
1620	1647
1622	1647
1622	1651
1623	1651
1623	1652
1624	1652
1624	1656
1625	1656
1625	1661
1628	1661
1628	1665
1630	1665
1630	1670
1632	1670
1632	1673
1633	1673
1633	1675
1634	1675
1634	1678
1635	1678
1635	1679
1637	1679
1637	1681
1638	1681
1638	1683
1639	1683
1639	1688
1642	1688
1642	1689
1643	1689
1643	1692
1644	1692
1644	1693
1646	1693
1646	1696
1647	1696
1647	1697
1648	1697
1648	1702
1650	1702
1650	1703
1651	1703
1651	1705
1652	1705
1652	1706
1653	1706
1653	1707
1654	1707
1654	1708
1655	1708
1655	1710
1656	1710
1656	1711
1657	1711
1657	1715
1658	1715
1658	1716
1660	1716
1660	1718
1661	1718
1661	1720
1662	1720
1662	1721
1664	1721
1664	1723
1665	1723
1665	1725
1667	1725
1667	1726
1668	1726
1668	1725
1669	1725
1669	1726
1671	1726
1671	1738
1672	1738
1672	1739
1674	1739
1674	1743
1675	1743
1675	1745
1676	1745
1676	1764
1675	1764
1675	1765
1674	1765
1674	1768
1673	1768
1673	1769
1671	1769
1671	1773
1670	1773
1670	1774
1669	1774
1669	1775
1668	1775
1668	1774
1667	1774
1667	1771
1668	1771
1668	1769
1669	1769
1669	1767
1670	1767
1670	1765
1671	1765
1671	1762
1673	1762
1673	1751
1671	1751
1671	1749
1669	1749
1669	1743
1668	1743
1668	1742
1667	1742
1667	1740
1666	1740
1666	1741
1665	1741
1665	1740
1664	1740
1664	1738
1663	1738
1663	1737
1662	1737
1662	1736
1661	1736
1661	1735
1660	1735
1660	1734
1659	1734
1659	1733
1658	1733
1658	1732
1656	1732
1656	1731
1655	1731
1655	1730
1654	1730
1654	1728
1652	1728
1652	1726
1651	1726
1651	1725
1650	1725
1650	1723
1648	1723
1648	1722
1647	1722
1647	1721
1646	1721
1646	1720
1645	1720
1645	1718
1644	1718
1644	1717
1643	1717
1643	1716
1642	1716
1642	1715
1641	1715
1641	1711
1640	1711
1640	1710
1639	1710
1639	1709
1637	1709
1637	1707
1636	1707
1636	1705
1634	1705
1634	1704
1633	1704
1633	1702
1632	1702
1632	1701
1631	1701
1631	1700
1630	1700
1630	1697
1629	1697
1629	1695
1628	1695
1628	1694
1627	1694
1627	1691
1624	1691
1624	1689
1623	1689
1623	1688
1622	1688
1622	1687
1621	1687
1621	1685
1620	1685
1620	1683
1619	1683
1619	1682
1618	1682
1618	1678
1617	1678
1617	1677
1615	1677
1615	1674
1613	1674
1613	1673
1611	1673
1611	1669
1610	1669
1610	1668
1609	1668
1609	1667
1608	1667
1608	1666
1609	1666
1609	1665
1608	1665
1608	1663
1607	1663
1607	1662
1606	1662
1606	1661
1605	1661
1605	1660
1604	1660
1604	1659
1603	1659
1603	1656
1602	1656
1602	1654
1601	1654
1601	1652
1600	1652
1600	1651
1599	1651
1599	1649
1598	1649
1598	1648
1599	1648
1599	1647
1598	1647
1598	1645
1596	1645
1596	1642
1595	1642
1595	1641
1594	1641
1594	1640
1593	1640
1593	1639
1592	1639
1592	1636
1591	1636
1591	1635
1590	1635
1590	1631
1588	1631
1588	1630
1587	1630
1587	1627
1586	1627
1586	1626
1585	1626
1585	1622
1583	1622
1583	1621
1582	1621
1582	1619
1581	1619
1581	1614
1580	1614
1580	1613
1579	1613
1579	1612
1578	1612
1578	1611
1577	1611
1577	1609
1576	1609
1576	1606
1575	1606
1575	1605
1574	1605
1574	1604
1572	1604
1572	1599
1569	1599
1569	1595
1568	1595
1568	1594
1567	1594
1567	1590
1566	1590
1566	1589
1564	1589
1564	1588
1563	1588
1563	1586
1562	1586
1562	1585
1560	1585
1560	1581
1559	1581
1559	1580
1553	1580
1553	1579
1552	1579
1552	1576
1550	1576
1550	1573
1549	1573
1549	1571
1548	1571
1548	1566
1547	1566
1547	1567
1546	1567
1546	1562
1544	1562
1544	1558
1543	1558
1543	1557
1541	1557
1541	1556
1540	1556
1540	1553
1538	1553
1538	1552
1537	1552
1537	1550
1536	1550
1536	1548
1535	1548
1535	1545
1534	1545
1534	1544
1533	1544
1533	1543
1532	1543
1532	1542
1531	1542
1531	1540
1530	1540
1530	1537
1529	1537
1529	1536
1527	1536
1527	1530
1525	1530
1525	1525
1523	1525
1523	1522
1522	1522
1522	1521
1521	1521
1521	1520
1515	1520
1515	1521
1514	1521
1514	1523
1512	1523
1512	1520
1511	1520
1511	1516
1509	1516
1509	1514
1507	1514
1507	1512
1506	1512
1506	1511
1505	1511
1505	1507
1504	1507
1504	1506
1503	1506
1503	1502
1502	1502
1502	1497
1500	1497
1500	1495
1499	1495
1499	1492
1498	1492
1498	1489
1497	1489
1497	1488
1495	1488
1495	1484
1494	1484
1494	1483
1493	1483
1493	1479
1491	1479
1491	1475
1490	1475
1490	1474
1489	1474
1489	1470
1488	1470
1488	1465
1487	1465
1487	1462
1486	1462
1486	1460
1485	1460
1485	1455
1477	1455
1477	1458
1475	1458
1475	1459
1473	1459
1473	1458
1472	1458
1472	1455
1471	1455
1471	1454
1470	1454
1470	1452
1469	1452
1469	1451
1468	1451
1468	1450
1467	1450
1467	1449
1466	1449
1466	1447
1464	1447
1464	1446
1463	1446
1463	1443
1462	1443
1462	1442
1461	1442
1461	1438
1460	1438
1460	1437
1458	1437
1458	1433
1457	1433
1457	1428
1456	1428
1456	1419
1451	1419
1451	1414
1449	1414
1449	1410
1448	1410
1448	1406
1449	1406
1449	1399
1448	1399
1448	1397
1445	1397
1445	1398
1443	1398
1443	1397
1441	1397
1441	1398
1440	1398
1440	1400
1439	1400
1439	1399
1438	1399
1438	1397
1437	1397
1437	1396
1436	1396
1436	1395
1435	1395
1435	1392
1434	1392
1434	1391
1433	1391
1433	1387
1432	1387
1432	1386
1431	1386
1431	1385
1430	1385
1430	1383
1429	1383
1429	1382
1428	1382
1428	1378
1427	1378
1427	1377
1426	1377
1426	1373
1425	1373
1425	1368
1424	1368
1424	1366
1423	1366
1423	1365
1419	1365
1419	1364
1418	1364
1418	1363
1417	1363
1417	1359
1416	1359
1416	1347
1417	1347
1417	1331
1408	1331
1408	1333
1407	1333
1407	1334
1406	1334
1406	1335
1405	1335
1405	1336
1404	1336
1404	1337
1403	1337
1403	1339
1404	1339
1404	1341
1400	1341
1400	1340
1398	1340
1398	1338
1396	1338
1396	1336
1397	1336
1397	1334
1396	1334
1396	1331
1395	1331
1395	1329
1396	1329
1396	1328
1395	1328
1395	1327
1394	1327
1394	1326
1393	1326
1393	1323
1392	1323
1392	1321
1391	1321
1391	1317
1389	1317
1389	1309
1388	1309
1388	1299
1386	1299
1386	1297
1383	1297
1383	1296
1382	1296
1382	1294
1380	1294
1380	1283
1381	1283
1381	1282
1382	1282
1382	1272
1381	1272
1381	1271
1374	1271
1374	1276
1370	1276
1370	1272
1369	1272
1369	1267
1368	1267
1368	1263
1367	1263
1367	1262
1365	1262
1365	1258
1364	1258
1364	1253
1362	1253
1362	1250
1361	1250
1361	1248
1362	1248
1362	1231
1361	1231
1361	1230
1359	1230
1359	1226
1357	1226
1357	1222
1356	1222
1356	1214
1357	1214
1357	1209
1356	1209
1356	1208
1357	1208
1357	1207
1348	1207
1348	1208
1349	1208
1349	1210
1348	1210
1348	1212
1347	1212
1347	1211
1345	1211
1345	1208
1346	1208
1346	1207
1343	1207
1343	1206
1342	1206
1342	1203
1341	1203
1341	1199
1340	1199
1340	1198
1339	1198
1339	1197
1338	1197
1338	1195
1337	1195
1337	1189
1336	1189
1336	1184
1334	1184
1334	1170
1332	1170
1332	1165
1331	1165
1331	1163
1332	1163
1332	1154
1322	1154
1322	1152
1320	1152
1320	1147
1318	1147
1318	1143
1317	1143
1317	1142
1316	1142
1316	1141
1315	1141
1315	1138
1314	1138
1314	1134
1313	1134
1313	1120
1312	1120
1312	1119
1311	1119
1311	1110
1306	1110
1306	1105
1305	1105
1305	1104
1299	1104
1299	1103
1300	1103
1300	1102
1299	1102
1299	1101
1298	1101
1298	1100
1296	1100
1296	1098
1295	1098
1295	1097
1294	1097
1294	1092
1292	1092
1292	1089
1291	1089
1291	1088
1290	1088
1290	1086
1289	1086
1289	1082
1288	1082
1288	1069
1287	1069
1287	1065
1286	1065
1286	1064
1284	1064
1284	1063
1281	1063
1281	1062
1282	1062
1282	1061
1283	1061
1283	1050
1281	1050
1281	1049
1280	1049
1280	1050
1277	1050
1277	1049
1276	1049
1276	1048
1272	1048
1272	1043
1271	1043
1271	1041
1269	1041
1269	1040
1268	1040
1268	1037
1267	1037
1267	1032
1265	1032
1265	1028
1264	1028
1264	1022
1263	1022
1263	1021
1264	1021
1264	1019
1263	1019
1263	1017
1262	1017
1262	1016
1263	1016
1263	1013
1262	1013
1262	1008
1261	1008
1261	1007
1260	1007
1260	1004
1258	1004
1258	990
1259	990
1259	989
1258	989
1258	986
1256	986
1256	985
1254	985
1254	986
1253	986
1253	985
1252	985
1252	986
1250	986
1250	990
1249	990
1249	992
1247	992
1247	990
1246	990
1246	989
1245	989
1245	986
1244	986
1244	985
1245	985
1245	983
1244	983
1244	981
1242	981
1242	973
1241	973
1241	966
1240	966
1240	962
1239	962
1239	958
1238	958
1238	957
1237	957
1237	953
1233	953
1233	952
1232	952
1232	950
1231	950
1231	940
1232	940
1232	929
1231	929
1231	928
1229	928
1229	929
1228	929
1228	928
1225	928
1225	929
1224	929
1224	931
1223	931
1223	933
1222	933
1222	935
1219	935
1219	933
1218	933
1218	925
1217	925
1217	921
1216	921
1216	898
1215	898
1215	897
1214	897
1214	889
1215	889
1215	888
1213	888
1213	877
1212	877
1212	876
1205	876
1205	877
1202	877
1202	875
1200	875
1200	865
1199	865
1199	856
1200	856
1200	849
1199	849
1199	847
1198	847
1198	838
1196	838
1196	837
1195	837
1195	834
1194	834
1194	833
1191	833
1191	832
1190	832
1190	819
1189	819
1189	810
1187	810
1187	809
1184	809
1184	807
1181	807
1181	806
1180	806
1180	801
1179	801
1179	792
1177	792
1177	783
1176	783
1176	782
1175	782
1175	778
1173	778
1173	776
1172	776
1172	769
1171	769
1171	768
1170	768
1170	769
1169	769
1169	768
1164	768
1164	769
1163	769
1163	771
1162	771
