1570	497
1569	497
1569	498
1568	498
1568	500
1566	500
1566	501
1565	501
1565	503
1564	503
1564	504
1563	504
1563	505
1562	505
1562	506
1561	506
1561	507
1560	507
1560	508
1559	508
1559	509
1558	509
1558	518
1561	518
1561	519
1571	519
1571	520
1573	520
1573	521
1578	521
1578	522
1581	522
1581	523
1584	523
1584	525
1586	525
1586	526
1589	526
1589	529
1595	529
1595	530
1596	530
1596	531
1601	531
1601	535
1608	535
1608	537
1609	537
1609	538
1613	538
1613	542
1623	542
1623	544
1624	544
1624	545
1629	545
1629	549
1630	549
1630	550
1638	550
1638	549
1645	549
1645	552
1652	552
1652	553
1662	553
1662	554
1663	554
1663	555
1668	555
1668	556
1671	556
1671	557
1672	557
1672	558
1677	558
1677	559
1678	559
1678	561
1679	561
1679	562
1683	562
1683	563
1684	563
1684	564
1685	564
1685	565
1686	565
1686	566
1687	566
1687	569
1688	569
1688	572
1685	572
1685	573
1683	573
1683	574
1682	574
1682	575
1681	575
1681	576
1680	576
1680	577
1679	577
1679	578
1678	578
1678	579
1676	579
1676	581
1674	581
1674	583
1673	583
1673	584
1671	584
1671	586
1669	586
1669	587
1668	587
1668	588
1667	588
1667	596
1668	596
1668	597
1670	597
1670	598
1681	598
1681	599
1682	599
1682	600
1688	600
1688	601
1690	601
1690	602
1691	602
1691	604
1692	604
1692	603
1693	603
1693	604
1694	604
1694	605
1695	605
1695	604
1697	604
1697	605
1699	605
1699	607
1700	607
1700	609
1702	609
1702	610
1709	610
1709	613
1712	613
1712	614
1718	614
1718	617
1724	617
1724	619
1728	619
1728	620
1729	620
1729	622
1730	622
1730	621
1736	621
1736	622
1740	622
1740	623
1741	623
1741	624
1743	624
1743	623
1744	623
1744	625
1745	625
1745	626
1749	626
1749	627
1751	627
1751	628
1753	628
1753	629
1754	629
1754	630
1755	630
1755	631
1759	631
1759	632
1760	632
1760	635
1761	635
1761	636
1763	636
1763	637
1764	637
1764	638
1765	638
1765	642
1766	642
1766	643
1768	643
1768	646
1767	646
1767	647
1763	647
1763	648
1762	648
1762	649
1760	649
1760	650
1759	650
1759	651
1758	651
1758	652
1757	652
1757	653
1756	653
1756	654
1755	654
1755	655
1754	655
1754	656
1753	656
1753	657
1751	657
1751	658
1749	658
1749	659
1747	659
1747	660
1745	660
1745	662
1744	662
1744	663
1741	663
1741	665
1740	665
1740	666
1738	666
1738	667
1737	667
1737	668
1736	668
1736	669
1734	669
1734	679
1739	679
1739	680
1740	680
1740	681
1746	681
1746	682
1748	682
1748	681
1749	681
1749	682
1751	682
1751	683
1757	683
1757	685
1761	685
1761	686
1762	686
1762	687
1765	687
1765	688
1766	688
1766	689
1767	689
1767	690
1768	690
1768	691
1772	691
1772	692
1773	692
1773	693
1776	693
1776	694
1781	694
1781	695
1780	695
1780	696
1781	696
1781	697
1782	697
1782	698
1784	698
1784	699
1785	699
1785	700
1790	700
1790	701
1791	701
1791	703
1797	703
1797	704
1799	704
1799	705
1800	705
1800	707
1803	707
1803	708
1804	708
1804	709
1807	709
1807	710
1809	710
1809	711
1810	711
1810	712
1811	712
1811	713
1814	713
1814	715
1815	715
1815	716
1823	716
1823	719
1824	719
1824	720
1826	720
1826	721
1829	721
1829	722
1830	722
1830	723
1831	723
1831	724
1834	724
1834	726
1836	726
1836	727
1838	727
1838	728
1839	728
1839	730
1840	730
1840	731
1841	731
1841	732
1842	732
1842	733
1843	733
1843	734
1844	734
1844	737
1845	737
1845	738
1846	738
1846	741
1845	741
1845	742
1842	742
1842	743
1840	743
1840	744
1839	744
1839	745
1838	745
1838	746
1836	746
1836	747
1835	747
1835	748
1834	748
1834	749
1833	749
1833	750
1832	750
1832	751
1830	751
1830	752
1829	752
1829	753
1828	753
1828	754
1827	754
1827	755
1823	755
1823	758
1821	758
1821	759
1820	759
1820	760
1818	760
1818	762
1817	762
1817	763
1816	763
1816	771
1821	771
1821	772
1822	772
1822	773
1825	773
1825	774
1831	774
1831	775
1833	775
1833	776
1834	776
1834	777
1838	777
1838	779
1839	779
1839	780
1841	780
1841	781
1843	781
1843	782
1845	782
1845	783
1846	783
1846	785
1847	785
1847	786
1849	786
1849	788
1852	788
1852	789
1853	789
1853	791
1858	791
1858	793
1859	793
1859	795
1861	795
1861	796
1863	796
1863	798
1864	798
1864	799
1866	799
1866	800
1867	800
1867	802
1870	802
1870	806
1876	806
1876	807
1877	807
1877	809
1881	809
1881	810
1880	810
1880	811
1881	811
1881	812
1884	812
1884	814
1886	814
1886	815
1888	815
1888	816
1891	816
1891	818
1893	818
1893	820
1896	820
1896	821
1898	821
1898	822
1899	822
1899	824
1900	824
1900	826
1907	826
1907	841
1903	841
1903	842
1902	842
1902	844
1898	844
1898	845
1897	845
1897	849
1893	849
1893	850
1890	850
1890	851
1888	851
1888	852
1886	852
1886	853
1883	853
1883	854
1882	854
1882	855
1881	855
1881	856
1879	856
1879	857
1877	857
1877	858
1876	858
1876	859
1875	859
1875	860
1871	860
1871	861
1870	861
1870	863
1869	863
1869	864
1868	864
1868	865
1867	865
1867	873
1868	873
1868	874
1880	874
1880	876
1881	876
1881	877
1886	877
1886	879
1887	879
1887	878
1888	878
1888	879
1890	879
1890	880
1891	880
1891	881
1892	881
1892	882
1893	882
1893	883
1899	883
1899	885
1901	885
1901	888
1902	888
1902	889
1904	889
1904	890
1905	890
1905	891
1907	891
1907	893
1910	893
1910	895
1911	895
1911	896
1912	896
1912	898
1914	898
1914	901
1915	901
1915	903
1916	903
1916	904
1919	904
1919	909
1920	909
1920	910
1922	910
1922	914
1923	914
1923	915
1924	915
1924	916
1925	916
1925	919
1927	919
1927	922
1928	922
1928	924
1929	924
1929	925
1930	925
1930	926
1931	926
1931	927
1932	927
1932	931
1933	931
1933	935
1934	935
1934	936
1935	936
1935	940
1936	940
1936	942
1938	942
1938	943
1939	943
1939	944
1940	944
1940	945
1942	945
1942	946
1944	946
1944	947
1945	947
1945	950
1950	950
1950	951
1951	951
1951	952
1953	952
1953	953
1955	953
1955	954
1956	954
1956	955
1957	955
1957	956
1959	956
1959	959
1961	959
1961	961
1962	961
1962	962
1963	962
1963	965
1959	965
1959	966
1958	966
1958	967
1956	967
1956	968
1955	968
1955	970
1953	970
1953	971
1950	971
1950	972
1947	972
1947	973
1946	973
1946	974
1942	974
1942	975
1938	975
1938	976
1936	976
1936	977
1933	977
1933	978
1931	978
1931	979
1928	979
1928	980
1927	980
1927	981
1925	981
1925	982
1924	982
1924	983
1923	983
1923	984
1921	984
1921	985
1920	985
1920	991
1921	991
1921	992
1920	992
1920	993
1922	993
1922	994
1925	994
1925	996
1927	996
1927	997
1928	997
1928	998
1936	998
1936	999
1937	999
1937	1000
1943	1000
1943	1001
1944	1001
1944	1003
1945	1003
1945	1005
1947	1005
1947	1006
1948	1006
1948	1007
1951	1007
1951	1008
1954	1008
1954	1009
1955	1009
1955	1011
1956	1011
1956	1012
1957	1012
1957	1013
1958	1013
1958	1014
1962	1014
1962	1017
1964	1017
1964	1018
1965	1018
1965	1019
1966	1019
1966	1021
1967	1021
1967	1022
1969	1022
1969	1023
1970	1023
1970	1024
1972	1024
1972	1028
1973	1028
1973	1029
1975	1029
1975	1034
1976	1034
1976	1035
1977	1035
1977	1036
1978	1036
1978	1037
1979	1037
1979	1040
1980	1040
1980	1044
1981	1044
1981	1045
1982	1045
1982	1046
1983	1046
1983	1048
1984	1048
1984	1051
1985	1051
1985	1055
1986	1055
1986	1056
1987	1056
1987	1057
1988	1057
1988	1059
1989	1059
1989	1066
1990	1066
1990	1067
1991	1067
1991	1071
1992	1071
1992	1074
1993	1074
1993	1076
1994	1076
1994	1080
1995	1080
1995	1081
1996	1081
1996	1083
1997	1083
1997	1086
1998	1086
1998	1089
1999	1089
1999	1092
2000	1092
2000	1095
1999	1095
1999	1096
1996	1096
1996	1097
1993	1097
1993	1098
1992	1098
1992	1099
1988	1099
1988	1100
1986	1100
1986	1101
1981	1101
1981	1102
1980	1102
1980	1103
1978	1103
1978	1104
1977	1104
1977	1105
1975	1105
1975	1106
1970	1106
1970	1108
1969	1108
1969	1109
1970	1109
1970	1111
1969	1111
1969	1112
1970	1112
1970	1117
1971	1117
1971	1118
1975	1118
1975	1119
1976	1119
1976	1120
1977	1120
1977	1119
1978	1119
1978	1120
1981	1120
1981	1121
1983	1121
1983	1124
1987	1124
1987	1125
1988	1125
1988	1127
1991	1127
1991	1129
1992	1129
1992	1130
1993	1130
1993	1132
1995	1132
1995	1133
1996	1133
1996	1134
1997	1134
1997	1136
1999	1136
1999	1138
2000	1138
2000	1139
2002	1139
2002	1140
2003	1140
2003	1142
2004	1142
2004	1144
2005	1144
2005	1146
2006	1146
2006	1147
2007	1147
2007	1150
2009	1150
2009	1152
2010	1152
2010	1155
2011	1155
2011	1156
2012	1156
2012	1160
2013	1160
2013	1161
2014	1161
2014	1162
2015	1162
2015	1163
2016	1163
2016	1164
2017	1164
2017	1167
2018	1167
2018	1168
2019	1168
2019	1170
2020	1170
2020	1171
2021	1171
2021	1172
2022	1172
2022	1175
2023	1175
2023	1176
2024	1176
2024	1177
2025	1177
2025	1179
2026	1179
2026	1181
2027	1181
2027	1183
2028	1183
2028	1187
2031	1187
2031	1188
2032	1188
2032	1192
2033	1192
2033	1193
2034	1193
2034	1195
2036	1195
2036	1197
2037	1197
2037	1199
2038	1199
2038	1202
2039	1202
2039	1203
2041	1203
2041	1205
2042	1205
2042	1206
2041	1206
2041	1207
2042	1207
2042	1208
2043	1208
2043	1212
2044	1212
2044	1213
2045	1213
2045	1216
2046	1216
2046	1220
2047	1220
2047	1222
2048	1222
2048	1225
2045	1225
2045	1226
2038	1226
2038	1228
2037	1228
2037	1229
2035	1229
2035	1230
2033	1230
2033	1232
2027	1232
2027	1234
2020	1234
2020	1235
2015	1235
2015	1236
2012	1236
2012	1237
2009	1237
2009	1238
2007	1238
2007	1239
2006	1239
2006	1248
2008	1248
2008	1250
2011	1250
2011	1251
2012	1251
2012	1253
2011	1253
2011	1254
2012	1254
2012	1255
2015	1255
2015	1256
2017	1256
2017	1260
2018	1260
2018	1261
2019	1261
2019	1262
2020	1262
2020	1264
2021	1264
2021	1266
2022	1266
2022	1268
2023	1268
2023	1270
2024	1270
2024	1271
2025	1271
2025	1274
2026	1274
2026	1275
2027	1275
2027	1277
2028	1277
2028	1279
2027	1279
2027	1280
2028	1280
2028	1282
2029	1282
2029	1283
2030	1283
2030	1287
2031	1287
2031	1292
2032	1292
2032	1295
2033	1295
2033	1298
2034	1298
2034	1300
2035	1300
2035	1301
2036	1301
2036	1310
2037	1310
2037	1312
2038	1312
2038	1315
2039	1315
2039	1317
2040	1317
2040	1321
2041	1321
2041	1322
2042	1322
2042	1324
2043	1324
2043	1328
2044	1328
2044	1330
2045	1330
2045	1331
2046	1331
2046	1334
2047	1334
2047	1336
2048	1336
2048	1338
2049	1338
2049	1340
2048	1340
2048	1342
2042	1342
2042	1343
2041	1343
2041	1344
2040	1344
2040	1345
2038	1345
2038	1347
2036	1347
2036	1357
2037	1357
2037	1359
2038	1359
2038	1360
2039	1360
2039	1361
2040	1361
2040	1362
2041	1362
2041	1365
2042	1365
2042	1366
2043	1366
2043	1370
2045	1370
2045	1371
2046	1371
2046	1373
2047	1373
2047	1375
2048	1375
2048	1378
2049	1378
2049	1381
2051	1381
2051	1385
2052	1385
2052	1388
2053	1388
2053	1392
2054	1392
2054	1397
2055	1397
2055	1398
2056	1398
2056	1400
2057	1400
2057	1405
2058	1405
2058	1408
2059	1408
2059	1412
2060	1412
2060	1413
2061	1413
2061	1414
2060	1414
2060	1415
2061	1415
2061	1417
2062	1417
2062	1418
2063	1418
2063	1419
2064	1419
2064	1423
2065	1423
2065	1426
2066	1426
2066	1429
2067	1429
2067	1431
2068	1431
2068	1432
2069	1432
2069	1436
2070	1436
2070	1439
2071	1439
2071	1440
2072	1440
2072	1443
2073	1443
2073	1445
2074	1445
2074	1448
2075	1448
2075	1450
2076	1450
2076	1452
2077	1452
2077	1456
2078	1456
2078	1458
2079	1458
2079	1460
2080	1460
2080	1465
2081	1465
2081	1466
2082	1466
2082	1470
2083	1470
2083	1471
2084	1471
2084	1474
2085	1474
2085	1476
2086	1476
2086	1477
2087	1477
2087	1481
2088	1481
2088	1482
2089	1482
2089	1486
2090	1486
2090	1496
2091	1496
2091	1499
2092	1499
2092	1504
2093	1504
2093	1505
2091	1505
2091	1510
2087	1510
2087	1509
2082	1509
2082	1508
2081	1508
2081	1507
2079	1507
2079	1506
2077	1506
2077	1505
2075	1505
2075	1504
2072	1504
2072	1503
2071	1503
2071	1502
2070	1502
2070	1501
2067	1501
2067	1500
2065	1500
2065	1499
2063	1499
2063	1497
2061	1497
2061	1495
2058	1495
2058	1494
2056	1494
2056	1493
2055	1493
2055	1492
2054	1492
2054	1491
2050	1491
2050	1489
2048	1489
2048	1488
2047	1488
2047	1487
2046	1487
2046	1486
2044	1486
2044	1484
2038	1484
2038	1483
2037	1483
2037	1482
2036	1482
2036	1481
2035	1481
2035	1479
2032	1479
2032	1478
2031	1478
2031	1477
2029	1477
2029	1476
2028	1476
2028	1475
2026	1475
2026	1474
2024	1474
2024	1473
2022	1473
2022	1471
2021	1471
2021	1470
2020	1470
2020	1469
2018	1469
2018	1468
2016	1468
2016	1467
2015	1467
2015	1466
2014	1466
2014	1465
2013	1465
2013	1463
2010	1463
2010	1461
2007	1461
2007	1460
2006	1460
2006	1459
2005	1459
2005	1458
2004	1458
2004	1457
2003	1457
2003	1456
2002	1456
2002	1455
1999	1455
1999	1454
1998	1454
1998	1452
1997	1452
1997	1451
1994	1451
1994	1450
1993	1450
1993	1449
1992	1449
1992	1447
1990	1447
1990	1446
1988	1446
1988	1444
1987	1444
1987	1443
1986	1443
1986	1442
1984	1442
1984	1441
1983	1441
1983	1440
1982	1440
1982	1437
1978	1437
1978	1436
1977	1436
1977	1435
1976	1435
1976	1434
1975	1434
1975	1433
1974	1433
1974	1432
1973	1432
1973	1430
1972	1430
1972	1431
1971	1431
1971	1429
1969	1429
1969	1428
1968	1428
1968	1427
1967	1427
1967	1426
1965	1426
1965	1425
1964	1425
1964	1424
1963	1424
1963	1422
1962	1422
1962	1421
1960	1421
1960	1420
1959	1420
1959	1419
1958	1419
1958	1418
1957	1418
1957	1416
1956	1416
1956	1415
1954	1415
1954	1414
1953	1414
1953	1413
1952	1413
1952	1411
1950	1411
1950	1410
1948	1410
1948	1409
1947	1409
1947	1406
1946	1406
1946	1405
1945	1405
1945	1404
1944	1404
1944	1403
1943	1403
1943	1400
1941	1400
1941	1399
1934	1399
1934	1400
1933	1400
1933	1402
1932	1402
1932	1403
1931	1403
1931	1404
1930	1404
1930	1405
1928	1405
1928	1407
1927	1407
1927	1409
1926	1409
1926	1411
1925	1411
1925	1412
1922	1412
1922	1411
1918	1411
1918	1410
1915	1410
1915	1409
1911	1409
1911	1407
1909	1407
1909	1406
1908	1406
1908	1405
1906	1405
1906	1404
1904	1404
1904	1403
1903	1403
1903	1401
1902	1401
1902	1400
1900	1400
1900	1399
1899	1399
1899	1398
1898	1398
1898	1395
1895	1395
1895	1394
1894	1394
1894	1392
1893	1392
1893	1390
1892	1390
1892	1389
1889	1389
1889	1387
1888	1387
1888	1385
1886	1385
1886	1384
1885	1384
1885	1383
1884	1383
1884	1382
1883	1382
1883	1380
1882	1380
1882	1379
1879	1379
1879	1377
1878	1377
1878	1376
1877	1376
1877	1374
1875	1374
1875	1373
1874	1373
1874	1371
1873	1371
1873	1370
1872	1370
1872	1369
1871	1369
1871	1367
1869	1367
1869	1365
1868	1365
1868	1364
1867	1364
1867	1362
1865	1362
1865	1358
1863	1358
1863	1357
1862	1357
1862	1352
1861	1352
1861	1351
1860	1351
1860	1348
1859	1348
1859	1345
1858	1345
1858	1342
1857	1342
1857	1337
1849	1337
1849	1338
1847	1338
1847	1339
1846	1339
1846	1340
1845	1340
1845	1341
1844	1341
1844	1343
1843	1343
1843	1345
1842	1345
1842	1347
1839	1347
1839	1349
1838	1349
1838	1350
1837	1350
1837	1352
1836	1352
1836	1353
1834	1353
1834	1354
1833	1354
1833	1356
1832	1356
1832	1357
1831	1357
1831	1358
1829	1358
1829	1359
1828	1359
1828	1362
1827	1362
1827	1364
1826	1364
1826	1367
1825	1367
1825	1368
1824	1368
1824	1369
1823	1369
1823	1368
1822	1368
1822	1367
1818	1367
1818	1366
1817	1366
1817	1365
1815	1365
1815	1363
1814	1363
1814	1362
1811	1362
1811	1361
1809	1361
1809	1359
1808	1359
1808	1358
1807	1358
1807	1357
1805	1357
1805	1355
1804	1355
1804	1353
1802	1353
1802	1352
1801	1352
1801	1351
1800	1351
1800	1350
1799	1350
1799	1348
1797	1348
1797	1347
1795	1347
1795	1346
1794	1346
1794	1345
1793	1345
1793	1344
1794	1344
1794	1343
1793	1343
1793	1342
1791	1342
1791	1341
1789	1341
1789	1340
1787	1340
1787	1339
1788	1339
1788	1338
1785	1338
1785	1337
1783	1337
1783	1334
1782	1334
1782	1333
1781	1333
1781	1332
1780	1332
1780	1330
1779	1330
1779	1329
1778	1329
1778	1326
1777	1326
1777	1325
1776	1325
1776	1323
1775	1323
1775	1322
1774	1322
1774	1320
1773	1320
1773	1316
1770	1316
1770	1309
1769	1309
1769	1306
1768	1306
1768	1303
1767	1303
1767	1296
1766	1296
1766	1295
1765	1295
1765	1292
1764	1292
1764	1288
1763	1288
1763	1281
1762	1281
1762	1280
1753	1280
1753	1281
1752	1281
1752	1282
1750	1282
1750	1283
1749	1283
1749	1285
1747	1285
1747	1286
1746	1286
1746	1287
1745	1287
1745	1288
1744	1288
1744	1289
1743	1289
1743	1290
1739	1290
1739	1292
1738	1292
1738	1293
1737	1293
1737	1294
1736	1294
1736	1295
1734	1295
1734	1299
1733	1299
1733	1300
1730	1300
1730	1299
1728	1299
1728	1298
1727	1298
1727	1297
1726	1297
1726	1296
1725	1296
1725	1295
1723	1295
1723	1294
1722	1294
1722	1293
1721	1293
1721	1292
1720	1292
1720	1290
1719	1290
1719	1289
1718	1289
1718	1288
1717	1288
1717	1287
1716	1287
1716	1286
1715	1286
1715	1284
1714	1284
1714	1282
1712	1282
1712	1281
1711	1281
1711	1277
1710	1277
1710	1276
1709	1276
1709	1273
1708	1273
1708	1272
1707	1272
1707	1271
1706	1271
1706	1268
1705	1268
1705	1265
1704	1265
1704	1264
1703	1264
1703	1263
1702	1263
1702	1262
1701	1262
1701	1261
1700	1261
1700	1260
1699	1260
1699	1254
1698	1254
1698	1253
1695	1253
1695	1247
1694	1247
1694	1248
1692	1248
1692	1247
1691	1247
1691	1246
1690	1246
1690	1244
1689	1244
1689	1242
1688	1242
1688	1241
1687	1241
1687	1240
1685	1240
1685	1238
1684	1238
1684	1236
1683	1236
1683	1233
1682	1233
1682	1232
1680	1232
1680	1227
1678	1227
1678	1225
1677	1225
1677	1222
1676	1222
1676	1221
1675	1221
1675	1217
1673	1217
1673	1213
1672	1213
1672	1211
1671	1211
1671	1210
1670	1210
1670	1207
1669	1207
1669	1205
1668	1205
1668	1203
1667	1203
1667	1202
1668	1202
1668	1196
1667	1196
1667	1195
1666	1195
1666	1189
1665	1189
1665	1179
1664	1179
1664	1178
1656	1178
1656	1179
1655	1179
1655	1180
1654	1180
1654	1179
1653	1179
1653	1181
1651	1181
1651	1182
1649	1182
1649	1183
1648	1183
1648	1184
1647	1184
1647	1185
1645	1185
1645	1186
1644	1186
1644	1187
1643	1187
1643	1188
1642	1188
1642	1189
1641	1189
1641	1190
1639	1190
1639	1191
1638	1191
1638	1192
1637	1192
1637	1193
1636	1193
1636	1194
1635	1194
1635	1195
1633	1195
1633	1196
1632	1196
1632	1197
1630	1197
1630	1198
1629	1198
1629	1199
1628	1199
1628	1200
1627	1200
1627	1202
1626	1202
1626	1203
1624	1203
1624	1202
1623	1202
1623	1201
1622	1201
1622	1200
1620	1200
1620	1196
1618	1196
1618	1195
1616	1195
1616	1193
1615	1193
1615	1191
1614	1191
1614	1190
1613	1190
1613	1189
1612	1189
1612	1186
1611	1186
1611	1184
1610	1184
1610	1180
1609	1180
1609	1179
1608	1179
1608	1174
1607	1174
1607	1173
1606	1173
1606	1170
1605	1170
1605	1165
1604	1165
1604	1163
1603	1163
1603	1162
1602	1162
1602	1160
1601	1160
1601	1159
1600	1159
1600	1156
1599	1156
1599	1153
1597	1153
1597	1152
1596	1152
1596	1151
1595	1151
1595	1149
1593	1149
1593	1148
1592	1148
1592	1147
1591	1147
1591	1146
1590	1146
1590	1145
1589	1145
1589	1143
1587	1143
1587	1141
1586	1141
1586	1138
1585	1138
1585	1137
1584	1137
1584	1133
1583	1133
1583	1132
1582	1132
1582	1131
1581	1131
1581	1129
1580	1129
1580	1127
1579	1127
1579	1124
1578	1124
1578	1123
1577	1123
1577	1121
1576	1121
1576	1118
1575	1118
1575	1116
1574	1116
1574	1112
1573	1112
1573	1111
1572	1111
1572	1112
1571	1112
1571	1110
1572	1110
1572	1108
1571	1108
1571	1107
1572	1107
1572	1104
1571	1104
1571	1099
1570	1099
1570	1093
1569	1093
1569	1080
1568	1080
1568	1075
1560	1075
1560	1076
1559	1076
1559	1077
1556	1077
1556	1079
1555	1079
1555	1080
1553	1080
1553	1081
1552	1081
1552	1082
1551	1082
1551	1083
1550	1083
1550	1084
1549	1084
1549	1085
1548	1085
1548	1086
1547	1086
1547	1087
1546	1087
1546	1088
1545	1088
1545	1089
1544	1089
1544	1090
1543	1090
1543	1091
1542	1091
1542	1093
1541	1093
1541	1094
1538	1094
1538	1095
1537	1095
1537	1097
1536	1097
1536	1099
1535	1099
1535	1100
1534	1100
1534	1101
1533	1101
1533	1102
1532	1102
1532	1104
1531	1104
1531	1106
1530	1106
1530	1108
1528	1108
1528	1107
1526	1107
1526	1106
1524	1106
1524	1104
1523	1104
1523	1103
1521	1103
1521	1101
1520	1101
1520	1100
1519	1100
1519	1099
1518	1099
1518	1098
1517	1098
1517	1097
1516	1097
1516	1096
1515	1096
1515	1095
1514	1095
1514	1093
1513	1093
1513	1091
1512	1091
1512	1089
1511	1089
1511	1087
1510	1087
1510	1085
1509	1085
1509	1082
1508	1082
1508	1081
1507	1081
1507	1078
1506	1078
1506	1075
1505	1075
1505	1071
1504	1071
1504	1070
1503	1070
1503	1066
1502	1066
1502	1062
1501	1062
1501	1061
1500	1061
1500	1057
1499	1057
1499	1054
1498	1054
1498	1051
1497	1051
1497	1049
1496	1049
1496	1046
1495	1046
1495	1042
1494	1042
1494	1039
1493	1039
1493	1038
1492	1038
1492	1031
1491	1031
1491	1030
1490	1030
1490	1026
1489	1026
1489	1023
1488	1023
1488	1022
1487	1022
1487	1018
1486	1018
1486	1012
1484	1012
1484	987
1474	987
1474	988
1473	988
1473	989
1472	989
1472	990
1470	990
1470	991
1466	991
1466	995
1465	995
1465	996
1462	996
1462	997
1461	997
1461	999
1460	999
1460	1000
1459	1000
1459	1001
1457	1001
1457	1002
1456	1002
1456	1004
1455	1004
1455	1011
1454	1011
1454	1012
1451	1012
1451	1011
1448	1011
1448	1010
1447	1010
1447	1011
1446	1011
1446	1010
1443	1010
1443	1011
1441	1011
1441	1012
1440	1012
1440	1016
1438	1016
1438	1015
1437	1015
1437	1014
1429	1014
1429	1015
1399	1015
1399	1016
1398	1016
1398	1024
1400	1024
1400	1025
1401	1025
1401	1026
1400	1026
1400	1027
1403	1027
1403	1029
1405	1029
1405	1030
1406	1030
1406	1031
1408	1031
1408	1033
1409	1033
1409	1034
1410	1034
1410	1035
1411	1035
1411	1036
1412	1036
1412	1037
1414	1037
1414	1040
1415	1040
1415	1041
1416	1041
1416	1043
1417	1043
1417	1045
1418	1045
1418	1047
1419	1047
1419	1050
1421	1050
1421	1053
1422	1053
1422	1054
1423	1054
1423	1056
1424	1056
1424	1060
1425	1060
1425	1061
1426	1061
1426	1062
1427	1062
1427	1065
1428	1065
1428	1066
1429	1066
1429	1069
1430	1069
1430	1071
1431	1071
1431	1072
1432	1072
1432	1074
1433	1074
1433	1075
1434	1075
1434	1077
1435	1077
1435	1080
1436	1080
1436	1081
1437	1081
1437	1084
1438	1084
1438	1086
1439	1086
1439	1088
1440	1088
1440	1092
1442	1092
1442	1093
1443	1093
1443	1097
1444	1097
1444	1098
1445	1098
1445	1102
1446	1102
1446	1103
1447	1103
1447	1105
1448	1105
1448	1108
1449	1108
1449	1110
1450	1110
1450	1113
1451	1113
1451	1117
1452	1117
1452	1119
1453	1119
1453	1135
1454	1135
1454	1138
1443	1138
1443	1139
1440	1139
1440	1140
1438	1140
1438	1141
1435	1141
1435	1142
1430	1142
1430	1143
1419	1143
1419	1144
1418	1144
1418	1145
1413	1145
1413	1146
1409	1146
1409	1147
1408	1147
1408	1155
1410	1155
1410	1156
1411	1156
1411	1157
1413	1157
1413	1158
1416	1158
1416	1159
1417	1159
1417	1160
1419	1160
1419	1161
1421	1161
1421	1162
1423	1162
1423	1165
1424	1165
1424	1166
1425	1166
1425	1167
1426	1167
1426	1168
1427	1168
1427	1169
1428	1169
1428	1170
1429	1170
1429	1172
1430	1172
1430	1173
1431	1173
1431	1175
1432	1175
1432	1176
1433	1176
1433	1177
1434	1177
1434	1178
1433	1178
1433	1179
1435	1179
1435	1180
1434	1180
1434	1181
1435	1181
1435	1182
1437	1182
1437	1183
1438	1183
1438	1187
1439	1187
1439	1189
1440	1189
1440	1191
1441	1191
1441	1192
1442	1192
1442	1195
1443	1195
1443	1200
1444	1200
1444	1202
1445	1202
1445	1207
1446	1207
1446	1208
1447	1208
1447	1210
1448	1210
1448	1212
1449	1212
1449	1216
1450	1216
1450	1218
1451	1218
1451	1219
1452	1219
1452	1221
1453	1221
1453	1223
1454	1223
1454	1227
1455	1227
1455	1229
1456	1229
1456	1230
1457	1230
1457	1232
1458	1232
1458	1238
1459	1238
1459	1240
1460	1240
1460	1244
1461	1244
1461	1250
1462	1250
1462	1254
1463	1254
1463	1259
1464	1259
1464	1262
1465	1262
1465	1266
1466	1266
1466	1275
1467	1275
1467	1280
1466	1280
1466	1286
1465	1286
1465	1290
1464	1290
1464	1291
1463	1291
1463	1294
1462	1294
1462	1295
1461	1295
1461	1297
1460	1297
1460	1296
1459	1296
1459	1295
1457	1295
1457	1294
1456	1294
1456	1295
1455	1295
1455	1294
1452	1294
1452	1293
1446	1293
1446	1292
1442	1292
1442	1291
1441	1291
1441	1290
1403	1290
1403	1292
1402	1292
1402	1300
1403	1300
1403	1301
1404	1301
1404	1302
1406	1302
1406	1303
1408	1303
1408	1304
1410	1304
1410	1307
1411	1307
1411	1308
1412	1308
1412	1309
1413	1309
1413	1310
1414	1310
1414	1313
1416	1313
1416	1314
1417	1314
1417	1316
1418	1316
1418	1318
1419	1318
1419	1319
1420	1319
1420	1321
1421	1321
1421	1324
1422	1324
1422	1326
1423	1326
1423	1328
1424	1328
1424	1333
1425	1333
1425	1334
1426	1334
1426	1336
1427	1336
1427	1339
1428	1339
1428	1345
1429	1345
1429	1354
1430	1354
1430	1355
1432	1355
1432	1362
1433	1362
1433	1372
1434	1372
1434	1375
1435	1375
1435	1376
1434	1376
1434	1377
1435	1377
1435	1381
1436	1381
1436	1384
1437	1384
1437	1387
1438	1387
1438	1392
1439	1392
1439	1400
1440	1400
1440	1408
1441	1408
1441	1411
1442	1411
1442	1416
1443	1416
1443	1418
1444	1418
1444	1422
1445	1422
1445	1432
1446	1432
1446	1436
1447	1436
1447	1440
1446	1440
1446	1448
1445	1448
1445	1457
1444	1457
1444	1462
1443	1462
1443	1464
1442	1464
1442	1472
1439	1472
1439	1473
1435	1473
1435	1472
1432	1472
1432	1471
1410	1471
1410	1470
1406	1470
1406	1469
1404	1469
1404	1468
1392	1468
1392	1469
1391	1469
1391	1468
1390	1468
1390	1469
1388	1469
1388	1478
1390	1478
1390	1480
1391	1480
1391	1482
1392	1482
1392	1484
1393	1484
1393	1486
1394	1486
1394	1487
1396	1487
1396	1488
1397	1488
1397	1490
1398	1490
1398	1493
1399	1493
1399	1494
1400	1494
1400	1497
1401	1497
1401	1499
1402	1499
1402	1500
1403	1500
1403	1503
1404	1503
1404	1506
1405	1506
1405	1508
1406	1508
1406	1511
1407	1511
1407	1512
1408	1512
1408	1530
1409	1530
1409	1533
1410	1533
1410	1537
1411	1537
1411	1539
1412	1539
1412	1543
1411	1543
1411	1544
1412	1544
1412	1549
1413	1549
1413	1557
1412	1557
1412	1558
1411	1558
1411	1564
1410	1564
1410	1566
1409	1566
1409	1568
1408	1568
1408	1569
1407	1569
1407	1572
1406	1572
1406	1573
1405	1573
1405	1574
1403	1574
1403	1579
1402	1579
1402	1581
1401	1581
1401	1584
1400	1584
1400	1585
1399	1585
1399	1586
1398	1586
1398	1589
1397	1589
1397	1590
1396	1590
1396	1593
1395	1593
1395	1596
1394	1596
1394	1598
1393	1598
1393	1599
1392	1599
1392	1600
1391	1600
1391	1604
1390	1604
1390	1605
1389	1605
1389	1607
1388	1607
1388	1610
1387	1610
1387	1611
1386	1611
1386	1614
1385	1614
1385	1616
1384	1616
1384	1618
1383	1618
1383	1620
1382	1620
1382	1623
1376	1623
1376	1624
1375	1624
1375	1623
1368	1623
1368	1622
1365	1622
1365	1621
1356	1621
1356	1622
1355	1622
1355	1631
1356	1631
1356	1632
1357	1632
1357	1633
1358	1633
1358	1637
1359	1637
1359	1639
1360	1639
1360	1642
1361	1642
1361	1648
1362	1648
1362	1649
1363	1649
1363	1650
1364	1650
1364	1656
1365	1656
1365	1657
1364	1657
1364	1661
1365	1661
1365	1698
1364	1698
1364	1704
1363	1704
1363	1706
1362	1706
1362	1709
1361	1709
1361	1711
1360	1711
1360	1715
1359	1715
1359	1720
1358	1720
1358	1721
1357	1721
1357	1722
1356	1722
1356	1726
1355	1726
1355	1728
1354	1728
1354	1730
1353	1730
1353	1732
1352	1732
1352	1734
1350	1734
1350	1736
1349	1736
1349	1737
1348	1737
1348	1738
1347	1738
1347	1739
1346	1739
1346	1741
1344	1741
1344	1742
1342	1742
1342	1741
1339	1741
1339	1740
1336	1740
1336	1739
1333	1739
1333	1738
1326	1738
1326	1737
1322	1737
1322	1736
1321	1736
1321	1735
1318	1735
1318	1734
1313	1734
1313	1733
1308	1733
1308	1732
1307	1732
1307	1731
1299	1731
1299	1732
1298	1732
1298	1733
1297	1733
1297	1744
1298	1744
1298	1751
1299	1751
1299	1752
1298	1752
1298	1760
1299	1760
1299	1765
1298	1765
1298	1773
1297	1773
1297	1778
1296	1778
1296	1783
1295	1783
1295	1787
1294	1787
1294	1788
1293	1788
1293	1794
1292	1794
1292	1798
1291	1798
1291	1802
1290	1802
1290	1803
1289	1803
1289	1804
1288	1804
1288	1809
1287	1809
1287	1810
1286	1810
1286	1813
1285	1813
1285	1815
1283	1815
1283	1817
1284	1817
1284	1818
1283	1818
1283	1821
1282	1821
1282	1825
1281	1825
1281	1828
1280	1828
1280	1830
1279	1830
1279	1831
1278	1831
1278	1832
1279	1832
1279	1833
1278	1833
1278	1835
1277	1835
1277	1836
1276	1836
1276	1840
1275	1840
1275	1842
1273	1842
1273	1843
1268	1843
1268	1844
1256	1844
1256	1845
1248	1845
1248	1844
1247	1844
1247	1845
1246	1845
1246	1863
1245	1863
1245	1867
1243	1867
1243	1873
1242	1873
1242	1877
1241	1877
1241	1879
1240	1879
1240	1883
1239	1883
1239	1884
1238	1884
1238	1893
1237	1893
1237	1895
1236	1895
1236	1899
1235	1899
1235	1905
1234	1905
1234	1906
1233	1906
1233	1907
1234	1907
1234	1909
1233	1909
1233	1911
1232	1911
1232	1913
1231	1913
1231	1915
1230	1915
1230	1920
1229	1920
1229	1924
1228	1924
1228	1927
1227	1927
1227	1930
1225	1930
1225	1936
1224	1936
1224	1941
1223	1941
1223	1944
1222	1944
1222	1952
1221	1952
1221	1953
1219	1953
1219	1954
1220	1954
1220	1955
1219	1955
1219	1960
1218	1960
1218	1965
1217	1965
1217	1969
1216	1969
1216	1978
1215	1978
1215	1982
1214	1982
1214	1988
1213	1988
1213	2000
1212	2000
1212	2007
1211	2007
1211	2010
1210	2010
1210	2012
1209	2012
1209	2019
1208	2019
1208	2021
1207	2021
1207	2024
1206	2024
1206	2025
1205	2025
1205	2028
1204	2028
1204	2031
1200	2031
1200	2033
1199	2033
1199	2032
1198	2032
1198	2029
1196	2029
1196	2028
1195	2028
1195	2024
1192	2024
1192	2022
1190	2022
1190	2020
1189	2020
1189	2018
1188	2018
1188	2017
1187	2017
1187	2015
1186	2015
1186	2013
1185	2013
1185	2009
1183	2009
1183	2008
1182	2008
1182	2004
1181	2004
1181	2002
1180	2002
1180	2001
1179	2001
1179	1997
1178	1997
1178	1996
1177	1996
1177	1995
1176	1995
1176	1992
1175	1992
1175	1988
1174	1988
1174	1986
1171	1986
1171	1984
1172	1984
1172	1983
1171	1983
1171	1982
1172	1982
1172	1980
1171	1980
1171	1977
1170	1977
1170	1976
1169	1976
1169	1971
1168	1971
1168	1968
1167	1968
1167	1966
1166	1966
1166	1964
1165	1964
1165	1962
1164	1962
1164	1956
1162	1956
1162	1953
1161	1953
1161	1951
1160	1951
1160	1948
1159	1948
1159	1946
1158	1946
1158	1944
1157	1944
1157	1941
1156	1941
1156	1939
1155	1939
1155	1936
1154	1936
1154	1934
1153	1934
1153	1930
1152	1930
1152	1927
1151	1927
1151	1920
1150	1920
1150	1919
1149	1919
1149	1916
1148	1916
1148	1913
1147	1913
1147	1910
1146	1910
1146	1904
1145	1904
1145	1884
1144	1884
1144	1883
1128	1883
1128	1881
1127	1881
1127	1877
1126	1877
1126	1873
1125	1873
1125	1870
1124	1870
1124	1868
1123	1868
1123	1862
1121	1862
1121	1857
1120	1857
1120	1855
1119	1855
1119	1850
1118	1850
1118	1846
1116	1846
1116	1843
1115	1843
1115	1840
1114	1840
1114	1836
1113	1836
1113	1834
1112	1834
1112	1833
1111	1833
1111	1830
1110	1830
1110	1826
1109	1826
1109	1820
1107	1820
1107	1819
1106	1819
1106	1810
1105	1810
1105	1809
1104	1809
1104	1807
1103	1807
1103	1803
1102	1803
1102	1797
1101	1797
1101	1789
1100	1789
1100	1779
1101	1779
1101	1770
1102	1770
1102	1760
1089	1760
1089	1761
1088	1761
1088	1762
1083	1762
1083	1763
1080	1763
1080	1764
1077	1764
1077	1765
1074	1765
1074	1766
1068	1766
1068	1767
1063	1767
1063	1768
1061	1768
1061	1769
1060	1769
1060	1770
1057	1770
1057	1769
1056	1769
1056	1767
1055	1767
1055	1765
1054	1765
1054	1763
1053	1763
1053	1762
1052	1762
1052	1761
1051	1761
1051	1760
1050	1760
1050	1758
1049	1758
1049	1755
1048	1755
1048	1752
1047	1752
1047	1750
1046	1750
1046	1747
1045	1747
1045	1744
1044	1744
1044	1740
1043	1740
1043	1737
1042	1737
1042	1732
1041	1732
1041	1724
1040	1724
1040	1718
1039	1718
1039	1712
1038	1712
1038	1704
1037	1704
1037	1699
1036	1699
1036	1685
1037	1685
1037	1680
1038	1680
1038	1672
1039	1672
1039	1667
1040	1667
1040	1665
1042	1665
1042	1664
1041	1664
1041	1663
1042	1663
1042	1661
1043	1661
1043	1659
1044	1659
1044	1656
1045	1656
1045	1655
1046	1655
1046	1646
1031	1646
1031	1647
1026	1647
1026	1648
1025	1648
1025	1649
1012	1649
1012	1650
1000	1650
1000	1651
998	1651
998	1647
997	1647
997	1644
996	1644
996	1640
995	1640
995	1635
994	1635
994	1630
993	1630
993	1626
992	1626
992	1614
991	1614
991	1612
992	1612
992	1607
991	1607
991	1590
990	1590
990	1586
989	1586
989	1573
990	1573
990	1569
991	1569
991	1565
990	1565
990	1564
991	1564
991	1562
992	1562
992	1560
993	1560
993	1556
994	1556
994	1551
995	1551
995	1549
996	1549
996	1547
997	1547
997	1546
998	1546
998	1542
999	1542
999	1541
1000	1541
1000	1540
1001	1540
1001	1539
1002	1539
1002	1537
1003	1537
1003	1536
1004	1536
1004	1527
1003	1527
1003	1526
995	1526
995	1527
990	1527
990	1528
988	1528
988	1529
987	1529
987	1528
985	1528
985	1529
984	1529
984	1528
982	1528
982	1529
973	1529
973	1530
961	1530
961	1531
953	1531
953	1528
952	1528
952	1526
951	1526
951	1525
950	1525
950	1523
951	1523
951	1521
950	1521
950	1519
949	1519
949	1516
948	1516
948	1514
947	1514
947	1513
948	1513
948	1502
949	1502
949	1485
950	1485
950	1473
951	1473
951	1468
952	1468
952	1458
953	1458
953	1455
954	1455
954	1448
955	1448
955	1439
956	1439
956	1438
957	1438
957	1430
958	1430
958	1429
959	1429
959	1428
960	1428
960	1425
961	1425
961	1418
962	1418
962	1416
963	1416
963	1415
964	1415
964	1413
965	1413
965	1409
966	1409
966	1407
967	1407
967	1406
968	1406
968	1404
970	1404
970	1403
971	1403
971	1400
972	1400
972	1399
973	1399
973	1398
974	1398
974	1397
975	1397
975	1394
977	1394
977	1393
979	1393
979	1391
980	1391
980	1382
972	1382
972	1381
970	1381
970	1382
966	1382
966	1381
965	1381
965	1382
956	1382
956	1383
948	1383
948	1382
932	1382
932	1383
930	1383
930	1384
927	1384
927	1380
926	1380
926	1377
925	1377
925	1376
924	1376
924	1364
923	1364
923	1348
924	1348
924	1343
925	1343
925	1341
926	1341
926	1338
927	1338
927	1336
928	1336
928	1332
929	1332
929	1324
931	1324
931	1323
933	1323
933	1315
934	1315
934	1314
935	1314
935	1307
936	1307
936	1303
937	1303
937	1297
939	1297
939	1288
941	1288
941	1287
943	1287
943	1284
944	1284
944	1282
945	1282
945	1279
947	1279
947	1278
948	1278
948	1276
949	1276
949	1275
951	1275
951	1274
953	1274
953	1273
955	1273
955	1272
954	1272
954	1271
963	1271
963	1270
965	1270
965	1269
966	1269
966	1268
967	1268
967	1257
966	1257
966	1256
953	1256
953	1257
947	1257
947	1258
937	1258
937	1259
932	1259
932	1260
929	1260
929	1261
916	1261
916	1262
911	1262
911	1263
909	1263
909	1262
908	1262
908	1261
907	1261
907	1254
906	1254
906	1252
905	1252
905	1248
904	1248
904	1244
905	1244
905	1233
906	1233
906	1228
907	1228
907	1223
908	1223
908	1218
909	1218
909	1214
910	1214
910	1212
911	1212
911	1208
912	1208
912	1206
913	1206
913	1203
914	1203
914	1198
915	1198
915	1196
916	1196
916	1193
917	1193
917	1191
918	1191
918	1190
919	1190
919	1184
920	1184
920	1179
921	1179
921	1178
922	1178
922	1176
923	1176
923	1166
925	1166
925	1164
926	1164
926	1158
927	1158
927	1156
928	1156
928	1155
929	1155
929	1152
930	1152
930	1151
931	1151
931	1150
932	1150
932	1146
934	1146
934	1145
935	1145
935	1142
937	1142
937	1139
938	1139
938	1138
939	1138
939	1137
943	1137
943	1135
944	1135
944	1127
943	1127
943	1125
922	1125
922	1126
911	1126
911	1127
900	1127
900	1128
898	1128
898	1129
897	1129
897	1130
896	1130
896	1128
895	1128
895	1127
894	1127
894	1123
893	1123
893	1112
892	1112
892	1109
893	1109
893	1105
894	1105
894	1100
895	1100
895	1097
896	1097
896	1095
897	1095
897	1093
898	1093
898	1092
897	1092
897	1091
898	1091
898	1090
899	1090
899	1087
900	1087
900	1084
901	1084
901	1082
902	1082
902	1080
903	1080
903	1078
904	1078
904	1076
905	1076
905	1072
906	1072
906	1071
907	1071
907	1064
908	1064
908	1058
909	1058
909	1056
910	1056
910	1051
911	1051
911	1050
912	1050
912	1041
913	1041
913	1040
914	1040
914	1035
916	1035
916	1034
917	1034
917	1031
918	1031
918	1030
919	1030
919	1028
920	1028
920	1025
921	1025
921	1024
923	1024
923	1023
924	1023
924	1022
925	1022
925	1021
927	1021
927	1020
928	1020
928	1011
921	1011
921	1010
911	1010
911	1011
909	1011
909	1010
901	1010
901	1009
897	1009
897	1010
896	1010
896	1009
888	1009
888	1010
886	1010
886	1011
884	1011
884	1010
883	1010
883	1004
882	1004
882	996
883	996
883	994
884	994
884	991
885	991
885	986
886	986
886	983
887	983
887	982
888	982
888	980
889	980
889	978
890	978
890	977
891	977
891	972
892	972
892	971
894	971
894	969
895	969
895	967
896	967
896	964
897	964
897	963
898	963
898	962
899	962
899	959
900	959
900	956
902	956
902	955
903	955
903	953
904	953
904	951
906	951
906	950
907	950
907	946
908	946
908	944
909	944
909	943
910	943
910	940
912	940
912	935
913	935
913	934
914	934
914	932
915	932
915	928
916	928
916	927
917	927
917	924
918	924
918	922
919	922
919	920
920	920
920	918
921	918
921	917
922	917
922	915
923	915
923	913
924	913
924	912
925	912
925	909
928	909
928	902
929	902
929	901
930	901
930	900
932	900
932	899
934	899
934	898
935	898
935	897
936	897
936	896
937	896
937	887
936	887
936	886
905	886
905	887
902	887
902	888
898	888
898	889
897	889
897	890
894	890
894	888
893	888
893	886
892	886
892	885
893	885
893	884
892	884
892	874
893	874
893	869
894	869
894	864
895	864
895	863
896	863
896	862
897	862
897	858
898	858
898	855
899	855
899	854
900	854
900	852
901	852
901	849
902	849
902	845
903	845
903	840
902	840
902	839
903	839
903	838
902	838
902	836
901	836
901	835
900	835
900	834
898	834
898	833
897	833
897	832
896	832
896	831
895	831
895	830
887	830
887	831
886	831
886	840
887	840
887	843
886	843
886	844
885	844
885	849
884	849
884	854
883	854
883	855
882	855
882	862
881	862
881	865
880	865
880	867
879	867
879	870
878	870
878	874
877	874
877	880
876	880
876	883
875	883
875	886
874	886
874	887
873	887
873	889
872	889
872	892
871	892
871	894
870	894
870	896
869	896
869	897
868	897
868	902
867	902
867	903
866	903
866	906
865	906
865	907
863	907
863	912
862	912
862	914
860	914
860	916
859	916
859	917
858	917
858	918
857	918
857	920
856	920
856	921
855	921
855	922
854	922
854	923
852	923
852	925
850	925
850	927
848	927
848	928
843	928
843	929
842	929
842	930
841	930
841	931
839	931
839	927
838	927
838	925
837	925
837	923
836	923
836	922
835	922
835	920
834	920
834	918
832	918
832	917
831	917
831	916
830	916
830	914
829	914
829	913
828	913
828	912
827	912
827	911
826	911
826	910
825	910
825	909
824	909
824	907
823	907
823	906
822	906
822	905
821	905
821	904
820	904
820	902
819	902
819	901
811	901
811	902
810	902
810	913
809	913
809	917
808	917
808	920
807	920
807	921
808	921
808	922
806	922
806	923
805	923
805	928
804	928
804	929
803	929
803	933
801	933
801	934
800	934
800	940
799	940
799	941
798	941
798	943
797	943
797	944
795	944
795	949
794	949
794	950
793	950
793	951
792	951
792	952
791	952
791	953
790	953
790	955
789	955
789	957
788	957
788	958
787	958
787	959
785	959
785	961
784	961
784	966
783	966
783	968
782	968
782	969
781	969
781	972
780	972
780	973
779	973
779	975
777	975
777	978
776	978
776	980
775	980
775	981
774	981
774	984
773	984
773	986
772	986
772	988
771	988
771	989
770	989
770	991
769	991
769	992
768	992
768	994
767	994
767	996
766	996
766	997
765	997
765	1000
763	1000
763	1001
760	1001
760	1002
761	1002
761	1003
760	1003
760	1005
757	1005
757	1006
756	1006
756	1007
755	1007
755	1008
754	1008
754	1009
753	1009
753	1010
751	1010
751	1011
749	1011
749	1012
747	1012
747	1013
744	1013
744	1014
742	1014
742	1013
741	1013
741	1007
740	1007
740	1006
739	1006
739	1004
738	1004
738	1003
737	1003
737	1002
736	1002
736	1001
735	1001
735	999
734	999
734	998
733	998
733	996
732	996
732	995
730	995
730	994
722	994
722	995
721	995
721	1000
720	1000
720	1003
719	1003
719	1009
717	1009
717	1012
716	1012
716	1016
715	1016
715	1022
714	1022
714	1023
713	1023
713	1022
711	1022
711	1023
710	1023
710	1025
711	1025
711	1027
710	1027
710	1028
709	1028
709	1030
708	1030
708	1033
706	1033
706	1036
705	1036
705	1037
704	1037
704	1039
703	1039
703	1041
702	1041
702	1043
701	1043
701	1044
700	1044
700	1049
699	1049
699	1050
698	1050
698	1051
697	1051
697	1053
696	1053
696	1055
694	1055
694	1058
692	1058
692	1061
691	1061
691	1062
690	1062
690	1064
689	1064
689	1065
688	1065
688	1069
686	1069
686	1070
685	1070
685	1072
684	1072
684	1075
683	1075
683	1077
681	1077
681	1078
680	1078
680	1080
678	1080
678	1081
677	1081
677	1083
676	1083
676	1084
674	1084
674	1086
673	1086
673	1087
672	1087
672	1088
671	1088
671	1089
669	1089
669	1090
668	1090
668	1091
667	1091
667	1092
664	1092
664	1094
660	1094
660	1091
658	1091
658	1089
657	1089
657	1088
655	1088
655	1084
652	1084
652	1083
651	1083
651	1082
650	1082
650	1080
649	1080
649	1079
647	1079
647	1078
645	1078
645	1077
644	1077
644	1075
642	1075
642	1073
641	1073
641	1072
640	1072
640	1071
639	1071
639	1069
637	1069
637	1067
636	1067
636	1066
635	1066
635	1065
634	1065
634	1064
625	1064
625	1065
624	1065
624	1074
623	1074
623	1075
622	1075
622	1080
621	1080
621	1081
620	1081
620	1083
621	1083
621	1085
620	1085
620	1089
619	1089
619	1090
618	1090
618	1093
617	1093
617	1096
615	1096
615	1101
613	1101
613	1106
612	1106
612	1107
611	1107
611	1109
610	1109
610	1111
608	1111
608	1112
606	1112
606	1116
605	1116
605	1117
604	1117
604	1118
603	1118
603	1120
601	1120
601	1122
600	1122
600	1124
599	1124
599	1125
598	1125
598	1126
597	1126
597	1127
596	1127
596	1128
595	1128
595	1130
594	1130
594	1132
592	1132
592	1133
591	1133
591	1134
590	1134
590	1138
589	1138
589	1140
588	1140
588	1142
586	1142
586	1143
585	1143
585	1146
584	1146
584	1147
583	1147
583	1148
582	1148
582	1147
581	1147
581	1149
580	1149
580	1153
579	1153
579	1154
578	1154
578	1155
577	1155
577	1156
575	1156
575	1157
574	1157
574	1158
573	1158
573	1159
570	1159
570	1160
569	1160
569	1163
568	1163
568	1164
564	1164
564	1166
562	1166
562	1168
560	1168
560	1169
557	1169
557	1170
555	1170
555	1171
553	1171
553	1170
552	1170
552	1169
551	1169
551	1167
550	1167
550	1164
549	1164
549	1163
548	1163
548	1161
546	1161
546	1160
545	1160
545	1159
544	1159
544	1158
543	1158
543	1157
542	1157
542	1156
540	1156
540	1154
539	1154
539	1153
537	1153
537	1152
536	1152
536	1151
535	1151
535	1150
534	1150
534	1148
533	1148
533	1147
532	1147
532	1146
529	1146
529	1145
528	1145
528	1146
526	1146
526	1145
524	1145
524	1146
522	1146
522	1154
521	1154
521	1160
520	1160
520	1167
518	1167
518	1168
517	1168
517	1172
516	1172
516	1178
515	1178
515	1179
513	1179
513	1180
512	1180
512	1181
511	1181
511	1185
510	1185
510	1187
509	1187
509	1188
507	1188
507	1189
506	1189
506	1191
505	1191
505	1196
503	1196
503	1198
502	1198
502	1201
499	1201
499	1203
498	1203
498	1204
499	1204
499	1205
498	1205
498	1206
496	1206
496	1207
495	1207
495	1211
493	1211
493	1214
492	1214
492	1216
491	1216
491	1217
490	1217
490	1218
489	1218
489	1219
488	1219
488	1220
487	1220
487	1221
486	1221
486	1222
485	1222
485	1224
484	1224
484	1225
483	1225
483	1226
482	1226
482	1227
481	1227
481	1228
480	1228
480	1230
478	1230
478	1231
477	1231
477	1232
475	1232
475	1233
474	1233
474	1235
473	1235
473	1236
472	1236
472	1237
470	1237
470	1238
469	1238
469	1239
465	1239
465	1240
464	1240
464	1241
463	1241
463	1242
462	1242
462	1243
459	1243
459	1244
458	1244
458	1245
456	1245
456	1246
455	1246
455	1245
454	1245
454	1243
453	1243
453	1241
452	1241
452	1240
451	1240
451	1239
450	1239
450	1237
448	1237
448	1235
446	1235
446	1234
447	1234
447	1233
445	1233
445	1232
443	1232
443	1231
442	1231
442	1230
441	1230
441	1229
440	1229
440	1226
439	1226
439	1225
438	1225
438	1224
437	1224
437	1223
436	1223
436	1221
435	1221
435	1220
434	1220
434	1219
424	1219
424	1222
422	1222
422	1228
421	1228
421	1233
419	1233
419	1236
418	1236
418	1237
417	1237
417	1240
416	1240
416	1241
415	1241
415	1242
413	1242
413	1243
412	1243
412	1246
410	1246
410	1250
407	1250
407	1251
405	1251
405	1253
404	1253
404	1254
403	1254
403	1257
400	1257
400	1258
398	1258
398	1259
396	1259
396	1261
395	1261
395	1262
394	1262
394	1263
393	1263
393	1264
391	1264
391	1269
386	1269
386	1271
385	1271
385	1274
382	1274
382	1279
378	1279
378	1280
375	1280
375	1282
374	1282
374	1283
373	1283
373	1284
372	1284
372	1285
370	1285
370	1287
369	1287
369	1288
368	1288
368	1289
367	1289
367	1290
364	1290
364	1291
365	1291
365	1292
364	1292
364	1293
363	1293
363	1294
360	1294
360	1295
358	1295
358	1296
356	1296
356	1297
352	1297
352	1298
350	1298
350	1299
347	1299
347	1297
346	1297
346	1296
345	1296
345	1295
344	1295
344	1294
343	1294
343	1293
342	1293
342	1291
341	1291
341	1290
339	1290
339	1289
338	1289
338	1288
337	1288
337	1287
336	1287
336	1285
335	1285
335	1284
334	1284
334	1283
333	1283
333	1280
332	1280
332	1279
330	1279
330	1275
329	1275
329	1274
319	1274
319	1277
318	1277
318	1279
317	1279
317	1283
316	1283
316	1284
314	1284
314	1285
312	1285
312	1287
311	1287
311	1288
310	1288
310	1289
309	1289
309	1290
308	1290
308	1289
307	1289
307	1293
306	1293
306	1294
303	1294
303	1295
302	1295
302	1297
299	1297
299	1298
298	1298
298	1299
296	1299
296	1300
295	1300
295	1299
293	1299
293	1300
291	1300
291	1301
290	1301
290	1302
287	1302
287	1303
286	1303
286	1304
284	1304
284	1305
282	1305
282	1306
281	1306
281	1307
280	1307
280	1308
281	1308
281	1309
278	1309
278	1310
276	1310
276	1311
275	1311
275	1312
274	1312
274	1314
272	1314
272	1315
271	1315
271	1316
270	1316
270	1317
267	1317
267	1318
266	1318
266	1319
265	1319
265	1320
263	1320
263	1321
260	1321
260	1322
259	1322
259	1323
258	1323
258	1324
256	1324
256	1325
251	1325
251	1326
250	1326
250	1327
249	1327
249	1329
244	1329
244	1330
241	1330
241	1331
239	1331
239	1333
237	1333
237	1334
236	1334
236	1333
235	1333
235	1332
233	1332
233	1331
232	1331
232	1330
233	1330
233	1329
231	1329
231	1328
230	1328
230	1327
221	1327
221	1329
220	1329
220	1330
221	1330
221	1331
220	1331
220	1333
219	1333
219	1334
218	1334
218	1336
217	1336
217	1337
213	1337
213	1338
212	1338
212	1340
211	1340
211	1341
210	1341
210	1342
206	1342
206	1343
205	1343
205	1345
203	1345
203	1346
202	1346
202	1347
201	1347
201	1348
200	1348
200	1347
198	1347
198	1348
197	1348
197	1349
195	1349
195	1350
194	1350
194	1349
193	1349
193	1350
187	1350
187	1351
186	1351
186	1353
182	1353
182	1354
181	1354
181	1356
180	1356
180	1357
176	1357
176	1358
175	1358
175	1359
174	1359
174	1360
170	1360
170	1361
169	1361
169	1363
164	1363
164	1364
163	1364
163	1366
161	1366
161	1367
158	1367
158	1368
156	1368
156	1369
154	1369
154	1370
153	1370
153	1371
152	1371
152	1372
149	1372
149	1374
144	1374
144	1376
143	1376
143	1377
141	1377
141	1378
140	1378
140	1379
135	1379
135	1380
134	1380
134	1382
132	1382
132	1383
131	1383
131	1384
130	1384
130	1385
128	1385
128	1386
127	1386
127	1387
126	1387
126	1388
124	1388
124	1389
123	1389
123	1390
118	1390
118	1392
117	1392
117	1393
114	1393
114	1392
112	1392
112	1390
111	1390
111	1388
110	1388
110	1375
111	1375
111	1368
112	1368
112	1367
113	1367
113	1366
114	1366
114	1363
115	1363
115	1361
114	1361
114	1360
115	1360
115	1359
116	1359
116	1358
117	1358
117	1357
118	1357
118	1351
120	1351
120	1348
121	1348
121	1346
122	1346
122	1344
123	1344
123	1339
125	1339
125	1337
126	1337
126	1336
127	1336
127	1332
128	1332
128	1330
129	1330
129	1329
130	1329
130	1328
131	1328
131	1326
132	1326
132	1323
133	1323
133	1321
134	1321
134	1320
135	1320
135	1319
136	1319
136	1315
138	1315
138	1313
139	1313
139	1308
140	1308
140	1307
141	1307
141	1306
142	1306
142	1305
143	1305
143	1304
144	1304
144	1300
145	1300
145	1299
146	1299
146	1298
147	1298
147	1295
148	1295
148	1294
149	1294
149	1293
150	1293
150	1292
151	1292
151	1288
152	1288
152	1287
151	1287
151	1286
152	1286
152	1284
153	1284
153	1283
152	1283
152	1282
153	1282
153	1281
155	1281
155	1277
156	1277
156	1276
157	1276
157	1270
158	1270
158	1269
159	1269
159	1267
160	1267
160	1265
162	1265
162	1261
163	1261
163	1256
164	1256
164	1255
165	1255
165	1251
166	1251
166	1249
167	1249
167	1246
168	1246
168	1244
170	1244
170	1239
172	1239
172	1238
173	1238
173	1236
174	1236
174	1233
175	1233
175	1232
177	1232
177	1231
178	1231
178	1230
179	1230
179	1228
180	1228
180	1225
182	1225
182	1224
184	1224
184	1222
185	1222
185	1220
186	1220
186	1219
187	1219
187	1218
189	1218
189	1217
191	1217
191	1216
192	1216
192	1215
193	1215
193	1214
194	1214
194	1209
193	1209
193	1208
194	1208
194	1207
193	1207
193	1206
192	1206
192	1205
190	1205
190	1204
189	1204
189	1203
187	1203
187	1202
186	1202
186	1201
183	1201
183	1200
182	1200
182	1199
180	1199
180	1198
179	1198
179	1197
178	1197
178	1196
176	1196
176	1195
174	1195
174	1194
175	1194
175	1193
172	1193
172	1191
171	1191
171	1190
165	1190
165	1188
164	1188
164	1186
165	1186
165	1182
166	1182
166	1181
167	1181
167	1177
168	1177
168	1174
169	1174
169	1173
170	1173
170	1172
171	1172
171	1169
172	1169
172	1167
174	1167
174	1164
175	1164
175	1163
176	1163
176	1162
177	1162
177	1160
178	1160
178	1159
179	1159
179	1158
180	1158
180	1156
181	1156
181	1155
183	1155
183	1152
185	1152
185	1151
187	1151
187	1150
188	1150
188	1148
189	1148
189	1147
191	1147
191	1146
192	1146
192	1145
193	1145
193	1143
194	1143
194	1142
195	1142
195	1140
198	1140
198	1139
199	1139
199	1136
200	1136
200	1135
201	1135
201	1133
202	1133
202	1131
203	1131
203	1130
204	1130
204	1129
205	1129
205	1127
207	1127
207	1126
208	1126
208	1123
209	1123
209	1120
211	1120
211	1119
212	1119
212	1117
213	1117
213	1115
215	1115
215	1114
216	1114
216	1110
219	1110
219	1108
220	1108
220	1107
221	1107
221	1106
223	1106
223	1105
224	1105
224	1104
225	1104
225	1101
226	1101
226	1098
229	1098
229	1097
230	1097
230	1096
231	1096
231	1095
233	1095
233	1094
235	1094
235	1092
236	1092
236	1090
237	1090
237	1089
242	1089
242	1087
243	1087
243	1086
248	1086
248	1085
249	1085
249	1084
250	1084
250	1083
253	1083
253	1082
256	1082
256	1081
261	1081
261	1080
265	1080
265	1079
266	1079
266	1072
265	1072
265	1070
264	1070
264	1069
262	1069
262	1068
261	1068
261	1067
260	1067
260	1066
258	1066
258	1065
256	1065
256	1064
253	1064
253	1063
251	1063
251	1060
250	1060
250	1061
249	1061
249	1059
246	1059
246	1058
245	1058
245	1057
241	1057
241	1056
240	1056
240	1054
237	1054
237	1053
236	1053
236	1052
235	1052
235	1051
233	1051
233	1050
232	1050
232	1049
230	1049
230	1048
225	1048
225	1045
226	1045
226	1041
227	1041
227	1039
229	1039
229	1034
230	1034
230	1033
231	1033
231	1032
232	1032
232	1024
237	1024
237	1022
239	1022
239	1021
241	1021
241	1019
242	1019
242	1018
243	1018
243	1017
244	1017
244	1014
247	1014
247	1013
248	1013
248	1012
249	1012
249	1011
250	1011
250	1010
251	1010
251	1009
252	1009
252	1008
254	1008
254	1006
255	1006
255	1005
257	1005
257	1004
259	1004
259	1001
261	1001
261	1000
263	1000
263	998
264	998
264	997
266	997
266	996
267	996
267	994
268	994
268	991
269	991
269	990
270	990
270	989
273	989
273	988
275	988
275	987
277	987
277	985
278	985
278	984
280	984
280	983
281	983
281	982
282	982
282	981
283	981
283	980
285	980
285	979
286	979
286	978
287	978
287	977
290	977
290	976
291	976
291	975
292	975
292	974
294	974
294	973
297	973
297	972
299	972
299	970
301	970
301	969
303	969
303	968
309	968
309	967
313	967
313	966
314	966
314	965
315	965
315	964
324	964
324	957
325	957
325	956
324	956
324	954
322	954
322	953
320	953
320	952
319	952
319	951
317	951
317	950
315	950
315	949
314	949
314	947
311	947
311	946
310	946
310	945
308	945
308	944
307	944
307	943
306	943
306	942
304	942
304	941
302	941
302	940
300	940
300	939
299	939
299	938
298	938
298	937
296	937
296	936
295	936
295	935
293	935
293	932
287	932
287	931
286	931
286	928
287	928
287	925
288	925
288	924
289	924
289	922
290	922
290	921
291	921
291	918
292	918
292	916
293	916
293	914
295	914
295	913
296	913
296	911
297	911
297	910
298	910
298	909
299	909
299	906
302	906
302	905
303	905
303	904
305	904
305	903
306	903
306	902
307	902
307	901
309	901
309	900
310	900
310	898
312	898
312	897
314	897
314	895
315	895
315	894
316	894
316	893
319	893
319	890
320	890
320	888
322	888
322	887
323	887
323	885
324	885
324	884
325	884
325	883
327	883
327	881
328	881
328	880
330	880
330	879
331	879
331	878
332	878
332	877
334	877
334	874
339	874
339	873
340	873
340	871
341	871
341	868
345	868
345	867
347	867
347	866
348	866
348	865
350	865
350	863
352	863
352	862
355	862
355	861
356	861
356	860
357	860
357	859
358	859
358	858
359	858
359	854
360	854
360	853
363	853
363	852
364	852
364	851
372	851
372	850
378	850
378	849
381	849
381	847
385	847
385	848
386	848
386	847
390	847
390	846
393	846
393	837
391	837
391	836
389	836
389	835
388	835
388	834
387	834
387	832
383	832
383	830
382	830
382	828
379	828
379	827
377	827
377	826
376	826
376	825
375	825
375	824
374	824
374	823
372	823
372	821
371	821
371	820
369	820
369	819
368	819
368	818
367	818
367	817
366	817
366	816
365	816
365	815
364	815
364	814
363	814
363	813
362	813
362	812
360	812
360	811
358	811
358	810
356	810
356	809
357	809
357	807
358	807
358	805
359	805
359	804
360	804
360	800
361	800
361	799
363	799
363	797
364	797
364	795
365	795
365	794
367	794
367	792
368	792
368	791
369	791
369	790
370	790
370	789
371	789
371	788
374	788
374	785
376	785
376	784
377	784
377	783
378	783
378	782
379	782
379	781
380	781
380	780
382	780
382	778
385	778
385	777
386	777
386	774
391	774
391	773
392	773
392	772
394	772
394	770
396	770
396	769
397	769
397	768
398	768
398	767
399	767
399	766
402	766
402	765
404	765
404	764
406	764
406	763
407	763
407	762
409	762
409	761
411	761
411	759
414	759
414	757
415	757
415	756
416	756
416	757
418	757
418	756
419	756
419	754
422	754
422	753
423	753
423	751
425	751
425	749
428	749
428	748
432	748
432	747
435	747
435	746
440	746
440	745
445	745
445	743
455	743
455	742
456	742
456	735
455	735
455	734
454	734
454	733
453	733
453	732
452	732
452	731
451	731
451	730
450	730
450	729
448	729
448	728
446	728
446	727
445	727
445	726
444	726
444	725
442	725
442	724
441	724
441	723
440	723
440	722
438	722
438	721
437	721
437	720
436	720
436	719
434	719
434	718
431	718
431	717
430	717
430	716
426	716
426	712
427	712
427	710
428	710
428	709
429	709
429	706
430	706
430	704
431	704
431	702
433	702
433	701
434	701
434	700
435	700
435	698
436	698
436	696
438	696
438	695
439	695
439	694
444	694
444	693
445	693
445	691
447	691
447	690
448	690
448	689
450	689
450	688
454	688
454	687
456	687
456	686
457	686
457	685
461	685
461	684
463	684
463	683
466	683
466	680
467	680
467	679
471	679
471	677
474	677
474	675
477	675
477	674
478	674
478	673
482	673
482	670
487	670
487	669
488	669
488	668
491	668
491	667
492	667
492	666
495	666
495	665
496	665
496	663
501	663
501	662
503	662
503	661
504	661
504	660
507	660
507	659
513	659
513	658
515	658
515	657
519	657
519	656
525	656
525	655
529	655
529	645
525	645
525	644
522	644
522	643
521	643
521	640
520	640
520	639
519	639
519	638
518	638
518	637
517	637
517	636
516	636
516	635
514	635
514	634
513	634
513	633
511	633
511	632
510	632
510	631
507	631
507	630
505	630
505	626
507	626
507	625
508	625
508	621
509	621
509	620
510	620
510	618
511	618
511	617
512	617
512	616
513	616
513	615
515	615
515	612
517	612
517	611
518	611
518	610
520	610
520	609
521	609
521	608
524	608
524	607
525	607
525	606
527	606
527	604
528	604
528	605
529	605
529	604
531	604
531	602
543	602
543	601
544	601
544	599
550	599
550	598
551	598
551	597
552	597
552	596
555	596
555	595
556	595
556	594
557	594
557	593
558	593
558	591
563	591
563	589
566	589
566	588
567	588
567	587
570	587
570	586
571	586
571	585
572	585
572	584
578	584
578	583
579	583
579	581
585	581
585	580
587	580
587	579
588	579
588	580
590	580
590	579
611	579
611	580
612	580
612	578
611	578
611	575
612	575
612	572
611	572
611	570
610	570
610	568
608	568
608	566
607	566
607	565
605	565
605	564
604	564
604	563
602	563
602	561
601	561
601	560
600	560
600	559
599	559
599	558
598	558
598	557
597	557
597	556
596	556
596	554
595	554
595	553
593	553
593	552
592	552
592	550
591	550
591	549
588	549
588	545
589	545
589	544
590	544
590	543
591	543
591	542
592	542
592	539
595	539
595	537
597	537
597	536
598	536
598	535
599	535
599	534
605	534
605	533
606	533
606	531
608	531
608	530
611	530
611	529
615	529
615	528
620	528
620	527
622	527
622	528
623	528
623	526
630	526
630	525
631	525
631	523
634	523
634	524
636	524
636	523
639	523
639	524
641	524
641	523
645	523
645	522
646	522
646	521
649	521
649	520
650	520
650	518
661	518
661	517
662	517
662	516
674	516
674	515
677	515
677	514
678	514
678	515
692	515
692	506
691	506
691	505
690	505
690	503
688	503
688	502
687	502
687	501
686	501
686	498
684	498
684	497
683	497
683	496
681	496
681	495
679	495
679	493
680	493
680	492
681	492
681	491
682	491
682	489
688	489
688	488
690	488
690	486
695	486
695	485
696	485
696	484
702	484
702	483
703	483
703	482
708	482
708	481
710	481
710	482
715	482
715	483
723	483
723	482
724	482
724	480
728	480
728	479
730	479
730	478
731	478
731	476
737	476
737	475
738	475
738	474
746	474
746	473
749	473
749	471
755	471
755	470
757	470
757	469
758	469
758	468
765	468
765	466
767	466
767	465
768	465
768	464
770	464
770	463
776	463
776	461
786	461
786	460
788	460
788	459
789	459
789	451
788	451
788	450
787	450
787	449
786	449
786	448
785	448
785	446
783	446
783	445
782	445
782	444
781	444
781	441
780	441
780	440
779	440
779	439
778	439
778	438
777	438
777	437
776	437
776	436
775	436
775	435
773	435
773	433
775	433
775	432
776	432
776	431
778	431
778	430
780	430
780	429
784	429
784	428
785	428
785	427
792	427
792	426
819	426
819	423
835	423
835	422
838	422
838	421
840	421
840	422
841	422
841	421
845	421
845	420
850	420
850	419
851	419
851	418
852	418
852	417
855	417
855	416
862	416
862	415
863	415
863	416
864	416
864	415
865	415
865	414
871	414
871	413
872	413
872	411
880	411
880	410
886	410
886	408
896	408
896	407
906	407
906	406
912	406
912	404
913	404
913	399
912	399
912	397
911	397
911	396
910	396
910	394
909	394
909	393
908	393
908	392
907	392
907	389
906	389
906	388
905	388
905	387
904	387
904	380
893	380
893	381
890	381
890	382
884	382
884	384
879	384
879	385
874	385
874	386
872	386
872	387
868	387
868	388
863	388
863	389
859	389
859	390
858	390
858	391
857	391
857	392
856	392
856	391
855	391
855	392
853	392
853	393
847	393
847	395
846	395
846	396
844	396
844	397
841	397
841	398
838	398
838	399
836	399
836	400
834	400
834	401
830	401
830	402
829	402
829	403
825	403
825	404
824	404
824	403
823	403
823	404
821	404
821	405
818	405
818	406
817	406
817	407
808	407
808	406
805	406
805	404
806	404
806	386
805	386
805	385
795	385
795	387
794	387
794	388
790	388
790	389
789	389
789	390
787	390
787	389
785	389
785	390
779	390
779	391
773	391
773	392
764	392
764	393
753	393
753	395
743	395
743	396
738	396
738	397
737	397
737	398
733	398
733	399
731	399
731	400
727	400
727	401
725	401
725	402
722	402
722	403
717	403
717	404
716	404
716	405
712	405
712	406
704	406
704	407
703	407
703	406
698	406
698	405
696	405
696	404
695	404
695	403
696	403
696	401
697	401
697	398
698	398
698	383
688	383
688	384
687	384
687	385
680	385
680	386
679	386
679	387
676	387
676	388
674	388
674	389
671	389
671	390
666	390
666	391
662	391
662	392
659	392
659	393
653	393
653	394
649	394
649	395
643	395
643	396
642	396
642	397
639	397
639	398
633	398
633	399
632	399
632	400
629	400
629	401
622	401
622	402
620	402
620	403
613	403
613	402
600	402
600	401
598	401
598	398
599	398
599	387
600	387
600	377
599	377
599	376
590	376
590	377
585	377
585	379
583	379
583	380
579	380
579	381
574	381
574	382
571	382
571	383
558	383
558	384
556	384
556	385
542	385
542	384
528	384
528	385
518	385
518	384
509	384
509	383
502	383
502	382
500	382
500	381
497	381
497	380
495	380
495	379
494	379
494	378
493	378
493	376
494	376
494	367
495	367
495	358
494	358
494	357
495	357
495	354
494	354
494	353
495	353
495	352
494	352
494	351
486	351
486	352
485	352
485	354
481	354
481	355
470	355
470	356
461	356
461	355
450	355
450	354
440	354
440	353
434	353
434	352
428	352
428	351
420	351
420	350
418	350
418	349
414	349
414	348
413	348
413	347
411	347
411	346
410	346
410	345
408	345
408	344
406	344
406	343
404	343
404	342
403	342
403	334
404	334
404	323
379	323
379	322
378	322
378	321
377	321
377	320
366	320
366	317
360	317
360	316
358	316
358	315
356	315
356	314
354	314
354	313
352	313
352	312
349	312
349	311
347	311
347	310
346	310
346	309
344	309
344	308
341	308
341	307
339	307
339	306
336	306
336	305
335	305
335	304
331	304
331	303
330	303
330	302
329	302
329	301
327	301
327	300
328	300
328	299
329	299
329	298
330	298
330	288
322	288
322	287
316	287
316	286
311	286
311	285
309	285
309	283
304	283
304	282
303	282
303	281
298	281
298	280
293	280
293	278
292	278
292	277
290	277
290	275
287	275
287	274
285	274
285	273
283	273
283	272
282	272
282	271
278	271
278	270
276	270
276	269
272	269
272	265
266	265
266	264
264	264
264	263
262	263
262	262
261	262
261	261
258	261
258	260
256	260
256	259
254	259
254	257
252	257
252	256
250	256
250	255
247	255
247	253
246	253
246	252
245	252
245	251
242	251
242	250
240	250
240	249
238	249
238	248
237	248
237	247
236	247
236	246
234	246
234	245
232	245
232	244
231	244
231	243
230	243
230	244
229	244
229	242
228	242
228	241
226	241
226	239
225	239
225	238
223	238
223	236
221	236
221	235
220	235
220	234
219	234
219	232
218	232
218	231
217	231
217	230
215	230
215	229
214	229
214	226
213	226
213	224
212	224
212	222
211	222
211	219
212	219
212	217
219	217
219	216
230	216
230	217
238	217
238	218
243	218
243	219
251	219
251	220
265	220
265	219
271	219
271	217
278	217
278	218
296	218
296	217
314	217
314	216
316	216
316	215
324	215
324	214
326	214
326	212
338	212
338	211
340	211
340	210
344	210
344	209
348	209
348	208
351	208
351	206
363	206
363	205
367	205
367	206
378	206
378	205
379	205
379	196
378	196
378	195
379	195
379	194
380	194
380	193
384	193
384	192
386	192
386	191
397	191
397	190
403	190
403	191
406	191
406	190
408	190
408	189
411	189
411	188
413	188
413	187
414	187
414	186
416	186
416	185
418	185
418	184
420	184
420	183
423	183
423	182
425	182
425	181
429	181
429	180
431	180
431	179
434	179
434	178
438	178
438	177
454	177
454	179
459	179
459	180
462	180
462	181
470	181
470	180
471	180
471	172
470	172
470	168
469	168
469	161
468	161
468	158
467	158
467	157
466	157
466	155
465	155
465	153
466	153
466	151
471	151
471	150
472	150
472	149
476	149
476	148
479	148
479	146
485	146
485	145
486	145
486	144
490	144
490	145
496	145
496	146
509	146
509	145
519	145
519	143
529	143
529	144
540	144
540	143
542	143
542	144
544	144
544	145
552	145
552	144
560	144
560	145
564	145
564	146
594	146
594	147
596	147
596	148
603	148
603	149
605	149
605	150
606	150
606	149
608	149
608	150
609	150
609	151
614	151
614	153
616	153
616	154
625	154
625	153
626	153
626	142
625	142
625	141
624	141
624	139
623	139
623	134
622	134
622	131
621	131
621	127
620	127
620	124
619	124
619	120
618	120
618	115
617	115
617	113
616	113
616	111
615	111
615	110
616	110
616	108
621	108
621	107
646	107
646	108
647	108
647	109
654	109
654	111
658	111
658	112
660	112
660	113
662	113
662	114
665	114
665	115
668	115
668	116
670	116
670	117
678	117
678	118
679	118
679	120
680	120
680	121
690	121
690	122
696	122
696	123
697	123
697	124
699	124
699	125
701	125
701	127
702	127
702	126
703	126
703	127
706	127
706	128
707	128
707	129
709	129
709	130
710	130
710	132
717	132
717	133
716	133
716	134
717	134
717	136
718	136
718	137
719	137
719	138
728	138
728	137
729	137
729	121
728	121
728	116
727	116
727	112
726	112
726	110
725	110
725	109
724	109
724	107
723	107
723	105
725	105
725	104
726	104
726	105
739	105
739	104
741	104
741	105
742	105
742	106
748	106
748	107
752	107
752	108
755	108
755	109
759	109
759	110
761	110
761	111
763	111
763	112
767	112
767	113
771	113
771	114
772	114
772	117
773	117
773	118
782	118
782	119
783	119
783	120
784	120
784	121
785	121
785	122
790	122
790	123
795	123
795	125
797	125
797	126
800	126
800	127
808	127
808	128
810	128
810	129
811	129
811	130
814	130
814	133
816	133
816	134
826	134
826	137
827	137
827	138
834	138
834	139
835	139
835	140
837	140
837	141
838	141
838	142
840	142
840	143
846	143
846	144
847	144
847	145
849	145
849	147
850	147
850	148
853	148
853	149
854	149
854	151
864	151
864	150
865	150
865	142
864	142
864	138
863	138
863	136
862	136
862	128
861	128
861	110
860	110
860	105
863	105
863	106
865	106
865	107
867	107
867	106
869	106
869	107
871	107
871	108
872	108
872	109
875	109
875	110
877	110
877	111
881	111
881	112
889	112
889	114
890	114
890	116
892	116
892	117
895	117
895	118
897	118
897	119
899	119
899	120
900	120
900	122
904	122
904	123
905	123
905	125
908	125
908	126
910	126
910	128
913	128
913	129
914	129
914	130
915	130
915	132
916	132
916	133
920	133
920	135
921	135
921	137
922	137
922	138
924	138
924	139
923	139
923	140
925	140
925	141
930	141
930	142
931	142
931	143
934	143
934	144
936	144
936	146
937	146
937	148
942	148
942	150
943	150
943	151
947	151
947	153
948	153
948	154
950	154
950	155
953	155
953	157
954	157
954	158
955	158
955	159
960	159
960	160
962	160
962	161
964	161
964	160
965	160
965	162
966	162
966	163
968	163
968	164
970	164
970	165
971	165
971	167
974	167
974	169
976	169
976	170
978	170
978	171
979	171
979	172
980	172
980	171
983	171
983	174
984	174
984	175
990	175
990	176
991	176
991	179
995	179
995	180
996	180
996	181
997	181
997	182
998	182
998	183
1001	183
1001	184
1003	184
1003	185
1004	185
1004	186
1006	186
1006	188
1009	188
1009	189
1010	189
1010	190
1011	190
1011	191
1016	191
1016	194
1020	194
1020	195
1021	195
1021	196
1024	196
1024	197
1025	197
1025	198
1026	198
1026	199
1031	199
1031	200
1032	200
1032	203
1034	203
1034	204
1035	204
1035	206
1040	206
1040	207
1041	207
1041	208
1044	208
1044	211
1045	211
1045	212
1049	212
1049	214
1050	214
1050	215
1051	215
1051	216
1052	216
1052	217
1057	217
1057	221
1058	221
1058	222
1060	222
1060	221
1061	221
1061	222
1062	222
1062	224
1064	224
1064	225
1065	225
1065	226
1066	226
1066	227
1067	227
1067	228
1069	228
1069	229
1070	229
1070	230
1072	230
1072	232
1073	232
1073	235
1075	235
1075	237
1077	237
1077	238
1078	238
1078	239
1081	239
1081	240
1082	240
1082	242
1084	242
1084	244
1085	244
1085	246
1087	246
1087	247
1088	247
1088	248
1091	248
1091	251
1092	251
1092	252
1093	252
1093	253
1096	253
1096	255
1097	255
1097	256
1101	256
1101	258
1105	258
1105	260
1107	260
1107	264
1110	264
1110	266
1111	266
1111	267
1113	267
1113	266
1114	266
1114	268
1115	268
1115	269
1118	269
1118	273
1119	273
1119	274
1121	274
1121	275
1122	275
1122	278
1123	278
1123	279
1125	279
1125	281
1126	281
1126	282
1127	282
1127	284
1128	284
1128	285
1129	285
1129	287
1130	287
1130	289
1131	289
1131	290
1132	290
1132	291
1133	291
1133	294
1135	294
1135	296
1134	296
1134	297
1135	297
1135	298
1137	298
1137	299
1138	299
1138	300
1140	300
1140	301
1141	301
1141	303
1145	303
1145	305
1146	305
1146	308
1147	308
1147	309
1158	309
1158	308
1160	308
1160	307
1161	307
1161	306
1162	306
1162	305
1164	305
1164	303
1165	303
1165	301
1166	301
1166	298
1167	298
1167	297
1169	297
1169	292
1170	292
1170	291
1171	291
1171	287
1172	287
1172	286
1173	286
1173	285
1174	285
1174	284
1175	284
1175	283
1176	283
1176	280
1177	280
1177	279
1179	279
1179	277
1180	277
1180	274
1184	274
1184	273
1185	273
1185	269
1186	269
1186	268
1187	268
1187	267
1189	267
1189	266
1190	266
1190	264
1191	264
1191	263
1192	263
1192	262
1193	262
1193	261
1194	261
1194	260
1195	260
1195	259
1196	259
1196	258
1197	258
1197	257
1199	257
1199	256
1200	256
1200	255
1203	255
1203	253
1205	253
1205	252
1206	252
1206	250
1207	250
1207	249
1209	249
1209	248
1210	248
1210	247
1213	247
1213	246
1214	246
1214	244
1218	244
1218	243
1219	243
1219	242
1221	242
1221	240
1222	240
1222	239
1226	239
1226	238
1227	238
1227	236
1230	236
1230	234
1236	234
1236	233
1237	233
1237	232
1238	232
1238	228
1240	228
1240	227
1247	227
1247	226
1248	226
1248	222
1253	222
1253	219
1264	219
1264	218
1263	218
1263	217
1264	217
1264	216
1269	216
1269	215
1270	215
1270	214
1272	214
1272	212
1273	212
1273	211
1274	211
1274	209
1280	209
1280	208
1281	208
1281	207
1282	207
1282	206
1290	206
1290	205
1292	205
1292	204
1293	204
1293	205
1294	205
1294	204
1296	204
1296	203
1298	203
1298	201
1299	201
1299	200
1300	200
1300	199
1303	199
1303	198
1306	198
1306	197
1308	197
1308	196
1311	196
1311	194
1316	194
1316	193
1320	193
1320	191
1321	191
1321	190
1326	190
1326	188
1327	188
1327	186
1328	186
1328	187
1329	187
1329	186
1330	186
1330	187
1331	187
1331	186
1332	186
1332	185
1337	185
1337	184
1338	184
1338	180
1340	180
1340	179
1343	179
1343	178
1344	178
1344	177
1345	177
1345	176
1346	176
1346	175
1348	175
1348	173
1350	173
1350	171
1353	171
1353	170
1354	170
1354	169
1358	169
1358	166
1362	166
1362	165
1363	165
1363	164
1368	164
1368	162
1369	162
1369	160
1370	160
1370	159
1372	159
1372	158
1373	158
1373	156
1374	156
1374	154
1377	154
1377	153
1379	153
1379	152
1380	152
1380	151
1379	151
1379	150
1383	150
1383	149
1384	149
1384	140
1385	140
1385	143
1401	143
1401	142
1402	142
1402	141
1406	141
1406	139
1409	139
1409	153
1410	153
1410	169
1411	169
1411	179
1413	179
1413	180
1414	180
1414	179
1416	179
1416	180
1417	180
1417	179
1418	179
1418	180
1419	180
1419	179
1421	179
1421	176
1425	176
1425	175
1426	175
1426	173
1428	173
1428	172
1429	172
1429	170
1433	170
1433	169
1434	169
1434	167
1437	167
1437	166
1439	166
1439	165
1440	165
1440	164
1444	164
1444	163
1446	163
1446	162
1448	162
1448	161
1449	161
1449	162
1450	162
1450	161
1451	161
1451	160
1453	160
1453	159
1454	159
1454	158
1455	158
1455	159
1458	159
1458	158
1459	158
1459	157
1460	157
1460	156
1464	156
1464	155
1466	155
1466	154
1468	154
1468	153
1469	153
1469	154
1470	154
1470	152
1473	152
1473	151
1475	151
1475	150
1479	150
1479	148
1483	148
1483	147
1484	147
1484	144
1487	144
1487	143
1488	143
1488	142
1490	142
1490	141
1491	141
1491	139
1497	139
1497	138
1498	138
1498	137
1500	137
1500	136
1501	136
1501	135
1503	135
1503	134
1504	134
1504	133
1505	133
1505	131
1509	131
1509	128
1511	128
1511	127
1515	127
1515	124
1518	124
1518	123
1521	123
1521	122
1522	122
1522	121
1523	121
1523	120
1524	120
1524	119
1528	119
1528	118
1529	118
1529	117
1533	117
1533	116
1534	116
1534	115
1535	115
1535	114
1539	114
1539	113
1542	113
1542	112
1547	112
1547	111
1551	111
1551	110
1553	110
1553	109
1555	109
1555	153
1554	153
1554	154
1555	154
1555	160
1557	160
1557	161
1562	161
1562	160
1564	160
1564	159
1566	159
1566	158
1567	158
1567	157
1568	157
1568	156
1569	156
1569	155
1570	155
1570	154
1571	154
1571	153
1574	153
1574	151
1580	151
1580	150
1582	150
1582	149
1584	149
1584	146
1590	146
1590	145
1591	145
1591	144
1593	144
1593	143
1600	143
1600	142
1602	142
1602	141
1603	141
1603	140
1604	140
1604	139
1609	139
1609	138
1614	138
1614	137
1615	137
1615	136
1621	136
1621	135
1622	135
1622	134
1625	134
1625	133
1630	133
1630	132
1636	132
1636	131
1641	131
1641	130
1642	130
1642	129
1644	129
1644	128
1646	128
1646	129
1647	129
1647	128
1649	128
1649	127
1651	127
1651	126
1656	126
1656	125
1661	125
1661	124
1665	124
1665	123
1667	123
1667	122
1672	122
1672	121
1693	121
1693	124
1692	124
1692	127
1691	127
1691	128
1692	128
1692	136
1691	136
1691	142
1690	142
1690	150
1689	150
1689	164
1698	164
1698	163
1699	163
1699	159
1703	159
1703	158
1704	158
1704	155
1709	155
1709	154
1710	154
1710	152
1711	152
1711	151
1717	151
1717	150
1719	150
1719	149
1729	149
1729	148
1730	148
1730	147
1744	147
1744	146
1755	146
1755	145
1763	145
1763	144
1766	144
1766	143
1772	143
1772	141
1774	141
1774	140
1778	140
1778	139
1785	139
1785	138
1792	138
1792	139
1812	139
1812	140
1813	140
1813	142
1812	142
1812	146
1811	146
1811	151
1810	151
1810	157
1809	157
1809	165
1808	165
1808	174
1809	174
1809	175
1814	175
1814	174
1815	174
1815	175
1817	175
1817	174
1818	174
1818	172
1820	172
1820	171
1821	171
1821	170
1827	170
1827	169
1832	169
1832	168
1833	168
1833	167
1835	167
1835	168
1843	168
1843	167
1845	167
1845	168
1854	168
1854	169
1860	169
1860	171
1870	171
1870	170
1872	170
1872	169
1880	169
1880	170
1888	170
1888	169
1895	169
1895	167
1902	167
1902	168
1914	168
1914	169
1926	169
1926	170
1929	170
1929	171
1932	171
1932	172
1934	172
1934	173
1933	173
1933	174
1934	174
1934	175
1933	175
1933	180
1932	180
1932	184
1931	184
1931	189
1930	189
1930	193
1929	193
1929	200
1930	200
1930	201
1940	201
1940	199
1946	199
1946	200
1956	200
1956	201
1961	201
1961	200
1962	200
1962	201
1964	201
1964	202
1965	202
1965	203
1968	203
1968	202
1969	202
1969	203
1970	203
1970	202
1971	202
1971	203
1973	203
1973	204
1974	204
1974	205
1980	205
1980	206
1986	206
1986	209
1988	209
1988	210
1989	210
1989	209
1996	209
1996	211
1999	211
1999	212
2000	212
2000	211
2009	211
2009	213
2015	213
2015	214
2016	214
2016	213
2027	213
2027	214
2035	214
2035	215
2040	215
2040	217
2068	217
2068	218
2076	218
2076	217
2079	217
2079	218
2098	218
2098	219
2107	219
2107	220
2110	220
2110	219
2112	219
2112	220
2114	220
2114	219
2115	219
2115	220
2120	220
2120	221
2122	221
2122	222
2128	222
2128	223
2131	223
2131	224
2133	224
2133	225
2135	225
2135	227
2136	227
2136	228
2137	228
2137	230
2136	230
2136	233
2135	233
2135	234
2133	234
2133	236
2132	236
2132	237
2131	237
2131	238
2129	238
2129	239
2128	239
2128	240
2127	240
2127	241
2126	241
2126	242
2124	242
2124	243
2123	243
2123	244
2122	244
2122	245
2121	245
2121	246
2119	246
2119	247
2118	247
2118	248
2116	248
2116	249
2115	249
2115	250
2114	250
2114	251
2113	251
2113	252
2111	252
2111	253
2110	253
2110	254
2109	254
2109	255
2107	255
2107	256
2105	256
2105	257
2101	257
2101	262
2091	262
2091	267
2089	267
2089	266
2081	266
2081	265
2080	265
2080	268
2078	268
2078	267
2076	267
2076	268
2072	268
2072	269
2069	269
2069	270
2067	270
2067	271
2065	271
2065	272
2063	272
2063	273
2062	273
2062	275
2059	275
2059	276
2054	276
2054	278
2053	278
2053	279
2052	279
2052	280
2051	280
2051	281
2049	281
2049	282
2047	282
2047	283
2046	283
2046	282
2045	282
2045	283
2044	283
2044	284
2043	284
2043	286
2038	286
2038	288
2036	288
2036	289
2035	289
2035	290
2033	290
2033	291
2030	291
2030	292
2028	292
2028	293
2023	293
2023	294
2022	294
2022	295
2020	295
2020	296
2018	296
2018	297
2004	297
2004	298
2003	298
2003	310
2004	310
2004	314
2002	314
2002	315
2001	315
2001	317
1998	317
1998	318
1996	318
1996	319
1992	319
1992	320
1991	320
1991	321
1990	321
1990	322
1986	322
1986	323
1981	323
1981	325
1980	325
1980	326
1976	326
1976	327
1973	327
1973	328
1969	328
1969	329
1967	329
1967	328
1966	328
1966	329
1965	329
1965	330
1964	330
1964	331
1961	331
1961	332
1957	332
1957	333
1956	333
1956	332
1955	332
1955	333
1954	333
1954	334
1949	334
1949	335
1939	335
1939	336
1938	336
1938	337
1919	337
1919	336
1918	336
1918	335
1911	335
1911	336
1910	336
1910	352
1911	352
1911	360
1912	360
1912	363
1911	363
1911	364
1909	364
1909	365
1906	365
1906	366
1903	366
1903	367
1896	367
1896	368
1888	368
1888	369
1878	369
1878	368
1864	368
1864	369
1849	369
1849	370
1835	370
1835	371
1832	371
1832	370
1829	370
1829	369
1822	369
1822	368
1820	368
1820	367
1809	367
1809	368
1810	368
1810	388
1811	388
1811	389
1812	389
1812	392
1811	392
1811	393
1807	393
1807	394
1805	394
1805	395
1801	395
1801	396
1799	396
1799	397
1784	397
1784	396
1772	396
1772	395
1763	395
1763	396
1758	396
1758	397
1725	397
1725	396
1722	396
1722	395
1717	395
1717	394
1715	394
1715	393
1706	393
1706	406
1707	406
1707	419
1708	419
1708	421
1710	421
1710	422
1711	422
1711	423
1710	423
1710	424
1707	424
1707	425
1702	425
1702	426
1699	426
1699	427
1693	427
1693	428
1691	428
1691	427
1690	427
1690	428
1688	428
1688	427
1683	427
1683	426
1678	426
1678	425
1672	425
1672	424
1667	424
1667	423
1656	423
1656	422
1650	422
1650	421
1646	421
1646	420
1645	420
1645	419
1637	419
1637	418
1631	418
1631	417
1630	417
1630	416
1620	416
1620	414
1610	414
1610	413
1608	413
1608	412
1604	412
1604	411
1602	411
1602	410
1600	410
1600	409
1599	409
1599	408
1598	408
1598	409
1597	409
1597	408
1596	408
1596	409
1594	409
1594	408
1593	408
1593	409
1591	409
1591	419
1592	419
1592	431
1593	431
1593	433
1592	433
1592	435
1578	435
1578	434
1572	434
1572	433
1571	433
1571	432
1568	432
1568	431
1567	431
1567	430
1563	430
1563	429
1562	429
1562	428
1558	428
1558	427
1555	427
1555	426
1552	426
1552	425
1548	425
1548	424
1544	424
1544	423
1541	423
1541	422
1536	422
1536	421
1535	421
1535	420
1532	420
1532	419
1526	419
1526	418
1521	418
1521	417
1518	417
1518	416
1507	416
1507	415
1506	415
1506	414
1503	414
1503	413
1499	413
1499	412
1490	412
1490	411
1489	411
1489	410
1488	410
1488	409
1482	409
1482	408
1480	408
1480	407
1477	407
1477	406
1475	406
1475	405
1474	405
1474	406
1471	406
1471	405
1469	405
1469	406
1466	406
1466	426
1467	426
1467	428
1468	428
1468	431
1466	431
1466	432
1465	432
1465	431
1457	431
1457	430
1453	430
1453	429
1450	429
1450	428
1436	428
1436	429
1435	429
1435	428
1434	428
1434	430
1433	430
1433	432
1432	432
1432	434
1431	434
1431	435
1430	435
1430	437
1429	437
1429	438
1428	438
1428	440
1427	440
1427	449
1432	449
1432	450
1442	450
1442	449
1443	449
1443	450
1447	450
1447	451
1450	451
1450	452
1456	452
1456	453
1461	453
1461	455
1469	455
1469	457
1473	457
1473	458
1475	458
1475	459
1478	459
1478	460
1481	460
1481	463
1487	463
1487	464
1492	464
1492	465
1493	465
1493	464
1494	464
1494	465
1495	465
1495	466
1496	466
1496	467
1498	467
1498	468
1499	468
1499	467
1501	467
1501	468
1502	468
1502	469
1509	469
1509	470
1511	470
1511	471
1516	471
1516	472
1517	472
1517	473
1519	473
1519	474
1520	474
1520	473
1525	473
1525	474
1528	474
1528	475
1535	475
1535	476
1544	476
1544	475
1545	475
1545	477
1549	477
1549	478
1551	478
1551	479
1555	479
1555	480
1561	480
1561	481
1563	481
1563	482
1564	482
1564	483
1570	483
1570	485
1573	485
1573	486
1574	486
1574	487
1576	487
1576	489
1577	489
1577	490
1578	490
1578	492
1574	492
1574	493
1571	493
1571	496
1570	496
